-0.128302
0.414094
-0.006971
-0.704437
0.67734
0.953079
0.084961
-0.685379
-0.40618
0.375924
0.809882
0.042799
-0.81029
-0.119453
0.010942
-0.064604
-0.340816
-0.537389
-0.618036
-0.534972
-0.558479
-0.766964
0.57392
0.829937
-0.530042
0.099563
0.396768
-0.02271
-0.574591
0.450914
-0.501444
0.433445
0.171674
0.663155
0.221843
0.627975
0.955941
-0.250384
-0.602619
0.432344
0.4118
-0.333909
-0.326722
0.436064
-0.794229
0.870498
-0.950987
0.142266
-0.583622
-0.24065
0.503861
0.430181
-0.204047
0.32405
-0.45358
0.230997
0.24019
-0.262047
0.812073
-0.175742
-0.52349
-0.384958
-0.957341
0.874718
-0.657481
0.119161
-0.592245
-0.806829
-0.08411
-0.677668
0.351886
0.989292
0.709871
-0.713107
-0.73203
0.382478
-0.277938
0.405779
0.537821
0.890589
0.292941
0.882601
0.080108
-0.199384
-0.898335
-0.524568
0.82784
0.511134
0.17539
-0.075158
0.190457
0.938487
0.293286
-0.967985
-0.866236
-0.209089
0.343482
0.700006
0.575507
0.44622
-0.252353
-0.156016
-0.857744
0.741707
0.107466
0.259362
-0.195663
0.013096
0.105115
-0.760308
0.363749
0.623422
0.048799
-0.265806
-0.127012
0.725466
-0.38238
-0.570829
0.936558
0.959249
0.357613
0.355667
-0.004079
0.969955
0.190248
0.868668
0.131301
-0.163887
-0.401265
-0.057375
0.173147
-0.432476
-0.911227
0.007095
0.712797
-0.3996
-0.682001
-0.746282
0.254859
0.255661
-0.023585
0.252785
0.701792
-0.642063
0.441562
-0.285945
0.887741
0.980805
0.984502
-0.36835
0.818328
-0.899988
-0.210529
0.416188
-0.638611
-0.038647
0.975641
-0.210996
0.850255
0.542206
-0.50415
-0.595498
0.415675
-0.240419
-0.593474
-0.671052
-0.773595
-0.003452
0.232214
0.927726
-0.219506
0.655443
0.249179
0.128906
-0.575412
-0.258144
0.995943
-0.660238
0.743663
-0.978454
-0.549298
0.741491
0.155094
0.871502
0.810748
0.703334
0.465077
-0.290918
-0.644394
-0.666627
-0.363036
0.779423
-0.404597
0.682119
0.707113
0.316931
-0.414247
-0.954217
-0.027644
-0.825378
0.444429
-0.081054
-0.664422
0.932593
0.342205
-0.304229
-0.440358
-0.444518
-0.353383
-0.716976
0.956062
0.674746
-0.868985
-0.193096
0.309285
0.377188
0.994387
0.078551
0.778695
0.151099
0.64891
0.482468
-0.895132
0.373541
0.842974
0.713003
0.001072
0.519133
0.935147
0.339332
-0.424267
0.23653
0.190375
0.483175
-0.586324
-0.947011
0.32042
-0.644221
0.604262
-0.033093
-0.730942
-0.017847
-0.995673
-0.078829
0.920125
-0.949398
-0.697386
0.583712
-0.519651
0.042198
0.713029
0.59409
-0.946647
-0.297004
-0.726367
0.607407
-0.478807
-0.772268
0.861878
-0.193531
0.015484
-0.82594
-0.803996
-0.739218
0.95313
0.758647
0.138469
0.123437
0.049229
-0.322349
-0.570267
0.454252
-0.127292
-0.028146
-0.799145
-0.100723
0.461862
-0.459993
-0.686381
0.933996
0.325745
0.307831
0.649344
-0.957461
0.155279
-0.515983
-0.952357
-0.895406
0.686506
0.639234
0.814327
0.487215
-0.468984
0.544163
-0.715042
0.769942
-0.390219
0.176432
-0.163914
0.721594
0.619231
-0.531558
0.591631
0.296079
0.778191
0.92002
-0.63811
0.287006
0.809014
-0.689242
0.625369
-0.844048
-0.181236
0.437712
-0.454798
0.622462
0.598883
-0.685095
0.062944
-0.337605
-0.022016
-0.013809
0.194469
0.558635
0.356931
-0.576805
0.687414
0.512402
0.30717
-0.069462
-0.32998
-0.370599
-0.647315
-0.355897
-0.059274
0.757484
-0.232711
-0.746866
0.613067
0.634172
0.113834
-0.374271
0.231128
-0.100416
-0.252486
-0.22576
-0.293667
-0.040428
-0.148309
0.455386
0.886011
-0.530712
0.639919
-0.903611
0.464719
-0.972666
-0.52763
0.946393
0.047887
-0.596421
-0.435156
0.415873
-0.001143
-0.558182
0.547475
-0.192109
0.195868
-0.870623
0.96871
0.870866
0.638909
-0.597865
-0.989954
0.840747
0.430045
-0.925743
0.593055
0.591899
-0.663806
0.168645
0.615809
0.734412
0.399562
0.322121
-0.628932
-0.45295
-0.153102
0.037505
0.742277
-0.42405
-0.351313
0.904524
0.489388
-0.397913
-0.248275
0.690641
-0.180985
0.826934
0.617103
-0.932089
0.339291
0.037393
0.939589
-0.068057
-0.045734
0.923831
-0.084331
-0.550043
-0.072609
0.133255
0.649387
0.729246
-0.478926
-0.463727
0.702962
-0.327606
-0.559678
0.294334
-0.205865
-0.101912
-0.905971
0.604823
0.923472
0.107876
-0.403635
-0.609012
-0.680114
0.478917
0.728606
-0.108261
0.577886
0.85694
-0.760076
-0.251599
-0.111101
-0.530764
-0.823769
0.068262
0.349684
0.533484
0.789272
-0.537548
-0.7951
0.37239
0.898626
0.424692
-0.787438
0.793987
0.129751
0.634015
0.949022
0.263752
0.548711
0.496588
0.945848
0.790215
0.062891
-0.135475
0.555944
0.075051
-0.575744
0.46848
-0.044246
0.429934
0.921522
-0.829105
-0.395723
0.32711
0.183399
0.731676
-0.747463
-0.018565
-0.311527
0.812267
0.355513
-0.801067
-0.129003
-0.091478
-0.140527
-0.777224
-0.238535
-0.942283
0.388691
0.46768
-0.761688
-0.394464
-0.750446
0.384505
0.289597
0.169568
0.817405
0.781293
-0.206473
-0.763485
0.865146
0.68559
-0.196258
0.536946
-0.049508
-0.480109
0.468642
0.648158
0.875691
-0.908347
0.802194
0.755672
0.953551
-0.82587
0.393617
-0.21911
-0.243465
-0.646852
-0.225599
0.501106
0.970405
0.717056
-0.276799
-0.081757
-0.033098
0.308637
0.283265
0.358789
0.661028
-0.809366
-0.649424
0.989086
0.890929
-0.55283
0.403884
-0.350962
0.653627
-0.862305
0.801589
0.93955
0.404984
-0.937842
0.269486
0.994484
-0.961951
-0.397915
-0.010852
-0.278333
-0.758013
0.220548
0.922969
-0.540293
-0.75568
0.152342
0.388911
0.565201
0.281887
-0.564394
-0.38239
0.538359
-0.836034
-0.3878
-0.198536
0.102637
-0.934417
-0.989331
-0.087321
-0.437241
0.282866
-0.830812
0.838061
0.645662
0.623253
0.055239
0.523873
0.50343
-0.553354
0.37222
0.619619
0.385603
-0.777008
0.127745
-0.209567
0.081363
0.956095
-0.57206
0.19789
0.579712
-0.510555
-0.159359
-0.740236
-0.258953
-0.25672
0.569304
-0.678236
0.03251
0.364433
-0.298214
-0.165988
-0.540386
0.32776
-0.404807
0.908352
0.906724
-0.72824
0.750816
0.628954
0.552197
0.75726
-0.927371
-0.534715
0.64474
-0.717348
0.160496
0.367095
0.173326
-0.359985
-0.042842
-0.155099
-0.272617
0.339608
0.715091
0.506237
0.972391
0.564065
0.410838
-0.930276
-0.083363
0.360486
0.719792
-0.048288
-0.354141
0.29986
-0.293426
-0.559794
0.265264
-0.148786
-0.108228
-0.180861
0.577781
-0.210078
0.855942
-0.195477
0.530738
0.7133
0.962613
-0.779827
0.803
0.934344
-0.12643
0.724332
0.371538
0.474569
0.121806
0.064655
0.775164
-0.228487
-0.545932
-0.500739
0.598012
0.235182
0.238663
-0.25188
0.433318
0.573293
0.148621
0.81097
-0.220522
0.321925
0.546279
0.751126
0.520482
-0.110693
-0.513366
0.808101
0.030773
-0.605907
0.261867
0.927801
-0.100796
0.332062
-0.963543
0.804484
-0.514876
0.457763
0.747782
-0.204894
0.493091
0.54608
0.785088
0.881162
-0.491354
0.846273
0.258318
0.608991
0.920164
0.809114
-0.298262
-0.733504
0.823847
-0.446273
-0.482135
0.287827
-0.015934
0.927068
0.892403
-0.104818
-0.34178
-0.868403
-0.139306
0.868955
0.966258
-0.385879
-0.141128
-0.956234
-0.612834
0.664182
0.738378
0.551297
0.082011
-0.327452
0.21984
0.34142
0.50302
-0.942024
-0.978947
0.764977
-0.937346
0.398081
-0.278379
-0.245833
0.729553
0.078777
-0.955408
0.322842
-0.042616
0.676575
0.142724
0.76583
0.232698
-0.772242
-0.389544
-0.898532
0.852482
-0.549404
-0.503346
0.025673
0.385571
0.159608
-0.323702
-0.1785
-0.511746
-0.336155
0.392987
-0.441182
0.936523
-0.180511
-0.134869
0.152136
-0.159874
-0.138811
-0.106122
-0.601735
0.933521
-0.415998
0.997112
0.916591
-0.842606
0.876376
-0.828807
0.236213
0.562874
-0.189499
-0.90959
-0.464323
-0.551357
0.460057
-0.051991
0.388771
-0.284747
-0.262784
0.762293
0.455043
0.081184
0.459072
-0.715449
0.675332
0.261049
0.784811
-0.981581
0.723039
-0.511608
-0.916843
0.24177
0.076314
0.244027
0.923736
-0.361445
0.954083
-0.586247
0.796111
-0.944453
-0.642726
-0.931187
0.472917
0.947649
-0.599862
0.366489
-0.27999
-0.544137
0.04485
-0.132095
-0.045991
-0.153796
-0.443643
0.538869
-0.28713
-0.272157
-0.194363
-0.20365
0.482792
-0.655615
-0.510344
0.252404
-0.04233
-0.70133
-0.276116
0.088098
-0.657768
-0.809835
-0.513325
-0.146845
-0.221212
-0.193586
-0.722496
0.69571
-0.017295
-0.721263
0.494479
0.649437
-0.993147
-0.517389
0.36123
0.865343
0.650597
-0.20784
-0.325599
-0.796667
0.425471
0.605011
-0.016961
0.278315
0.102736
-0.17338
-0.873335
-0.930484
-0.897148
-0.376819
0.724564
0.362326
0.020645
0.050163
0.484918
0.723112
0.253021
0.573518
0.10967
-0.766284
0.851366
0.608021
-0.585071
0.849832
-0.747581
0.11623
-0.058485
0.992178
0.109305
0.175891
-0.73827
-0.843487
-0.543491
0.153938
0.549072
-0.764457
-0.100862
-0.767301
-0.226637
-0.398981
0.667427
0.978777
0.166029
-0.810895
0.15595
0.932072
-0.181773
-0.911146
0.278902
0.630125
-0.818286
0.727155
-0.386603
0.252649
0.562557
-0.19625
-0.300772
-0.236342
-0.488046
-0.928593
-0.186587
-0.228109
0.255858
0.514171
-0.922259
-0.451051
0.017567
0.169587
0.137039
0.851599
0.467017
-0.020795
-0.324759
0.97586
0.750358
-0.788789
-0.233533
0.720246
0.689138
0.776836
0.954394
-0.316577
-0.66424
0.159698
0.981021
0.595825
0.08564
0.927553
0.529468
0.186681
-0.031171
0.444066
0.63897
0.083681
0.470854
-0.278144
-0.432407
0.614597
-0.763576
0.363937
-0.312025
-0.367439
0.62152
0.293421
-0.396695
0.177452
-0.671717
-0.585609
-0.536112
0.940983
0.416489
0.698042
0.015169
-0.485077
0.327747
-0.464802
-0.259275
0.502574
-0.101434
-0.288887
-0.370431
0.010527
-0.775866
0.577722
-0.211854
-0.489765
-0.07143
0.20164
-0.462747
0.268319
0.264055
0.840399
-0.268361
0.46379
-0.411555
0.639328
-0.554149
0.475873
0.652718
0.736821
0.766661
-0.323207
0.029869
0.946972
0.040525
-0.96913
-0.987319
-0.253777
0.000735
-0.09994
-0.225632
-0.570218
0.448557
-0.03486
-0.274372
-0.970861
-0.203753
0.018392
-0.815041
0.194763
-0.249815
0.806143
-0.478241
0.675667
0.214598
-0.148853
0.38083
0.949121
-0.945551
0.002343
0.930225
0.521109
0.693734
-0.915985
-0.142035
0.087727
0.291261
-0.404444
0.278868
0.565475
-0.53674
0.368182
0.181559
0.185229
-0.474189
-0.62581
0.186196
-0.926759
0.790172
0.948616
-0.752097
0.38942
-0.192118
0.665265
-0.658491
-0.884472
0.763981
-0.812767
-0.341553
0.382627
0.664276
-0.026943
-0.838508
0.278754
-0.433808
-0.912105
0.51473
0.718743
0.246426
0.823536
0.867837
0.191872
-0.988082
0.831732
0.316811
0.909543
-0.405976
0.693183
-0.143148
0.087855
0.661911
0.974689
0.280386
-0.417081
-0.673824
0.075463
-0.168889
0.502602
-0.161186
-0.791061
0.880125
-0.088383
-0.820618
0.909771
0.252825
0.169309
-0.58643
-0.939847
0.262815
-0.28955
-0.68064
-0.650494
0.754835
0.096685
-0.715999
-0.706911
0.739826
-0.662268
0.756025
-0.621551
0.993133
0.227869
-0.104493
-0.500397
0.226573
0.216185
0.501098
0.603986
0.508875
-0.547128
-0.581561
0.201384
0.791838
-0.967395
-0.778062
-0.893849
-0.220891
-0.388798
0.214751
0.143861
0.459603
-0.99777
0.722546
-0.921147
0.409679
-0.465337
-0.270485
0.032587
0.829395
-0.416888
-0.573179
-0.411131
-0.341947
-0.880518
0.516636
0.086498
0.90311
0.964303
-0.539045
-0.777643
-0.893597
0.393646
0.646153
0.865326
-0.772715
0.642184
0.999984
-0.789159
0.06921
-0.920323
-0.401315
-0.632078
0.777725
0.143951
0.395732
-0.163739
-0.035052
-0.357351
0.183648
-0.036642
0.050501
0.611579
-0.343412
-0.702292
-0.281833
0.258403
0.682065
0.614092
0.343567
-0.232421
-0.249379
-0.493308
0.813956
0.351219
-0.388392
0.23652
0.050841
-0.298719
-0.833792
-0.367607
-0.400524
-0.634037
-0.374654
-0.274453
-0.933586
-0.965384
-0.052015
0.892736
-0.881986
-0.971673
0.275626
-0.305525
0.15357
0.419641
0.075212
0.70559
-0.811632
0.356618
0.656021
0.08498
-0.550982
0.378812
0.78097
-0.677897
0.903732
-0.83605
-0.889712
-0.53251
-0.219105
-0.944057
0.236726
-0.877693
0.936162
-0.336964
0.34174
-0.072483
0.32406
0.190548
-0.154453
0.723986
0.55062
-0.170719
-0.494423
0.857323
-0.552066
0.684739
-0.437251
-0.727818
0.098199
-0.010953
0.86257
0.306717
-0.133984
0.967809
-0.32688
-0.133944
0.962824
-0.786715
0.764975
-0.570665
-0.739502
-0.927635
0.123489
-0.764067
0.885948
0.70677
-0.053421
-0.886946
0.537682
-0.416655
-0.798434
0.892174
-0.116357
0.301573
-0.47863
0.474781
-0.796317
-0.315475
-0.211497
-0.797511
0.142601
0.955599
-0.372409
-0.655179
-0.522084
-0.506605
0.155758
0.018601
0.458199
-0.643261
-0.283186
-0.374943
-0.969082
0.200821
-0.998586
-0.824754
-0.194739
0.976411
-0.173059
0.670083
0.891585
-0.409584
0.782392
-0.233591
-0.813878
-0.950242
0.652086
-0.628982
-0.943042
0.132048
0.319432
0.954325
-0.308572
-0.235031
0.438902
0.375519
-0.391426
-0.812251
0.590578
-0.950144
-0.315551
0.802076
-0.869663
0.928389
0.922472
0.511048
0.416037
0.39467
0.996276
-0.785881
-0.810093
-0.356591
0.570995
-0.653354
-0.342268
0.491325
-0.980821
0.220333
-0.113412
-0.300464
0.116926
-0.910167
0.95665
0.801689
-0.132196
-0.02211
-0.458048
-0.943933
-0.217339
0.30202
-0.698784
0.076609
-0.326096
-0.076613
-0.52951
-0.360426
-0.748805
0.065047
-0.703996
0.165051
0.271381
-0.270274
-0.350786
0.75903
0.006005
0.266142
0.943307
0.025717
0.192025
0.98928
0.03478
0.402746
-0.225747
-0.080716
0.83084
-0.767973
-0.896259
-0.545425
-0.286576
0.10398
-0.232709
-0.408379
-0.276859
-0.062311
-0.608963
0.491649
0.37166
0.731522
0.368603
-0.187112
0.789918
0.960301
-0.533023
0.707317
-0.336955
0.412383
-0.855922
0.749265
0.016904
0.479049
0.477207
-0.799575
0.458053
0.71581
0.509216
-0.840231
0.304959
0.184922
0.305165
0.753961
0.746321
-0.127761
-0.087932
0.430437
0.965157
-0.905176
-0.622627
-0.277611
-0.029923
0.911728
0.103009
0.850024
0.712574
0.400734
-0.798241
-0.306213
-0.879139
0.014072
0.549706
-0.484469
-0.382922
-0.167649
-0.931924
0.227182
-0.44996
-0.032085
-0.673819
0.084235
-0.130366
-0.797026
0.96863
0.857679
0.450792
-0.38464
0.773812
-0.326055
-0.970777
0.669475
0.530781
-0.373087
0.834569
-0.839573
0.512186
-0.905002
-0.240274
0.052337
0.748527
-0.451405
0.815832
0.88689
-0.980193
-0.154105
-0.500347
0.878334
-0.968078
-0.409601
0.572001
-0.340098
-0.188704
0.141199
-0.916673
0.380767
0.320292
0.396866
0.57494
0.404936
-0.401333
0.318748
-0.654292
-0.502656
-0.558757
-0.388181
-0.610425
-0.098656
-0.176046
-0.727725
-0.367895
-0.660868
-0.730028
0.387311
-0.255846
0.222985
-0.893028
0.318057
-0.766586
0.56535
-0.476887
0.930339
0.595082
0.195676
-0.422077
0.403876
0.073191
0.933407
0.727072
0.635052
-0.877012
0.318755
-0.977675
-0.110024
-0.281913
0.920542
-0.311908
-0.918422
-0.67333
-0.28479
-0.04163
-0.808228
-0.032595
-0.401528
-0.039399
-0.631961
-0.354611
0.916341
-0.869225
-0.047435
0.783881
0.585731
-0.467265
-0.633849
0.212312
0.403119
-0.917352
-0.721038
-0.254812
0.813895
0.551261
0.364076
0.151884
0.217993
0.707222
0.608387
0.198977
0.598233
-0.737401
0.29875
-0.867174
-0.61057
0.266009
0.133645
0.311464
-0.84188
-0.122205
0.063686
0.126956
-0.302227
-0.136592
-0.647973
0.532983
-0.580958
0.096517
-0.199759
-0.437119
-0.299756
-0.635254
0.982724
-0.816895
-0.447861
-0.796692
-0.769457
0.68933
-0.798636
0.480186
-0.65745
-0.381569
0.758927
-0.114135
-0.983282
-0.103537
0.06769
0.20315
-0.571668
0.915679
0.343585
-0.606111
0.74675
-0.273002
0.469841
0.584045
-0.019327
-0.156031
0.9597
0.913125
-0.995446
-0.326684
0.245239
0.803356
0.415629
-0.334993
0.758672
-0.897051
0.596315
-0.801283
0.698343
0.936693
-0.942361
-0.120477
0.70939
0.712524
0.168029
-0.701702
-0.307821
-0.309133
0.503024
-0.686144
-0.041728
0.676504
-0.718627
0.927067
-0.708262
-0.774175
-0.813409
0.259158
-0.965329
0.988941
-0.952584
-0.964868
0.587553
0.781527
0.635562
-0.418102
0.957777
0.141151
0.420303
-0.204756
0.242754
0.49848
-0.380336
-0.564883
0.934611
0.916039
0.901315
0.985953
-0.568262
-0.79385
0.670813
-0.739569
0.520614
0.228829
-0.908673
-0.00358
-0.319956
-0.698373
-0.82311
0.888408
0.599161
-0.410297
0.993825
-0.468682
0.703228
0.473009
0.700631
-0.658138
-0.252074
0.387505
-0.123645
-0.060307
-0.737941
-0.358933
0.711641
0.555887
-0.992862
-0.351309
-0.853831
0.940706
-0.628904
-0.129381
-0.337048
-0.124392
-0.337966
0.844845
-0.114124
0.624256
-0.216095
0.598274
-0.649134
-0.775842
0.887029
0.102728
0.656574
0.721215
-0.843677
-0.198659
-0.308397
0.966547
-0.759805
0.696158
0.113609
-0.926764
0.769396
-0.709528
-0.476855
0.814867
-0.392922
-0.946329
-0.324908
-0.097523
0.638264
0.767024
0.202979
-0.73898
0.302015
0.84713
-0.959261
-0.068917
-0.776611
-0.995516
-0.703476
0.768954
-0.145936
0.417735
0.47134
0.703056
-0.563807
-0.554669
0.787102
0.260922
-0.614272
-0.018707
-0.535351
0.959937
-0.479016
-0.178993
0.048651
0.293118
-0.044679
0.15667
-0.390164
0.247151
-0.264322
0.285628
-0.376138
-0.896667
0.721033
0.17193
-0.340267
0.996383
0.956143
-0.14445
-0.042237
0.213056
0.482524
-0.310916
-0.050467
-0.90067
0.779072
0.081643
0.572491
-0.819827
0.566997
-0.786355
0.689341
0.358252
0.04717
-0.404485
0.271627
0.571266
0.526955
0.873779
0.0166
0.059622
-0.899152
0.198738
-0.204422
0.227328
0.111839
0.666569
0.648331
0.551808
0.321944
0.236916
-0.423821
0.558103
0.818847
0.733358
0.307654
0.860506
0.545374
-0.731192
0.787454
-0.676926
0.672239
-0.053996
-0.954357
0.430269
-0.739849
0.707119
-0.828596
0.298987
0.057721
-0.892955
0.649182
-0.52921
0.22005
-0.05214
0.102252
-0.442226
-0.409204
0.485493
-0.862737
0.278842
-0.700952
0.202383
0.160815
0.68686
0.855035
-0.892445
0.329654
0.216302
-0.604811
0.826659
0.863649
-0.632345
-0.298941
-0.010879
-0.863128
-0.739022
0.58539
0.054478
0.116359
0.271257
-0.052267
0.625109
-0.962734
0.040525
-0.469064
-0.990092
0.72872
-0.991314
-0.880261
0.283042
0.935194
0.335809
0.556602
-0.428577
0.405821
-0.581808
-0.430414
0.434954
-0.333792
-0.905593
-0.046266
-0.134002
0.696081
0.010799
0.936795
0.218114
0.275887
0.531495
-0.302715
0.688806
-0.42557
-0.684299
-0.761303
0.584084
-0.998407
-0.063951
0.920911
0.861776
-0.101316
0.728733
0.272178
0.506861
-0.377272
0.800164
-0.345953
0.616579
-0.289239
-0.597271
-0.678597
-0.146886
0.912363
0.580106
-0.201102
-0.701812
0.884609
0.857139
0.587731
-0.939719
0.791017
-0.892187
0.13841
-0.78438
0.706719
0.237785
-0.585864
0.591788
0.808897
-0.869665
-0.908943
-0.924503
-0.700248
0.564821
-0.829751
0.401242
0.60056
0.451755
0.345332
0.606605
0.069299
-0.243964
0.144034
0.469286
0.550107
0.548331
0.257206
0.339369
-0.102062
-0.205541
0.267028
0.138218
0.50759
-0.935165
0.99914
-0.088212
-0.405972
0.631407
-0.670796
0.806102
0.897508
0.324427
-0.252317
-0.393467
0.157383
-0.761946
-0.761702
0.002322
-0.102506
0.32939
0.352687
0.213214
0.371732
-0.067351
-0.722845
-0.066049
-0.42313
0.238895
0.277502
-0.177756
-0.151173
-0.323809
0.156657
-0.235446
-0.537156
0.915002
0.359433
0.437226
0.74135
-0.519483
-0.393087
-0.212764
0.36665
-0.606643
0.091228
0.115903
-0.118922
0.342335
-0.331436
0.288997
-0.217811
-0.718372
0.358419
-0.67291
0.206819
-0.077063
0.729066
-0.742009
0.333957
-0.577501
-0.050177
-0.717704
0.229213
-0.32141
0.879963
-0.969557
-0.845704
0.324452
-0.250687
-0.86281
0.526866
0.53224
-0.233353
0.686877
0.546242
0.058458
0.160174
-0.7121
0.979063
-0.231965
-0.033624
0.105967
0.16547
-0.867777
-0.660542
0.429935
-0.664735
-0.532257
-0.486838
0.507811
-0.287295
0.575108
-0.111166
-0.589613
0.53521
-0.093548
0.306893
-0.109401
-0.509568
0.339128
-0.576043
-0.203892
0.562076
-0.854068
0.374141
0.827511
-0.603448
0.531662
-0.036837
0.66527
-0.531002
0.81707
0.697442
-0.068405
-0.513654
0.316804
0.049637
0.89225
0.01336
0.977622
0.132763
0.09394
-0.352026
0.139767
-0.648021
-0.229137
-0.162044
-0.856385
0.545809
0.832854
-0.717866
-0.095047
0.518271
0.554
0.90814
-0.723581
-0.368041
0.781093
0.927873
-0.674902
-0.262527
0.859911
0.698225
0.393917
-0.831039
-0.209354
0.516355
-0.124406
-0.908816
0.432364
0.446015
-0.914483
-0.192868
0.29882
-0.172521
0.398961
-0.453585
-0.393235
0.874385
-0.280405
0.6396
-0.560391
-0.69433
-0.460917
0.912587
0.406443
-0.163983
-0.178447
0.396716
-0.004902
-0.756981
-0.971854
0.318583
0.055347
0.626582
0.951684
0.857409
-0.760205
-0.762008
-0.236213
0.121272
-0.267897
0.339933
0.006525
0.85745
-0.911314
-0.035895
-0.417694
0.008524
-0.581876
-0.516014
-0.205097
0.633479
0.91016
-0.998167
0.011538
0.050199
-0.325223
0.795131
-0.740689
-0.194406
0.012597
0.426994
-0.431831
0.717059
-0.059289
0.8588
-0.004434
0.669408
0.401541
0.183275
-0.347106
0.9807
-0.734925
0.240891
0.251644
0.885268
0.794478
-0.875931
-0.141175
-0.81464
-0.519084
-0.28773
0.163779
0.529265
0.634153
0.792237
0.932282
0.629059
0.607363
0.328052
-0.84071
0.329999
-0.392467
0.520516
-0.067983
0.621617
0.575223
0.405541
0.157429
0.108566
-0.592194
-0.485116
-0.359
0.022271
0.880557
-0.94816
-0.564996
0.903335
-0.653666
-0.317751
-0.947029
0.39806
-0.213454
-0.104795
-0.994459
0.265065
-0.911883
-0.277594
-0.36546
0.177529
-0.150074
0.825108
0.633153
-0.834689
-0.569134
0.209108
0.545708
0.808729
-0.747566
-0.002409
-0.961362
0.05087
0.878401
0.851005
-0.739452
-0.964593
-0.419643
0.537961
0.088807
-0.040697
0.160281
0.159137
-0.813836
-0.120309
0.300781
-0.526338
-0.11779
0.574554
-0.505347
-0.171208
0.672713
0.302478
-0.999663
-0.294906
0.881361
-0.830586
0.693732
-0.070731
-0.217212
0.145357
0.217752
0.587854
-0.951199
-0.833943
0.429484
0.851804
0.52584
-0.552914
-0.040405
0.758479
0.156704
-0.050136
0.861113
-0.495896
-0.908631
-0.692347
-0.199173
0.626935
0.360737
-0.59275
0.4001
0.760214
0.530327
-0.867176
-0.455904
0.918851
0.58862
-0.040718
-0.995342
0.997155
-0.488879
0.911098
-0.854126
0.384149
0.595296
-0.394462
-0.027983
0.568496
0.987689
-0.295982
-0.223398
-0.991197
0.06177
-0.322866
-0.748232
-0.507813
-0.623683
0.540589
0.687017
0.822447
0.108856
0.146815
0.56574
0.914408
0.719139
0.009014
0.651228
-0.425824
-0.76122
-0.878838
0.004791
-0.227535
-0.274781
-0.798258
-0.103515
-0.409804
-0.265251
-0.469804
0.868354
0.533593
0.021355
-0.443945
0.403123
-0.179649
-0.98857
-0.550986
-0.894735
0.340893
0.825155
0.07323
-0.964496
0.42376
0.297342
-0.244769
-0.025349
-0.73536
-0.929873
-0.451096
0.837336
0.529053
0.07829
-0.280467
-0.476879
0.161681
0.305217
0.605834
-0.235506
-0.940224
-0.477461
0.95937
-0.795265
-0.586312
-0.304875
0.656437
-0.777582
-0.541614
-0.528915
-0.309662
-0.245591
-0.912968
0.452679
-0.049789
-0.559126
-0.61616
0.4547
-0.123114
-0.263656
0.135746
-0.151043
0.111138
0.865508
0.712262
-0.699623
-0.283425
-0.009584
0.619419
0.778777
-0.862975
0.000405
-0.695418
0.759746
-0.145309
-0.323598
-0.19754
0.74609
0.563085
-0.824668
0.199507
-0.709507
0.661049
0.171328
0.40445
0.392505
-0.560457
-0.188176
-0.493497
-0.64136
-0.22431
0.574559
-0.985054
-0.434886
0.871533
0.166758
0.931597
-0.167125
0.314561
0.809203
0.509009
-0.04552
0.013386
-0.813416
-0.054966
0.531801
-0.249768
-0.48492
-0.725868
0.707421
-0.900031
0.89361
-0.010438
0.197747
0.098
0.762244
-0.743039
-0.104509
-0.963562
0.510854
0.260339
-0.649738
0.650254
0.423337
-0.041576
0.910026
0.600084
-0.770187
-0.113756
-0.494356
-0.326142
-0.478063
0.47191
0.310682
-0.191322
-0.584974
0.529456
-0.068159
-0.134409
0.178618
-0.949413
0.13476
-0.468172
-0.151546
0.48963
0.92267
-0.687115
0.671323
0.998887
0.240545
-0.376371
0.317998
-0.725115
-0.898052
-0.670763
0.115741
0.048465
-0.818337
0.965095
-0.070286
0.11456
0.276198
0.060944
-0.991278
0.529481
-0.237391
0.513367
0.447093
0.586906
-0.367397
0.973816
0.960497
-0.153937
-0.399463
0.250096
0.987906
0.254314
0.907604
0.855522
-0.426412
0.062718
-0.275173
-0.938017
-0.177464
0.729465
-0.259647
0.249011
-0.220498
0.570119
0.543394
0.371274
0.877858
0.134316
0.268863
0.507352
-0.748762
0.001909
-0.990202
-0.201495
-0.288801
-0.945305
0.876194
-0.20233
0.886766
-0.551266
-0.767655
0.892198
-0.921984
-0.815184
0.327857
-0.603478
0.679591
0.83873
-0.507173
0.158432
-0.637899
-0.130352
0.888701
0.34522
-0.675526
-0.086392
-0.056285
-0.098253
-0.353578
-0.485316
0.589178
-0.851265
0.845773
0.450361
0.787024
-0.9558
-0.408511
-0.599985
0.094684
0.456421
0.48283
0.696615
0.241416
0.237544
0.929038
0.737161
0.963642
0.855423
0.389114
0.583019
-0.326787
0.453547
0.699533
0.048279
-0.897543
0.792073
-0.561566
0.394716
0.432526
0.3639
-0.412194
0.186955
-0.773812
-0.261099
0.164247
0.819426
-0.453712
0.338843
-0.461801
0.62708
0.708047
0.418295
-0.638927
0.034914
-0.232425
0.96914
-0.93291
0.232647
-0.273178
0.519344
-0.732544
0.170256
-0.256969
-0.160532
0.422336
-0.411134
-0.902108
0.49506
-0.960631
0.889668
0.059594
0.617343
-0.050689
-0.460097
-0.672823
0.725863
0.519296
0.984566
-0.415468
0.746745
-0.666492
0.748412
-0.100403
-0.360809
0.374863
0.132272
-0.771817
-0.305484
-0.305195
-0.043542
0.52866
-0.038836
-0.712996
0.757571
-0.698905
-0.509594
-0.570504
-0.635345
0.72772
0.02543
0.900385
-0.783712
-0.869984
-0.338064
0.307846
0.52463
-0.770526
-0.525623
-0.72561
0.762792
0.823348
-0.212462
0.733843
0.215814
-0.532742
0.661612
-0.695635
0.944417
0.046766
0.965218
0.211823
0.97473
0.837847
0.568439
0.494909
0.648126
0.385937
0.002936
0.086944
-0.378587
-0.755086
-0.703054
-0.030257
0.243593
0.415649
-0.948838
0.596787
0.769557
0.436916
0.771176
-0.794105
-0.667825
0.379501
0.834075
-0.819387
0.896147
-0.249784
0.479664
-0.825037
-0.451912
0.23257
-0.19185
0.644796
0.120882
0.274818
-0.584928
-0.835259
-0.191118
0.628049
0.13661
-0.688956
0.69623
-0.416406
-0.679646
-0.846075
-0.460803
-0.299395
-0.409938
0.230905
-0.366804
-0.310865
0.585138
-0.766933
0.618409
0.21971
-0.362133
0.409285
0.534095
-0.253043
0.120969
-0.865612
0.530429
-0.133785
0.144238
-0.285813
-0.40098
-0.035032
0.826608
0.459514
0.610099
-0.294151
-0.433714
0.981287
0.647614
0.110821
0.324242
0.44845
-0.728662
-0.041289
0.706969
0.152347
0.90264
0.839324
0.124349
0.616191
0.222764
0.908328
0.48464
-0.081717
0.916936
-0.190766
-0.233046
-0.90675
-0.682865
0.412595
-0.629151
-0.069443
0.201289
0.353045
0.135838
-0.896259
0.81177
0.693999
0.29556
-0.845716
-0.596845
-0.565068
-0.651086
-0.198277
0.224119
0.866466
-0.25684
0.169627
0.974828
-0.540772
0.185216
-0.865623
0.262516
-0.067589
0.399468
0.553411
0.64529
0.372186
-0.269799
-0.300831
-0.174491
-0.022626
0.607943
0.981961
-0.98959
-0.077848
0.257304
0.776831
-0.370162
-0.257314
-0.747766
-0.476306
-0.790367
0.799076
0.874915
-0.152021
-0.67232
-0.608513
0.499143
0.545458
-0.27298
0.579358
-0.113941
-0.98002
0.450603
-0.750936
-0.576384
-0.779787
-0.914015
-0.643999
0.998212
0.002699
0.210624
0.267582
0.453719
0.996083
0.356104
-0.698954
0.014084
0.910517
-0.487749
0.050604
-0.656099
-0.842626
0.049425
-0.066523
0.114088
-0.508202
0.461963
-0.887242
0.764583
0.843827
-0.587305
-0.588936
-0.744439
0.676775
0.11872
-0.68232
-0.490229
-0.348027
0.983152
0.074706
-0.032
-0.532153
0.884091
0.164813
-0.556551
0.50784
-0.670397
-0.750394
0.268111
0.280477
-0.020092
0.169996
-0.615785
0.18773
-0.254403
0.489845
0.313266
0.519878
0.502487
0.075551
0.353738
0.934962
0.87919
0.868269
0.626555
0.602891
-0.544395
-0.699277
0.8567
0.852693
0.797155
-0.109404
0.086913
-0.864492
0.618139
-0.707652
0.789848
0.947352
0.658083
-0.998315
-0.839335
0.12743
-0.797926
0.560407
0.452482
0.419515
-0.518928
-0.508925
-0.997214
-0.515551
-0.419765
0.334141
0.751391
-0.531681
0.413756
0.697127
0.32878
0.871917
-0.143015
0.45535
-0.651031
-0.795138
0.199349
-0.728939
-0.623463
0.309778
0.441344
-0.693719
0.409382
-0.460788
0.480332
0.114452
0.092373
0.386734
-0.647666
-0.444736
-0.531718
0.700042
-0.342374
0.282506
0.3617
-0.976153
-0.043665
0.762402
0.3189
-0.592903
0.245703
0.431306
0.771425
-0.708393
0.431293
0.307243
0.429674
-0.106985
0.282415
0.563245
-0.727621
-0.661255
0.038635
0.57472
0.737446
0.196407
-0.935455
-0.078482
0.750781
-0.084376
-0.351763
0.087831
0.29839
-0.106512
0.970474
-0.716446
-0.334445
-0.256624
-0.84255
0.098438
0.416664
0.537433
-0.307515
0.680421
-0.431361
0.008407
0.7779
-0.900688
-0.893447
0.928227
-0.936013
0.069185
0.915821
-0.465269
0.153135
-0.203515
-0.472363
-0.999099
0.711507
-0.992535
-0.31757
-0.542756
-0.486177
0.613771
-0.986539
-0.097538
0.168966
0.593706
-0.39658
0.955475
-0.713733
-0.477992
0.899469
0.984193
0.243839
-0.844631
0.509179
-0.767455
0.548793
-0.492663
-0.700414
-0.586784
-0.570048
0.81429
0.997083
0.063552
0.368685
-0.595045
-0.19783
0.014643
-0.777211
0.204733
-0.388247
0.058313
0.506758
-0.112896
-0.214058
0.512091
0.90249
0.064912
0.770282
0.769111
0.482073
-0.22463
-0.866962
-0.151328
-0.747464
0.283063
0.856214
-0.750661
0.866734
0.820158
-0.197665
-0.822829
-0.344015
-0.281863
0.724408
-0.148754
0.992138
0.741972
-0.957149
-0.307119
0.851713
-0.083378
0.034256
-0.806106
-0.178917
-0.060966
0.074054
0.296514
-0.464624
-0.272376
-0.659008
-0.380752
-0.546666
0.632192
0.581317
-0.289324
-0.077886
0.911375
-0.841751
0.49492
-0.960745
0.177672
0.729585
-0.658813
0.144019
-0.040257
0.659979
-0.461582
-0.515489
-0.042538
0.817801
0.443868
0.875593
-0.336661
-0.554932
-0.36053
0.316276
-0.42673
0.631705
-0.194679
0.576996
0.527259
-0.232648
-0.422375
0.837125
0.785273
0.984774
0.965756
-0.780532
-0.735843
0.23998
0.789714
0.486535
0.957812
-0.946813
0.295663
-0.604877
-0.688932
-0.349495
-0.523945
0.83467
0.512348
-0.730968
-0.459472
-0.78131
-0.338808
0.050127
-0.501281
0.939202
0.9555
0.852692
0.993288
-0.97927
0.244514
-0.11188
0.922691
0.591614
0.748471
0.523179
-0.217204
0.485501
0.764249
-0.999906
-0.269191
0.397716
0.652839
-0.319977
-0.115555
-0.011072
0.713106
-0.139677
-0.648182
-0.803709
0.652515
-0.875239
-0.470223
0.350493
0.344402
0.90614
0.409494
-0.999492
0.691368
0.465071
0.292983
0.525254
-0.569544
0.491864
0.266124
-0.62538
-0.813801
0.76601
-0.668894
-0.031902
-0.278789
0.482987
0.525636
0.908235
-0.187204
-0.415991
-0.214036
-0.048878
0.634426
-0.468622
-0.738994
0.570134
0.292461
0.764813
0.465896
-0.703765
0.56346
-0.622476
0.558504
0.032667
-0.818978
0.731369
-0.814264
0.333749
0.935952
-0.926613
0.734002
0.113465
-0.287602
0.098485
-0.233018
0.9013
0.262281
-0.826654
-0.473606
-0.231894
-0.010915
0.179364
-0.015287
0.097229
-0.785134
0.142607
-0.199537
0.131583
0.265251
0.319521
-0.172254
0.526899
-0.465345
-0.375569
0.291495
0.479304
0.579699
0.092183
-0.6241
-0.255612
0.606098
0.305522
-0.181412
-0.237556
0.86758
-0.122797
-0.764518
-0.68973
0.308988
0.617299
0.94695
0.949011
0.167553
-0.563025
-0.20455
0.320946
0.624826
-0.584763
-0.566513
-0.068483
-0.432891
-0.7287
0.413629
0.279078
-0.425592
0.32674
-0.579069
-0.32046
0.192739
0.037857
-0.015105
0.437737
0.006419
0.052409
-0.688901
-0.757748
-0.448075
0.147154
0.768795
0.733805
0.396459
0.082704
-0.85598
0.59488
-0.886382
-0.131989
-0.729694
0.636502
0.082461
-0.020358
0.238075
-0.92276
0.025978
0.441963
-0.872454
-0.975217
-0.748538
-0.919214
0.748895
0.533723
0.296109
0.862742
0.545246
0.781214
-0.081817
0.972438
-0.100001
-0.645677
0.238745
0.576062
-0.213488
0.994146
-0.541658
-0.121754
-0.153019
0.045858
0.259127
0.386923
0.494879
0.206402
0.93699
-0.442596
0.025824
-0.854376
0.587696
-0.443239
-0.870357
0.52828
0.047006
0.290343
0.324206
-0.074161
-0.327787
0.826333
0.147837
0.731202
-0.879427
-0.638241
0.243562
-0.966184
-0.439677
0.146537
-0.1256
0.455291
-0.779524
0.577263
0.585412
0.504416
0.136486
0.696339
-0.447117
-0.940209
-0.390015
-0.669485
-0.314439
0.838322
0.225527
-0.056285
0.645404
-0.765302
0.087367
-0.293706
0.552566
0.022897
-0.565293
-0.514188
-0.779951
0.985033
-0.718067
0.86809
-0.69551
0.57827
-0.30711
0.786829
0.603914
0.213651
0.112729
-0.872283
0.723446
0.338968
-0.365495
0.587945
0.500815
-0.73913
0.214812
-0.734253
0.90504
0.859234
0.015811
0.519235
-0.834044
-0.674369
-0.596325
0.401809
0.299932
0.928548
-0.528018
0.250923
-0.656742
-0.389267
-0.627748
-0.029003
-0.324758
0.490344
-0.620071
0.197547
0.477026
-0.82119
-0.075166
-0.22401
0.083478
-0.471193
-0.820203
-0.688993
0.780676
-0.566333
-0.452225
0.925456
-0.589318
-0.287465
0.793336
-0.591237
0.598722
0.50847
0.115136
-0.843793
-0.724194
0.110195
-0.079165
0.689159
0.68707
0.424316
0.210112
0.616038
0.138569
-0.270231
-0.642794
-0.4127
-0.790102
-0.548947
-0.871115
-0.105662
-0.759515
-0.233687
0.525373
-0.415971
0.438006
-0.655853
-0.388706
0.978453
0.927506
0.355874
-0.417817
-0.35511
0.826116
0.541618
-0.062033
0.456298
-0.867984
0.878543
0.124079
0.97668
-0.704287
0.904072
0.040318
0.694082
0.679147
0.339195
0.368604
0.064627
0.09183
0.77916
-0.905127
-0.357002
-0.067463
-0.056797
0.781042
0.689271
-0.989428
0.106675
0.908868
-0.550599
-0.401711
-0.865007
0.340186
0.956008
-0.349097
-0.488972
-0.046725
-0.027129
-0.081098
-0.681907
-0.599491
-0.209396
-0.971454
-0.79341
0.430865
0.346998
0.364369
-0.565675
0.902327
-0.476632
0.827456
0.150798
0.265309
0.104295
-0.317703
0.833804
-0.236313
-0.017627
-0.800067
0.171188
0.018829
0.943868
-0.981487
-0.82008
0.176605
0.884999
0.853635
0.034994
0.994996
0.651686
-0.535941
-0.469446
0.325594
-0.883741
0.035667
-0.230506
-0.218003
0.454115
-0.591065
-0.29064
-0.57397
-0.209248
-0.17591
0.904852
-0.18398
0.988121
0.052182
0.092321
-0.738488
-0.037227
-0.293634
-0.614486
0.187417
-0.73335
-0.785262
-0.081276
0.924997
-0.777957
0.672947
0.246021
0.963013
-0.254017
-0.380913
0.50351
-0.033342
0.656978
-0.163615
0.007066
-0.541817
0.833222
-0.458275
0.172129
-0.418647
0.053127
-0.055705
0.035484
0.129844
0.995283
0.015646
-0.216088
0.209496
0.571263
-0.797783
-0.646144
0.609199
0.525909
-0.713472
-0.171254
0.134134
-0.632592
0.414996
-0.833201
0.057806
0.48109
0.851755
-0.367039
0.707213
-0.470922
-0.948345
-0.336382
0.299982
0.654577
-0.145175
-0.333927
0.776619
-0.515933
-0.633283
-0.269859
0.055372
-0.059805
-0.174361
0.045855
-0.199687
0.105503
-0.677138
-0.253241
-0.087723
-0.617778
0.822135
-0.31701
0.774621
0.290127
0.368624
0.756015
0.435967
0.503455
0.45894
-0.832906
0.770182
-0.013132
-0.629695
-0.243957
-0.92
-0.38014
-0.438637
0.284378
0.017727
-0.794484
-0.520916
0.116667
0.103204
0.671385
0.86837
-0.383911
0.97933
0.997154
-0.570691
-0.844014
0.52078
0.362319
0.697655
-0.727817
0.560537
0.261254
-0.655946
0.971161
-0.72402
-0.851139
-0.979405
-0.699403
0.674852
0.630089
0.605804
0.944813
0.592847
-0.111271
0.49313
0.291938
0.617776
-0.603479
-0.01105
-0.974313
-0.983709
0.39056
-0.47815
-0.337543
0.504379
0.393582
0.456851
-0.190819
0.984882
0.694615
0.814166
-0.238047
-0.099498
0.473186
0.939132
0.994
0.943453
0.046604
-0.16373
-0.93315
0.445296
0.614205
-0.10048
-0.338853
-0.780139
-0.992595
-0.309741
0.259793
-0.918461
-0.433488
-0.998362
-0.744046
-0.952268
-0.150627
-0.132784
-0.873008
0.734241
0.814957
-0.11799
-0.544514
-0.934897
0.189856
-0.200552
0.761122
-0.189471
-0.994739
0.548319
-0.14923
0.660634
0.678591
-0.441094
-0.243505
0.704808
0.809939
-0.541198
-0.125479
0.278779
-0.549435
-0.789997
-0.537245
-0.394889
-0.621218
0.719958
-0.15232
-0.562945
-0.917443
-0.700954
-0.511341
0.664677
-0.83673
-0.096243
-0.396704
0.270928
0.278802
-0.964528
0.335973
0.34869
0.033156
-0.860796
-0.719176
-0.226489
-0.029088
0.733585
0.17216
0.22598
-0.668439
-0.200148
-0.301713
0.064183
0.708954
0.084572
-0.876993
0.904559
-0.567245
0.890664
-0.782334
0.764216
-0.80343
-0.976583
0.984213
0.599088
0.150338
0.725727
-0.755465
0.919606
-0.030366
-0.898253
0.365271
-0.483814
0.186401
-0.710249
-0.120375
0.95196
-0.5985
0.20769
0.081607
0.159455
0.237442
-0.967395
0.918536
-0.304106
-0.943637
0.053056
-0.273292
0.245231
-0.19957
0.386897
0.390043
-0.273339
-0.711982
0.802047
-0.875997
-0.038876
-0.821871
0.602777
-0.302216
0.89593
0.1441
0.119438
0.598045
-0.070979
0.009382
-0.472638
0.350603
-0.651803
0.212654
-0.372818
0.051466
-0.822118
-0.215686
0.931776
-0.48895
0.949177
-0.78282
-0.260602
-0.524875
0.952045
-0.554901
0.164106
-0.049388
0.451774
-0.007357
0.177465
-0.777858
0.757168
0.124052
-0.887169
-0.338031
-0.249411
0.122882
-0.972367
0.414452
-0.021425
-0.357684
-0.148551
0.610429
0.468578
0.076811
0.093539
0.992499
-0.559361
0.828722
-0.450819
-0.524317
0.580737
-0.600402
0.229854
0.034009
-0.524238
-0.6907
-0.405182
0.517678
-0.053494
-0.09933
0.94904
-0.16837
0.336594
0.60546
0.063297
0.814174
0.951808
0.905302
0.046498
0.429798
0.288254
0.79687
-0.239115
0.877376
0.197651
-0.683226
-0.571158
-0.504747
0.276852
-0.695993
-0.049635
-0.79571
0.029675
0.921318
-0.712188
-0.611158
0.404788
0.994766
0.990882
0.040688
0.883896
-0.114876
-0.671576
0.046239
0.061354
-0.78869
0.988366
-0.000102
0.111842
-0.361485
-0.126586
-0.94534
0.182523
0.683841
0.298376
0.246496
-0.840786
-0.434259
-0.459907
0.532037
0.098652
0.774744
-0.616215
0.864619
0.518286
-0.056455
-0.670718
-0.814964
-0.777131
0.442898
0.354326
-0.099957
-0.577196
-0.755459
0.518069
-0.724045
-0.748332
0.497555
0.268711
0.667086
-0.004001
-0.964015
0.558267
-0.984083
0.561196
-0.266808
-0.702867
-0.627472
0.951488
-0.582919
0.56479
-0.048056
0.401689
0.917964
-0.415245
-0.10079
0.805448
0.032508
0.580445
-0.484714
0.984397
0.56728
0.565104
0.009303
-0.666555
-0.86661
-0.337559
0.654426
-0.122406
0.187798
0.141441
0.559072
0.871289
-0.745616
0.99538
-0.671646
0.514521
-0.617427
0.444723
-0.072348
-0.502111
0.251413
-0.723384
-0.914518
-0.837961
0.408785
-0.600836
-0.423411
-0.232066
0.88596
-0.299458
0.241441
0.830695
-0.111279
0.465278
0.690072
-0.411896
0.946389
0.219114
0.943033
-0.670444
0.764674
-0.24384
0.044059
-0.391277
-0.124612
0.516031
0.819851
-0.140562
0.232286
0.605754
-0.944248
-0.365301
-0.389833
0.278097
-0.015879
-0.766178
-0.940696
-0.748879
0.343175
0.545187
-0.671445
0.574303
-0.791182
0.18407
0.160853
0.785377
0.032388
0.386386
-0.091644
-0.760634
-0.478423
-0.34457
-0.689826
-0.524391
0.952718
-0.730924
-0.128958
0.252611
-0.083453
-0.617537
-0.566933
-0.576761
0.214929
0.724118
0.853778
-0.735306
-0.961105
-0.315906
0.643451
0.525637
0.996802
-0.891738
-0.131437
0.942824
0.947897
-0.900076
-0.069162
-0.82402
-0.552949
-0.825882
-0.315257
-0.335108
-0.723976
-0.006196
-0.810152
0.791792
-0.226963
-0.491235
0.813706
-0.640085
0.644756
0.259817
-0.724467
0.510539
0.74729
-0.397497
-0.969275
-0.129683
0.19884
-0.903422
-0.560417
-0.8479
-0.720559
0.680676
-0.306356
0.086665
-0.49429
0.265363
-0.103044
0.86532
-0.887658
0.780607
0.455337
0.73573
-0.764128
0.904917
-0.364649
-0.369125
0.649569
0.459976
-0.935746
0.857507
-0.149819
-0.623907
0.855599
0.608495
0.408503
-0.106149
0.25773
-0.881202
0.9932
-0.202742
0.573256
-0.513051
0.384049
0.925889
0.831405
-0.068493
0.943407
0.313169
0.008777
0.613478
0.749533
0.278638
-0.435599
-0.44865
0.237257
0.025057
0.350263
0.012879
0.510289
0.622456
-0.40985
0.743766
0.333267
0.497093
-0.874783
-0.69825
-0.31472
-0.351971
0.527119
-0.868424
-0.739436
0.97075
-0.256783
0.288642
-0.679675
-0.114309
0.929977
-0.956421
0.949133
0.736683
-0.645874
-0.328685
-0.412744
0.561827
-0.787638
0.200352
-0.123805
-0.356074
-0.533671
0.351626
0.968437
-0.804845
0.68735
-0.455655
0.318644
-0.138182
-0.136544
0.422741
0.995618
0.502537
0.076314
0.766357
0.46417
0.707944
-0.968626
-0.762089
-0.406994
0.021692
0.502597
0.953127
-0.56308
-0.590007
0.682642
0.061491
-0.008171
0.211719
0.198819
-0.04107
0.760587
0.561613
-0.604502
-0.545399
0.984884
-0.430037
0.035959
-0.098698
-0.290574
-0.983993
0.091362
0.659324
0.796103
-0.710781
-0.426138
-0.812072
-0.044135
0.111978
0.008459
-0.482688
0.708234
-0.880597
0.401046
-0.239363
0.95458
0.667835
0.150068
-0.838272
0.447475
-0.581761
0.231157
0.103978
0.907723
-0.008153
-0.901728
0.762106
-0.215503
-0.253335
-0.425177
-0.500314
0.057056
0.730494
-0.857491
-0.018067
0.366883
-0.544583
-0.30673
0.125774
-0.496809
-0.543329
0.66322
-0.362562
0.821649
0.871725
0.475421
-0.164422
-0.580868
-0.575935
0.971
0.315681
-0.640295
0.791588
-0.884779
0.092632
-0.699234
0.43447
-0.455481
0.941927
0.201131
-0.896783
0.084287
-0.878624
-0.878766
-0.001723
-0.691699
0.933096
0.398314
0.91226
0.281134
0.155987
-0.118331
0.838023
-0.037695
0.978394
-0.574728
-0.130685
-0.434749
0.460732
-0.310707
-0.902671
-0.092575
0.441282
0.096
-0.024534
0.283381
0.966595
-0.185347
0.969313
0.115939
0.524619
0.359983
0.093555
0.287438
0.980753
-0.29554
-0.418196
-0.585158
0.45528
-0.108722
0.075122
0.742734
-0.811045
0.607061
-0.632242
0.816707
-0.480253
0.540874
0.222109
-0.089758
-0.641867
0.306501
-0.084998
-0.098889
-0.794489
0.699259
0.139722
0.394929
-0.818425
-0.708814
-0.683058
0.821612
-0.048998
-0.804342
-0.249494
-0.823805
-0.131625
-0.684908
-0.490984
-0.624696
-0.591794
-0.408409
0.736556
0.558615
0.509174
-0.002439
0.692484
-0.278811
-0.00825
-0.375634
-0.589444
0.673952
-0.470028
0.315003
-0.008825
0.692484
-0.354989
0.571939
-0.222325
0.039691
-0.126383
0.031104
-0.848788
0.9992
0.264572
0.473771
-0.097041
0.092027
-0.208306
0.598513
-0.683136
0.562239
-0.254016
0.921507
-0.054532
-0.467611
0.932727
0.786152
0.03198
0.775164
-0.811483
-0.411428
-0.11565
0.297029
0.2176
-0.472954
0.709948
-0.851384
0.113498
-0.635756
0.311766
0.985468
-0.023954
0.555565
0.151288
0.86695
-0.278718
0.914458
-0.657378
0.804057
0.236202
-0.821754
0.226003
0.676176
-0.723773
-0.109552
0.144311
0.046234
-0.817123
-0.841529
-0.147624
-0.99564
-0.636562
-0.669543
-0.198417
0.263165
0.550089
-0.254373
-0.984763
-0.241418
0.89439
-0.622756
0.120764
0.356417
-0.435442
0.225658
-0.127891
0.678103
-0.535735
0.435563
0.645679
-0.840787
0.40326
-0.331897
-0.702289
0.07427
0.317978
0.62058
-0.675829
0.922314
0.064124
0.840816
-0.42689
0.44137
-0.447071
0.379023
0.351453
-0.514474
-0.131147
-0.928581
-0.479566
0.180045
-0.301887
-0.382864
-0.298714
-0.732079
0.199636
0.747379
-0.196851
0.099901
0.925465
0.595584
-0.681745
-0.613709
0.377026
0.130291
-0.948006
-0.090737
-0.303964
-0.314219
-0.269102
-0.43598
0.881784
0.46664
0.882557
0.511116
-0.400806
-0.305017
-0.567062
-0.417914
-0.176058
0.433676
-0.011535
0.05085
0.109727
0.509709
-0.968838
0.24887
0.16961
0.830819
0.630262
0.405232
-0.598568
-0.207787
-0.429113
-0.980889
-0.826067
0.584166
0.303495
-0.555067
0.234038
-0.342285
0.439633
0.255136
0.388536
0.444417
0.78042
-0.025657
-0.538936
0.334367
0.441749
0.031723
-0.934779
0.293639
-0.029676
-0.481581
-0.451183
-0.164159
-0.426135
-0.133906
0.430727
0.457859
-0.054565
-0.686918
0.766285
-0.81576
0.001459
0.728988
-0.791581
0.16713
0.406473
0.920047
-0.001682
-0.447128
-0.003902
0.181672
0.722251
-0.783878
-0.236516
0.347308
0.85035
-0.073605
0.268328
0.411112
-0.831446
0.371019
0.53746
-0.746254
0.616284
0.293883
-0.684078
-0.35815
0.451482
-0.593741
-0.789848
0.941205
-0.527552
-0.017202
-0.575604
-0.604939
-0.127475
-0.970289
0.986959
0.082452
-0.183961
-0.374291
0.22155
0.098505
0.081068
0.008301
0.578908
0.993265
-0.82737
-0.540111
-0.435088
0.150792
0.724444
-0.416173
0.662596
-0.499733
0.548695
-0.474607
-0.760888
-0.134664
-0.298115
-0.284288
0.604349
0.229974
0.450452
-0.233945
-0.486917
0.69966
-0.923615
-0.777197
-0.178527
0.743107
0.452062
0.09701
-0.826592
0.753838
0.568551
-0.088641
0.749322
0.768973
0.707835
0.498034
-0.253219
0.825378
0.498528
-0.067115
0.874631
-0.10191
0.719471
0.107703
0.389882
-0.798488
-0.198574
0.81345
0.778061
-0.538847
0.30863
0.44592
-0.205938
0.710545
0.704339
0.924532
-0.668962
-0.530406
-0.045098
-0.195538
-0.042048
-0.721188
0.522913
0.630543
-0.600825
-0.725287
-0.202176
0.211191
-0.414178
-0.546235
-0.902021
-0.966058
-0.028375
-0.032888
-0.94013
-0.197922
0.218507
0.76298
-0.443273
0.587627
-0.341263
0.961513
0.088191
0.382275
-0.040805
-0.68275
-0.128155
-0.631873
-0.211336
0.184363
0.405893
0.984406
-0.379318
0.341414
-0.297504
0.342946
0.93993
0.661176
0.569936
-0.669031
0.433709
-0.445508
-0.593271
0.079149
0.873028
-0.225551
0.393936
0.81456
-0.882609
0.09186
-0.043221
-0.149153
0.026062
-0.292266
0.207793
0.618775
0.123154
-0.423264
-0.66787
-0.588458
0.179813
-0.672973
-0.117582
-0.714406
0.047977
-0.558155
0.89591
0.24896
0.270023
0.676054
0.20321
-0.320755
-0.542588
-0.692373
-0.375506
0.207189
-0.953256
0.43188
-0.632191
-0.64064
-0.904461
0.251229
0.974537
-0.9562
-0.839836
-0.891037
0.050763
-0.261058
-0.604895
-0.567278
-0.719792
-0.328087
0.089546
-0.462304
0.139473
0.953046
-0.101005
0.939203
-0.023827
-0.846473
-0.606046
0.315712
0.942428
-0.200553
-0.543748
0.076235
-0.809126
-0.119848
0.618452
0.235268
-0.08442
-0.859499
0.529117
0.295368
-0.41874
-0.650398
-0.277067
-0.762992
0.18639
0.025156
-4.0e-5
0.903868
-0.897849
0.738464
0.368797
0.130364
0.451443
0.963718
-0.487913
-0.314018
0.064541
0.624251
0.562298
-0.919521
0.181917
0.777256
0.418771
-0.697047
0.100776
0.524719
-0.481144
0.304072
-0.696184
-0.675397
-0.301061
0.050628
-0.057468
-0.353966
0.240162
0.945111
-0.558697
0.669894
0.523734
0.043218
-0.519621
-0.086017
-0.376029
-0.214393
0.889837
0.704381
-0.473485
-0.597179
0.538874
-0.986625
0.837396
-0.904224
0.574766
0.882782
-0.810168
-0.813419
0.080602
0.375045
-0.775795
-0.995451
0.788268
-0.071299
0.628042
0.214502
-0.654841
-0.747175
-0.540284
-0.108586
0.211211
0.167969
0.000468
-0.762345
-0.413681
0.175296
-0.255248
-0.757842
0.50433
-0.43541
-0.977521
0.47562
0.207704
-0.331919
-0.620187
-0.631186
-0.441776
0.592709
-0.033652
-0.313951
-0.464321
0.886332
0.101592
0.116971
-0.316609
0.983536
0.476061
0.710246
-0.684355
0.298863
-0.6719
-0.629679
-0.622219
-0.98843
-0.810797
0.402987
-0.606886
0.604403
-0.324053
0.322763
-0.74037
0.769622
0.164085
-0.940253
0.177755
0.332229
-0.51458
0.622591
-0.208628
0.327188
0.370345
-0.271769
0.719269
-0.681591
-0.035524
0.544216
0.773195
-0.053647
0.734999
-0.812431
0.821302
0.328311
0.009709
0.452057
-0.941681
-0.562672
-0.75076
0.846198
-0.289555
-0.87975
-0.167488
0.769847
-0.976425
0.268312
-0.931396
-0.450842
-0.176602
0.180379
-0.371675
-0.695392
0.165209
-0.437986
0.988232
0.347233
-0.500342
0.502365
0.422957
-0.940674
0.365195
0.520737
0.75744
0.716637
-0.955298
-0.797873
0.548102
0.37937
-0.690265
0.832592
-0.309488
-0.356039
-0.656284
-0.441849
0.526092
0.824772
-0.711203
-0.467996
-0.555357
-0.844694
0.455611
-0.19135
-0.934755
-0.647266
-0.49985
-0.351195
0.239345
-0.415717
-0.206071
-0.754716
0.97815
0.711012
0.644772
0.131965
-0.735835
0.47636
0.817522
-0.273934
-0.158471
-0.379799
-0.402035
0.44638
-0.256495
0.10422
0.532352
-0.914147
0.965765
0.482777
-0.519543
-0.367525
0.926682
-0.661811
0.477299
0.96055
0.124988
0.732561
-0.912513
0.498686
0.410645
0.637902
-0.022268
0.968819
-0.926714
-0.812627
-0.765919
-0.611471
-0.756399
-0.921662
-0.491516
0.93518
-0.945289
-0.561652
0.614008
-0.37344
-0.968019
-0.730724
-0.397966
-0.279694
0.547838
0.9738
-0.19655
0.1126
-0.528363
0.091834
0.519486
-0.925462
0.351618
0.852488
-0.057883
0.865603
0.508257
-0.956005
0.994155
0.180953
0.72681
-0.659966
-0.02538
0.608247
0.91971
0.314643
0.188645
-0.060264
0.526892
0.204996
0.366392
-0.206338
-0.935034
0.403532
-0.984731
-0.326709
0.020734
-0.025586
-0.971588
0.441531
0.918765
0.214499
0.481409
0.042845
-0.416149
0.758575
0.441206
-0.814231
0.704517
0.946943
-0.973337
-0.246549
-0.489363
-0.432822
0.242225
0.342369
-0.193603
0.152397
0.364019
0.281763
0.732942
-0.753093
0.490351
0.196214
-0.208831
0.480986
-0.725747
0.702583
0.309886
0.046946
-0.63885
-0.175811
-0.30273
-0.885023
-0.45395
-0.526591
-0.016435
-0.10694
-0.101919
-0.002057
-0.191513
0.331022
0.547114
-0.893066
-0.654017
-0.683663
-0.464748
-0.453861
0.591294
0.785964
-0.619508
-0.122914
-0.279468
0.963668
0.690617
0.165178
0.273963
-0.019601
-0.606856
0.528051
-0.334985
-0.827034
0.326722
-0.561855
0.141132
0.472997
0.532348
0.795495
0.756459
0.918639
0.773572
-0.192132
-0.483551
-0.822034
0.418099
-0.378394
0.714671
0.841986
-0.229434
-0.560659
-0.874737
0.443321
0.284989
-0.976055
-0.482294
0.389605
0.020854
-0.276649
-0.300678
0.11288
-0.904497
-0.42949
0.391898
0.804817
-0.280831
0.864246
-0.980998
-0.837848
0.285289
-0.682894
-0.758569
-0.493494
0.468159
-0.189526
0.855007
0.020112
-0.032077
-0.654793
0.721905
-0.686016
-0.070334
0.271173
0.139267
0.69979
0.510341
0.220229
0.030942
-0.557267
-0.510506
-0.589523
-0.641834
0.512691
0.721576
-0.707958
-0.507636
-0.791352
-0.675156
0.552013
0.15747
-0.956379
0.647471
-0.974562
-0.40025
-0.964881
-0.408628
0.023721
-0.091084
0.452374
-0.113348
-0.243366
0.701668
0.98319
-0.411505
-0.921871
-0.687573
-0.611871
0.402218
-0.801008
-0.774383
0.243235
0.835347
0.408747
-0.672062
0.173652
-0.811405
0.231954
0.467626
-0.186576
-0.065778
-0.360512
-0.029909
0.215955
0.147704
0.557814
-0.389561
0.794678
0.589542
-0.404911
0.157108
-0.728114
0.491911
-0.603336
0.323018
0.405228
0.257688
-0.155903
-0.981555
0.768595
0.969556
0.618422
0.56358
0.871507
-0.716127
-0.49896
0.039833
-0.605826
-0.994771
-0.037119
0.519231
-0.2088
-0.849643
-0.249416
-0.842739
0.158246
-0.982696
-0.394898
-0.568092
-0.942273
0.754341
0.659085
0.907646
-0.330347
0.224452
-0.151544
0.817923
0.499798
0.007908
0.989658
-0.724126
-0.000229
-0.111177
-0.861898
0.260653
0.761592
0.669657
0.664376
-0.720104
0.481914
0.550335
-0.116426
0.585594
-0.509
-0.907844
-0.960707
0.960872
0.475283
0.126955
0.588695
0.561594
0.372434
0.614327
-0.641836
0.779712
-0.383924
-0.984212
-0.536748
0.532604
-0.149084
-0.457519
-0.344099
0.920187
-0.889615
-0.163473
0.791399
-0.736385
-0.073729
0.493905
0.890606
-0.234945
-0.765551
-0.781627
-0.539462
0.003985
0.366767
-0.782122
0.571847
0.006782
-0.146202
0.240029
-0.127622
-0.940436
-0.87891
0.610019
0.162418
0.355212
0.019996
0.070488
-0.316148
-0.996256
0.328881
-0.359273
-0.812759
-0.840267
-0.042014
-0.693757
0.230531
0.379481
-0.245581
-0.156169
0.277918
0.953815
0.665275
0.322291
0.229815
0.268436
-0.230048
0.889321
-0.672868
0.02217
0.4089
0.84426
-0.952144
-0.556923
-0.578455
-0.82166
-0.306499
-0.173783
0.894576
0.567855
0.642438
-0.811626
-0.865352
0.137061
0.178832
-0.221859
0.367067
0.536655
-0.286191
-0.342987
-0.666684
0.826358
0.692588
0.843865
0.104135
0.277138
-0.056759
-0.337685
0.679789
0.612579
0.293444
0.092154
-0.208086
0.715972
0.06916
-0.275276
-0.204793
-0.379558
-0.431839
-0.951559
0.203951
0.794666
-0.980505
0.455452
-0.277089
0.519428
0.374333
0.659969
0.372649
0.727186
-0.001338
-0.203281
0.78007
-0.994946
0.433031
-0.383434
0.142543
-0.5734
0.846497
0.704453
-0.294903
-0.512226
0.131655
-0.831953
0.075747
-0.42163
0.520012
0.102951
-0.543604
-0.118063
0.937025
-0.646959
-0.749304
-0.327899
0.875163
0.515379
-0.740709
-0.777803
0.692216
0.080532
0.850056
-0.612209
-0.535363
0.82619
-0.496664
-0.864785
0.68012
-0.591767
-0.398807
0.94371
0.196992
0.319823
-0.112368
-0.712037
0.299052
-0.703527
-0.280435
-0.347176
0.836377
-0.193424
0.392214
-0.141199
0.821294
0.961238
-0.039261
-0.805775
0.25473
0.161108
-0.353124
-0.28585
0.325716
-0.446125
-0.787342
-0.853379
-0.347968
0.696781
-0.002131
-0.525093
0.706868
0.267219
-0.951808
0.586761
-0.356479
0.57546
0.95883
0.864904
0.238913
-0.610163
0.206201
0.810536
-0.360889
-0.328357
-0.601362
-0.119348
0.255823
-0.372557
0.529398
-0.87449
-0.071803
-0.831009
0.501573
-0.004678
-0.746012
0.739737
-0.852313
-0.076393
-0.602019
-0.964654
0.607088
-0.77893
-0.201891
0.318042
-0.065795
-0.810708
-0.759576
0.168799
0.648224
-0.624879
-0.187117
0.814793
0.859291
-0.279188
-0.853478
0.230977
-0.848653
-0.787605
0.562274
0.874853
-0.4401
-0.337476
0.559256
-0.25655
0.704796
0.611032
-0.673175
0.153816
0.828656
-0.037086
0.610711
0.313957
-0.029528
0.636994
0.425089
0.080713
0.928083
-0.067314
-0.029189
0.701883
0.958945
0.399321
-0.66286
0.879032
-0.507881
-0.151974
-0.542125
-0.603699
0.932006
-0.268099
-0.478698
0.411134
0.635712
-0.152708
0.407515
0.816709
0.793792
0.379086
-0.920863
0.653099
0.82349
-0.842819
0.860895
0.397556
0.103886
-0.272853
-0.355946
0.01386
-0.675656
0.52709
-0.778994
0.938295
0.946994
-0.839242
-0.357146
0.005606
0.143669
0.939189
-0.158411
-0.256513
0.220201
-0.291722
-0.013086
0.419186
-0.645528
0.34125
0.928284
-0.842251
-0.077294
0.171843
0.896368
0.754249
0.585106
-0.50344
-0.401108
-0.123569
0.042624
-0.347569
-0.39715
-0.289693
-0.627725
0.774607
-0.874993
-0.295586
0.990498
-0.078119
0.10831
-0.025012
0.583333
0.379333
0.353815
0.410842
0.641181
0.240911
-0.938206
-0.076303
-0.120222
0.703574
-0.724755
-0.099995
0.236161
-0.754601
-0.4035
0.598294
0.222642
0.557116
0.448387
-0.772733
-0.385242
-0.417061
0.452751
0.403605
-0.380825
0.364447
-0.94789
-0.613835
0.077564
-0.48893
0.223026
0.028629
0.77544
-0.584369
-0.840042
-0.175204
0.323867
0.872148
-0.3631
0.330563
0.933757
0.977461
0.222514
0.515593
0.943121
-0.276133
0.539296
-0.700067
0.216699
0.13977
-0.636995
-0.637124
0.096701
-0.254246
0.019725
0.990226
-0.457514
-0.516217
-0.780734
-0.873496
0.28355
0.080985
-0.589567
-0.395669
-0.19204
-0.558002
0.551891
-0.783872
0.353002
-0.599404
0.500603
0.64427
0.494089
0.209561
0.576024
-0.109998
0.744033
-0.731447
-0.034096
0.917752
0.180632
-0.43097
-0.319188
0.394337
-0.792101
0.109981
0.379935
-0.319958
-0.480995
0.336937
-0.870757
-0.351028
0.784402
0.794477
0.271395
0.856562
-0.802074
-0.665495
0.34309
0.743176
0.657006
-0.252752
0.669139
-0.67999
-0.771396
-0.479066
-0.102819
0.95327
0.396607
0.082582
0.396534
0.579554
-0.729051
-0.389008
-0.069217
-0.561811
-0.744283
-0.090343
0.339351
-0.639471
-0.745264
0.783104
0.402382
0.826406
-0.416665
0.230236
0.668202
0.331364
0.083492
-0.004887
-0.703562
-0.034407
-0.69712
0.62348
0.21308
-0.552067
0.118943
-0.763587
0.003095
-0.872888
0.688855
0.725634
0.86192
0.276595
-0.207476
-0.719442
-0.65696
0.316899
0.157416
0.635254
-0.554323
-0.142745
-0.516891
-0.728446
0.824552
-0.540961
0.575746
0.573272
-0.176474
-0.106151
-0.011333
-0.96724
-0.631358
-0.311678
-0.436858
-0.94194
-0.064557
0.116042
-0.204457
-0.305306
-0.885515
-0.920801
-0.375745
0.264085
-0.457275
-0.857919
0.299543
-0.588706
-0.951979
-0.79753
0.9209
0.019411
0.374525
0.145585
0.675697
0.581681
0.093959
-0.111298
0.2886
0.145793
-0.69811
-0.84127
0.910435
-0.3543
0.419922
-0.781962
0.423139
-0.85736
0.29211
0.471754
-0.695772
0.124004
-0.986181
0.728861
0.634656
0.01634
-0.661739
0.833068
0.430959
-0.487342
-0.138283
-0.101253
0.009702
0.469141
0.861501
0.834517
0.869806
-0.540808
-0.889086
0.733117
-0.633293
-0.628812
0.20749
-0.114158
0.369204
0.204477
0.325742
-0.180225
0.125572
-0.313406
-0.192609
-0.729044
-0.558812
-0.504339
-0.185769
0.088407
-0.591179
0.097299
0.776431
0.772225
-0.303417
-0.687335
0.571969
0.016709
-0.516271
0.628153
0.321656
-0.613261
0.788515
-0.243288
-0.111892
-0.729889
-0.123653
-0.794324
-0.473907
0.904169
-0.031683
0.424774
-0.721644
0.320343
-0.170903
0.984211
0.026291
-0.807039
-0.668857
-0.163782
0.425264
0.178537
0.805351
-0.179885
0.93668
0.026718
0.863581
0.385274
0.585396
-0.763391
-0.505413
0.705807
-0.405389
0.995186
0.706336
-0.274671
0.191774
-0.638807
-0.573106
-0.413156
-0.300297
0.898092
0.974227
-0.736453
0.743592
0.924448
-0.416384
0.760122
-0.612076
-0.162912
0.214385
0.857311
-0.014212
-0.655877
0.404127
0.492643
0.329172
0.413135
-0.258828
-0.087616
-0.433436
0.540087
0.132147
-0.637949
-0.611185
-0.590035
-0.498718
0.091791
-0.548186
0.778976
-0.927866
0.623729
0.058612
0.302674
-0.688924
0.99642
0.800802
0.906732
0.666656
0.185966
-0.509163
-0.837134
0.245373
0.419634
-0.811202
0.570662
0.350137
-0.554557
-0.59363
0.412361
-0.586248
-0.14587
0.872307
0.870342
-0.311871
-0.263937
-0.9844
-0.707354
-0.083613
0.987876
-0.561337
0.593306
-0.697581
0.429158
0.395447
-0.166045
0.220171
0.956367
-0.794441
0.156241
-0.105553
0.627342
-0.118218
-0.337465
-0.85026
-0.395504
-0.363054
-0.376561
0.003274
-0.218279
0.970424
0.03092
0.287428
0.565383
0.625365
-0.886566
-0.618349
0.564958
-0.89863
0.86686
0.625013
-0.815816
-0.35264
0.0818
0.273642
-0.021979
0.421384
0.461025
0.679545
0.29683
-0.270083
-0.33601
-0.401504
0.061915
0.0504
-0.099922
0.549705
-0.735872
-0.350049
-0.686835
-0.007352
-0.228675
-0.380892
0.219176
-0.843453
-0.746348
-0.302533
0.002394
0.63851
-0.051701
0.804734
-0.523637
-0.027026
0.83605
0.035671
0.580737
0.740245
0.159905
-0.711637
0.2293
0.310938
0.419535
-0.959714
-0.024083
-0.651265
-0.727047
-0.400762
-0.683481
-0.169128
0.575663
-0.204123
-0.898429
0.525324
-0.843613
-0.089067
0.179509
-0.358034
0.425741
-0.926525
0.746311
0.166242
0.793426
0.673005
0.186791
0.381456
-0.985024
-0.301048
-0.540275
0.001603
-0.653057
-0.014081
0.474236
-0.877947
0.266992
0.939731
0.035519
-0.212559
-0.033188
-0.966251
-0.546021
0.772803
-0.543717
0.713415
0.231472
-0.658586
-0.020891
-0.81599
-0.946257
0.017034
-0.785332
-0.333883
0.158908
-0.417515
-0.495856
0.269079
0.374996
0.408496
-0.960919
0.918283
0.382085
-0.003394
-0.4905
-0.668978
-0.762998
-0.669539
-0.882342
0.304844
-0.380743
0.808004
0.882101
-0.72607
-0.332078
0.984472
-0.504977
-0.383989
0.728766
-0.560537
-0.360369
-0.041926
-0.952838
0.427542
-0.176455
-0.368804
-0.213486
0.907795
0.776713
-0.556458
0.05666
-0.444352
-0.77535
0.475747
0.155853
-0.228492
0.556362
0.192924
-0.745081
-0.105312
0.708244
-0.411846
0.142767
-0.509329
-0.371988
-0.952664
0.01521
-0.079455
0.856352
-0.486258
-0.40926
-0.779273
0.89503
-0.954498
0.863005
0.30649
0.26275
-0.512817
0.542347
-0.318605
-0.438193
-0.936935
0.895732
0.77842
0.587767
-0.228807
-0.032475
0.638352
-0.147043
-0.55067
-0.814241
0.203267
-0.562394
0.750743
0.153862
0.477222
0.165006
0.860057
0.54101
-0.336976
-0.345368
-0.653302
-0.280771
0.61252
-0.92923
0.48802
-0.13727
-0.315148
0.399181
-0.135881
0.276608
-0.765533
0.893432
-0.737768
-0.888929
0.288686
0.8988
-0.836098
0.907083
0.714144
0.982581
-0.415331
-0.721521
0.964431
0.854618
0.805244
-0.334838
-0.437803
0.604165
0.95751
0.568774
0.087857
-0.168222
-0.368106
-0.12992
0.100383
-0.080155
0.983274
-0.493487
-0.240362
0.64659
-0.335118
-0.556051
-0.644684
0.415527
0.850674
-0.31271
0.81322
0.240024
-0.865988
0.452735
0.58761
0.726421
0.21638
0.828823
-0.10244
-0.245864
0.686519
-0.363351
-0.457746
0.525898
0.950353
-0.991296
0.461171
0.066786
0.935194
0.890683
0.483006
-0.988962
-0.082725
-0.105619
-0.64958
-0.753306
-0.399396
0.832724
-0.053718
0.103717
-0.252048
-0.495828
-0.301544
-0.811301
-0.779962
0.317277
-0.693719
-0.465291
-0.589917
0.425131
0.591771
0.673479
0.367946
-0.51817
-0.35923
-0.033151
-0.537195
0.593797
-0.458212
-0.112157
-0.070803
0.960577
0.804494
0.557292
-0.981242
0.759984
-0.39257
-0.411941
0.456539
-0.311679
-0.923773
-0.394398
-0.569435
0.245538
0.187671
-0.419971
-0.89957
-0.570447
0.792288
0.689861
-0.331349
-0.599836
-0.009566
0.523392
-0.853464
-0.802126
0.969585
0.235932
-0.830653
-0.32308
-0.575453
0.172578
-0.767673
0.614578
-0.644279
0.50805
0.720877
0.227647
0.561064
0.211359
0.527573
0.566263
0.574055
-0.64534
0.092628
0.113265
0.952057
-0.526495
0.902324
-0.261678
0.255624
-0.838548
-0.645456
0.97862
0.227474
-0.226431
0.620381
-0.722393
-0.849241
0.857854
0.802796
-0.85718
0.378272
0.070189
-0.847464
0.7581
-0.140507
0.159994
-0.132843
-0.992303
-0.421452
0.421857
-0.692117
0.004095
-0.578468
-0.009005
-0.503137
-0.119436
-0.827327
-0.930876
-0.141215
-0.990226
-0.56983
0.128236
0.562039
-0.667574
0.46922
-0.148008
-0.468486
0.126176
0.882947
-0.641125
-0.503551
0.83463
0.240752
0.219644
-0.976809
0.526811
-0.04952
0.23683
-0.279175
0.049151
-0.287119
-0.50212
0.754325
0.508136
0.070857
-0.824557
0.0585
0.87348
0.505152
0.66361
0.367015
0.884601
0.504072
-0.332267
0.105345
-0.681228
0.924177
0.905506
-0.238536
-0.501231
0.806946
-0.192207
0.391725
-0.670624
0.491911
0.136979
0.555391
0.977748
-0.12401
-0.143345
-0.893128
-0.38207
-0.528663
0.878593
-0.474784
-0.520431
0.081728
0.264411
-0.048095
0.154081
0.593238
0.996077
-0.561552
-0.631311
-0.181758
-0.650797
-0.606207
0.324202
-0.413993
0.166589
-0.720798
0.613694
0.371966
-0.56413
0.833172
0.391541
-0.905527
-0.860044
0.084119
0.660527
-0.464657
-0.552605
0.968686
-0.350105
-0.246362
0.459106
-0.77074
-0.712229
0.343518
-0.217241
0.334062
0.068835
0.162842
0.286123
0.12465
0.815484
-0.642593
-0.103607
0.090558
0.429779
-0.918326
0.350476
-0.701947
-0.272344
-0.66125
0.491743
0.334956
0.205137
-0.957613
-0.96853
0.096604
0.657548
0.230675
-0.87397
-0.698796
0.263981
0.488598
0.748374
-0.346077
-0.546749
0.372468
-0.213057
0.213852
0.180874
-0.925546
0.22686
0.245065
-0.847513
0.203411
0.346892
-0.111245
-0.096257
-0.239008
-0.974145
-0.286909
-0.669729
0.782867
0.434013
-0.705303
0.45535
0.950805
-0.892458
0.113316
0.61282
-0.279593
0.650018
-0.149902
-0.719035
-0.247769
0.011608
-0.711139
0.610112
-0.678294
-0.943807
0.976035
0.173694
-0.867353
-0.12566
-0.237152
-0.257744
-0.895063
-0.594071
-0.181152
0.556021
0.842166
0.88958
-0.098743
-0.627895
0.123165
0.185509
-0.253122
0.732623
-0.225334
0.144545
-0.313053
-0.130167
-0.428141
0.06203
0.718939
0.784952
-0.2434
-0.950474
0.201168
-0.449525
-0.480632
-0.371441
-0.202172
-0.694383
-0.328588
0.442485
0.605137
0.039498
-0.323713
0.870418
-0.666289
-0.17033
-0.435064
0.666188
0.613773
-0.482526
-0.015213
-0.766575
0.431945
0.836772
-0.115053
-0.668705
-0.241075
0.602942
0.072554
-0.515339
-0.167412
0.995275
-0.265784
0.013574
-0.440729
0.860189
-0.659036
0.846876
-0.810492
-0.827427
0.261034
0.234763
-0.550003
0.901161
0.829615
-0.119583
0.196044
0.181058
0.606051
-0.240785
0.353701
0.372708
-0.90063
-0.414655
-0.169181
-0.376586
-0.939747
0.267496
0.389712
0.148937
0.096147
0.300177
-0.548916
-0.675829
-0.061853
-0.116101
0.478281
0.835811
-0.396358
-0.680447
0.939994
-0.767206
-0.982621
-0.475251
-0.310131
0.035985
0.382801
0.909693
-0.46595
0.546448
0.276574
-0.63101
-0.292328
0.805895
0.495786
-0.841396
-0.877794
0.154918
0.456292
0.432025
0.926105
-0.050364
0.436291
0.629219
-0.414411
-0.224576
-0.158358
0.905504
0.534679
0.101144
0.235094
-0.922378
-0.076496
0.941094
0.073728
0.070379
0.302593
0.998636
0.254415
-0.215765
-0.220457
0.085375
0.089954
-0.612353
0.749746
0.032133
0.88306
-0.17496
-0.972474
0.063124
-0.661152
0.205892
0.254255
0.15166
0.38412
-0.850091
-0.962093
-0.471527
0.270881
-0.691231
-0.224865
-0.001776
0.278304
-0.304892
0.482172
-0.221862
0.445297
0.852974
0.385313
0.432613
0.601814
0.133933
-0.231033
0.725333
-0.144044
-0.412302
-0.090959
0.686007
-0.749356
0.236512
-0.760424
0.099927
-0.829487
-0.795761
0.436261
0.158975
0.010319
0.765815
-0.075363
0.207867
0.841645
0.564237
0.01085
-0.538326
0.790839
0.933398
0.480518
-0.732756
0.449642
-0.618201
0.746169
-0.525148
0.218377
-0.403058
0.977278
0.10118
0.54665
-0.811534
-0.046557
-0.744138
0.781264
-0.233106
0.203537
0.627775
0.049388
-0.713149
-0.471264
-0.573311
0.632133
-0.218039
0.438386
-0.508851
-0.307924
0.222483
-0.993172
0.901886
0.466383
-0.546346
-0.740026
0.820913
-0.638321
0.099058
-0.594932
0.157938
-0.690168
-0.902472
0.045729
-0.114387
-0.125627
0.240162
0.239892
0.334371
0.594278
-0.217776
0.102277
0.719246
-0.177244
-0.344466
-0.305672
0.828203
0.527904
0.952645
-0.863458
-0.145796
0.616741
-0.266012
0.657956
0.043172
0.383738
0.17211
0.851811
-0.993308
0.056907
-0.480858
0.874288
-0.600178
-0.0989
-0.805499
0.791586
0.459545
0.334214
0.033935
0.858657
0.092326
-0.685966
0.2624
0.704107
0.70658
-0.842491
-0.843018
0.144286
0.354119
-0.145818
-0.445755
-0.613538
-0.364014
0.795785
0.700314
-0.840675
-0.772411
0.844787
-0.73557
0.39413
0.70808
0.278404
-0.966108
0.280982
0.762318
0.655772
0.046561
-0.652161
0.344703
0.730933
0.992157
-0.570882
0.615989
0.819086
0.091124
0.048695
0.482167
0.821138
-0.687442
0.433701
0.197985
0.787998
0.135965
-0.136908
-0.808681
-0.158099
0.689327
0.234115
-0.50744
0.941587
-0.560379
-0.313795
-0.344997
0.571441
0.128114
-0.800759
0.933007
-0.055013
-0.671891
0.694606
-0.272686
0.516679
0.222734
-0.710593
0.91275
-0.448563
-0.123452
0.380883
-0.635059
-0.43694
0.591685
-0.090805
-0.30417
-0.790327
0.811197
-0.591655
-0.576498
0.913123
0.409255
-0.552398
0.277729
0.536493
0.572436
-0.000966
-0.930423
0.216145
-0.291469
0.439591
0.764764
0.092048
0.19572
-0.236693
0.875447
-0.924194
0.812222
0.160586
-0.064014
-0.631283
-0.630971
-0.911877
-0.601101
0.821789
0.726956
-0.410901
0.115738
-0.304377
-0.157756
0.694565
-0.706428
-0.400651
0.234659
0.7348
-0.756319
0.204498
0.333863
-0.404557
-0.095882
0.092302
0.522626
-0.441883
0.001846
0.24921
0.848907
0.348661
0.645341
0.958633
0.05585
0.657173
0.397565
-0.206301
-0.951233
-0.169696
-0.944124
-0.036283
0.760249
-0.020706
-0.178751
0.449726
0.570604
-0.607519
0.632744
0.520396
0.783403
0.050264
-0.614904
0.086721
-0.702267
0.955868
-0.067145
0.794204
0.221161
0.597183
-0.762743
-0.236512
0.014507
-0.665272
0.508345
0.371286
-0.35628
0.145174
-0.449276
-0.544948
0.587419
-0.059055
0.867525
0.627621
-0.936849
0.764523
-0.916188
0.038169
-0.53742
-0.504261
0.880778
-0.901938
0.873778
0.912727
0.029254
0.828917
-0.251044
0.624949
0.751318
0.101401
-0.682795
-0.036035
0.696396
0.486183
0.831253
0.30358
0.958357
-0.833326
0.567007
0.940448
-0.415106
-0.948837
-0.598462
-0.772718
-0.63931
0.60335
-0.131405
-0.670986
0.024383
0.467047
0.042914
0.038256
-0.764322
-0.722206
-0.969594
0.284837
0.707672
0.695917
-0.865391
0.92874
-0.191808
0.294758
0.303675
-0.213562
-0.498971
0.278134
-0.748947
-0.747249
-0.034173
0.352042
0.59497
0.495993
0.792938
0.337494
-0.850187
0.825398
0.422513
0.503743
-0.509981
0.764869
0.795316
-0.7033
-0.160927
0.001311
-0.495284
0.092305
0.175125
-0.069107
-0.168553
0.924724
-0.715968
0.62827
-0.293537
-0.318209
-0.179131
0.311787
0.738026
-0.963534
-0.052261
-0.718871
-0.920665
0.776851
-0.292149
-0.209174
0.940243
0.198761
-0.290021
0.460768
-0.655826
-0.220433
0.184352
0.475254
0.222121
0.060434
0.629374
0.409917
-0.593295
0.146567
-0.53304
0.053448
0.048275
0.117249
-0.409659
-0.2075
-0.491544
-0.575797
0.327213
-0.45827
0.093565
-0.825384
0.225656
0.624409
-0.903625
-0.6471
0.873262
-0.860763
-0.87425
-0.128876
-0.847447
0.523632
-0.613717
-0.332316
0.39554
0.82298
-0.082797
0.030149
0.040375
0.56024
-0.435318
-0.597485
0.570041
-0.414712
0.758021
0.784576
-0.068963
0.193664
-0.510913
-0.15965
0.26694
-0.916571
0.67908
-0.999821
-0.293266
0.926166
-0.199082
-0.330393
-0.706137
-0.08068
0.445728
-0.723027
0.685769
0.807666
-0.505989
0.883209
-0.475754
0.735005
0.354334
-0.929915
-0.476897
-0.127486
0.439917
-0.315229
-0.329832
-0.472409
0.664025
0.259939
0.483267
0.021407
0.846237
-0.375285
-0.267852
0.249085
-0.657714
0.047481
-0.086067
0.782429
-0.097527
-0.842347
-0.34409
0.133486
-0.084424
-0.349608
0.188228
-0.142538
-0.668181
-0.309911
0.145123
0.29403
-0.059001
0.744736
0.014446
-0.224336
-0.394458
0.644198
0.90937
-0.611282
-0.253614
0.027596
0.138266
0.711493
0.479501
-0.998698
-0.441042
-0.726205
-0.571709
0.984243
-0.090953
0.936832
-0.734256
-0.657708
0.350532
0.854365
-0.633913
-0.295936
0.713195
0.412192
0.264663
0.238773
0.016113
0.864574
0.260976
-0.994497
-0.865165
-0.436377
-0.537495
0.646009
-0.843785
-0.011646
0.170866
-0.373459
-0.742586
-0.98843
0.604788
0.756445
-0.721555
-0.492977
-0.511495
0.858519
-0.109266
-0.420397
-0.767611
0.379056
0.702647
0.740163
-0.917904
0.12981
-0.355488
-0.522238
0.885202
-0.526134
0.376722
-0.03845
0.769462
-0.517555
-0.242068
-0.992051
-0.137561
0.604049
-0.463287
-0.53546
-0.9583
0.804903
0.13863
0.457548
0.024934
0.648661
-0.60686
-0.560934
0.667082
-0.907454
0.049971
0.841593
-0.485906
-0.107073
-0.935724
0.966227
0.662365
-0.783693
0.723661
0.473032
-0.528118
-0.813803
-0.438002
0.476392
-0.781829
-0.727592
-0.322432
-0.895837
0.377393
0.940335
-0.934209
0.659235
-0.275067
0.413521
-0.619956
0.984838
0.268624
-0.030717
0.035225
0.056748
0.253025
0.975027
-0.972354
0.568322
-0.321869
0.767618
-0.682711
-0.132801
0.827799
0.486874
-0.311845
-0.986642
0.885969
0.588806
-0.923099
0.636841
0.195974
-0.709099
0.12153
-0.452643
-0.85319
0.893675
-0.04554
0.365109
0.056617
0.740561
0.355867
0.905486
-0.831127
-0.092392
0.613528
-0.261719
-0.773226
0.092442
-0.52258
-0.994582
-0.672848
0.363295
-0.885888
-0.184871
0.197441
-0.369579
-0.681946
-0.249215
-0.233418
-0.031186
-0.447735
-0.148817
-0.223421
0.831437
-0.135853
0.734717
0.468219
0.356045
0.109497
0.88611
0.675752
-0.128793
-0.652201
0.282574
0.752457
0.973619
-0.103888
0.116069
0.742379
-0.922865
-0.586889
0.73837
-0.152549
-0.5905
0.700101
-0.01541
-0.47822
0.030227
0.835193
-0.136254
0.152668
0.226783
0.87871
0.54836
-0.957343
0.675481
0.437304
-0.83016
-0.10492
0.410628
-0.456095
-0.259636
0.043615
0.021326
0.671526
-0.763908
-0.30831
-0.469719
0.942667
0.822115
-0.434897
-0.698095
0.49394
0.288492
0.269299
-0.862645
0.718553
0.204906
-0.981765
0.51154
0.989587
-0.223167
0.02002
0.863961
-0.510186
-0.228736
-0.857618
-0.29002
-0.290382
0.616694
-0.207747
-0.414484
-0.242351
0.368211
0.292847
0.190744
-0.629113
-0.647322
-0.129615
0.878322
0.833656
-0.282901
0.710924
0.133748
-0.572185
-0.635316
0.864294
0.739947
-0.230942
0.846562
0.779755
-0.957852
-0.84657
0.440347
-0.669283
0.404123
-0.504662
-0.334453
-0.891201
0.96202
-0.64463
0.017535
0.538262
-0.056484
-0.465832
0.343162
-0.075411
0.223812
0.826276
0.531652
0.632251
-0.870782
0.496575
-0.833486
-0.273954
-0.10537
-0.643807
0.111542
-0.533452
0.421985
0.905716
-0.413599
0.085612
0.70547
-0.16214
-0.879332
0.126407
-0.435628
0.458963
0.150245
-0.964014
-0.911843
-0.694373
-0.97749
-0.326332
0.576959
0.019862
0.929691
0.969084
0.546952
0.591772
-0.48629
-0.247731
0.513226
0.639396
0.076862
0.662807
-0.792148
-0.819992
0.09605
-0.569954
0.639537
0.338345
-0.536898
-0.423672
-0.318378
-0.174631
0.702743
0.046666
-0.518533
-0.94398
-0.058818
0.221465
0.044149
-0.516316
-0.39811
-0.417639
0.678697
-0.144611
0.066219
0.950912
-0.644552
0.503691
0.895924
-0.129805
-0.183479
0.853529
0.329357
-0.756917
-0.375739
0.374792
0.671694
-0.158594
0.858483
-0.750687
-0.140704
-0.509539
-0.57314
-0.943437
0.804921
0.858529
0.876142
-0.559016
-0.832567
-0.712818
-0.526655
-0.837572
-0.195689
-0.230664
0.615267
-0.978841
-0.50364
-0.193863
-0.825589
0.141398
-0.618611
0.573836
-0.773685
0.986526
-0.045205
0.528196
-0.973386
0.62448
0.827116
0.410531
0.201261
0.405188
0.791708
0.335432
0.732595
-0.318784
-0.566174
0.532378
0.780732
-0.430369
0.886601
-0.042317
-0.912221
0.573591
-0.130428
-0.039379
-0.551719
0.855684
-0.603441
0.426617
-0.680474
0.1021
-0.692722
-0.849134
-0.099269
0.764653
0.451846
-0.747419
-0.069415
-0.965672
0.504525
0.323986
-0.151554
-0.572077
0.106371
-0.999771
-0.549397
-0.064099
0.393071
0.581681
0.900471
0.944933
-0.250211
-0.84333
-0.623547
-0.209368
0.524143
-0.946078
0.944085
-0.064081
-0.119102
0.160896
0.61094
0.676617
0.13517
0.27348
0.378219
-0.829254
-0.914975
-0.482251
0.046647
-0.614441
-0.931043
-0.577616
-0.591782
0.752614
0.647596
0.164355
-0.132442
-0.531138
0.76118
-0.032203
0.793985
-0.678291
-0.01886
-0.896913
0.798531
-0.009184
0.210086
0.649338
0.910624
0.582632
-0.000484
-0.355047
-0.938799
0.579718
-0.454489
0.213029
0.974546
-0.437412
0.189935
0.885074
0.493451
-0.073572
-0.456939
-0.045555
-0.013712
-0.621227
-0.792029
-0.28354
-0.263241
0.367284
0.00609
-0.45248
0.250948
0.222144
0.06074
0.56629
-0.06027
0.693757
-0.209081
-0.940142
-0.453029
0.695486
0.592952
-0.572598
-0.855016
0.426207
0.325446
0.101699
-0.092172
0.086283
-0.850526
-0.202
-0.250511
-0.147268
0.728861
-0.543741
0.855679
0.894769
-0.488645
0.990777
-0.877278
-0.759232
0.371283
-0.678633
-0.475889
-0.960742
-0.820504
-0.921845
0.593218
-0.880861
0.064362
-0.618274
-0.778258
-0.917286
-0.948231
-0.723833
-0.409871
-0.634253
-0.17523
0.771097
-0.680646
-0.915281
0.792672
0.14372
-0.285934
0.128749
0.97231
-0.614646
-0.826703
-0.622579
-0.902752
0.498087
-0.073743
-0.227065
0.115194
-0.246504
0.939033
0.018864
0.458808
-0.333158
0.339533
0.45906
0.250248
-0.425806
-0.209026
-0.970582
0.396836
-0.953428
-0.906423
-0.877617
-0.292842
0.407061
-0.099894
-0.137739
0.198547
0.295222
-0.175945
0.806173
0.681313
-0.950052
0.899186
-0.034039
-0.53259
0.769443
-0.127373
0.418373
0.761002
0.867345
0.168821
-0.698752
0.311616
0.957312
0.042774
-0.867316
0.293527
-0.366117
-0.053476
-0.617852
0.384704
0.877111
0.415165
0.399402
-0.07912
0.299295
0.09502
0.48574
-0.130161
0.422101
-0.904827
-0.495982
0.463029
-0.266968
0.023789
-0.194306
0.054363
0.013651
-0.181328
-0.463997
0.174809
0.420068
-0.494444
0.487621
-0.98053
-0.038069
0.329051
-0.499227
-0.384421
-0.574382
0.695665
-0.454342
0.926103
0.067232
-0.18093
-0.209893
0.404419
0.963493
0.314979
0.01297
-0.746056
-0.748012
0.914566
-0.307723
0.677918
0.229226
-0.120328
-0.227674
0.491731
-0.109232
-0.386732
-0.518341
0.676746
0.621843
-0.651578
-0.133938
0.594679
0.894238
0.708095
0.86615
-0.283555
-0.267848
-0.685333
0.955145
0.755563
0.67894
0.480394
-0.240008
-0.052204
-0.429646
-0.444094
0.512876
0.812689
-0.32994
-0.198034
0.034416
-0.627563
0.150123
-0.516547
-0.105002
-0.401857
0.341854
0.346486
-0.362689
-0.38718
-0.739248
-0.528533
-0.348573
0.087189
-0.258644
-0.371594
-0.673509
-0.635448
-0.328622
0.776982
-0.813765
-0.830352
0.437295
-0.584868
-0.208464
-0.045187
-0.085096
-0.95921
-0.280665
0.384802
-0.819302
0.684344
-0.89563
-0.460147
0.129175
-0.057565
0.228146
-0.208018
-0.005031
-0.843889
0.608234
-0.010526
0.403762
-0.956639
0.246159
0.84255
0.019476
-0.683286
-0.079467
-0.431349
-0.687762
-0.513259
-0.722339
0.46266
-0.704643
-0.201011
-0.534475
-0.749266
0.645306
0.213541
0.931741
0.800356
-0.910402
-0.900879
0.492108
-0.676078
0.332341
0.960507
-0.979795
0.864208
-0.863048
0.031991
0.488179
-0.503288
-0.707754
-0.846198
0.191408
-0.059444
-0.529364
0.651457
0.957367
-0.661533
0.901339
-0.195259
0.995853
0.206556
0.261562
-0.4062
0.170008
-0.821267
0.614892
0.059497
0.136301
0.752029
0.595147
0.105208
0.015682
0.701872
0.328702
0.305386
0.637738
0.297795
0.958504
0.675599
0.957225
-0.807081
-0.938629
-0.954736
-0.192661
0.849718
-0.527199
-0.833911
-0.796068
-0.380287
-0.414406
-0.192429
-0.589719
0.472108
0.909242
-0.591541
-0.203242
0.802671
-0.345501
-0.417514
-0.945345
-0.998042
0.034514
0.344451
-0.204383
0.641914
-0.0884
0.312247
0.486399
-0.77173
-0.601126
-0.596789
-0.88626
-0.251184
-0.565288
-0.675062
-0.063828
0.081214
-0.531775
-0.282901
-0.974841
-0.132383
0.150391
0.012432
0.226071
-0.629524
-0.21303
0.482341
-0.528996
0.087586
0.179091
0.750768
-0.981311
0.67628
-0.336897
0.072674
-0.057776
0.925953
0.823725
-0.038912
0.752206
-0.298627
-0.667756
-0.675853
0.966274
-0.799802
-0.364853
0.055158
0.726244
0.158657
-0.726964
0.77758
-0.604614
-0.98548
0.964432
-0.438744
-0.288018
0.949071
-0.859944
-0.113207
-0.535839
-0.75423
0.518637
-0.719961
-0.626367
0.396597
-0.347396
-0.98913
-0.48754
0.593075
-0.856741
-0.174752
-0.20381
-0.267346
-0.615962
-0.449947
0.479646
0.089214
0.747027
0.030447
0.749904
0.882791
0.670431
0.935223
0.744751
0.715407
-0.045507
-0.095831
-0.331855
0.97162
-0.314341
0.395954
0.169275
-0.15898
0.201903
-0.74185
-0.388746
0.975428
-0.096645
0.055623
0.667596
0.791161
-0.19414
-0.563868
-0.761975
-0.157913
-0.845388
0.61361
-0.962875
-0.698765
0.829435
-0.677586
0.739689
0.086917
0.443677
-0.93347
-0.682629
-0.762389
-0.793721
0.796001
-0.016546
-0.886271
-0.876706
0.948425
-0.198591
0.259163
0.753205
-0.493909
-0.795147
-0.093729
-0.591602
0.103142
-0.366361
-0.454551
-0.208042
0.155526
0.977365
0.568774
0.583666
-0.49342
0.604546
-0.826213
-0.151824
0.325458
-0.49203
0.966369
0.444102
0.571838
0.670458
-0.68457
0.610348
-0.8009
-0.373294
-0.909614
-0.026224
-0.436389
-0.993401
0.641766
-0.799354
-0.338062
-0.226754
0.092196
-0.42155
-0.460943
-0.853158
-0.093243
0.216068
0.364508
0.132174
-0.151109
-0.769315
0.670284
-0.917443
0.61331
-0.563538
0.289278
0.661699
0.930484
-0.505535
-0.67426
0.482647
0.811142
-0.043999
-0.914284
0.872765
-0.332812
-0.784151
-0.155219
0.773092
-0.718088
0.517583
0.537971
-0.227134
0.065617
0.528893
0.678771
0.860341
-0.929366
-0.993524
0.656109
-0.48477
0.430242
0.137958
-0.166897
0.877212
0.270454
-0.200816
-0.881127
-0.735087
-0.993199
0.331912
0.300691
0.58471
-0.572981
0.325761
0.962605
0.441
-0.122123
-0.484842
-0.564113
0.576379
-0.154395
0.054923
0.079869
0.775095
0.595262
-0.454667
0.849281
-0.256141
0.808743
0.374602
-0.327394
-0.099834
0.988757
0.904445
0.144717
0.124831
0.287967
0.109015
-0.7314
0.006364
0.74995
0.224591
0.948004
-0.721277
0.585538
0.675641
-0.50191
-0.510745
-0.988907
-0.019376
-0.229972
-0.18049
-0.8911
0.979356
-0.169204
-0.54093
-0.247117
0.355047
-0.838487
0.21528
-0.727334
-0.646071
-0.221031
0.92983
-0.7973
-0.165607
-0.09707
0.385632
-0.706682
0.681524
0.95233
-0.605492
-0.280469
0.370306
0.235774
-0.185515
-0.771115
-0.865659
0.498735
-0.086993
-0.04007
-0.432402
-0.038735
0.125397
0.053963
-0.273549
-0.973939
-0.515309
0.254048
0.475957
0.268379
-0.640667
0.328645
-0.522432
0.573952
0.179501
0.066746
0.215469
0.955701
-0.997789
0.894639
0.38018
0.663119
0.828786
-0.992642
0.799681
-0.024584
0.718872
-0.56862
-0.608632
-0.992648
0.354983
0.369233
0.162411
0.799542
-0.463026
-0.04756
-0.738065
-0.784579
-0.451951
0.559697
0.286686
-0.86843
-0.870545
0.75658
0.80297
0.305426
-0.240569
0.304844
-0.213235
0.573848
0.696531
0.471362
-0.227689
0.336917
0.791987
0.963994
-0.001986
0.616692
-0.281705
-0.140811
-0.458184
0.436233
-0.895991
-0.528924
-0.703665
-0.170328
0.49375
-0.732583
-0.069144
-0.538983
0.233086
-0.470086
-0.829137
-0.829841
-0.727692
0.353574
0.356927
-0.447643
0.873782
-0.873655
0.750089
-0.496561
0.170092
-0.68851
0.795211
-0.397085
0.607783
-0.015243
0.943153
0.08034
-0.927195
-0.138404
0.662762
-0.81405
-0.008416
-0.268799
0.73953
0.719983
0.994507
-0.047642
0.221219
-0.117303
0.595806
0.351028
0.494642
0.291686
-0.077057
-0.574696
0.43144
0.927788
-0.108939
0.28755
0.193644
-0.756752
0.503667
-0.647747
-0.296881
0.742776
0.307769
-0.604673
0.403754
0.392465
-0.55162
-0.995595
-0.50429
0.726708
-0.4318
0.544176
0.882726
-0.855163
0.570923
-0.141644
-0.694593
0.47836
0.099186
-0.969511
-0.695964
0.028279
-0.9467
-0.111757
0.188659
-0.413505
0.732917
-0.394845
0.865567
0.053378
0.41835
-0.254319
0.41062
-0.198968
0.91236
0.203959
-0.874504
0.707634
0.498266
0.513846
0.470413
-0.31604
0.250729
-0.359131
-0.001032
0.985523
-0.312807
0.814912
-0.674619
0.373297
0.660477
0.603578
0.014667
0.630196
0.565328
0.121249
0.958428
0.265781
-0.303318
-0.27152
-0.266527
-0.856603
