0.008448
-0.0056875
0.0033766
-0.000111
-0.0030479
-0.0084552
-0.0060051
0.0042554
0.001572
0.0028174
-0.0098451
0.0066577
-0.0043367
0.0005003
0.0017742
0.0047557
0.0061205
-0.0059957
-0.0007867
0.004824
-0.0043217
0.0021263
0.005038
0.0015436
0.0065438
-0.0005028
-0.0033981
-0.0074278
0.0071357
-0.0052696
0.0085148
-0.0078071
0.002124
-0.0094325
0.0035777
-0.0081247
0.0045275
0.0019923
0.0046051
0.0008652
0.0028821
0.0081248
-0.0064235
0.0044465
-0.0013361
0.0099265
0.0033801
0.0020587
-0.0056942
-0.0056691
0.0015059
0.0009486
0.0065484
0.0041833
-0.0038376
0.0006923
0.0044451
-0.0032747
-0.0032304
0.0052861
1.28e-5
-0.0004814
-0.0009766
0.0078861
-0.0012299
-0.0032567
4.64e-5
0.0073953
0.0012364
0.0085302
0.0016854
-0.0098565
0.0014491
-0.0003686
-0.0007732
0.0057026
-0.0086012
-0.0074904
0.0080518
0.0095458
0.0079879
-0.0015404
0.0086013
-0.0056827
-0.0014812
-0.0001697
0.0046962
0.0033267
-0.0011973
-0.0029677
-0.0060708
-0.0028024
0.0061008
-0.0087286
-0.0099568
-0.0005376
0.0009953
-0.0063246
-0.0054145
0.004912
-0.0069989
-0.0030852
-0.0031623
-0.001983
0.0066782
-0.0037052
-0.0063989
-0.0093112
-0.0092844
-0.0088056
0.009312
-0.0070909
-0.0099928
0.0029085
-0.0047035
0.0049121
-0.0045245
-0.0072055
0.0052669
0.0061051
-0.0095369
-0.0093939
-0.0068931
0.0054373
0.0009099
0.0042631
0.0088991
-0.0027811
0.0040149
-0.0081717
-0.00335
-0.0058314
0.0095371
0.0056292
0.0071316
0.0093718
0.0068176
0.0088396
0.0094999
-0.0055177
-0.00927
-0.0043849
-0.0046547
-0.0021515
0.0036006
-0.0013984
-0.005928
0.0031796
0.0079823
-0.0089158
-0.0031822
0.0093937
-0.007748
-0.0029568
0.0083463
-0.0066221
0.003593
-0.0056395
-0.0063357
0.0076235
0.0077218
0.0035258
0.007287
0.009994
-0.0065739
0.0073089
0.008758
0.0032079
0.0099789
0.0037398
-0.0058245
-0.0062905
0.0027721
-0.005747
0.00572
-0.0024862
-0.0047511
0.0087427
0.0014648
-0.004849
-0.001201
-0.0065497
-0.000709
-0.0078166
0.0061937
0.0045793
-0.0068926
-0.0056344
0.0015088
0.0077349
-0.0023489
0.0084295
-0.0042544
0.0053512
0.0052342
-0.0087729
-0.0034704
-0.0014556
-0.0015696
0.0042528
0.0031488
-0.0012198
0.0073434
-0.001319
-0.0065183
0.0026199
-0.0019563
-0.0012855
-0.0003539
-0.0031293
0.0081311
-0.0093529
-0.0045075
-0.0097129
-0.0040195
-0.0064119
0.0013806
0.0081099
0.001472
-0.0042058
-0.0068565
-0.0062686
-0.0021126
0.0032258
-0.0037025
0.0041438
0.0021297
-0.0076311
-0.0063053
0.0027508
-0.0058995
-0.000584
0.0029916
-0.0005548
-0.0079056
-0.0040079
0.0071595
0.0078164
0.0023
0.0062354
-0.0064235
-0.0017344
-0.0081363
-0.0078954
0.0020159
0.005252
0.0068186
-0.0093636
0.0090152
0.0008678
0.0015424
-0.0088994
0.0091135
-0.0092385
-0.0007707
0.0091519
-0.0070032
-0.006052
-0.0091613
-0.0071442
0.0062384
0.0077237
-0.0091901
-0.0020989
-0.0014604
-0.0071339
0.0077542
0.0012802
0.0043871
-0.0050134
-0.0091425
-0.000914
-0.0072188
0.0020582
-0.0022456
0.0073402
-0.0073918
-0.0022676
0.0065956
0.003211
0.0073768
0.0035516
-0.0003565
0.0072828
-0.000816
0.0037771
0.0061217
-0.0001771
-0.0074839
0.0014367
0.0075108
0.0047689
0.0084113
-0.0054657
-0.0017366
-0.0039576
0.0091623
0.0017913
-0.001857
-0.0071082
-0.0049608
0.0011806
-0.003978
0.0046703
0.0020359
-0.0076239
-0.005031
0.009338
0.0064722
0.0031719
0.0033192
0.0092117
-0.0064367
-0.0038818
-0.0005116
0.0007492
-0.0096406
-0.0024416
0.0036582
0.0058649
-0.0048445
0.006884
-0.0096163
-0.0052709
-0.000526
0.0045321
0.0001861
0.0057011
-0.00156
0.0019598
0.0028176
-0.0004247
0.001387
-0.0068441
-0.0032097
0.0084149
-0.0024929
-0.0084155
-0.0089495
0.0058692
0.0084463
-0.0061299
-0.0029944
0.002366
0.0047762
-0.0040416
0.0062235
0.0009261
-0.0064062
-0.0046012
0.0031245
-0.0051628
6.51e-5
-0.0032364
0.0059725
-0.0053411
-0.002931
0.0097115
-0.006642
-0.0060251
-0.0035204
0.002038
-0.0048524
0.0026631
-0.0024146
0.0093987
0.004811
-0.0070822
-0.0082128
-0.0051596
0.0029485
-0.0016066
-0.0069911
2.2e-6
-0.0063417
0.0017725
-0.0097743
0.0064755
-0.0023373
0.0096427
0.0028718
0.0074219
-0.0034424
-0.0004969
0.0096899
-0.0009077
0.0086838
0.0037069
0.0093858
-0.0009924
-0.0091764
9.6e-5
0.0021113
0.0039214
0.0057906
0.0084079
0.0085235
-0.006847
0.0034098
0.0063903
-0.0053056
-0.0098048
-0.0079558
0.0029959
-0.0009921
0.0019246
0.006212
0.0082784
0.0025461
-0.0091104
-0.0003347
0.009011
0.0065038
-0.0064166
-0.0099992
0.0026949
0.0083076
0.0082924
0.0079756
-0.0054286
-0.0003656
-0.0014923
-0.0024943
0.0062871
-0.0073879
-0.0059186
-0.0025867
0.0064505
-0.0082332
0.0023227
-0.0024312
0.0091642
0.0033923
-0.0009802
0.0026094
-0.0065505
-0.0009326
0.0066028
0.0030044
-0.0072169
0.0039887
-0.0004385
-0.0046817
0.0011502
-0.0034602
0.0021146
-0.0026545
0.0086675
0.0085603
0.0052321
0.0085173
-0.0063189
-0.0080906
0.0084202
-0.0017984
-0.006726
0.0016496
0.0078122
0.0024434
0.0026284
0.000523
0.009079
0.004662
-0.0034153
-0.0012075
-0.0054433
0.003453
-0.0023492
-0.005182
-0.00989
0.0088741
0.0029332
0.0051986
0.0009596
-0.0018076
0.0093772
0.0053322
0.0025358
0.004612
-0.0060521
0.0096578
0.0006541
0.0018366
0.0031754
-0.009733
-0.0001313
-0.0043286
0.0053409
0.0096557
0.0047012
-0.006414
-0.0093428
-0.0021723
0.002214
0.008632
