-0.0037258
0.0049024
0.0064016
0.0024181
0.0092061
0.0046523
-0.0008725
-0.003421
-0.0048067
0.008136
0.0070748
0.0018344
0.0083439
-0.0094608
-0.0025935
-0.0040466
0.0030595
0.0082286
-0.001793
-0.0066105
-0.0006739
-0.0095522
0.0060311
-0.0080858
0.0009469
-0.0030067
0.0069334
-0.0046497
-0.0060096
-0.0046293
-0.007487
-0.0020078
0.0028662
-0.0008631
-1.88e-5
0.0017794
0.0051812
0.0049578
-0.0047277
-0.0097738
-0.0040017
0.0020395
0.0001773
-0.0015291
0.004398
-0.0091476
-0.0016421
0.0075296
-0.0073637
0.0027528
0.0006573
0.0035274
-0.009353
0.0092416
-0.0092182
-0.0038183
0.0012827
-0.0021143
0.0045838
-0.0005624
-0.007891
-0.0002462
-0.0083294
-0.0041461
-0.0038412
6.38e-5
0.0095827
0.0090022
-0.0040701
-0.0001824
0.0096288
-0.0087696
-0.003979
0.009559
-0.0098624
0.0034617
-0.0015347
-0.0096451
0.0076416
-0.0029571
-0.0065752
-0.0004396
0.0020568
-0.0088612
0.0067467
0.0053018
-0.0034061
-0.0029504
-0.0061053
-0.0018455
-0.0063906
-0.0081958
-0.0091263
0.0083648
-0.0054622
0.0032524
0.0028502
-0.0062677
0.0066942
-0.0077186
-0.001207
-0.0018161
0.0025167
0.0055981
0.0070303
0.0023281
-0.0007553
0.0040647
-0.0017356
0.0080251
0.0030413
-0.0077691
0.0053358
-0.0030845
0.0040283
0.0095736
0.002305
-0.0042504
-0.0074092
0.0081939
-0.0035292
0.00735
-0.0086007
0.0069538
-0.0043533
0.0033011
0.0027489
0.0034376
0.0089369
0.0060987
0.0015911
-0.0092571
0.0095839
-0.004688
0.0035065
0.0049748
-0.0098821
-0.0023474
-0.0001844
0.0027584
-0.0056853
0.0035342
0.0029808
0.0060057
0.0003471
-0.0028435
-0.0040148
0.0057789
0.0073304
-0.0043465
0.0010643
-0.0029606
0.0002904
-0.0009896
0.0020067
0.0086059
0.0062769
0.0039954
-0.004295
0.0082492
0.0070437
0.0017484
0.0081256
0.0068066
0.0017846
0.0056919
0.0077937
-0.0035059
-0.0047699
0.001511
0.0075903
0.0098747
0.0056338
-0.0078477
0.0070389
-0.0032043
0.0074628
0.0031889
-0.0082413
-0.0065892
0.004029
0.0093931
-0.0004342
-0.0044624
-0.0030799
-0.0055441
-0.0007245
0.0012009
-0.0001254
0.0076088
0.0021786
0.0018851
0.0069856
0.0097575
-0.0057056
-0.007189
-0.0022665
-0.006161
0.0046222
-0.0050291
-0.0027931
0.003287
0.0063806
-0.0063987
-0.0065817
-0.0015509
-0.0048428
-0.009933
-0.0087048
0.0043833
0.0033401
0.0008021
-0.0005039
-0.000494
0.0082103
-0.0060859
-0.0028922
-0.001586
-0.005407
-0.0059318
-0.0004916
0.0094575
0.0008129
-0.0053245
0.0043081
0.0002039
-0.0042937
-0.0095455
-0.0031555
0.008446
-0.0009597
0.0039426
-0.0054733
0.0097041
0.0046267
0.0071592
-0.002872
-0.0019268
0.0002455
0.0091215
-0.0004783
0.0048461
0.0041354
-0.0029105
0.0083405
-0.0048484
-0.000875
-0.0077338
-0.0040667
0.0018413
0.0072044
0.0089407
-0.005606
0.0049713
-0.0045028
0.0027014
0.0052845
-0.0020114
-0.0046906
-0.0076446
-0.0057041
-0.0048261
0.0088391
0.0033112
0.0043042
0.000169
-0.0096028
0.0083585
-0.0012389
-6.63e-5
0.0032861
-0.0022093
-0.0078902
0.0001939
0.0071046
0.0075898
-0.0004057
0.0043342
0.0080504
-0.0024783
0.0076909
0.0089753
-0.0041785
0.0076745
-0.0079445
-0.0071732
0.0068754
0.0062865
0.0016435
-0.0085187
0.0091545
0.0086213
0.0076964
-0.0059456
-0.005096
-0.0019034
0.0085402
-0.0015508
0.0083046
0.0063973
-0.0045671
0.0051865
-0.0020885
0.0070487
0.0037398
0.0042657
0.002282
0.0033501
-0.0098191
-0.0074559
-0.0079794
0.0008588
-0.0074515
-0.0030331
-0.0077788
-0.0027188
0.0037563
-0.0096886
-0.0074877
0.0025984
0.000155
0.0002744
-0.0054084
0.0060587
0.0062842
-0.0055084
-0.0034878
-0.0031816
-0.0004851
0.0054272
0.0078388
0.0056886
-0.00296
-0.0078141
-0.0004345
-0.0093907
0.0091828
0.0042925
0.0023378
0.0073429
-0.0016944
-0.0072315
-0.0047693
0.0062293
0.0036568
0.0002883
-0.0019545
-0.0001265
0.0009632
-0.0072912
-0.0010609
0.0057611
-0.0070191
-0.0065009
-0.0028538
0.0059169
0.0019085
-0.0003568
-0.0089253
-0.0066409
-0.0025627
-0.0030726
0.0083276
0.0013516
0.002289
0.0097134
-0.0040011
0.0003389
-0.0032075
-0.0083912
-0.0027118
0.0022327
-0.0084457
-0.0031257
0.0007448
0.0089141
0.0068305
0.0076553
-0.0096045
-0.0038844
-0.0038509
-0.0005187
-0.006749
0.0085282
-0.0063683
0.0060648
0.0033878
-0.0077099
-0.006545
0.0050103
-0.0020948
0.0004625
-0.001433
0.0040282
-0.0027982
-0.002732
0.0029349
-0.0098379
0.0097667
-0.0075791
-0.0020581
-0.0092366
-0.0033952
0.0063726
-0.0076052
-0.0091591
0.009396
0.0077822
0.0045475
-0.0036611
-0.0023496
0.0080529
-0.0021988
0.0037165
-0.0031364
-0.0039268
-0.0020802
0.0091787
0.0040513
0.0023092
0.0047826
-0.0021398
0.004473
0.0032351
-1.28e-5
-0.0054685
0.0015499
0.0078934
-0.0024861
0.0075746
-0.007706
0.0032131
-0.0070626
-0.0015811
0.0094304
-0.0005749
0.0042221
-0.0098665
0.0070371
-0.0042501
0.0058307
-0.0086514
-0.0038679
-2.49e-5
-0.0006117
-0.0088133
0.0045582
-0.0021196
0.0026843
0.0037028
0.0019725
-0.0031174
-0.0021646
0.0066198
0.0043221
-0.000505
-0.0073753
-0.0066596
-0.0025518
-0.0072557
-0.0060925
0.001754
0.0054216
-0.0009744
-0.0097743
-0.0076144
-0.0036585
-0.0057069
0.006521
0.0099832
-0.0081239
-0.0015606
0.0010473
-0.0011996
-2.15e-5
0.0023672
-0.0022274
-0.0049443
-0.0062937
-0.0031031
0.0086262
-0.00889
-0.0067026
-0.0023184
0.0020027
-0.0067469
-0.0082323
0.0098715
-0.0026783
0.0068581
-0.0084056
-0.0052974
-0.0032312
-0.002384
0.0047891
