0.0007591
-0.0038597
0.0043268
0.0066389
0.0049165
-0.0042587
-0.008796
1.7e-5
-0.0012948
-0.0033767
-0.0041301
0.0054223
-0.0015885
0.0042878
-0.0037844
-0.0045107
0.0093207
0.0092494
-0.0023192
0.0026205
-0.0030937
0.0003468
0.0046803
-0.0036268
0.0002618
0.0055015
0.009071
-0.0047205
-0.0026583
-0.0035166
0.0068613
-0.0079056
-0.0031565
0.0070443
0.0036114
-0.0040951
-0.0023747
0.0083078
-0.0047608
-0.0073057
-0.0004548
0.0020414
0.002794
-0.0090713
0.000388
0.0096477
0.006175
0.0023585
-0.0013325
-0.0078775
-0.0068014
0.0074737
0.0077035
0.0050614
-0.0063131
0.0093163
0.0031989
0.0074401
-0.0023092
0.002883
0.0042209
-0.0028725
-0.0064044
-0.0050096
-0.0072637
0.0005213
-0.0080412
0.0016392
-0.0059167
-0.0086033
-0.000362
0.0049138
-0.0043101
0.0028561
-0.0031091
-0.0075572
0.0084024
0.0062574
0.0007372
0.0023978
-0.0090754
0.0077725
0.0053842
0.0040273
0.0057502
-0.0022895
0.002322
-0.0098526
-0.0059531
0.0031686
-0.0073803
-0.0054357
-0.0052951
-0.0063802
-0.0093176
-0.0080019
-0.0072525
-0.0011604
6.01e-5
0.0021686
-0.0029
0.0089641
-0.0021677
-0.0092693
-0.0021183
0.0046926
-0.0088797
0.0098967
0.007258
0.0079952
-0.0034669
-0.0070592
0.0083375
-0.0032862
0.0099019
-0.0054134
-0.0059941
-0.0088439
-0.0025366
-0.0067791
-0.0098112
0.0058167
0.0027597
-0.0052306
0.0043699
-0.0055869
-0.0041326
-0.006884
-0.0029221
-0.004175
0.0033942
-0.0060133
0.0096348
0.0039498
-0.0029366
-0.0018016
0.0054963
0.0069653
0.0009171
-0.0075641
0.0080547
0.0019325
-0.0068004
0.0015316
0.007461
-0.0038491
0.0008261
1.85e-5
0.0098325
-0.0054849
0.0017151
0.009009
-0.0097068
-0.0084175
0.0096441
0.0080643
0.0033646
0.0022666
-0.001694
-0.0040694
-0.0011921
0.0020057
-0.000804
0.0041832
-0.0040035
0.0047959
0.001643
0.0060582
0.0070616
0.002979
0.0018223
-0.0050186
0.0031468
-0.0021986
0.0076117
-0.0089363
-0.0009825
0.0072349
0.0058562
-0.0039261
-0.0041322
0.0047994
0.0013084
-0.0057927
0.0014786
0.0078487
0.0013259
0.0070317
0.0008743
0.0061181
0.0053939
0.0016529
0.0012375
-0.0081866
-0.0019414
-0.004339
0.0045918
-0.0060502
-0.0031821
0.0034101
-0.0097382
0.0056447
0.0035983
-0.0061169
-0.0031241
0.0089963
0.005861
0.0097101
0.0003508
0.0077867
0.001759
0.0083055
-0.0039661
-0.002612
-0.0061499
-0.0025652
0.0030319
-0.0078783
-0.001452
0.009875
0.0030493
0.005257
-0.0057576
-0.0025204
0.0010961
0.0053689
0.0058134
-0.0070413
-0.0012895
0.0038101
-0.0098122
0.005454
0.0008977
-0.0025777
-0.0045524
-0.0001987
0.0069177
-0.0009545
-0.003401
0.0016351
-0.0030675
-0.0034105
0.0039063
0.0041391
-0.0016064
0.0057509
0.0086497
0.0006409
0.0029524
0.0038384
0.0038997
-0.0036525
0.0068527
-0.0020886
-0.0061272
0.0065491
-0.0020515
-0.0045083
0.0027662
0.0055687
-0.0080775
-0.0023544
-0.0056831
0.0017997
0.0080264
-0.002874
0.0054709
-0.0021446
-0.0022891
0.0038324
9.84e-5
0.0094294
0.0006741
0.0086836
0.0086076
-0.008996
-0.004882
0.0042106
0.0057711
-0.0001642
0.0040339
0.0097485
-0.0060844
0.0035498
-0.0087282
-0.0075479
-0.0056268
-0.0099763
-0.0028767
-0.0051589
0.0053664
-0.0033867
0.0055772
0.0028797
-0.0014445
-0.0035612
-0.0006117
0.0007218
0.0050468
-0.0085425
-0.0001995
0.0048346
0.0040561
0.0041707
-0.0056675
-0.0026189
0.0084607
-0.008161
0.0062866
0.0038849
0.0007591
-0.0043139
-0.0030944
-0.0089297
-0.0039105
0.0036736
-0.0068106
0.0077975
-0.0079525
-0.000834
-0.0023504
0.0008149
0.0023145
0.0073975
0.0010771
0.0046708
0.0076485
-0.0046179
0.0065524
0.0066625
-0.0017243
0.0077865
-0.0077786
-0.0097541
0.0094744
0.0094844
-0.0087052
-0.0077926
0.0048478
-0.0067189
0.009651
0.0099189
0.003208
0.0003985
0.0059813
0.003205
0.0008273
-0.0098801
-0.0052698
-0.003247
0.0017528
0.0086263
-0.0006548
0.0060557
0.0014916
0.0003791
-0.0031863
-0.0048944
-0.0010377
0.0020638
0.0082083
-0.0015582
-0.0068424
-0.0076685
0.0019864
-0.0040105
0.0087318
0.0081512
-0.000179
-0.0073774
0.0041253
-0.000487
-0.0023531
-0.0093701
0.0028825
-0.0042322
0.0037184
-0.004908
0.0082309
-0.0012906
0.0049634
0.003821
-0.0091774
0.00563
0.0052222
0.0039822
-0.0083284
-0.0039051
-0.0021999
-0.0030615
-0.0054312
1.43e-5
0.0098314
0.0071515
0.0027557
-0.0049403
0.0050365
0.0045635
0.0074187
0.0021761
-0.0092401
0.0016959
0.0088776
0.0009095
0.0073033
-0.0064805
-0.0082029
-0.0010907
0.0019245
0.0036518
-0.0034985
-0.0003979
-2.81e-5
0.0014869
0.0042685
-0.0029889
-0.0016252
-0.0010084
0.0075202
-0.0079689
0.008886
-0.0081808
0.0064817
0.0018481
-0.0014192
0.0025287
0.005685
-0.008673
0.0044471
0.0096924
-0.0099582
0.0040487
-0.0092952
0.0062909
0.0065015
-0.0096076
-0.0031901
0.0096761
-0.0068958
-0.007219
0.006929
-0.0086804
0.008541
0.0007502
-0.0020081
0.0097059
-0.0007078
-0.0004385
-0.0082603
0.005819
0.002969
0.0063479
0.0009908
-0.0089418
-0.0084575
-0.001265
-0.0069109
0.0019529
0.0047806
-0.0076098
-0.0032436
0.0031436
0.0075903
-0.0067309
0.0045324
-0.0032187
-0.0002891
-0.0077968
-0.0068889
-0.0059177
-0.0063187
-0.0008817
-0.0039417
-0.0037923
-0.0090418
0.0066705
-0.001629
-0.0096559
-0.0028855
0.0045972
-0.0019258
-0.0025588
-0.0056786
0.0090128
-0.0051729
0.0022504
-0.0017072
0.0006883
-0.0004062
-0.0060699
-0.0090788
0.0081617
-0.0039238
0.003476
0.0037327
