-0.0046068
-0.0024771
0.0020168
0.0021666
0.0078396
-0.0006649
-0.0031983
0.0062006
0.0029929
0.0016019
0.0025407
-0.0021506
-0.0091427
0.0028311
0.0047088
0.0027249
0.0037147
-0.005935
0.0066383
-0.0098803
-0.0018947
-0.0045638
0.004919
-0.0034028
0.0024532
0.0054578
0.0051372
-0.0096558
0.004235
0.0031159
0.006912
0.009852
0.0091382
0.0020396
-0.0066324
0.0053333
0.0035726
-0.0026993
0.0059126
-0.0020201
0.0028987
-0.0073597
-0.0081902
0.0027948
0.0098254
-0.0044826
0.0092659
0.0067541
-0.0033381
-0.0023928
-0.00045
-0.0093256
0.0089623
0.0066046
-0.0076566
-0.0070662
0.0091174
-0.00465
0.0048487
-0.0096823
-0.0016357
0.0049899
-0.0076016
0.0010762
0.0078928
-0.0003693
0.0023841
0.0065396
-0.002702
-0.0081135
-0.0034905
0.0048177
-0.0059209
0.0006441
-0.0096612
0.0002465
-0.0074015
-0.0010069
0.0046886
0.0057723
-0.0077634
0.0051389
-0.00795
-0.0013508
-0.001405
0.0058373
0.0012027
-0.006578
0.0071032
-0.0059963
0.0005861
0.0012696
-0.0040835
-0.0043508
0.0085734
-0.008889
0.0041065
0.0048769
-0.0078694
-0.0015341
-0.0030903
-0.0075204
0.0025728
-0.0083343
0.0045018
0.0051126
-0.0068125
0.0016171
-0.0040572
-0.0095054
-0.0064578
0.001353
0.0095664
0.0017265
0.0034381
0.002871
-8.74e-5
0.0017382
0.0072025
0.0054276
-0.0011467
0.0048796
-4.61e-5
-0.0041184
0.0016346
-0.0014725
-0.0036989
0.003848
-0.0007318
-0.0056573
0.0032134
-0.0072245
0.0092629
-0.0018647
0.0064634
0.0091059
0.0045923
0.0013539
-0.0057575
-0.0080536
-0.0003753
-0.0022196
-0.0040218
-0.0084436
-0.0014818
-0.001218
0.002324
-0.0081426
-0.0040764
0.00843
0.005052
0.0044267
-0.0028615
0.0025962
-0.0038557
0.0087414
0.0025287
0.0002738
-0.0092029
-0.008054
-0.0096719
-0.0046583
0.0030237
-0.0090618
-0.0014997
0.0084749
0.0017574
0.0074301
0.0045411
0.0047372
0.0060695
-0.0012869
-0.0088464
0.0050518
0.0078315
-0.0037129
-0.0098466
0.0010907
-0.0040765
-0.00551
0.0081629
0.0086855
-0.0081671
0.0082883
-0.0011149
0.000693
-0.0021608
-0.0090123
-0.0001833
-0.0099128
0.0047135
-0.0072641
0.0010709
0.0019889
-0.0097048
0.0047796
-0.0034831
-0.0099718
-0.0055279
-0.0004252
0.0032613
0.0055801
-0.0011823
-0.006209
0.0046824
-0.0023643
-0.0035712
0.0080049
0.004247
0.0064903
0.0065339
0.0091381
9.85e-5
0.0050396
0.0078795
-0.0038115
-0.0080988
-0.0060854
0.0086857
-0.0069301
0.0063736
0.0033317
-0.0093042
0.0098079
0.0064534
-0.0068778
-0.009926
0.0027578
0.0048826
0.0013784
-0.0027644
-0.0024244
-0.0026584
0.0016187
-0.0010596
0.0061262
0.0015948
-0.0002974
0.009652
0.0059127
-0.0080695
0.0065345
-0.0004207
-0.009287
-0.0047421
0.0097859
-0.0081095
-0.0026122
-9.91e-5
0.0017248
0.0071426
0.0035096
0.0083974
0.000685
-0.000185
0.0090398
0.0034069
-0.0010257
0.0066221
-0.0059858
-0.0031625
0.0091542
-0.0079895
-0.0055736
-0.0089721
0.0009658
-0.0015642
0.0059892
-0.0002543
-0.0007286
-0.0055392
-0.0092576
0.0014865
0.0047729
-0.0084545
-0.0073716
-0.0051333
-0.0069222
0.008746
-0.0063963
0.0004252
-0.007831
0.0072807
0.0004983
0.0003866
0.0066615
0.0002252
-0.0013004
0.0095718
0.0088123
-0.0098671
-0.0092471
0.0089361
-0.0044753
-0.0080046
-0.0078805
-0.0002156
-0.0046334
-0.0030675
0.0065483
-0.0042441
-0.0060255
0.0051402
0.0028507
0.000389
0.0098483
0.00708
-0.0024852
-0.0040353
-0.0070079
0.0094478
0.0033217
0.0006922
0.0060754
-0.008214
-0.0060437
-0.0069338
-0.0031586
-0.0025142
0.0018237
-0.0028697
-0.0023876
-0.006402
-0.0063334
0.0067779
0.0011501
-0.0084586
0.0060943
-0.003051
-0.0018189
0.001697
0.0057889
0.0095741
0.0051478
-0.0013085
0.0022122
-0.0041352
-0.0020758
-0.0034899
-0.0042198
0.0006237
0.0094477
-0.0091317
-0.0030275
-0.0072539
-0.0012952
0.0089207
0.0011174
0.0004833
-0.0041446
-0.0060085
0.0046666
-0.0066557
-0.0042098
-0.0062742
0.0086753
-0.002377
-0.0001214
0.0089777
0.0078053
-0.0022638
0.0037725
0.0070457
-0.0009406
-0.0010441
0.0089017
-0.0021956
0.0089821
5.7e-5
-0.0064045
-0.003992
0.0020439
0.0077128
-0.0098262
-0.0001672
-0.0064987
0.0083382
-0.008918
-0.0026318
0.0061128
-0.0002908
0.004258
0.0088521
-0.0024919
0.0064238
0.0050534
0.0027643
-0.0074558
0.008395
-0.0034825
-0.0009962
-0.0025664
0.0076428
-0.0057691
-0.0096511
0.0033933
-0.0024992
-0.002932
-0.0099952
0.0023185
0.0046416
0.0098532
0.003947
-0.0013062
0.0007401
-0.0036346
-0.0019836
0.0051907
-0.0074501
-0.0043309
-0.0020124
0.0055276
0.008359
-0.0039397
-0.0020539
0.0097785
-0.0056185
-0.0042465
0.0035456
0.0005372
-0.0046111
-0.0019092
-0.0026898
-0.001095
-0.0060912
0.0090087
-0.0077355
-0.0038315
-0.008032
0.0011331
0.0050088
0.0086376
-0.0049582
0.0008523
0.0005592
-0.0074323
0.0028005
0.0048142
0.0062478
-0.0004889
-0.00534
0.002338
0.008029
-0.0047895
0.008672
0.0032915
0.0080096
0.0080315
-0.0011418
0.0019488
0.001057
0.0039634
0.0031932
0.008288
0.0099008
0.0030731
0.0085579
-0.0062876
-0.0062305
-0.0057099
0.0082586
0.0051719
-6.36e-5
-0.0071922
-0.0076219
-0.0030759
0.0019508
-0.001318
0.0021676
-0.0059186
0.0024001
-0.007135
-0.0096809
-0.000352
-0.0085895
0.0001917
0.0051583
0.0064752
0.0051308
0.0018207
0.0053519
-0.0068673
0.0035489
-0.0070917
0.0034102
-0.0095728
0.009957
0.006699
-0.0091241
0.006494
-0.0076677
-0.0018531
-0.0040916
-0.0025174
-0.0052054
