0.0070933
-0.0055827
0.0083017
-0.0098701
-0.0076853
0.0007906
0.0076241
0.0075555
-0.0017744
-0.0078264
-0.0095216
0.0032269
0.0034038
0.0068633
-0.0020627
-0.0061294
-0.0034212
-0.0033015
-0.0047213
-0.0072974
-0.0033698
-0.0093183
0.0036246
0.0028401
-0.007266
0.0062532
0.0010287
-0.0055534
-0.0017613
-0.0018226
-0.0068094
0.0033332
0.0060624
-0.0047515
-0.0001984
-0.0050767
-0.0070169
0.0072304
-0.0016089
0.0094249
0.006333
-0.0043707
-0.0028647
0.0075807
-0.0029283
-0.002685
-0.0022246
-0.0026258
-0.0055811
0.0037842
-0.0050546
-0.0012023
-0.0087404
0.0070975
-0.0068379
0.0082573
0.0079695
0.0098274
-0.0008386
0.0086844
-0.0084188
0.0019073
0.0046118
-0.007418
0.0002158
0.0033521
0.0039041
0.0039239
-0.0049104
0.0083571
-0.0092043
0.0013919
0.0085277
-0.0069673
-0.0021963
-0.0059646
-0.0063602
0.0004061
0.0052906
0.0042616
0.0046405
0.0013638
-0.0044395
0.0004464
-0.0094583
-0.0058101
-0.0091891
0.0085079
-0.0066369
0.001233
-0.0071939
0.0002151
-0.0072131
0.004837
0.0047757
-0.0021499
0.0024394
0.0053887
0.009918
-0.0028365
-0.0023263
-0.0031587
0.0048988
-0.0047087
-0.0091907
-0.0036781
0.0019166
-0.0046244
0.0082306
0.0016307
-0.0024221
-0.001325
0.0056714
-0.0038143
0.0039839
0.0054316
-0.0029724
0.0004684
0.0095356
0.0078361
0.0051165
0.0029148
-0.0032
-0.0078398
0.0052049
0.0061256
-0.0073706
0.0047202
0.0068364
-0.0012138
-0.0043724
-0.005889
-0.0087267
-0.0085707
-0.0066989
0.0007258
-0.0005917
-0.0052095
-0.0025543
0.0043776
-0.0098437
-0.0052992
-0.0041712
-0.0034912
0.0020801
0.0094739
0.0010765
0.0004027
-0.0033689
-0.0041812
-0.00682
0.0004515
0.0043027
-0.009733
0.000882
-0.0016429
-0.0097639
-0.0033442
-0.004525
-0.0032387
-0.0008487
-0.0045303
0.0075979
0.0050076
0.0025677
-0.0023262
0.0007205
-0.0050674
-0.0018157
-0.0033676
-0.0089004
0.0069268
0.0008882
0.0077288
-0.0054151
0.0018637
-0.0080312
-0.0062522
0.0017127
0.0073385
0.007202
0.0011482
0.0062643
0.0089468
-0.0096663
-0.0042725
0.0015035
-0.0095279
0.0061987
0.00899
0.0079339
0.0057266
-0.0009304
0.0085048
-0.0070126
-0.0012056
-0.009055
0.0091372
0.0046684
-0.002373
0.0012719
0.0087397
-0.0003642
-0.0020512
0.0012617
-0.0071357
0.0029742
-0.00211
-0.00776
0.0099873
0.0077936
0.0080001
0.0088905
-0.0027472
0.001419
0.0042087
0.0091688
-0.0031954
0.0006529
-0.0090989
-0.0017957
-0.0034838
-0.003586
0.0010285
-0.0060874
0.0090402
0.0031723
-0.0038081
0.0054456
-0.0002352
0.0010405
0.0015101
0.0035423
-0.0070715
0.0034471
0.0007199
-0.0089061
0.0092041
-0.0050781
0.0018255
-0.0074104
0.0081527
0.0054549
0.0046137
-0.0016006
-0.0082286
0.0014691
-0.0005996
-0.0096511
0.0023069
0.0030182
-0.0085543
-0.0069188
0.0056672
-0.0016563
0.0018847
0.0022388
-0.0034882
8.98e-5
0.0019939
-0.0067009
0.0038368
-0.0047463
-0.0023314
-0.0011397
-0.0041709
-0.0067371
0.00147
0.0090964
0.0090723
0.000603
0.0016489
0.0033818
0.0040232
0.0084587
0.0025658
-0.0063294
-0.0001361
-0.0073104
-0.0027924
-0.0005041
0.0004324
0.008703
-0.0011437
-0.0078165
-0.0018238
-0.0046076
0.0047277
0.0083385
-0.0022647
-0.0024389
-0.0059458
-0.0014153
-0.0034621
0.0011161
-0.0023852
0.0019738
0.009824
0.0089951
0.0029296
0.0005506
0.0053375
0.0045089
0.0060032
-0.0007474
0.0008653
-0.00758
-0.0028767
0.0031772
0.0004038
-0.0042534
0.0039721
-0.0025615
0.0092368
-0.0081472
0.0027114
-0.0042037
-0.006612
-0.0028784
0.0096329
-0.0028907
0.0068507
0.0007431
0.0052041
0.0007979
-0.0020589
-0.0094494
-0.0010845
-0.0071222
-0.0041757
0.0029695
-0.0019092
-0.0030796
0.0047503
-0.006954
-0.0066227
-0.0058726
0.0065636
-0.0039699
0.0037019
0.0062939
-0.0009377
-0.0043072
-0.0077419
0.0038654
-0.0019651
-0.0078926
0.0041512
-0.0023529
0.0048776
0.009125
-0.0080333
-0.0008442
-0.0084596
0.0046296
0.0099689
0.0050248
-0.0096703
-0.0088935
0.0039034
0.001104
-0.0058787
0.0093362
-0.0057086
-0.0047555
0.0081382
-0.0061529
-0.0059486
0.0082381
-0.0029315
-0.0010563
0.0043849
0.0041039
0.0058344
0.0050295
-0.0061508
0.0065121
0.0087034
0.0072973
-0.0075473
0.0036072
0.0090582
-0.0061272
0.0088474
0.0090819
-0.0017733
0.0014455
-0.0050996
0.0028136
0.0074416
0.008986
-0.003296
0.0052085
-0.0005052
0.0066015
0.0070063
-0.0016801
-0.0058493
-0.0017799
0.0070774
-0.0043031
-0.0012516
0.0061799
-0.0026937
0.0002595
-0.0044151
-0.0060089
0.0047459
-0.0004441
-0.006022
0.006941
0.0072334
-0.0040821
-0.0008594
-0.0097907
0.0022625
-0.0092837
0.0012745
0.0063748
0.0026574
-0.0043519
0.0028626
0.0008231
-0.0041601
-0.0040364
0.0043171
0.0045339
-0.0060971
-0.0062254
0.0081436
0.0048417
0.0001445
-0.003353
-0.0050186
-0.0070153
-0.0069924
-0.0054567
-0.0097205
-0.0073806
0.0032248
0.007608
0.0020371
-0.0015904
-0.0061835
-0.0095231
-0.0093715
0.0072897
0.0094511
0.0026977
0.0009246
0.0038098
0.0035789
-0.0086513
-0.0018031
-0.0040081
-0.0011216
-0.0017096
-0.0033876
-0.0003671
0.0076251
-0.0066953
-0.0011276
1.15e-5
-0.0085599
0.0025176
-0.0037085
0.0057176
-0.0070755
-0.0029133
-0.0011768
-0.0076789
0.008308
0.0066673
-0.0059917
0.0093381
-0.0027805
0.003278
0.0087852
-0.0081909
0.0017337
0.0041091
-0.004634
-0.0065757
0.006856
0.0059557
-0.0068598
-0.0047895
-0.007555
0.005976
-0.0020495
-0.0015035
-0.0051029
0.009777
-0.0085045
0.0084044
