-0.0005331
-0.0029814
0.0051129
-0.0080972
-0.0011416
-0.0062877
-0.0078804
0.0055393
-0.0007023
0.0014891
-0.0092021
0.0060807
0.0028099
-0.0042608
-0.0088112
-0.0047112
0.0089119
-0.0041902
-0.00898
0.0082959
0.008862
-0.0063807
0.0021699
0.0098641
-0.0081473
0.0026491
-0.0010326
0.0072547
-0.0042309
-0.0064348
0.0066212
0.000352
-0.0062503
0.0008553
0.0015995
0.0062131
0.0028495
0.0084687
0.0033171
0.0039873
0.0063258
0.0097964
0.0064682
-0.0055904
-7.23e-5
0.0001213
-0.0049222
0.0046639
0.0069753
0.0038473
-0.0087284
-0.0033246
-0.0031333
0.0037382
-0.0055381
0.0010479
-0.0025261
-0.0026087
0.0066139
-0.0062957
0.0003335
-0.0060135
-0.0018275
-0.0051345
0.0025066
0.0039907
0.0017656
0.0026708
-0.000336
0.0041115
0.0060296
0.005736
0.0058195
0.0043987
-0.0026326
-0.0083324
-0.0046242
0.0077231
0.0098381
-0.0099716
-0.0069763
-0.0089524
-0.0066542
-0.0082181
-0.0022006
-0.0039336
-0.0015766
0.0090453
-0.002368
0.0028865
-0.0067872
0.0075739
0.0054615
0.0029418
0.0098043
0.0029909
-0.0064992
0.0041401
0.0001774
-0.0049425
-0.0062938
0.0072781
-0.0088022
0.0004345
0.0085763
-0.0082106
1.56e-5
-0.0027331
-0.0054408
-0.0017761
0.0072051
0.0011324
0.0003673
-0.0030179
0.0080836
-0.0064578
-0.0006324
0.00921
0.0084214
0.0057805
0.001158
0.0033212
0.0048941
0.0039849
0.0007237
-0.0076196
-0.0019675
0.0024931
-0.0003734
0.0018509
-0.0008088
-0.0013605
0.0008107
0.0052571
-0.0054078
0.0034878
-0.0062295
0.0092556
0.0040144
-0.0030268
-0.0068167
-0.0073973
-0.0040062
-0.0091534
0.0074379
-0.0029284
-0.0058928
0.0057664
0.0091461
-0.0041185
0.004572
-0.0036696
0.0083574
-0.0025492
-0.0055082
0.0072377
0.0034632
-0.0023442
-0.0022035
0.0013674
0.0064628
-0.0006185
0.0007355
0.0054286
0.00359
-0.0081406
0.0043785
0.0027896
-0.0088833
0.0011552
-0.0089564
0.0028033
-0.0082349
-0.0056628
-0.0059778
0.0038341
-0.0046458
-0.0029243
-0.006155
0.0035385
-0.0091017
-0.0016572
0.0055761
0.0025875
0.0002859
0.0079996
-0.0033285
0.0005666
-0.0029655
0.0069239
0.007518
-0.0009513
-0.0030578
-0.0002858
-0.0013521
0.0056353
0.0035536
-0.0066296
0.0044298
-0.0036283
0.0004521
-0.0075442
-0.0062493
-0.0082418
-0.0003984
-0.0011061
-0.0095142
-0.0035841
0.0029277
0.0005258
0.0057148
0.0079832
0.0091869
0.0064538
0.0098626
0.007409
-0.004994
0.008122
0.0094934
-0.006833
0.0069182
-0.0069824
0.0030065
-0.0064849
0.0074275
0.0022905
-0.0029413
0.0056472
-0.008666
0.0099462
0.0073408
-0.0043108
0.0027232
0.0080342
-0.0091216
0.0094647
-0.0028138
-0.0037907
-0.0006332
0.0002177
-0.0009543
0.0004556
-0.0030864
6.42e-5
0.0094251
-0.0029893
-0.0025455
-0.0073912
-0.0059902
-0.0025732
-0.0025598
0.0035841
-0.0032666
-0.0010535
-0.0097511
-0.0055334
-0.0039513
-0.0058346
-0.0032339
0.0050853
-0.0022211
-0.0046654
0.003151
0.0036501
0.0012743
0.0072312
0.0042258
-0.0079798
-0.0001346
-0.0036133
0.0084841
0.009127
-0.0070703
-0.0031515
0.0052178
-0.005836
-0.0024697
-0.0024007
0.002729
0.0023734
-0.0048241
0.0064996
-0.0018306
-0.0003167
-0.0062567
0.0009385
-0.0051666
-0.0046795
-0.0076892
0.0013964
0.0002327
0.0034374
6.28e-5
-0.0099884
0.0012159
-0.0081988
0.0006645
-0.0012781
0.005406
-0.0032098
0.0026123
-0.0055159
-0.0052475
-0.0022898
0.0048745
0.0005743
0.0066507
0.004556
0.0076294
-0.009517
-0.0051312
-0.0082189
0.0043225
-0.0048614
0.0052742
-0.004984
0.0073994
0.0020394
0.0095952
-0.0018182
0.0047261
0.0068678
0.00666
0.0046761
0.009583
-0.0040113
0.0075948
0.0063382
0.0050375
-0.001707
0.0040898
0.0048505
-0.0051285
-0.0007891
-0.0085206
-0.0024327
-0.0029064
0.0044061
0.0061763
-0.0030294
0.0030556
0.0085972
-0.0090919
0.0059236
-0.0078378
0.0026844
0.0063731
0.0094616
0.00368
-0.0003036
-0.003942
0.0060099
-0.0002027
-0.0096208
0.0068043
-0.0038358
-0.0047576
0.0046758
-0.0027095
0.0071442
-0.0054866
0.008703
0.0072388
0.0029636
-0.0061987
-0.0016326
-0.0016475
-0.0038576
-0.0016671
0.0030493
0.0048688
0.0094283
0.0010095
-0.0076372
0.0058846
-0.007405
0.0079185
0.0001353
0.0021076
-0.0021975
0.0099156
0.0067855
-0.0032527
-0.002473
0.0089336
-0.0033956
-0.0015962
-0.0075705
0.0011344
0.0073137
-0.0068693
0.0088196
-0.0028466
-0.0023618
0.0038062
0.0084893
-0.0095338
0.0017067
0.0003994
-0.0027533
0.0098123
0.0084351
-0.0056261
-0.0029127
-0.0081274
-0.0011817
-0.0049625
-0.0050857
0.0085263
-0.0010241
0.0030244
0.0088024
0.0093538
-0.0025462
0.0030018
0.0003161
0.0097928
-0.0001027
-0.0020575
-0.0005174
0.0074808
-0.0088907
0.0046347
0.0090391
-0.0037455
0.0044002
-0.0019862
-0.0021009
-0.0097447
-0.0021548
0.0093537
0.0030002
0.0020446
0.000899
0.0046573
0.0036149
-0.0086072
-0.0093996
-0.0099392
-0.0001749
-0.009508
0.0025327
0.0054441
-0.0041763
-0.0006868
0.0092114
0.0049355
-0.0007259
-0.0042509
0.0067923
-0.0064344
0.0038379
-0.0079271
-0.001303
0.0058138
-0.0020589
-0.0019085
0.0049173
0.0084263
-0.0074458
-0.0074331
0.0037001
0.0028878
0.009132
-9.05e-5
0.0023947
-0.0093189
0.0079664
0.0005016
0.0025533
0.0007789
-0.0070107
-0.0064239
0.0073141
0.006223
-0.0095814
0.0070059
-0.0006162
-0.0069692
-0.0016585
0.0032888
0.001833
0.0047545
-0.000941
0.0089559
-0.0069746
0.008721
0.0089058
-0.0068389
-0.0082204
0.0027464
0.0089608
0.0001974
0.0042235
0.0012152
