-0.0050767
0.0094585
0.004188
-0.0040552
0.0031794
0.0016615
-0.0038681
-0.0015119
-0.0046557
0.0065227
-0.0046608
0.0054475
-0.003936
-0.0061474
-0.0035478
-0.0057606
-0.0062004
0.0081181
-0.0051919
-0.0041896
-0.0057864
-0.0087781
0.0033257
-0.0085393
0.0035903
0.0088365
-0.0054351
-0.0021711
0.0067016
-0.0005381
0.0049275
-0.0058315
-0.005003
-0.0087015
-0.0085567
0.0056705
-0.0090574
0.0071212
0.0066978
0.0040456
0.0043923
0.0016339
0.0028771
-0.0070622
0.0043318
0.0065601
0.002865
-0.0029158
-0.0001324
0.0053803
-0.002764
-0.0026862
0.0088431
-0.0020484
-0.0021501
-0.0097564
0.0062628
0.0099683
0.0078193
-0.0054388
0.0020624
-0.0004563
-0.0026729
0.0062519
0.0011795
-0.0009941
-0.0014922
-0.0064018
0.0057522
0.0089776
0.0035572
0.0016756
-0.0099308
-0.0039317
0.0073417
0.00335
0.0016367
0.0066732
-0.0017777
0.0031523
-0.0090637
0.0054647
0.0080729
0.0085111
-0.0083159
0.007566
0.0042758
-0.0092015
0.00579
0.0097844
0.0056571
0.0022767
0.006826
0.0060671
-0.0049754
-0.0008858
-0.001672
-0.0084084
0.0051212
-0.0022367
-0.0065156
0.0095982
0.0061265
0.0098572
-0.007552
-0.0071982
0.0094679
-0.0098079
0.0045996
-0.0089644
-0.0032473
-0.0030016
0.0064564
0.00818
0.001309
-0.0056656
-0.0097538
0.000222
0.0009264
-0.0095472
0.0050696
0.0017978
0.0084431
0.0025883
-0.0040201
0.0057322
0.006982
-0.0078995
-0.0055033
-0.0099779
-0.009819
0.0038102
0.0002916
0.0080219
-0.0013929
0.0096533
-0.005506
0.0007485
-0.0041375
-0.0087482
-0.0044732
0.0035196
-0.0014635
-0.0051525
0.0033238
0.0002278
0.0028894
-0.0089448
0.0061087
-0.008415
0.0034945
-0.007327
0.0057173
0.007397
-0.007432
0.008195
-0.0098328
-0.0045129
-0.0063092
-0.0097405
-0.0039891
0.0058028
0.0004536
0.000359
0.0005904
0.0066023
0.0020769
0.0066886
-0.0028916
0.0091991
0.0038488
-0.0036064
0.0086574
-0.0033418
-0.004363
0.0090942
-0.008192
0.001584
0.0014884
0.0005659
-0.0024582
-0.0087882
0.0006747
-9.48e-5
-0.0004623
0.0028571
-0.0068029
0.0076982
0.0090462
0.0063988
-0.0034054
-0.0011509
0.0020883
-0.0032599
-0.002564
-0.0087956
-0.0082144
-0.0015753
0.0026823
0.0097962
0.0066314
-0.0007192
0.0058325
0.0066617
0.0093934
0.0075843
0.0009113
7.92e-5
-1.77e-5
-0.0077458
-0.0008995
0.0007787
-0.0055614
-0.0049474
-0.0037057
0.0014768
-0.0064181
-0.0081261
0.0068959
-0.0073705
-0.0091908
-0.0068795
0.0073127
0.0007872
0.0014251
0.0004947
-0.0085963
0.0044621
0.0071032
-0.0086314
0.0006697
0.0008531
0.0036699
-0.0045506
-0.0038312
-0.0080094
-0.0043469
0.0088004
-0.0076484
-0.0064134
-0.0015921
0.0070681
-0.0018665
-0.0001927
0.0003613
0.0078958
-0.0001319
-0.0098899
-0.0099627
0.0026917
-0.0050493
0.0048222
0.009034
-0.0030334
0.0006533
0.0083188
-0.0058008
-0.0068368
-0.0058912
0.0036986
-0.0039932
0.0083733
0.005034
-0.0091794
-0.0065937
0.0091674
0.0058447
0.0087469
-0.0067382
0.0025093
-0.0089805
-0.0071739
-0.0012626
0.0064467
0.0022778
-0.0035692
-0.0038555
0.0089724
0.0068009
-0.0033379
0.0019518
-0.0084
-0.0056568
0.0051032
-0.0059804
-0.0032794
-0.0007719
-0.0082692
0.0015097
-0.0085316
-0.0092208
-0.0001627
-0.0094517
-0.0042854
-0.0005705
-0.0003553
-0.0053146
-0.0092681
0.0073868
-0.0032218
0.0008072
-0.0013202
-0.0041528
-0.0008626
0.0011414
-0.0003748
0.0087569
-0.0085329
0.0004742
0.0038552
-0.0056574
-0.0044101
0.0096086
-0.0061748
-0.0093884
-0.0092779
-0.007983
0.0064577
-0.0061972
0.0032375
-0.0073251
-0.0092739
-0.0016305
-0.0058901
0.0002645
0.0001844
-0.00509
-0.00493
0.0084888
0.0050539
-0.0028133
0.0058861
-0.0062549
-0.0024964
-0.0080256
0.0054929
-0.0009963
0.0009176
-0.0024404
0.0038293
-0.0028111
-0.0072769
-0.0024478
0.0025592
-0.0064351
-0.0034288
-0.0038133
-0.0015427
-0.0037345
-0.0092797
0.0015375
-0.0014217
-0.0073685
-0.000195
0.0089726
-0.0012824
0.0094086
-0.007456
-0.0070765
-0.005804
-0.004128
-0.0024236
0.0034017
0.0079971
0.0084247
0.0076258
0.0061591
-0.0014613
0.0022714
-0.0062033
-0.0021499
-0.0010152
0.0042474
-0.0076471
-0.0069849
-0.0076729
-0.0099835
-0.0060786
0.0093435
-0.0036361
0.0034116
-0.0051551
-0.006196
-0.0094991
-0.0054736
0.0038291
0.0048227
0.0007119
-0.0001601
0.0030825
-0.0038748
0.000721
-0.0020202
0.0040651
0.001328
0.0046388
0.0047633
-0.0059077
0.0059304
0.0044824
0.0060507
-0.0089041
-0.0003255
0.0009794
0.0043292
-0.0098451
0.0098443
0.0084926
-0.0031001
0.0032565
0.0040553
0.0020096
0.0013515
0.0076603
0.0032935
0.002916
-0.0078676
-0.0002209
0.0070051
0.0052014
-0.0069841
-0.004497
-0.0069654
0.0010942
0.0054659
-0.0041807
0.0002436
-0.0022061
-0.0049264
0.0037946
0.0026906
0.0054972
-0.0015069
-0.0017011
0.0056994
-0.0018002
-0.0047592
-0.0044235
0.0093947
-0.0018935
-0.0080388
0.0063559
0.0007391
0.0085846
0.0062099
0.0004275
-0.0089436
0.0010272
0.0022195
-0.0095701
0.002902
-0.0069245
0.0087802
0.0071539
-0.0037644
-0.0006067
0.0074901
0.0047191
-0.0088268
0.0040273
0.0047789
0.0050698
9.02e-5
-0.0029776
-0.0003613
0.0004184
-0.0013624
-0.0076282
0.0069956
-0.0026668
0.0028462
0.0002006
0.0075762
-0.0043955
0.002284
-0.0093593
-0.0016967
-0.0047751
-0.0060772
0.0080068
0.0069286
-0.0073054
0.009703
-0.0032908
0.0005804
-0.0058706
0.0007334
-0.0085259
-0.0015475
0.0023711
0.0088955
0.0079311
-0.0019247
0.0061837
0.0071027
