-0.0076379
-0.0012728
-0.0038878
0.0002197
-0.0044571
0.0046269
0.0076188
0.0038219
-0.0041645
-0.008234
-0.0018167
0.0065413
-0.003431
0.0073462
-0.0018953
0.0035441
0.0029282
-0.0055596
-0.0029273
-0.0046317
-0.0090903
0.0034802
0.0020504
0.0055936
0.0082827
0.0048074
0.0099281
0.0062403
-0.0073124
-0.0084317
0.0009158
-0.0044977
-0.0035075
0.0055817
-0.008273
-0.0051839
0.0024029
-0.0098479
-0.0074833
-0.0061968
-0.0054615
0.002213
0.0030027
0.0022722
0.0064806
0.0025722
0.0023977
0.0018087
-0.0022805
0.0014817
0.0006975
-0.0055591
-0.0069146
0.0048447
-6.07e-5
0.0011347
0.008194
0.0065634
-0.0042087
-0.0071591
-0.0052934
-0.0064669
0.00659
0.0071511
0.0087063
0.0027594
0.0041684
-0.0097364
-0.0086964
-0.0005307
-0.0061316
-0.0008311
-0.0060043
-0.0045889
-0.0069209
-0.004155
-0.005368
0.0077266
0.002884
-2.7e-5
0.0031519
0.0058135
-0.0057308
-0.0027261
-0.0022098
-0.0089625
-0.0008818
0.0045597
0.0005529
0.0014755
-0.0035752
-0.0049765
-0.0026298
-0.001417
-0.0041077
-0.0008052
-0.0096908
-0.0061499
0.0030592
0.0009556
0.0067327
0.0072555
0.0074143
0.0092938
-0.0092131
-0.0072501
-0.0052217
0.0006336
-0.0038752
0.002491
0.0054223
0.0059707
0.0061332
0.00865
-0.0098555
0.0016908
-0.0078312
-0.0051543
-0.0007281
-0.0070403
-0.0012032
-0.0047382
-0.0072172
-0.0015614
-0.0098575
-0.0057098
0.0099793
-0.002836
-0.0049185
-0.0028422
0.0075765
0.0046133
0.0039785
-0.0003983
0.0051913
-0.0048535
-0.0062724
-0.0002107
0.0037412
-0.0046113
-0.0007757
0.0017815
-0.0013466
0.0063917
-0.0038392
-0.0030146
0.0038966
0.0076783
0.0016044
0.0097065
-0.0091938
-0.0074178
-0.0034697
-0.0036968
0.0034508
-0.0030375
0.0093777
-0.005999
0.0021199
-0.0012237
0.0026353
0.0053674
-0.0018324
-0.0002023
0.0023392
0.0018488
0.0086703
0.0027956
0.0021988
0.0071235
-0.004752
0.0038517
-0.0038807
0.0051329
-0.0003574
-0.0005646
0.0091135
-0.0091067
-0.0098668
-7.99e-5
-0.0006789
-0.0089138
-0.0078792
-0.0093135
0.0090536
-0.0015104
0.008041
0.0034629
-0.0034863
0.0079837
-0.0066222
0.0029759
-0.0085762
0.0073626
0.0036812
-0.0006739
0.0016585
-0.0069402
0.003284
-0.0072943
-1.66e-5
-0.0039869
0.0015906
0.0066529
0.0095687
0.008558
0.0070104
0.0058519
0.0028433
-0.0071278
-0.008014
-0.0034323
-0.0081983
0.0025673
-0.0097656
-0.0097014
0.0036239
0.0020431
-0.000505
0.0063856
0.0057653
-0.0027329
0.0065517
0.0062755
-0.0010517
-0.0022067
0.0083129
0.0069856
-0.0051411
-0.0071533
0.0072374
-0.0073299
-0.0086119
0.003382
0.0003254
-0.0081668
0.0084481
0.0052841
-0.0017978
-0.0051254
0.0097259
0.0054054
0.0089403
-0.0078291
-0.0026517
-0.0025709
-0.0003313
-0.0098089
-0.0081498
-0.0058006
-0.0029838
-0.0010911
8.84e-5
-0.0001036
0.0041115
-0.0039321
0.0066594
0.0015193
-0.0015266
0.0039378
0.0037725
-0.0098147
-0.0077938
0.0060119
0.0056639
-0.0076155
0.0043289
-0.00851
0.0093986
0.0092322
-0.0086593
-0.0014682
0.0060634
-0.0097754
-0.0089586
-0.0003866
0.0007863
0.0038907
-0.0079577
-0.0084093
0.0060185
-0.0093383
0.0067658
0.0019515
-0.0089685
0.0097611
-0.0074041
0.0054941
0.0097544
-0.006793
-0.0053159
0.0052796
0.0094028
-0.0092315
-0.0074331
-0.004479
0.0040819
0.0044578
0.0055794
0.0015364
-0.0014842
-0.001451
0.0073814
0.0067449
-0.0087722
0.0020888
-0.0081606
-0.0014947
0.0093043
0.0025039
-0.0027379
-0.0037457
0.0094852
-0.0058735
0.0040027
0.0078523
0.0035069
0.0055608
-0.0025394
-0.0069525
0.0060882
0.0086116
-0.0079243
0.0095967
0.0093571
0.0093568
-0.0026745
0.0070641
-0.0081242
-0.0030182
-0.0034072
-0.004649
-0.0082901
-0.0088629
0.0063515
0.0018995
0.008499
0.0049478
0.0036022
-0.0013745
0.0066947
-0.0002177
0.0087002
-0.0055459
-0.0030855
0.0065505
0.0029873
0.0079131
0.00401
0.0097459
-0.0067398
0.0085202
-0.0061933
0.0019805
-0.0091241
-0.0015517
-0.0042137
-0.0030348
-0.0017325
-0.0001463
0.0011707
0.0026245
-0.0025621
0.0009028
0.0072696
-0.0041518
0.0039114
0.0095261
0.0064924
0.008925
-0.0010485
0.0059734
-0.0034776
-0.0087969
0.0084414
-0.000241
-0.0040639
-0.0055047
-0.0061199
-0.0080719
-0.0056462
0.009469
0.0039808
0.0020268
0.002111
0.0035786
0.006382
0.0024714
0.0091179
0.0094549
0.0038105
-0.0067045
-0.0030942
-0.0050115
-0.0006584
0.0015491
0.0044169
0.0096458
-0.0052949
0.0003726
-0.0039172
-0.004321
0.005153
-0.0007923
0.0082476
0.0013168
0.0086314
-0.0041798
0.0013453
-0.0050114
-0.0031523
0.0087667
-0.0052921
-0.0025019
0.006708
-0.0099213
-0.002567
-0.0069272
0.0080732
0.0031705
-0.0021277
-0.0097932
-0.0004628
-0.0014793
0.0031382
-0.0075376
-0.0051331
0.0089997
0.0079643
-0.0029904
-0.0067529
0.0018984
0.0010804
-0.0090492
-0.0097528
-0.0077097
-0.0072903
0.0018982
-0.0068123
-0.0093502
-0.0097378
-0.0034114
-0.0083737
0.0087223
-0.0084252
0.0047181
0.0006788
-0.0034499
-0.0017454
-0.0097535
0.0050786
0.0055722
-0.0044651
-0.0075119
0.0079351
-0.009929
-0.0049979
0.0036068
-0.0032763
0.0010365
-0.0042816
0.0090831
-0.0081079
-0.0039477
-0.0068582
0.0080938
0.0010796
-0.0035013
0.0072879
0.0006418
-0.0086361
0.0047706
-0.0072798
0.0089587
0.0021948
0.0079609
0.00967
-0.005137
-0.0027153
0.0012897
0.006073
0.0064285
-0.0084982
0.0023871
0.0019149
-0.0007666
-0.0053234
-0.0033337
0.0046397
-0.0027399
0.0060066
-0.0008436
-0.007184
0.0074277
-0.0010609
