0.0005198
-0.0079682
-0.0034348
0.0011602
0.0089583
0.00401
-0.0010685
0.0091279
0.0045175
0.0021731
-0.0034584
0.0084188
-0.0096883
-0.0065026
-0.0056878
0.0031994
-0.0035232
0.0025982
-0.0038374
-0.0083596
6.68e-5
0.0083149
0.0025665
-0.0055306
-0.0044327
0.0082566
0.0040954
-0.0050245
-0.0021084
0.0057815
-0.0020506
0.009443
0.0025685
0.0045252
0.0013548
0.0030601
-0.0052448
0.0098616
-0.0006353
-0.0047331
-0.0063677
0.0084446
0.006395
-0.0091336
0.0002418
-0.0052572
0.0011628
0.0011551
-0.0042373
0.0009638
0.009358
-0.0075135
0.0028039
-0.00221
-0.0057523
-0.0015285
-0.0051303
0.009788
0.0027629
0.0064133
0.0016572
0.0016448
-0.0010678
-0.0063286
0.0016203
0.0023449
0.0037871
0.0082738
0.0043176
-0.0066949
0.0023495
-0.0027887
0.0060202
-0.0092098
0.0014718
0.003326
0.0059866
-0.0061916
0.0007424
0.0031664
0.0058118
0.0066232
0.0051247
-0.0058876
-0.0002019
-0.0037606
-0.00214
0.0036597
0.0050916
-0.003821
0.0030866
-0.0080247
0.0089649
0.0014802
-0.0001035
-0.0026017
0.005551
0.0002954
-0.0070859
0.0063776
-0.0086884
-0.0049877
0.0069243
-0.0024776
-0.0034338
-0.0097242
0.0097824
-0.0077098
-0.0012352
-0.001175
-0.0087125
-0.0067715
-0.0068565
-0.0057791
-0.0017305
-0.0028695
-0.0042454
-0.0079332
0.0019858
-0.0060024
-0.0017964
0.0018294
-0.0015632
0.0069896
0.0059616
-0.0031364
-0.0097
0.008353
0.0048591
-0.0005541
-0.0074104
0.0025637
0.0037295
-0.0088624
0.0098888
-0.0038701
0.0069183
-0.000944
0.0076873
0.0032298
-0.0088982
0.0008745
0.0070256
0.0050452
-0.0099838
0.0068797
-0.0024629
0.0065566
-0.0017126
0.007436
0.0057104
0.0049068
-0.0003761
0.0084518
-0.0006445
0.0086798
-0.0095213
0.0066451
0.0002682
0.0054658
-0.0038094
0.0096349
0.0080908
-0.0048425
0.0095101
-0.0033934
0.0045464
0.0089239
0.0060854
-0.0061839
-0.0068774
-0.0015963
-0.0087888
-0.0075403
-0.0048791
0.0018155
0.007429
0.0054211
-0.0066413
0.0010519
-0.0009394
-0.0019288
0.0030289
-0.0079866
-0.0002587
0.0070318
-0.0001552
-0.0023596
0.0074496
-0.0021851
0.0041316
-0.0071374
-0.0057943
-0.0060174
0.0003605
-0.007425
-0.0024026
-0.0032202
-0.0072456
0.0066635
-0.0008564
0.0016719
0.0055536
0.0096931
0.0060312
0.0092955
0.0047479
-0.0077243
-0.007811
-0.0006418
-0.00575
0.0007492
0.0045032
-0.0028405
-0.0045935
-0.0042743
-0.0008727
0.0064151
0.008151
0.0083321
0.0064913
0.0060869
-0.0005717
-0.0076486
0.0027179
-0.0032917
0.0017911
-0.0078161
-0.0097532
0.008294
-0.0062728
0.0054241
0.0095791
-0.006114
-0.0077474
-0.0027844
0.0093274
-0.0020469
0.0072773
-0.004601
0.0033671
-0.0046162
0.004409
0.004805
-4.1e-5
-0.0082657
-0.0077359
0.0024077
-0.0036349
-0.0013729
-0.0087442
0.0037125
-0.0090761
0.0012546
0.0096068
0.0097723
-0.0043396
-0.0032873
-0.0075178
0.0076899
-0.001572
0.0088916
-0.0074428
0.0095414
-0.0020436
0.0068172
0.0006472
-0.0043691
0.0048264
0.0069826
0.001086
-0.0097897
0.0009111
0.0055504
0.0087865
0.0058966
-0.0080728
-0.0012691
-0.0005623
-0.0051679
-0.0091103
-0.0003804
0.0097724
-0.0004218
-0.004276
-0.0014647
-0.0023115
0.0034702
0.0049364
-0.001929
5.71e-5
0.0015573
-0.0038054
-0.0087344
0.0075429
-0.0047078
-0.0099623
0.0083525
-0.0060499
0.0059676
-0.0094283
8.2e-5
0.0086024
0.003738
0.0046343
-0.0047
0.0032007
-0.0057345
-0.0066796
0.0051051
0.0087361
0.0064301
-0.0078631
0.0027037
0.0081616
0.0048011
0.002388
-0.0044355
0.0059652
0.0088753
-0.0033856
-0.006099
0.000769
0.0063633
-0.0077769
-0.0040659
-0.0013562
0.0080502
0.0044819
0.0095736
-0.0013087
-0.0065462
0.0030201
-0.0072176
0.0095282
0.0013427
0.0060876
-0.0007496
-0.0011594
-0.0044613
-0.0099956
-0.0016286
-0.0027752
-0.0091567
0.0097519
0.0018486
-0.0080921
0.0075387
0.0066965
0.0071406
-0.001104
0.0050571
-0.0064511
7.77e-5
-0.0032004
0.0008063
0.0072863
-0.0090302
0.0038513
-0.0026944
-0.002609
0.0028445
-0.0011787
-0.0040247
-0.0097846
0.0006287
-0.0031356
-0.0070475
-0.0027114
0.0092772
-0.0049013
-0.0065951
-0.0024077
0.0008444
-0.0052734
0.0039827
0.004358
0.0079993
0.0007878
0.0061581
0.0080295
-0.0072283
-0.0096917
-0.0011841
-0.0054102
-0.0049669
-0.0019048
0.0008242
-0.0098197
-0.0006595
0.0080798
0.0005573
0.0019396
-0.0021025
-0.0016118
-0.0065235
0.0093197
0.0050611
0.002495
-0.0052959
-0.0025499
0.0014546
-0.0037769
0.0016707
-0.0050971
-0.0066319
0.0027456
-0.0018326
0.0075575
0.000704
-0.0097612
0.0023796
0.0036152
-0.0039128
-0.0067235
0.0024138
0.0094934
-0.0076482
-0.0099845
0.0082528
0.0095426
0.0021474
-0.0086669
-0.0029066
0.0071913
0.0011069
0.0019603
0.0089323
9.26e-5
-0.0032993
-0.0042873
-0.0086111
0.0029603
0.007792
-0.0045426
-0.0002767
0.0010744
-0.0053796
-0.0091552
0.0099246
0.0094807
0.0064298
-0.0060586
-0.0008894
0.0011462
0.0072893
-0.0073459
-0.0020538
0.0046332
0.0002631
0.0053842
0.003323
-0.0042347
0.0014553
0.004292
0.0051174
0.0059339
-0.0076981
0.0093734
0.0092184
-0.0052105
-0.0011852
0.0071667
-0.0066372
0.006564
-0.0034462
0.0092259
-0.0082875
0.0072244
0.0077912
0.0099285
0.0002559
-0.0014677
-0.0031743
-0.006113
0.0009357
0.0091459
0.0095508
-0.0005947
0.0045673
0.0010817
-0.0036794
-0.0081637
-0.0036207
0.0090415
0.0028388
0.0043998
0.0009001
0.0048061
-0.0025528
0.0097322
-0.0096684
-0.0005845
0.0033624
0.0057158
