-0.0079744
0.0094321
-0.0048002
-0.0094999
0.0002733
-0.0059454
-0.0061827
0.0090244
-0.0042854
-0.0022924
1.6e-6
0.0007663
-0.0023723
-0.0032451
0.0031761
0.0005892
0.0006004
-0.0064678
0.0053383
-0.0024567
0.000788
-0.0057294
0.0091024
0.007369
-0.0081292
-0.0007162
0.0032015
-0.0089464
-0.0087453
-0.0007322
0.0073291
-0.0042282
0.0080009
0.0019546
0.0081498
0.00367
-0.0058087
0.0095871
0.0029738
0.0019124
-0.0093517
0.0042334
0.0022082
-0.0052895
0.0018914
-0.0081077
0.0052583
0.0039481
-0.0030485
-0.0069289
-0.000892
0.0050273
-0.0042668
0.0088072
-0.0089255
0.0048425
-0.004377
0.0087261
-0.0092491
0.0079082
-0.0061705
-0.0099559
0.004106
0.00142
-0.0093615
-0.0027717
0.0036481
-0.0014779
0.0042543
0.0070525
0.0016224
0.0010983
0.007263
-0.00162
-0.0031442
0.0089133
0.0046897
0.0080537
-0.0067763
-0.001626
-0.0051328
-0.0051337
-0.0043791
0.0039365
0.0099914
0.0013534
0.0099248
0.003877
-0.0038738
0.0055778
0.0055426
0.0015315
0.0027304
-0.002942
-0.0022028
0.00826
0.0041652
0.0040581
-0.0093618
-0.002624
-0.0029773
0.0028722
-0.0079163
-0.003775
-0.0022243
-0.0070016
0.0086993
-0.008551
-0.0072949
0.0004319
-0.0019101
0.0095065
-0.0052418
-0.0097593
-0.0085107
0.0059513
0.0086664
-0.0082834
-0.0079673
-0.0055119
-0.0020132
0.0032246
-0.0082676
0.0052707
0.0001632
0.0029702
-0.0087244
-0.0032504
-0.0069995
-0.0031851
0.0027072
0.0070966
0.0027101
0.0025347
-6.94e-5
-0.0022061
0.0018522
0.0007695
0.0070269
0.0048455
0.0012995
-0.0054292
-0.0023251
-0.0078728
-0.0075509
-0.0026572
0.0003444
-0.0014259
0.0052074
0.0004036
-0.0026378
-0.003951
0.0061662
-0.0084073
-0.009961
-0.0018719
-0.0012454
0.0057333
0.0069683
-0.0032278
0.0078805
0.0014258
0.006637
0.008724
-0.0007211
-0.0043999
0.008635
-0.0025993
-0.0060579
-0.0083333
-0.0080553
0.0063118
0.0019963
0.001665
-0.0067411
0.0032311
-0.0094554
0.0092548
-0.0005643
-0.0098086
0.0004637
-0.0043757
-0.000571
-0.0027926
0.0015117
-0.0041226
0.0063321
0.0080955
-5.7e-6
-0.0039075
0.0012098
0.0003264
-0.0091356
-0.0033063
0.0006825
-0.0091902
-0.0093837
0.0016364
0.0076832
-0.0088567
-0.006238
0.0025797
-0.001995
0.0088857
-0.006375
-0.0014873
-0.0091172
0.0089453
0.0069624
-0.0050531
-0.0083449
0.0063333
-0.0005336
0.000519
-0.0081061
0.0080982
0.0073611
-0.0067959
-0.0075972
-0.0071467
0.0037492
-0.0019156
-0.0086996
0.008377
0.004611
0.0002359
-0.0029097
0.0018762
0.0042841
0.0096202
-0.0050082
-0.0056884
0.0099322
-8.13e-5
0.0058481
-0.0023396
0.0097202
-0.0035797
0.0049875
-0.0026722
-0.0071962
0.0048091
-0.004191
0.0020436
0.0078537
-0.0017122
0.0048121
0.0030478
-0.0035868
0.0086973
0.0051458
-0.0039097
0.0055001
0.001012
0.0038221
0.0012372
-0.0014006
-0.0093987
-0.0078841
0.0096107
0.0061257
0.0041699
0.0078321
-0.0084545
-0.0066495
-0.0037277
0.0017026
-0.004907
-0.001249
0.000764
-0.0097969
0.0080216
0.0093622
0.0053622
-0.0012346
-0.0075244
0.0095037
0.0082376
0.0043398
0.0034276
-0.0046901
-0.0090405
0.0043962
-0.004343
-0.0081825
-0.0005684
0.0082668
0.006303
0.0089557
0.0074054
0.0081844
-0.0047687
-0.008135
0.0001862
0.0073502
-0.0054931
-0.0059942
0.0052841
-0.002169
-0.0036646
-0.0072937
-0.001161
0.0083319
0.0003684
-0.0077835
-0.0098019
-0.0003369
0.0012145
0.0045979
-0.004485
-0.0008056
0.0096125
0.0010811
0.0076029
0.0055499
-0.0002355
0.0064089
-0.0033481
0.0057469
0.0056207
0.0003358
0.0044672
-0.0031605
-0.0055863
-0.0008386
0.0060029
-0.0020858
-0.0012172
0.000185
0.0070445
0.0035039
-0.0037122
0.0066663
0.0003659
0.0074718
0.008502
0.0045725
0.0038093
-0.0051698
-0.0020597
0.0060254
-0.0053415
-0.0049695
0.001777
0.0036401
-0.0092362
-0.0068939
0.0026162
-0.0077172
0.0059661
0.0059211
-0.005212
0.0036862
-0.0028853
0.0009306
-0.0054446
-0.0008096
0.0019168
0.0072349
-0.0057279
0.0071277
-0.002778
-0.0002822
0.0029742
0.0036971
0.0024718
-0.0048625
0.0013957
0.0069205
-0.0037814
0.0073066
0.0004388
0.0028564
-0.0050973
0.0035479
0.0075544
0.0087127
0.006824
-0.0048933
-0.0041788
0.0088607
-0.0088906
-0.0037085
0.0001018
0.0047809
0.0061015
0.0057035
0.0024953
-0.0012473
-0.0025183
0.0053507
-0.0095576
0.000829
-0.0049928
0.0010537
0.0075051
-0.0085777
-0.0053616
-0.0092536
0.0013852
0.0083399
-0.0003393
-0.0008945
0.0002281
-0.0079679
0.0095574
0.0046725
-0.0011627
-0.007657
0.0013826
0.0053376
0.0016411
-0.0080797
0.0019629
-0.0010859
0.00292
-0.0003598
0.0031736
-0.0024539
0.0059385
-0.0076905
0.0019699
-0.0098052
-0.0066455
0.0094269
0.0095432
-0.0072889
-0.0097689
-0.0069061
-0.0059551
0.0094828
-0.0022635
-0.0008953
-0.0015531
0.0064221
0.006209
-0.0058279
-0.0028182
-0.0083887
0.0044895
0.0004366
-0.0001769
0.0021484
0.0067042
0.0083267
0.0017194
0.0004387
0.003813
0.0072325
0.0059191
0.0042299
-0.0008132
-0.0093622
0.0095415
-0.008132
0.0005895
-0.0066308
-0.0030604
-0.004888
-0.0064379
-0.0060836
0.0059008
0.0055484
0.0091229
-0.002975
0.0001517
0.0068424
0.0009331
0.0045625
-0.0083308
0.0040691
0.0037048
0.0082937
0.0025213
-0.0048642
0.0034046
-0.0004458
-0.0063089
0.0020277
-0.0062797
-0.0001467
-0.004387
-0.0088602
-0.0053053
-0.0062081
0.0095291
-0.0097095
-0.0053614
-0.0086173
-0.0020312
-0.0066944
0.0008896
-0.0026867
-0.0046273
-0.0061352
