0.0011837
-0.0082361
-0.0082902
0.0031099
-0.0095444
0.000855
-0.0055266
0.0073921
-0.0095907
-0.003421
0.0069183
-0.0064173
-0.0043467
0.0090989
-0.0010515
-0.0034749
-0.0027143
-0.0090357
-0.0009333
-0.0029244
-0.001007
-0.0030183
-0.0007183
-0.0077659
-0.0050063
-0.0007688
-0.0047838
0.0073187
0.0028586
0.0035049
0.0055359
0.0003398
0.0053342
-0.0018048
0.0023823
-0.0054613
0.0057446
-0.0055607
0.0010097
-0.0011457
-0.004655
-0.003604
-0.0076253
-0.0064975
0.0046229
0.0047717
0.0026069
-7.07e-5
-0.0066401
-0.0027214
-0.0020557
-0.0024903
0.0013974
-0.0068572
-0.0071154
0.0065466
-0.0061586
-0.0070808
-0.006313
0.0082806
0.0090144
0.0008493
-0.007575
-0.0027676
-0.0036806
-0.0099913
0.0050803
-0.0003272
-0.0063255
0.0053093
-0.0006909
-0.0093157
0.0075695
0.006454
-0.0029427
-0.0098451
-0.0053816
-0.0092936
0.0055577
-0.0088754
-0.0004093
0.0060209
-4.31e-5
-0.0080704
-0.0059402
0.0009214
-0.0090707
0.009809
0.0062967
-0.0022904
-0.0006499
0.0002214
0.0070001
-0.0047031
0.005373
0.0024212
0.0024747
0.0019284
-0.0085555
0.0012749
0.0096524
0.0048972
-0.0091651
-0.0040388
-0.0097799
-0.0092393
-0.0041873
0.0064693
0.0009627
-0.0094217
0.0036619
-0.004098
0.0076162
-0.0049083
-0.0047572
0.0077363
0.0018752
0.0090442
0.005003
-0.002469
-0.0047225
-0.0012414
0.0017201
0.0002058
0.0063317
0.000276
-0.0056139
-0.0059445
0.0090801
-0.0047575
-0.0059001
0.00646
-0.0067576
0.0077197
0.0034693
0.0074979
0.007628
0.000452
0.0046331
0.0059512
-0.0067751
0.0005423
0.0036268
0.006346
0.0031555
0.0014746
0.0065738
-0.0019739
-5.42e-5
0.0017681
0.0029074
0.0084403
0.0013778
-0.0006052
-0.000143
-0.005225
-0.0091464
-0.0067063
-0.0081047
0.0054517
0.0033195
0.0052343
0.0080539
0.0041558
-0.0059021
-4.94e-5
0.0046691
0.0097884
0.0068279
-0.0091013
-0.0069147
-0.0082915
-0.0043448
-0.007803
-0.0045837
-0.0083022
-0.0006245
-0.003215
0.0057855
-0.0078692
-0.0061634
0.002177
-0.0005774
-0.0052856
-0.0090097
-0.0062118
-0.0075659
0.0077505
0.0099331
-0.0064333
0.006001
-0.0061002
0.0010398
-0.0055793
0.0061367
0.0031152
0.0011627
0.004473
-0.0051194
0.0050032
-0.0048058
-0.0062423
-0.0010145
-0.0035379
0.004477
0.0062017
-0.0077499
0.0077925
-0.0097567
-0.0061654
-0.006211
0.0034365
-0.0004909
-0.0010413
-0.0061342
0.0067822
-0.0011499
0.0030604
-0.0058296
-0.0070775
-0.0047042
0.006141
-0.0059229
-0.0093359
0.0040826
-0.0033433
-0.0098212
0.0062
0.0008964
0.0087646
0.0037383
-0.008828
-0.0092855
0.0089244
-0.0051045
0.0018421
0.0044643
-0.0070175
-0.0092521
0.0050728
-0.0024654
0.0023016
-0.0071296
-0.0074873
-0.0045577
0.004952
0.0023355
-0.006292
0.0090363
0.0098058
0.0036388
-0.0050269
0.0072299
0.0068384
0.0005025
-0.0031162
-0.0011268
0.0084081
0.0038396
0.0046914
0.0066592
-0.0001841
-0.0046286
0.0048706
0.0036806
-0.0008739
0.0020993
-0.0066627
0.001474
0.0063421
0.0032949
0.0006756
-0.0017342
-0.0034956
0.0016626
0.0061548
-0.005778
-0.0012315
-0.0072212
-0.0047762
0.0057733
-0.0020447
0.0016892
-0.0003513
0.0030074
-0.0036533
0.0092613
0.005
-0.0029878
0.0018749
0.0019845
0.0059831
0.008444
-0.00022
0.0074833
-0.0057146
0.0046267
0.0073785
0.0067867
0.0097342
-0.0052713
-0.0026272
-0.0038675
0.0069625
0.0066089
-0.004244
-0.0064893
0.0078077
0.0004122
0.0070159
0.0053603
-0.0067194
-0.0018336
0.0033833
0.0061903
-0.0015034
0.0034721
0.0020097
0.0021684
0.0039905
-0.0078796
-0.0056405
0.0085926
-0.0065609
0.0057478
0.000186
0.0091333
0.0020275
0.0078451
-0.007822
0.0030928
0.0037506
-0.0039163
0.0042689
0.0066378
0.0027075
0.0035299
-0.0018308
-0.0004984
-0.0061119
-0.004738
0.0028855
-0.0096076
0.0098594
-0.0044992
0.0046248
-0.0095204
-0.0011005
-0.00364
0.0098417
0.0023173
0.0004449
-0.0017372
-0.0024727
0.0074739
0.0011056
0.0071384
-0.0022032
-0.0043031
0.0093387
-0.001931
-0.0043888
0.0095626
0.0087084
0.008382
0.0044684
0.0089513
0.0062526
0.0062733
0.0039464
4.44e-5
0.0099538
0.0025274
0.0047411
-0.0052054
0.0003172
0.0007624
0.0080401
0.0062744
-0.0027048
-0.0005024
0.0018449
0.0082315
-0.0070123
-0.0064076
-0.0062971
0.0063006
0.0086885
0.0032832
-0.0077965
0.0049009
0.00616
0.0039673
-0.0016178
0.0048784
-0.0077943
-0.0092584
-0.0026016
-0.0079893
-0.0018736
0.006391
0.0028424
-0.0026588
0.0076612
0.0080949
0.004016
-0.0023594
-0.0042164
-0.0086604
-0.0046412
0.0060596
-0.0080102
-0.0015334
0.0032493
-0.0097448
0.0047377
0.0078992
-0.0081545
-0.0059119
-0.0027728
-0.0066621
0.005134
-0.0061548
-0.0098603
0.0089868
0.0039919
-0.0092079
0.0063136
-0.0082847
0.0091788
-0.0050529
0.0006948
0.0092266
0.0093526
0.0056915
0.0068705
-0.0059601
-0.0025838
0.0048151
0.0018122
0.00158
0.0013108
0.0053403
-0.0013778
-0.0085869
0.001573
-0.0004867
-0.0087987
0.0078717
-0.0055065
0.0092473
0.0079067
-0.0020797
0.0011919
-7.93e-5
0.0024302
-0.0069427
0.0063208
-0.0015894
-0.0093888
-0.0069169
-0.0041483
0.0023112
0.0012774
-0.0013162
0.0018407
0.0009066
0.0058353
0.0099666
-0.0036534
0.0042532
0.0002162
0.0023732
0.0021467
-0.0077675
-0.001706
0.0043411
-0.002005
0.003443
0.004595
0.0036395
0.0016265
-0.0051099
-0.0038717
0.0005785
0.005348
0.0085209
-0.0017482
0.0064112
0.0088478
-0.0014881
0.0034228
0.0027474
-0.0024685
0.0047306
