-0.0082137
-0.0067981
0.0082867
0.0063573
-0.0059788
-0.0058555
0.0065718
-0.0023808
-0.0007186
0.0099993
0.002399
-0.0044045
-0.007255
0.0072175
-0.008225
-0.0053336
-0.0093851
-0.0075619
0.0001573
-0.0006181
0.0006726
-0.0064039
-0.0041223
0.0094159
0.0057009
0.0061177
0.0049388
-0.0044424
-0.0069031
-0.0018628
0.0041672
0.0045108
-0.0059345
0.000133
-0.0046421
-0.0076959
-0.0096274
-0.0070444
-0.001396
-0.0046133
0.0089934
-0.0060781
0.0030717
0.0064773
-0.006448
-0.0027701
-0.0077088
0.0098174
-0.0042366
-0.0092104
-0.0030492
-0.0006304
-0.0073486
0.0066551
0.001167
-0.0014466
0.0029725
0.0075928
-0.0090997
-0.0034642
-0.0090464
-0.0013009
0.00557
-0.0029564
-0.0005473
0.0040954
-0.009936
-0.0062988
0.0068847
0.0006559
0.003014
0.0031777
0.0097595
0.0027768
-0.0037131
0.0083377
0.0095074
0.0006477
-0.0034985
0.0066826
0.009749
-0.0060658
-0.0020536
-0.0010143
0.0018142
0.0096065
-0.0021414
-0.0057417
0.0061882
-0.006653
-0.0069073
-0.0043809
-0.0018184
0.0035058
-0.0019052
0.007339
-0.0007673
-0.0004812
0.0018812
-0.0098826
-0.0011959
-0.0072957
-0.0098282
-0.0047165
-0.0017854
0.0034621
-0.0049154
0.0057896
-0.0046792
-0.0082521
-0.0056733
0.0041854
0.0004871
0.0069096
0.0075727
0.0018659
-0.0085246
0.0057096
0.0079978
0.0051393
-0.0053616
-0.0020443
0.0060345
0.0006432
-0.0070935
0.008099
-0.0020429
-0.0064416
0.0056792
0.0030104
0.00651
0.0097588
0.0085303
-0.0031563
0.0015121
0.0027589
0.0007798
0.0049594
-0.0095457
0.0017069
0.0016102
-0.0034187
-0.0039054
0.0019462
-0.0082248
-0.0044268
0.0090502
0.0086026
0.0028783
0.0084653
-0.0007792
-0.0023399
-0.0021628
-0.007039
-0.0086313
0.0090693
-0.0014591
0.0067373
0.0088366
-0.0015371
0.0067757
-0.0023557
-0.0063621
0.006851
0.0075614
-0.0038639
-0.0095501
0.0063849
0.0087443
0.0027124
-0.0070653
-0.0002809
-0.0037944
-0.00435
0.0004999
0.0020699
0.0030117
0.0008747
0.0089063
0.0065503
-0.0097514
-0.0008169
0.0037391
0.0083979
0.003388
-0.0024439
0.0098
-0.0067196
0.0036301
0.0006869
0.0019417
-0.0033048
0.0073409
0.0042686
-0.0093646
-0.0098841
0.0042939
-6.63e-5
0.006066
0.0008306
0.003436
0.0065827
0.005795
-0.0015527
-0.0005067
0.0056881
0.0081998
0.0062953
-0.0023443
0.0053494
0.0046571
-0.0094457
0.0093646
-0.0070669
-0.0045378
0.0040268
9.65e-5
-0.0031759
-0.0048345
-0.0025315
0.0032348
0.0044221
-0.0050492
0.0084455
-0.0001524
0.0075309
-0.0019716
0.0087664
-0.0085294
0.0067372
0.0027602
0.0010672
0.0086916
0.0059812
0.0020386
-0.0045777
0.0011768
-0.0041205
-0.002444
0.0084008
0.0033651
0.0045031
0.0046017
-0.0030369
0.0053499
0.0087466
0.00691
-0.0050606
0.0076084
-0.004189
0.0032806
0.0026904
0.0063439
-0.0030593
0.001937
0.0041969
-0.0018977
0.0028126
-1.55e-5
0.0013512
-0.0085584
0.0049289
0.0069942
0.0002693
0.0030498
0.0001909
0.0098984
-0.0074806
-0.0066524
-0.001483
-0.0056081
-0.0060291
-0.005044
0.0014487
-0.0041239
0.0086779
-2.63e-5
0.005427
-0.0010049
-0.0096536
0.0066975
0.0029164
0.0073604
0.007816
0.0067917
-0.0083904
0.0091493
0.0062273
-0.0037633
-0.0031042
-0.0064774
-0.0009127
-0.001185
0.0042621
-0.0092691
-0.003442
0.0090209
0.0097205
-0.0029386
0.0066348
0.0025976
-0.0008317
0.0056987
0.0018354
-0.0046737
0.002113
-0.009739
-0.001808
0.0035809
-0.0060491
0.0078843
-0.0008853
0.0025149
0.0004698
0.0092742
-0.0050015
-0.0023006
-0.0081089
-0.0091901
-0.0012459
-0.0080578
-0.0063083
0.0080803
-0.0008148
-0.0007467
-0.0004059
0.0013061
0.0067143
0.0016335
0.0043884
-0.0074061
-0.0091349
0.003999
0.0025962
-0.0024077
0.007697
0.0034576
-0.00858
-0.0036135
0.0022171
-0.0017233
-0.0004158
0.0029627
0.0022989
0.0024018
-0.0094833
0.0012191
-0.0041547
0.0076945
-0.0097125
0.0015189
-0.004943
-0.0075458
-0.0096598
0.0094398
-0.0008033
0.0090795
0.0075717
-0.0076879
0.0086056
0.0027781
-0.005842
-0.0093815
0.0034969
-0.0084658
0.006884
-0.008038
-0.0031121
-0.0061123
-0.0092979
-0.0026483
0.0019244
0.0041942
-0.0028728
-0.0008633
-0.0023759
0.0015424
0.0031174
0.005895
0.0051439
-0.0072663
-0.0014599
-0.0001326
0.0064266
0.008506
0.0057487
-0.0020433
-0.0049069
-0.0003976
-0.0010896
0.009107
-0.0089599
0.0060351
0.001107
-0.0038763
-0.0044117
0.0055604
0.008629
0.0058554
0.003033
-0.0068934
0.00248
0.0031079
0.0023462
-0.0012746
0.006004
2.5e-5
0.0010637
-0.0042971
-0.0021682
-0.0080976
0.0024904
-0.0004965
0.0020669
-0.0021767
-0.0070984
-0.0007462
0.0038434
-0.0034185
0.008188
-0.0031059
0.0087174
0.0015887
0.0044732
0.0021265
0.0052262
0.0008827
-0.0029783
0.0026712
-0.006071
-0.0047188
0.0001112
0.0036067
0.0010119
-0.00669
-0.0052204
0.0031038
-0.0032786
0.0001864
0.0080667
0.008461
0.0001207
0.000896
-0.0052587
-0.0079714
-0.0047782
0.0057158
-0.0039345
0.0036834
-0.0001465
-0.0071364
0.0086229
-0.0063979
0.0007637
0.0045988
0.0080587
0.0047452
-0.0039157
0.0057598
-0.0034956
0.0003582
0.0044947
-0.0084654
-0.0036298
-0.0033085
0.0038883
-0.0014256
0.0005866
-0.0009786
0.0033597
0.0030963
-0.0086029
0.0072146
-0.009543
0.0006809
-0.0001855
-0.0058322
0.0036472
0.0001323
-0.002978
-0.0068182
0.0065239
0.0051888
0.0050913
0.0054731
0.0021622
-0.007198
0.0048005
-0.0074847
0.0026078
-0.0024669
-0.0059501
-0.0061287
0.005568
0.0069877
