0.0004655
-0.0029593
-0.0098301
0.0066067
-0.0006997
-0.0083481
0.0033811
0.0073979
-0.0019553
0.0016795
0.0091122
0.0096779
-0.0042172
-0.0039376
-0.0019657
0.0056395
-0.0059532
0.0026562
-0.0093968
0.0041609
-0.0025509
-0.0005832
-0.0072535
0.0069198
0.0058772
0.0053065
0.0004265
-0.0044533
-0.0056622
-0.0070492
0.0014947
-0.0022928
-0.0047387
0.008825
-5.19e-5
-0.0085821
-0.0099329
0.0011368
0.009144
0.0067131
0.0017676
0.0006153
0.0044508
0.0090329
0.0027568
-0.002865
-0.0062985
0.0064288
0.004901
0.0057675
0.0040898
0.000939
-0.0036814
0.0071541
0.0060828
-0.0069636
0.0025894
-0.0001653
-0.0036468
0.0052883
0.0078052
-0.0043002
-0.0034557
0.0072486
0.0091856
0.0071384
-0.0067494
0.0036491
-0.0048627
-0.0002933
0.0059839
0.0092804
-0.0010165
-0.0002281
0.0022251
0.0019489
-0.0051228
0.0034936
0.0024347
-0.007117
-0.0045245
-0.0035125
-0.0045639
-0.0023543
-0.0089759
-0.0056526
-0.0045584
-0.0093519
-0.0013589
0.0009319
0.0075575
0.0067845
0.0024289
0.0053779
0.0060441
-0.0077199
0.0090998
0.0076168
-0.0038627
0.0069574
0.0075715
-0.0066983
-1.99e-5
-0.0077955
0.0063237
0.0096694
0.0064422
0.0060338
0.0069738
-0.0022772
0.0081663
-0.0091977
-0.0035164
0.0077189
-0.00298
-0.0016105
-0.0069584
0.0026742
0.006044
0.0081428
-0.0046314
0.0004782
0.0049142
0.0090986
0.0080632
-0.0065602
-0.0023738
-0.0011159
-0.0099453
-0.0036575
0.0056405
0.0031296
-0.0014748
0.0079613
-0.001892
0.0022959
0.0028329
0.0058801
0.0051729
0.0085102
-0.0021182
-0.0032976
0.0073957
-0.0098581
0.004925
-0.0079334
0.0014312
0.0008114
-0.0069764
-0.0075791
-0.0053528
0.0088101
-0.0042905
0.0003525
-0.006172
0.0054206
0.0017836
0.0093607
-0.0089392
0.0070491
0.0047071
0.0058633
-0.0010307
0.0008696
0.0055325
0.00275
-0.0053185
-0.0029756
-0.0048156
0.0086277
-0.0052163
-0.0018448
0.0066435
-0.0039478
0.0002633
-0.0017959
0.0088422
0.0037046
0.0074356
0.0024782
0.0044668
0.0071335
0.0077174
-0.0098045
-0.0032924
-0.0028277
0.0054857
0.0046526
-0.0014937
-0.0087463
0.0002815
-0.0095717
0.0070543
-0.0099001
0.0048132
-0.0073209
-0.0073071
-0.0058688
-0.0037461
-0.0056254
-0.0042285
-0.0010742
0.0064633
-0.0030437
-0.0057412
-0.0061974
-0.0095749
0.0059737
0.009696
-0.0003168
-0.000494
0.0011685
-0.0023074
0.0069321
-0.0026731
0.0085445
-0.0057491
-0.0012334
0.0008772
0.0008099
-0.0086899
0.0062545
0.0031594
-0.0059114
-0.0004681
0.0091243
0.0098343
-0.0078995
0.0034951
-0.0044956
0.007355
-0.0013017
-0.0097388
-0.0033678
0.0046813
-0.0010852
-0.0047089
0.0091309
0.0043358
0.0090065
-0.0085118
0.006391
-0.0059577
0.000564
0.0083877
0.0073736
0.0048748
-0.0012172
0.0020198
-0.0055783
0.0056314
-0.0070864
-0.0076511
-0.003765
0.0054364
-0.0029468
0.005386
0.006537
0.0071682
0.0071523
-0.0087157
0.0078589
0.0068218
-0.005019
0.0019477
0.0087232
-0.0097861
-0.0085138
0.0070959
0.0045196
0.0009745
0.0034267
0.0001836
0.0083487
0.0031806
0.0035558
-0.009278
0.0081849
0.0005689
-0.0011225
-0.0065257
-0.0056008
0.0080484
0.0017317
0.0058925
0.0067013
0.0011199
0.0039396
0.0056877
0.0032149
0.0086629
0.0089123
0.0045872
0.0010606
-0.0056026
0.0054252
0.0021983
-0.0042496
0.0041439
0.0040853
0.0011157
-0.0055363
-0.0088164
0.0048169
-0.004037
0.0014648
0.0018967
0.0099866
-0.0012518
-0.0023729
-0.0012277
0.0028152
0.0095235
-0.0003276
-0.001614
-0.0038172
-0.0017344
-0.0091416
0.0059719
-0.0007967
0.0002802
0.0082512
0.006656
-0.0072251
0.008852
0.0026111
0.0084974
0.0048193
0.0091387
-0.0020586
-0.0027294
0.0014338
0.0099721
-0.0080108
0.0074
-0.0014437
0.0081517
-0.0056007
0.0042587
0.0025875
-0.0010228
0.0004281
-0.0036722
0.0013333
-0.0017133
0.007054
0.0011716
0.0085712
-0.003866
-0.0038688
0.0050158
-0.0054556
-0.000711
0.0013342
-0.0065947
0.0020808
-0.0067712
-0.0031532
0.0023887
-0.0002048
-0.0078971
-0.0099512
0.0031694
0.0044719
0.0010861
0.0029328
-0.0039475
0.0062236
0.0084729
-0.0012705
0.0005286
0.0019525
0.0067267
-0.004659
0.0016754
-0.0038501
0.0006992
-0.0055625
-0.0028157
-0.0021816
-0.0074987
-0.0005284
-0.0075323
-0.0010951
-0.0047135
-0.0047322
-0.004396
0.000925
0.0084137
0.0066773
-0.0020922
0.0016983
0.0088542
-0.0046392
-0.0034224
-0.002761
-0.0086957
-0.0043913
0.0001164
-0.0095878
-0.0023
0.0090634
-0.0021138
0.0010147
-0.0081502
0.0026322
0.0087408
-0.0054363
-0.0019991
0.0053943
-0.0076621
0.0007808
-0.0050075
-0.0023606
0.0046002
0.000607
0.0051962
-0.0073028
-0.00732
-0.0093528
0.0006702
0.00582
-0.0024441
-0.0093611
0.002881
-0.0099343
-0.0069951
-0.0052227
0.0033575
0.0065333
0.0076448
-0.0091481
0.001235
-0.0005439
-0.0024797
-0.0020222
0.00813
-0.0035029
-0.0074922
-0.0014684
-0.0040422
-2.67e-5
-0.0073129
-0.0087919
0.0039775
-0.0010446
0.0065668
-0.0024523
-0.005581
-0.0069707
-0.0004534
-0.0025539
-0.0013655
-0.0044623
0.0087687
-0.0079884
-0.0045039
0.0059213
0.0027101
-0.0043522
-0.0080133
-0.0055706
-0.0061286
0.0019127
0.0010039
-0.0009411
0.0002684
0.0098337
0.009358
0.0075521
0.0024096
-0.0003245
0.0016468
0.0059649
-0.0001121
0.0033635
-0.0049931
0.0032379
-0.0026153
-0.0006828
-0.0055135
0.0066966
0.0052738
0.0021463
0.0012804
-0.0069169
0.0092664
0.0081098
0.0043109
-0.0019527
0.0064391
-0.0034864
-0.006698
0.0036703
-0.0003947
