-0.0037224
0.0053871
-0.0037877
0.0006177
-0.0027831
-0.0039449
-0.0099049
-0.0072231
-0.0020388
-0.007284
-0.0075679
-0.0079582
-0.0070214
0.0048445
-0.0094927
-0.0007367
-0.0042747
0.0058561
-0.005366
-0.0044738
0.0014414
-0.0042036
-0.0049769
0.0032142
0.0090419
0.0089198
0.003563
-0.0052235
-0.0080415
-0.0033206
0.0037376
-0.0099571
0.0066266
0.0012938
-0.0047001
-0.0017178
0.0073112
-0.0057511
-0.0001172
-0.0046551
0.0039141
-1.0e-5
0.0066451
0.0035445
-0.0024099
-0.0048491
0.0096777
0.0061765
0.006233
0.0081594
0.0015277
0.0005429
-0.0037988
0.0073662
-0.0034598
-0.0073579
0.0012223
0.0033717
-0.0036045
0.0034812
0.004644
0.0077476
0.0048096
-0.0014668
0.0041846
0.004649
-0.0058864
-0.0060243
-0.0070816
0.0040603
0.0004578
0.0093857
-0.0086519
-0.0013703
0.0073702
0.0026474
-0.0044885
0.0050367
-0.0027763
-0.0037735
0.0017393
0.008953
0.0075097
-0.0054477
-0.0079722
0.0031538
-0.0017749
-0.0013251
0.0040711
-0.0086237
-0.0032123
-0.0071924
0.005779
-0.0084735
0.0041171
0.0095102
0.0009886
-0.0060314
-0.0010872
0.0079074
-0.0033462
-0.0012858
-0.0097702
0.0030224
-0.0055293
0.0040837
0.0073076
0.0040328
-0.0045129
-0.0093696
0.0029725
-0.0024691
0.0021607
-0.0015297
0.0009177
0.0009886
0.0009079
0.0084441
-0.0051094
0.0060246
-0.0037574
-0.0012831
0.0001757
-0.0035704
0.0055186
0.0076987
-0.0044671
-0.0033347
-0.006254
0.0030414
-0.0023671
0.008738
-0.0081966
-0.003579
0.007022
0.0069914
-0.002188
-0.0076369
-0.0061862
-0.009316
0.0013455
-0.0050778
0.0051523
0.0073051
-0.0087027
-0.0076428
-0.000527
0.0052423
0.0045135
0.0019499
0.0092776
-0.0054586
-0.0032428
0.0053218
-2.53e-5
3.87e-5
-0.0072013
-0.0028854
-0.0092594
-0.0099774
-0.0031451
-0.0040674
0.0002085
0.0009367
-0.0074693
-0.0044174
-0.0066106
0.0060192
0.0032475
-0.0033048
-0.0088836
0.0097391
-0.0065596
-0.0061284
0.000949
-0.0017038
-0.0041064
0.0004125
0.004906
0.0065609
0.0075153
-0.008678
-0.0061808
-0.0023846
-0.0005555
-0.0034499
-0.0042865
-0.0095221
-0.0073677
-0.0020769
0.0058295
0.0019145
-0.0056784
0.0021726
0.0097867
0.0054171
-0.000662
0.0059935
-0.0033775
-0.0077182
0.0063983
0.0049927
0.0027024
0.0060359
-0.0062765
-0.0045582
0.0065372
0.0089019
-0.0057723
0.0017891
0.0096532
-0.0088807
0.0026577
-0.0057413
0.0041156
0.0068439
0.0011092
-0.0076311
0.0081205
0.0071699
-0.0004345
0.0063579
-0.0039771
-0.004623
0.0087937
0.0060524
-0.0093035
-0.0027599
-0.0043456
0.0045777
-0.0024101
-0.0025961
-0.0092793
0.0072791
-0.0026791
0.0035564
-0.0070082
0.0072502
-0.00609
-0.0053961
-0.0021461
6.45e-5
0.004298
0.0045544
-0.0017393
-0.0063434
-0.0079311
-0.0019685
-0.0089037
-0.0013038
0.001984
-0.0023249
0.0043678
-0.0006476
0.0029783
-0.0015013
-0.0083484
-0.0035818
-0.0042991
-0.0070764
0.0057525
0.0001934
-0.0041487
-0.0081671
0.0003061
0.0011202
-0.0055131
0.0098061
-0.0058614
-0.009477
0.0009126
-0.0059972
-0.0069751
-0.0091126
0.0061882
0.0071996
-0.0089817
-0.0080852
-0.0093148
-0.0031979
0.0067382
-0.0093697
-0.000592
-0.0002716
-0.0007642
0.0092123
0.0071727
0.0050579
-0.001445
-0.0027069
-0.0077694
-0.0093888
0.0067795
0.0089718
-0.0036166
-0.0028953
-0.0090914
0.008033
-0.0051922
-0.0061463
-0.006501
0.0059152
0.0001733
-0.0031468
0.0032945
0.0059849
0.0021355
-0.009918
-0.0064456
0.0068088
0.0039657
-0.0045411
0.0091974
-0.008424
-0.0038013
0.0014159
-0.0085689
-0.0035771
0.006617
-0.0080954
-0.0013718
0.0004523
-0.0034389
-0.0005783
0.00929
0.0094607
-0.0033072
-0.0023201
0.0020519
0.0067369
-0.0062087
-0.0001256
0.0031415
-0.0091764
-0.0028811
-0.0078236
0.0070156
-0.0061522
0.0098502
0.0045923
0.0060419
0.0088382
0.0050505
0.0059603
-0.0096117
0.0079753
0.0010539
-0.0090577
0.0039534
-0.0075564
0.0060993
-0.0003791
-0.0020758
0.0009822
0.0061519
0.0066758
0.0047142
-0.0039343
-0.0070957
-0.0079966
-0.009854
-0.0046893
-0.0034351
0.0035868
0.0097111
0.0062285
0.009137
-0.0016223
-0.0040951
-0.0021534
0.0080734
-0.0091765
-0.0029589
-0.0035632
0.0041366
0.001235
0.0045243
0.0055992
0.0060443
-0.0055059
0.0035559
0.008129
0.0021246
-0.0049739
0.0090882
-0.0033126
0.0032856
-0.0005489
0.0082779
-0.0095398
-0.0073445
-0.0061998
0.0011837
0.0049836
-0.0053516
0.0039408
0.0020442
0.0068583
-0.0097757
-0.0099593
0.0038171
-0.0060886
-0.0007913
0.0097456
-0.0078071
-0.0009462
-0.0096258
-0.0002237
-0.0024355
0.007584
0.0018987
-0.0056269
0.0087669
0.003192
-0.001669
-0.0036912
-0.0009095
-0.00109
-0.0033771
0.0006438
-0.0069972
0.0012219
-0.0096286
0.0011951
0.0026846
0.0026911
0.0067375
-0.0005794
-0.0094752
0.0092912
-0.0089171
0.0067723
-0.0089101
0.0013378
-0.004607
-0.0001172
-0.004806
0.0084549
0.0048429
0.0005713
0.0021691
-0.0065551
-0.0044831
0.0013808
-0.008907
0.0077038
0.0072053
-0.0019328
0.0049577
0.0061973
0.0085983
0.0028347
0.0038001
-0.0015485
-0.0045465
-0.0025228
0.006834
0.0055008
-0.0006369
0.0038291
0.0079558
0.0039069
-0.0053691
-0.0080585
0.0077498
0.0049241
-0.0043213
-0.0017178
0.0026617
0.0058088
-0.0077366
0.0041977
-0.0027778
-0.0088697
0.0063334
0.0023487
0.0093724
-0.0071915
-0.0075206
0.004982
-0.0072088
-0.004586
-0.0027218
0.0035741
-0.0042985
1.97e-5
-0.009409
0.0020533
-0.0058365
-0.0051746
-0.0071201
0.0034509
0.0073758
-0.004864
-0.00767
