-0.0063292
-0.0038536
0.0044216
-0.0099886
-0.0051832
-0.0074508
0.0033876
-0.0055591
-0.0086238
0.0030594
-0.0088386
0.0018086
0.0071482
0.0033186
0.002405
0.005478
0.000585
3.51e-5
-0.0021846
-0.0035683
0.0010324
-2.62e-5
0.0092648
0.0083859
-0.0045671
-0.0024889
0.0010945
0.0024399
0.0006098
-0.0015573
-0.0031531
-0.0055682
0.0042219
0.0063672
0.0035203
-0.0035393
0.0010195
-4.1e-6
0.0062733
0.0026087
0.0086904
0.0034857
0.0016304
-0.0088503
0.0098186
0.0070473
-0.0041645
-0.0040076
-0.0077892
-0.0069427
0.0098873
0.0039391
-0.0057726
0.0052256
0.0071004
-0.0098669
0.0036887
-0.0060675
-0.0049379
0.000383
0.0066975
0.0025336
-0.0081749
-0.0013068
-0.0049014
0.0026462
0.0070751
0.0043383
7.34e-5
-0.0042297
0.0015109
0.0080595
0.0085053
0.0098041
-0.0026763
0.0091805
0.0044663
-0.0098969
0.0041364
-0.0020766
0.0035815
-0.0007648
-0.0067724
0.0043001
0.0023218
-0.0009078
-8.7e-5
0.0016679
-0.0041097
-0.0043489
-0.0025033
0.0062265
-0.0030741
0.00697
-0.0088302
-0.0078914
-0.0051463
-0.0054154
-0.0047136
0.0050433
0.0004421
-0.0013954
0.0018769
-0.009116
-0.0011841
-0.0014912
-0.0003226
0.009043
-0.0076757
0.0007679
0.0098733
0.0059382
0.0036021
0.0092632
-0.004801
-0.0055264
-0.0041901
0.0014211
0.00683
-0.0070428
0.0075731
0.004452
0.003825
-0.0052216
-0.000788
0.0067609
-0.001072
0.001614
0.0054039
2.37e-5
0.0049894
-0.0089578
-0.0012961
-0.0076456
-0.0084236
0.0031341
0.0048712
0.0047868
-0.00866
-0.0086515
0.0066104
0.0094417
0.0058031
-0.0045169
-0.0002053
0.0047674
0.0053188
-0.0028049
0.0028373
0.0042898
-0.0041711
0.0004179
-0.0032779
0.0058348
0.0035715
0.0041595
0.0040869
0.0038469
-0.0057799
0.0044187
-0.0033794
-0.0002858
-0.0026897
0.0027226
-0.0081822
-0.0056138
0.0029238
0.0083745
0.0072779
0.0064223
-0.0039038
-0.0019923
0.0090354
0.0080484
0.0025768
-0.0083987
0.0021899
0.0057658
-0.0030179
-0.0012892
-0.0010923
-0.0037475
0.0001408
0.0016293
0.0055405
-0.0073885
-0.0089549
-0.0051432
-0.0043838
0.0005832
-0.0046813
-0.0037671
0.0062368
-0.0096722
0.009116
0.0056621
-0.0079872
-0.0014955
0.0036953
-0.0093454
-0.0070788
0.0043623
0.009581
-0.0094625
0.0064993
-0.0046356
-0.0039118
0.0028004
-0.004871
0.0027009
-0.0026946
0.0046129
-0.0008433
0.0067003
-0.0047633
-0.0043965
0.0039648
0.0011194
-0.0079258
-0.0061868
-0.0040457
0.0039698
-0.0017331
0.0005128
-0.0024066
-0.0050413
0.0089498
0.0085432
-0.0015595
0.0078449
0.0063845
-0.0014786
-0.0026768
-0.0056005
0.0060232
0.0029525
-0.0016359
-0.0031672
0.0069463
-0.0041547
0.0031838
-0.0054021
0.0032849
-0.0069363
0.0070931
-0.0090082
0.004679
-0.0091443
-0.003179
0.0018944
0.0016292
-0.0011405
0.0063579
0.0030742
-0.0079496
0.0028779
0.008353
-0.0072516
0.001591
0.000709
0.0023943
0.007998
0.0049076
-0.006426
0.0009739
-0.0006694
-0.0034226
0.0085939
-0.0053069
-0.0035221
0.0085648
-0.0001232
0.0014439
-0.0079617
-0.0075585
-0.004752
-0.0073611
0.0087669
-0.0097143
0.0083672
-0.0086968
0.0081782
0.004601
-0.0047699
-0.0039546
-0.0084999
0.0060273
-0.0048828
0.0072271
0.0044459
-0.0036597
0.0052762
0.0092557
0.007119
0.0076154
-0.0099018
0.0017688
-0.004611
0.0069512
0.0059423
-0.0050845
-0.0018896
-0.0046161
0.0044149
-0.0001505
-0.0085111
0.0090222
0.0094354
-0.0068564
-0.00558
-0.0036225
0.0083647
0.0061286
-0.0071375
-0.0039551
0.0045702
0.0009996
0.0068801
0.0062878
-0.0022461
0.002907
0.000836
-0.0086963
0.0062467
0.0074031
-0.0038147
0.0097714
0.0062127
-0.0016336
-0.0070662
-0.0089248
0.0041972
-0.0092205
-0.0006185
-0.0082358
0.0076155
-0.0065105
-0.0010687
0.002383
-0.0020404
-0.0015357
0.0007563
0.0052642
0.0069814
0.0003722
-0.0077627
-0.00458
0.0037723
-0.009715
0.0025952
-0.0094274
-0.0004617
-0.0024905
0.0082137
0.0020454
-0.0096218
0.0061411
0.0013946
0.0064791
0.0009941
0.0077376
-0.0008175
0.0090538
0.000644
-0.0027118
0.006908
-0.0002358
0.0075267
0.0007132
-0.0053192
0.0071813
0.0043103
-0.0099566
-0.0048058
-0.0068725
0.0050137
0.0068058
-0.0060614
0.0086252
0.003391
-0.0046801
0.0029033
0.0043293
0.0087855
0.0045853
-0.0018518
-0.005426
-0.0045709
-0.0031526
0.0011891
0.009099
-0.0084709
0.0055163
-0.0080545
0.0081236
0.0072341
0.0075819
-0.0081059
0.0046085
-0.006944
0.0098419
-0.0085201
0.009031
0.0078978
0.0002214
0.0039534
0.0052437
0.0086886
0.0005063
0.0067173
0.0084387
-0.0085361
0.0083678
-0.0046032
-0.0003258
0.0029861
-0.0037464
-0.0017984
-0.007585
0.0044868
-0.0059904
-0.0052847
0.0037749
0.0002486
0.0073121
-0.0025193
-0.0050664
0.0053226
0.0090031
0.0027491
-0.0074453
0.0091079
0.0006712
0.0013959
-0.0068669
0.0042598
-0.0016395
0.0017706
-0.0037214
-0.000188
-0.0010335
-0.0078396
0.0050698
-0.0038779
0.0017711
-0.0052012
0.003151
0.0063442
-0.0081106
0.0076901
0.0009492
0.0040954
0.006145
0.0069843
0.0014485
0.0016841
-0.0026261
-0.0085176
0.0022855
-0.0016286
-0.0011659
-0.0061823
-0.0042593
0.0095897
-0.0023827
-0.0044001
0.0031436
-0.0078516
0.0070297
-0.001037
0.0099363
-0.0092481
-0.0085672
-0.0002233
0.0049319
-0.0061549
0.0047737
-0.0057973
0.0038539
-0.0005022
-0.0017235
-0.0066237
0.0066647
0.0062573
0.0067823
0.0029603
0.0086406
-0.0035028
0.0050634
-0.007248
-0.009898
0.0081164
-0.0054936
-0.0012803
-0.0025469
