-0.0099517
0.0053785
0.0069475
-0.0011308
0.0012479
0.007346
0.001199
-0.002276
0.0044485
0.0059016
0.0095193
-0.0058714
0.0042233
-0.0083895
-0.0094559
0.0007452
0.0021197
-0.0031597
0.0081547
-0.005879
-0.0020436
0.0079914
-0.0001123
0.0040445
-0.0053783
-0.0082135
-0.0032565
6.02e-5
0.0034978
0.0042316
-0.0066164
-0.0011451
-0.0020092
-0.0064138
-0.0070341
-0.0034219
0.0084083
-0.0064756
0.0049182
0.0011169
0.0011514
0.0022529
0.0028606
-0.0054716
-0.0038256
0.0086777
-0.0055043
0.0028538
0.0089489
-0.0068833
-0.0040254
0.0068898
0.009484
-0.0061072
0.000719
-0.0059044
-0.0003074
-0.0070562
0.0094553
-0.0007611
-0.0082206
0.0067108
0.003629
0.0057503
-0.0059699
-0.0046114
0.0061496
0.005418
0.0083585
0.0075775
-0.0034596
-0.0091551
0.0042726
0.0091691
0.0044659
0.0060037
-0.0031742
0.0050192
-0.0082046
-0.0021985
0.0002885
0.0073733
-0.0074349
-0.005687
-0.0039622
0.0008687
0.0008046
-0.0004107
-0.0001626
0.0052353
0.0065981
-0.0072115
-0.006404
-0.0092709
0.0078035
-0.0056302
0.0035975
-0.0073262
-0.0025107
0.009999
-0.0074966
0.0039974
-0.0031016
-0.0073729
0.0039533
0.0037405
0.0023286
0.0080068
0.0037959
0.002501
0.003326
-0.0042997
-0.001303
-0.0073469
-0.0054683
-0.0096676
-0.0021282
0.0090629
-0.0016826
-0.0059228
-0.0035523
-0.001003
0.0072187
-0.0012426
-0.0082532
-0.0064765
0.0081549
0.001233
0.0062038
0.0093739
0.008886
0.0013697
0.0061327
0.0030641
0.0074426
-0.0041597
-0.0034509
-0.0010985
-0.0034589
-0.0057933
-0.0071047
-0.0090595
0.0024757
0.0020036
0.005375
-0.0032292
-0.0028673
0.0045554
0.0085671
-0.0040934
-0.0080141
0.0007543
-0.0066435
-0.0080287
0.0032683
-0.0066765
0.0001586
0.0051888
-0.0071758
-0.0015159
-0.0054437
0.0010562
0.0010898
-0.0076884
0.0091615
-0.0042426
0.0093997
-0.0025702
-0.003971
0.0097156
-0.0088309
0.0010312
-0.0058342
-0.0007432
-0.0065112
0.0014694
0.0004233
0.0076679
-0.0037914
-0.0065341
0.0075388
-0.0060215
0.0026634
-0.0093897
-0.0054777
0.0071677
0.0091543
0.0066256
-0.0016404
-0.0066575
0.0038165
0.0081969
0.0019063
-0.0083423
-0.0002228
-0.0017068
-0.0085202
-0.0072972
-0.0067544
0.0052003
-0.0008552
-0.0046179
0.0062634
0.0043437
0.0005097
-0.0056541
-0.0079561
0.0078347
0.0061997
-0.0058998
-0.0052072
-0.0070148
-0.0056059
-0.0028144
0.0055818
-0.0061858
-0.0033919
0.0093139
0.003262
-0.0086262
-0.0095029
-0.0076628
-0.0050428
-0.0065734
0.0035679
0.0067358
0.0016618
-0.000249
-0.0092789
-0.0064633
-0.0082369
-0.0003115
-0.0052934
0.0085581
0.0007131
-0.0003555
-0.0029777
0.0035899
-0.0031953
-0.0055714
-0.0071269
-0.0012881
0.0034366
-0.0051089
-0.0058719
0.0055874
-0.0044599
0.006919
-0.0028612
0.0081197
0.0046597
-0.0085692
-0.0054501
0.0063137
0.0050545
0.0092178
0.004818
-0.0083821
0.0005731
-0.0069118
-0.0072207
0.0016519
-0.0021275
0.001837
-0.0058134
0.0092374
0.0099775
0.0086958
0.0063993
-0.0068555
0.0085028
-0.0029109
-0.006095
0.0092248
0.0049771
-0.0038185
-0.0042235
0.0063087
-0.0064071
-0.0010638
0.0012174
0.0017807
0.0080791
-0.0021831
0.0002819
-0.0008577
-0.0015149
-0.0071478
0.0044524
-0.0097782
0.001307
0.0045453
-0.0079448
0.0037884
-0.0079258
-0.0048749
0.0079508
0.0056015
-0.0039218
0.0092625
-0.0095236
-0.0060012
-0.0047574
-0.0051606
-0.003893
0.0029874
0.0048474
-0.0095817
-0.002631
0.0003606
0.0023278
0.0038162
0.0093297
0.0071035
-0.0052064
-0.0065985
-0.0009647
-0.0023636
-0.009752
0.0076416
-0.0051063
0.0003402
0.0073507
-0.005608
-0.0086849
0.0034256
0.0017996
-0.0003522
-0.0031399
0.000734
0.0038253
-0.0003961
-0.0095763
-0.0034395
0.0008108
-0.0019799
-0.0096074
0.004594
0.0094348
0.0010083
0.0035849
0.0006282
0.0098423
0.0003839
0.0039426
0.0025427
0.0069629
0.0056759
-0.004417
0.0042398
-0.0080925
0.005477
-0.0038248
-0.0078756
0.0083606
0.002235
-0.0062134
-0.0025289
0.0023012
-0.0021857
-0.0056356
0.0022655
-0.0056393
-0.007061
-0.0091189
0.001289
-0.0038508
-0.0029584
-0.0062499
0.003705
-0.001988
-0.0023135
0.0092862
0.0062826
0.0002191
-0.0074644
0.0010493
0.0057302
-0.0033088
-0.0070748
0.0064935
-0.0011492
-0.0047316
-0.009289
0.0084002
0.0035425
0.0096194
0.0078061
-0.0025565
-0.0004599
-0.0039408
-0.0074085
-0.0085417
0.0079959
-0.0034418
-0.0050774
-0.0090935
-0.0097293
-0.0083337
0.0036086
0.0084183
-0.0028985
0.0038648
-0.0063304
-0.007099
-0.0015646
-0.0083147
0.0095243
-0.0008738
-0.0061586
-0.0081404
0.0096539
0.0046892
0.0091016
0.0044075
0.0036124
-0.0026132
0.006707
0.0021449
0.0061796
-0.0051638
0.0049321
-0.0057525
0.0023897
-0.0051089
-0.0017625
-0.0067263
-0.006123
-0.0054623
0.0086948
0.0047875
-0.0019158
-0.0093664
2.5e-6
-0.0046616
0.0057197
-0.0046037
-0.0026362
0.0021836
-0.0071116
0.0031738
-0.0049072
0.0002237
-0.0022364
0.0035888
0.0021989
0.005934
-0.0060725
-0.0099392
0.0043248
-0.0011172
0.0003806
-0.0028453
0.0064272
0.0045209
-0.0009494
-0.0074723
-0.002291
0.0068775
0.0077218
0.0005577
-0.0053247
0.002121
0.0025953
-0.0009819
0.0040789
0.0007137
-0.0017698
0.0093232
-0.0035252
-0.0067048
0.0020862
-0.0001575
0.0096398
0.002385
-0.0021746
0.0005237
0.0047536
0.0049148
-0.0092668
-0.004687
0.0024044
-0.0058687
0.0054982
0.0048339
-0.0079237
0.0087575
0.0067688
-0.0038863
0.0045778
0.0028532
0.0072018
0.0034257
0.0099816
0.0077611
