0.0099942
0.0061363
-0.0070705
0.0095358
0.0073192
-0.009277
-0.0021179
-0.0025541
-0.0025691
-0.003264
-0.0066611
-0.0052614
-0.0079587
0.0074331
0.0028639
0.0008222
-0.0021544
-0.0031578
0.0042062
0.0054902
0.0003713
-0.0007719
-0.0068339
0.0060213
0.0079504
-0.0082416
0.0050462
0.004519
-0.0042387
0.0048213
0.0032042
0.0048429
-0.0058236
0.0041182
0.0044659
-0.0060559
0.00832
0.0010886
-0.0086491
-0.0016917
-0.0052563
0.0091457
-0.0057068
-0.0093511
-0.0077327
0.002049
-0.0040514
-0.0098064
0.0080897
-0.0091596
0.0084435
0.0099731
-0.0061773
-0.0038032
0.0017407
-0.0064805
0.0042212
0.0063605
-0.0075269
0.000821
-0.001173
0.0030682
-0.0019533
-0.0059498
0.0081618
0.0087655
0.0067697
0.000655
-0.0092682
0.0071236
-0.0039752
0.007722
-0.0018401
-0.0087254
0.0004508
0.0064364
-0.009897
-0.0097603
0.0014461
-0.0047492
0.0018792
0.0080443
0.0079875
0.0031339
0.009882
0.0034208
-0.0094732
0.0010077
0.0007314
0.0022633
0.0097949
0.0018934
-0.0071853
-0.0040882
-0.0094986
-0.0006421
0.0093075
-0.0039334
-0.0073953
-0.0028086
-0.0090677
0.0029638
0.0024242
-0.0002494
0.0078149
-5.58e-5
-0.0099025
0.0011416
0.0024655
-0.0038592
0.0024406
-0.0021373
-0.0054918
0.0009982
0.0085555
0.0070004
0.0022075
-0.0001705
-0.0079781
-0.0090383
0.0085069
-0.0053838
-0.0037277
-0.0087943
-0.0008003
0.0017918
-0.0093527
-0.0059564
-0.001254
-0.0074309
0.0064995
0.0004922
-0.0045432
0.0001503
0.0090501
0.0085955
-0.0089347
-0.0095331
-0.0072839
-0.0039416
-0.0027128
-0.0029138
0.0002107
0.0080576
0.0034335
-0.0064313
-0.0004221
-0.0052818
-0.0048051
-0.0016212
-0.0035979
0.0001047
0.0041418
-0.0001078
-0.0088498
0.0049889
-0.0095709
0.0040197
-0.000225
0.0023613
-0.0030058
0.0007588
-0.0050079
-0.0064373
-0.0097754
-0.0057474
0.0013855
0.0049008
0.004536
-0.0086383
-0.0095506
-0.003338
-0.0071079
0.0095525
0.0002061
-0.001297
0.0082961
0.0035879
-0.003974
-0.0017214
0.0017054
-0.0063577
0.0082155
-0.0036038
0.0001864
-0.0056906
-0.002932
-0.0007354
-0.0054557
0.0014042
0.0026949
-0.0076638
0.0025051
-0.0075216
-0.0048146
-0.0064328
0.0046147
-0.0073625
-0.0018413
0.0085598
0.0043608
0.0026173
-0.0015192
-0.0001755
0.0033337
-0.000519
0.0003244
-0.0040241
-0.0040992
-0.0001987
0.0046933
0.0005104
0.0026677
-0.0012596
0.0002503
-0.0001596
0.0088773
-0.0075478
0.0035632
-0.0057279
0.0041649
0.0004502
-0.0046385
0.0046428
0.0087602
0.0086825
-0.0064288
-0.0040192
-0.0091123
0.0079137
-0.0011305
0.0035287
0.0093854
0.0069084
-0.0070317
0.0079101
0.0091213
-0.0013499
-0.0098146
0.0076182
-0.0077182
0.007547
-0.0090832
0.0067143
-0.0087553
0.0067721
0.0047923
0.0043641
-0.0036155
0.0065261
0.0003372
0.0009225
-0.0078927
0.0045141
0.0055872
0.0053261
0.0067658
0.0073723
-0.0038224
-0.0090744
-0.009043
0.0070792
0.0015826
-0.0078214
0.0060171
0.0003204
-0.0049688
3.44e-5
0.0023479
0.0044169
-0.0037873
-0.0063917
-0.0017601
-0.0029196
0.00903
-0.0007476
0.0024993
0.0020226
0.0044066
-0.0025388
-0.0009123
0.006438
0.0068122
0.009916
-6.31e-5
0.0096583
-0.0065991
-0.0045331
0.0014077
0.0005995
0.007686
0.0070462
0.009215
0.0067655
0.0069567
-0.0017409
0.0043034
-0.0092141
-0.0055613
0.0035961
-0.009891
0.0088617
-0.0028257
0.0053364
0.00891
-0.0068348
-0.0017273
0.0030191
-0.0089723
0.006335
0.0080285
-0.0093955
-0.0065721
0.0096453
0.0073324
-0.0077125
0.0067494
0.0057895
-0.0048103
0.0021732
0.0050028
0.0099948
-0.0031019
0.0004552
-0.00435
-0.0061498
-0.0095882
-0.0003858
-0.0080228
0.0037444
-0.0046788
-0.0014661
-0.0043209
0.0026586
0.0006669
0.0010499
0.0076781
0.0033684
-0.0050606
0.0055068
-0.0028584
0.006385
0.0077978
-3.47e-5
0.0070457
0.0044667
0.0067459
-4.06e-5
-0.0011019
0.0098901
0.0027499
-0.0029665
0.0040563
-0.0056151
0.0040661
0.0010001
-0.0050064
0.0082835
0.0016159
0.0007152
0.0006295
0.000267
0.0070614
-0.0006391
0.0012812
0.0059171
0.0062318
-0.0013742
0.0081342
0.0015756
0.0034083
-0.0016004
0.00479
-0.0082475
-0.0055667
0.0090152
0.0022335
0.0025587
-0.0053449
-0.0068757
0.0069905
0.0093939
0.0026274
-0.0001577
0.0092732
-0.0099543
0.0043366
0.0069968
-0.0010507
0.0026285
-0.0016075
-0.0059324
0.0092621
-0.000254
-0.0067504
0.0078318
0.0061037
-0.0061358
0.0043094
-0.0027544
0.0040794
0.0083801
0.0089474
0.0019822
0.0095696
-0.0092237
0.0098906
0.0032307
0.0016095
0.0061764
0.0096488
-0.0093276
0.0074384
-0.0042428
-0.0042499
-0.0086991
0.0084887
0.0048715
-0.0020602
-0.0068382
0.0054646
0.0068644
-0.0032121
-0.0007995
-0.0097019
0.0073685
0.0005077
-0.000579
0.0040743
0.0094276
-0.0041328
0.0007586
-0.0058322
-0.0049328
-0.0016225
0.0079435
0.0017542
0.0074677
0.0073257
-0.0094844
-0.0092651
0.0073837
0.0001404
0.0083325
-0.0092176
-0.0005673
0.0005572
-0.0083867
0.0046133
-0.001393
0.0061526
-0.0058857
-0.0051425
-0.0010894
0.0044357
-0.0071154
-0.0024217
-0.0017192
-0.0063411
-0.0040832
0.0020286
0.0022898
0.0082737
0.0007444
0.0024737
0.001272
-0.0061103
0.009419
0.0050945
-0.0093881
-0.0023749
0.004337
-0.00061
0.0096008
-0.0084503
0.0070085
-0.00163
0.0030738
0.0029414
-0.0009618
-0.0091737
-0.0002979
-0.0079635
-0.0007216
0.0096607
0.0086686
0.00749
-0.0037719
-0.0035952
-0.0089664
-0.0012591
0.0036931
-0.0004237
0.0022331
0.0016437
