-0.0008027
-0.00243
0.008541
0.001544
-0.0099674
0.0052357
0.0050568
0.0076693
0.0049911
-0.0087036
-0.0012823
-0.0037262
-0.0018159
0.0078411
-0.0017076
-0.0012087
-0.0018077
0.0074126
0.0018296
0.0020613
0.0071691
0.0026638
0.0086284
1.02e-5
0.0039943
-0.0008289
-0.0030421
-0.0037148
-0.0013543
0.0070346
-0.0068331
0.0082421
-0.0025996
-0.0093248
0.0096404
-0.0095546
-0.0002309
0.0078763
0.0011945
-0.0047007
-0.0068431
0.0084611
-0.0079863
0.0089924
-0.0049854
-0.0031837
0.0044596
-0.0073234
-0.006805
-0.0019247
0.0018615
-0.0045236
-0.0044785
-0.0011545
0.005947
-0.0092098
-0.0056327
-0.0098803
0.0030931
-0.0062571
-0.0011746
-0.0003193
0.0037459
-0.0063192
-0.0098032
-0.0099904
-0.0053293
-0.0038092
0.0076104
-0.0093921
-0.0052576
-0.0090452
-0.0013453
-0.0087549
0.0049622
-0.0049208
0.0058806
-0.0012329
-0.0042481
-0.0052818
0.0071223
-0.0008342
0.0014183
0.0012172
0.0010867
0.0009673
0.0067533
0.0044024
0.0079446
0.0057032
0.0084077
-0.0061785
0.0015663
0.0062377
-0.0001261
0.0035313
0.0087763
0.0037834
0.0024978
-0.0022377
-0.0095457
0.0016154
-0.0068218
-0.0023639
0.001447
-0.0027186
-0.0045095
2.81e-5
0.0011016
-0.0010486
0.0056723
-0.0067859
0.0002652
0.0001213
0.0086937
-0.0019721
2.17e-5
-0.0030493
0.0016524
0.003322
-0.0011377
0.0052074
-0.005516
0.0059846
-0.0005078
0.0057108
-0.0080083
-0.00986
0.0093733
0.0076027
0.0097358
-0.0016874
-0.008671
0.0083052
0.0078785
-0.0010414
0.0024826
0.0090936
0.0038183
0.0036422
-0.0066372
0.0058426
0.0011916
-0.0050995
-0.0055922
0.0088303
0.0096252
-0.0083259
0.0061928
-0.0072189
0.0002648
-0.0048256
-0.0040379
0.0054295
0.0031201
0.0021327
-0.0067802
-0.0018175
0.0065833
0.0058608
-0.0092044
0.0045957
0.0011427
0.0027655
-0.0067764
0.0008464
0.0022339
0.0010414
0.0062028
0.0034613
-0.0080006
0.0090185
0.0091608
0.0095894
-0.0056554
-0.0046385
0.0018656
0.0028676
-0.0085428
-0.0094818
0.000467
-0.0016119
-0.0069819
0.008823
0.0030958
0.0081365
-0.0087873
-0.00108
-0.0033159
0.0011613
-0.0048662
0.0094823
-0.0090821
-0.000856
-0.0012633
0.0008687
0.0011364
0.0046113
0.003129
0.0030008
0.0021935
0.0053102
0.0023063
-0.0095466
-0.000703
0.0038793
0.0065786
-0.0025492
-0.009237
-0.0038302
0.0077597
0.0086931
0.0063272
-0.0073682
-0.0012607
0.0034804
-0.0028049
-0.0080623
-0.0079625
-0.0041129
-0.000863
-0.0040473
-0.0090373
-0.0016534
0.0097541
0.0031028
-0.0015135
-0.0037494
-0.0081831
0.0094583
-0.0068248
-0.0019594
0.0092989
0.0093157
-0.0054356
0.0024608
-0.0096782
1.07e-5
0.0077957
0.008779
-0.0003969
-0.0018999
-0.0071317
-0.0011705
0.0050075
-0.0093665
-0.0080836
0.0052271
-0.0056105
0.0044726
-0.0096311
-0.0004202
0.0048902
-0.00797
0.0004383
-0.0053493
0.0054898
-0.0027954
-0.0079721
-0.0092653
0.0086611
-0.0057512
0.0002073
-0.0075711
-0.0092314
-0.0043563
0.0091028
0.0057015
0.0008252
-0.0045629
0.0007447
0.0020406
0.0025612
-0.0053195
0.0008722
-0.0062453
-0.0012789
-0.0079843
-0.0072634
0.0072552
-0.004873
-0.005722
-0.0024495
-0.0054189
0.0041187
-0.0025237
0.0063517
-0.0054119
-0.0035339
-0.0082888
-0.0012671
0.0076825
0.0079148
-0.0071067
0.0036205
0.0069739
-0.002022
-0.0036996
0.0029744
-0.0074457
0.0047751
0.0020718
0.0090787
0.008129
-0.0037541
-0.0019557
-0.0006877
-0.0048699
0.0081439
-0.0070792
0.0065397
-0.0004475
-0.0085964
0.0092465
0.0084237
0.0034047
-0.0074962
-0.0028802
0.0064039
-0.003478
-0.0059679
-0.0095269
-0.0030717
-0.0007119
0.0013874
0.000903
-0.0038856
-0.0051639
-0.0056101
0.0055528
-0.0099391
-0.0093803
-0.0038112
0.0021067
0.0098102
0.004852
-0.0002886
0.00348
0.0076199
0.0034244
0.004748
0.0091717
0.0093808
0.003775
0.004895
-0.0064574
0.0027891
0.0029891
-0.005678
-0.0014076
0.0073785
-0.0042915
0.0026145
-0.0004862
-0.000689
-0.0031202
0.0075213
-0.0052233
-0.0066003
-0.0010076
-0.0054751
0.0019416
0.0019751
0.0016559
0.008042
0.0075102
0.0064331
0.0074862
0.005127
0.0023715
0.0041916
0.0053946
-0.0057021
-0.0063552
-0.00757
0.0073758
-0.0095434
-0.0013496
-0.0079072
-0.0020873
0.0001391
-0.0087292
0.0042166
-0.0062815
0.0070589
0.0048747
0.0008753
-0.0011354
-0.0031939
-0.0082567
-0.0095554
0.0006387
0.0071093
-0.0031904
0.0082123
-0.00714
0.0017889
-0.0099189
-0.0074746
-0.0083862
0.0008126
0.0014943
0.0096713
0.0082609
0.0081231
-0.0035189
-0.0049089
0.0086343
-0.0013482
-0.0067677
0.0059426
-0.0021031
0.009922
0.0054116
0.00368
-0.0080752
0.0073411
-0.0039153
-0.0072266
-0.0007329
-0.0096999
-0.0071708
0.0035539
-0.0059518
-0.0016797
-0.0056805
0.004872
0.009033
0.0001287
0.0006717
-0.0058603
-0.0077771
-0.0063957
0.0040161
0.0099681
0.000983
0.0099803
-0.0006251
-0.0055488
-0.0014504
0.0084869
-0.0097044
0.0005564
0.0077694
-0.0024096
0.0053132
-0.0008965
0.0051145
-0.0067483
0.0093361
0.0044265
0.0031541
-0.0073977
0.0095924
0.0093577
0.0034646
0.0087677
0.0009928
-0.0089481
0.0015901
-0.0041159
0.0032512
-0.000742
0.0037018
-0.0079787
-0.0011997
-0.0077517
-0.0081826
-0.0039691
-0.0076804
0.0074627
-0.0095586
-0.0069935
-0.0048434
0.0042534
0.008666
-0.0072315
-0.0094171
0.0047279
0.0088669
0.0066769
-0.0005406
-0.0031998
0.0085116
0.0079033
0.0010483
0.0028072
0.0064935
0.001882
2.15e-5
-0.0051511
0.0033136
-0.003223
0.0021146
0.0088967
