-0.009875
-0.0049308
-0.0078903
-0.0027958
-0.0052068
0.0031522
0.0092794
-0.0058389
0.0019228
-0.0052355
0.0059498
-0.0090982
-0.0061875
0.0090855
-0.0033801
-0.0066478
-0.0013164
-2.32e-5
-0.0052743
0.0012466
0.0077439
0.0019945
-0.004776
-0.0020029
0.0025752
0.0046785
0.0041951
0.0089075
-0.0074066
-0.0007935
0.0083476
-0.0053489
0.0017528
0.0056235
0.0048388
-0.0037122
-0.0047139
0.0096442
-0.0080961
3.48e-5
-0.0084162
0.0034597
-0.0021082
-0.0091297
-0.0068141
-0.0071708
0.0012893
-0.00814
0.0024483
-0.0065457
0.0082597
0.0079885
-0.0008801
-0.0038985
-0.0073075
0.0005931
-0.0079488
0.0059442
-0.0069711
-0.003704
-0.0043618
-0.0097183
-0.0078218
-0.0012686
0.0035323
-0.0058984
-0.0004105
-0.0005635
-0.0052698
0.0088012
-0.0089207
0.0015823
0.0026733
-0.0072292
-0.0087226
-0.0023406
0.0081397
0.0019902
-0.0066457
-0.0066502
-0.0017665
0.0001181
-0.0005563
0.0047127
-0.0061605
0.0085782
0.0006283
0.0088516
-0.0012918
0.0052347
-0.0017497
-0.0064274
-0.0060798
0.0035293
0.0014103
0.0088535
0.0076975
0.0037313
0.0053577
0.0057616
-0.0099824
0.0059378
0.0011267
-0.0037827
0.0027773
0.0039544
-0.0039349
-0.0044917
-0.0011893
0.0089342
0.0051377
-0.0013016
-0.0006551
-0.0053913
0.0029936
0.0015951
-0.0011103
-0.0004591
0.0084822
-0.0037301
0.0066348
0.0036763
0.0065744
-0.0042295
0.0086937
-0.0039112
-0.0080577
-0.0064053
-0.0071322
0.0071357
0.0042768
-0.0010644
-0.0039852
-0.0065891
0.0046349
0.0039794
0.0099149
0.007123
-0.0041744
0.0055503
-0.0060218
-0.0022504
-0.0098391
-0.0023369
0.0052175
-0.0083913
-0.0046775
-0.0076135
-0.003814
-0.0087574
0.0034634
0.0019694
-0.0068216
0.0099255
-0.0021065
-0.0068225
0.0086128
-0.0038278
0.0015028
0.0088185
0.0066122
-0.0031032
-0.002229
-0.001589
0.0011694
-0.0007769
0.00191
0.0033725
-0.0091549
-0.0023995
0.004534
0.0010433
-0.0009628
0.0089825
0.005719
-0.0007266
0.0070951
-0.0086015
-0.0090424
0.0096418
-0.0061088
-0.0030874
-0.0073572
-0.0047297
0.0026462
-0.0084804
0.0094932
-0.0039323
-0.0087886
-0.0037005
-0.0012072
0.0090308
0.0037341
0.0026447
-0.0061418
0.005202
0.0009367
-0.00079
0.0012649
0.0055516
0.0080773
-0.0022928
-0.0064917
0.0075963
0.005646
0.0016342
-0.0026809
-0.0057824
-0.0018264
-0.0056301
0.0007273
0.0005074
0.0064587
0.0051066
0.0031412
-0.0049475
-0.0044496
-0.0007877
-0.0091673
-0.0034694
0.0048236
-0.0011566
0.0098612
-0.0093826
0.0005407
-0.0099148
0.0037522
-0.0095841
-0.0047552
0.0043994
-0.0027734
-0.007894
-0.0047077
-0.0096215
-0.0039002
0.0049319
-0.0079581
-0.0098248
-0.0053604
0.0025717
0.0032874
0.0049853
0.0093932
0.0075426
0.0041947
-0.0002241
-0.0009813
0.0046743
-0.0064889
-0.0074114
0.0043015
0.0017124
0.0075985
3.07e-5
-0.0049345
0.0090151
0.0031539
-0.0085569
0.0094168
-0.0024872
0.0039381
0.0018701
-0.0065855
0.0028026
-0.0024513
0.0001242
0.0060752
0.0078117
0.0067292
-0.0039577
-0.0054472
0.0056197
-0.005273
-0.0017195
-0.0068125
-0.0038916
-0.0014836
-2.84e-5
-0.0022477
-0.0019934
0.0061591
0.0023184
0.0090167
-0.0089654
-0.0068535
0.0062427
-0.0063513
0.0018537
0.0028091
0.0061957
0.0080248
-0.0080205
-0.0045672
-0.0070142
-0.0012239
-0.0022314
-0.0073079
-0.0089878
-0.0071996
-0.0083745
-0.0023222
-0.0053958
-0.0036018
0.0086988
0.0058093
-0.0065074
0.007687
-0.0094667
0.0055843
0.0005399
-0.0015071
0.0074707
0.0047447
0.0067532
-0.0056523
0.0051484
-0.0090786
0.0015946
0.0032027
-0.0026282
-0.0078193
0.0057929
-0.0095881
0.0089946
0.0045302
-0.0066971
-0.0007888
0.0044652
0.0051724
-0.0038949
0.0035922
-0.0035672
-0.0098954
0.0060809
-0.0020344
0.0077709
-0.0034014
0.0053015
-0.0092027
0.007163
7.45e-5
0.0088358
-0.0085933
0.0031771
-0.0011557
-0.008978
0.0072621
-0.008121
-0.0091717
0.0033598
-0.0091054
-0.0055756
0.0094827
-0.0091733
0.0042857
0.0074682
0.0019105
0.0013191
0.009308
-0.0053253
0.0096367
-0.0001852
-0.0088818
-0.0095012
0.0059636
0.0027288
0.0063214
0.00359
-0.0096291
-0.0082642
0.006061
-0.002078
0.0019583
-0.0076613
0.0091144
0.0041106
0.0072096
-0.0037124
-0.006877
-0.0011529
-0.0089285
-0.009874
0.0085107
0.0091654
0.0093109
0.0002964
-0.0007123
0.0091823
0.0028166
-0.0083293
-0.0001767
-0.0010399
-0.0018461
0.0023236
-0.0087341
-0.0096988
-0.0034711
-0.0071013
0.0033112
0.0054709
0.0008686
0.0078703
-0.0083706
0.0082977
0.0039374
-0.0059191
-0.0059844
0.0020443
0.0004283
0.000101
0.0064447
-0.0046483
-0.0025405
0.0028679
-0.005775
0.0073501
0.0012942
-0.0060882
0.0094049
0.0023997
0.0091043
0.0059716
-0.0055913
-0.002978
0.0051515
-0.001782
0.0042652
0.0013597
-0.0046075
0.0074593
0.0012093
-0.0030827
-0.001746
0.0073772
-0.0024324
-0.0095654
0.0057778
-0.0016598
0.0050036
-0.0012057
-0.008674
0.0059555
0.0078033
-0.0038762
-0.0011626
-0.0046705
0.0051899
0.0066688
0.0021767
-0.0015002
-0.0033375
-0.0009174
0.0014736
0.0070314
0.0080576
0.0014049
0.0030812
0.0074012
0.0081108
-0.0058242
0.003058
0.0019822
0.0032026
0.0003395
0.0069012
0.0043454
-0.0032708
0.0015339
0.0045533
-0.0053425
-0.003087
0.009378
0.0017692
-0.0046015
0.0056273
0.0049976
-0.0032061
-0.0092056
-0.0002915
-0.0075148
0.001049
0.0056903
-0.0004633
0.008947
-0.0075758
0.0015045
0.0061398
-0.0099963
0.0089483
-0.00217
0.0068248
-0.0021495
-0.0001432
-0.0011742
0.0041314
