-0.0099221
0.0079939
0.0036059
0.0093693
0.0035601
-0.0078862
-0.0079763
0.0030843
0.002313
-0.0053489
0.0081814
0.000639
0.0023545
-0.0048036
0.0013967
0.0008166
-0.0092508
0.0053784
0.0075385
-0.007819
0.0034704
-0.0054317
0.0034732
0.0007029
-0.002522
-0.0065629
-0.0073228
0.003245
-0.0073615
0.0071573
0.0062755
-0.0003662
-0.0077541
-0.0057296
-0.0026474
0.0010928
-0.0093391
0.0033509
0.0010348
-0.0012253
0.0010942
0.0026705
0.0090059
0.0032043
-0.0087379
-0.0038608
-2.82e-5
0.0018889
-0.0019307
-0.0064141
0.0026844
0.0005237
-0.0016373
-0.0009303
0.0026339
-0.005423
0.0097909
0.0034097
0.0095904
0.0050133
0.0059936
0.0008089
-0.0026941
-0.0043576
-0.006915
-0.0075108
-0.0042223
1.5e-6
0.0026583
-0.0054908
0.0047017
0.006662
-0.0046101
-0.0098789
-0.0018461
0.0021378
-0.0039041
-0.008029
-0.0088416
-0.006754
0.0082049
-0.0008897
0.0025603
-0.0091173
0.0039144
0.0086644
0.0026663
-0.0036654
0.0078037
-0.0008343
-0.0095298
0.0010943
-0.0040094
0.0049387
0.0054262
-0.0090851
0.0002993
0.0051193
-0.0067382
-0.0009187
-0.0053323
0.0099394
-0.0048805
-0.0088761
-0.0030694
0.0048755
0.0064579
-0.0052421
-0.0002282
-0.0099859
0.0059539
-0.0001735
0.0062788
-0.0059134
0.0048837
0.0099105
-0.0005669
-0.0080039
0.0072823
-0.0001667
0.0013387
-0.0095304
-0.0044955
0.0052272
0.0054273
0.0071791
0.00668
-0.0098294
-0.0078867
-0.0015298
-0.0038957
-0.0035139
-0.0025746
0.0029075
0.0036355
0.0098766
-0.0097699
-0.0007184
0.0091172
-0.0075103
0.0021784
-0.0024993
-0.0092253
0.0020469
-0.0078828
-0.0049801
5.28e-5
-0.0046536
-0.0055025
0.0094283
0.0010304
0.0021716
0.0072501
0.0080743
0.0028587
0.008965
-0.0091467
0.0009482
-0.0002284
-0.0069768
-0.0093868
0.0020274
-0.008413
0.0055816
-0.0098534
0.0005429
-0.001715
-0.0052871
-0.0069029
-0.0032665
-0.0090878
-0.0065914
-0.0083267
-0.0064063
-0.0051895
-0.0028202
-5.05e-5
0.0086243
0.001197
0.0034027
0.0050292
-0.0087408
-0.0046937
-0.0041165
0.0032799
0.0002858
0.0070198
-0.0015639
-0.0094304
-0.0064428
-0.0013929
0.0064614
-0.0025335
-0.0005243
-0.0037074
-0.0002056
0.0088884
0.0067987
-0.0034676
-0.0010417
0.0041998
0.0084076
-0.0077622
0.0021103
0.0006966
0.0013687
-0.0071384
0.0096378
-0.0017462
-0.0002627
-0.0067967
-0.0097373
0.0027545
-0.0050045
-0.0022324
-0.0013956
-0.0050446
0.0098234
-0.0069508
-0.0005085
0.0029256
-0.0062825
-0.0080873
-0.0011116
-0.0041663
-0.0015394
-0.0021153
0.0051061
0.0099658
-0.0066191
-0.0019601
0.0003908
0.0047956
-0.007081
-0.0013391
0.0099908
-0.0005714
0.0091489
-0.0084176
-0.0030014
-0.0060201
0.0066691
0.0058739
0.0027177
0.0072498
-0.0081292
0.0033947
-0.003172
-0.0022475
0.0085138
0.0017056
0.007295
0.0046078
0.0012114
0.0071697
-0.0019271
0.004834
0.0045717
0.0047908
-0.0086179
0.0062753
-0.0010655
0.0069323
0.0041154
0.0037622
0.0003872
-0.0094057
0.0027779
-0.0095224
-0.0019851
0.0073048
0.0026798
0.0095807
0.0079615
0.0045837
0.0067663
0.0055992
-0.0082801
-0.0070932
0.0061955
0.0017678
-0.004513
0.0025269
-0.0054179
0.0048917
0.0096859
-0.0058259
0.0097861
-0.0070113
-0.0076529
0.0033405
0.0082911
-0.0074875
-0.0003054
-0.0074772
-0.005069
-0.0045526
-0.009823
-0.0069702
0.0071684
-0.0039179
-0.0011704
0.0017232
-0.0070868
-0.0004768
0.0069674
0.0072846
-0.0010106
-0.0023446
-0.0001331
0.0074319
-0.0055759
-0.0084846
-0.0026286
-0.006398
-0.0079433
-0.0089599
-0.0089835
-0.002115
-0.003254
0.0077737
-0.0053509
-0.000358
-0.0028198
0.0052408
-0.0052424
0.0091191
-0.0020385
-0.0053736
0.0066935
0.0056937
0.0004656
-0.0074321
-0.0059168
0.0015948
-0.0013434
0.0005448
0.0038052
0.005683
-0.0016597
0.0013817
0.0040355
-0.0016688
0.000282
-0.0050114
-0.005677
-0.0018155
-0.0015733
0.0079263
-0.0034333
-0.0015401
-0.0030554
0.0009122
0.0040443
0.0047382
0.0042856
-0.0058864
0.0001495
-0.0068611
-0.0080296
-0.0048513
0.0099208
-0.0056244
-0.0021446
0.005979
0.0087235
-0.0037973
0.0072793
0.0014558
-0.0090647
0.0017493
-0.0025542
0.0070766
0.0027026
0.0089823
0.0083113
-0.0067125
-9.74e-5
0.0002874
-0.0037656
0.0055274
-0.0036014
0.000901
-0.001367
0.0047548
-0.0095206
-0.009698
0.0029091
0.0090204
0.0044564
-0.0006382
-0.0066424
-0.0008073
-0.003932
-0.003324
-0.0032173
-0.0061243
-0.0099577
0.0028423
0.0012049
-0.0097211
-0.0011451
0.0057498
-0.0045397
0.0081559
0.0042527
0.0034891
0.0030304
0.0071677
0.0096453
-0.0006208
-3.68e-5
0.0080916
0.0095998
-0.0009298
0.0041482
0.0046659
0.0097149
-8.32e-5
0.0050917
-0.0061594
0.0098293
0.0029141
0.0031923
-0.0070037
-0.0007982
0.0060568
-0.0011281
-0.0097872
0.0063842
0.0006039
-0.002012
0.0045695
-0.0005943
2.64e-5
-0.0058301
-0.0090449
0.0086078
-0.0082714
0.001796
-0.0082963
-0.0081998
-0.0087164
-0.0081648
-0.0003405
-0.0070969
-0.0020526
-0.0031721
0.004798
-0.0013011
-0.0094638
0.0071966
-0.0063827
0.0058729
-0.0007147
-0.0016565
-0.0092615
-0.0090778
0.0011921
0.0037532
-0.0044606
0.0025447
0.0094572
-0.0023673
-0.0009247
-0.0082921
-0.0088534
-0.002589
0.000544
0.0092982
0.003642
-0.0039552
0.004672
0.0025562
0.0075577
-0.0047411
0.0092785
0.0092105
-0.0065858
-0.0084102
-0.0057296
0.0006015
0.00495
0.0094311
-0.0074806
0.0098302
-0.0052584
-0.0031412
-0.0080871
-0.0064559
-0.0018792
-0.0095643
0.0077327
0.0029425
-0.0017711
