0.0017944
-0.0013728
0.0094999
-0.0030488
0.000993
-0.0037278
0.0090251
0.0087591
0.0074867
0.0084151
0.0038493
0.0040524
-0.0040283
0.0027856
0.0012667
0.0034465
-0.0019242
0.0085974
0.0029225
-0.0005889
0.008324
0.0061164
0.0056662
0.0068031
0.0029739
0.0001054
0.0023436
0.0028779
0.0063574
0.0040664
0.0002922
0.006259
0.0029332
-0.0026761
-0.0047445
0.0051072
-0.0017014
0.0088473
-0.0033353
0.0085357
0.0011585
-0.0065045
-0.0041313
0.0026706
-0.0006865
-0.0069075
0.0094507
0.0054748
-0.0008296
0.0025836
0.0024449
-0.0067076
-0.0012386
-0.0031445
0.0025667
0.003514
-0.0089029
0.003661
0.0094408
-0.0045134
0.0059765
0.0018422
-0.00903
0.0071029
0.0007656
-0.0038492
-0.0015147
0.0012012
0.0009968
-0.0064214
0.008299
-0.0071312
0.006984
0.004769
-0.0065969
0.0060538
-0.0076336
0.006745
-0.0025747
0.0055887
0.0090965
-0.001814
0.0098086
-0.0025149
-0.0035792
-0.0083392
0.0049393
-0.0058006
0.0041577
0.0047678
0.0005113
0.0063435
-0.0016274
0.0007135
0.0078493
-0.0066453
-0.0059763
0.0059648
0.0075855
0.0001192
-0.0060208
-0.0007745
0.006741
0.0087581
0.0007105
0.0020063
0.0063055
1.38e-5
0.0044067
-0.0061367
0.0002706
0.0030104
0.0057875
0.0029973
0.0001007
-0.0053277
0.0046431
-0.0043111
-0.0054687
0.0086857
-0.00775
0.002493
-0.0026574
0.0043246
-0.0008568
0.0023356
0.0096887
0.0088332
-0.0051767
0.0029905
-0.0010392
0.0004936
0.0067775
0.0008303
-0.0047614
0.0032891
0.0090941
0.0061101
0.0081435
-0.0008831
0.0003064
0.0086956
0.0032239
0.0027333
-0.0018539
-0.0012329
0.0020998
-0.0012838
0.0013077
-0.0016747
-0.0089947
0.0080974
-0.0018887
-0.0048094
0.0099519
-0.0063478
-0.0061385
-0.0070614
-0.0033625
0.0038338
0.0060127
0.0058548
-0.0075658
-0.0053198
-0.0044153
0.0048151
0.0094266
0.0045242
0.0075854
-0.0093831
-0.0077632
0.0021729
0.0023714
0.000223
-0.0066359
-0.0008351
-0.0095188
0.0017293
0.0032724
0.0029031
-0.0024555
0.007332
0.0066833
-0.0033035
-0.0081705
-0.0078486
-0.0032594
-0.003541
0.0010829
-0.0004752
0.0007876
-0.0061325
-0.0083982
-0.0041102
0.0092788
-0.0047616
0.0057637
0.003217
0.0053498
0.0099993
0.0083871
-0.000746
0.0038633
0.005842
-0.00217
-0.000212
0.0004202
0.0050554
-0.0044609
0.0099226
-0.0014938
-0.0005167
-0.0042539
-0.0023197
-0.0081623
-0.0054067
0.0097314
0.0064092
0.0094667
0.0092975
0.0087748
-0.005411
0.0012446
0.0059811
-0.0077038
-0.009652
-0.0015559
0.0072814
-0.0054721
-0.0073752
0.0007647
-0.0028123
-0.009916
0.0031276
-0.0003437
-0.0065238
-0.0091978
-0.004427
0.0003896
-0.0051579
0.0097816
0.0026905
-0.0010216
0.0026227
-0.0078252
0.0054163
0.0021202
0.0026237
-0.009344
0.0025275
-0.0052011
-0.0021561
0.0085732
-0.0084571
-0.0087404
0.0063325
0.004741
-0.0092733
-0.0079709
0.006664
-0.0006796
0.0054038
0.0019546
-0.0066305
0.006039
-0.004799
-0.004888
0.004514
0.0025259
0.004442
0.0023476
0.0089199
0.0073804
-0.0096718
0.0097891
0.0017086
0.0023749
0.0028337
-0.0063259
-0.0088737
0.0049074
-0.0055981
0.0032804
0.0038068
0.0028619
-0.0059125
-0.0003727
0.0030237
-0.0071417
-0.0089527
-8.35e-5
0.0037717
0.0084972
0.0003659
-0.0054334
-0.009879
-0.0026205
0.0087632
-0.009393
0.0069958
0.0014913
0.0046716
0.0042184
0.008983
-0.0026025
-0.0063723
0.0055887
0.0005763
0.0024474
0.0084133
-0.00121
0.0086939
-0.0028163
-0.0051511
0.0049572
0.0019443
-0.0024821
-0.0040892
-0.0075789
-0.0052338
0.0042458
0.0078355
-0.0033995
0.0069113
0.0086678
0.0087677
0.003669
0.0073143
-0.0050893
0.0009059
0.0044197
-0.0088345
0.0041637
-0.0043522
-0.003806
0.00472
0.0014987
0.0005256
0.0042064
0.0055108
-0.0098312
0.0011072
0.0045933
-0.0004552
0.0043089
0.009395
-0.0047948
0.0030407
0.0098264
-0.0099677
0.0077202
-0.0033594
-0.0022699
-0.0065645
-0.0087596
0.0058023
0.0085655
-0.0024228
0.0043671
-0.0042075
0.0009171
-0.0023616
0.0022575
-0.0027975
-0.0073628
0.008978
0.0022477
0.0072699
-0.006846
0.0092822
-0.0075394
-0.0099681
0.0051177
-0.0094506
-0.0075572
0.0087637
-0.0015416
-0.0041747
0.0089309
0.0044044
0.0002296
-0.0084935
0.0025841
-0.0052015
-0.0084783
-0.0008699
-0.0072037
0.0001329
-0.0064071
-0.0073463
0.0056961
0.0035429
0.0058095
0.0085032
0.0064588
0.001985
0.0061794
-0.0069301
0.0067284
0.0081466
-0.0048123
-0.0012228
-0.0097437
-0.0095367
-0.0005398
-0.0001231
0.0009492
-0.0085975
-0.0065799
-0.0013802
0.0008799
-0.0066072
0.0039815
-0.0066827
-0.0081961
-0.0025526
-0.0081871
-0.0020691
-0.0025545
-0.0089814
0.0096362
-0.0097036
-0.0008737
0.0021363
0.0093182
-0.0040207
-0.0024211
-0.0085829
0.0079584
0.0069059
-0.0064989
-0.0071938
-0.0029313
-0.0084
-0.0062761
0.0072167
0.0073453
-9.29e-5
-0.008816
0.0062675
0.0033542
-0.0097409
-0.004537
0.0074808
0.0030991
-0.0046721
-0.0070064
0.0052467
0.0013114
-0.0050782
-0.0001077
-0.0076176
-0.0020131
-0.0012594
0.0010672
-0.0035963
0.0065035
0.0083035
0.0019993
-0.0064455
-0.0092996
0.0064094
0.005548
0.0014015
-0.0089645
0.002754
0.0061281
0.0058386
-0.0046583
-0.0022103
0.0007025
0.0095173
-0.0023541
0.0077809
-0.0030022
-0.0080195
0.0067982
0.0019133
-0.0087256
-0.0098614
-0.0036107
-0.0045406
0.0050825
0.0040737
-0.0007804
0.0012305
0.0045604
-0.0069062
-0.0036516
0.0078538
0.0044772
0.0004693
-0.0059139
0.0045113
0.0077099
