-0.0096292
0.0099573
-0.0002606
-0.0083903
-0.0050418
0.0078395
-0.0042377
-0.0012879
-0.0074424
-0.0010576
-0.0037051
-0.0013969
-0.0055257
-0.000506
-0.0080319
-0.0053784
0.0056559
-0.0077934
-0.0003073
-0.0006569
-0.0060818
0.0040638
0.0040793
0.0079035
-0.0064417
0.0042588
0.0095459
-0.0004979
-0.0080155
0.0041614
-0.0091977
-0.0013807
0.0055237
0.0038205
0.0051499
2.77e-5
0.0001933
0.000203
0.0076652
0.0064873
9.02e-5
-0.0060461
0.0098035
-0.0008757
-0.0058025
-0.0084145
0.0048636
-0.0034739
-0.0001031
-0.0071282
-0.0012046
-0.005649
-0.0011738
-0.006169
0.0015464
-0.0084017
0.0079042
0.0073657
0.0049123
-0.0097876
-0.0073164
0.0004824
0.0043197
0.0008961
0.0090703
-0.0004695
-0.0080041
0.0020962
0.0070184
-0.0069444
-0.0074321
0.0037935
0.0081275
0.0056754
-0.0002974
-0.0057084
-0.0006511
-0.0061142
0.0051568
0.0022967
-0.0027223
0.0091121
0.0033192
-0.0016998
0.0094461
-0.0085785
0.0018456
-0.0007547
-0.0095488
-0.0031146
0.0058678
0.0043519
0.0086891
0.0073396
0.0077138
0.005115
0.0020749
-0.0024552
-0.0018154
0.0078644
-0.0017176
-0.00492
0.0052482
0.002557
0.0008897
0.0031418
0.0013866
0.003964
-0.0090022
0.00111
-0.0089746
-0.0093097
-0.0042751
-0.0054206
0.0043018
-0.0005933
-0.0089366
-0.0054675
0.0018598
-0.003374
0.003021
-0.0021752
0.0020376
0.0008324
-0.0082858
-0.0015388
0.0067641
-0.0023564
-0.0058678
-0.0026721
0.0088144
0.0059161
0.0074957
0.0067472
-0.0024651
-0.0056465
0.0019411
-0.0074731
0.0032468
-0.0049279
-0.0062083
-0.0010546
-0.0010529
0.0079743
0.0048807
-0.0069895
0.0049545
0.009442
-0.0098681
0.0054306
0.0080898
0.0070552
-0.0037771
-0.0097483
-0.0090939
0.0096921
0.001382
0.0020374
-0.0027971
0.0074619
-0.007809
-0.0092139
-0.0089899
-0.0024914
-0.0010141
-0.0087766
-0.0044091
0.001861
0.0029307
0.0054545
-0.0085205
0.0020608
-0.0009112
-0.0056231
-0.002192
0.0009987
0.0033019
-0.0083624
0.0098287
0.0055462
-0.0044361
0.0028265
-0.0033441
0.0046391
0.0014549
0.0045864
0.0084233
-0.0090335
0.0096305
-0.0098445
-0.0086247
-0.0016528
-0.0097412
0.0038919
0.0073647
-0.003521
-0.0051584
-0.0067088
0.0021153
-0.0054914
0.0078502
-0.0018913
0.0015883
0.0049423
-0.0070589
0.0010878
-0.0050397
0.008954
-0.0099295
0.0084065
0.0029274
0.0062069
-0.0027696
-0.0030357
-0.001887
0.0068577
0.0067489
0.0044234
-0.0091523
-0.0083174
-0.0095622
0.0016756
0.0045182
-0.0017338
0.0084311
-0.0086962
0.0072446
0.0004751
0.0019944
-0.0042745
0.0091108
0.004991
0.007179
-0.0064145
-0.0010965
0.0042559
0.0031301
-0.0024668
-0.0086782
-0.0062933
-0.0087115
0.0076971
0.0022931
-0.0098758
-0.0030823
-0.0090657
0.0021186
-0.0031981
-0.0006458
0.0013298
0.0048587
-0.0058442
0.0007266
0.004307
-0.009714
-0.0015429
-0.0068834
-0.0014514
0.0007112
0.0003921
0.0047716
0.0072604
-0.0067615
-0.0093036
0.00192
0.0066738
0.0066941
-0.0064195
0.0027621
-0.001701
0.0050096
0.0073425
-0.0080553
0.0076549
0.0070835
-0.0024827
0.0077307
0.0079978
0.0086754
-0.0013005
0.0057946
-0.0074788
-0.0084113
-0.0036592
-0.0060647
0.0042799
-0.0091129
-0.0055587
0.0088507
-0.0096736
-0.0012799
-0.0053409
-0.0023903
0.0063921
-0.009031
0.0042026
-0.0046461
-0.0038718
0.0052139
0.0039895
-0.0035583
0.0012348
-0.0028097
-0.0032673
0.0095406
-0.0069152
-0.0081889
-0.0056427
0.0082586
-0.0030575
-0.000682
0.0029928
-0.0074511
-0.005899
-0.0075658
0.0089356
0.009938
-0.0016885
-0.0035668
-0.0075953
-0.0010124
0.0005238
0.0065351
-0.0064278
0.0097215
0.0039704
-0.0082677
0.0042178
-0.0065363
0.0048936
-0.0056895
0.0064129
0.0040743
0.0038796
0.0097722
-0.0064013
0.0097385
-0.0011016
0.0003783
-0.0009094
0.0074116
0.0060017
0.0008358
-0.0067549
0.0064931
0.0039476
0.0066162
0.0007516
-0.0050047
-0.0089583
-0.0048984
0.0061789
0.0026616
-0.0046552
-0.0050325
0.0061067
-0.0009693
0.0099031
-0.004684
-0.0093986
0.0068099
0.008716
-0.0056504
0.0066711
0.0063532
0.0074915
0.0089329
0.0079324
0.0085088
-0.0024781
-0.0063177
-0.0091128
-0.0040059
0.0094137
-0.0034262
-0.0002885
0.0002826
-0.0098658
0.0013127
-0.0084555
0.0064142
-0.0041955
-0.0044193
0.0016804
-0.0099492
-0.0022316
-0.0018308
-0.0086185
-0.0007537
-0.0064043
0.0034338
0.007365
-0.0001259
0.0040664
-0.0042679
-0.0084891
0.0054579
0.0085566
-0.0006869
-0.0009284
-0.0084056
0.0015171
0.0067505
0.0040602
-0.0090965
0.0093978
0.0059598
-0.0028121
0.008909
0.0062543
-0.0080118
-0.0060157
0.0045024
0.0059629
0.0089499
0.0010415
0.0016034
0.003982
0.007795
0.0010515
0.0091323
0.0088227
-0.0084518
0.0085395
0.0066058
0.0011
-0.0094613
-0.0025556
-0.0088937
-0.0061325
0.001618
-0.0054618
0.0065323
0.0033747
-0.0068622
0.0091569
0.0046955
0.0004885
-0.0018327
-0.004646
-0.0006998
0.001329
-0.0049467
-0.0022019
0.0070852
-0.0029322
-0.005859
0.0006418
0.005236
-0.0002831
0.0025986
-0.006078
0.0016023
0.0005408
-0.0031689
0.0077203
0.0005424
-0.0013717
-0.0031658
-0.0022015
-0.0042713
0.0074058
0.0039192
0.0026093
-0.0072811
-0.008649
0.0083784
-0.0004683
-0.0079105
0.0077811
-0.0049201
0.0088447
0.0044232
-0.006352
0.0006282
-0.0033504
-5.13e-5
0.0069626
-0.0085917
0.0066335
-0.0022186
-0.0076708
0.0038781
0.0057517
-0.0030065
0.0046362
0.0006724
0.0005016
-0.0064399
-0.0086438
-0.0008375
0.004086
0.0043361
0.0017451
0.007353
