0.0079261
0.007602
-0.0057255
0.0005822
-0.0058741
0.0080862
0.0015076
-0.0009201
0.0046544
0.0025825
-0.0073947
-0.0030706
-0.0027414
0.0026289
-0.0023732
0.0070518
0.0060051
0.002435
0.0081824
-0.0040081
0.0029313
-0.0031826
0.0081311
-0.0020398
0.0087774
0.0041865
-0.000444
-0.0016695
0.0099125
-0.0084449
-0.0092324
0.0089401
-0.0071847
0.0003886
0.0037169
-0.0081155
-0.0089927
0.0031675
0.0002879
0.009867
0.0006464
-0.006324
0.0017191
0.0055498
0.0086152
-0.0042837
-0.0047104
0.0014353
0.0025909
0.0084515
-0.0074499
0.0021582
0.001451
0.0012797
-0.0072262
-0.0057159
0.0008659
-0.0032672
-0.002631
0.0007232
0.0073943
0.0090682
0.0023892
-0.0060685
0.0023485
-0.0024088
-0.0022709
-0.006708
-0.0007117
-0.0035094
0.0061211
-0.0086132
0.0029827
0.0032531
-0.0061406
0.0058783
0.0017733
-0.0008859
0.001312
0.0037697
-0.0036973
-0.005822
-0.004628
-0.0085734
-0.0039488
-0.0099794
-0.0003153
0.0002827
-0.0079006
-0.0023842
-0.0034316
0.0055891
-0.0080656
0.0051753
-0.0087502
0.0063428
0.0022095
-0.0092666
-0.0047674
0.0049726
-0.0064623
0.0029277
-0.0038218
0.0048466
-0.00615
-0.0059478
0.0016324
-0.0062697
0.005475
0.0059528
-0.007551
-0.0007682
0.0084705
0.0061584
0.001804
-0.0052777
0.0027742
0.0035445
-0.0013817
-0.0089407
-0.0087201
0.0009007
0.0075398
0.0066613
-0.0021486
0.0026076
0.0062447
-0.0074153
-0.0008061
-0.0094928
0.0036443
-0.003059
0.0015088
-0.000977
-0.0072358
0.0055043
-0.009758
0.0013398
-0.0011327
0.0024037
5.98e-5
-0.0004319
-0.0019783
-0.0038252
-0.0003395
0.0046687
-0.002923
0.0029306
-0.0082671
0.0084529
-0.0095619
-9.45e-5
0.0008899
-0.0099251
0.0061426
0.0026274
0.0052543
0.0096829
-0.003763
0.0008039
0.0095336
-0.0025573
6.79e-5
0.0054025
0.0002105
-0.0015104
-0.0079878
0.0035938
0.0097522
-0.0066408
-0.0099302
0.008115
-0.0085915
-0.0012505
0.0067065
-0.0029699
-0.0032387
-0.0090299
-0.0086959
-0.0018851
0.0079659
-0.0009247
0.0060311
-0.004909
0.0025514
0.0082303
-0.0006425
0.0018863
0.0014977
0.0048323
0.0049044
0.0066695
0.0038533
0.0082493
0.0038517
-0.00977
-0.0075875
-0.0065461
-0.005841
0.0027222
-0.0096888
0.0087608
-0.0096365
-0.0067048
-0.0091405
0.0056976
0.0079795
-0.0097807
-0.0032707
0.0021031
-0.0096035
-0.0052467
-0.0092997
-0.008607
-0.0066116
-0.0092579
0.0032721
-0.0076581
0.0035606
0.0081872
-0.0057725
0.0056652
-0.0073474
-0.0013835
0.0058328
-0.001166
0.0012679
0.000607
-0.0067942
-0.0092789
0.0045882
0.0045842
-0.001726
-0.005158
-0.0066597
0.0022757
-0.0030951
-0.0011417
0.0037824
0.0044789
0.007674
-0.0028435
-0.0014807
-0.0082649
-0.0036485
0.0020324
0.0027103
-0.0031361
-0.0018814
0.0059514
0.0079625
-0.009482
0.0067051
-0.0090869
0.0053217
0.0006869
-0.0036973
-0.0092902
-0.0035393
0.0046637
0.0052508
0.0058487
0.0024182
-0.0074787
0.0026758
0.0074124
-0.0092132
-0.0032969
-0.0089858
0.0084076
-0.0060674
-0.0017697
-0.0039898
0.0003065
0.0042412
0.0014434
-0.0085807
-0.0023869
0.0084309
-0.0070138
0.0055329
-0.0004269
0.0008892
-0.0002161
-0.0014871
0.0020971
-0.0039586
-0.0043418
0.0036425
0.0044668
0.0041756
-0.0075223
-0.0063915
0.0052295
-0.0098888
-0.0029624
0.0061612
-0.0061888
-0.0046181
0.0034935
0.0069123
-0.0058665
0.0032432
-0.0067428
0.0075234
-0.0057676
-0.0079615
0.008247
-0.0026694
0.0058357
-0.0062566
0.0024661
0.0045903
0.0033212
0.0099791
-0.0052223
-0.0034829
0.005167
-0.0010728
0.0032304
0.0067226
0.0088352
-0.0008435
-0.003697
-0.0085247
-0.0055791
0.002134
-0.0032614
-0.002799
0.0072915
0.0032608
-0.0002548
-0.0055947
-0.0004731
-0.0096767
-0.0099907
0.0042544
-0.0023104
-0.0095846
0.0068343
0.0092804
0.0084982
-0.0018697
0.0033552
0.0059975
-0.0059163
0.0079182
0.0087625
0.0051542
0.0089212
0.0009215
0.0098623
-0.0068071
-0.0023894
0.0089612
-0.007945
-0.0058843
-0.0065543
-0.000571
0.0067891
-0.000304
0.0034193
0.0005309
0.0091117
-0.0054413
0.001799
-0.0096253
-0.0031325
-0.002213
0.0035955
-0.0020731
-0.0069046
0.0097322
-0.005704
0.005326
-0.0033694
-0.006948
-0.0047552
0.003915
0.0068231
0.0099611
-0.001376
-0.0038843
0.0026409
-0.007637
-0.0054179
0.0083023
-0.0019252
0.0087144
0.0069791
-0.0073203
0.008997
-0.0010952
-0.0099707
0.0047843
0.0088855
-0.0032083
-0.0098607
-0.0056781
0.0047173
0.00197
-8.29e-5
-0.0069709
-0.000504
0.0097497
-0.0093158
0.0022184
-0.0043123
-0.0056184
0.0089184
0.0070023
0.0049853
0.0049718
-0.0015418
-0.0083228
-0.0013245
0.0086691
-0.0044212
-0.0005753
-0.002888
0.0016312
-0.0083797
-0.0048243
-0.0042469
-0.0040288
-0.0063395
0.0003279
0.0075842
-0.005595
-0.0098146
0.0030576
-0.0079014
-0.0090805
-0.0093514
-0.0046124
0.0078241
0.0093688
-0.0081611
-0.0081362
-0.0099844
0.005058
0.0077971
-0.0023454
0.0051479
0.0020452
-0.0072139
-0.0024733
0.007004
0.0053552
-0.0024285
-0.0004467
0.0067114
-0.0021924
-0.0077937
0.0097048
-0.0080599
0.008187
-0.0050483
-0.0036833
-0.0077154
0.0044803
-0.0027289
-0.0097996
0.0030149
0.0046638
-0.0017117
-0.0051925
0.0046735
-0.009983
0.0003214
-0.0085768
-4.31e-5
0.0027626
-0.0022137
0.0079417
0.0026112
-0.0099293
0.0077711
0.0078559
0.0014106
0.0040687
0.0095032
0.0079041
0.0011105
0.0035442
-0.0089522
-0.0031003
0.0002845
-0.0090117
0.0030927
0.0082834
-0.0012212
0.0069088
-0.0052062
0.0003347
