0.0014717
0.0069564
-0.0086755
0.0095846
-0.0092601
-0.002454
0.0047611
-0.0081364
-0.0050984
-0.0035831
0.0021552
0.0094407
0.0001356
-0.0098378
-0.0071968
-0.004034
-0.0013171
-0.0050738
-0.0043324
-0.0088881
-0.0041505
0.0006004
-0.0036074
-0.0027258
0.0047269
0.0063203
-0.0053528
0.0062591
0.0003215
-0.0042867
0.0060449
-0.0076239
-0.0065631
0.0094168
0.0041564
-0.0037495
-0.0079779
-0.0059118
0.0091803
0.007349
-0.0016586
-0.0033377
0.0099918
0.0087287
0.0088797
-0.0060658
-0.0085262
0.005704
-0.006926
0.0089299
-0.004392
-0.0023435
-0.0051087
0.0012041
0.0016136
-0.0030265
0.0078956
-0.0002619
-0.0030837
-0.0075313
-0.0088285
-0.006456
0.0006219
-0.0058937
-0.0069806
-0.0090165
0.0048468
-0.009538
-0.0034275
0.0028863
-0.0059547
-0.006187
0.0035386
0.0090266
0.0087535
0.0055081
-0.0095441
-0.0025668
0.0062103
-0.002073
0.0070231
-0.0080226
-0.0004052
-0.0092552
-0.0069109
-0.0075699
-0.0080714
-0.0046944
-0.0059623
0.0024994
-0.0093278
-0.0057901
-0.0062015
0.0084392
0.0079213
0.0022371
0.0074954
-0.0050933
-0.0006972
0.0004169
-0.0062116
-4.74e-5
-0.0090131
-0.0062404
-0.0005123
0.0051374
-0.0057418
-0.0047514
-0.0002778
0.0092284
-0.0029967
-0.0083691
0.0071496
-0.0074317
-0.0085839
-0.0008223
-0.0067285
-0.0062248
0.0004292
-0.0083136
-0.0023271
-0.0081461
-0.004787
0.0024861
0.0030187
0.0075072
-0.0042664
0.0079192
-0.0005413
0.0026951
-0.0035906
0.0057299
-0.0090353
-0.0075179
-0.0099221
0.0007962
-0.0009775
0.0023416
-0.0025864
0.0068175
0.0087489
0.005093
-0.0045308
-0.0079325
0.0076547
0.0013657
0.0015352
0.0055007
-0.0007411
0.0030591
0.0010712
0.0065071
0.0012786
-0.0067226
-0.0063571
-0.0070238
-0.0099465
0.0013255
0.0090753
-0.0087151
-0.0030785
-0.0005489
0.0017988
-0.0018661
-0.0075153
0.0063081
-0.0095747
-0.0093656
0.0017028
0.0011233
0.0028918
0.0004553
0.0098759
-0.005175
0.0020079
-0.0042645
-0.008031
0.0095454
-0.0006207
0.0033607
0.0046581
-0.0096636
-0.0018261
0.0079528
-0.0002893
0.0024786
-0.004479
-8.14e-5
0.0081813
-0.0043092
-0.0022382
-0.0034906
0.0012698
0.0088471
-0.0068216
0.0032719
-0.0050293
-0.0048841
-0.002981
-0.0049356
0.0037117
0.0070007
0.0053066
0.0096571
0.0070232
0.0031612
-0.0002285
0.0043662
0.0051111
0.0040634
0.004542
-0.0023894
0.0043409
-0.0013916
0.0042704
0.0068038
-0.0075775
0.0014269
0.000733
0.0049251
0.0029758
-0.0017356
0.0068885
-0.002809
0.0060194
0.0053597
0.0042852
0.0080908
-0.0069818
0.0061131
-0.0061623
-0.0063051
-0.0084656
0.0058258
0.0098712
-0.0083348
0.0075345
0.0016766
-0.002539
-0.0043181
0.0017108
0.0090666
-0.0072949
-0.0076572
0.0082076
0.0038417
0.0002542
0.0008332
-0.0057692
-0.0060644
0.0032859
-0.0090523
-0.0025931
0.0059551
-0.0032893
0.0095447
-0.0079436
0.0045482
0.0092549
0.0056896
0.001391
0.0018102
-0.0055341
0.0067455
-0.0054095
-0.0058261
-0.0079195
-0.0067377
0.0023317
-0.0043762
0.0096965
-0.0044379
0.0074452
-0.0053594
0.0013309
0.0062662
-0.000409
0.0059956
-0.0072457
-0.0031686
-0.0084092
-0.0091834
0.000955
0.0059618
0.0019759
0.0055112
-0.0099718
0.0003965
0.0004116
-0.0043546
0.005352
0.0046531
0.0010977
-0.0068104
0.0028899
-0.0083384
0.0023695
-0.0016033
-0.0089483
0.0009602
-0.0094879
-0.004863
0.0006014
-0.0091934
0.0025695
0.0019038
-0.0024268
0.0014016
0.0056961
0.0054321
-0.0061531
0.0052041
0.0004687
-0.0045033
-0.0002071
-0.0037437
-0.0036237
-0.0049539
-0.0064375
-0.0046989
-0.0084923
-0.0064462
-0.0020615
-0.0091137
0.0038677
0.0018288
0.0008306
0.0035564
-0.0026267
-0.0046045
0.0052735
-0.0035908
-0.0035304
-0.0094335
-0.0031455
0.0031038
0.0023143
0.0077413
-0.0045832
-0.0062983
0.0041044
0.0043951
0.0040289
-0.0005356
0.0076882
0.0021138
-0.003855
-0.0026138
-0.0016247
-0.0082961
0.0086466
0.0061867
0.000727
0.0024188
0.0057754
-0.006947
-0.000681
-0.0022892
0.0001562
0.0099869
0.0016051
-0.0053761
-0.0028481
0.0093162
-0.0057651
-0.0065118
0.0035598
-0.0036863
0.0092006
-0.0001286
-0.0086548
0.0059139
0.0032053
-0.0039573
0.0012073
-0.0073391
-0.0008873
-0.0019536
-0.0036928
-0.0075833
0.0074105
0.0076518
-0.0038316
-0.0099071
-0.0084405
-0.0079336
0.0011565
0.0004895
0.0080613
-0.0063079
0.0016439
0.0014714
0.0024254
-0.0045426
0.0034461
0.0097184
0.004618
0.0014242
-0.0011005
0.0017278
0.0010392
0.0026649
-0.0051592
-0.001421
-0.0066695
0.0025227
0.0040223
0.0012635
-0.0060729
0.0069659
-0.0083085
0.006292
0.006468
-0.0003808
0.0004001
-0.0008626
0.0052885
0.0059784
-0.0003622
-0.0038262
0.001269
0.003499
-0.005253
-0.0078996
-0.0044681
0.002196
0.0014708
-0.0047376
-0.0053253
-0.003486
-0.002801
0.0009465
-0.0029788
-0.0043291
-0.0022855
-0.0060245
-0.0013231
-0.0018746
-0.0080852
0.0054969
0.0013979
0.0004071
-0.0038572
-0.0055736
0.0074168
-0.0091463
-0.0030053
-0.0005639
-0.0044262
-0.0030815
0.0088257
-0.0009466
0.0017718
0.0023515
0.009954
0.0037761
0.0022054
0.0092469
0.0095012
0.0060116
0.0049316
-0.0008283
0.0001922
-0.0036426
-0.0094219
0.0003144
-0.0056901
-0.0062503
0.0069623
0.0026667
-0.0002947
-0.0064043
-0.0084933
-0.0084246
-0.0082284
0.0029569
0.0007135
0.0016134
0.008948
-0.0053295
0.0077285
-0.000149
-0.0061278
-0.0051839
-0.0020858
-0.0095449
0.0071488
-0.0091852
-0.0087957
0.0056949
0.0013988
-0.0072479
-0.0093316
0.006213
0.0067504
