-0.0040882
0.0071338
-0.0038148
0.0018676
-0.0006446
0.0071784
0.0072535
-0.0030788
-0.0091556
-0.0012283
0.0062993
-0.0049729
-0.0052892
-0.0049043
0.0050898
0.005104
0.0039721
0.0084326
-0.0090726
-0.0034178
-0.002753
0.0087705
-0.0044321
-0.006098
-0.0024737
-0.0041823
0.002596
0.0064698
-0.0034475
-0.003803
-0.0058062
-0.0095949
0.0089134
-0.0034102
0.0003913
0.0072709
-0.0010329
0.0052399
-0.00109
0.0046606
0.0036057
0.0097328
0.0077688
0.0047506
0.0079711
0.0069957
-0.0036228
-0.0058527
-0.0033774
-0.0074768
0.0027629
-0.0031336
0.0052325
0.0073181
0.0036407
-0.0077451
-0.0025643
-0.0023898
0.0039338
-0.001423
-0.0068767
-0.0028444
-0.0012025
-0.0077116
-0.0073582
0.0056499
-0.0065932
-0.0053868
0.0021102
0.0015047
-0.0007769
-0.0001842
0.0022645
-0.0057143
0.0091206
0.00647
-0.0057241
0.0079877
0.0015351
0.0020446
0.0037742
0.0039712
-0.0098628
-0.0091108
0.0064616
0.0045268
-0.0045819
0.0046967
-0.0029788
0.0042109
0.0040294
0.0040054
-0.0054902
0.0001204
0.0088902
-0.0055285
-0.0058387
0.0029144
-0.0027801
-0.001622
-0.0066938
-0.0031067
-0.0019278
0.008239
-0.0081161
0.0086707
-0.0070055
-0.0007873
-0.0082373
0.0085239
0.007916
0.0060101
-0.0061776
0.0059238
-0.0075986
-0.0047807
-0.0021717
0.0048097
-0.0014328
0.0093531
-0.004952
-0.0094414
0.0027218
-0.005337
0.0085532
0.00964
-0.0027654
-0.0038331
0.0048494
-0.0083746
-0.0083806
0.0026304
0.0068546
0.0007171
-0.0089526
-0.0023107
-0.0068108
-0.0016834
0.0067565
0.0019865
-0.0057456
0.0047718
0.0040425
0.0031511
-0.0022759
-0.00919
0.0049529
0.0093278
0.007137
-0.0081987
0.0044084
-0.000882
-0.0051186
0.0063634
-0.0072828
0.0012477
0.0054502
0.0043846
-0.0067319
-0.0094587
0.006944
-0.0041458
0.0068893
-0.0037956
0.0029466
-0.0060492
0.0011712
-0.0017575
0.0035544
-0.0075741
-0.0019289
-0.0059335
0.0015058
-0.0025481
0.0047621
-0.0053838
-0.0058976
0.0076428
0.0082812
-0.0072393
0.0073205
0.0012816
0.0097994
-0.0058517
-0.002055
-0.006919
-0.0020664
0.0085027
0.0076192
-0.0052433
0.0081944
0.0020743
-0.0023898
-0.0012672
1.64e-5
-0.00222
0.0071491
0.0010802
-0.0037909
0.0026315
0.0027032
-0.0005574
-0.009127
-0.0067653
-0.000755
0.0013928
0.0082642
0.0004879
0.0046955
-0.0066699
0.0031146
-0.0061201
-0.0053584
0.0037745
0.0071381
0.0005632
0.0060036
-0.0080355
0.008792
-0.0075947
-0.002611
-0.003271
0.0017847
0.009516
0.0043389
-0.0072904
-0.0008749
-0.001182
0.0055866
0.0054283
0.0056245
-0.0008358
0.0012033
0.0066861
-0.0008886
0.0060655
-0.0009028
-0.0009582
0.0062804
-0.0005063
-0.0017641
-0.0041607
-0.0001239
0.0061951
-0.0020069
-1.4e-6
0.0047043
-0.0004098
0.007339
0.0058628
0.0090387
-0.0064452
0.0024811
-0.0063764
0.0088442
0.0068297
0.0022389
-0.0031037
-0.0098614
0.005985
0.005977
0.0046757
-5.41e-5
0.0047607
0.0018933
-0.0048071
-0.0060519
-0.0008694
0.0029939
-0.0037713
0.0078142
0.0054199
-0.0062517
-0.0027496
0.0078482
0.0080682
0.0083521
-0.0047951
0.0017701
0.003032
-0.0098088
0.0041956
-0.0076965
0.0010523
0.0068359
0.0060218
0.0012589
0.0004999
-0.0048119
-0.0027581
-0.0076996
-0.0073072
0.008224
0.0014104
-0.0006078
-0.0001934
-0.0010665
-0.0063884
-0.0012608
-0.0038429
0.008146
-0.004207
0.0050881
-0.000862
-0.0001531
0.0089867
-0.001219
-0.0029036
-0.0059728
0.0036723
0.0032511
0.0086253
0.005138
-0.0020461
0.0064017
0.0061707
-0.0052946
-0.0061238
0.0012742
-0.0013397
0.0026605
-0.0063772
-0.0065961
-0.0020826
-0.0004525
0.0086649
0.0093968
-0.0050766
0.0024258
-0.0014887
-0.0036223
-0.0022885
0.0063842
0.0024872
-0.0064683
-0.0028513
0.007108
0.0087771
-0.0084744
-0.0061884
-0.0041425
-0.0092235
-0.0021755
0.0066535
-0.0094185
0.0062643
-0.0061629
-0.000607
0.0033481
-0.0098656
0.0038611
0.0078024
-0.0057069
0.0035278
-0.0051614
-0.0020643
-0.0088456
-0.0088878
-0.0055907
-0.0067103
0.0076954
0.0077505
-0.0083813
0.0059829
-0.0042552
0.0041614
-0.0098157
0.0037527
0.0053997
0.0053124
-0.006415
-0.0066703
-0.0087341
0.003321
0.0052671
0.007928
0.0009883
-0.003585
-0.0090304
0.0009115
0.001646
0.0067327
0.0004106
0.0054811
-0.0088725
-0.0065114
0.0096663
-0.0015754
-0.0058002
-0.009349
-0.0022314
-0.0086842
-0.0014247
0.0014377
-0.0066765
-0.0096617
0.0044644
0.0066225
0.0004439
0.0077907
0.0040585
-0.0010801
-0.0095836
0.0056402
0.001035
-0.0090246
0.0096322
-0.0075236
-0.0026478
-0.0035999
-2.04e-5
0.0027412
0.0032481
-0.00405
-0.0076499
0.0031986
-0.0069682
-0.002809
-4.1e-5
-0.0003461
-0.0018446
0.0063816
-0.0080717
0.0090644
0.0027936
-0.0019765
0.0032078
0.0073706
0.0044764
0.0095004
-9.0e-5
0.0086157
0.0066418
0.0025155
0.0094616
0.0038335
-0.0075513
-0.0033755
0.0087648
0.0062111
0.0050449
-0.002837
0.0014699
-0.001135
-0.002232
0.0082531
-0.0084928
-0.0069226
-0.0074225
0.0038798
0.0031317
0.0084571
0.0003842
0.0071404
-0.0081045
-0.0068197
0.0037269
9.6e-5
0.0014836
0.0014764
-0.0074081
0.0048279
-0.0038853
0.0072912
-0.0081298
0.0077248
0.0040775
-0.0066543
0.0028447
-0.0056477
-0.0025761
-0.0020661
-0.0001664
0.0061827
0.007607
-0.007598
-0.0014501
0.0057058
0.0077451
-0.0006007
-0.0003611
-0.0036883
0.0038262
0.0094268
0.0015301
0.0092329
0.0087416
0.0087236
0.0016072
0.0066335
-0.0059114
-0.0069888
-0.0060088
-0.0085396
-0.0018452
