0.0007817
-0.001742
0.0089311
-0.0006284
-0.0071401
-0.0016723
-0.0094391
-0.0013298
-0.0076636
-0.0014005
-0.0038176
-0.0006486
0.0025548
-0.0013257
0.0072092
0.0052033
-0.0099656
0.0066768
-0.0010104
-0.0013006
-0.0031803
-0.0086121
-0.0097552
-5.24e-5
-0.0048113
0.0038055
-0.0066725
-0.0075484
0.0052019
0.0049384
0.002878
0.0061484
0.0073531
-0.0020028
-0.0037917
-0.0044295
0.001244
0.0066666
0.0029661
-0.0060984
0.0051538
-0.0011095
-0.0013476
0.0008545
-0.0079542
0.0044447
-0.0074688
-0.0072965
0.0085313
-0.0031519
-0.0027673
0.0066781
0.0001152
-0.0029274
0.0077632
0.0033633
-0.0018405
-0.0063333
-0.0023885
-0.0072821
-0.0090795
-0.0055492
0.0033785
0.0051579
0.0005747
-0.0043229
0.0090787
0.0088262
-0.0041516
0.0074638
-0.0042493
-0.0082462
0.0034583
0.0057673
-0.0058822
0.0067366
0.0087384
0.0038785
0.0001742
-0.0089186
-0.0016345
-0.0064711
0.0011976
0.0002842
-0.0098198
-0.0043725
-0.0031195
-0.0098241
-0.0083222
-0.0057246
-0.00138
0.008038
0.009773
-0.0081715
0.0013923
-0.0002344
0.0016228
0.0073778
0.0068361
-0.0050236
0.0066366
-0.0015363
-0.0041759
-0.0078558
-0.0014986
0.0098559
0.0070895
0.0071616
-0.0045579
0.0074043
0.0020583
0.0019591
-0.0053502
0.0086224
0.0098161
-0.0014306
-0.0086547
-0.0086488
-0.0001519
-0.0080932
0.0049082
-0.0027498
0.0029032
0.0024823
-0.0098561
-0.0058896
0.0082203
0.0094395
0.0033068
0.0018434
0.007582
-0.001212
-0.0025907
0.0064492
0.008621
0.0063311
0.0031438
-0.0094218
-0.0059525
-0.0051571
-0.0085519
0.0044995
-0.0013153
-0.0043701
0.0088375
-0.0064524
0.0099777
-0.0089023
-0.0032041
-0.0019137
-0.0081344
-0.0088351
0.0013651
-0.0043867
0.0057097
3.77e-5
-0.0026802
0.0060337
-0.0004668
0.0002905
0.0025548
0.004935
-0.0004847
0.0052369
0.000608
0.0088161
-0.007466
0.0009449
-0.0036846
-0.0051104
0.0018245
0.0083842
0.0040434
-0.0021691
-0.0073682
0.0070209
-0.0071931
0.0025651
-0.0066431
-0.0008547
0.0054199
-0.0050738
1.26e-5
-0.0049357
-0.0072116
-0.000301
0.0071008
-0.0010122
-0.0097582
-0.0016291
-0.0013146
0.0045296
0.0017995
-0.0068275
-0.0023265
-0.0043236
-0.0048097
0.003612
0.0007792
-0.0009669
-0.0022954
-0.0048228
0.0005726
0.0009061
-0.0017714
-0.0024389
-0.0070331
0.0089733
-0.0058756
-0.0047321
0.0036652
-0.0012458
-0.0063049
0.0042189
-0.0039339
-0.0082844
0.0011188
-0.0021124
-0.0044154
0.0001751
0.0035979
-0.0028729
0.0088194
0.0080896
-0.0049502
0.0063342
-0.0011294
0.0004309
-0.0074006
-0.0084391
0.0016767
-0.0031084
0.0012763
-0.0049665
0.0095555
-0.0023794
0.0047585
0.0067917
0.0077099
-0.0046886
0.0046176
0.0083435
-0.004292
0.0098914
-0.0070566
0.0076307
-0.0094594
0.0015583
-0.0017117
0.0084169
0.0011514
-0.0090233
-0.0073182
-0.0079035
-0.0094887
0.007672
0.0066517
0.0031045
0.0030226
0.0093319
0.0023188
0.0020421
0.0032094
0.0035025
-0.0061133
-0.0054242
0.0068113
0.0019787
-0.003951
-0.0024675
-0.0036855
0.000756
0.0088967
-0.0035612
-0.0099787
0.0096295
0.0061895
0.0001694
-0.0089839
-0.0085793
-0.0080608
-0.0004018
0.0077909
-0.0007058
0.0043748
-5.88e-5
0.0064467
-0.0044942
0.0010034
0.0025717
0.0033128
-0.0017348
0.0095129
-0.0029989
0.0001524
-0.0023616
0.0063117
0.0027358
0.0056275
-0.0034512
-0.0002386
-0.003464
-0.0048419
-0.0030362
0.0064668
-0.0099367
-0.0094932
0.0091179
-0.0007631
0.0080431
-0.0035364
-0.0035376
-0.0020614
-0.0071904
0.0041297
-0.0006901
0.0061709
-0.0086445
0.0045534
-0.0034121
0.0086664
0.0051836
0.0019765
-0.0066732
-0.0009439
0.0092077
-0.0031832
-0.0098478
0.008387
0.0075163
-0.0017856
-0.0059611
-0.0052516
-0.0016229
0.0019184
0.0010158
-0.0037941
0.0046081
-0.006014
0.0043012
0.0008717
-0.0031621
0.0005334
0.0024738
0.0078776
-0.0058054
-0.0035116
-0.0042637
0.0082552
-0.0094715
-0.005411
0.00036
-0.0050022
-0.0039278
0.0058567
0.0041152
0.0088931
-0.0030468
0.0064895
-0.0044663
0.007101
0.0054123
0.0009281
0.000765
0.0001463
-0.0055538
0.0025996
-0.0089484
-0.0049882
-0.0055847
-0.0035386
0.0022464
0.0085167
-2.48e-5
0.001021
-0.0056246
-0.0041483
-0.0025173
0.0029152
-0.005186
0.003258
-0.0087444
0.0021085
-0.0093161
-0.0048487
1.62e-5
-0.0083237
-0.004693
-0.0073011
-0.0066883
0.0066257
-0.0094595
0.0019919
-0.0060298
0.0016801
-0.0007048
0.0004837
-0.0065262
-0.0039376
0.0065041
-0.005505
-0.0047737
-0.0026036
0.0087661
0.0088493
-0.0046566
0.0079863
-0.0053629
0.0004242
-0.0098471
-0.0037295
0.0059423
0.0086756
-0.0097371
-0.0055714
-0.005677
0.0065679
0.0092934
-0.0003359
1.0e-5
0.0086235
0.0072341
-0.0068206
0.0063572
-0.0009855
-0.0087201
-0.006166
0.0097656
0.002193
0.0046494
-0.0052471
0.0062906
0.0022376
0.0062288
-0.0055499
0.0039795
0.002283
-0.0098658
0.0020193
-0.0058852
0.0060163
-0.0055202
0.0097846
-0.0011965
0.0048329
0.0057577
-0.0066113
-0.0085257
-0.0001811
0.0069132
0.0089406
-0.0084456
0.0031279
0.0045638
0.0022503
-0.0059885
0.0053271
0.008124
-0.0088384
-0.0091382
0.0036292
-0.0096747
0.0034524
-0.0029556
0.0047905
-0.0053023
-0.0094047
0.0005852
0.0050481
0.0085946
0.0028923
-0.004496
-0.0009996
0.002828
-0.0013378
0.0009694
-0.0044018
-0.0053782
0.002631
0.0058701
0.0065114
0.0029001
0.0014182
0.0014213
0.0058363
-0.0051434
-0.0019666
0.0009739
0.0027552
-0.0087752
-0.0014501
-0.0010981
-0.0021429
0.0070835
-0.007749
