-0.0039773
0.0055863
0.0024963
0.00738
-0.0020805
0.0025241
-0.0095194
-0.0027754
-0.0020294
-0.0038301
-0.0091456
0.0034212
-0.0094419
-0.0004997
0.0072012
-0.0032138
-0.0029933
-0.0047833
0.0084482
0.0097542
-0.0088625
0.0002473
-0.0011258
0.0025385
-0.0079777
0.0065181
0.0053104
-0.0058275
0.0086428
-0.0047292
-0.0064278
0.0096979
-0.0009346
0.0078585
-0.003794
0.0024972
0.0020109
-0.0062409
0.0092835
0.0030108
0.0017566
0.0020748
-3.0e-5
0.0025927
-0.0065359
-0.0009094
-0.0041492
-0.0036732
0.0053671
0.0021465
0.0016706
0.0064716
0.0056174
0.0012695
0.0097389
0.0022585
-0.0097605
-0.0047945
-0.0051367
-0.0096966
-0.0022138
0.0096927
0.0043089
0.0037887
-0.0038508
0.0046595
-0.0049448
0.0098282
0.0072579
-0.0092136
-0.0033656
-0.0039078
0.0053884
-0.0004858
0.0088141
-0.0003215
-0.003634
0.0043292
-0.0039955
0.0068071
0.0009482
-0.0051835
-0.0038439
0.0068679
0.0012461
-0.0053845
-0.0083773
0.0048445
-0.0013194
0.0091722
-0.007654
-0.0015227
0.0070684
0.0040147
-0.0087202
-0.005139
0.0079836
-0.0058446
0.0058463
-2.25e-5
-0.0061331
0.0072851
-0.0025055
0.0059857
0.0040636
0.0066355
0.0095571
-0.0094421
0.0082456
0.0068007
-0.0072796
-0.0005661
-0.0097579
-0.0090321
0.0023936
0.0097821
-0.0012905
0.0058853
0.0088998
0.0051262
0.0074658
-0.0033479
-0.0077913
0.0037725
0.0020945
-0.00683
0.0011546
-0.002459
0.0028862
-0.0090666
0.0010264
0.0026146
0.0056051
0.0042693
-0.0025308
0.008955
0.0087711
-0.009634
0.0042908
0.0053699
-0.0098383
-0.0030724
0.003031
-0.0034447
-0.0010111
-0.0089159
0.0031654
-0.0050851
-0.0084374
-0.0020913
0.0032584
0.0004083
0.008585
-0.007779
0.0076286
-0.0034188
-0.0013474
-0.0036686
0.0070879
-0.004173
-0.0072094
0.0093317
0.0098462
0.0047668
-0.0035148
0.0052277
0.0091414
-0.0099112
-0.0018579
-0.0091011
0.0080021
0.0018751
-0.0006338
-0.0052373
0.0046867
0.0093131
0.0072774
0.0063357
-0.0033806
-0.0049189
-0.0031674
-0.0014382
0.0017869
-0.0009305
0.0032759
-0.0056879
0.0075171
0.0041247
0.0036759
0.0096723
0.009231
0.0031838
0.0073144
0.0094029
0.0012497
0.0063834
0.006679
0.0043835
0.0065025
0.001103
-0.0019701
-0.0083133
0.0008008
-0.0075253
0.0061419
0.0016485
-0.0084778
-0.0045024
-0.0080937
0.0056026
0.003338
-0.0064208
-0.0002343
0.0041212
0.0061826
-0.0061678
-0.007912
0.0064253
0.0023714
-0.0073875
0.0007849
0.0061476
0.0073784
-0.0084507
0.004194
0.0020184
-0.0068106
0.0014306
0.0016118
0.0043517
-0.0030732
-0.0034705
0.0024762
-0.0026713
-0.006027
-0.0023194
0.0025545
0.0024016
-0.0058382
-0.0074427
0.0059059
0.0081639
0.0006892
-0.0019646
-0.0020439
0.0036291
0.0057761
0.0074603
-0.0039256
0.0001757
0.0079727
-0.0046669
0.0044228
-0.0006157
-0.000183
-0.0031073
0.0033788
-0.0029342
-0.0021719
-0.006974
0.0096748
0.0008239
-0.0008315
0.0068458
0.0077254
0.0067219
0.0061364
-0.0089855
0.0004651
-0.0028581
-0.0067607
0.0078651
0.0077374
-0.0006826
0.0079738
-0.0074716
0.0049938
-0.0089457
0.0018044
-0.0098756
-0.0088408
-0.0060482
0.0070471
-0.0064707
-0.0065174
-0.0090195
0.0092667
0.0092271
-0.0013102
-0.0086759
0.0069439
-0.0061097
0.0010976
-0.0013467
-0.0058663
-0.0006377
-0.0040494
-0.0001565
-0.0051565
0.0080553
0.0095191
0.0061716
-0.0026924
0.0088601
0.009988
-0.0041127
-0.0099594
-0.0091033
-0.0084802
-0.0017897
0.0004362
-0.000645
0.0054542
-0.0079083
0.0061705
0.0040074
0.0067207
-0.0055643
0.0091961
-0.0060193
-0.0002088
-0.0059892
0.0088211
-0.0021876
0.0072884
-0.0043471
-0.0061743
-0.0003772
-0.0081333
0.0069802
-0.0061942
-0.0045986
0.0065613
0.0094058
-0.0041037
0.0038001
0.0065408
-0.0013811
-0.0081918
0.0099056
0.008247
0.0013086
0.0026832
-0.006691
0.0019326
0.0075594
-0.0037682
-0.0072941
0.0075477
0.0001422
-0.0072617
-0.0083269
-0.009212
0.0067905
0.0009186
0.0049477
0.0081671
-0.0076244
-0.0012383
0.0014305
0.0011838
0.0002382
-0.0097077
3.82e-5
-0.0097394
-0.0053921
-4.13e-5
0.0004702
0.0083276
0.0096635
0.0066815
-0.0080848
0.0001849
-0.004561
0.0087986
0.0092918
-0.0026411
0.0084377
0.0054606
0.0044136
0.0092443
-0.0049978
0.0055694
-0.0039768
-0.0075697
-0.0050515
0.008372
-0.0016296
-0.0052406
0.0005768
-0.0097024
0.0022329
0.0073525
0.0075418
-0.0081995
-0.0032187
0.0047511
0.0099226
-0.0030854
0.0062194
0.0020947
0.0054469
-0.0078435
0.0037897
-0.0006513
0.0073362
-0.0098797
0.0010227
-0.006988
-0.0069641
-0.0015518
0.0066954
0.0081106
-0.0070747
0.0076459
0.0037911
-0.0008811
-6.12e-5
-0.0093836
0.0058574
-0.0048728
-0.0029345
0.0035207
0.0056351
0.0028194
-0.004897
-0.0072806
-0.0010832
0.0043466
-0.0018646
0.0027324
-0.009237
0.0073576
0.0008244
-0.0084178
0.0023948
-6.87e-5
0.0007545
0.0080303
-0.0080158
-0.0041382
-0.0025268
0.0091509
0.0037166
0.0035598
-0.0066114
-0.0091262
-0.0050954
0.0028079
0.0078229
9.26e-5
0.0047773
0.0062166
-0.0035596
-0.0050158
-0.0076064
-0.0043185
0.0048471
0.0041737
-0.0094607
0.0030626
0.0024939
-0.0070919
-0.0052434
0.0030574
-0.0025545
0.0066687
-0.0085328
0.0071349
-0.0080383
0.0084041
0.0082202
0.0076836
-0.0091166
0.0034953
-0.0099054
0.0019791
-0.0067839
0.0037287
0.0043752
0.0021761
0.0043325
-0.0018266
0.002489
-0.0006423
-0.0025435
0.0041818
-0.0073287
0.0066078
0.0046512
-0.0078648
-0.0012944
0.0011949
-0.0075677
-0.0020466
