-0.006266
-0.0018468
0.0028438
0.0076007
0.0053748
-0.0044205
-0.004192
-0.0048777
-0.000612
0.0024965
0.0001248
0.0093549
0.0056956
-0.0035532
0.0020611
-0.0069578
-0.0030125
-0.0093637
-0.0064522
0.0091596
0.0058084
-0.0003289
-0.0053146
0.009319
-0.0043847
-0.003582
-0.0075244
-0.0084876
0.0057072
-0.0097687
-0.0013311
0.0079913
-0.0007047
0.0015866
0.0088778
0.0022909
0.0062384
0.0056103
-0.0045133
0.0035061
0.0069616
-0.0074139
0.009625
-0.0053467
-0.0092259
0.0001178
0.0054062
0.0049986
0.0064437
-0.0073132
0.0064763
0.0029831
0.0043187
0.0032335
0.005142
-0.0088501
0.0040516
-0.0042417
-0.0006803
0.0016808
0.0045695
-0.0024891
0.0088354
-0.0018072
-0.0033224
0.0033647
0.009438
0.0058348
-0.0086738
-0.0014842
0.0038144
0.0050214
-0.0085196
-0.00448
-9.47e-5
-0.0032178
-0.0036869
-0.0097693
-0.0038074
0.0059353
0.0006279
-0.0002393
0.0026895
0.0058587
0.0019139
-0.0070099
-0.0014022
0.0006548
-0.0013339
-0.001166
-0.0019605
0.0072768
-0.0083527
-0.0040336
0.0009965
0.004339
-1.88e-5
0.0098953
-0.0081678
0.0096886
0.0099239
0.0034026
0.0076009
-0.0026057
0.0064689
0.0023885
0.0085583
0.0056152
-0.0093822
-0.0094607
0.0076716
-0.0031912
-0.0023153
0.0060115
0.0070155
-0.0022286
0.0063198
-0.0070862
-0.0068225
-0.001354
-0.0022092
0.0050772
0.0047468
0.0031827
-0.0039701
-0.0068784
0.0088649
-0.003854
0.0017542
0.0076627
0.006526
-0.0053278
-0.0069457
-0.0060175
-0.0009626
-0.0052604
0.0072214
0.0068687
0.0088768
-0.0027908
-0.002271
0.0054065
-0.0075901
0.002749
-0.0013392
0.0086855
-0.0055071
0.0004765
0.0094641
0.004064
0.0067117
0.0020401
-0.0091181
0.0057078
0.0015125
0.0071571
-0.0072615
-0.0026305
0.0049241
-0.0080301
-0.0088062
-0.0003383
0.0071998
0.0041614
-0.0031862
-0.0004587
0.0079532
-0.0013486
0.0022289
0.000411
0.0062954
-0.0073206
0.009659
-0.0083431
-0.0016746
0.0017022
-0.0002075
0.0020358
-0.0037246
0.0013959
0.006378
-0.0008725
-0.0076398
0.0055378
0.0009669
0.0096012
-0.0044063
0.0015201
-0.0044998
0.0052304
-0.0042895
-0.0015076
0.0068095
-0.0024791
0.0024837
0.0084071
-0.0046123
-0.002634
-0.0079955
-0.0070698
-0.0095329
0.0012495
-0.008044
0.0074939
-0.0078679
-0.0048486
-0.0036449
-0.0095785
-0.0062911
0.0076763
0.0095204
0.0065317
0.0053624
0.0062981
-0.0045898
-0.0026256
0.0043628
-0.0058394
0.003143
0.0052935
0.0063538
0.0057068
-0.0070059
-0.0076347
0.0019484
-0.0060617
0.0021147
1.77e-5
0.0053709
-0.0020383
0.0064558
0.0064213
-0.0023428
-0.0039211
-0.0062183
0.0087441
0.0061197
0.0017268
0.0093395
-0.0085085
0.0030987
0.0011302
0.0020968
-0.0097269
0.0072492
0.0087428
0.0057416
-0.0018269
-0.0084407
0.0033763
0.0050178
0.0023356
-0.0095384
-0.0026011
0.0014463
-0.0057016
0.0059583
-0.0091438
0.004987
0.0027628
0.0019742
0.0013592
0.0027913
-0.0040723
0.0050606
0.0085749
-0.0015204
0.0085476
-0.0062711
-0.0092972
-0.0079329
0.0015327
-0.0068771
-0.0076471
0.0077114
-0.0042154
-0.0027428
-0.0053216
-0.0088485
-0.0021261
0.0001759
-0.0082751
0.0055058
-0.0085748
-0.0049552
-0.0061922
0.0039145
-0.0028231
-0.0029177
-0.0003018
-0.0019262
0.0012361
0.0022642
0.0040075
-0.0060058
0.0086153
0.0043143
-0.0082367
0.0003163
0.0071579
0.0064715
0.0088355
-0.0035733
0.0050035
0.0043672
-0.0031609
-0.0022893
-0.007946
0.0018638
0.0090493
-0.0018813
0.0069338
-0.0038626
-0.0065278
0.0021793
-0.0093335
-0.0053713
-0.0018683
0.0014034
-0.0069618
0.0096758
-0.0063209
-0.0099161
0.0009622
0.004119
0.0031134
-0.0030486
0.0076911
-0.0042958
0.0051908
0.0014571
0.0023882
0.0059921
0.0087292
-0.0094429
0.0028867
0.0029974
0.0050279
0.0065291
0.0007126
-0.0056782
0.0093018
-0.0046744
-0.0027733
-0.0008448
-0.0017374
0.0003713
0.0047923
0.0013418
0.0059427
-0.0023782
0.0017124
0.0077805
0.0062147
-0.0027022
0.0029337
0.0099885
0.003681
0.0041341
-0.0027419
0.0041468
0.0015503
-0.0044946
0.0052934
-0.0036539
-0.0049556
0.0083209
0.0090544
0.0038866
-0.001441
0.002998
0.0074862
-0.0007234
-0.0085671
0.0090022
0.0036133
3.33e-5
-0.0082538
0.0036481
-0.0090607
-0.0019637
-0.0013778
-0.0057169
0.0067365
0.0037246
-0.0066676
0.0083289
0.0076823
-0.009897
0.0062406
0.004335
-0.0013947
0.0049127
0.0042758
-0.0087167
-0.0070057
-0.0072555
-0.0018105
0.0072164
-0.009528
0.0006974
-0.0009452
0.0084692
0.0087831
-0.0052484
-0.0043327
-0.0022143
0.0085501
0.0071452
0.0094195
-0.0036006
0.0035037
0.0042583
-0.0064268
-0.0057068
-0.0010151
0.0082972
-0.0085295
0.0060535
-0.000918
-0.0049414
0.0047442
-0.0041144
0.0017457
-0.0082171
-0.0061108
0.0036969
0.0012213
0.0019176
0.0015847
0.0050226
0.0029644
0.0069654
-0.0026526
-0.0031664
-0.0072393
0.0079134
-0.0029434
0.0046957
0.0067924
0.0046848
0.0012542
-0.0096446
-0.0040949
0.0008002
-0.0083543
0.0059927
0.0032076
-0.0031521
-0.0069212
0.0071707
-0.0054088
-0.0091291
0.0077153
0.0043535
0.0010842
0.0015632
0.0091502
-0.0052077
-0.0035962
0.0018829
-0.0088115
0.006283
-0.0025804
-0.0055203
-0.0018796
-0.0012079
0.0011559
0.0046742
0.0027745
0.0087517
0.0024661
0.0097659
-0.0094761
0.0079171
0.008153
0.0072612
-0.0024959
-0.0060303
-0.0045879
0.0024887
-0.0057396
-0.0046219
-0.0099208
-0.0042364
-0.0030183
-0.0060717
-0.0008688
-0.007514
0.0001625
-0.0012377
0.0079601
-0.0090369
-0.0068034
0.0070331
