0.0017448
0.0015276
0.0021012
-0.0071947
-0.0081233
0.0055903
0.0037078
-0.0049935
0.0031763
-0.0040525
0.0090315
0.0008898
0.009359
0.0014182
-0.0082128
-0.0042049
-0.0088532
0.0090702
-0.0042127
-0.0042927
-0.0046703
0.0072226
0.0083909
0.0065589
-0.0027916
0.0094412
0.0087591
-0.0075356
-0.0009718
0.0065452
0.0016217
0.0074354
-0.0044534
-0.0004078
-0.0069477
0.0015886
-0.0008411
-0.0078446
0.0056467
-0.0070879
-0.0046792
-0.0060458
-0.0005365
0.0029255
-0.0030355
-0.0080921
-0.0054831
-0.0093038
-0.0019757
0.0030484
0.002247
0.0010647
-0.0094756
0.0013815
-0.0090308
-0.0094414
0.0098399
-0.0036513
-0.005521
0.0051699
-0.0065339
0.0025227
0.0063608
-0.0051318
0.0088359
0.0037505
0.0007524
-0.0029312
-0.006865
-0.0046049
-0.0046596
-0.0081671
0.0078027
-0.0027315
0.0030634
-0.0091392
-0.0081565
0.0064308
0.0090107
-0.0099604
-0.0055741
0.0004251
0.0095959
0.0072869
0.0082162
-0.0045733
0.0021561
-0.0026191
-0.0095406
0.0068728
0.0072294
0.0091937
-0.0033337
0.0018064
-0.0041851
-0.0079074
-0.0052034
-0.0043845
0.0079377
0.0026608
-0.0030422
-0.0097732
-0.0098039
-0.0093205
0.0032339
0.0049208
0.00654
-0.0055772
-0.0007351
0.0008899
0.0075579
-0.0003268
-0.00793
0.0063068
-0.0019185
0.006052
-0.0094191
0.0077843
-0.0062871
0.007247
0.0025494
0.0088709
0.0048513
0.004501
0.0053714
0.0038952
0.0005817
-0.0009493
-0.0065481
-0.0031379
-0.0016699
-0.0043792
0.0028015
0.0023857
0.0027532
0.0001742
-0.0064577
-0.00502
-0.0022653
-0.0003079
-0.0022396
0.0045775
-0.0094388
-0.0082722
0.005601
0.0011458
0.0037364
0.0074333
-0.0001816
0.0006844
0.0034013
-0.0061988
-0.0070216
-0.008376
0.0011005
-0.0018197
-0.0095286
0.0032586
0.0065429
0.0034424
0.0098505
-0.004526
-0.0096808
-0.0039433
-0.0053197
-0.0054247
0.0054438
0.0035409
-0.0016551
0.0003611
0.0029167
0.0087019
-0.0060756
-0.0028969
0.0088788
-0.0029959
0.0039132
0.0075174
-0.008588
0.0017475
0.0075288
-0.0095716
0.0094815
0.0016421
0.0086489
0.0004541
-0.0046173
0.0014819
0.0073096
0.0031093
0.0066176
0.0017526
0.0022944
0.0097651
-0.0041522
0.0055803
-0.0021183
-0.0081376
0.0002442
-0.0095799
0.0038094
0.003705
0.004434
-0.0081586
0.0045352
0.0091631
0.0032385
-0.0056087
-0.0070464
-0.007028
0.0051555
-0.005495
-0.0005907
-0.0073536
-0.0068869
0.0033664
-0.0089171
-0.0032613
-0.0059136
0.0078787
0.0026837
-0.0051892
-0.0018449
-0.0018581
0.0081226
-0.0035458
-0.0075631
0.0055251
-0.0076188
0.0061925
-0.0071182
-0.0054695
0.0024556
-0.0040591
-0.006869
0.0087105
0.0036688
-0.0022376
0.0015898
-0.0039111
0.0083872
0.0062834
-0.0038235
-0.0079974
0.0099356
9.56e-5
0.0061421
-0.0028121
-0.0091015
-0.0094667
0.0060411
0.0084422
-0.004795
-0.007199
-0.0028158
-0.0097949
0.0053886
0.0032162
-0.0054399
-0.0095092
-0.0068321
-0.0059539
-0.0094682
0.0097841
0.0047536
-0.0033502
0.0006883
-0.0098333
-0.0098193
-0.0081691
-0.0053709
0.0051729
-0.0015098
0.008555
0.0096351
0.0038302
0.0032448
0.004653
-0.0061373
0.0006654
-0.0033017
0.0022646
0.0038489
0.0077311
0.0088373
0.0019134
-0.0008676
0.005846
-0.0050645
0.0081625
-0.0078082
0.0085346
-0.0089698
0.0082842
-0.0071343
0.0086424
-0.0041229
5.67e-5
0.0003789
-0.0027346
0.0018086
-0.0051409
-0.0020141
0.0049438
9.48e-5
0.0002391
-0.0069508
0.0084308
-0.0067539
-0.0081528
0.0074052
0.0042438
0.0015149
-0.0080442
0.0086874
-0.0087932
-0.0050814
-0.005125
0.0040646
0.0002837
-0.0088965
0.0075839
-0.0098864
-0.0087259
-0.0025089
-0.0020893
-0.0072847
-0.0088968
-0.0094861
-0.0022889
-0.0083828
0.0030871
0.0068869
0.0055035
-0.0050455
0.0035239
0.0047678
-0.0023193
-0.0091042
0.0004212
0.0096358
-0.0015643
-0.0077981
0.0092822
-0.0022626
-0.0090918
0.0065655
-0.0048637
-0.0019088
0.0088694
0.0012169
-0.0078728
-0.0079787
-0.0041305
0.0035376
-0.0020227
0.0058933
0.0090867
0.0091684
-0.0015043
-0.0017228
-0.0074658
0.0093729
-0.0030843
0.0086117
-0.0033017
-0.0031866
0.0070655
-0.0066315
-0.0020634
-0.0012973
0.0061207
-0.003608
0.0088569
0.0059796
-0.0025127
0.009648
-0.0074005
-0.0054771
-0.0046514
0.0074355
-0.0026053
-0.0025898
-0.0006608
0.002888
0.0004622
0.0092019
0.0022147
0.0010705
0.0046653
-0.0050099
0.0026448
-0.0007793
0.0056987
0.0004814
-0.0044419
-0.0068042
-0.0046198
-0.0012825
0.0026136
-0.0096502
-0.0017161
-0.0056021
0.0086168
-0.0045797
0.0047318
0.0008946
-0.0082281
-0.0028546
-0.0047156
-0.0065186
0.0004848
0.0028044
-0.0090931
0.0080757
-7.8e-6
-0.0084689
0.0015662
-0.0063046
0.0042955
0.0025297
-0.0048771
0.0048102
-0.0027763
0.0070073
0.0011413
0.0038463
-0.0083836
0.0088404
-0.0001853
0.0045005
0.0017607
0.0097721
0.0009164
0.0075238
0.0093934
-0.0091065
-0.0011469
0.0085432
0.0022218
-0.0008596
0.0062657
0.0094083
0.009831
0.0016269
-0.0039158
0.0050081
-0.0002735
0.0076993
-0.0062518
0.0025414
-0.0086658
0.00046
-0.0020266
-0.0069218
-0.0055874
-0.0015203
-0.000773
-0.0054803
0.0042155
-0.0061587
-0.0088542
0.0080665
-0.0086304
0.0086806
-0.0094711
-0.0008598
0.001981
0.0085453
-0.0067944
0.0088296
0.002933
-0.0054752
-0.0062413
-0.0042321
0.0069395
0.0074158
0.0018519
-0.0039093
0.0033146
-0.0064625
0.0085472
0.005915
-0.0081187
0.0055093
0.0069028
0.0099137
0.0039233
0.000252
-0.0045947
0.000775
0.0045031
0.0059993
0.0034166
-0.0003648
