-0.0028857
0.0088965
0.0024253
-0.0006985
0.0047763
0.0096249
0.0002274
-0.0026843
0.0047552
0.0057899
-0.0064852
0.0030937
0.008191
0.008471
0.0015233
-0.0006798
-0.0079845
0.0076004
-3.46e-5
0.0091287
0.0047092
0.0054593
-0.0098784
-0.0064407
0.0099694
-0.0039324
0.0094631
-0.0094275
0.0073897
0.0077381
0.0038695
-0.006549
-0.0081643
-0.0076808
-0.0030939
0.0056573
-0.0047039
-0.0091414
-0.0007574
0.0076942
-0.0042744
-0.0086976
0.00774
-0.001145
0.0056769
-0.0020622
-0.0022293
0.0079705
-0.0072522
0.0028628
-0.0035642
0.0038158
0.0078081
0.008405
-0.006248
-0.0066512
0.0022504
0.009349
-0.0058709
0.0040349
-0.0034643
-0.0046625
-0.006976
-0.0011538
0.004593
0.0079616
0.0076173
0.0085222
-0.0052812
0.0058418
-0.0095695
0.0048506
-0.0070068
-0.0077243
-0.0045721
0.0079192
0.0055918
0.0041021
-0.0058742
0.0037082
0.0029996
0.0037746
0.0094569
0.0044416
-0.0043727
0.0033529
-0.0007518
0.0009973
-0.0044313
-0.0075882
0.0044211
-0.0005243
0.0039451
0.0094641
-0.0057989
-0.0070537
-0.0059352
-0.0024358
0.007585
-0.0031047
0.0041359
-0.0097397
0.0046198
0.0047552
0.0038411
0.00302
-0.0099617
0.0031403
-0.0089991
0.0053099
-0.0004103
-0.0080498
0.0012058
-0.0061308
0.008841
-0.0059578
0.0026207
-0.0024629
0.003067
0.0033051
-0.0012024
0.0028524
0.0035476
-0.0052424
-0.0094214
0.0062855
0.0026363
-0.0071881
0.0052508
-0.0026789
-0.0085885
0.0086235
0.0033423
-0.0053474
0.0023207
0.0010275
-0.0011865
0.0070599
0.00113
-0.0065092
0.007053
0.0061511
-0.0059318
-0.0038364
-0.0044062
0.0004859
0.0018861
-0.0034993
-0.008869
-0.0087498
-0.005581
-0.0066073
-0.0015722
0.0027548
0.0035043
0.0004679
0.0082501
0.0056332
0.0078103
-0.0019035
-0.0064865
0.0038556
-0.0095483
0.0044645
-0.0038157
0.0023132
-0.0054957
-0.0049236
0.0055884
-0.0059709
-0.0010897
0.0090704
-0.0064389
-0.0018542
-0.0005108
0.0082213
0.0037167
0.0023282
-0.0028312
0.0004369
-0.0050936
-0.0040199
-0.0009468
-0.0044948
-0.0011636
-0.0052331
-0.0025692
-0.0014399
0.0044815
0.0011185
-0.0046128
-0.0082271
-0.0077182
0.0074786
-0.009374
0.0043165
0.0002548
0.0032906
-0.0097153
0.0042828
0.0013885
-0.0028667
0.002303
-0.0072642
0.0067904
-0.0035891
0.0012795
0.0020265
0.0088491
-0.0087778
-0.0002548
-0.0015695
0.0058929
0.0055494
-0.0024194
0.0065696
0.0026785
0.0046289
-0.0026747
-0.0019237
0.003686
0.0005639
0.0084837
0.0035843
0.0010065
0.0079096
0.009385
-0.0071999
0.0056465
-0.0034124
-0.0068289
-0.0032223
0.004715
0.0049471
0.0060958
0.0028858
-0.003472
-0.002711
-0.0016685
6.17e-5
-0.0040511
0.002699
0.0022298
-0.0073998
-0.0008042
0.0029364
0.006549
-0.0065449
0.008124
0.0073383
-0.0082004
-0.0033483
-0.0036853
-0.0043213
-0.0078006
0.0082818
-0.0093917
-0.0043615
-0.0037641
0.00945
-0.006795
-0.0048894
-0.0067822
0.0034733
-3.3e-6
0.0005436
-0.0041473
0.0039833
-0.001767
-0.0065592
-0.0036395
-0.0003374
-0.0016817
0.0085974
-0.0037303
0.0066944
0.0096716
-0.0010469
0.0052125
0.0080054
0.0025554
0.0004913
-0.0003765
-0.0031729
-0.0099535
0.006641
0.0062419
-0.0068893
0.0069375
-0.0065088
0.0030066
-0.0018702
-0.0066648
0.0067878
-0.0015324
-0.0005412
0.0017
0.009599
-0.002611
0.0026699
0.0090457
-0.0017904
-0.0042579
-0.0084967
0.0009501
0.0058339
-0.0059053
0.0069249
0.002052
-0.0055214
-0.0055845
0.0044431
0.0094951
0.0080727
0.0081178
-0.0047396
0.0068255
0.001387
-0.0077923
0.001604
-0.0007106
-0.0040471
0.0044943
0.0080667
0.0003459
-0.009014
0.0015517
0.0006058
0.004634
0.0068952
-0.0063582
0.0026537
-0.0089374
-0.0008963
-0.0089441
0.0035873
-0.0001474
-0.0043209
-0.0086865
-0.0043493
-0.0082554
-0.0066672
0.009602
0.0041914
0.0036799
-0.0054716
-0.0032287
0.0026766
9.4e-5
-0.0095428
0.004117
-0.0067895
-0.0085667
0.0059454
-0.0047398
0.0010785
-0.0041758
-0.0043572
0.0054824
-0.0069254
-0.000888
0.005459
-0.0071412
-0.0089124
0.0086614
-0.0034933
0.0011152
0.0022846
0.0026138
0.0083126
-0.0030622
-0.006032
-0.0094244
-0.0022521
-0.004726
-0.0082829
-0.0043441
-0.0055143
0.0037322
-0.0030056
-0.0059734
0.0076076
0.0048791
0.0069373
0.0017309
-0.008669
0.0028342
0.0096263
-0.0099275
-0.0032246
0.0077881
-0.0029179
0.0063116
0.0075186
0.0055934
0.0002123
-0.0093166
-0.0052705
-0.0034608
-0.0077422
-0.0095039
-0.0091277
-0.0081308
-0.0068857
-0.0080977
0.0097082
0.0074222
0.001686
0.00831
-0.0039136
-0.0045192
0.0024089
-0.0098942
0.0042585
0.0072427
-0.0066898
-0.0024781
-0.0067944
-0.0087878
-0.0051529
0.0053274
0.0081519
-0.0059461
-0.0052694
0.004991
-0.0026296
-0.0017351
-0.0019795
-0.0034137
0.0040777
0.0081689
0.0016933
0.0043215
-0.0044634
0.0018184
0.0045108
-0.0011392
-0.008513
-0.0011478
0.001589
-0.0018745
0.0030409
0.0030951
0.0068296
-0.0051091
-0.0042092
-0.0022827
-0.0097935
0.0080947
-0.0020515
-0.0007839
-0.0057703
-0.0081538
0.0040212
0.00238
-0.0017529
0.0094614
-0.0013359
0.0036464
0.0053381
0.0011441
0.0031508
-0.0004449
0.0096047
-0.0099069
0.0067604
-0.0044439
0.0082624
0.0087639
0.0050419
-0.0056721
-0.0054145
-0.0085627
-0.0022219
0.0084916
-0.0058676
-0.0026298
0.0067238
-0.0003891
0.0087111
-0.0005206
0.008569
0.0077665
0.0096129
-0.0055876
-0.0060611
0.0099097
0.0038681
0.0027175
0.0090704
-0.0042593
0.0029533
0.0083307
0.0071402
-0.0052682
