-0.0039032
0.0073483
-0.0023088
0.0080164
-0.0088568
0.0099722
0.0063917
-0.001665
-0.0026777
-0.0082652
-0.0098625
-0.0094353
0.0053152
0.0037631
-0.0051715
-0.0087592
0.0006322
-0.0079678
0.0020657
-0.00355
-0.0023311
0.0076696
0.003603
0.0087864
0.0092149
-0.0031849
-0.0063273
-0.0036517
0.0092562
0.0048038
-0.0016481
0.0080978
-0.0047088
-0.0082058
0.0025903
0.0021217
0.0025716
-0.0062059
0.0074167
-0.0073199
-0.0042028
0.0093904
0.0075383
0.0088538
-0.0013889
0.0034078
-0.0092526
-0.0033039
-0.0036921
0.0039287
-0.0067958
0.0046882
-0.0052618
0.005843
-0.0083412
0.0079035
-0.0031239
-0.0077426
-0.001044
0.0062735
0.0012767
-0.0005578
-0.0039077
0.0037684
0.0097684
0.0024696
0.0080792
0.0057953
-0.0084444
0.0028101
0.0077495
0.0086914
-0.0008599
-0.0046765
-0.0026485
-0.0090335
0.0073008
0.0027055
-0.0046406
-0.0003422
0.0009878
0.0017609
0.0074135
0.001665
-0.0056055
-0.0079385
0.0053182
0.0038768
-0.0037886
0.0083804
-0.0011522
-0.0041982
0.0032988
0.0068349
-0.0020713
0.0052824
-0.0029349
0.0082049
0.0097741
0.007912
0.0089225
-0.0053615
0.002162
-0.0077683
-0.0077937
-0.0098619
-0.0007185
-0.0039171
0.0093135
0.0046765
-0.0048019
0.0062993
-0.0079169
0.0025004
-0.0083817
-0.002632
0.00669
-0.0041247
-0.009866
0.0058291
0.0076347
0.0044525
0.0066723
-0.002901
0.0099338
-0.0066199
-0.006894
0.0018833
-0.0074282
-0.0014055
-0.0003613
0.0036618
-0.0023411
0.0025189
-0.0036974
0.005587
0.006923
0.0072518
0.0054664
0.0058472
-0.0043368
-0.0035805
-0.0091333
-0.0016281
-0.0097671
0.0073903
0.0093906
-0.0012172
-0.0014202
0.0019726
-0.0069258
0.0045928
-0.0018218
0.0096486
0.0094251
0.0052615
0.0075964
0.0056914
-0.002896
0.000875
0.0093924
-0.0039888
-0.0070445
-0.00216
0.0074028
0.0071426
0.0016966
0.0014621
-0.0048322
-0.0013536
-0.0087664
-0.0017891
0.0088196
-0.0027591
-0.0017181
0.0019662
0.0012373
0.008219
0.0097713
-0.000808
0.0029722
0.0099764
0.007854
-0.0052957
0.0084819
0.0041558
-0.0084583
0.0072276
-0.0092371
0.0072685
0.0032152
0.0073633
-0.0088531
0.00463
-0.0038158
0.0058347
-0.002454
0.0013523
-0.0064256
-0.0077651
-0.0007301
-0.0097937
-0.0031235
0.0030581
0.007317
0.0098389
-0.0084024
-0.007788
-0.0063267
0.0046635
-0.004728
-0.0081347
-0.0041463
-0.0070047
-0.0068592
0.0098025
0.0089898
-0.004548
0.001872
0.0093372
-0.0009716
0.0026237
0.0015419
0.0024517
-0.0008517
0.0048755
0.0018105
-0.0042506
-0.0061223
-0.0011626
0.0031805
0.0086812
-0.0013111
0.0093473
-0.0066147
-0.0053043
-0.0027781
0.0001342
-0.0074768
0.0070795
0.0060365
-0.0089279
-0.0009379
0.002259
-0.0096415
0.0094129
0.0019348
0.0072454
0.000191
-0.0020117
-0.0067354
-0.0029617
-0.0025909
-4.71e-5
0.0056146
1.55e-5
-0.0079058
-0.0024266
0.0029668
-0.0070575
0.0074404
-0.0004485
0.0094835
0.0094408
-0.007949
0.0064649
0.001802
-0.009685
-0.0096011
0.0013494
-0.0067967
-0.0086114
-0.0094149
-0.009272
-0.0035992
-0.0046617
0.0056419
-0.0099543
0.0042424
0.0019317
-0.001977
-0.0071248
-0.0087854
0.0012678
-0.0028548
0.0038249
-0.0009461
-0.0083055
-0.000588
-0.0044477
-0.0027063
0.0057409
-0.0072387
-0.0015492
-0.0042121
0.0001775
-0.0030189
0.0099613
-0.0063803
0.004919
-0.0072941
0.0007832
-0.0026463
0.0044483
-0.0072718
0.0094311
0.0089541
0.0051458
-0.0005428
0.0006219
0.0099119
-0.0034414
0.0075639
-0.0088917
-0.007559
0.0024377
0.0080008
-0.0091376
-0.0051994
-0.0049908
0.0028633
0.0047136
-0.0042497
-0.004185
0.000575
0.0046299
0.0060065
-0.0092218
0.0074972
0.0089166
0.0016727
0.0071453
0.0014267
-0.0032399
0.0052256
0.0054031
-0.0024721
0.0081095
-0.0090658
-0.0005907
0.0051952
0.0013157
0.0057531
-0.0036547
-0.0012526
0.0055445
-0.0024083
-0.0031191
-0.0051443
-0.0034956
-0.0048911
-0.0083546
0.0095905
0.0081859
0.0084387
0.0091026
-0.0019375
-0.0084082
-0.0025884
0.0064513
0.0014962
-0.0009081
-0.0089655
0.0006454
0.0055217
-0.0055794
0.0071051
-0.007729
-0.0025004
0.007347
0.0072681
0.0069352
0.008781
-0.0034447
0.0072664
-0.0017733
0.0023537
-0.0057511
0.0083335
0.0024503
0.0049228
0.0058251
-0.002744
-0.0076015
-0.0019185
0.0079714
-0.0081676
-0.003071
0.0089275
-0.0036694
-0.0011974
-0.0020481
-0.0036943
0.0001923
-0.002026
0.0061545
0.0019143
0.0043612
0.0005834
0.0017593
-0.0074082
0.000477
0.0054261
0.0062187
-7.8e-6
0.0080712
-0.0016776
-0.0076779
0.0078141
-0.0084911
-0.0042736
-0.002945
-0.0019734
-0.007576
-0.0056266
-0.0059893
0.0071283
-0.0010158
-0.0021338
-0.0036258
-0.0005431
0.003365
0.0064506
-0.0067587
-0.0084022
0.0004213
-0.0025442
-0.0079215
0.0026767
-0.0088496
0.0052036
-0.0073355
0.0020117
-0.0094667
0.0094696
0.0081491
0.0084223
-0.0003559
-0.0008477
-0.0011238
0.0059855
0.0068159
-0.000546
0.0034642
0.0015707
-0.0057883
-0.0038434
0.0002277
-0.0099522
0.0039495
0.0034841
-0.0001714
-0.0027244
-0.0043466
0.0078893
-0.0024935
0.0015452
-0.0076051
-0.0075161
-0.0063288
-0.0071333
-0.0027665
-0.002365
-0.0091006
-0.0094195
0.0053015
-0.007577
0.0081644
0.0037357
0.0094947
-0.0063979
-0.0065142
-0.0096446
-0.0093624
0.0057569
0.0072581
-0.0028498
-0.0030548
-0.0074846
0.0073542
-0.0031109
0.0091625
-0.0028519
-0.0043487
-0.0069807
-0.0085131
0.0050403
0.0082407
0.0064552
0.0014388
0.0071439
8.5e-6
0.0070209
0.0065442
0.0089768
