0.0068324
0.0077296
0.0097882
0.0005459
0.00476
0.0004617
0.0065414
-0.0065364
8.56e-5
-0.0091794
0.0078809
-0.0092173
-0.0091098
0.0071963
0.0040207
-0.0076587
0.0064353
0.0072949
0.0071003
0.0005852
0.0038404
0.0081782
-0.0038391
0.0002211
-0.0049215
0.0080142
-0.0053996
0.0035169
-0.0052895
0.0035326
0.0066478
-0.0047518
-0.0097068
0.0062874
0.0099174
0.0051209
0.0052778
-0.0038961
-0.0031929
0.0054464
-0.0073453
0.0081488
-0.0045833
-0.0078722
0.0095005
-0.0082099
-0.0050026
-0.0064336
-0.0096624
0.0039358
0.0024089
0.0065527
-0.0047414
-0.0085783
-0.008022
-0.0073407
-0.0059042
0.0063949
0.0077083
-0.0096134
-0.003724
0.0092705
-0.0043531
-0.0087247
-0.009522
-0.0059497
0.0080868
-0.0038618
-0.0060332
-0.0011679
0.0093582
-0.0039406
0.0005573
-0.0087073
-0.0037146
0.0086103
0.0064893
0.0075289
-0.0040822
0.0049939
-0.0063943
-0.0052262
0.0081972
-0.0027376
0.0093953
-0.0093802
-0.0033502
0.0016616
-0.0017922
0.0057258
-0.0042536
0.0078175
-0.0088675
0.0003805
0.0008624
-0.0014367
-0.0070745
0.0005036
-0.0025894
0.0024296
0.0043477
-0.0015815
-0.0032994
0.0067873
-0.0089933
-0.0022426
-0.0025512
1.7e-6
0.0069447
-0.0024096
-0.0080262
-0.0093837
-0.0055086
-0.0025059
0.0031648
0.0062637
0.0033151
-0.0011677
-0.0083635
0.0088715
-0.0015603
0.0032383
0.0070347
0.008246
0.0064846
0.0044676
0.0074438
0.0035068
-0.0018432
0.0009709
0.0042522
-0.0060495
0.0017575
0.0025921
0.0056802
0.0081548
0.0010453
0.0037976
-0.0005202
-0.0045536
-0.0061087
0.0099011
0.0096017
0.0061262
-0.002882
-0.0085801
0.0072218
0.0004887
0.0086866
0.003958
0.0038728
0.0037497
0.0065112
0.0018753
0.0027721
0.0058768
-0.0092857
-0.0079983
0.0021763
0.007569
-0.0008914
0.0011191
-0.0049253
0.000858
-0.0074898
-0.0093997
0.0085113
0.0012667
0.0042684
0.0083509
0.007842
-0.008159
-0.0018413
-0.0084094
0.0092247
0.0062386
-0.0013326
-0.0038099
0.0075332
-0.0049263
-0.0006156
0.0040826
0.0005727
-0.0026135
0.0059462
0.0021116
-0.0036536
0.0079219
-0.002087
0.0012419
0.0032728
0.0081798
0.0083386
-0.001427
-0.0044343
-0.0019129
-0.0019183
-0.0056174
0.0083815
0.0017644
0.008366
-0.008315
0.0037432
0.0055363
-0.0071821
-0.0074068
-0.0037828
-0.0049124
-0.0051766
0.0073827
-0.0040267
-0.0048014
0.0065575
-0.00326
0.0035712
-0.0028101
-0.0003461
0.00118
0.0062841
-0.002197
0.0061889
0.0065806
0.0099419
0.0040345
-0.0058059
-0.0006614
0.0023412
0.0079287
0.001485
-0.0095728
0.0088755
-0.0076546
0.0068018
0.0034217
-0.007479
0.0034794
0.0098074
0.0083768
0.0080981
0.0053776
-0.0062682
-0.0002965
-0.0041058
0.0069992
0.0001685
0.0083103
-0.0035781
0.0068651
-0.0043217
0.0065659
0.0083677
-0.0094493
-0.001334
-0.0081386
-0.00717
0.0009805
-0.0061622
-0.007531
-0.0053786
-0.000595
-0.0031891
-0.0013599
-0.0096932
-0.0008704
0.0023988
-0.0099864
-0.0040327
0.0084858
-0.0093626
0.0058332
-0.0086583
-0.0010815
0.0097593
0.0011605
0.0050223
0.0060839
-0.0011633
0.0064642
-0.0046189
-0.0021412
0.0082102
0.0028655
-0.0027765
-0.0030902
-0.0095301
0.0091751
0.0082611
2.23e-5
-0.0097132
-0.0004724
-0.0097783
-0.0084551
0.0085495
-0.0078033
-0.0071436
-0.0013794
-0.0048842
-0.0059898
0.0036911
0.0010541
0.0015343
0.0001694
-0.0043233
-0.003609
-0.0083842
0.0053342
0.0016843
0.004495
-0.0044695
0.004805
0.0010875
0.0038073
-0.0037014
0.0087851
-0.0075588
0.0047244
0.0001824
0.0031522
-0.0064009
0.0009126
-0.006979
0.009653
0.0051343
0.0063193
0.009627
-0.0041279
0.0083817
-0.0060938
0.0030332
-0.0019939
-0.0018055
0.0014148
-0.0088681
0.0021561
-0.0052651
0.0081276
-0.0067858
0.0046839
0.0027846
-0.0092945
0.0012194
-0.0005912
-0.0004559
0.0082718
0.0003565
-0.0095545
-0.0090954
-0.0087943
-0.004343
0.0070502
-0.0062454
0.0020597
-0.0069117
-0.0051924
0.0072996
-0.0004495
0.0031056
0.0092757
-0.0097651
-0.009046
0.0094729
-0.0064182
-0.0031967
0.0078306
0.0068839
0.000193
-0.0026957
-0.0095224
0.0071492
0.0059109
0.0075661
0.008681
0.0076628
-0.0080802
-0.0054252
-0.0040158
0.0071329
-0.007302
-0.0084691
-0.0080797
-0.0036827
-0.0024881
-0.0020517
0.0051327
0.0064143
0.006018
-0.0081746
-0.0071686
-0.0077867
-0.007542
0.006789
0.0068026
0.0026524
-0.0002747
0.0015338
-0.0026635
-0.0089225
0.0014572
0.0040898
-0.0078944
-0.0048121
0.0074472
-0.0075765
0.0084598
-0.0049437
0.0089126
-0.0037107
-0.000502
-0.0021177
0.0023341
0.0033265
-0.003024
0.0043213
0.0012027
0.0050949
0.007398
-0.0070331
-0.0012948
-0.0074653
0.0023468
-0.0046304
-0.0013293
-0.0064992
-0.0028467
0.0011321
0.0029406
-0.0007497
0.0096407
-0.0086505
-0.0051112
0.0064387
0.0022435
-0.0087428
0.007323
0.0023624
0.0034726
-0.0084408
-0.0061828
0.0077888
-0.0079704
0.0083343
0.0063812
0.0042203
0.0050436
-0.0076595
-0.0008032
-0.0094873
-0.00361
0.0013122
-0.0014828
-0.0008415
0.0007912
0.0023376
-0.0065953
0.0079263
0.0059744
0.0013073
-0.0088559
0.003847
-0.0040804
0.0084448
-0.0022248
-0.0026045
-0.0066341
-0.0001072
-0.0034311
0.0061874
0.0086138
-0.0005807
0.0057599
0.0012479
0.0016946
-0.0049649
0.004755
0.0029206
4.81e-5
-0.0097288
0.0046599
0.0061392
0.001917
0.0011035
-0.0028174
0.003369
0.0082442
-0.002881
0.0029521
0.0097258
-0.0023017
0.0028422
0.0069992
0.0074962
-0.0074999
0.0045799
-0.0078739
-0.0062111
