-0.0069806
0.0016422
-0.0094871
0.0034669
0.0003548
0.0079949
0.001434
-0.0018007
0.0006451
-0.0076642
0.0079861
0.0049266
0.000547
0.0028794
-0.0094644
-0.0023039
-0.0035421
-0.007258
-0.0036704
-0.0069486
-0.0049641
0.0073314
0.0096305
-0.0087589
-0.0086784
-0.0034136
-0.0026859
0.0017594
-0.0034383
0.0092874
0.0073899
-0.0027437
0.0006682
0.0072813
-0.0076556
0.0073994
-0.0011234
0.0068383
-0.0079643
-0.0023168
0.0096006
0.0064548
-0.0009179
0.007785
-0.0048424
0.0042973
-0.0073771
-0.006207
0.0035174
0.004405
-0.0010055
-0.0009211
0.0071937
-0.0003884
-0.0069643
0.0094135
0.003541
-0.0074217
0.004399
0.0075767
-0.0008083
-0.009783
0.0070685
0.000381
0.0090959
-0.009311
-0.0094893
-0.0069324
-0.0027991
0.0097335
-0.0059975
-0.0051986
0.0091816
0.0047142
-0.001402
-0.0005378
-0.0073698
-0.0023347
0.0088228
-0.004403
-0.0002083
0.0015555
0.0048898
-0.0084713
-0.0034243
0.0040245
-0.0074506
0.002993
0.0095662
-0.0044028
0.0020892
0.0009685
0.0053569
-0.0042521
-0.0003866
-0.0099376
-0.0048767
0.0018591
-0.0029491
0.0025451
0.0096225
-0.0052186
0.0008465
0.0078438
-0.0045731
-0.0023947
-0.0035694
0.0068075
-0.0022973
-0.0048385
0.0043578
-0.0078315
-0.0009304
0.0097479
-0.0090075
0.0011708
-0.0083817
0.0068636
0.0057667
0.0048777
0.0010793
-0.0010853
-0.009931
0.0023267
0.0015742
0.009595
0.0040361
0.0054688
0.0049184
0.005524
0.0043211
-0.0001084
0.0035589
0.0050054
0.0085817
-0.0040793
0.008966
0.0044115
-0.0055094
-0.0017501
0.0036024
0.0035535
-0.006963
0.0048966
0.0057424
0.0081054
-0.0052479
-0.008679
-0.0058748
0.0031896
-0.0046452
0.0076616
0.0048634
-0.0016508
-0.0095385
0.0018739
0.0083603
0.0062654
0.0054321
-0.0060189
0.0091807
0.0096173
0.0028939
-0.0040278
4.3e-5
-0.006443
0.0043669
-0.0069842
-0.0033897
0.0042512
-0.0010425
0.0021543
0.0027738
0.006579
-0.0087773
0.0018681
-0.0055073
-0.0025481
-0.0007975
-0.0091562
0.0071247
0.0077014
0.0068129
-0.0029563
0.0066141
0.0058098
0.0090797
-0.0002116
0.0003811
-0.0015466
0.001156
0.0090317
0.0081628
0.0085419
-0.0071146
0.0016403
0.0084874
0.0087727
0.0065127
0.0064102
-0.0048854
-0.0010089
-0.0084501
-0.009093
-0.0043649
0.0023179
0.0071722
0.007965
0.0039809
0.0068486
-0.0032347
-0.0099289
0.0097375
-0.0055132
5.32e-5
-0.0061997
-0.0048894
-0.0073813
0.0064446
0.0086444
-0.0085974
0.0074194
0.00667
0.0068732
0.0079703
-0.0055613
0.0095471
-0.0081762
-0.0047917
0.0042629
-0.0096429
-0.0022273
0.0021528
-0.0011841
-0.0064623
-0.0038717
-0.0028323
0.0023566
0.0060859
0.0086859
-0.0093858
-0.0033925
0.0018693
0.0080146
0.0001494
-0.0034986
-0.0023638
-0.0033562
-0.008797
0.0015314
0.0031814
0.0063616
-0.0041244
0.0099913
0.0027842
-0.0016395
0.0071256
-0.0055432
0.0036829
-0.0046676
0.0087137
0.0058227
-0.0068502
-0.0062908
-0.0066086
-0.0093668
-0.0028404
0.0025903
-0.0091854
0.0043933
-0.00325
0.0082522
0.0009688
-0.002482
0.002707
-0.0022239
-0.0089607
0.0004168
0.0093818
-0.0016077
-0.0040757
-0.0065571
0.0088257
0.0071968
0.0095716
0.0050373
0.0032717
0.0095843
0.0098732
-0.0071673
-0.0022685
0.0023312
-0.0033197
-0.0037577
0.0094544
-0.0029004
0.0037172
0.001079
-0.0059267
0.0086453
-0.0064989
0.0055891
0.0035337
-0.0012593
0.0054259
-0.0049003
0.0070951
-0.0075055
-0.0055138
0.0060049
-0.0014174
0.0088077
0.0050674
6.79e-5
-0.0058451
-0.0005527
0.0016357
-0.0070999
0.003302
-0.0041136
-0.0043106
-0.0016412
0.0095865
-0.0019586
0.0077629
-0.0059031
-0.0084224
-0.0083525
0.0073463
0.0069998
0.0049771
0.0032016
-0.0006868
0.0074135
0.0070641
-0.0071557
0.0087399
-0.0032498
-0.0083659
-0.0078228
-0.0059744
-0.0036078
0.0022111
-0.0093657
-0.0084052
-0.0036252
-0.0084911
-0.0016472
-0.001571
-0.0026854
0.0061419
0.0005489
-0.0076438
0.0011459
-0.0094313
0.0017842
-0.0037709
0.0086655
0.0090955
0.002185
-0.007666
-0.0050298
0.0097153
0.0087487
-0.0028557
0.0036914
-0.0071582
0.0077566
0.0072646
-0.0076445
0.0021907
-0.0050245
-0.0003569
0.0055401
0.0034371
0.007472
-0.0065512
-0.0097467
0.0071136
0.0065345
-0.0008028
0.0023482
0.0056849
0.0064621
-0.0028922
0.0089416
-0.0040846
0.0003742
-0.0033859
0.0009062
-0.0012837
-0.0051222
-0.008149
-0.0001277
0.0011742
0.005586
-0.0037362
0.0012338
-0.0013732
0.0060711
-0.0087178
0.0046295
0.0075546
0.0047507
0.0022111
0.0026246
0.0070805
0.0062382
0.0048334
-0.0060778
0.0028007
-0.0075806
0.0053288
0.0058101
0.0011151
-0.0095242
0.0077101
0.0005614
-0.0020269
-0.0095143
-0.0003924
0.0099704
-0.0086891
0.00126
-0.000164
-0.0051067
-0.0074943
0.0029574
0.0032461
-0.0033266
-0.0079683
0.0059897
0.003817
0.0009894
-0.0040714
0.0067617
-0.0099919
0.0037058
0.0032652
-0.008834
-0.0065132
0.0074093
-0.0018395
0.0021324
0.0025333
-0.0055189
0.0012508
-0.0038442
-0.0043925
0.0042423
0.0088475
0.0012505
-0.0053393
-0.0072575
0.0074195
0.0046059
0.0089545
0.0079756
-0.0079936
-0.0032025
0.0029346
-0.007448
-0.0014534
-0.0062817
-0.00354
0.0095492
0.0064559
0.0017665
-0.006239
0.0092116
-0.0076267
0.0087742
-0.002194
-0.0079534
0.0018421
0.0011881
-0.0044436
0.0061349
0.0013307
-0.0066351
-0.0031904
-0.0024098
0.0002401
0.0044713
-0.0003188
0.0083965
0.0033696
0.0009719
-0.0011281
0.0014617
0.0012432
0.003052
-0.0016689
0.0053142
0.0034046
