-0.0055207
0.008091
0.0033368
-0.0056738
-0.0099458
-0.0062383
0.0034458
-0.0083738
0.0059363
0.0095717
0.0041033
-0.0020482
-0.0001755
-0.0026833
0.0035162
-0.0066184
0.0032554
0.0068331
0.0004024
-0.0044014
0.0025948
-0.0037409
0.0086777
0.0051891
-0.0090335
-0.0087545
0.0001843
0.0065298
-0.0072358
-0.0089321
0.0030184
0.0076769
-0.0063676
-0.0077503
-0.0017643
0.0025682
0.0061326
-0.0019415
0.0068877
-0.0076858
-0.0052065
-0.0077043
0.0053987
0.006312
0.0024249
-0.0020606
0.0076031
0.0079548
-0.0030319
-0.0067992
0.0087625
0.001575
0.0022175
0.0095296
0.0071708
0.002546
-0.0057344
-0.0048253
-0.0006242
0.0040354
-0.0032983
-0.0036033
-0.0042801
0.0026535
-0.0026128
-0.0020243
-0.0068375
-0.0056953
0.0033769
0.0057793
0.0080895
0.0011288
-0.0034301
0.0039959
-0.0058303
0.0049531
-7.77e-5
-0.0071019
-0.0037561
-0.0042782
0.0096818
0.0028211
0.0071378
-0.0069187
0.0057631
0.009913
0.0039468
0.0010455
-0.009608
0.0089099
-0.0062625
-0.0042088
0.0030582
-0.0080317
-0.0083362
-0.0077062
-0.0038871
0.001611
0.0061006
-0.0012487
0.000203
-0.0016763
0.0092649
0.0087089
0.0039823
-0.0061579
-0.0036799
0.0035987
-0.0035305
-0.0060749
-0.0013027
0.0033831
-0.0080428
-0.0063446
-0.0031408
-0.0046363
-0.002788
-0.006868
0.0095359
0.0085448
0.0073701
-0.0059197
-0.0017674
0.001336
0.0049015
-0.0023895
0.0048862
0.0026704
0.0093996
0.0017927
-0.0003301
-0.007991
-0.0074579
0.0012688
-0.0095622
-0.0061324
-0.0097677
0.00349
0.0088554
-0.0076842
0.0037985
-0.006308
-0.0071149
-0.0018079
-0.0053364
0.0030215
0.0014909
-0.0067295
0.0062874
0.0024501
-0.0086934
0.0011404
0.0048055
-0.0022282
-0.0023561
0.0027378
0.0057331
0.004762
0.0018338
0.0019936
-0.0060223
0.0001689
-0.0079674
-0.0062276
-0.0081246
-0.0091497
0.0096954
-4.45e-5
0.0048473
-0.0073156
0.0092247
0.0047674
0.0057159
-0.0034706
-0.001204
0.0086986
-0.0073654
0.0001072
-0.0003565
-0.0094508
0.006001
0.0058624
0.0063763
-0.0060488
-0.0043976
-0.0015857
-0.0011019
0.0085763
-0.0035919
-0.0059237
0.0082617
0.0028403
0.0011577
0.0052133
-0.0046043
-0.002022
0.0066388
0.0051146
0.0072609
0.0095404
-0.0068879
-0.0003866
-0.0035367
0.0018042
-0.0044164
0.0011202
-0.007556
0.0055468
-0.0054349
-0.0010609
-0.0088953
0.0080147
0.0054842
-0.0073799
-0.0096146
-0.0002142
0.0022742
0.0063124
-0.0078506
-0.0093886
0.0016826
-0.0062096
0.0080521
0.0050359
7.67e-5
-0.0062819
0.00596
-0.0038035
-0.0099683
-0.0076064
-0.0034902
-0.0050795
0.0075393
0.0027894
-0.0001344
0.0017277
-0.0091653
-0.0094227
-0.0040333
-0.0066637
0.0052962
0.0051693
0.0019748
0.0037871
-0.0014929
0.0004612
0.0086871
-0.0008283
0.0051127
0.0052381
0.0081458
0.0062629
-0.0018643
-0.0079618
-0.0043942
-0.0079069
0.0039883
0.0091949
0.0028227
0.0021169
0.001009
0.0088887
0.0089279
-0.0060887
0.0024509
-0.0046789
0.0079177
-0.0029714
0.0082317
0.0036848
-0.0066797
0.0027763
0.0035865
0.0081618
-0.0085446
-0.0079293
0.0070968
-0.0037963
0.0002027
0.0038431
-0.0078072
-0.0028269
0.0060338
-0.0047873
-0.0029206
0.0089793
0.0008374
-0.0068864
0.0083038
-0.0091249
0.0054266
-9.27e-5
-0.0017225
-0.0062456
-0.0046532
0.0093044
-0.0065481
0.0066029
-0.0060619
-0.0022213
0.0052722
0.0079786
-0.0023344
0.0050624
-0.0078017
-0.006375
-0.0079603
0.0040761
-0.0009798
0.005474
-0.0036154
0.0061368
-0.0017318
0.0032983
-0.0095114
-0.0035355
0.0085856
0.0027584
0.0060642
-0.0034398
0.0071312
-0.0096356
0.0042655
0.0017695
0.0062651
0.0036838
0.0040276
-0.0002023
0.0015048
-0.0044759
-0.0025689
0.008151
-0.0094463
-0.0021161
0.0033019
0.0095697
-0.0048789
-0.0017294
0.0049002
0.0073066
0.0076067
0.0048972
0.0061712
0.002908
0.0030396
0.0050203
-0.0030761
0.0055927
0.0014081
0.0042479
0.0067463
-0.0076731
0.0041953
0.0036553
-0.0004253
-0.0031368
0.0026014
0.0025132
0.0038934
0.00912
0.0035029
-0.0058447
0.0008813
0.0099113
-0.0093254
-7.17e-5
0.0005016
0.0094303
0.0075615
-0.0001518
-0.0037663
-0.002594
-0.0062816
-0.0085645
0.0013297
-0.002456
0.0086168
0.0023093
-0.0043079
-0.0005423
-0.0050206
-0.0097976
0.00373
-0.0023237
0.0039342
-0.0041398
0.0037636
-0.0079053
-0.0084141
0.0095245
-0.0039857
0.0001104
-8.95e-5
0.0049519
-0.0067779
0.0022764
0.0031018
-0.003295
-0.0062861
0.0035881
0.0086312
-0.0090195
0.0077659
-0.0052588
-0.0093981
-0.0001453
0.0002807
-0.0024558
0.0039485
-0.0002043
0.0042398
0.0050262
0.0062309
-0.005263
-0.008068
0.0048199
-0.0040272
0.0008871
0.000301
-0.0050572
-0.0035688
-0.0036
-0.0030498
-0.0061476
0.0084773
0.0039213
0.0090047
0.0038392
-0.0020547
-0.0026477
-0.0037035
0.0009249
0.0015276
0.008797
-0.0088476
-0.0081982
0.0077514
-0.0012025
0.0050941
0.0007719
0.0075061
0.00549
0.0039404
-0.0079223
3.26e-5
-0.0085536
-0.0077287
0.0010808
0.0023708
-0.0091849
-0.0088422
0.0086701
-0.0052235
0.0032442
-0.0064719
-0.0015409
-0.0015731
-0.0099166
-0.0036864
0.0072578
-0.0045642
0.0063789
0.0097649
-0.0024996
-0.0077429
0.0040522
-0.0072196
0.0020358
-0.0085143
0.0062969
0.0046593
0.0036139
-0.0056856
0.0059123
-0.0053764
0.0086701
-0.0046636
-0.0070597
-0.0063278
-0.0002501
-0.0097813
0.0024781
-0.0001751
0.0020781
0.002829
0.006347
-0.0090794
-0.0053817
0.0023504
0.0025166
-0.0096203
-0.0011852
0.0027126
-0.0072356
-0.0067318
