-0.0084523
0.0081914
-0.0003886
0.0021425
-0.007204
0.000891
5.07e-5
0.00275
-0.0032277
-0.0035624
0.0021459
-0.0024712
0.0049656
0.0087494
0.0042677
-0.0023232
0.0064595
0.0062324
0.0071149
0.0085724
0.0046542
0.0063038
-0.0005142
-0.004912
0.0077032
0.0080267
0.0042412
-0.000704
0.0084741
-0.0070572
0.009815
0.0059264
-0.0064204
0.0091359
-0.0073791
0.008106
-0.0010932
0.0068974
0.0063344
-0.0091779
-0.0069026
0.0001468
-0.0021728
-0.008765
0.0093046
-0.0007594
0.0065501
-0.0086677
0.0058817
-0.0031662
-0.0049406
-0.002108
0.0041558
-0.00635
-0.0035664
0.0045928
0.0081108
-0.0025439
0.0075723
0.0030034
0.0054147
-0.0040157
-0.0007738
-0.0096643
-0.0047571
0.0037002
-0.0023045
0.0035162
-0.0019844
-0.0012754
0.0018341
-0.0061325
0.0047182
0.0078942
-0.0078584
-0.0097903
-0.000279
-0.0089655
0.0052846
0.0027907
0.0077427
0.0092889
-0.0017478
-0.0001041
0.0007118
0.0056791
-0.0031745
-0.0078759
-0.0055236
0.0064523
-0.0031324
0.0097026
0.0080496
0.0010977
4.01e-5
0.0005979
0.0029558
-0.0020389
0.001058
-0.0007062
0.0072664
-0.0050462
0.0062215
-0.0083941
0.0062902
0.0026928
0.0098157
0.0096797
-0.0030219
-0.0054276
-0.003227
0.0097803
0.0014412
0.0068028
-0.0047008
-0.0088975
0.0036287
-0.0060212
0.0021902
-0.0064267
-0.0050704
0.0028814
0.0031176
-0.000841
0.0049945
-0.0034817
0.0039376
0.0012143
-0.0001966
-0.005961
0.005099
0.0096413
-0.0005946
-0.008932
-0.0065015
-0.0075183
0.0033044
0.0067573
0.0057925
-0.0046315
0.0062265
-0.0084342
0.0039336
-0.0047238
0.009251
-0.0094345
0.0030584
-0.0021658
-0.0061819
0.007676
-0.0057422
-0.0065248
-0.0062613
0.0068134
0.0041858
-0.0035304
0.0085365
-0.0076916
0.0051872
0.0074932
-0.0015615
-0.005635
-0.0044512
-0.0094737
0.0064438
-0.0002069
-0.0089619
0.0062965
0.0047743
0.0024982
-0.0018408
-0.0097797
0.0097951
0.0051825
0.0041879
-0.0094445
-0.0021305
-0.0008127
-0.0070191
-0.0018364
-0.0019556
0.0086797
-0.0021222
0.0068418
0.0080275
0.0081641
-0.0042674
0.0071996
0.0080489
-0.0015295
-0.0055908
0.0039643
0.0099336
-0.0032814
-0.0074932
0.003855
0.007121
-0.0001845
0.009158
0.0036257
0.0098288
-0.0039447
0.0027115
0.0031132
-0.0091502
0.003315
0.0062386
0.0035008
0.0010856
-0.0062034
-0.0096571
-0.0085397
-0.0064646
-0.0046966
-0.0087494
0.0088019
4.44e-5
0.0027123
-0.0060891
-0.0017086
-0.0055371
0.0060752
0.0043933
0.0016338
-0.00711
-0.0059594
-0.0088917
-0.0020373
0.003133
0.0066029
0.0009815
0.007887
-0.0098894
-0.0094432
0.0043323
-0.0014656
-0.0070583
-0.0075417
0.009975
0.0035137
0.0016803
-0.0019861
-0.0046043
-0.0016431
-0.0016027
0.000423
0.0067076
-0.0045807
0.0032669
0.0029095
-0.0007035
0.0027593
-0.0029217
-0.0030936
-0.0014208
0.0077127
-0.0019585
0.0006657
-0.0014037
0.0042179
0.00231
0.0077857
-0.002929
0.007564
0.0077841
-0.0042617
-0.004722
0.0098005
0.0099545
0.0077088
0.0087594
0.0053403
-0.0086136
0.0060117
0.0085874
0.0086839
0.0018318
-0.0051338
0.0018516
-0.0024745
0.0067678
-0.0023729
0.0092502
-0.0007891
0.0095354
-0.007919
-0.0015662
0.00355
0.0056188
-0.007825
-0.0046181
-0.0084555
0.0016736
-0.0073016
-0.0063313
-0.0067697
0.0005163
-0.008785
0.0097903
0.0032694
0.0015846
-0.0040668
0.0090867
0.0001026
-0.0020652
0.0003635
0.0074966
0.0047003
-0.0069028
0.002838
-0.0070908
0.0065226
0.0007748
0.0080679
-0.0007696
0.0029294
0.0077098
0.0046391
-0.0090237
-0.0095324
-0.0001793
0.0004971
-0.0060951
0.0056645
-0.0083401
0.0039433
0.0053248
0.0007341
-0.0032065
-0.0062398
0.0055639
-0.0050697
0.0009069
-0.0089461
0.0081529
-0.0059753
-0.0084773
0.006254
-5.8e-5
0.0031046
0.0058382
0.0018241
-0.0013745
0.0001984
-0.0099157
-0.0063988
-0.0063931
-0.0007938
-0.0042565
0.0068735
-0.003452
-0.0031152
-0.0064784
0.0028132
0.0086428
0.0069429
0.0059312
-0.0021303
0.0099921
0.008688
-0.0042111
0.0085511
0.0034854
-0.0052926
0.006991
0.0064401
0.0079263
0.0006856
-0.0013148
0.003347
-0.0047409
0.0066706
0.0040085
0.0078204
-0.0007616
0.0044809
-0.0060425
0.006573
0.0076682
-0.0004812
-0.006895
0.0080969
-0.0093663
-0.0097449
-0.0095315
-0.0031518
-0.0005149
-0.0075982
-0.0046107
-0.0025734
-0.0006342
-0.0042378
0.0057822
0.0083417
0.004831
-0.0015551
0.0062828
0.0062612
-0.0058351
-0.0007027
0.0009539
0.0065832
0.0095426
-0.0049198
0.0047178
-4.57e-5
-0.0010119
0.008201
0.0085456
0.0097677
-0.0055585
-0.0023296
-0.0029027
0.0062227
0.0045777
-0.0015784
-0.0055139
-0.0048803
0.0073676
-0.00255
-0.0092108
-0.0034058
0.0048624
-0.0022528
0.0038043
0.0061931
0.0098681
0.008654
-0.0058481
0.0038865
0.0029389
-0.0061811
-0.0069391
-0.0060815
0.0053105
-0.0009561
-0.0006554
0.0042449
0.005629
-0.0057081
0.0081535
-0.0042169
-0.0059049
0.0035632
7.09e-5
0.0064089
-0.0023701
-0.0093416
0.0010311
0.0012596
0.0006297
-0.0013349
0.0063555
0.0082368
-0.0069824
0.0006374
-0.0076857
1.13e-5
0.0073081
0.009358
0.0001252
-0.0081109
-0.005645
0.0003565
-0.0006701
-0.0060247
0.0088891
-0.0048341
0.0010065
-0.0049574
0.0060473
-0.0077282
0.0003401
0.0009054
-0.0003186
0.0051858
0.0019029
-0.0061638
0.0080965
-0.0095382
0.0027061
-0.0033246
0.0058006
-0.0033226
0.0003348
0.0067465
0.009392
-0.0042701
-0.0089547
-0.0025986
0.0027988
-0.0078193
0.0061639
0.0039607
-0.0008078
