0.0024266
0.0025007
0.0037614
-0.0037227
0.0074017
-0.0029823
0.0080791
0.0008705
-0.0077561
0.0091174
-0.0057765
0.0030917
-0.0020662
0.002904
-0.0016261
0.0006575
-0.0046944
-0.0018053
0.0046822
-0.0060866
-0.008768
-0.0086856
0.0065422
0.003408
-0.0002463
-0.0074595
0.0098002
0.0046778
0.0033876
-0.0072211
0.0095651
-0.0076502
0.0082094
0.0065108
-0.008258
-0.0028913
0.0037775
0.0053668
0.005655
-0.0085461
-0.0060718
-0.0090865
-0.0032992
-0.0077478
-0.0003891
-0.0063253
0.0028257
0.0068909
-0.0066342
-0.0036314
0.0019534
0.0066237
-0.009989
0.0093603
0.0096428
0.0026218
-0.00075
0.0057999
-0.0006096
0.0054513
-0.0049047
-0.0099286
0.0017465
0.0029465
0.0019459
-0.0059714
-0.0018339
-0.0020857
-0.0036167
-0.0088613
-0.00439
0.0015463
0.0030666
-0.0002118
-0.0083605
0.0034792
-0.0003548
0.0095631
6.37e-5
-0.0002644
-0.0091237
-0.0023747
0.0080839
-0.006412
-0.0068208
0.0065794
-0.0091149
0.0092784
0.0037107
-0.0024599
0.0081419
-0.0049219
0.0076401
-0.0058852
0.0036246
-0.0027152
-0.0050374
-0.0090786
0.002439
0.0062591
-0.0069774
-0.0005995
0.0088408
-0.0019932
0.0088316
0.0069676
0.0051934
0.006898
-0.0060614
-0.0035544
0.0058935
0.0073463
0.0087019
0.0090407
0.0040742
-0.0080035
0.0001511
0.001587
0.0003697
0.0080288
-0.0052283
-0.0083125
-0.0062875
0.0004213
-0.0075735
-0.0025425
0.0064979
-0.0096988
-0.0019673
0.0091692
-0.002464
0.0039471
0.0050011
-0.0022045
-0.0010626
0.0077182
0.0086262
0.0029917
-0.0029767
0.0086767
-0.0023487
0.0061235
-0.0072277
0.0089955
0.0083193
0.0092216
-0.0083548
-0.0006016
-0.0089379
-0.0031793
-0.0080459
-0.0058332
-0.0002852
-0.0022536
-0.0063121
0.0009154
0.0045008
-0.0045046
0.0024561
-0.0023744
-0.0022166
-0.0032601
-0.0097443
-0.0045851
0.009945
0.0042696
0.0055716
0.0097053
0.0045371
0.004467
-0.0081249
-0.0057026
-0.0084162
-0.0011295
0.0058568
0.0093533
-0.0061447
0.0002602
0.0065322
0.0067294
-0.0020697
-0.0034943
-0.000792
-0.006831
-0.0009651
0.0080044
-0.0071543
-0.0098668
0.008214
0.0056492
0.005089
-0.0006494
0.001571
-0.0072117
5.2e-6
0.0036662
-0.0028502
0.003495
-0.0022778
0.0092034
0.0012306
-0.002995
0.004891
0.0007444
-0.0043835
0.0009378
0.0098962
0.0069791
0.0010665
-0.0084639
-0.007242
-0.0073345
-0.0049618
-0.0066071
-0.008168
0.0011548
-0.0047854
-0.002257
-0.0076207
-0.0096376
-0.0068193
-0.0024783
-0.0072262
0.0068402
-0.004431
-0.0066473
-0.0046407
-0.0026693
-0.0051248
-0.0031334
0.0051734
0.0094342
-0.0007448
0.0069456
-0.0052802
0.0062677
0.008852
0.0049724
0.0014452
0.0025022
-0.0022247
0.0044153
0.0078264
-0.0060731
-0.00717
0.0084922
0.0054758
0.009483
-0.0092267
-0.0019797
-0.0054141
0.0053619
0.0031826
0.0071959
0.0058412
-0.0051195
-0.0039801
0.0042363
-0.0090896
-0.0064505
-0.0020571
-0.0032175
-0.0047802
-0.0008722
-0.0084979
0.0022143
-0.0065081
-0.0061209
0.0037401
-0.0057644
0.0091305
-0.0020608
-0.0063511
-0.0087881
-0.0020664
0.0075782
-0.0018259
-0.0083105
0.0013847
-0.0007202
0.0095099
-0.0002936
0.0083213
0.0034556
0.003406
-0.0018755
-3.38e-5
-0.0007008
-0.0053508
-0.0038388
0.0020423
0.004016
0.0058376
-0.0031877
-0.003846
0.0043719
-0.0031838
0.0018329
-0.0029237
-0.0093135
0.0089848
0.0083697
-0.0088529
-0.0092195
0.0003886
0.0080581
-0.0029866
0.0092752
0.0015078
0.0021666
0.0028137
0.0059811
0.006913
-0.0015368
-0.0006776
-0.004454
-0.0046539
0.0020932
-0.0096709
0.0006739
0.0074679
-0.0099288
-0.007043
0.0026424
-0.0028365
-0.0038523
-0.0065379
-0.0048484
0.0041842
-0.0098155
0.0084704
0.0042512
0.0094407
-0.0048136
-0.0030025
-0.0003724
-0.0040759
-0.0057226
0.0026284
0.0079502
0.0040273
0.0012181
0.0083903
-0.0011981
-0.0058895
-0.0050165
0.0006803
-0.0036593
0.0055764
0.0095932
-0.0089245
-0.0035008
-0.0015091
0.0052509
0.0009028
0.0069332
-0.0018656
0.0088927
-0.0050525
0.007289
-0.0070534
-0.0016881
-0.0042744
0.0097763
0.002225
0.00753
-0.004855
-0.0019246
0.0072015
-0.0069138
-0.0085827
-0.0038085
-0.0009065
0.0085227
-0.004255
-0.0015983
-0.0083257
0.0087745
0.0071361
-0.0075923
0.0063607
-0.0083129
0.0068034
-0.0061317
-0.0001343
0.0073335
-0.0031387
0.0050719
0.0069886
-0.0067243
0.0059816
0.0029918
0.0080922
-0.0088011
0.0054345
0.0006672
-0.0071342
-0.0002394
0.0010874
-0.0060084
-0.005932
0.0085194
-0.0074422
-0.0081035
-0.0069262
0.0062369
-0.0083177
-0.0029689
0.0001747
-0.0020938
0.0096582
-0.0036311
0.0067242
0.00325
0.0088564
-0.0024325
-0.0079726
0.0007272
-0.0013639
-0.0098072
-0.0043086
0.0018949
-0.0016014
0.0087531
-0.0068618
0.0028834
0.0097916
-0.0006547
-0.0092884
0.0094043
0.0082228
0.0072026
-0.0001812
-0.0050488
-0.0008869
0.0009015
-0.0047031
0.0032252
0.0012406
0.0018146
-0.008848
-0.0089429
-0.0066674
0.0025636
-0.0094255
-0.0070439
-0.0065383
-0.00528
-0.0072201
0.009294
0.001924
0.0006564
0.0029809
-0.0094385
-0.0028071
-0.0090184
-0.0021152
-0.0048247
-0.0046318
0.0094602
-0.0047442
-0.0026719
0.0034498
0.0006179
0.0047836
-0.0088411
0.0012357
0.0017233
0.0086938
-0.004612
-0.0009329
-0.0030781
-0.0060172
0.006646
-0.00579
-0.0092514
0.0021086
0.0066947
0.0039304
-0.0051464
0.0075755
-0.0082257
0.0024336
0.0028392
0.0074595
-0.0054325
0.0067923
0.0039211
0.0065994
-0.0057294
0.0057401
0.0010418
-0.009095
0.0025541
-0.0002572
