0.0055621
-7.05e-5
0.0059219
-0.0032353
0.00737
-0.0051009
0.0096048
-0.0076101
-0.0097738
-0.0010904
0.0036027
-0.001243
0.0068831
0.0051706
0.0009446
0.0004198
0.005956
0.0099809
0.0014746
1.62e-5
-0.0003244
0.005781
-0.0032869
0.0075783
-0.0053862
0.005583
-0.0016712
-0.0070724
0.0090283
0.0051281
-0.0033409
0.0086427
-0.0018738
0.0045754
0.0083151
-0.0046741
0.0010402
-0.0041031
0.001868
-0.0084614
-0.0071724
-0.0052776
0.0009855
0.004193
-0.0019187
0.0017923
-0.0002622
0.0066712
-0.0073263
0.0018807
-0.0069836
-0.0079749
0.0009847
0.0011857
0.0023808
-0.0068015
-0.0072397
-0.0080628
0.0059061
-0.0019001
0.0003787
0.0091023
0.000428
0.0054374
-0.0087913
-0.0091779
0.0058165
0.0013455
-0.0024637
-0.0072459
-0.0043589
0.0046245
-0.0070731
-0.0013578
-0.0047325
-0.000557
0.0029894
0.0007907
-0.0098516
-0.0058658
-0.005711
0.0008034
0.0080278
-0.0080472
0.0029476
0.0069759
0.004551
-0.0091549
0.0009764
0.0057732
0.002666
0.005351
0.0006498
0.0011162
0.0045918
0.0006255
-0.0093867
0.007147
0.0009406
-0.0014196
-0.0020703
-0.007504
0.0089221
-0.0099195
0.0059948
0.0043022
-0.0050537
-0.0069952
-0.0050569
0.0045498
-0.0003991
0.0014504
0.009445
0.0077689
-0.0058865
-0.0050655
-0.000668
0.0027226
0.0013219
-0.0069143
0.0035158
0.0088789
0.0098434
-0.0012678
0.0016526
0.0094483
0.0069114
-0.0030602
0.0018639
-0.0025247
-0.0083753
0.0087078
-0.0051992
0.0058456
0.0091088
0.0091119
0.0089024
0.0086511
0.005042
-0.000284
0.0067388
-0.0073878
-0.0038039
-0.0093584
-0.0082705
-0.0069312
0.0024894
-0.0086287
0.0041644
-0.0049235
0.0089971
0.0094173
-0.0020922
-0.0055151
-0.0029071
0.0051042
0.0043009
-0.0068568
0.0034539
0.0046821
0.0095704
0.0037734
-0.009429
0.0094975
-0.0009155
-0.0019199
-0.0006687
0.0072692
-0.0079241
0.0072255
0.0012543
0.0051728
0.0036578
-0.0062968
0.0036146
-0.0088733
-0.0084808
0.0035638
0.0047875
-0.0033047
-0.006542
0.0099785
-0.0061867
-0.0082859
-0.0028566
0.0070885
-0.0090592
0.0047818
-0.0023091
-0.0060736
0.0091838
-0.0006759
-0.0085593
-0.0074995
-0.0054558
-8.9e-6
0.0020801
-0.0089144
-0.0020961
0.0068661
0.0030911
-0.0053125
-0.0074017
0.0021314
0.0064916
0.0037718
-0.0008253
-0.0042067
0.0078614
-0.0088511
-0.0078763
-0.0008498
0.0061345
0.0062031
0.0014846
-0.0063533
0.0036378
0.0001235
-0.0058923
0.0059958
-0.0011023
-0.0095411
0.0026062
-0.0084721
-0.0002988
-0.0004859
0.0018765
-0.0033268
-0.0064461
0.000612
0.0048774
-0.0028507
0.0091393
-0.0039774
0.0025781
-0.0037652
0.0031821
-0.0077834
0.0014919
0.0055381
0.0095926
0.0006197
0.008738
0.0060101
-0.0031565
0.008324
-7.41e-5
-0.0095348
-0.0038593
-6.43e-5
0.0054142
0.0028107
-0.0095458
0.0019865
-0.0034285
-0.0098784
0.0024431
0.0092751
0.0080554
-8.4e-6
-0.0059551
-0.0084421
0.003036
-0.0068344
-0.0047324
-0.0032126
0.0058145
0.0093206
-0.0042569
-4.7e-6
0.0032505
0.000258
0.0003549
0.0046995
0.0056632
-0.0037532
-0.0053136
-0.0067624
-0.006339
-0.0068701
0.0011194
0.0044972
-0.001085
0.0061445
-0.0058744
0.0066635
0.0013023
-0.0043232
-0.0004975
0.0057675
0.0022527
-0.007254
0.0071507
0.0006006
0.0064533
-0.0032306
-0.0071079
0.0024319
-0.0084569
-0.0055532
0.0071022
-0.0068686
0.0061293
0.0023751
-0.0088607
0.0022404
-0.0031149
-0.0021701
-0.0005235
-0.0097263
0.0063288
-0.00982
-0.0079571
0.0064229
-0.0055347
-0.0026053
0.0042055
-0.0082173
-0.0073453
-0.0005758
-9.11e-5
-0.0008745
0.0091276
-0.006414
-0.0018025
0.0001813
-0.0004165
-0.0074814
-0.0073568
0.0005002
0.0015281
-0.0080769
0.0035695
-0.0070877
-0.001784
-0.0013254
-5.86e-5
-0.0087404
0.0028506
-0.0025282
0.001716
-0.0099688
-0.0066218
-0.0031208
0.0002056
0.0021874
0.0057812
0.0001302
0.0046367
0.0024209
0.0054843
0.0089061
-0.0057582
-0.0018337
-0.0065751
0.003923
-0.0041485
0.0004957
-0.002633
0.0042553
-0.0053459
0.0085619
-0.0042162
-0.0012522
-0.0015941
-0.0002876
-0.0057033
-0.0086572
0.0076003
0.0089646
0.0082444
-0.0080535
0.0057429
0.0084055
0.0013471
0.0018882
-0.0028488
0.0018482
0.0070736
0.0043294
0.0073019
-0.0020406
-0.003396
0.0062587
-0.0071026
-0.001388
0.0016327
-0.0015285
0.0037269
-0.0043772
-0.0008357
0.0001523
0.0050662
-0.0090156
-0.0016216
-0.0028086
0.0069251
0.0003639
0.0047089
-0.0075621
0.002524
-0.003875
0.0016341
-0.009152
0.0092512
-0.0008766
0.0085937
-0.0037633
0.0036306
0.0092031
-0.0015912
-0.0010678
0.0073163
-0.0074136
-0.0080889
0.0032695
-0.0008071
0.0053546
0.0031464
0.0036036
-0.0013894
0.0033282
-0.0016587
-0.0027553
0.0018434
0.0038479
0.0048591
-0.0073127
-0.0044566
-0.0078906
0.0087986
0.0072923
0.0024724
-0.0008204
-0.0024804
0.0042368
0.0007311
-0.0072683
0.0041077
-0.0025488
-0.0008432
-0.0055366
0.008322
-0.0081438
-0.003197
0.0048475
0.0039066
-0.001001
-0.0098397
0.0081176
0.0066407
0.0033188
0.0072921
-0.005521
-0.0018404
0.0026432
-0.0039748
-0.0059777
-0.0033755
-0.0006855
0.0046223
0.0076582
-0.0068929
-0.0028119
-0.0003387
-0.0040481
-0.0034555
0.0085116
-0.0014732
0.0077797
0.0061822
-0.0015154
0.003081
0.0042709
0.0067434
-0.0022338
-0.0046199
-0.0072125
0.0038492
-0.0001148
0.008561
-0.0047854
-0.006866
-0.006912
0.0034978
-0.0029152
-0.0020069
0.0052491
0.0031398
0.0077832
-0.003405
0.0067258
0.0074131
0.0022482
-0.0004101
