-0.0097707
0.0059246
0.0010666
-0.0093293
-0.0030618
0.0026726
0.0089313
0.0085533
0.0016422
0.0024593
0.0088525
0.0092631
0.004398
0.0033042
-0.0080798
0.0083757
-0.0056269
-0.0035553
-0.0050925
-0.0073602
0.0033996
-0.0047743
0.009191
0.0058751
0.0002088
-0.0034893
-0.0050012
-0.0042035
0.0015515
0.0083654
-0.0082995
0.0030285
0.0043813
0.0088382
-0.0011465
-0.0034699
0.0054254
-0.009295
-0.0093036
0.0096889
-0.0081881
-0.0018192
0.0025735
-0.0093344
0.0006679
0.0015145
-0.0026505
-0.0069656
-0.0036735
0.0007685
0.0006575
-0.0083396
0.0047435
0.006437
0.0074183
0.0009439
-0.0099746
0.000944
0.0030416
-0.0044111
0.0087483
-0.0086188
0.0004574
0.0024146
0.0025278
0.0016264
0.0078953
-0.0067197
-0.0035406
0.0099752
0.0082819
-4.64e-5
-0.0088385
-0.0074727
0.0059598
0.003155
0.002488
0.0087817
-0.0047534
-0.0094238
0.0082566
0.000574
-0.0003996
0.0079118
0.0019745
0.000769
-0.0055262
0.0065443
0.0006951
0.0055219
0.0058059
0.0090268
-0.0019854
-0.0022687
0.0054631
-0.0028965
0.0032722
0.0088176
-0.0093033
0.008455
-0.0035584
0.0042742
0.0006344
-0.0027402
-0.0062529
0.0050334
0.0043383
-0.001171
-0.0064441
-0.0067463
-0.0039482
-0.0003999
-0.0064594
0.0019267
0.0021709
-0.0001283
-0.0059963
-0.00359
-0.0074599
-0.0067088
-0.001081
-0.0036636
-0.0039453
0.0089811
-0.0016741
0.0083184
0.0007947
-0.0015696
-0.0012023
0.0065624
-0.0083841
0.0064088
0.009676
0.0038793
-0.0029959
-0.0025524
0.0022427
-0.0001785
0.002508
-0.0078039
0.0058621
-0.0011675
-0.0044535
-0.0037318
-0.0061467
-0.008631
0.0057745
-0.0018708
-0.0050867
-0.0094107
0.0015926
0.0065144
0.0021174
-0.0030782
-0.0013938
0.0061189
0.0036145
-0.0057237
-0.0081679
0.0020953
-0.0056135
0.006027
0.0011106
-0.0017656
0.0097877
0.0032935
-0.0028709
-0.0016777
0.0023622
-0.0007785
-0.002126
-0.0026181
-0.0011859
0.009367
-0.0060981
0.0071954
0.004619
-0.0086074
0.0001743
-0.0030515
-0.0092294
0.0091253
-0.0087329
0.0001082
0.0057238
0.0061339
0.0094803
-0.0045055
-0.0075484
0.0068243
-0.0004057
0.0042323
0.0092435
0.0073241
0.0051501
0.0003548
0.0012478
-0.0096577
-0.0014832
0.004706
-0.0033359
-0.0075513
-6.95e-5
0.0001307
-0.0030433
0.0032818
0.0042756
0.0019774
-0.0079968
0.0035937
-0.0065429
0.0045345
0.0029764
0.0056487
0.008717
0.0014645
-0.0052719
0.0091197
0.0009643
0.0054451
0.0006253
0.0084138
0.002703
0.006383
-0.002294
0.0083136
-0.0063897
-0.0028769
0.0069698
-0.0029229
-0.0096225
0.0015369
-0.0037852
-0.0059827
-0.0006921
0.0088091
-0.0084714
-0.0066764
-0.0064021
0.006379
0.006072
0.0097663
-0.0057759
0.0049295
0.0057024
0.0080114
-0.0042276
0.009729
-0.0059637
0.0088848
0.0069466
0.009121
0.0008049
-0.005742
0.0022524
-0.0086376
0.0063624
0.0083209
-0.0051986
0.0029583
0.0074486
-0.0001432
-0.0053438
-0.0059569
0.0085223
0.0091223
0.0048074
-0.0023015
-0.0052442
0.0089313
0.005817
0.0024505
-0.0069818
-0.0043178
-0.0006579
-0.0084532
-0.0055637
-0.0045312
0.0094571
-0.0043086
-0.0002845
0.0050843
-0.0060335
0.0038439
0.0068744
0.0081552
0.0018517
-0.0010156
0.0034641
0.0060954
0.0056628
-0.0093065
-0.0033628
-0.0099185
0.0039286
0.0050234
0.0039327
-0.001276
-0.0095829
-0.0099785
-0.0038798
-0.0035014
0.0081452
-0.0041541
-0.007126
0.0031627
0.0012863
0.0066376
0.005809
-0.0086871
-0.0060988
0.0009876
-0.0091856
0.0033955
-0.0050167
-0.0065566
0.0027663
-0.0044249
-0.0092498
-0.0039708
-0.006034
0.0032713
-0.0015835
-0.0020412
-0.0072734
0.0044053
0.0049924
0.0007484
0.008186
-0.0038596
0.0031202
-0.0011909
0.0088268
-0.0057995
0.0023924
0.0012599
-0.0062211
-0.0057979
-0.0080519
0.0050323
-0.0021063
0.0071959
-0.0044785
0.0052127
-0.0024838
-0.0029497
0.0030816
-0.0035729
-0.0096714
0.006429
0.0054695
0.0025026
-0.0065707
-0.0055957
0.0073107
-0.0054017
-0.0003767
-0.0023121
0.0060531
-0.002878
-0.0007245
-0.0097974
0.0016293
-0.0017344
0.0012876
-0.0053894
-0.0015068
-0.0009884
-0.0094152
-0.0062422
-0.0037368
-0.0061484
0.0068998
0.0019287
0.0037313
0.0054261
-0.00909
-0.0005472
0.0043889
-0.0045774
-0.0058493
-0.0037733
0.0067018
0.0074551
0.0014976
-0.0032996
-0.0080879
-0.0049525
0.0029424
-0.0008137
0.0052157
0.0056068
-0.0012762
0.0075928
-0.0037719
0.0045249
-0.0040752
0.0012776
0.0013889
0.0041278
-0.0029501
0.0036047
0.0045004
0.001794
0.0092312
0.0001263
0.0061248
-0.009483
-0.0034817
0.0079827
0.00416
0.0029792
0.0010276
0.0056125
0.0070023
0.0006182
-0.0012236
-0.004061
-0.0065837
-0.0068183
0.0062757
0.0066242
-0.0084526
-0.0098229
-0.0063624
0.0024062
-0.008161
0.0062759
0.0042988
0.0049561
-0.0067847
0.0051538
0.0064777
-0.0043686
0.0074828
0.0098117
-0.0039191
0.001138
0.0015824
-0.0022665
0.0035648
0.0009078
-0.0066592
0.0065353
-0.0047679
0.0033509
-0.0022911
-0.0052938
0.0063835
-0.0020122
-0.0048305
0.0039758
0.0039267
-0.0096489
0.0009275
0.0071107
0.0029005
-0.0007173
0.0035959
0.0055002
0.0099464
-0.0069943
0.0020162
0.0019822
-0.003155
-0.0013664
0.0024949
0.0056679
-0.0055214
-0.0088025
0.0072381
-0.0082212
0.0016505
-0.0026313
-0.0093654
0.0091838
0.0004282
-0.0086141
0.0055465
0.0053415
0.0023009
-0.0077354
0.0091358
-0.0062631
-0.0070865
-0.0080924
-0.0026997
-0.0002126
-0.0092279
-0.0088846
-0.0007999
0.0067371
0.0027748
0.0053869
-0.0002641
