0.0083185
0.007032
-0.0061762
-0.0043602
-0.0013579
-0.0098436
0.0017682
0.0099569
-0.0035718
0.007996
0.0087141
0.0073108
0.0010367
0.0012562
-0.0047607
0.0016212
-0.0025328
-0.0096127
0.0012655
0.0091379
0.0091085
-0.0045543
-0.004
-0.0027758
-0.0033627
0.0044286
0.0079783
-0.0078356
-0.001291
-0.006033
-0.0041787
-0.0010045
0.0060358
-0.0079493
-0.0044815
-0.0090522
-0.0055021
0.0044178
-0.0093307
0.0028142
-0.002042
0.000278
0.0082578
0.0059701
0.0037762
-0.0099117
-0.0019097
-0.0073976
0.0054361
0.0094306
-0.0069597
0.0053309
0.0034943
-0.0084867
0.0029107
-0.0029466
-0.0091444
0.004233
0.0029436
-0.0063652
0.0055575
0.0016767
-0.0021686
0.0088053
-0.0004174
0.0080384
-0.0027274
-0.0066418
0.0010704
-0.0009003
-0.0014634
0.0068151
-0.0019327
0.0019032
0.0049903
-0.0047588
-0.008028
-0.003986
-0.0003785
5.08e-5
-0.0041123
0.0090427
-0.00346
0.0094704
0.0092376
0.0052489
-0.0059117
-0.0052219
0.0033382
0.0087098
-0.0022839
0.0066716
-4.0e-7
-0.0006417
0.0049344
0.0028537
-0.0034002
0.0010618
0.0092135
-0.0059235
-0.0006031
0.001965
0.0060988
-0.0054751
-0.0080377
-0.0018172
-0.006532
0.0016437
-0.0091784
0.0055941
-0.0006231
-0.0069932
0.0046665
-0.0013494
-0.0011711
0.0065058
0.0099964
0.0096297
-0.0083802
-0.0089912
0.0082279
0.000816
-0.003332
-0.0068173
-0.0013285
0.0098536
-0.0095874
0.0001921
0.0092444
0.0056638
-0.0045551
0.0006324
0.0052607
-0.001837
0.0081733
0.004902
-0.0054898
-0.009368
0.0089074
0.0053295
0.0063742
0.0054284
-0.0024937
-0.0056213
0.0007622
-0.0075334
-0.0045341
-0.0015686
-0.007976
0.0057973
-0.001928
0.0017817
0.0013847
-0.0061461
-0.0013924
-0.0007931
-0.0003921
-0.0001667
0.00549
-0.0074937
-0.0028542
0.0036509
-0.0037208
0.0080936
-0.0045494
-0.005285
-0.0008933
0.0009306
-0.008526
-0.0010296
-0.002037
-0.0033763
-0.0041775
0.0080073
0.0077209
0.0074157
0.0008384
0.0052741
-0.0079995
0.0098767
0.0031681
-0.0075879
0.0031602
0.0011105
-0.0057435
-0.0021165
0.0050391
0.0053273
-0.0035234
0.0015032
-0.0053714
0.0012772
-0.0066525
0.0011976
0.0041394
0.0037707
-0.0089085
-0.0040607
-0.0079577
0.0076754
-0.0046957
0.0032166
0.0087208
-0.0045469
-0.003072
0.0072438
-0.0041069
0.00048
0.0085239
-0.0052574
0.0068292
0.0079469
-0.0078209
0.0073769
0.0051157
0.0072151
-0.0078914
0.0021321
-0.0049143
0.0099363
-0.0010578
-0.0044728
-0.0007035
0.0085218
0.0044619
0.0018643
0.0099642
-0.0022698
-0.0043222
0.0037632
0.0012814
-0.0090499
0.005401
0.001127
-0.0023155
0.0070681
0.0070083
0.0028886
0.0029809
-0.0005013
0.0017294
0.0087668
0.0073022
0.0003326
0.0026254
-0.0064102
0.0042
-0.0022374
-0.0053218
0.0005685
0.0098018
-0.0063383
-0.0046638
-0.0034883
0.0041622
-0.0004804
-0.0088892
-0.0030808
0.0023175
-0.0025185
-0.0016873
0.0023219
-0.0062794
0.0092666
0.0062425
-0.003259
-0.0046358
-0.0065389
0.0067822
0.0030457
0.0067195
0.0087256
-0.0068106
-0.0044344
0.0045297
0.0030799
0.0015284
-0.0007806
-0.0012147
-0.0050984
-0.004385
-0.0081366
0.0027162
-0.0046966
0.0012715
-0.0039876
-0.0056473
0.0027007
0.0048366
-0.0023809
0.0062204
0.0046535
-0.0030689
0.0075423
-0.0011085
0.0017251
0.0015852
-0.0096047
0.0019635
0.0038667
-0.0052916
-0.0060811
0.0057691
-0.0069615
-0.003928
-0.0045379
0.0092537
0.0097333
-0.0084242
0.0035099
0.0066621
-0.0013103
-0.0055359
0.0092047
0.0069647
0.0092128
0.0061197
-0.0066057
0.0087316
0.0025449
0.0095867
-0.0080464
2.48e-5
-0.0042785
0.0006325
-0.0049799
0.007669
-0.0005564
-0.0084236
0.0085887
-0.0073029
-0.0049967
0.0040196
0.0042034
0.0037916
-0.00358
0.0016952
0.0035459
-0.0038533
-0.0001028
-0.0020391
-0.0079187
0.0071042
-0.0004045
-0.0097656
0.0063179
0.0065467
-0.0074463
0.0081884
0.0080707
0.0012398
0.002585
0.005212
0.006805
-0.008051
0.0048974
-0.0044769
0.0019197
0.0009485
-0.0066381
0.0085245
-0.0039866
0.0054927
-0.0064492
-0.0039724
-0.0098522
-0.0026836
0.0057716
0.009366
-0.0083969
-0.0082578
-0.0039181
-0.0044224
0.0022209
-0.0079265
0.0039386
0.0041239
-0.009764
-0.0034267
-0.0005557
0.0039706
-0.0068576
-0.0025667
0.0047249
-0.0054804
-0.000438
-0.0004788
0.0033498
-0.0004256
-0.0067148
-0.0049626
0.0010049
0.0096278
0.0095205
0.0054158
0.0065154
-0.0020602
-0.0018905
-0.0024497
-0.001681
0.0050714
-0.0033129
0.0056033
0.0011182
0.0078992
-0.0013825
-0.0061014
0.0053581
0.0099737
0.0066878
-0.006696
-0.0007981
0.0084863
-0.0020742
-0.0052082
-0.0049348
0.0012657
0.0045112
-0.0092054
-0.0012095
0.0079678
0.0041978
-0.0055145
-0.0052043
-0.0026795
0.0078928
-0.0007829
0.0059131
-0.0001418
-0.0026991
-0.0050998
-0.0098052
0.007562
0.0014106
-0.0053452
0.0032492
-0.0054202
0.0023244
0.0028183
-0.0063266
-0.0024354
-0.0014978
-0.0034866
-0.0025874
0.0008588
0.0037042
-0.0020454
0.0085773
0.0024731
-0.0063115
-0.0091298
-0.0075853
0.0056144
-0.0022806
0.0048303
0.0093792
0.0051128
0.0064372
0.0011764
-0.0095348
0.0005893
-0.0079551
-0.0042325
0.0025418
0.0015429
0.0013197
0.0042643
0.0033785
0.0036726
0.0049422
0.0045051
-0.00575
-0.0020432
-0.0028874
0.0034492
0.0089992
0.0025386
0.0061571
-0.0025573
0.0012549
0.0084388
0.001895
-0.0076004
-0.0010358
-0.0081995
-0.0033025
0.0044006
0.0029838
-0.0022132
0.0022286
0.0025408
-0.0091604
0.0040757
-0.0046672
-0.0071253
