-0.0093936
0.0005843
0.0067378
0.0079716
-0.0001601
-0.0017252
0.0028002
0.009431
0.0052698
0.0076613
-0.0076781
-0.0037885
-0.0047199
0.0074334
-0.0090591
-0.0045273
-0.0068752
0.0086835
-0.0091797
-0.0023188
-0.008765
-0.0002494
-0.0085313
0.0059119
0.0042147
0.0034467
-0.0045618
0.0003883
0.0028254
0.0037222
-0.0061279
0.0011547
0.0015096
0.0061341
-0.0011541
0.0046113
0.0081696
-0.0054187
0.0008504
0.0088712
0.0032004
-0.0097431
0.008408
0.0016029
-0.00638
0.0067212
0.0082549
-0.0026341
0.002441
0.00661
0.0001233
-0.0005929
-0.0081689
-0.0068652
-0.0040925
-0.0091588
-0.0093933
0.0040659
0.0018481
0.0033586
-0.0003002
0.0026889
0.0098554
0.0019809
-0.0012547
0.0097541
-0.001378
0.0082936
0.0015352
-0.0046098
0.0029162
-0.0090016
0.0012361
0.0020035
0.0032379
0.0009988
0.007492
0.0086137
-0.0091149
-0.0099157
-0.0031487
0.0050901
0.0015601
-0.0005542
2.4e-5
-0.0059004
0.0025407
-0.0051532
0.0088672
-0.0006934
0.0076313
0.0057672
-0.0069089
-0.0081594
-0.0045426
0.0091721
-0.0068371
-0.0016581
0.0097612
-0.0042797
-0.0024547
-0.0023161
-0.0006762
-0.0024326
0.0095698
0.0051163
0.0039086
0.0030686
0.0054437
0.0027463
0.006093
-0.0007192
0.0091741
-0.0065796
-0.0081485
-0.0082218
0.009861
-0.0075788
0.0035125
-0.007941
0.0019858
-0.0010581
-0.0029754
-0.0046058
0.0073349
0.0004672
-0.0043719
0.0021663
-0.0023423
-5.64e-5
-0.0065382
0.0005965
0.0068224
-0.0032293
-3.5e-5
-0.0006968
-0.0038621
-0.0089517
0.0002084
-0.0023611
-0.0013377
-0.0031388
-0.0043224
0.0068389
0.008638
-0.0087769
-0.0010642
0.00999
0.0092752
0.0095683
0.0034083
-0.0042739
-0.0050841
-0.003541
-0.0025025
0.0008775
-0.0033128
0.0067528
0.0050586
-0.0023839
-0.0007757
0.0007966
0.0010069
-0.0075241
2.27e-5
0.0069948
0.0046028
0.0079809
-0.0084504
0.0009204
-0.0015825
0.0093284
0.0071096
0.0063012
-0.0034506
-0.0092249
0.0062492
0.0080526
0.0024932
-0.0004361
0.0071914
-0.000173
0.0006658
-0.0081954
0.004775
0.0052288
0.0050676
-0.0022081
-0.0094599
-0.008431
-0.0025012
0.0020981
0.0023722
-0.0011727
0.0092843
0.0073888
0.0018079
0.0017514
-0.0091871
0.0070572
0.0053311
0.0023693
-0.0052062
0.0011243
0.0020955
-0.00833
0.0063424
0.0007503
0.0044772
-0.0030894
-0.009844
-0.0066415
0.002057
-0.0077559
-0.0047449
0.0066703
-0.0093433
-0.0036438
0.0019653
0.0083422
-0.0065722
0.0063821
0.0051726
0.0070532
-0.0058609
0.006816
-0.0014855
0.0078017
0.0026456
-0.003319
0.0022838
0.0038438
-3.38e-5
0.0018143
-0.0003849
0.004921
0.0028455
0.0066168
0.001674
0.0048381
0.0071825
-0.0012319
0.0093848
0.0027946
-0.0082871
-0.0028853
-0.0015324
0.0029733
-0.0074264
0.0019094
0.0013299
0.0058359
0.0011155
-0.0056683
-0.0017302
-0.0075767
0.0036769
-0.0032038
0.0017511
-0.0003568
-0.0039925
0.0080389
0.0014989
0.0034143
-0.0086578
0.0026955
-0.0015087
0.0072223
-0.0060172
0.0075751
-0.0032762
-0.0078839
0.0072522
0.0022827
-0.0032257
0.0080111
0.0092095
-0.0086771
-0.0033863
0.0051099
2.3e-6
0.004037
0.0012807
-0.0019068
-0.0066289
-0.0079379
0.007268
-0.0063637
9.6e-5
0.0002165
0.0084667
-0.0085197
-0.0036434
-0.0030044
0.005355
0.0044715
-0.0048292
-0.0071281
-0.00433
0.0055527
0.0048752
-0.0025315
0.003327
0.0070291
0.009595
-0.0055366
0.0007093
0.0043139
-0.0020108
-0.0055672
-0.0072486
0.0037727
0.0045183
-0.0068095
0.0011348
-0.0026022
-0.0002892
-0.0052522
0.0033507
0.002868
0.0017131
-0.0036627
-0.0044767
-0.0038459
-0.0026748
-0.004649
-0.000817
0.0076106
0.0082084
0.0016724
-0.0087421
-0.000677
-0.0050334
-0.0083827
0.0038107
0.0052635
0.0074557
-0.0054412
-0.0005863
-0.00846
-0.0074072
0.0097949
-0.0048121
-0.0032723
-0.0075716
-0.0081202
-0.0068125
0.0012302
0.0087141
0.0093757
-0.0019496
0.0031556
-0.0011223
-0.0079442
-0.0080601
0.0071625
-0.0054614
0.0071451
-0.0018662
-0.0027691
0.0003842
0.00579
-0.0025006
0.001821
-0.0048114
0.0096554
-0.0040732
-0.0014841
-0.0078994
0.0071799
-0.0088368
-0.0056156
-9.58e-5
0.0070638
0.0006866
0.0082707
-0.0073143
0.009457
-0.0092254
-0.0036493
0.001749
0.0060697
0.0054927
-0.0018798
0.0062583
0.0093115
-0.0067737
0.0036772
0.0043406
0.0070159
0.0004273
0.0035855
0.0054929
0.0047126
0.000482
-0.0050617
-0.0055187
-0.0029637
-0.0054232
0.0082421
-0.0095503
0.0075246
0.0038713
-0.0049448
0.0023856
-0.0094042
0.0005404
-0.0052597
0.0092253
0.0051668
0.002357
0.0041308
-0.0052063
-0.0085658
-0.0097279
-0.0096459
-0.0086641
0.0078771
-0.00231
-0.0045317
0.0092618
-0.0082125
0.0031531
-0.0064241
-0.0072197
-0.0026409
0.0063867
-0.0023391
-0.0015257
0.0020608
-0.0069228
0.0085082
-0.0081316
-0.0005839
-0.0095589
-0.0002077
6.81e-5
0.0037434
-0.0031749
-0.0078938
-0.0045209
-0.0020279
0.0027627
-0.0076726
-0.008339
-0.0001809
0.0058123
-0.0045627
0.0029076
-0.0055806
0.0054156
-0.002039
0.0078974
0.0025112
0.0071677
0.0066282
0.0039763
0.0014053
0.0011919
0.0078289
0.0062223
-0.0071032
0.0098995
-0.0016405
0.0023495
0.0057745
0.0081707
-0.0052898
-0.0073872
0.0007803
-0.008879
0.0065212
-0.0044322
0.0064559
0.0041872
0.0082458
-0.0086976
0.0078604
0.0079339
0.0049437
-0.0072398
-0.0024026
0.0085679
0.0044328
-0.0091513
0.0057484
0.0039536
0.0026939
0.006293
-0.0025089
-0.0040155
0.0022039
0.0081742
-0.000106
0.0039439
