0.0094117
-0.0080792
-0.0032344
-0.0040404
0.0012284
0.0019935
0.0055178
0.0006327
-0.0035059
0.0090033
-0.006745
0.006737
-0.0019189
0.004637
-0.0038959
0.0038944
-0.0057394
-0.0083109
0.0070955
0.0027174
-0.0017723
0.0054386
0.0032682
0.0028953
-0.0003839
0.0076327
0.0042623
-0.0074768
-0.0081132
-0.0001803
0.0001683
-0.0087557
-0.0056221
0.0070327
-0.0068278
-0.004505
-0.0065424
2.19e-5
-0.0072343
0.0059377
0.0012627
0.0084333
-0.0089548
0.002786
-0.0082665
-0.0040683
-0.0003778
0.0097337
-0.0033021
-0.0040142
0.0005234
-0.0027028
-0.0012597
-0.0094015
0.0051731
0.0094613
0.0042901
-0.0045341
-0.0052923
0.0098539
-0.0033163
0.0027232
0.00882
-0.0057297
-0.0090843
0.008728
0.0053225
0.0015894
-0.0023047
-0.0085622
0.0058333
-0.0047108
0.0045973
-0.0090017
0.0065599
0.008474
0.0073366
-0.0024004
0.0065986
0.006308
0.0053768
-0.0041802
0.0096506
-0.0076096
-0.0079073
-0.0015482
-0.001013
-0.0027838
0.000958
-0.0052411
-0.0008513
0.0090544
0.0099162
-0.003951
0.0070866
0.0008995
0.0011839
-0.0097591
0.0047616
0.0095919
-0.0013872
-0.0034621
-0.003976
9.37e-5
-0.0099634
0.0055345
0.0072206
0.0026911
-0.0020181
0.0053271
-0.0004442
0.0006262
-0.0078614
-0.0079399
-1.3e-5
-0.0027286
0.0016711
0.0017588
-0.0064898
-0.0034823
0.0022241
0.0031048
-0.0014965
-0.0001976
0.0071472
-0.0093319
0.0022807
-0.0042354
0.0028419
0.0088135
-0.0001824
0.0037762
0.0046364
0.0023288
0.0097222
-0.0076106
0.0041939
-0.0094435
-0.0012357
0.0043316
-0.0081895
-0.002485
-0.0057449
-0.0022694
-0.0055408
-0.0065391
0.0040991
-0.0020965
0.0069116
-0.0009384
-0.0009826
0.0002538
0.0042495
0.0017317
0.0021496
-0.0098744
-0.0097868
0.002647
0.006626
-0.0061676
-0.0034216
0.003166
-0.0032713
0.0092279
-0.0061395
0.0048593
0.0078769
0.0055534
-0.0086232
0.0010263
-0.0088697
-0.0090722
-0.0053899
-0.0091052
-0.0098329
0.0069629
-0.0093454
-0.0026951
0.0043413
-0.0007083
-0.0010906
0.0004084
-0.0066148
-0.0002164
-0.0070273
-0.0072956
-0.0032356
-0.0081648
-2.83e-5
0.0005505
0.0055487
0.0045815
0.0046845
0.0094679
-0.0009523
-0.0027811
-0.0092966
0.0049461
-0.0093399
0.0015088
0.0007878
-0.0082572
-0.0092522
0.006948
-0.0043374
0.0097423
-0.0067398
0.0017719
0.0050846
-0.0016836
0.0002361
-0.0003382
0.001654
-0.0068469
0.0031333
0.0009653
0.0004275
0.004508
-0.0028985
-0.0037944
0.0086162
-0.0085015
-0.0039619
0.0016305
-0.0009633
0.0072927
-0.0054055
-0.0007799
-0.0026194
0.0072575
0.0062642
-0.0048329
-0.0041996
-0.0046012
0.0009043
-0.0079296
-0.0086832
0.0021138
0.0044158
-0.0045817
-9.19e-5
0.0018697
-0.0021592
0.007426
2.28e-5
0.0004707
-0.002122
0.0084929
-0.0086522
-0.0038111
-0.0065374
-0.0056213
-0.0014944
-0.0075272
-0.0031228
-0.0071668
0.0005246
-0.0013762
0.0026735
0.002349
-0.0041774
0.0037765
0.000621
-0.0002463
0.0094392
-0.0066353
-0.0028802
-0.0048257
0.0004224
0.0017538
-0.0024971
0.000131
0.0060653
0.0023836
0.0014724
0.0085668
0.001416
0.0073961
0.003162
-0.0006268
-0.0024245
0.0020522
0.0052043
0.0021224
-0.003601
-0.0009703
-0.0069399
-0.0012323
-0.0056378
0.0035651
0.00894
0.0087385
0.0080925
0.0077008
0.0019289
-0.0029029
0.0052558
0.0014461
0.0087195
-0.0069788
0.0013169
0.0011002
0.006871
0.0059073
0.0045497
-0.0008894
-0.0086752
-0.0021636
-0.0095311
-0.0033282
0.0050294
0.0049163
-0.0076108
0.0096637
-0.0036272
0.0053949
0.0007852
-0.0091924
0.0081529
0.002398
0.007324
0.0067982
-0.0061062
-0.008949
0.0062418
0.0051246
-0.009856
0.0094658
0.002715
-0.0048472
0.0016005
0.0085374
0.0096258
-0.0069982
0.0031476
-0.0024218
-0.0039846
0.0020582
-5.85e-5
0.0024304
0.0097121
-0.0078427
-0.0077028
0.0006703
-0.0060805
0.0064878
-0.0098964
-0.0008363
-0.0082424
0.0009703
-0.00822
-0.0092741
-0.0059499
-0.005442
-0.0076322
0.0017477
-0.0099076
0.0092131
0.0020685
-0.0087373
-0.0099414
0.0094312
0.0096385
0.009138
-0.0074967
-0.0014109
0.0060523
0.0050301
0.0073854
0.0096234
0.0033196
-0.0050856
0.0034424
-0.0034579
0.0043473
0.0009805
-0.002726
-0.0028299
0.0040073
-0.0068923
-0.0091292
0.0062595
-0.0066836
-0.0016152
0.0009658
-0.0012674
-0.0077839
0.00557
-0.0020698
0.0094821
0.0023748
0.0085233
0.0010791
0.0055833
-0.0005713
-0.0045178
-0.0017007
-0.0042218
-0.0027077
-0.0016203
0.0016702
-0.0027011
-0.0098944
-0.004451
-0.004224
-0.006529
0.0045918
0.0038931
-0.0025122
-0.006393
-0.0098233
-0.0053879
-0.0022523
0.0007323
-0.0001185
0.0041787
-0.0062334
0.0072392
0.0037952
-0.0027768
-0.005213
-0.0080054
-0.004388
-0.0064023
0.0017879
-0.0069048
-0.0012332
-0.009773
-0.0052272
0.0025276
-0.0035615
0.0075599
0.0072106
-0.0021979
0.0050191
-0.0055971
-0.0083371
-0.0053668
-0.0054109
0.0066543
-0.004541
-0.0048636
-0.0082757
0.0027667
0.0013847
-0.0053507
0.0081187
0.0071261
-0.0015853
-0.0067816
-0.0093526
-0.0009
0.0017111
0.005449
0.0007413
-0.0007942
-0.0023472
-0.0071965
0.0036822
-0.0067727
-0.0032471
0.0012019
-0.007721
-0.0038908
0.0019169
0.0081501
0.0056487
0.0019443
-0.0081523
-0.0022065
0.0004433
0.0061262
0.00616
0.0028976
-0.0031655
0.0086807
0.0011298
0.0037664
0.0038269
0.0009947
0.0055959
0.007659
0.0068851
-0.0057121
-0.0008455
0.0009156
-0.0050868
0.0074757
0.0036471
-0.0042063
0.0039943
0.0021373
0.0015833
0.0053552
0.0066453
