-0.0086799
0.0020521
-0.0085468
0.0070473
-0.0091118
0.0028711
-0.0083865
-0.0066824
-0.0055155
0.0050782
0.0075518
-0.0040279
-0.0025625
0.0039249
0.0057959
0.0098248
-0.0096925
0.0033325
0.0059376
0.0027313
0.0097547
-0.0078688
0.0056784
-0.0089648
0.0020749
-0.0077557
-0.0070884
0.0003126
0.0099007
-0.0099217
-0.0061527
-0.0058887
0.0090943
0.0008757
-0.001764
0.0023
-0.0026136
-0.0080965
-0.0011451
-0.0025772
-0.0018271
-0.0096067
0.0019386
-0.0034716
0.0089667
0.0049426
-0.0025023
-0.0064378
0.0089495
-0.0026445
-0.008137
0.0079305
-0.0096005
0.0068937
-0.0097114
0.0038878
-0.0055967
-0.0084116
0.0021125
0.0044641
-0.0069466
-0.0097199
0.0046502
-0.0084839
-0.0078977
-0.0002592
-0.000252
5.28e-5
0.0025742
-0.0086071
-0.0002899
-0.0035552
0.0096496
-0.0080658
0.006693
-0.0023362
-0.0086139
-0.0036
-0.0030015
-0.0059229
-0.0034958
0.0008579
-0.0068353
0.0013738
-0.003709
0.0068205
-0.0032114
-0.0088861
-0.0035678
0.0058447
-0.0068695
-0.0047751
-0.009194
-0.001546
0.0022796
-0.0056704
0.007941
-0.0041955
-0.005355
-0.0036117
-0.0012608
0.0058509
0.0023427
0.0037043
-0.0084589
0.0037144
0.0046667
-0.0070054
-0.0088102
-0.0057557
0.0017664
0.000965
-0.0090594
0.0019148
-0.0052541
0.004258
0.0071756
-0.0048199
-0.0043914
0.0077638
-0.0021615
0.0051433
-0.0051933
0.006028
0.0096551
0.0077213
-0.0051472
-0.0066573
0.0075679
-0.0012214
0.0092986
0.0029627
-0.0089316
-0.0027392
-0.0001877
0.0058557
0.0006026
-0.0035172
-0.0001364
-0.0030575
-0.0095965
-0.0011184
-0.0057329
0.003571
-0.0006709
0.0067845
-0.0035491
-0.0019475
0.0025183
-0.0020184
0.0010814
-0.0005953
0.0064353
0.0004668
0.000546
0.0088351
0.0009505
-0.0073274
0.0097952
0.0097036
-0.005884
0.0014495
0.0098843
0.0074265
0.0019222
-0.0046932
0.0049088
-0.0003847
-0.0048987
0.0088887
0.0081949
-0.0015415
0.0004906
-0.004804
-0.0054029
0.0010833
-0.0046347
-0.0009337
-0.0082022
-0.0080619
-0.0005054
-0.0085866
7.19e-5
-0.0053629
0.0011615
-0.0046575
0.0049828
-0.0010252
-0.0047208
0.0098538
-0.0066624
0.0015865
0.0052336
0.0018478
0.0066855
0.0067712
0.002575
0.0003026
-0.0030111
0.0013281
-0.0077354
-0.005459
-0.0037529
0.005096
0.0018753
-0.0051163
0.0038003
0.0097452
-0.0077841
-0.0060954
-0.0058649
0.0029046
0.0058271
0.0014838
0.0066017
0.004839
0.0091892
0.0080812
-0.0040629
0.0048385
-0.0019783
0.0036202
0.0042086
0.001844
0.0086661
0.0063987
0.0024401
0.0078174
0.0034923
-0.0001806
-0.0091855
0.008892
-0.007874
-0.0081396
-0.0052344
-0.0051806
-0.0077894
-0.0055892
0.0050362
0.0023803
0.0050433
-0.0071522
0.0053661
-0.0065547
-0.004198
-0.0071776
-0.0017608
-0.0096791
0.0023935
-0.0052019
-0.0039789
0.0046887
-0.0006216
0.0042231
-0.0057499
0.0087155
0.0094131
-0.0005753
5.09e-5
0.0082129
0.0047596
0.0061745
-0.0067229
-0.0016722
-0.0071995
0.0045447
-0.003737
0.0015513
-0.0014986
-0.0071389
0.0026202
0.0015601
0.0003201
-0.0083057
-0.008974
-0.0035679
-0.0006951
0.0040369
0.0082958
-0.0010776
-0.0039743
-0.0044486
-0.0037813
0.0013878
-0.0096234
0.009078
0.005071
0.0063731
0.009179
0.0052646
0.0017071
0.0066026
-0.0056212
0.003279
0.0064562
0.0046605
-0.0010616
-0.001545
0.0064391
-0.0021998
-0.0007575
-4.39e-5
0.0081038
-0.0086539
-0.0010838
-0.0038384
-0.0064797
0.000342
0.002452
0.0073166
0.0070144
0.007729
-0.0040718
-0.0035148
0.0093684
0.0002205
0.0023046
-0.0024598
0.0053239
-0.0040679
0.0038656
0.0043183
0.0064028
-0.0027199
0.0013628
-0.0093919
-0.0046669
-0.0077184
0.0059466
0.0058173
-0.0031964
-0.0014023
-0.0069598
0.0057473
0.0004631
-0.0026382
-0.004945
0.0050823
0.0059951
0.0070471
0.0021897
-0.0014986
-0.0036651
-0.0012984
0.0068922
0.0053952
-0.0036002
-0.00524
0.0003693
0.009467
-0.007754
-0.0028196
-0.0049032
-0.0030328
-0.0016133
-0.0095768
-0.0031117
-0.0086719
-0.0018695
-0.0040859
0.0088826
-0.0039852
0.0069292
0.0021878
0.0007114
0.0064687
-0.003234
0.0042801
-0.0053305
0.0072958
0.0043225
0.0096497
-0.0036814
0.0070146
-0.0045352
0.0015316
0.0066478
0.0021356
0.0014744
-0.0044836
-0.0052757
0.0060796
0.0060731
0.0060214
0.0006423
-0.0078648
-0.0033965
0.0024957
0.0021266
0.0035328
0.0032523
0.0053535
-0.0090156
-0.0060581
-7.58e-5
0.0035419
-0.0055689
0.0066139
-0.0097489
-0.0045391
-0.0040823
-0.004573
-0.0088491
-0.0035575
-0.0063221
2.88e-5
-0.009303
0.0062127
-0.0057819
-0.0015143
0.0027621
-0.0053556
-0.0080932
0.00825
-0.0013652
0.0018716
-0.0016778
0.0035453
-0.0015511
0.002844
0.0037802
-0.0015835
0.0055373
0.0040479
0.0054392
-0.0072979
0.0086796
0.0082864
0.008786
-0.0057648
0.0033377
-0.0094173
-0.0077127
-0.0027183
-0.0038761
-0.0031065
0.0050304
0.004692
0.0021163
-0.002163
-0.0012781
-0.0045533
0.0029683
0.0065765
-0.0039724
-0.002669
0.0009377
-0.0023538
0.0032448
-0.0096413
0.0035538
-0.0054066
-0.008829
0.0016097
-0.0066829
0.0077551
0.0074716
0.0027731
0.0009728
-0.0071665
-0.0023901
0.0004803
0.0093856
-0.0046081
-0.0091927
-0.0059169
-0.0031842
0.0083837
-0.0028653
0.0072894
-0.0028604
0.0049151
-0.0024084
-0.0046192
-0.0001958
0.0088045
-0.008274
-0.0056557
-0.0040558
-0.0078788
0.004636
-0.0086053
-0.0063724
-0.0007419
0.0060465
0.001253
0.0058574
0.0047103
0.0023634
0.0085807
0.0083704
0.002517
-0.0063341
0.0057258
0.0003386
