0.0047683
-0.0023579
0.0054776
0.0094976
-0.005716
-0.0096641
0.0099066
0.0032464
-0.0017999
-0.0077291
-0.0010195
-0.0036785
0.0041718
0.0071717
-0.0069874
0.0014484
0.0046244
-0.0003416
0.0095141
-0.0001444
0.003978
-0.0057428
0.0085949
0.0092514
-0.0049141
-0.0019914
0.0008787
-0.0052472
0.0028129
-0.0042223
0.0060304
0.0085916
-0.0013066
-0.0075349
0.001994
-0.0039891
0.0044106
-0.0053077
0.0015807
-0.0089557
-0.001072
-0.0044886
0.0068515
0.0026314
-0.0072656
-0.0068006
0.0056191
0.0003286
-0.0042214
-0.006441
-0.0080541
0.0005676
-0.0032582
-0.0074857
0.0094175
0.0060059
-0.0008349
-0.0065235
-0.007339
0.0005509
0.0041199
-0.006301
-0.0031381
0.0024777
0.0006412
-0.0070625
-0.0041685
0.0099458
-0.0099655
0.005175
-0.0079026
-0.005346
0.0014518
0.0018721
-0.0054805
-0.0005382
-0.001742
0.0048688
0.0045258
-0.0011166
-0.0066523
0.0056745
-0.00714
-0.0046966
0.0051617
-0.0046594
-0.0009844
-0.0043106
0.0063149
0.0098844
0.0062478
0.0097231
-0.00883
-0.0080326
0.0016103
0.0011683
0.0059099
0.0063552
0.0028356
0.004597
-0.0080556
0.0063571
0.0077484
-0.0090764
0.0065879
-0.0015153
-0.0013188
0.0017693
-0.0032014
-0.0033629
-0.0075955
-0.0058887
-0.0065651
0.0082756
0.0015492
-0.0017236
0.0024493
0.003746
0.0043956
-0.0059661
0.0073052
0.0077894
0.0098588
0.0008689
-0.008473
-0.0092141
-0.0040862
-0.0089851
-0.0096583
0.0091866
0.00699
0.0047851
0.0028724
0.005019
-0.00231
0.0016568
0.0028527
0.0093014
-0.0066733
-0.006224
0.0038846
-0.0071484
-0.0035628
0.0055726
-0.0080126
-0.0033978
-0.0086392
-0.0086304
0.0071515
0.0060056
0.00314
-0.0073574
-0.0076172
-0.0043746
0.003907
-0.0072414
-0.0092286
0.0061817
-0.0011429
0.0084942
0.0051254
-0.0064249
-0.0016139
-0.0029816
0.003407
-0.0049425
-0.0050594
0.0006113
0.0029021
0.0062186
0.0052256
-0.0033691
-0.0011934
0.0094347
0.0009273
0.0094878
-0.0017086
0.0093729
0.0085947
-0.0036516
-0.0059192
0.0020638
0.0018813
-0.0007446
0.0017734
0.0086439
-0.007793
-0.0013343
0.0044901
-0.0063951
0.0007935
-0.00102
-0.0035724
-0.0046542
0.0043387
-0.0067095
0.0029063
-0.0098607
0.0048026
-0.0091934
-0.00554
0.0090342
-0.0080549
-0.0085706
-0.0044093
0.0049735
-0.0005773
0.0028093
-0.0015022
0.0002624
0.0089572
-0.0036932
0.0068356
-0.0068627
0.0079544
0.0099342
-0.0019197
0.0094475
0.004298
-0.0053155
3.42e-5
0.0078866
0.003105
-0.0022881
0.0049052
0.0054172
0.0010194
0.0050836
0.0022489
-0.0029732
0.0061999
0.0015728
0.0078549
0.0072822
-0.0051893
-0.005488
-0.0081484
-2.28e-5
-0.0047783
-0.0067809
-0.0097034
-0.004995
0.0007579
0.0060927
0.0084395
-0.0086482
0.0034469
-0.0078929
0.0028597
0.0051561
0.0086531
-0.000777
-0.0047702
-0.0063818
0.0068396
-0.0061383
0.0085783
-0.0082847
0.0073396
-0.0089813
0.0039464
0.0037551
-0.0029775
-0.0016935
0.0030849
-0.0040481
0.0001413
0.0020204
0.0046185
0.0049726
-0.0033859
0.0085707
-0.003182
-0.0078195
-0.0050248
0.0027593
0.001373
0.0033841
-0.0054663
-0.0059336
-0.0091396
-0.0052137
0.0087223
-0.0072707
0.0077593
-0.0058436
-0.005108
0.0084248
-0.0039516
0.0098719
-0.0051651
-0.0090422
0.0039152
-0.0075732
0.0098446
-0.004856
0.0083552
-0.008092
0.0073923
-0.0056278
-0.0055454
-0.0094641
0.0005309
-0.0059446
-0.0050308
0.0090307
-0.0059016
-0.0074694
-0.0026315
0.0049715
-0.006689
-0.0063412
0.0045171
0.007054
0.0045814
-0.0041883
0.0022624
0.005814
0.001568
0.0007731
-0.0081369
-0.0024385
0.0058576
-0.0020255
0.0051273
0.0016854
-0.0008075
0.0019662
0.0010968
-0.0045854
-0.0041575
0.0021464
-0.006099
0.0093732
-0.0013276
0.0054416
-0.0034109
0.0024558
0.0012476
0.0055825
-0.0007462
0.0047173
0.009081
0.0011013
-0.0059525
-0.0064183
0.0073139
-0.0085133
0.0066739
-0.0021909
0.0026813
-0.0020262
0.0045096
0.0069749
0.0079866
0.0032969
0.0072784
0.0008568
0.0083857
0.0049604
-0.0081185
-0.0041305
-0.0098888
-0.0032026
-0.0058173
0.0034663
-0.0089773
0.0031461
-0.0078687
-0.0062069
-0.0068993
-0.0084369
-0.0085757
-0.0050838
0.0048381
0.0086616
-0.0011412
0.0011537
-0.0049921
0.0085982
-0.0079388
0.0016735
-0.0006274
0.0010355
-0.0058163
0.0093987
-0.0098638
0.0017661
0.0062819
0.0095058
-0.0055266
-0.004284
0.0021306
0.0076638
-0.0007247
-0.0017403
-0.003805
-0.0062834
-0.004177
-0.0006288
-0.0037328
0.0051789
-0.0009369
-0.0089477
0.0069129
-0.0033276
0.0018713
0.0087994
-0.0049087
0.0084811
-0.0074109
0.0037085
-0.0014985
0.0061897
-0.0076539
-0.0033855
0.0032554
-0.0049988
-0.0002253
0.0007556
0.0021817
-0.0010534
-0.000599
-0.0002369
-0.0068364
0.0026964
-0.0084732
-0.0051092
-0.0070796
0.0052288
-0.0052374
0.0014847
0.0077878
0.0081483
-0.0018449
-0.0063478
-0.0090685
0.0066485
-0.0078501
-0.0065307
-0.0003443
0.004585
-0.0050879
0.0078074
-0.00286
-0.0087706
-0.0012738
-0.0039978
0.0063374
0.0025908
0.0092346
-0.0062295
-0.006926
0.0003421
-0.0032926
-0.0078684
0.0064248
-0.0043678
-0.0011795
-0.0062301
0.0011436
-0.0082825
-0.0015476
0.0065417
0.0019554
0.0009561
0.001833
-0.0027306
0.0018278
-0.0042938
0.0096573
-0.001613
-0.0037425
0.0069543
0.0070252
0.0060302
-0.0098404
-0.0045768
-0.0051108
0.0041023
0.0063531
-0.0081586
-0.0055899
-0.0039692
0.0068105
-0.0010621
0.0002333
0.0069749
-0.0025177
-0.0022071
-0.0049511
-0.0055365
0.0096405
0.0097787
-0.0098119
