-0.0098838
-0.0045388
-0.0031971
0.0061659
-0.0089985
0.0003462
-0.0013988
-0.0098573
-0.0053308
0.0057327
-0.003787
0.0050285
-0.0036398
-0.0049911
-0.0039589
-0.0006678
-0.0070965
-0.0084027
-0.0022526
-0.0083452
-0.0009118
0.0038439
-0.0049854
0.0027068
-0.0086042
0.0052814
-0.0013997
0.0074031
-0.0088727
0.0057101
0.008709
0.0077601
0.0074667
-0.0026092
-0.0096734
0.0056857
-0.0099472
-0.0043062
0.005707
0.0042945
0.006197
-0.0004572
0.0098364
0.0096315
0.0034612
-0.0050332
-0.0050651
-0.0086712
0.0081332
-0.0064029
-0.0061783
-0.0088193
-0.008487
-0.0025329
-0.0024976
0.0093728
0.0014221
0.0067493
-0.0040592
-0.0048618
-0.0008345
0.0083873
0.0001265
0.0037877
0.0069768
0.0092131
0.0071383
6.31e-5
-0.0076007
-0.002212
0.0074419
0.0007609
0.0093113
0.0030768
-0.0091456
0.0017308
0.0009208
-0.009208
-0.0016632
0.0049863
-0.0081231
-0.0006007
-0.0061028
0.0057555
-0.007899
0.0076643
0.0018452
0.0058659
-0.0033494
-0.0099006
-0.0058581
0.000169
-0.0011106
0.001361
0.0070589
-0.0007731
0.0092729
-0.0033165
-0.0064537
-0.0087711
-0.0080076
0.00308
0.0004489
-0.0084951
-0.0064664
0.0097505
-0.005637
0.0077861
0.006738
0.0039955
0.0017755
0.0099513
0.0084637
0.0013561
0.0010119
-0.0088984
-0.0094638
-0.0016448
0.0014438
-0.0029994
0.0014871
0.0033698
-0.0051834
0.0055599
-0.0007573
0.0026527
-0.0031834
-0.0006365
0.0044027
-0.004998
-0.0040908
-0.0001165
-0.0082504
0.0062465
-0.0007868
0.0034795
0.0082765
-0.0083601
0.004292
-0.0011457
-0.0068193
-0.002933
0.0062971
0.0085119
0.0010834
-0.0078292
-0.0059661
0.0057056
-0.0072752
-0.0041711
-2.63e-5
-0.0090009
0.0013465
0.0072964
0.0052605
-0.0001787
-0.0005201
-0.0010025
0.0007176
-0.0073535
0.0052789
0.0090517
-0.0064222
-0.0003558
-0.0095974
0.0055255
-0.0005914
-0.0098061
-0.001496
-0.007672
-0.0078323
-0.004329
-0.0075573
-0.0016249
0.0092685
0.0044917
-0.0068969
-0.0006021
-0.0031798
0.0044317
0.001749
-0.004576
-0.0034584
-0.0014769
-0.0001478
0.0036238
-0.0001451
0.0005632
-0.0052808
0.0097865
-0.0022992
-0.0028095
-0.0068468
0.0045639
-0.0083739
0.0063966
-0.009751
0.0084715
-0.0038923
0.0011976
0.0022997
-0.0047272
-0.0067474
-0.0098147
-0.0077873
0.0055542
0.0082096
-0.0083476
0.0042412
-0.001683
0.0034768
-0.0019229
-0.0089948
0.0040976
0.0097863
-0.0047143
0.006891
0.0073039
-0.0088045
-0.0006214
-9.38e-5
-0.0050617
0.0018003
0.0001834
0.0037076
-0.0047565
-0.0079366
0.0098398
0.0082285
-0.0066504
0.0067625
0.0070295
-0.0088905
0.0034045
-0.0037075
0.0063729
0.0052463
0.0011824
0.005581
0.0073931
0.0050196
0.0027195
0.0058865
-0.0096121
0.0080793
-0.0013919
0.0023538
-0.0085948
-0.0058991
-0.007139
0.0044689
-0.0093718
0.0020848
0.0086358
-0.009979
0.0057014
-0.0064583
0.0034503
-0.0050152
-0.0051962
0.0080618
-0.0031161
0.00133
0.0044783
-0.0031257
0.0060019
0.0078053
0.0094725
-0.0029672
0.0083941
-0.0097543
0.0035523
0.0008308
0.007367
0.0088507
0.0084715
0.0033054
0.0052121
-0.0075253
0.0025101
-0.0058357
0.0037972
0.0059751
0.0064156
-0.0063843
-0.0088552
-0.0095321
0.0099015
-0.001509
-0.0038737
0.0085498
-0.0055006
0.0017129
0.0073691
0.0087938
-0.0046806
0.0007522
0.009408
0.004408
0.007628
-0.0011129
0.0056134
0.0035634
-0.0059705
0.0059681
-0.0008578
0.0077125
-0.0006846
0.0068827
-0.0027955
0.0027469
0.005914
0.007676
0.0049679
-0.0046136
-0.006964
-0.0022202
0.0034184
-0.0023879
-0.0055218
0.0023246
-0.0080241
0.0018507
-0.0077977
-0.0096644
-0.0097739
-0.0081223
-0.0059004
-0.0011402
0.002661
0.0041669
-0.0046719
0.0032524
-0.0093624
-0.0087045
0.0035559
-0.0018453
-0.0022637
0.0086774
-0.0002523
0.0036994
-0.0073685
0.008943
-0.0019076
-0.0021171
-0.0092399
0.0093717
-0.003853
-0.0035855
-0.0006566
-0.0053419
0.0076933
-0.0016166
0.0081872
0.0081176
-0.0049646
0.0014983
-0.0057259
0.0008503
0.0046973
0.0076475
0.0023122
-0.0069618
-0.0069311
0.0081805
-0.0061033
-0.0004928
0.0086916
-0.0003307
0.0004682
-0.00277
0.0067181
-0.00956
0.0036153
0.0017019
-0.003482
0.0026025
0.009176
-0.005303
-0.0002535
0.0065766
0.0061242
0.0088111
-0.0039807
0.0071022
-0.0015192
-0.0018058
-0.0099293
-0.0042795
0.001312
0.0051517
0.0067041
-0.0091215
0.0026022
-0.0080853
-0.0015415
-0.0015954
0.0010761
0.0008359
-0.0089898
-0.0095399
0.0095937
0.0029462
0.0045873
0.0095181
-0.003945
0.0011087
-0.0071988
0.0051757
-0.0072871
-0.0060584
0.0019755
0.0080336
-0.0090434
-0.0073324
-0.0002297
-0.0002966
-0.0099502
-0.0015483
0.0020607
-0.008565
-0.0054828
-0.000231
0.0009165
0.0081458
-0.0002816
-0.0098716
-0.0053629
0.0011398
-0.0006106
0.0060554
0.0019191
0.0009307
-0.004391
-0.0058088
-0.0028831
-4.35e-5
0.0061728
0.0070399
0.0040821
0.0046681
-0.0078991
0.0080043
-0.0006768
0.0079248
-0.0049544
0.0077324
0.0032822
-0.0024615
-0.0031878
0.0055245
-0.0080228
0.002972
-0.0031921
0.0094079
0.0059552
-0.0051992
0.0099359
-0.0004704
0.0094765
0.0019765
-0.0004954
0.0090527
-1.9e-6
-0.0011176
0.0014873
0.008811
-0.0071118
0.0046448
-0.008147
0.0010975
-0.0021027
-0.0085746
0.0095211
0.0054114
-0.0087947
-0.0067298
-0.0028042
-0.0058287
0.0067386
-0.0039512
0.0059329
0.0011485
-0.004791
0.0069748
0.0072686
0.0055574
-0.0064007
-0.0027322
0.0090475
0.0045258
-0.0046615
0.0015636
0.0045859
-0.0025302
