0.0040866
-0.0084789
-0.0044241
0.0028673
-0.0064522
0.0058214
-0.0010972
-0.004213
0.0050662
0.0013702
-0.0002184
0.0035576
-0.0067717
0.0079885
0.0018687
-0.0053643
0.004832
0.0025781
0.0061397
-0.0028061
0.0097015
-0.0039068
-0.0046147
0.0012043
0.0094753
0.0093387
0.0024276
0.0038528
0.0081575
-0.0098678
0.0073032
0.0065627
0.0064628
-0.0089871
0.0021218
-0.0008488
0.0070895
-0.0086647
0.0042144
-0.0071549
0.0089234
-0.0009161
0.0012237
-0.0005395
-0.0042577
-0.0034908
0.0043412
-0.0057525
-0.0019606
-0.0037655
-0.008688
-0.0047893
-0.0061263
0.0033135
-0.003443
0.0004614
0.0004172
0.0057299
-0.0079276
0.0006345
0.0089219
-0.0018848
0.003003
0.0074691
-0.0066841
-0.0018347
0.0019833
-0.0022902
-0.0063376
0.008175
0.0010972
0.0082172
-0.0065715
0.001372
0.0044253
0.0032123
0.0001034
0.0019254
-0.0076731
0.0045502
-0.0095234
-0.0009967
-0.0026754
0.0081357
0.0057351
0.0081223
-0.0099744
0.0071566
-0.0014106
-0.006126
-0.0014002
0.0056045
-0.0031329
0.0082137
0.0018492
0.0020385
0.0083227
-0.0078667
0.0045888
0.007092
0.0030791
0.0031052
0.0089378
0.0005853
0.0067246
0.006133
0.006413
-0.0073023
-0.0029313
-0.0021587
0.0002928
-0.0069619
-0.0042884
0.0083056
0.0030449
0.0064746
-0.0039378
0.0002635
-0.0034777
0.0002642
0.0058077
0.0001431
0.0046364
0.0069115
-0.0022364
-0.0095569
-0.0089553
-0.0070055
0.0072652
-0.0014142
0.0004534
0.0074717
0.0055674
0.003309
0.0019515
-0.0041831
-0.0038363
-0.0039743
-0.0012235
-0.0072584
-0.0062347
-0.008644
-0.0061128
-0.004153
0.0039046
-0.0068373
-0.0091727
-0.002746
4.8e-6
-0.0084719
-0.00362
-0.0054776
-0.0080478
-0.0097929
0.0093352
0.0050003
-0.003869
-0.0042352
0.0020537
0.006103
-0.001728
-0.0034083
0.0084353
-0.0054035
0.0094182
-0.0016117
0.0043422
0.0045547
-0.0005459
0.0086203
-0.0030697
0.0047013
-0.0030564
-8.63e-5
0.0001414
-0.0051317
-0.0011213
-0.0037062
0.0076443
-0.0069911
-0.0043022
-0.0045205
-0.0045703
0.0023771
0.0058252
0.0060339
-0.0063976
0.0055231
0.0074498
0.000492
0.0067661
-0.0034161
-0.0015708
-0.0065887
0.00238
0.0042462
0.0072884
-0.0018443
-0.0054775
-0.0074547
0.0028761
-0.009687
-0.0043911
-0.0068793
5.67e-5
-0.0003511
0.0074022
-0.0088003
0.0005484
0.0019099
-0.0049294
0.0078702
-0.0092262
-0.0066188
-0.0045614
-0.00016
-0.0042534
-0.0065444
0.0032203
0.0017318
-0.0030355
-0.0056982
0.0062817
0.0071718
0.0028225
-0.0009897
0.0041278
-0.0088718
-0.0042173
0.0047092
0.0009824
-0.0008843
-0.0091781
-0.0009308
-0.0085424
0.0079047
0.0019386
0.0071446
-0.0010571
-0.0049481
-0.008858
-0.0048277
0.0059829
-0.0084421
0.0032114
-0.0024334
-0.0049973
-0.0006686
-0.005731
-0.002332
0.0070317
0.0046119
-0.0082202
0.001007
0.0088001
0.0022588
0.0044376
0.0069419
0.0043634
-0.0079772
0.0038763
-0.0016606
-0.0082234
-0.0068091
0.0018651
0.0056407
-0.0030473
-0.0027773
-0.006186
-0.0005236
-0.0027289
0.00365
0.0044924
-0.0004682
0.0037194
0.0002802
-0.0001798
0.0097509
-0.0059792
-0.0082857
0.0048328
-0.0039018
-0.0044606
0.0083887
-0.0094521
0.0049567
-0.0035553
0.007346
0.0038892
-0.0054733
0.0051177
0.008793
0.0089316
-0.0089127
0.0049883
-0.0095015
-0.0008394
0.0035849
0.008783
0.0004469
-0.0062074
-0.0050602
0.0019406
0.0039678
0.0091447
-0.0077871
-0.0035107
0.0047675
-0.0066747
0.0092077
0.0072585
-0.007165
-0.0071337
0.0076052
-0.0068564
0.0028452
-0.0003023
-0.0026441
0.00918
0.0059202
0.0044093
-0.0071426
0.0005127
0.0059192
0.0068716
0.0053816
0.0078425
-0.0039711
-0.0074983
-0.0040579
-0.0073321
-0.0019422
-0.0059746
-0.0062676
0.0009376
-0.002134
-0.0090123
-0.0042884
0.0063885
0.0089096
0.0043771
-0.0078824
0.0094575
0.0089363
-0.006663
0.001697
0.0069923
0.0043665
0.0085375
-0.0043075
-0.0077592
-0.0022912
-0.0001745
0.0012498
0.0014923
0.0081302
0.0024411
0.002317
-0.0062599
0.0062732
-0.0093415
-0.0061285
-0.0046753
-0.0026913
-0.0047752
0.0026446
0.0090231
0.0069693
0.0071813
0.007404
-0.0030669
0.0022769
-0.0091722
0.0021031
0.0048868
-0.0041966
-0.0052049
0.0073599
-0.0063553
-0.0074776
-0.0073586
0.0019778
-0.001563
-0.0092794
0.0005876
0.001712
-0.0035512
-0.0033572
0.0005525
-0.004324
0.0090516
-0.0096137
-0.007683
-0.0052394
0.0073377
0.003356
-0.0065321
-0.0011244
-4.68e-5
-0.003186
0.007203
-0.0097029
0.0088612
-0.00381
-0.0080248
0.0006581
-0.0037325
-0.0093427
0.0054994
-0.0067812
-0.0094066
-0.0034129
-0.0096257
-0.0032467
-0.0097778
2.76e-5
-0.0087781
-0.0001925
0.0095156
0.0097791
-0.004517
0.0011009
-0.0089823
0.0022764
-0.006746
0.0090005
-0.0039845
0.0063919
0.0089185
-0.0063855
-0.0031775
-0.004843
0.0022623
-0.0086083
-0.007921
0.0089003
0.0030557
0.0088834
-0.0095222
-0.0033132
0.0006779
-0.0088212
0.0086143
-0.0037042
0.0065816
0.0058345
0.0011627
-0.0054694
0.0054337
-0.0021954
-0.0070501
-0.0012747
-0.0074384
0.0021076
0.0087956
0.0043638
0.0025036
-0.0020418
0.0048301
0.0079682
0.0028923
0.0097509
0.0064421
-0.0029153
0.00816
0.0066263
0.0045367
-0.0037487
-0.0034187
-0.0012136
-0.0077187
0.0014631
-0.0008789
0.0017815
-0.0013897
0.0001967
0.0061345
-0.003659
0.0095227
-0.001713
-0.0032551
0.002635
-0.0065426
-0.0036294
-0.0006946
0.0044034
0.0037147
0.0086833
0.0095678
-0.0079055
-0.0062024
-0.005975
0.0040311
0.0031996
0.0003869
