-0.0001734
0.0078158
-0.007818
-0.0088147
0.0020358
0.0064465
0.0045203
0.0001008
0.0036229
0.0049665
-0.007442
-0.0041378
-0.0029817
0.0030845
0.0076641
0.001648
-0.0003424
0.0086625
-0.0030139
0.0005924
-0.0092238
0.0083325
-0.0009621
0.0033748
-0.0054838
0.0010639
0.008879
0.004362
-0.0049161
0.0025218
0.0060869
-0.007276
0.0008884
0.0083836
0.0068319
-0.0010622
-0.0080455
0.0099817
0.0018959
0.0081589
0.0033849
0.0094587
-0.0081446
0.0002729
-0.0092534
-0.006724
0.0028233
0.0094471
-0.0024369
-0.0091643
0.0015908
-0.0083115
-0.0034533
-0.0022721
-0.0055365
-0.0066839
0.0005621
-0.0087409
0.0039476
-0.0048012
0.0086404
-0.0028697
-0.0078077
0.0057766
-0.0063864
-0.0052605
-0.0074756
-0.006068
-0.0039897
0.0063388
0.0082368
-0.0069722
-0.0074024
0.0002186
0.004377
-0.008854
-0.0016006
-0.0046474
0.0001217
-0.0053465
-0.0076254
0.0022899
0.0075774
-0.0016435
0.0035634
0.0097118
-0.0055818
0.0028629
0.0051638
0.0079754
-0.0085239
-0.0097225
0.0069475
-0.0038132
-0.0049817
0.0016173
0.0023517
-0.008552
0.0042742
-0.0069881
-0.0052398
-0.0078931
-0.0049283
0.0093963
-0.008198
0.0083791
0.0073816
0.0056397
0.0038039
0.0071962
-0.0080676
-0.0085838
-0.0030165
0.0052479
-0.0056218
-0.0097998
0.0069195
-0.0032835
0.0013383
0.0090778
-0.005354
0.0079768
-0.0015953
0.0054643
0.0028505
-0.007244
0.0021916
0.0060903
-0.002877
-0.0047276
-0.007423
0.0087307
0.003107
-0.0095474
0.0081649
-0.0075253
-0.0053093
0.0018432
0.0090146
0.004
-0.0019957
-0.0052331
0.0078014
-0.0063559
-0.0073223
0.0061659
0.0098645
0.008801
-0.0043324
-0.0006623
0.0026652
0.0015579
-0.006897
-0.0096733
0.0019092
0.007753
-0.0075786
-0.0090608
0.0021048
0.0006709
-0.0062707
-0.0099251
0.000981
-0.0079922
-0.0090776
0.0082406
-0.0089418
0.0029179
-0.003348
0.0013217
-0.0097008
-0.0057753
-0.0061527
-0.0095246
-0.0051022
0.0014473
-0.005269
0.009287
-0.0098151
-0.0053443
0.0094804
0.0003573
-0.0052315
0.0035518
-0.0004553
0.0099926
0.0098582
-0.003361
0.0069672
0.0073542
0.0016924
0.0054277
-0.0047382
-0.0084067
-0.0074787
4.99e-5
0.0067224
-0.0044304
0.0036665
0.0095273
-0.009585
0.0066891
-0.006625
0.009147
-0.0029553
-0.0064311
0.0019069
-0.0016617
0.0036536
0.009927
-0.009744
0.0035979
-0.0021241
0.0095206
-0.0005859
0.0084539
-0.0042632
-0.00127
0.0022618
-0.0083241
-0.0037168
0.0018344
-0.0042885
0.0079412
0.0066463
0.0059748
0.0085045
-0.0024875
-0.0041322
0.0015028
-0.0024722
0.0003317
-0.0017219
-0.0093092
0.0057123
-0.0083735
0.0068507
-0.0014322
0.0017773
0.0020498
0.0067477
0.0092105
0.0047041
0.0001462
0.0004321
0.0047126
0.0006233
0.007893
-0.0033032
-0.0008362
0.0008491
-0.0017405
0.0032388
0.0024226
0.0023861
-0.0037199
-0.0002214
0.0030179
-0.009314
-0.0014504
-0.0058664
-0.0038828
-0.0082016
-0.0065788
-0.0096168
0.0080304
-0.0050484
-0.0008862
-0.0006357
-0.0012068
-0.0033059
0.001299
-0.0071481
-0.0054759
0.0037453
0.0005231
-0.0082487
0.0055725
-0.0005959
-0.0036545
0.009013
-0.008288
-0.0093302
0.0003948
0.0035132
0.0084373
-0.0009847
-0.0079695
0.0071771
0.009175
0.0015109
-0.0092772
-0.0059431
0.0003329
-0.0058548
-0.0081877
0.0035197
-0.0037401
0.0079197
-0.0018236
-0.0094174
0.0020947
0.0072607
-0.0050708
0.0017174
0.0059759
-0.0011908
0.005593
0.0083352
0.0084431
-0.000811
-0.0013286
0.0078397
0.0022582
-0.0021424
-0.0069863
-0.0025314
0.0091516
0.0073828
0.007986
-0.001111
-0.0097502
0.0088383
-0.000444
0.0014181
0.0095991
-0.0051886
-0.0074161
-0.0088101
-0.0042424
-0.0072221
0.0064063
0.0001465
-0.0036633
-0.0051155
0.0041377
-0.0066892
0.0039346
0.0021131
-0.0031819
-0.0068595
-0.0032968
0.0028018
0.0014171
0.0051543
0.0038343
-0.0093006
0.0018337
0.0067598
0.0029685
-0.0015899
-0.004395
-0.0038705
-0.00754
-0.0025349
0.0087818
-0.0072988
-0.0010698
0.0088082
-0.0036495
-0.0023598
-0.0031052
-0.0056674
0.0080868
0.0071863
0.0088206
-0.0016586
-0.0019405
-0.0007434
0.0054115
-0.0044452
0.0001426
-0.0055717
-0.0043446
-0.0078329
-0.0092804
-0.0066662
-0.0080779
0.0080773
-0.0080976
0.0031234
-0.0086469
0.0056179
0.0043006
0.0041991
0.0081847
0.0029145
-0.0055701
0.0053241
0.0016924
-0.0067907
0.0097249
0.0022404
0.0025302
0.0096546
0.0086946
0.0040275
0.0019025
0.000242
-0.0080831
-0.0012888
-0.0009132
0.0059303
0.0065024
0.0019156
0.0021156
0.0081552
0.0002982
0.0027994
0.0048077
0.0098598
-0.006374
-0.0008233
1.4e-5
0.0033511
-0.000723
0.0044769
-0.006822
-0.0061752
-0.0035801
0.0030291
-0.0093816
-0.00688
-0.0097121
-0.0078296
0.0042217
0.0093457
-0.0064774
-0.0033223
0.0054955
0.0027969
0.0064182
-0.0087795
0.0087118
0.0052653
0.0097798
-0.008923
-0.0051183
-0.0007409
-0.0078848
-0.0061636
0.0097935
-0.0087746
-0.005973
-0.004566
0.0044863
-0.0019286
0.0093908
0.0097684
-0.0040017
0.0077713
0.0082035
-0.00201
-0.0044014
0.0015987
0.0043442
-0.0089482
-0.0040241
0.0064062
-0.0003746
-0.0080377
-0.0075202
-0.009265
0.0055185
-0.0074527
-0.0091275
0.0046526
0.0001634
-0.0074455
-0.001501
-0.0059373
0.0046384
-0.0091677
-0.0088006
0.0091062
-0.0047385
0.0026559
0.0055383
-0.0051609
-0.0048438
0.0042749
0.0049743
0.0098346
0.0019291
-0.0003925
-0.0003492
0.0092694
0.0038838
-0.0054567
0.006665
0.0037248
-0.0053504
-0.006323
0.0058396
0.006498
