0.0002475
-0.0062159
-0.0092509
-0.0088085
-0.0021455
0.0063688
-0.0044901
0.0017178
0.0067831
0.0059991
-0.0085405
-0.0016255
0.0003516
0.0026221
0.0091619
-0.0046465
0.0070691
-0.0072592
0.0086694
0.005333
0.0098608
-0.0002918
0.0051955
0.0076523
0.0028448
-0.005567
0.0024195
-0.0099872
0.0016072
0.002931
-0.0077649
-0.0049215
0.0032646
-0.0016709
-0.0008342
-0.003365
-0.0005424
-0.0042313
0.0057914
0.0020506
-0.0014621
0.0003972
0.0042652
0.0005491
0.0085525
0.0077826
0.0006449
-0.0025473
-0.0001181
-0.0094892
0.0032258
-0.0097524
-1.83e-5
-0.0038429
-0.0006582
0.0049054
-0.0088928
-0.0053296
0.007327
0.0073765
0.0038949
0.0081188
0.0070858
7.51e-5
-0.0096154
0.0072668
0.000482
0.0049797
0.0009544
0.0020522
-0.0093573
-0.0001889
0.0032466
4.91e-5
0.0023908
-0.0080051
0.0059353
-0.005306
-0.0039
-0.0068889
0.000333
-0.0038255
0.0050561
0.0009719
-0.0069024
0.0055337
-0.0090821
-0.0081686
-0.0012847
-0.0022773
-9.17e-5
-0.0027676
-0.0020311
-0.0047944
0.0045781
0.0082044
-0.0010066
-0.008038
0.0073053
0.0012875
0.0079024
-0.0032409
-0.0042833
-0.0076657
0.0003783
0.0040563
0.0047873
0.0028293
0.0077793
-0.0049784
0.0089198
-0.0082498
-0.0051025
-0.0032923
-0.0098035
-0.0021108
-0.0008326
-0.0002529
-0.0038068
-0.0035231
-0.0041848
-0.0070025
0.0058997
0.0079283
-0.0064068
0.0052556
0.0066695
0.0088857
0.00986
0.0042766
0.0039737
-0.0096258
-0.0083749
-0.0043177
-0.0071641
-0.0040647
0.0002948
0.0085565
0.0060948
0.0062453
-0.0053347
-0.0046803
0.0056325
0.00615
-0.0030882
-0.0085402
0.0079165
0.0078997
0.0039366
0.0089909
0.0030097
0.0006334
0.0077542
0.003726
-0.0072347
0.0020652
-0.0064411
0.0017129
0.0093544
-0.0098887
0.004112
-0.0083935
-0.008605
-0.0040462
-0.008425
-0.0016768
-0.0093274
0.0075689
0.0007625
0.0067892
-0.0053918
-0.0024244
-0.0032544
-0.0091226
0.0077413
-0.002536
0.0009407
-0.0034943
0.001736
-0.005761
-2.33e-5
-0.0013729
-0.0081701
-0.0069981
-0.0090801
0.0012662
-0.0066493
-0.009424
-0.0061614
0.0012652
0.0003107
-0.0047892
0.0023015
0.0097853
0.0079391
-0.0004581
0.0012254
-0.005198
0.0027357
-0.0048747
-0.0046619
0.0050667
-0.0018701
-0.0079748
-0.0077827
0.0048018
-0.0025806
0.0070222
-0.0058319
0.0037612
0.0067478
0.0017069
-0.0023672
0.0057471
-0.00134
-0.0076638
0.0097538
0.003315
0.0081668
0.0010072
0.0053127
-0.009787
-0.0087443
0.0063815
0.0048447
-0.0041922
-0.0075563
-0.0046659
-0.0007542
0.003584
-0.0044849
0.0056855
0.0084503
0.0019642
0.001474
-0.0015595
-0.0074405
0.0081278
-0.0046428
0.0040913
0.0031351
0.0053414
0.0054356
-0.0070864
-0.0070477
0.0088158
0.0086331
0.009605
4.46e-5
0.0055421
-0.002285
-0.0085614
-0.0091239
0.005849
0.0060553
0.0046853
0.0017966
-0.0046825
-0.0049671
-0.0096251
-0.001712
0.0029937
-0.0095298
-0.0035429
-2.8e-5
-0.0065751
-0.0080479
-0.0030532
-0.0096767
-0.0021802
0.0058931
0.0062228
0.0041858
-0.0061728
-0.008037
0.0079136
0.0056895
0.0080234
0.0040244
0.0031589
-0.0055478
0.0042252
0.0045855
-0.0019893
-0.0064446
-0.0077754
0.0003117
0.005383
0.0051817
0.0068305
-0.0055958
0.0049019
0.0042014
0.0088204
0.0066279
-0.009071
0.0019967
-0.00227
-0.0002071
-0.0037613
0.0095003
-0.0015441
-0.0024621
-0.0055887
0.0034278
-0.004651
0.0066803
-0.007537
0.0067403
-0.0022092
-0.0049432
0.0089434
0.0039265
0.0084549
-0.0090299
-0.0077132
-0.0075299
-0.001174
0.0017985
-0.0017139
-0.0034336
-0.0028405
0.0066019
0.0098584
0.0053594
-0.0015455
-0.0067623
-0.001008
0.0070556
0.0041956
0.0024688
0.0042213
0.0088816
-0.0063403
0.0072334
0.0002756
0.0079942
0.0058556
0.0015748
0.006918
-0.0059712
0.0018523
-0.0029062
-0.00199
0.0049763
0.0037113
-0.0034205
0.0098264
-0.0028218
-0.0078274
-0.0001432
0.0056198
0.004027
0.00878
-0.0064721
-0.0096815
0.0090162
0.0031891
0.0030344
-0.0079945
0.00386
-0.0027833
-3.16e-5
0.0055116
0.0092092
0.0074654
0.0014832
-0.0019095
-0.0093021
-0.0094695
-0.0096938
0.0015591
-0.0040979
-0.0022649
-0.0089959
0.0031913
-0.0014717
-0.0076017
0.0099259
0.0098845
0.0017579
0.0088806
-0.0075846
-0.006047
-0.0019437
-0.0016301
-0.0067968
0.0098525
-0.0031802
-0.0061982
-0.0042961
0.0064198
-0.002289
-0.0021322
-0.0008373
0.0004975
0.0047129
-0.0032463
-0.0039855
-0.0021883
-0.0088599
-0.0006988
-0.0053274
-0.0001235
-0.0098411
0.0026638
0.0033745
0.0071911
0.0079582
0.005405
0.0092649
0.002657
-0.0055468
-0.0078617
0.0010888
0.0040807
0.0091104
0.0043671
-0.0036585
0.0079975
0.0073883
-0.008157
0.0058394
0.0017519
0.0020005
0.0097392
-0.004672
0.001662
-0.007644
-0.0045037
0.0004954
0.0038564
-0.0074632
0.008794
-0.0095505
-0.0005963
0.0068973
-0.0028017
0.0041193
0.0005911
0.0002739
0.0081899
-0.0033385
-0.0094524
-0.0098891
-0.0064689
0.0096571
0.0044443
0.0094347
0.0080356
0.0052686
0.0010359
-0.0058547
-0.0067703
-0.0010029
0.0050392
0.0098595
-0.0033824
0.006517
0.0015602
0.0002133
0.0025372
-0.0068838
0.0042903
-0.0013267
-0.0087819
-0.003591
0.0078516
-0.0050134
0.0049909
0.0071083
-0.0044983
0.0087741
0.0080052
-0.0048001
-0.0039936
-0.0070823
0.0081164
-0.0022316
-0.0028773
-0.0045617
-0.0005716
-0.0038387
0.0056359
0.0034756
-0.0015067
0.0057973
-0.0098446
-0.0009713
0.0069061
-0.0052364
-0.0077775
0.0039768
-0.0072233
0.0029846
