-0.0052245
0.007012
0.0091024
0.0047537
-0.0019979
-0.0052143
-0.0006631
-0.0097063
0.0007087
0.001262
0.0061867
-0.0058059
-0.0061061
-0.002282
-0.0067513
0.0078804
0.0081719
0.0069614
0.0076858
-0.0065048
0.0055053
0.0098228
0.0078772
-0.0093232
-0.0070887
-0.0029641
0.004481
0.0005708
0.0016957
0.0008759
-2.37e-5
-0.0066625
-0.0037913
0.0076309
-0.0058025
0.0013842
0.0017425
0.0011813
-0.0060315
0.0009633
0.0078926
-0.0078326
0.0052878
0.0060281
0.0088062
-0.0049372
-0.0051928
-0.0098072
0.0052741
-0.0015879
0.0044713
-0.0012758
-0.0085074
-0.005064
0.0016381
0.0040475
0.0062609
-0.0074518
-0.0090252
0.0050665
0.0034913
0.0028539
-0.0040883
-0.0096765
0.0056005
-0.0015974
0.0002818
-0.0026922
-0.0081526
0.0054657
-0.0026643
-0.0048973
-0.0063085
0.0002475
-0.0013426
0.0008553
0.001981
0.0017613
-0.008629
-0.0082165
-0.0042266
0.0043602
-0.0032884
0.0016063
0.0031865
-0.0021909
0.0077559
0.0005435
0.0009962
-0.0026712
0.0050911
0.0078271
-0.0040922
-0.0069946
0.0051272
0.0013093
-0.0092289
-0.0095087
0.0018583
0.0017518
0.0067778
-0.0053028
-0.0018756
0.0048055
0.0056041
-0.0010981
-0.0071393
0.0078861
0.004379
0.0068263
-0.0015827
-0.003984
0.0037194
-0.0013624
-0.0037881
0.006685
-0.0019693
-0.0060893
-0.0037476
-0.0040669
-0.0016562
-0.0061236
-0.0087826
0.0046505
-0.0047739
0.0045231
-0.004181
-0.0084822
-0.0085176
0.0015461
-0.0025636
0.0053921
-0.0097895
0.0052558
-0.0002028
0.000771
0.0036437
-0.0055081
-0.0057866
-0.0068462
0.0097506
-0.0009853
-0.0031803
0.0045765
0.0076307
-0.0084313
-6.32e-5
0.0032992
-0.0007066
-0.008708
0.0081191
0.0012362
0.0089213
-0.0094674
0.0035933
-0.0010875
-0.0069816
-0.0064546
0.003064
-0.0088467
-0.009334
-0.0079629
-0.0016426
-0.0095982
0.0069802
-0.0094308
0.0041781
0.0019978
0.0076182
-0.004348
-0.0072852
0.0050153
0.0066015
-0.0047936
-0.0099306
0.0098325
-0.0097127
0.007162
-0.0013306
-0.0030302
0.0057008
0.0010743
-0.0029541
-0.0025781
-0.007529
0.0060788
0.0047241
0.0038373
0.0011049
-0.0049425
0.0078759
0.0020788
0.0044707
0.0094519
-0.0075879
0.0092121
0.0070473
-0.0013923
0.0042076
0.0096537
-0.0072378
0.0042833
-0.0068402
-0.0014745
-0.0089964
0.0039636
-9.2e-6
-0.0046854
0.0087283
0.0084921
-0.0089066
-0.0088453
0.0073305
0.0059372
-0.0073119
0.0096913
-0.0038669
0.0098968
0.0056709
0.0035586
0.0099306
-0.0049272
0.0031685
0.0001871
-0.0020222
0.0028499
0.0016328
0.0004514
-0.0099641
0.0086923
-0.0054788
0.003415
0.0050628
-0.0039455
0.0060699
-0.0073032
-0.001938
0.0082097
0.0010801
0.0077271
-0.0058512
-0.0053868
-0.0036054
-0.0026503
0.0012194
-0.0053717
-0.0030023
0.0097317
-0.0060549
0.0036793
-1.12e-5
-0.0078053
-0.0080798
-0.0065347
-0.009806
0.0099933
-0.0058623
0.0075158
-0.0015132
0.0011761
0.0030672
-0.0099017
-0.0086042
-0.0040807
-0.0005799
-0.0079655
-0.0035305
0.0035469
-0.0087846
0.0078215
0.0052497
0.0078461
-0.0086174
-0.001694
0.0013323
-0.0032424
0.0085766
0.0099981
-0.0084187
0.0036546
-0.0067241
-0.0041322
-0.0007369
0.0016858
0.0001431
-0.0096887
-0.0009332
-0.0017837
0.0075032
0.0042633
0.0041273
0.0095994
-0.0059816
-0.0008813
0.009281
0.0004636
0.0047038
0.0094172
-0.0028979
0.0011295
-0.0010343
0.0084029
0.0058418
-0.0017476
0.0014457
-0.0011183
-0.001902
0.0007302
-0.0077828
0.0076717
0.0008307
0.002663
-0.0048214
0.0027192
0.0049727
-0.002752
-0.0012377
-0.0080963
-0.0010764
-0.0093985
-0.0022429
-0.0026241
-0.000273
-0.0068727
0.0062676
-0.0048179
-0.0092591
0.0027855
0.0070574
-0.000168
0.0059708
-0.0006268
0.0097202
-0.0009608
0.0014663
0.0088919
-0.0095996
-0.000756
0.0015821
-0.0053262
0.0047573
-0.0080788
-0.0018243
0.0041614
0.0046156
0.00136
0.0075715
0.009116
0.0089295
-0.0088362
0.0050074
0.0029463
-0.0076098
0.0066841
-0.0098783
-0.0005818
-0.009201
0.0083646
0.0041596
-0.0076236
-0.0069178
0.0036676
0.0007949
0.000526
-0.0002302
0.0027899
0.0081333
-0.0052184
-0.0087781
-0.0068041
-0.0001836
0.0089296
-0.0031795
0.0071822
-0.001296
0.0044264
-0.0076421
-0.0030646
0.0024039
-0.0091763
0.0005079
0.0095841
0.008953
0.002249
0.0025143
-0.0015942
0.0098602
0.0055045
0.0086517
-0.0093316
0.0060028
0.0044824
0.004104
0.0095974
0.0029144
0.0005097
-0.0067454
-0.0019392
-0.0031835
-0.0093819
0.009592
-0.0026215
-0.0006588
0.0077539
-0.003637
0.0025358
0.0014907
0.008501
-0.0066965
-0.0014071
-0.0018417
-0.0025481
-0.002272
0.0042393
-0.0047115
-0.0073605
0.0049501
0.0072462
-0.0057994
0.0084718
-0.0025112
-0.002152
0.0048672
-0.0050088
0.0051549
0.0070169
0.0095437
0.004017
0.0008037
0.0009428
-0.0098558
-0.0057881
0.0087517
-0.0077557
0.00167
0.0051786
0.0092178
-0.0063274
-0.0088118
0.007727
-0.0027468
0.0061004
0.000696
0.0049928
-0.0073122
-0.0060985
-0.0097042
-0.0006771
0.0066458
-0.0044838
-0.0017064
0.0075499
0.0074863
0.0058485
0.0094369
0.0066452
-0.0004238
0.0002351
-0.007452
0.0045077
0.0010885
0.0007711
0.0031937
-0.0007712
0.0017205
-0.0063265
-0.000505
0.0029945
-0.0012036
0.0049624
0.0068188
-0.0079004
-0.0008803
0.0038497
-0.0028758
0.001799
-0.0044263
0.001664
0.0007657
0.0024135
-0.0044717
0.0061128
-0.0061639
-0.0064694
-0.0015555
0.0007129
0.0049077
-0.0001058
0.0052016
0.005156
0.0055788
-0.0068352
0.0096413
-0.0082669
-0.002016
