0.0017805
-0.0030357
-0.0076312
0.0093369
-0.0088414
-0.0042019
0.0048192
-0.0034588
0.0058364
0.0075473
-0.0016093
0.0065189
0.0027646
0.001799
-0.0081933
-0.0090764
0.0063973
-0.0035988
-0.0042565
0.0097678
-0.0007723
-0.0049173
0.0014623
0.0058982
0.0065886
-0.0019821
-0.004743
0.0064003
-0.002504
-0.0008559
0.0001326
0.0062888
0.0078449
-0.0015201
-0.004383
0.0081916
-0.0024922
-0.0086376
0.0062823
0.0053539
-0.0026479
-0.0024221
0.0012649
-0.0067957
-0.0093173
-0.0050182
0.0040176
-0.0084061
-0.0076085
-0.0052574
-0.0058641
-0.0048555
0.0046219
-0.0028118
0.0076608
0.0004968
0.0054791
0.0025285
-0.0063501
0.0057436
-0.0072178
0.0044179
-0.0038325
-0.005362
-0.0091061
0.0022847
0.0052797
0.0042969
-0.006408
-0.0099028
-0.0087442
-0.0087994
0.0015516
0.0041654
-0.0037611
-0.0005161
-0.0058765
0.0064659
-0.0073161
-0.0002633
-0.0078691
-0.0097937
-0.0070571
0.0030877
-0.0018732
0.0060175
-0.0015608
-0.0003516
0.0053886
0.0056144
0.0033633
-0.0066163
0.0047223
0.0091825
0.0074143
-0.0023864
-0.0068018
-0.0033221
-0.005247
0.000507
-0.0068303
-0.0003529
0.0065399
-0.0091636
0.0072278
4.34e-5
0.0012339
-0.0067339
0.0005874
-0.0025933
0.000708
0.0009672
-0.0068146
-0.0056643
0.0027485
-0.0082792
0.0060913
0.0023926
0.0031329
0.0022357
-0.0010516
0.0028627
0.0064301
0.0093099
-0.0077817
-0.0021901
0.0053133
0.0035231
-0.0034352
0.0066167
0.0074632
-0.003619
0.0067865
-0.0043668
-0.0061007
-0.0070127
0.0091294
-0.0096443
0.0032839
0.0089946
-0.0080833
0.0056803
0.0011049
0.0047234
-0.0076552
-0.0063276
0.0061975
0.0009407
0.0095653
-0.002227
0.0004364
0.0031649
-0.0055885
-0.0060832
-0.0004494
-0.0005694
-0.0022712
0.0003676
0.0083611
-0.0082331
0.0049128
-0.0051421
-0.0075086
-0.0033069
0.005759
-0.0002587
0.0059432
-0.0041124
-0.0030534
-0.0026466
-0.0037555
-0.0014094
0.0054982
-0.0049338
-0.0015137
-0.0005012
-0.0004472
0.0070691
-0.0028056
0.0044854
0.0040073
-0.0030779
-0.0053016
0.0075533
-0.0089239
-0.0080458
-0.0044079
-0.0007686
0.0005342
-0.0022955
-0.0039375
0.0006888
-0.0025276
0.0037099
0.0023922
0.0079921
0.0013078
-0.0002337
-0.0042084
-0.0039082
-0.0015212
-0.0079989
-0.0044433
0.0068915
-0.0033063
-0.0021725
0.0019175
0.0014482
0.0062442
-0.0079733
0.0042226
0.0014316
0.0030216
-0.0047649
-0.0071242
0.005804
-0.0022436
-0.0092107
-0.0042072
-0.0020773
-0.0038297
-0.0010597
-0.0035475
-0.0019722
-0.004019
0.0021149
-0.0020495
-0.0063259
0.0060844
-0.0034828
0.0015019
-0.0004627
-0.0099417
0.0097471
-0.0027902
-0.0011844
0.0058743
0.0036455
-0.0057734
-0.0096681
-0.0060712
-0.0093583
0.008168
0.0059976
-0.0008868
-0.0028293
0.0082716
-0.0022178
-0.0023656
0.0017275
-0.0064534
0.0053474
0.0075979
-0.0032046
-0.0088366
0.0096995
-0.0048187
-0.0029067
-0.0085546
-0.0074043
0.0050122
0.0078996
-0.005407
-0.0075467
-0.0053181
0.0012317
0.0022986
0.0094573
0.0030031
0.0059292
0.0081688
-0.0075519
0.0025966
0.0016689
0.0084276
0.0072478
-0.0076951
0.0012753
0.0074108
-0.0097121
-0.0092963
-0.0057394
0.0055714
-2.64e-5
-0.0084302
-0.0089125
-0.0010544
0.0099719
0.0061781
-0.0029566
-0.0061059
-0.0081842
0.0083951
-0.0059342
0.0020649
0.0038386
0.0033546
0.0013149
0.0055738
0.0015985
5.72e-5
-0.0065726
0.0005909
-0.0013437
-0.0025561
0.0041763
0.0045816
-0.0028654
0.004696
0.0091281
-0.0038514
0.006325
0.0024449
-0.0035172
-0.000673
0.0053873
0.0039646
8.89e-5
0.0011024
-0.0070215
0.0069967
-0.0021124
0.0024455
-0.0023163
0.0018029
-0.0074944
-0.0009039
0.0070703
-0.0079808
0.0080999
-0.0079769
-0.001195
0.0044902
0.0090784
-0.0068215
0.0068837
-0.0079699
0.0010323
0.0039946
-0.006848
-0.0092658
0.0064083
-0.0040855
0.0097283
-0.0023148
-0.0010579
-0.0093444
0.0042471
-0.0081066
-0.006325
0.0039964
0.0029104
-0.001087
0.0090063
0.0011091
0.0025567
0.0059461
-0.0098354
0.000817
-0.0045194
-0.0025668
-0.0091722
-0.0040424
-0.0082116
0.0071804
-0.0028112
0.0089845
0.0065058
-0.0031696
-0.0002727
-0.0081453
0.0077557
-0.0087527
-0.0079785
0.0062608
0.0058555
0.007248
-0.0084169
-0.0049905
-0.0007637
-0.0094984
-0.0020105
-0.0006688
0.0035072
0.0078896
-0.0015594
-0.0086654
0.007009
0.0072731
-0.002243
-0.0085713
0.0032348
-0.008667
0.0037624
-0.00175
-0.0070316
-0.0087632
-0.0064524
0.0089484
0.0067818
-0.0008157
-0.0064084
0.0066033
-0.0001632
0.000277
0.0025005
-0.0053309
0.0007651
0.0060335
-0.0074093
0.0085181
0.0021688
0.0087461
-0.0096121
-0.0046512
0.0026338
-0.0092026
0.009521
-0.0022771
0.0049944
0.0061487
-0.0073362
-0.0048109
-0.0012983
0.0093405
-0.0047783
0.0032047
0.0009691
0.0075588
-0.0021102
0.0053189
-0.0069245
-0.0089004
0.0033706
-0.0081549
0.0059473
-0.006496
-0.0019098
0.0027076
-0.0024213
-9.99e-5
0.0051657
-0.00218
0.0042079
0.0089659
-0.0029024
0.0099612
-0.00464
-0.0014811
0.0016375
0.0075438
-0.0029179
0.003557
0.0001589
-0.0023862
0.001661
-0.009889
-0.0016815
-0.0071413
-0.0025833
-0.0009037
-0.0027482
0.0029074
-0.0085133
-0.0040272
0.0060416
-0.0090295
0.0004801
0.0077859
-0.0060869
0.0077598
-0.0052904
-0.0082417
-0.0074439
0.0062896
-0.0097015
0.0011141
0.0084903
-0.0091769
-0.0026499
-0.0043515
-0.0083201
-0.0032115
-0.0062566
-0.007802
-0.0062744
0.0004899
-0.0091903
-0.0069606
0.0025002
0.0002615
-0.0070466
-0.0039701
-0.0001371
-0.0029016
