-0.0073599
0.0089278
0.0084856
0.0044442
0.0039148
-0.002897
0.0005586
-0.0043042
-0.0080166
-0.0095502
0.0026663
0.0084522
-0.0021479
0.0091416
-0.0028298
-0.0040311
0.0095325
0.0032386
0.0057608
-0.0056735
0.0088409
8.42e-5
0.0071103
-0.0010937
-0.0033097
-0.0003133
-0.0094686
0.0050199
0.0042822
-0.0063803
-0.0028628
-0.009757
0.007985
0.0039075
0.0063592
-0.0067454
-0.0014275
0.0063914
-0.0094969
0.001636
-0.0095424
0.0004279
0.0066822
-0.0023157
0.0099661
0.0028932
0.0084573
0.0009128
0.0065765
-0.0041813
0.0064336
0.0025173
-0.0038819
0.0095046
0.0005827
-0.0042928
0.0094847
0.0084224
0.0089867
0.0088055
0.0047216
0.0022132
-0.0099262
0.0033116
0.0010965
0.0064482
-0.0073428
0.0086455
-0.0037439
0.0008006
-0.0080813
-0.0041902
-0.0062291
-0.003352
-0.0077679
0.0080829
0.0027574
-8.0e-5
-0.0032696
-0.0029109
-0.0043353
0.0055799
0.0010919
0.0048028
-0.0093826
0.0011355
0.0079912
-0.0038706
0.0084629
0.0009114
0.0052713
-0.0049843
-0.0055209
-0.0094851
0.0091667
-0.0048515
-0.0086144
0.0006203
0.0002546
-0.0093258
0.0094266
0.0053274
0.0026363
-0.0091985
-0.0003747
-0.0060284
-0.0065137
-0.0004569
-0.0030928
-0.0050386
0.0011081
-0.0015651
0.0041115
-0.0081539
0.0014315
-0.0054829
-0.0044603
0.0036351
0.0064869
0.0060414
-0.0013703
0.001754
-0.003898
0.0044038
-0.00924
0.0081669
0.0099661
-0.0016113
0.0084856
-0.0065226
0.0093614
0.0066912
-0.0017874
0.0033577
-0.0024077
0.0094716
-0.0015882
0.0080583
0.0075895
-0.0074032
0.0070496
-0.0035547
0.0061087
-0.0004938
-0.0010647
-0.0089239
-0.0084641
-0.003215
0.0073894
0.0098111
-0.0007632
-0.0077589
0.0023243
0.000647
0.006265
-0.0047895
-0.0088166
0.0051999
0.0054769
0.0084182
0.0028742
0.0062722
-0.0085307
-0.0034582
0.0050339
0.0032427
-0.0049809
0.0084415
-0.0054603
0.0080743
0.006714
0.0008705
0.0058442
-0.0015418
4.85e-5
-0.0007602
0.0063559
0.0022604
0.0026303
-0.0035115
-0.0028318
-0.0071574
0.0050445
-0.0040411
-0.0010561
0.006697
0.002928
-0.009214
0.0071122
1.67e-5
0.0048964
-0.0035833
-0.0047523
-0.0036418
-0.0062468
-0.0036526
0.0092018
0.0042256
0.0034364
0.0058936
0.0074214
-0.0064025
-0.0059953
0.0062598
-0.0054433
0.0051669
0.0060238
0.0065676
0.000876
0.009233
0.0032903
-0.0009248
-0.0006976
-0.0050087
0.0065448
0.0010498
-0.0012165
-0.0012386
0.0042307
-0.0048346
-0.0026492
0.0030059
-0.0081393
-0.0062014
0.0068059
-0.0015598
-0.0059816
-0.0049524
0.0082894
0.008516
-0.0018623
0.004421
-0.0039725
-0.0013149
0.0097776
0.0063815
-0.0016743
-0.0099884
-0.0025003
-0.0067908
-0.0020148
-0.0069298
-0.0065189
-0.008155
-0.0061485
0.0007926
0.0026283
-0.007917
0.0095895
-0.0021634
-0.0033846
-0.0066563
-0.0069405
0.0025289
0.0075791
-0.0090317
0.0065721
-0.0083142
0.0050503
0.0007763
-0.0068544
0.0064739
0.0063535
0.0062475
0.0054357
0.0060615
-0.0043525
-0.0009371
0.0051419
0.0058095
-0.0044611
0.0023653
0.0037502
-0.0077392
0.005625
-0.0038018
0.0053025
0.0035104
-0.0035999
-0.0004724
0.0083302
-0.0089888
-0.0071434
0.0078003
0.0046808
-0.0041302
-0.0068577
-0.0085543
-0.0003391
0.0095054
-0.0060315
-0.0003069
-0.0059116
-0.0062068
-0.0097228
-0.007233
0.0039482
-0.0089862
0.0066102
0.0040347
-0.0076964
-0.0099115
0.0066272
-0.0044884
-0.0036476
-0.0097274
-0.0041304
-0.0038996
0.0014877
0.0013698
0.0005128
0.0063987
-0.0031958
-0.0027565
0.0050996
0.0025884
-0.0035908
0.0078576
-0.0054022
0.0074632
0.0088681
0.0042687
0.0017168
0.0049209
0.0063407
0.0032059
-0.0044005
0.0023363
0.0051737
0.0094631
-0.0019479
-0.0064522
0.0099687
0.0068626
0.0081644
-0.0063759
0.0055015
0.0056091
0.0017486
-0.0086563
-0.0050681
0.0062262
-0.0086431
0.0049937
-0.006485
-0.0093545
-0.0080855
0.0091806
0.0027955
-0.0019883
0.0053892
-0.0088812
0.0013443
0.0065978
-0.0015139
0.0039656
-0.0032322
-0.0065961
-0.0090312
0.0033813
0.00931
-0.0084937
0.0088245
-0.0082495
0.0011284
0.0016651
-0.0006393
-0.0031982
0.0063682
-0.0062755
0.0031633
-5.0e-6
-0.0098886
0.0022426
-0.0049595
-0.0074475
-0.0060034
-0.0077834
-0.0093695
-0.0099547
-0.0064156
-0.0052607
-0.0031901
-0.0051657
-0.0071381
-0.0038928
0.006241
-0.0036244
-0.0076394
0.007072
0.0002826
-0.0084795
0.0090633
-0.003631
-0.0077573
-0.0013899
-0.005861
0.0026744
-0.0081986
0.0071188
0.0014361
-0.0005494
0.0077462
-0.0073005
-0.0029639
-0.0023381
0.0003607
0.0021252
-0.0010451
0.007033
-0.0086173
0.0039221
0.0007815
0.0027852
0.004031
0.0075103
-0.0034381
-0.0018473
0.0096433
0.0093526
-0.0039699
0.0049948
0.0076357
-0.0015732
-0.0025647
-0.0060165
0.0034854
-0.0091762
-0.0047131
0.002022
0.0080409
0.0007815
-0.0092056
0.0001998
-0.0022989
-0.009596
0.0078626
0.0099955
0.0066834
0.0098817
-0.0084876
0.0098705
0.0073343
0.0049263
-0.0009253
0.0012531
0.0077401
-0.0006281
0.0051359
0.0034783
-0.0097025
-0.0021763
-0.0066245
0.0097252
0.0086861
0.0047722
-0.0026534
-0.0073288
-0.0041061
0.0084428
-0.0045276
-0.0030465
-0.0065572
0.0035559
-0.0077225
-0.0018388
0.0064995
0.0003493
-0.0079383
0.0091969
0.0053323
-0.0084726
0.0096486
0.0008923
-0.0035522
-0.0031721
0.0087513
0.0001548
-0.0032654
-0.0066157
0.0055552
0.0005374
-0.0029093
-0.0010583
0.0088919
0.0049088
-0.0058435
0.007453
0.0007432
-0.0074952
0.001256
0.0048144
-0.0012518
-0.0009325
-0.0066426
