-0.0006871
0.0044506
0.0001391
-0.0008492
0.006971
0.0049383
-0.0018722
-0.0033788
0.0012909
-0.0016602
-0.0036863
0.0054197
-0.0083177
-0.0048799
-0.0013569
0.0085763
0.0057925
0.0042909
0.0060991
0.0037477
-0.0059113
-0.0032127
-0.007931
-0.0078723
-0.0098706
0.0067316
0.0044255
-0.0050826
0.0092538
-0.0061692
-0.003924
-0.0014552
-0.0082661
-0.0015815
0.007917
0.0047923
-0.0061243
-0.0030272
-0.0099008
0.0098368
-0.0005479
0.0021883
-0.0032957
-0.0039555
0.0079835
-0.0096324
0.0029613
0.0022897
0.0099864
-0.0050519
0.0061812
0.0060673
-0.0019868
-0.0033334
-0.0064009
0.0059782
-0.0009547
-0.0075543
0.0099036
-0.002961
-0.0099938
0.0042533
0.0078143
-0.007284
0.0078533
-0.0085818
0.0072972
-0.0025179
0.0013647
0.0031094
0.0062158
0.0034191
-0.0034268
-0.006859
-0.0049934
-0.0082581
0.0095066
0.0053414
-0.0086399
-0.0059583
0.0080088
-0.0015665
-0.0083425
0.0007377
-0.0012887
-0.0004934
0.0035882
-0.0027705
-0.0084636
0.0043691
0.0090902
0.0081349
0.00964
-0.0087935
0.0006162
-0.009273
0.0087722
0.0005241
-0.0063361
0.0063067
0.0085866
0.0085852
-0.0017847
-0.0061369
-0.0085433
-0.0099234
-0.0088859
-0.0068171
0.0009081
-0.0032518
-0.0003679
0.0055014
-0.0068682
0.0028563
0.0048185
0.0055992
-0.0016173
0.0021963
-0.0025795
-0.0047703
0.0011309
0.008749
-0.0098369
0.0037997
-0.0074207
0.0091492
-0.0026182
0.0061679
-0.0053631
-0.0042039
-0.002124
0.0017165
-0.0031509
0.0010035
0.0069182
0.0074371
0.0005112
0.0043886
-0.0004903
0.0045548
0.0088088
-0.0058106
0.0028892
0.0083025
-0.0059566
0.0004262
-2.8e-6
-0.004338
0.0036956
-0.0007195
0.0049686
-0.00142
-0.000686
-0.0058371
-0.0009066
-0.0095003
0.0025735
0.003065
-0.0021351
0.0067756
0.0027532
-0.0091865
-0.0010854
-0.0048621
-0.0005715
-0.007963
0.0094783
0.0085189
-0.0097217
0.0034853
-0.0023879
-0.0003136
0.0019887
-0.0025733
0.0018161
-0.0011426
0.006703
-0.0083841
0.0054618
-0.0090525
-0.0049824
0.0078945
-0.0098217
-0.000635
-0.0011888
-0.0036869
-0.0025298
-0.0064866
0.0091128
-0.0047213
-0.0098946
-0.0089206
-0.0062021
0.0034166
0.000663
-0.0019272
-0.0045442
0.0029825
-0.0034641
-0.001493
0.0008075
-0.002866
0.0091803
0.0063511
0.008702
0.0095518
-0.0098938
0.0016397
-0.0006484
-0.0034727
0.0038161
0.0074073
0.0029274
0.0048507
0.0038023
0.0078605
-0.0005899
0.0077866
0.0093576
-0.0049534
0.0008256
-0.0099403
-0.0028781
-0.0079934
-0.0070481
0.0015106
0.0065021
-0.005016
0.0059258
-0.007199
0.001561
-0.0059666
0.0088736
-0.0056804
-0.0074563
0.0077128
-0.0013255
0.0094915
-0.0048181
-0.0095131
-0.0003825
-0.0069057
0.0010263
0.0099194
0.0086861
0.0023928
0.0096819
-0.0024719
0.0061807
-0.005188
-0.0023312
0.0093301
-0.0015119
0.0088732
-0.0018217
-0.0005192
-0.0059102
-0.0036111
-0.0077755
0.0018666
-0.0030342
-0.005098
0.0022889
-0.0052394
0.0063646
-0.0005669
0.0064591
0.0029641
0.0083858
0.001518
0.0021259
0.0006862
-0.0042146
-0.0054403
0.0031211
-0.0064942
0.0056944
0.0012173
0.0069874
0.0056974
0.0019306
0.0031038
-0.0096437
-0.0019466
-0.0031554
0.0076638
0.0027074
-0.0084398
0.005446
0.0062392
0.0026682
-0.0021986
-0.0049288
0.0008941
0.0091244
0.007729
-0.0019856
-0.0072689
0.0081655
-0.0066679
-0.006752
0.0013286
-0.0097228
-0.0062412
-0.0010959
-0.0001269
0.0048788
0.0018937
-0.0076538
-0.0074262
-0.0053309
-0.0032699
-0.0041814
-0.0070616
0.0051667
0.0044807
0.0065086
0.000391
0.0012731
0.008967
0.0040943
0.0096794
0.0069244
-0.0035661
-0.0005496
-0.003034
-0.0019447
0.0079006
0.0070158
-0.0013285
-0.0038216
0.0043226
-0.0018234
-0.0066753
-0.0020646
-0.001886
-0.0010743
0.009319
-0.0096522
0.005667
0.0075745
0.0071865
-0.004713
-0.0055858
0.0042131
0.0055602
0.0060433
0.0089256
0.0014918
-0.0063384
-0.0041574
0.0013115
-0.0078993
-0.0016078
-0.0064575
0.0085457
-0.0035578
-5.36e-5
0.00972
-0.0087414
0.0072193
0.0045318
-0.0019239
0.0031271
0.0082316
0.0092252
0.0053179
-0.0097018
-0.0038939
0.0072449
0.0082565
0.0041641
0.0053371
0.0065981
0.000184
-0.0050194
-0.0084852
0.0020517
-0.0046619
-0.0071215
0.0007924
0.0069463
0.0070775
0.0055945
0.0029017
0.0045676
0.0043137
-0.002725
0.001836
0.0083133
-0.0029423
0.0095181
0.0044286
0.0058834
0.0042649
0.0075392
0.0097702
0.0075172
-0.0066219
-0.0021854
0.0012543
-0.0077665
0.0011315
0.0081927
-0.0088599
0.0015281
-0.0019424
-0.0030201
-0.0008853
-0.0061534
-0.0098731
-0.0028445
-0.0040565
-0.0046706
0.0077458
-0.0061651
0.0022173
-0.0020905
-0.0055617
0.0006452
-0.0030825
0.000866
0.0022911
0.0045064
0.0052314
-0.0049652
-0.0069266
0.0058958
0.001324
-0.0085229
0.008744
0.0074654
0.0044438
-0.0060608
-0.0014213
0.0003199
0.0020835
0.0088281
0.0017867
-0.0011567
0.0010536
-0.0040401
0.0075111
-0.003385
-0.0071803
-0.0037703
-0.0089794
0.005745
-0.0017722
-0.0084761
0.0068385
0.006783
0.0041774
-0.0029235
-0.0025936
0.0025635
0.0038709
-0.0020718
-0.0037389
-0.0038727
0.0079888
0.0030347
-0.0025781
-0.0094826
0.0043625
-0.0021612
0.0019433
-0.0043569
-0.004216
0.0010913
-0.0034015
0.0032505
-0.0037985
-0.0066716
0.0048117
-0.0019169
0.0077269
0.0081622
-0.005532
-0.0084684
0.0043088
-0.008983
-0.0078133
-0.007207
-0.0028595
0.0020678
0.0066417
0.0093456
-0.0095568
0.0021528
0.0039187
-0.0015737
0.005314
-0.0040183
-0.0061499
