0.0093774
0.0050606
-0.0007333
0.0093175
-0.0004442
-0.0057731
0.0007021
-0.0088598
-0.0037239
-0.0088316
0.006386
-0.0021468
-0.0079858
0.0098126
-0.0097733
-0.0079817
0.005613
-0.0039646
0.0040156
0.0002989
-0.0071589
0.0062662
0.0058092
0.0071291
-0.0098298
-0.0065706
-0.0045148
-0.0016752
0.0004859
0.0006983
0.0006393
0.005232
-0.0062666
-0.0001987
0.0059348
-0.0006162
-0.0038735
-0.009727
0.0003743
-0.0087613
-0.0097299
-0.0080468
0.0018205
-0.0007207
-0.0048153
0.0071719
0.0063112
-0.0089033
-0.0072358
0.004292
-0.0018221
0.0090351
-0.0055362
0.0098721
-0.0024925
0.0097959
-0.0053078
-0.0073331
-0.0021228
0.0080013
0.0058217
0.0078581
-0.0084371
0.001469
-0.0017168
0.0062691
0.0094921
0.0090551
-0.0091151
0.0091702
0.008742
-0.0023091
0.0074276
0.0057578
-0.0019368
0.0011301
-0.0075811
0.0099959
0.0076111
-0.0009533
-0.0050588
-0.0025415
0.0021744
0.003273
-0.0066534
-0.0098178
-0.0045835
0.009621
0.007871
-0.0003453
-0.0076197
-0.005985
-0.0072645
0.0021704
0.0082326
-0.0033412
0.00856
-0.0036474
0.001524
0.0066374
-0.000264
0.0061929
-0.0016213
0.0033225
0.0095141
-0.0083751
0.0035491
0.0051683
0.0036436
0.0089654
0.0048259
0.0027423
0.0039738
-0.0001918
-0.0019625
0.0053813
0.0074541
0.0022877
-0.0024729
0.007267
0.0037568
0.0052909
0.0011361
-0.0078038
-0.0059429
-0.0035333
-0.0014797
-0.0067495
0.0059438
-0.0077556
-0.0003602
-0.0062913
0.0059197
0.0065305
0.0042354
0.0072305
-0.0060078
0.0091469
-0.0098493
0.0081345
0.004096
0.0008726
0.0008081
0.0014886
-0.0028363
-0.0083719
0.0010574
-0.0074206
0.0099043
0.0003778
0.0005229
0.0017795
-0.0052377
0.0004307
0.0068543
-0.006332
-0.0061914
0.0066605
-0.008773
0.0043424
-0.0058761
0.0031987
0.0014027
-0.0098294
0.0016593
0.0091608
0.0034091
-0.0013045
-2.77e-5
-0.0012059
-0.008805
0.0095392
-0.0022684
-0.009462
-0.008407
-0.0011803
0.0061964
0.0036762
-0.0096176
0.005661
-0.0082336
-0.0041964
-0.0059297
0.0069474
0.0011421
0.0006342
-0.0034562
0.0048195
0.0036969
0.0012642
-0.0048211
0.0036795
-0.0020566
0.002931
-0.0054616
-0.0030468
0.0082814
-0.001408
-0.0090821
0.0096914
-0.0063356
0.0058652
-0.0063951
0.0098583
-0.0054021
-0.0054131
0.0064573
0.0049375
-0.0053496
0.0008917
0.0008644
0.0071928
0.0041142
0.0040298
-0.0077236
0.0073608
-0.0003268
0.0019254
0.0094139
-0.0068157
-0.0078523
-0.0083203
0.0071293
-0.0023105
0.0045561
-0.0021051
-0.0055101
0.0011863
-0.0080829
0.0008547
-0.0066042
-0.0095459
-0.0013663
0.0084495
-0.0069923
-0.0076946
0.0042997
0.0029144
-0.0011409
0.0013475
-0.0032484
-0.0052158
0.0005064
0.00176
0.0036683
-0.0082409
0.0030424
0.0001483
-0.0038901
-0.0095705
0.0043436
-0.0010274
0.0055035
0.0073474
0.0030031
-0.0040363
0.0035252
0.0016041
-0.002519
-0.0021892
-0.0047831
-0.0098801
0.0013928
-0.0089524
-0.0016667
0.0004624
-0.0066621
-0.0073433
0.0008259
-0.0016884
-0.0030898
-0.005293
0.0055519
-0.0061847
0.0079739
-0.0060343
0.0077877
0.0015973
-0.0078094
-0.0061628
0.0067235
-0.0069447
0.00569
-0.0020921
0.0017272
0.0069165
0.0076095
-0.0034583
-0.0042538
0.0093269
-0.0017368
0.0067633
0.0003663
0.0063178
0.0053185
-0.0075059
-0.0097436
-0.0022156
-0.005451
-0.0043234
0.0043761
0.006318
0.0001219
0.0003425
0.0094052
0.0075078
-0.0038039
0.0043549
-0.0007886
0.0050245
-0.008862
0.0033952
-0.0007883
-0.0051158
-0.0068066
0.002112
0.0095603
-0.0035276
-0.0006739
-0.0040497
-0.0085972
0.0062343
0.0043044
-0.006425
5.06e-5
0.007667
-0.0054379
0.0010012
-0.0058713
-0.0089414
0.0037598
0.0038677
-0.0030712
0.0033127
-0.0037445
-0.0097383
0.0096128
0.0019855
0.0046203
-0.0001869
-0.0038774
-0.0036639
0.0012886
-0.004607
-0.0050317
0.0058728
0.0078975
0.0092983
-0.0063301
-0.0042184
-0.0063246
-0.0092669
0.0011006
0.0056792
-0.0083742
-0.005587
0.0029864
-0.0024018
-0.0023125
0.0080498
0.0063988
-0.0027738
-0.002724
-0.0035237
0.0032943
0.0098072
-0.0030245
-0.0046862
-0.008373
0.008485
-0.0003809
0.0052215
0.0045522
0.0060383
-0.0021838
-0.0016927
0.0011083
-4.19e-5
0.0023298
0.0072809
-9.5e-6
0.0069891
-0.0001994
-0.0061491
-0.0027093
0.0007655
0.0057157
0.0038775
0.0031468
0.00108
0.0080214
0.0042285
0.0084916
-0.001132
-0.0025029
-0.0025703
-0.0070894
0.0017877
-0.0079015
0.0035517
-0.0093957
-5.43e-5
0.0023584
0.0019948
-0.0007695
-0.0018608
-0.0036879
-0.0032924
0.0094764
0.0032507
0.0013388
-0.0072798
0.0025461
0.0056103
0.0059323
0.0038667
0.0051315
-0.0062148
-0.0053139
-0.0073672
-0.0094882
0.0031486
0.001519
-0.002312
0.0089029
-0.007675
0.0038429
0.0008411
0.0076415
0.0096048
-0.0033401
0.007502
0.0097809
0.0046536
0.0002343
-0.0073247
-0.0061578
-0.0003153
0.0070484
0.0033425
0.0089641
-0.0022707
-0.0090396
-0.002398
-0.0020365
-0.0067044
-0.0065313
-0.0047165
0.0082857
-0.0009191
-0.0066394
-0.0070731
-0.00106
-0.008045
-0.0064116
-0.0015987
0.0033452
0.0017966
0.0041404
0.0029035
0.0096567
0.0009164
-0.0051045
6.05e-5
0.0066736
0.0048604
-0.0023181
-7.54e-5
0.0029883
0.0018929
0.0095951
-0.0071019
0.0018275
-0.0071302
0.0047804
-0.0096712
0.0020796
0.0010101
-0.0094721
-0.0058037
-0.0084049
0.001441
-0.0020216
0.0055176
0.0047724
-0.0049121
0.0072293
0.0084168
-0.009863
-0.0059085
0.0003895
0.0042814
-0.0040149
-0.0092977
-0.0001517
