-0.001541
-0.0002465
0.0087142
0.0060105
1.13e-5
-0.0075235
0.0022996
0.0071785
-0.0082781
0.0005264
-0.004396
0.0031979
0.0091444
-0.0069187
-0.0074939
-0.0032946
-0.0027383
0.0076526
0.0033471
0.0074753
-0.0003151
0.000193
-0.0022081
-0.0080601
-0.0069007
-0.0024949
-0.0042966
-0.0059531
0.0017511
0.0029136
0.0003466
0.001905
0.0032472
-0.005863
0.0045932
0.0083478
0.0016475
-0.0041216
-0.0055565
0.0004596
-0.0058331
0.0069243
0.0041987
0.0066743
0.0085542
-0.0019624
0.0069411
0.0076304
0.0074479
0.0070449
-0.0028392
-0.0037741
0.0039331
0.0058977
0.0084521
-0.0086931
-0.0087654
-0.0079425
-0.0093316
0.0010393
-0.0057
0.0065562
-0.0056321
-0.0090265
-0.0086804
-0.0055628
-0.0051528
-0.0054145
-0.0037383
-0.0010055
0.0078722
0.0039805
-0.002128
0.0096545
0.009523
-0.0005934
0.0031605
0.0050246
-0.0031532
0.0012532
-0.0040651
0.0093699
-0.0086224
0.0063647
-0.0095616
-0.0089779
-0.0041904
-0.0055306
0.0010396
-0.0071913
0.0031222
-3.89e-5
-0.0046316
0.0085292
-0.0050758
-0.0028535
-0.0076928
0.0069408
0.0046953
-0.0086364
0.0073849
-0.0082031
-0.0083395
0.001092
-0.0032941
-0.0091617
0.0079734
-0.0017217
0.0041858
-0.0047821
-0.0057761
-0.0075472
0.0072827
0.0063371
0.009179
-0.0002957
-0.0088408
-0.0068082
-0.0063051
0.0053277
-0.0060251
-0.0021481
-0.0012885
2.27e-5
0.0029971
-0.0096731
0.0016825
0.0067657
-0.0025276
0.0058678
-0.0017611
0.0027787
0.0084634
0.0091712
0.0064097
0.0008608
-0.0072153
-2.51e-5
-0.0065515
-0.0062879
-0.0079771
0.0024648
-0.0015735
0.0056906
0.0039813
-0.0031423
-0.0054
0.0085393
-0.0085507
0.0064129
-0.0044099
-0.0015043
0.0082205
0.0071936
-0.0068317
0.0096467
0.0071756
0.0057538
0.0046315
0.0033531
0.0051467
0.009214
0.0059702
-0.0056285
0.0071638
0.0002116
-0.0005566
0.0089248
0.0003461
0.0021439
0.0064616
0.006023
0.0060491
0.0083651
-0.0054242
-0.0099562
0.0052332
-0.0001959
0.005789
0.0047336
-0.0011531
-0.0050441
0.0068571
0.0043211
-0.0021102
0.0056778
-0.0014424
0.0077319
0.0061475
-0.0006681
-0.0020862
0.0011827
-0.0035457
-0.0040305
0.0056882
-0.0061249
0.0085337
-0.0032705
-0.006681
0.0036038
-0.009299
-0.0032533
0.0025215
0.0035354
-0.0099463
0.0027907
-0.0006798
-0.0094174
-0.0078363
0.0088561
-0.0089863
-0.0002217
-0.003067
-0.000475
0.0034335
0.0024937
-0.0079675
0.0013711
-0.007732
-0.0084711
0.0002543
-0.0067014
-0.0071421
-0.0084638
0.0032552
0.000684
-0.0062558
0.007158
-0.0096893
-0.0049357
-0.0069254
-0.0015265
-0.0091808
0.0073279
-0.0077072
0.0092994
0.0048791
0.0074901
-0.0034955
0.0052326
-0.0087902
-0.0005033
0.0083566
-0.0098434
0.0003794
0.0036281
-0.0088803
0.0023193
-0.0005148
0.0069728
-0.0063049
0.0023028
0.0043278
-0.0088348
-0.0074941
-0.0007238
-0.0006712
-0.0025665
0.009053
0.0022291
0.0070862
-0.0068492
0.004034
-0.0050824
-0.0057463
-0.0057846
-0.0074398
0.000484
-0.0074789
0.0084299
6.1e-6
-0.0073797
0.007579
5.91e-5
-0.0013708
-0.0049781
-0.009625
0.0022088
0.0019192
0.0059804
-0.0091024
-0.0077049
0.0055916
0.0055153
-0.0051491
0.0084962
-0.0078961
-0.0095403
0.0036825
-0.0006894
-0.0002381
-0.0001624
-0.0015321
0.0022709
0.0089809
0.0055888
-0.0038291
0.004267
0.0088399
-0.0086953
0.0072273
-0.0070807
-0.001508
-0.0063152
-0.0069644
-0.0002729
0.0039976
0.0028338
-0.0070776
-0.0053011
-0.0091811
-0.0062352
0.000775
0.0069177
0.0083357
0.0007948
-0.0065234
-0.0076847
0.0005957
0.0084966
-0.0081118
-0.0028938
-0.0017918
-0.0046742
-0.0075477
-0.0094926
0.0037624
-0.002983
0.0004268
-0.0057748
0.0036669
0.0024839
-0.0045881
0.0026582
0.0094943
-0.0077284
-0.0046262
0.0058533
-0.002818
-0.001074
0.0066883
-0.0047888
0.0072585
-0.0064677
-0.0094636
0.0037436
0.008345
-0.0092472
-0.0081457
0.0093071
0.003879
-0.0076615
0.0006716
-0.0007502
-0.0044822
0.0062621
0.0069115
-0.0070761
-0.0021661
-0.0072808
-0.0061832
0.0096423
0.0008845
-0.0031744
0.0065429
-0.0030899
0.0001135
0.0014124
0.0070601
0.0007616
-0.0029277
0.006626
-0.0005528
0.0029986
-0.0061922
0.0003579
0.0026014
0.0024223
-0.0039925
-0.0079176
-0.0016978
-0.0022399
0.0055535
0.0063961
-0.0055611
0.009743
0.0040889
-0.0042699
-0.0093787
-0.0065588
0.0057574
0.0003673
-0.0033518
0.0023888
0.0033488
0.0096082
-0.0064521
0.0045418
-0.0077633
-0.0048571
0.0007745
0.0012096
0.0095805
-0.0089889
0.0032002
0.0025356
0.0002093
0.0017617
-0.0077677
-0.0087286
-0.0026256
-0.0064283
0.0073525
0.0024363
-0.0085208
0.0081302
-0.0087411
0.0097156
-0.0042579
0.0076358
0.005038
0.002938
0.0012185
0.0041266
0.0037968
0.0057096
0.0023892
0.0063198
0.0037163
0.0084315
0.0085382
-0.0012534
0.0088729
0.0016129
0.009309
0.009844
0.0054163
-0.0058378
-0.0031086
0.0015824
-0.0060183
0.0018012
-0.0019426
-0.001282
-0.0054987
0.0014071
0.0081117
0.0080833
-0.0079977
0.0071483
-0.0043836
0.0053492
-0.0044062
0.0078325
0.0052988
-0.0050494
0.0059149
-0.0004145
0.0053613
0.0041638
-0.006362
0.0020513
0.0046956
0.0010312
0.0088826
0.0081289
0.0081563
0.0040777
0.009097
0.0045331
0.0037531
-0.0079024
0.0033363
-0.0066085
0.0036551
0.0087667
-0.0068661
0.0003662
-0.0096013
0.0081097
0.0051619
0.0096283
-0.0062613
0.0078168
0.008205
0.0085307
0.0096638
-0.0047236
-0.0001228
-0.0010566
0.0034461
-0.0017689
0.0050862
0.0092362
-0.006173
