0.008333
0.0080062
-0.0050644
0.0089922
-0.0034244
-0.0068526
0.0042114
0.0063219
0.0066545
0.0003799
0.004437
-0.0025101
0.0089567
0.0009811
-0.0009825
0.0060677
-0.0049883
-0.0086121
0.0070837
0.0036669
0.0075715
-0.0031233
0.0098032
0.0042492
0.007849
-0.0044791
-0.0094115
0.0027091
0.0046755
-0.0037006
-0.0048418
0.0096153
0.0008169
0.0001177
0.0024582
0.007619
-0.0019307
-0.0004994
0.0059387
-0.0090914
-0.0060112
0.0072326
0.0005202
0.008852
-0.0097351
0.0061449
0.0057202
0.0025467
-0.0064869
-0.0092852
-0.0029164
0.0003389
0.009575
0.0049147
0.0093007
0.0080392
-0.0075884
-0.0078868
-0.0052609
-0.0033499
-0.0091986
-0.0046584
0.0072374
-0.0035544
0.0037104
-0.0039434
0.0095989
3.88e-5
-0.0057608
-0.0032067
0.0023705
0.00277
-0.0066127
-0.0093251
-0.0044113
0.0014684
0.0036485
0.0001159
0.0085314
-0.0070037
0.0084486
-0.0036247
0.002575
-0.0027608
0.0049953
-0.0052148
0.0083305
0.0099596
3.98e-5
-0.0072112
0.0091973
0.0030235
0.0052893
-0.0045265
-0.0016044
0.0060871
0.003211
0.006711
-0.0097188
0.0079194
-0.0054197
-0.0052669
-0.0082163
0.0054015
-0.0014221
0.0061038
0.0057458
-0.0061883
0.00462
0.0014815
0.0074122
-0.0018465
0.0099639
0.0028694
-0.0018309
0.0073231
-0.0020162
-0.0026477
0.0037234
0.0070707
-0.005593
0.0043681
-0.0028212
-0.0066663
-0.0054147
-0.0026009
0.0032311
0.0091086
-0.009114
-0.0013495
0.0019584
0.0013705
-0.0058389
-0.0035738
0.0003039
-0.0006792
-0.0084042
-0.0093351
0.0069588
0.0075436
-0.0034531
-0.0026611
0.0097103
-8.07e-5
-0.0069123
0.0050592
-0.0008178
-0.0001822
0.0043744
-0.003667
0.007816
-0.0025461
0.0070826
0.0014295
-0.008102
-0.0037247
-0.0010801
-0.0001671
0.002966
0.0082551
-0.0029964
-0.004207
-0.0018406
-0.0081548
0.0082777
0.0013581
-0.00316
-0.0058679
0.0063953
-0.0054248
0.0069096
-0.0018913
-0.0008281
-0.0074469
-0.0015625
0.0077672
-0.0029764
-0.0015128
0.0043113
-0.0063736
-0.003559
-0.001484
-0.008578
0.0048446
0.0068833
0.0028012
-0.0022477
0.000318
0.0022268
-0.0075082
-0.0081255
0.0070968
0.0039042
0.0019066
-0.0078639
-0.0041162
0.0076302
0.0045381
-0.0028698
-0.0073188
-0.0034507
0.0054054
-0.0016046
0.0042985
0.0003237
0.0033099
-0.0082115
-0.0017319
0.0082156
-0.0095931
-0.0061478
0.0048667
-0.0073147
-0.0082927
0.0032171
0.0067449
8.14e-5
0.0080327
0.0064035
-0.0060904
0.0005985
0.0043491
-0.0030497
-0.006973
-2.91e-5
-0.0054104
0.0099136
0.0059044
-0.0078992
-0.0019666
0.008763
0.0036935
-0.0056932
-0.0078309
-0.0060604
-0.0075823
0.0031462
0.0086715
0.0040684
-0.0069449
-0.0026749
0.0039312
-8.76e-5
0.0029104
-0.001829
0.0075619
-0.0004777
-0.0082041
-0.0067754
0.0051059
0.0003279
-0.0061731
-0.0099129
-0.0037379
-0.00051
0.0006269
0.0006182
-0.0027049
0.0075687
0.0082805
-0.0028471
-0.0011938
0.0046133
-0.0055045
0.0088255
-0.0039918
-0.0071059
-0.0048196
0.0029281
-0.0032512
-0.0076128
-0.0056568
-0.0008921
0.0051944
-0.003677
-0.0092304
0.0006994
-0.0059459
0.0075612
0.0051244
0.0057536
0.0077886
0.003857
0.0041477
-0.0091801
0.006852
-0.0057065
-0.0040193
-0.0072392
1.03e-5
0.0014519
0.003754
-0.0011516
0.0036868
0.0059278
0.0070797
0.0016556
0.0091109
-0.0030987
-4.33e-5
0.005518
0.0047563
0.0011422
0.0090006
-0.0050796
-0.003155
0.0015316
0.0036794
0.006394
0.00539
-0.0020768
-0.0012378
0.0055665
-0.0003918
5.88e-5
0.0098944
0.0093719
-0.0092732
-0.0033809
0.0051251
0.0028899
0.001282
0.0081994
0.0012752
-0.0040251
-0.0055992
0.0050696
-0.008672
0.0044613
-0.0034614
0.0001743
0.0087642
-0.0050061
-0.0024703
-0.002315
0.0048179
0.0082693
-0.0003037
0.0088077
0.0011194
0.0097806
0.007761
-0.0031141
0.003885
-0.0088947
-0.0048405
0.0078949
0.0055947
-0.0062649
-0.0026411
0.0052944
0.0066548
0.0081569
0.0086168
0.0053632
-0.0003884
-0.0086534
-0.0098398
0.0037412
0.0067223
-0.005115
0.0063118
-0.0046714
0.003549
-0.003797
-0.002284
-0.0015908
-0.0086299
0.0049697
-0.0058535
-0.0018901
-0.0096058
0.0098515
-0.0041182
-0.0048036
-0.0082006
-0.0050954
0.0093824
0.0023812
0.0046028
-0.0014935
-0.0048649
0.0023826
-0.0072441
-0.005034
0.0080041
0.0015991
-0.0038562
0.0078808
-0.0035258
0.0021498
-0.0074032
-0.0034317
0.0019168
0.0022379
0.0022793
-0.0021367
-0.0030533
0.0016914
0.0048245
-0.0042329
-0.0065796
-0.0017454
-0.0002213
-0.0054422
0.0086815
-0.0067933
-0.0021101
0.0032923
-0.0050669
0.0055894
-0.0023818
0.009183
0.0013048
-0.0087238
0.0022405
-0.0047487
0.0048452
0.0027602
-0.0085975
-0.0073092
-0.0058898
0.0042163
-0.0004763
0.0028513
-0.0077958
0.003755
0.0083161
-0.0003658
-0.0043665
0.0094201
0.0007099
-0.003485
-0.0016088
-0.0014163
0.0034051
-5.15e-5
0.0023244
6.15e-5
0.0039433
0.0031622
0.0061165
0.0009083
0.0054182
0.0051163
-0.0069384
0.00514
-0.0083157
0.0091743
-0.0062101
-0.0098185
0.0077703
-0.0085307
-0.0073221
0.008487
-0.0092565
-0.0027012
-0.0037393
-0.0055984
0.0024869
-0.0057194
-0.0041392
0.0055966
-0.0028216
-0.0079261
-0.0080826
0.0047516
-9.22e-5
0.0068717
0.0055449
-0.0090768
0.0049284
-0.0085563
0.0049467
0.0078314
0.0075459
0.0021437
0.0012737
-0.0096424
-0.0069571
0.0005566
-0.0019357
0.0041944
0.0031335
-0.0050751
-0.007247
0.0027135
0.0064111
0.007108
0.0046647
0.0067625
0.0090404
0.0088945
-0.0046657
0.0059411
