0.0088378
-0.0031126
-0.0063986
0.0063688
0.0054509
-0.0092624
-0.0062253
0.0001106
-0.0033232
0.005785
0.0037962
0.0059167
-0.0007636
0.0045959
0.0079906
-0.0066362
-0.0005087
-0.0033696
-0.0087817
-0.0057152
-0.0020853
-0.004011
0.0040771
-0.0033923
-0.0062759
0.0005464
0.0057615
0.0012412
0.0002096
0.0056026
0.0055659
0.0006996
0.0006338
-0.0010854
0.0063341
0.0094861
0.0034366
0.0011581
0.0060829
0.0040338
-0.0071927
-0.0050594
0.0024494
-0.0017479
0.0093018
-0.0092767
0.0051313
0.0027555
-0.0044668
0.0048154
0.0091208
0.0079625
0.0095463
0.0054015
0.0067414
-0.0047578
0.0016627
0.0078783
0.0095814
0.0053806
0.0008199
0.0099001
0.0021481
-0.0024925
-0.0032886
0.0014777
0.0033876
0.0052714
-0.0087794
-0.0056745
0.0098161
-0.0053318
-0.0053373
0.0066241
0.0004155
0.0015109
0.008013
0.0057594
-0.0079087
0.0037511
0.0061998
-0.0029743
-0.0096094
0.0086247
-0.0028366
0.0049652
0.0096628
-0.0036856
0.0069984
0.0005416
-0.007629
-0.0092298
0.0038183
-0.0052646
0.0033364
0.0015845
-0.0080012
-0.002202
0.0002967
0.0033268
0.0029502
-0.0083571
0.0053901
-0.0023061
0.007516
0.0064347
-0.0061019
-0.0003149
0.0040041
-0.0052114
0.004243
0.0064812
-0.0025931
0.0012623
0.0004638
0.0029955
0.0068574
-0.0036206
0.0006802
0.0063964
0.0040594
-6.41e-5
0.0037593
0.0013318
0.0059576
0.0069005
-0.0036282
0.0001242
0.0084808
-0.0006326
0.0035534
0.0089377
-0.0092609
0.0014313
-0.0067353
0.0069645
-0.004091
-0.0028163
0.0088372
-0.0047132
0.0086894
0.0061312
-0.0098596
-0.0066599
-0.0090379
-0.0035372
0.0069613
0.0048295
-0.00596
-0.0084295
-0.0029496
-0.007053
0.0078146
0.0035845
0.0061736
0.0060518
0.0079307
0.0070869
0.008557
0.0008422
-0.0092323
0.0036079
-0.0029056
-0.008491
0.0057834
-0.0083059
-0.0024657
0.0061795
0.0026825
0.0086007
0.0047674
-0.0072494
0.000434
-0.0065563
0.0033015
-0.0037538
-0.009235
0.0018738
0.0056965
-0.0022014
-0.007942
-0.0087836
-0.0045717
0.0089659
-0.0026297
0.000704
-0.0082671
-0.0083427
-0.004842
-0.0048051
-0.0073182
-0.0076187
-0.0096053
-0.0010861
-0.003012
0.0089673
-0.0075545
0.0054962
-0.0048851
0.0003673
0.0059988
0.0047192
-0.0069571
-0.001701
-0.0028178
0.0044506
0.0067305
-0.0095861
0.0075149
-0.0095029
0.003878
0.009324
0.0061632
-0.0035707
0.0031557
-0.0076285
0.0077142
-0.0040817
0.0016392
0.0076945
-0.0083807
0.0048736
-0.0088364
-0.0008178
-0.0051953
-0.0088381
-0.0031706
-0.0013805
-0.0050881
-0.0023269
0.0073638
-0.0005043
0.0026811
0.000906
0.0005961
2.89e-5
-0.0064758
-0.0039719
-0.0030599
-3.92e-5
-0.0087448
-0.0090333
-0.0071924
0.0042921
0.0039097
0.0020355
-0.0068673
0.0072376
-0.0038033
0.0022859
-0.002104
-0.0041461
-0.005594
0.0052373
0.0051288
0.0087626
-0.0031936
-0.0021285
0.0053553
0.0025866
-0.0011902
0.002029
0.0062101
-0.0099171
-0.0065925
0.0073776
-0.0091518
-0.0046079
-0.0067779
-0.005933
0.001077
-0.0090457
-0.0021021
0.0087466
-0.0051977
0.0047025
0.0056526
-0.009673
0.0033342
0.007837
-0.0083129
-0.0075901
0.0028215
-0.0025575
-0.007933
-0.0065726
0.003587
0.006391
0.0098674
-0.0041581
0.0047624
0.0094669
0.0095668
-0.0076547
-0.0069206
0.0029351
-0.0024542
0.0042652
-0.0084386
0.0006957
0.0080266
-0.0031738
-0.0026868
-0.0092173
0.0004998
0.0089916
-0.0003966
0.0049136
0.0061332
0.0073769
-0.0090537
-0.0026192
0.0011771
-4.23e-5
-0.0025838
0.0052895
-0.0043548
0.0019042
0.0003728
-0.0060753
0.0047235
-0.0095645
-0.0092888
-0.0059768
-0.0061064
0.0043526
-0.0033943
0.0087541
0.0004679
0.0011502
-0.0085009
0.0016588
0.009882
0.0013665
0.0009863
0.0097284
0.0006638
-0.0098452
-0.0090747
0.0010488
-0.0074566
0.0018199
-0.0090492
-0.0067005
-0.0082319
-0.0057986
-0.003391
-0.0083645
-0.0085469
-0.0015326
-0.0091705
0.0003651
0.0085732
-0.0090169
-0.0085548
0.001993
-0.0078986
-0.0045445
-0.0086137
-0.0090629
0.0004061
-0.0017739
-0.0022442
0.0087711
-0.0070337
0.0059104
-0.0008291
0.0034046
0.0058745
0.0064796
-0.0061461
-0.0077538
-0.0036178
-0.0090781
-0.0088196
0.0009066
-0.0041629
-0.0091494
0.003196
-0.0039959
-0.0006049
-0.0068681
0.0047136
0.0047878
-0.0055937
0.0032686
0.0013311
0.0080114
0.0073303
0.0078428
-0.0081676
-0.0003013
-0.004442
0.0097334
-0.0083702
-0.0072605
0.0065693
0.0085734
-0.0023904
-0.0083616
0.0059517
-0.0022668
-0.0020211
-0.0017828
0.0041472
-0.0014027
-0.0078512
0.0043674
0.0020309
0.0026224
-0.001782
0.0031831
0.0082605
-0.0016295
-0.0071096
0.0027018
0.0053051
0.0038696
0.0071271
-0.0085725
0.0048561
-0.0096408
0.001674
-0.0094837
-0.0042492
0.0030493
-0.0056174
0.0075302
-0.0072436
0.0048178
0.0097581
0.0044986
-0.0072077
-0.0006576
0.0097638
-0.0019373
0.0073279
-0.0024833
0.0009733
-0.0065392
0.009615
0.0036169
-0.0050841
0.0004706
-0.0036935
-0.0071998
-0.0023841
0.0036835
-0.0001533
-0.0089778
0.0007876
0.0098971
-0.0039568
0.0067654
0.0057095
-0.0089215
-0.0002998
-0.0098303
-0.0069254
0.0023826
0.0056201
-0.000881
0.0035914
0.0073564
0.0044124
-0.0082483
0.0026208
-0.0064929
-0.0051541
0.0010073
-0.0022635
0.0074689
-0.0027608
0.0032814
0.0083743
0.0078391
-0.0060162
-0.0007505
3.88e-5
0.0050624
-0.0070022
0.0071881
0.0039981
0.0054194
0.001192
0.0057252
0.0089588
-0.0087328
0.007654
-0.0016994
-0.0029761
0.0064107
-0.0062677
0.0011579
0.0006543
