0.0034347
0.008259
-0.0084357
0.0029637
-0.0002712
0.0055579
-0.0012307
-0.0049701
0.0045699
-0.0056484
-0.0024826
0.0071599
0.0079378
0.0082428
-0.0061017
-0.0046926
0.0077658
0.0011895
0.0094405
-0.0011139
-0.0079675
-0.0090396
-0.0045644
-0.0099535
-0.007852
-0.0078939
7.28e-5
-0.0095464
0.0001643
0.0042102
-0.0022248
-0.0064326
-0.0077959
-0.0016399
-0.0073896
0.0052953
-0.0014832
0.0040729
-0.0044548
-0.0071876
0.0051283
-0.0031027
-0.0039074
0.0041458
-0.0006567
-0.0032943
0.0089887
0.0004029
-0.0027011
-0.0099463
-0.003009
-0.0013992
-0.0001672
-0.0051341
-0.0009224
-0.0007558
0.0073542
0.009938
-0.0054681
0.0091823
-0.0048906
-0.0016948
-0.0004025
9.86e-5
-0.0088791
-0.0073966
-0.0086948
0.003027
-0.0061077
-0.0049349
0.0091683
-0.0064075
-0.0089808
-0.0021613
0.0055169
0.0016542
0.0052457
0.0082503
-0.0072665
0.0065235
-0.0020248
0.0047287
-0.0059319
-0.0084172
-0.0083277
-0.008295
-0.0001996
-0.0013842
0.0043255
0.0020329
0.0029148
0.002603
-0.009546
0.0034918
0.0088959
0.0010235
0.001252
0.0056588
-0.0075677
0.0087019
0.0080435
0.0023237
0.009839
0.0010819
0.0013289
-0.0094185
0.0043776
-0.0077075
0.0003271
-0.0069785
-0.0054192
-0.00018
-0.0056883
-0.0080236
-0.0030115
0.0003987
0.0088924
-0.0041064
-0.0066762
-0.0028631
0.0049029
-0.0046511
0.0015255
-0.0036471
-0.0094269
-0.0034154
-0.0063574
0.0022709
0.0096787
0.0091186
0.0004604
-0.0028125
-0.005231
-0.006296
0.0065842
0.0011751
0.0039625
0.0084541
0.0015061
0.0049682
0.0049315
-2.25e-5
-0.0037037
-0.0024959
-0.003923
0.0080481
0.0039225
0.0064624
-0.0087877
-0.0003023
-0.0020816
-0.0033054
0.0006439
-0.0013476
0.003508
0.0035474
0.0017577
0.0081076
-0.0027198
0.0080369
-0.0039393
0.0034983
0.0036878
-0.0074182
0.0091751
-0.0012925
0.0004613
-0.0087717
0.0003412
-0.0048772
0.0013666
0.0098921
0.0009473
-0.0029692
-0.0071538
-0.0090046
0.0046252
-0.0045657
-0.0031905
-0.0046828
0.0045525
0.0022839
-0.000963
0.0007667
0.0074311
-0.002027
0.0016723
0.0043348
0.0094683
0.0012376
0.0051354
-0.0092529
-0.0039732
-0.0057536
0.0068583
0.0013608
-0.0068674
0.0086773
0.005141
-0.006542
0.003563
0.003812
0.0037895
0.0031793
-0.0036086
-0.0078414
2.03e-5
0.0008906
0.0068949
0.0065618
-0.0029388
0.0014025
-0.0086331
-0.0053637
-0.0089912
-0.0088156
-0.004277
-0.0091931
0.0008136
-0.0063281
-0.0017396
-0.007431
-0.0084965
0.0020496
0.0048854
1.07e-5
0.003844
0.0005675
-0.0024875
-0.0086387
-0.0081729
0.0069292
-0.0037234
-0.0094634
0.0049173
0.0076874
0.0017897
0.0062147
-0.0074397
-0.001005
-0.0072241
-0.0073334
-0.0021979
0.0041776
0.0063368
0.0099829
0.0023051
-0.0086738
0.0042441
-0.0068007
0.0039242
0.0033676
0.0068798
-0.0052589
0.0079603
-0.004071
0.0020452
0.0005935
-0.0002953
0.0091914
0.0075907
0.0046511
0.0088093
-0.005946
0.0009831
0.0001861
0.004238
-0.0069382
-0.0092965
0.0095656
0.0054434
-0.0056523
-0.0090141
-0.0027012
-0.002342
0.0029301
-0.009879
0.0093317
-0.0075128
0.0074055
0.0056272
-0.0030148
0.0021987
-0.0066369
0.0030337
-0.0076831
0.0056358
-0.0070318
-0.0051671
-0.0018779
0.0069362
-0.0054141
0.0094102
0.008522
-0.0053891
-0.0051617
0.0056446
-0.0070117
-0.0080788
-0.0019046
0.00443
-0.0058065
0.0040344
-0.0002213
-0.0078443
0.0053267
-0.002335
0.0012626
0.006699
-0.0085913
-3.94e-5
0.0018853
-0.0079068
0.0068081
0.0050389
0.0031823
-0.0054383
-0.0033777
0.0045921
-0.009017
-0.0016349
-0.0038643
0.0082081
0.0057205
0.0080696
-5.29e-5
0.0057718
0.0051307
-0.0084862
-0.0056526
0.0010649
-0.0027632
-0.0090317
0.0073733
0.001669
-0.0019114
0.0059401
-8.1e-5
-0.0077351
-0.009476
-0.0066104
0.0061449
-0.0028097
-0.0034057
0.0004893
-0.0057535
-0.0011754
0.0050031
0.0042458
-0.0021401
-1.9e-5
-0.005673
-0.0037266
-0.0099046
0.0083938
0.0049686
-0.0023551
-0.007125
-0.0074013
0.0041817
-0.0097599
-0.0037272
1.3e-5
0.0051221
-0.0095719
0.0053202
-0.006603
0.0003962
-0.0048507
0.0003123
0.0044847
-0.0075401
0.0068455
-0.0022799
0.0076871
0.0012962
0.0018962
-0.0021889
0.0060524
-0.0005578
0.0057977
-0.0082133
-0.0056404
-0.0050361
-0.0086084
-0.0099455
0.0011435
-0.0083393
-0.0053102
-0.008507
-0.0058539
0.0013645
-6.7e-5
0.0075923
-0.0045379
0.0048823
-0.001822
-0.000933
-0.002412
0.0006684
0.0019276
-0.0015361
-0.0021446
-0.0004983
0.0062668
0.0047972
0.0096242
-0.0025485
0.0097512
-0.0043829
0.0087982
-0.0056344
-0.0059547
-0.0005178
-0.0043162
-0.0074136
-0.0027873
-0.0036837
-0.0021171
0.0026253
-0.0080493
0.0048854
-0.0003034
0.0091852
0.0080436
-0.0033305
-0.0062636
-0.0054962
-0.0066856
-0.0099792
-0.0015179
0.0048985
-0.0090374
0.0024744
0.0004799
0.0054378
0.0047465
9.1e-6
-0.0046911
-0.004693
-0.0006069
-0.0077845
0.0040876
0.0034586
-0.0077908
-0.0007121
-0.0050202
0.0091259
-0.0032354
-0.0012284
-0.0018872
0.0093906
0.0026493
-0.0088941
-0.0076645
-0.0013968
-0.0010222
-0.0019853
0.0003787
0.0075143
-0.0002702
0.0075441
-0.0049801
-0.0068488
-0.0026187
0.0037095
-0.0086773
0.0037483
0.0083789
0.0051364
0.0028605
0.0040376
0.0052536
-0.0083475
-0.0053667
0.0024632
-0.0067604
0.0029383
0.0060519
-0.0098107
0.0068149
-0.0015829
-0.0093542
0.0001146
-0.0038634
0.009133
-0.000894
-0.004053
0.0045084
0.0090589
-0.0030644
-0.0014233
-0.0035947
0.0091991
0.0062264
