-0.0054232
-0.0067963
-0.0090949
-0.0063519
0.0002172
0.0097063
0.0055259
-0.0015364
-0.0001167
0.0043056
-0.002662
-0.002983
-0.0005031
-0.0006228
0.0025752
-0.0022147
-0.0078482
0.0054826
0.0060055
0.0021683
0.0025263
0.0007058
0.0021321
-0.0040462
-0.0040326
0.0024617
0.0072411
-0.0097126
-0.004176
-0.0090735
-0.0042024
-0.0057716
0.0072418
-0.0035183
8.84e-5
0.0060151
0.0038011
-0.0021567
0.0081439
-0.0094757
-0.0024046
-0.0095232
-0.0015527
0.0061013
-0.0058401
-0.0076015
-0.0070917
-0.0009778
-0.0087926
0.0047084
0.0048007
-0.0037127
0.0072437
0.0040692
-0.0060185
0.0021726
-0.0019038
-0.0015618
0.0094646
-0.0039137
0.0083977
0.0044911
-0.0005124
-0.0067323
-0.0095624
0.0023961
0.0045539
-0.0082696
-0.0023778
0.0024258
0.0002659
-0.0042433
0.0061579
0.0088041
0.0098868
0.001753
-0.0054772
0.008535
0.0003398
0.0016317
-0.0061554
0.009199
-0.0008673
-0.0041705
-0.004896
-0.0074183
0.0091541
-0.0084892
-0.0081783
-0.0058215
-0.0087231
0.0041388
0.0005712
0.0020758
0.0026825
0.0058687
0.0081884
0.0092436
-0.0008207
-0.0074735
0.0063592
-0.0071621
0.0068002
0.0074702
0.0061318
0.0025755
0.0075454
-0.0039534
0.0065524
-2.37e-5
-0.0052107
-0.007299
-0.0016203
0.0041813
0.0043275
0.0002893
0.0066103
0.0055903
0.0028894
0.0038232
0.0062229
0.0042665
-0.0054743
0.0006581
-0.000173
-0.0062296
0.0053819
-0.0099479
-0.007325
-0.0029454
-0.0045908
-0.0047723
0.0028461
0.002895
-0.0052317
0.0053668
0.0073528
0.0024438
0.0007354
0.0055562
-0.0072223
-0.0079318
-0.0087949
-0.0085031
-0.0045834
0.0071175
0.0076654
0.0069282
-0.0065959
0.0015471
0.0060518
-0.0006156
0.0084029
-0.0093057
-0.0008577
0.0036765
-0.0081332
-0.0046302
0.0006724
0.008099
0.0010546
0.0039716
-0.0011443
-0.0025518
0.0044671
-0.0040988
0.0011345
0.0015763
-0.0090527
-0.0038555
0.0099888
-0.003982
-0.0078393
-0.0009386
-0.0034711
0.0044701
0.0051476
0.0050614
-0.0026815
0.0060679
0.0063279
0.003125
0.005082
0.0002367
-0.0089409
0.0040718
-0.005348
0.0022838
-0.0028536
-0.0091152
0.0041725
0.0045059
0.0094518
0.006917
0.0020658
-0.0027193
0.0038289
0.0091034
-0.0007943
0.0048916
-0.0011291
0.0064092
-0.0021637
-0.0044683
-0.005136
-0.0092567
-0.0042935
-0.0062943
-0.0014892
-0.0069646
-0.0042061
0.007078
0.0013789
-0.0013235
-0.0079119
-0.0041264
-0.0008939
-0.0047876
0.0094426
0.0016536
0.0048649
-0.0099939
0.003135
0.0033688
0.0099797
0.0085542
-0.0006032
0.0020674
-0.0063058
-0.002813
-0.0089942
-0.0022547
0.0048398
-0.0082932
-0.0068766
0.0025571
-0.0026922
0.0008356
0.0032191
0.007308
-0.0010257
0.0044698
0.0077118
0.0057522
0.0048765
-0.0040099
-0.0061106
0.009202
0.0087242
0.0010712
0.0023451
0.0018117
-0.0032624
0.0067393
0.0039065
0.0054748
-0.0041236
-0.009589
0.0011818
-0.0028678
-0.0036711
0.0032642
0.009867
0.0078759
0.0089845
-0.0055781
0.0052372
-0.0058592
-0.0085961
-0.0003775
-0.0036586
0.0095494
-0.0083711
-0.0054641
0.000252
0.0034078
0.0020895
0.0077391
0.0086258
-0.0006521
-0.005147
0.0009535
-0.0036037
-0.0066627
-0.0041155
-0.0092655
-0.0023676
0.0058604
-0.0022805
0.0072126
0.0038071
0.0089539
0.0073256
0.0097547
0.0062829
0.0017165
0.0069227
0.0054561
-0.0034664
-0.0042471
0.0086811
-0.0014237
0.0082583
-0.0036573
0.0062756
-0.0074343
-0.0002567
0.0078848
-0.0096899
-0.0055281
0.003887
-0.0014115
-0.0079902
-0.004781
-0.0085849
-0.0035985
-0.0074095
-0.0083607
0.0072863
0.0090946
0.0014905
-0.009477
0.0011076
0.0053637
-0.0003149
0.0014807
-0.0058366
0.0004122
0.0018309
0.0002531
-0.0093891
0.0080501
-0.0035307
0.0021475
-0.0028302
0.0063101
0.0092157
0.008205
-0.0018125
-0.0015248
-0.0092155
-0.0007461
0.006189
-0.0047989
0.0026955
1.48e-5
-0.0086323
0.0075118
0.0084621
0.0083396
-0.0040631
0.0069835
0.0019233
-0.0036666
0.0025033
-0.0086812
-0.0090028
0.0074543
0.0069277
0.0030389
0.0065519
-0.0057735
-0.0026767
-0.0081118
0.0085829
-0.0053214
0.0046066
-0.0042733
-0.0041789
-0.0089723
-0.0065734
0.0035597
0.006612
0.0060001
-0.0095021
0.0034669
-0.0001646
0.0041611
-0.001145
0.0076921
0.0005418
-0.0043171
0.0027045
-0.0042688
0.0092671
-0.009632
0.0008669
-0.0089377
0.0001932
-0.0048654
0.0076593
0.0087613
-0.0093525
-0.0078424
-0.0007558
-0.0016034
-0.0048322
0.006526
-0.0057812
0.0033753
0.0022899
0.0027775
0.0058067
-0.0062162
-0.0051644
0.0004611
0.0026642
0.0096743
0.0046077
-0.0029536
-0.005257
0.0075988
0.0070381
0.0057864
-0.0039184
-0.0072924
0.003945
0.009031
-0.007027
0.00912
-0.0081301
-0.0002394
0.0006011
-0.0024068
0.0076257
0.0028558
0.0079745
0.0082861
0.0040886
0.0070977
0.0024418
-0.0035279
0.0032764
-0.0040271
-0.0074032
-0.0078606
0.0088608
-0.0075848
-0.0067047
-0.0091624
0.0026523
-0.008355
-0.0009209
0.0033266
0.0067489
0.0043335
0.0034198
-0.0032846
-0.0033672
-0.0042628
-0.008334
-0.0012555
0.0091541
0.0069577
-0.0050062
-0.0028069
-0.0080054
-0.0059471
0.0066098
-4.6e-5
-0.0083329
0.0009811
0.0077588
0.0063739
-0.0069542
-0.0009656
0.0012035
0.0099815
0.0067535
-0.009156
-0.0040422
4.3e-6
0.0060541
-0.0010285
0.0087065
0.005054
0.0094563
0.0079762
-0.0025202
-0.0062176
0.0032068
-0.0049744
0.0024671
-0.0016796
0.0068579
-0.0078995
-0.0059405
-0.0081744
-0.0002542
-0.0039543
0.0007844
-0.0051813
-0.0044375
0.0040233
0.0091046
