0.000962
0.0061427
0.0077483
0.0093398
0.0061147
0.0008852
0.0045806
-0.0092773
-0.000816
-0.0097431
-0.0036082
0.0075783
0.0083811
0.0096429
0.0025898
-0.0005114
0.0008884
-0.009082
0.0079864
-0.0078362
-0.0010727
0.0063443
-0.0026742
-0.0053629
0.0092957
-0.0014476
-0.0090142
-0.0081692
-0.0015322
-0.0093593
0.0082434
-0.0034723
-0.002174
-0.0070901
0.0007723
-0.0028069
0.0080807
-0.0004341
-0.0070735
-0.0040238
-0.0033253
0.0022426
-0.0017682
0.001286
0.0095393
-0.0023691
0.0032906
-0.008455
-0.0002447
0.0002043
0.0011442
0.0088144
0.0039935
0.0055215
0.0051305
0.0024435
0.0028801
0.0094199
0.0020648
0.0016102
-0.0065521
-0.0056516
-0.0076839
0.0065941
-0.0016984
0.0087908
0.0025845
0.0043431
-0.0052832
0.0011293
-0.0017685
-0.0061713
-0.0034003
0.007588
-0.0062674
-0.0003713
0.003227
-0.003085
0.0086951
-0.0037961
-0.0038999
0.0091201
0.0084445
0.0094603
0.0047578
-0.0067109
0.0081904
0.0040898
-0.0083046
0.0055639
-0.0053433
0.0049203
-0.0092912
-0.0077085
0.0090439
0.0021933
-0.0072268
-0.0047036
0.0091138
0.0034439
-0.004586
0.0058173
0.0060738
-0.0098221
0.0061398
0.0042181
0.0030073
0.0082394
0.0032908
0.0032056
0.0090553
0.0034026
0.0033956
0.0084584
-0.0071247
0.0090297
-0.0079462
-0.005729
-0.0049004
-0.0020614
-0.0003304
0.0039526
0.0020899
0.0086325
0.0051407
-0.0090762
-0.0014509
-0.0028416
0.0038554
-0.0037223
-0.0027046
-0.0082108
-0.0055098
0.0099823
0.0072307
0.0066086
-0.0009239
-0.0041691
0.0030422
-0.0034074
0.0034567
-0.0007244
0.0020759
0.0051261
-0.0042015
-0.0089734
-0.0001601
-0.0083751
0.0057575
0.0058278
0.0028901
0.0086286
0.0041443
-0.0065925
-0.0041121
-0.0098918
-0.008338
0.0072146
-0.0092426
-0.0023638
0.0063956
-0.0017555
0.0099366
-0.0055989
-0.0010385
0.0026554
-0.008725
0.0099441
0.0025802
-0.0092569
-3.81e-5
0.0037453
0.0010796
0.0072202
-0.0060976
-0.0079421
-0.0096321
0.0034664
-0.0008717
-0.0003589
-0.0068543
0.0069104
-0.0035278
-0.0052039
-0.0051352
-0.002364
0.0015546
0.0037504
0.0037648
-0.0005856
-0.0095417
-0.0094686
-0.0079625
-0.0075903
0.0064372
-0.0046306
0.0083166
0.0084652
0.0012704
0.0026038
-0.000501
-0.0080797
-0.007398
-0.0007755
-0.0025777
-0.0059275
0.0054966
-0.0002633
0.0079835
-0.000697
-0.0032117
-0.0024608
0.0087274
0.0024384
0.0019547
-0.007666
-0.0089751
0.0039746
-0.0073307
0.0095339
0.0076853
0.0007601
-0.0009928
-0.008791
0.0087037
0.0023579
0.0007485
-0.0080776
0.0086636
-0.0006039
-0.0080219
-0.0043327
0.0095474
-0.0046601
-0.0006252
-0.000821
0.0035232
0.0001626
0.0046993
-0.0088808
0.0019911
-0.0048398
-0.0077063
-0.0038742
-0.0039905
0.0001746
-0.0073304
0.0055716
-0.0033566
0.0094566
-0.0022163
-0.0027095
0.0064931
0.0092579
0.0043573
-0.0066656
-0.0076558
-0.0010502
0.0056591
-0.0091867
-0.0031092
-0.0079947
0.0041288
-0.0045188
-0.0076195
-0.0027894
-0.0040602
-0.0059277
-0.0054031
-0.0005626
-0.0099299
-0.0062108
-0.000198
0.004937
0.0098353
0.0064789
-0.0097244
0.0069737
0.0069879
-0.0013969
-0.0074628
0.0048589
0.0077199
0.0008123
-0.0074757
-0.0013741
-0.0056271
0.0046639
0.0030985
-0.0091881
0.0077674
0.0034348
-0.0030128
0.0027881
-0.0073826
0.0090387
-0.0021718
-0.0033231
0.0045284
-0.0077848
-0.0090458
0.0095636
-0.0010014
-0.0038185
0.0014902
-0.0040524
0.0079131
0.0044651
0.00883
-0.0074803
-0.0084007
0.0011468
-0.0060204
0.0034657
0.0016022
0.0080956
-0.0073185
0.0094051
-0.0046079
0.0009005
0.0031454
0.0047475
-0.0054674
-0.0036141
-0.0082379
0.0004906
-0.0039349
-0.0006375
0.0001972
0.0057784
0.0054282
-8.3e-5
-0.0076082
0.0027671
0.0095996
-0.007265
-0.0023244
-0.0016164
-0.0058946
-0.0092292
0.0025525
-0.0068822
0.0006554
0.0024665
0.0057556
-0.0058403
0.0070308
0.0080712
0.0072521
0.0068151
-0.0002116
-0.0037528
0.0043656
0.0060554
0.0092758
-0.0081792
-0.0034294
0.0039676
0.0077594
-0.0059868
-0.0050891
-0.0034758
-0.0078016
0.0060465
0.0084756
0.0028149
0.0055512
-0.0074025
-0.0005441
0.0007933
0.0085968
0.0046969
-0.0048401
-0.0050097
0.0089329
0.0092278
0.0046705
0.005487
0.0036579
-0.0020112
-0.0027679
-0.0051859
-0.0097889
0.0058759
0.0085375
0.0043931
0.0062881
0.0011923
-0.0048551
0.0082207
0.0016139
-0.006878
0.0043248
0.0009517
0.0052313
0.005612
0.0045829
0.0036937
0.0040899
-0.0024002
0.005372
0.0005156
0.0064641
-0.0020301
-0.0047583
0.001144
-0.0058712
-0.0046606
0.0030044
0.0087931
0.0069595
-0.0048107
0.0087828
-0.0013941
0.0039634
0.0001125
-0.0014262
-0.000978
-0.0077116
-0.0005748
0.0015255
0.009006
5.6e-6
0.0011926
-0.0054735
-0.0050683
0.0095451
0.0055867
0.0061064
-0.0071869
0.0085578
0.0022125
-0.006877
0.0004601
0.0008413
0.0050047
-0.0016954
0.0095929
-0.0075611
-0.0017385
0.0055378
-0.004547
0.0043082
0.0079284
0.0016337
9.47e-5
-0.0029023
0.000268
0.0001695
0.0009476
0.0014874
-0.0020938
0.0022041
0.0040756
-0.0052982
-0.0091971
0.0081552
0.0080054
0.0091697
0.0083369
-0.0086172
-0.0067862
-0.0064815
-0.0073167
0.0052969
0.0058606
0.0032513
-0.002392
0.0019567
-0.0076155
0.0060193
0.0041696
-0.0063194
0.0035202
0.0023308
0.0016662
-0.0014287
-0.0049949
0.0081646
0.0037981
0.0064509
0.0043008
0.0006099
-0.0073055
-0.0083346
0.0066516
0.009096
0.0052258
-0.0006035
0.0048104
0.0069374
0.0006273
-0.0082065
0.0037329
-0.0077759
