0.004906
0.0078059
-0.0009932
-0.0030945
0.0006227
-0.0021667
-0.0048052
0.008907
0.0058616
0.0016669
-0.0022749
-0.0044659
-0.0035919
-0.0063723
-0.0072476
-0.0010228
0.0027048
-0.0043821
0.0037918
-0.0043567
-0.0043425
0.0077911
-0.0040167
0.0046522
-0.0062341
0.0082637
0.0007262
0.0086203
-0.0079854
0.0084158
0.0020821
0.0022344
0.0062542
-0.0066062
0.0038425
0.0019408
-0.003942
-0.0065259
-0.0033859
-0.0087348
0.0087157
-0.0081672
-0.0044068
-0.0075404
-0.0006056
0.00913
0.0035852
-0.0029142
-0.0098346
0.0097024
0.0058092
-0.0044851
0.0046802
0.0050943
-0.0066459
0.0077639
-0.0057935
-0.0062962
-0.0057981
-0.0043728
0.0074871
0.0078592
-0.0014822
-0.0090779
0.0038458
-0.0052176
-0.0018155
-0.0065891
0.0047081
-0.0002348
-0.001848
-1.52e-5
-0.0015724
-0.0046754
-0.0063574
-0.0042983
-0.0015428
-0.0065027
0.0062164
0.006649
0.0051691
0.0018401
-0.0069144
-0.0067235
0.0074567
-0.0062497
0.0079756
0.0077268
0.0023825
-0.0025943
0.0063158
0.0003528
-0.0028833
-0.0034672
-0.0064824
0.004798
-0.0078724
-0.0068379
-0.008545
0.0063272
-0.0041483
-0.0083925
-0.0001583
0.0068183
-0.0048227
-0.0067076
-0.0063243
0.0034706
0.0022505
0.0089886
-0.0041441
-0.0042796
-0.0061766
0.0091037
0.0015066
0.0070524
-0.0061829
0.0010988
0.0053133
0.0054798
-0.0053421
0.0059812
0.0069201
-0.0072145
0.0021985
-0.0008612
-0.0098987
0.0012265
-0.0090089
0.0086937
0.0033576
-0.0043739
0.0026661
0.0075412
0.0003034
-0.0058302
-0.0002846
0.0024134
1.08e-5
-0.0032878
-0.0019292
-0.0086083
0.0092794
-0.0056827
-0.0047168
0.0032313
0.001234
-0.0052687
-0.0008413
-0.0027021
-0.007881
0.0014484
0.0068756
0.0020077
-0.0004064
-0.0033365
0.0021378
0.0065943
0.001882
-0.0079414
0.0040834
-0.00874
0.0031917
-0.008873
-0.0037072
0.0076665
0.0065584
0.0089257
-0.0088176
0.0033629
-0.0042929
-0.007635
-0.0020225
0.0027073
0.0037188
0.00163
0.0011099
0.0059569
0.0063229
0.0034768
0.0051098
-0.0012545
0.005445
-0.0039251
-0.0032135
0.0047521
-0.0042248
0.0014223
0.0023044
0.0040138
0.0045849
0.0035231
0.0075219
-0.0063041
-0.0014591
-0.0043351
-0.0050224
-0.0082957
-0.0008458
-0.0021147
0.0001233
0.0078131
-0.0007335
0.0036827
0.0020641
0.0072869
-0.0016624
-0.001481
0.0040489
-0.0042628
-0.0038953
-0.0032292
-0.0040271
0.0036005
0.0036376
-0.0020503
0.0064145
0.0071726
-0.0053625
-0.0079062
-0.0002122
0.0003662
-0.0090242
0.0037629
0.0061926
0.0013789
0.0056985
-0.009439
-0.0059052
-0.0043035
-0.0073414
-0.0071674
-0.0043039
-0.0069971
0.0076086
-0.002018
-0.0063545
0.0030594
-0.0027655
-0.0036355
0.0060703
0.0043881
0.0068315
0.0093904
-0.0056618
-0.0056828
-0.0094632
-0.0001202
0.0023573
-0.0064441
0.0094201
-0.0043703
0.0093145
0.0008227
-0.0002049
-0.0003205
-0.0097159
0.0052089
0.0045912
0.0051407
-0.00461
-0.0077767
-0.0022781
0.0093275
0.0063895
-0.0058893
0.0015843
-0.0093264
0.0058618
-0.0009723
-0.0026988
-0.0031222
0.0011179
-0.0097942
-0.0089765
-0.0089624
-0.0081015
-0.0067505
0.0057519
0.0038448
-0.0047889
-0.0083337
0.0023184
-0.0004117
0.0009667
-0.0035578
0.0073637
-3.1e-5
-0.0051701
-0.0085657
4.21e-5
-0.0059596
0.0062744
-0.0061337
0.0008312
0.0019183
0.0079312
0.0056004
0.0044853
0.0044644
-0.0064884
-0.0035289
-0.0011585
0.005771
0.0037794
-0.0008727
-0.0044468
-0.0005955
-0.0098049
-0.002306
0.0084512
-0.0007124
0.0016675
-0.0007643
-0.0029564
0.0038878
0.003792
-0.0005888
0.0013822
0.0048429
0.0081884
0.0070839
0.0023154
-0.0056136
-0.0012563
0.0004497
0.0034233
-0.0091033
0.0092515
0.0002464
0.0051229
0.0039199
0.00948
-0.0042262
0.0057173
0.0068218
0.0005818
-0.0049944
-0.0083503
0.0012753
-0.0066198
-0.0006016
-0.0058835
0.0054562
0.0086361
0.0096977
0.001492
-0.0070678
0.006703
0.0029968
0.0026408
-0.0083647
-0.0013528
0.0024961
-0.0097952
0.0054601
-0.0074555
0.0024099
-0.0047055
-0.0053105
-0.0016096
0.0005214
-0.0079701
0.008315
-0.0038619
-0.0043361
0.0073848
0.002712
-0.0039315
-0.0081598
0.0028307
-0.0046306
-0.0065227
-0.0033244
0.0095446
-0.0031713
0.0053671
0.0045913
0.0096082
-0.0094791
0.0050187
-0.0013519
0.0064317
-0.0032932
-0.007232
-0.0049367
-0.0045546
-0.0054095
-1.61e-5
0.00904
0.0019909
-0.0048472
0.0018993
-0.0047056
-0.002266
0.0047914
0.0011721
-0.0036108
0.0004248
-0.0015801
0.0094946
-0.0098835
0.0086211
-0.0059572
0.0081132
0.0009836
-0.0033051
-0.0053976
-0.0092025
-0.00824
-0.0092859
0.0026449
-0.0049088
-0.0036504
-0.0009715
-0.0096685
-0.0098367
0.0081636
-0.0080973
-0.0047579
0.0021535
-0.0091801
0.0067622
0.0074534
0.0086211
0.0028777
-0.0085549
-0.0079469
0.0010423
0.0051612
0.0041151
0.005068
-0.0017704
-0.0085152
-0.0026363
-0.0032206
-0.0062598
-0.0046953
-0.0072025
0.0052306
0.0052845
-0.0082574
0.0075949
0.0038321
-0.0013874
0.0017813
0.0091959
-0.0095564
0.0015884
0.0086739
-0.0026872
-0.0008535
0.0011921
-0.0067473
0.0008444
-0.0052593
0.0017126
-0.0054813
0.0025043
-0.0065644
-0.007562
0.0045065
-0.0055059
-0.0073431
0.0066057
0.0025176
0.005286
0.0014016
-0.0082581
0.0098432
0.0090862
0.0088066
0.0049229
-0.0069204
-0.0098722
0.0093124
0.0020621
0.0052987
0.0046779
0.0035922
-0.0012819
-0.0052218
-0.000287
0.0089224
-0.007171
0.0069835
0.0025408
0.0078885
-0.0008155
-0.0022033
0.0057113
-0.0018374
0.0017881
-0.0017084
-0.0026063
