0.0081089
0.0079929
0.0044484
0.0086591
0.0049087
0.0017062
0.0066775
0.0002797
0.0001449
-0.0030183
-0.0088551
-0.0063304
0.0083605
0.0042023
-0.0003015
-0.0035582
-0.0055456
-0.0033889
0.0059524
0.0055766
-0.0063439
-0.003926
0.0063925
-0.0026064
-0.0060445
0.0025806
0.0060307
0.0029634
-0.0067427
0.002811
0.0031864
-0.0024192
0.0038604
0.0050813
-0.0064681
0.0093338
-0.0074566
-0.0085676
0.0072469
0.0033881
0.0072675
0.0007272
-0.0092003
-0.0083636
0.0059406
-0.0027191
-0.0086084
-0.0022365
0.0039762
0.000866
0.0042845
0.0032169
-0.0069299
0.0047252
-0.0054462
0.0076866
0.0055572
0.0002586
0.0019125
0.0098256
-0.002271
0.0064721
-0.0031959
0.00302
-0.009605
-0.0063172
0.0098497
0.0048224
-0.0087921
-0.0022423
-0.0034893
-0.0040476
-0.0070104
0.0011466
-0.0055263
0.0086658
-0.0066626
0.0020362
0.0021331
-0.0077153
-0.0072481
0.0026754
0.0070659
0.0061143
0.0006443
0.001223
0.0067086
0.0037355
0.0047692
-0.0060554
-0.0008637
-0.004306
-0.0013226
-0.0028496
0.0018041
-0.0039904
-0.0085922
0.0061608
-0.0061807
-0.0053842
0.0075916
0.0069897
0.0014053
0.009144
0.007142
-0.0026128
0.0071739
0.0093046
-0.003873
-0.0007194
0.0078872
-0.0022385
-0.0035225
0.0068515
0.0066267
-0.0008498
0.0071509
0.0094927
0.002821
0.0083577
0.0062565
-0.0010158
0.0085576
0.007313
0.0031613
-0.0058726
-0.0080951
-0.008575
0.0084058
0.0092382
0.0094175
-0.0051738
-0.0024728
0.0048087
-0.00196
0.0046813
0.0029902
-0.0078895
0.0040656
-0.0046887
0.0067232
0.0032886
-0.0060091
-0.0067011
-0.0053844
0.0065501
0.0049399
0.0037127
-0.0034499
0.0068829
0.0056661
0.0048678
-0.0006768
0.0098002
-0.0046674
0.0079391
-0.0077429
0.0046584
-0.0088253
-0.0077329
0.0047132
-0.0015129
0.0085458
0.0051621
0.0096778
-0.0098824
-0.0065363
0.0041618
-0.0027087
0.0092273
-0.002936
0.004178
0.0077665
0.0028972
0.0014775
0.0052094
-0.000618
-0.0073625
0.0054525
0.0007077
-0.0040399
0.0054808
-0.00804
-0.0049288
-0.0037219
-0.0081539
0.0041189
0.0067309
0.0062603
0.0073196
-0.0084966
0.0007869
-0.001813
0.0044889
0.0034541
-0.0051656
-0.0005174
-0.0033582
0.0067917
-0.008337
-0.0046781
-0.0089758
0.0068366
0.0051819
-0.0036101
0.0029205
-0.0035706
0.004907
-0.0020868
-0.0052865
0.0003183
-0.0081147
-0.0066023
0.0002542
-0.0066789
-0.0092809
-0.0085977
-0.0054518
-0.0041181
0.009491
0.0012411
-0.0001265
-0.0013807
-0.0030083
0.0077119
-0.0090162
0.0003613
-0.009457
0.0056622
0.0059812
0.0025005
-0.0085555
0.001102
-0.0089282
0.0085179
0.0001389
-0.0008578
-0.0066076
-0.0006769
0.0067676
0.0054211
-0.0053456
-0.0086955
-0.0054046
-0.0044039
0.0087358
-0.0073444
0.0063663
0.003141
0.0009732
0.0038291
0.0005115
0.006221
0.00734
0.0017547
0.0056316
-0.0057496
-0.0003887
0.0041987
-0.0023389
-0.0053748
-0.0039441
-0.0015755
-0.0008758
-0.0076338
-0.0033428
-0.0040228
-0.0007211
1.92e-5
0.0010875
-0.0082991
-0.0053067
0.0067898
0.00059
0.0001312
0.0022699
0.009008
0.006063
-0.0044794
-0.0029122
0.0013798
-0.0066542
0.0044474
0.0069068
0.0069591
-0.0061401
-0.0054267
-0.0005589
-0.0010709
0.0097425
-0.0041455
-0.0096701
-0.0057147
4.58e-5
-0.0093784
0.002585
-0.000716
-0.0025296
0.0095745
0.0019449
-0.0064672
0.0075619
-0.0092498
-0.0051399
-0.0043951
0.0061409
0.003172
-0.0034678
-0.0007424
0.0049546
-0.0067782
-0.0017651
-0.0088706
0.0059335
0.0076526
-0.0052153
0.0048298
-0.006498
0.0048962
0.0018163
-0.0094062
0.0068167
-0.0046041
-0.0062558
0.0093074
-0.0045891
0.0031132
0.0007602
0.0030645
0.0008604
-0.0030041
0.0016308
0.0082448
0.0079562
-0.0034643
0.0006365
-0.0080146
-0.0078592
-0.0028306
-0.0082978
0.002108
0.0005275
0.0074385
-0.0044322
0.0072005
0.0062545
-0.0069912
0.0011119
-0.003709
-0.0084663
0.0021969
3.57e-5
0.0048198
9.31e-5
-0.0072429
0.0066753
0.000254
0.0084062
-0.0008231
0.0073316
-0.0010138
-0.0007542
-0.0035765
-0.0047459
0.0097418
0.0080135
0.0030479
0.0022361
0.0028073
-0.0043378
0.0058755
0.0001308
3.89e-5
-0.0073487
-0.0029111
0.0057144
-0.0098362
0.0023783
0.005416
-0.0067381
-0.0005511
-0.00512
-0.0038111
-0.002618
-0.0016136
-0.0021057
-0.0031065
-0.004707
0.0095576
-0.0014484
-0.0017923
0.0092118
0.001818
0.0024858
0.006223
0.0080811
-0.0046559
-0.0024364
-0.0008092
-0.009873
-0.0019653
-0.0006548
-0.0020727
0.004766
-0.0045521
0.0015722
0.0061524
-0.0027561
-0.0089147
-0.0047458
-0.0049747
-0.0073956
0.0066378
-0.0018773
-0.0054081
-0.0075179
0.0010159
-0.0038158
-0.0013102
0.0088815
-0.0018469
-0.0031306
-0.003753
0.0046413
0.0070292
0.0064122
-0.009018
0.0011276
0.0030963
0.0058631
0.0039737
-0.0078447
-0.0026346
-0.0070157
0.0059656
0.0040725
-0.0025247
-0.0009706
0.0013605
0.005921
0.0096735
-0.0092201
0.0078766
0.00616
0.0059072
-0.003226
-0.0041765
0.0015259
-0.0086048
-0.003671
0.0072889
0.0082636
0.0098272
-0.0035985
0.0067769
-0.0053821
-0.0013775
0.0019814
0.0026132
0.0094221
0.0031895
0.0015582
0.003503
-0.0087119
0.0029711
0.0099158
0.0073634
0.003886
0.0038648
0.0026376
-0.0062143
-0.0033073
0.0098853
0.0057944
-0.0006337
0.0033109
0.0015891
0.0088602
-0.0036771
0.0034984
0.0025915
0.0029061
0.0071294
0.0042281
-0.0028076
0.005851
-0.0084509
-0.0040564
0.0097561
0.0004061
0.0081144
0.0090154
0.0051557
0.0015026
-0.0094157
