-0.0055001
-0.0081338
-0.0003113
0.0034619
0.0048701
-0.0017308
-0.0063885
0.0031251
-0.0055576
0.0032895
-0.0095218
0.0037761
-0.0088854
-0.00333
-0.001171
-0.008523
0.0003591
-0.0017284
0.0003589
0.0014724
-0.0019273
0.0047043
0.0004431
-0.000345
-0.0070436
-0.0006269
0.0020981
0.009991
-0.0089873
-0.005948
0.0022486
0.0075608
0.0063693
-0.0093424
-0.0054979
0.0005476
-0.0045979
-0.0070663
0.0051743
-0.0085698
-0.0095466
0.0040179
0.0068657
0.0049584
0.0015798
0.0001813
-0.0040518
0.0095387
0.0037891
0.0072217
-0.0029638
-0.0083741
0.0032873
0.0094621
0.0024555
0.0087499
-0.000867
0.0037255
-0.0013179
0.0045607
0.0037046
0.0046361
-0.0050823
-0.0019223
-0.0057041
-0.0080202
-0.0059282
-0.0032133
0.0065593
-0.0025622
-0.0064838
0.0028413
0.008036
-0.0050427
-0.0043821
0.000679
-0.0085289
-0.0046379
0.0015865
0.0031633
0.0017614
0.0078013
0.0028903
-0.0026772
-0.0033765
-0.0028915
-0.008823
0.0018663
0.0030095
-0.0062564
-0.005133
-0.0055494
-0.0038407
-0.0049118
-0.0003871
0.0078278
0.00269
-0.0059937
-0.0025092
0.0056375
-0.0071623
0.0012757
-0.0070335
0.000299
-0.0060238
0.0004492
0.0014091
-0.0031791
-0.0069705
-0.0003154
-0.0059417
-0.0024446
0.0067487
-0.007569
0.0062229
0.0045503
0.0099336
0.0047174
0.0081971
-0.0089802
0.0053871
-0.0065157
0.0076382
0.0013884
-0.0039206
0.0067469
0.006613
-0.0032015
-0.0050765
0.0082485
-0.0030107
-0.0037959
0.0097037
-0.005536
-0.000595
-0.003328
-0.0071847
-0.0047293
-0.0094963
-0.0042253
0.0016552
0.0025353
0.0026862
-0.0061134
0.0044318
-0.0036345
0.0072605
-0.0087146
-0.0077921
0.0008522
0.0031505
1.09e-5
-0.0054439
0.0099531
0.0020076
0.0010823
-0.0023543
0.0090562
-0.006084
0.0017903
0.0057023
0.009614
-0.0042032
-0.0097097
-0.0043872
-0.0036433
-0.0028441
-0.0079379
0.0046879
0.0068572
0.0020787
-0.0044917
-0.0032516
-0.0067155
-0.0029971
0.009566
-0.0029957
-0.0039538
0.001495
0.000119
0.0027568
0.0002798
0.0046502
-0.0070388
-0.0070274
0.0048947
-0.0053597
-0.0004366
-0.0008606
-0.0066441
0.0049263
-0.0084276
0.004083
-0.0082063
0.0076144
-0.0035075
-0.0003829
0.006908
0.0017496
-0.0081383
-0.0092511
-0.0067027
-0.0038792
0.0061599
-0.0096899
-0.0058536
-0.0046766
0.0014722
0.0073833
-0.0030965
-0.00773
0.0013164
0.0042832
-0.0094518
0.0032364
0.0039604
-0.0016719
-0.009123
-0.0002756
-0.0051775
-0.0084868
0.0046003
-0.0002151
-0.0034273
-0.0009591
0.0084024
0.0017128
-0.0054082
0.0026331
-0.0086872
-0.0057024
0.009644
0.0047914
0.0097035
-0.0059572
0.0092886
-0.0024527
-0.002772
0.0055376
0.0053524
-0.0023791
0.0084422
0.0056172
-0.0083028
0.0065717
-0.0013587
-0.0039227
-0.0013953
-0.0001724
-0.0021825
-0.0058638
0.0083412
0.0013548
-0.0078544
-0.0009854
0.0087699
-0.0028147
0.0041264
0.0064943
-0.0085749
0.0006063
-0.0044174
-0.0050673
0.0042741
-0.0055267
-0.0084207
0.0025136
-0.0013726
-0.0084652
0.0073826
-0.0050992
0.0011892
-0.0069966
-0.0006372
-0.0041932
-0.007883
-0.006803
-0.002891
-0.0005589
0.0029482
0.0077555
-0.0096596
-0.0089764
0.0073902
-0.0069546
-0.0080187
0.0016954
-0.0053082
0.0054871
-0.0061382
0.0029073
-0.0093977
-0.0075922
0.0077708
-0.0062838
-0.0009506
0.0094839
0.0038709
0.0028352
0.0036839
-0.0049171
-0.00298
-0.0057408
0.0001479
0.00341
-0.0072599
0.0080434
0.0024934
-0.006251
-0.0078727
-0.0038296
-0.0038758
0.0032725
0.0066847
0.0020111
-0.0039626
0.006046
-0.0046716
-0.0084885
0.0041178
-0.0085641
0.0004494
0.0097731
-0.0028765
0.0011335
-0.002189
0.0002514
0.0039596
-0.0044217
-0.0068185
-0.0001602
-0.0056418
-0.0031425
0.002625
0.0098388
-0.0062677
0.0040271
-0.0043081
-0.0099931
0.0012387
-0.00093
0.0084469
0.0017182
0.0077949
-0.0030473
0.0056727
0.0007984
-0.0040882
-0.0091002
0.0047715
0.0078584
-0.0046796
0.0031279
0.0059556
0.0039539
-0.0084726
-0.0058054
-0.0090582
0.0077831
-0.0033916
-0.0087964
0.0067176
0.0079729
-0.0013618
0.0098769
0.0060815
-0.0097225
0.0010395
0.0053639
-0.0070633
-0.0023253
-0.0030458
-0.0086577
-0.0075729
0.0041795
-0.0095495
-0.0056985
0.0047799
0.0064786
0.0055724
0.0036424
0.0032231
0.0029283
0.0091208
0.0007556
0.0093617
-0.0088019
0.0078385
0.0086706
0.0053719
0.0088931
0.0023816
0.0035444
0.0001105
-0.0098105
0.0054825
-0.0091466
0.0019429
0.0036396
-0.0023182
0.0017245
-0.0035427
0.0020519
-0.0096828
0.004898
0.0065298
0.0067538
0.0021824
-0.0052811
0.0030481
-0.0063125
0.0078662
0.0053763
-0.0068527
0.0039804
-0.0056454
-0.0027907
-1.0e-6
-0.0008805
-0.0032915
-0.0084078
-0.002469
0.0088296
0.0025367
0.0035377
0.002831
-0.0003943
-0.0066001
0.0093387
-0.0053245
-0.0061034
0.0025235
0.0039279
-0.0087946
-0.0059392
-0.0016344
-0.0057963
0.0086782
-0.0083111
-0.0024235
-0.0051178
-0.0002739
-0.0006769
0.001712
0.0015253
-0.0069545
0.0072885
0.0088764
-0.0043833
-0.0055483
-0.0072951
-0.0037632
0.0057108
0.0049186
-0.0033534
0.0036496
-0.0018172
-0.006271
0.0069824
0.0085666
0.0007844
-0.0017602
-0.0092834
-0.0092409
-0.0051061
0.000504
-6.62e-5
0.0094503
0.0046684
-0.0062289
-0.0099447
0.0058737
0.0060812
-0.0012947
0.0061326
-0.0047125
-0.0035978
-0.0074571
-0.007513
-0.0088325
0.0010124
7.91e-5
0.0049497
-0.0049759
-0.0061146
-0.0023214
0.0035329
0.0032646
0.0004896
-0.0088122
-0.0094256
0.0030037
-0.0038888
-0.0055248
0.0085905
