0.0016008
-0.0036489
-0.0008189
-0.0066878
-0.0029974
0.0016401
0.0029699
0.0003633
-0.0032803
-0.0006764
0.0055746
-0.0028972
-0.0044555
-0.0093213
-6.16e-5
-0.00877
0.0043079
0.0062407
-0.0092454
-0.0045126
-0.0037984
-0.0025829
-0.009563
0.0025394
0.0059521
0.0085595
0.0040541
-0.0010331
-0.0093156
-0.0054532
0.0063677
-0.000584
-0.0084598
0.0087075
-0.0035885
0.0010528
0.0032399
0.0071805
0.0046074
-0.0036045
0.0042833
-0.0073855
-0.0092977
-0.0011903
0.0067714
0.0042513
-0.003128
0.0008448
0.0056878
0.0048187
-0.0030161
-0.0004125
0.0065567
0.0052421
0.0001913
0.0097485
-0.0038619
-0.0081064
0.0014052
-0.0023175
-0.004456
0.000667
0.0026386
-0.0021249
-0.0075911
0.0086837
0.0057506
-0.0008829
-0.0008852
0.0010527
-0.0028054
-0.0089453
-0.0006034
-0.0005615
-0.008748
-0.0095721
-0.0086228
-0.0056967
0.0085291
0.001109
-0.0097487
0.0094169
0.0032145
-0.0030685
-0.0045182
-0.0091154
-0.0077459
-0.0089754
0.0067643
0.0081736
-0.0053041
-0.0020997
-0.0028075
0.0060085
0.0061405
0.004654
-0.0046883
-0.0015245
0.0001242
-0.006805
-0.000176
0.0008483
-0.0007141
-0.0044129
-0.0097529
0.0091074
0.0086252
0.001486
-0.0016501
0.0048837
-0.0086793
-0.0074011
-0.004582
-0.0053013
-0.0047784
0.0034305
-0.007408
0.0072551
0.0087437
0.0066141
-0.007137
-0.0045216
-0.0005001
0.0032328
0.0059242
-0.002842
0.0086036
0.0061549
0.0070522
0.0050233
0.006692
0.0027425
-0.0023095
-0.0099202
-0.0054282
-0.0034975
-0.0037152
-0.0010998
-0.0077039
-0.0086244
0.0006792
-0.0058184
0.0064641
-0.0071202
0.001296
-0.0083153
-0.0078933
-0.0023932
0.000111
-0.0054928
0.0076768
-0.007775
0.001528
0.0047105
-0.0025235
0.0095298
-0.0080113
-0.0076531
-0.0098729
-0.0009339
-0.0001269
0.0093365
-0.0058804
-0.0007564
-8.07e-5
0.0008396
-0.0015075
-0.0014108
-0.0040855
0.0025695
0.0049989
0.001392
0.0010295
-0.0081714
0.0025351
0.0095097
0.0074777
-0.0033539
-0.0092279
0.0016649
0.0024427
-0.006399
-0.0072638
-0.009525
-0.0012367
0.0098667
-0.0097615
0.0015158
0.0093373
-0.005107
0.0019076
-0.0048405
0.0017116
0.0076159
0.0094631
0.0046315
0.0002509
-0.009857
-0.0048172
-0.0001375
0.0059446
0.0019321
-0.0077927
-0.0067878
0.0028934
-0.0083829
-0.0056886
0.0062145
0.0031569
-0.0011185
0.0082046
0.0084556
0.0064155
-0.0011807
0.0042907
-0.0097025
-0.0096306
-0.0091426
0.0078526
0.0071067
-0.0073442
-0.0003358
-9.54e-5
0.0085785
0.0070948
0.0088831
0.0024467
-0.0034907
0.0064806
-0.0034436
0.0011611
0.0088689
0.0053857
-0.0053502
0.008517
0.0015916
-0.0056866
0.0057873
-0.0061556
-0.0015981
-0.0043151
-0.0011211
0.0005406
-0.0031457
-1.9e-5
0.005887
0.0059417
-0.008105
-0.0089392
0.0096083
0.0014351
-0.0018723
-0.0034743
0.0055567
-0.0094806
-0.0047514
-0.0088853
-0.0075124
0.0026671
-0.0092262
0.0023169
-0.0040555
-0.001486
0.0039916
-0.0015483
-0.002106
-0.0044182
0.0032971
-0.0061252
0.000918
0.0055327
0.0008201
0.0064904
0.0009237
-0.0022563
-0.0026841
-0.0035069
0.0037963
-0.0099427
-0.009167
-0.006786
0.0065587
0.0021633
0.0082582
-0.0090714
-0.0027876
0.0030658
0.0035881
-0.0004192
-0.0016738
-0.008064
-0.0045485
0.0003518
-0.0050203
0.0005704
-0.0027516
-0.0099148
0.0085636
-0.0081978
-0.0051717
-0.002007
-0.0074945
0.0025103
-0.0026845
-0.0074699
0.0032807
0.0033721
-0.0089232
-0.0057009
-0.0041374
-0.003501
0.000599
-0.009725
0.003472
0.0005725
-9.71e-5
-0.0072512
-0.00942
-0.0079416
-0.0034946
0.001054
-0.0091918
0.0026188
0.0054317
0.0038635
0.0086688
-0.0039735
-0.0027416
0.0058435
0.0006438
0.0007099
0.0010687
0.0028877
-0.0095099
0.0038382
0.0025285
-0.0006302
-0.0006829
-0.0006621
0.0060519
-0.0032323
0.0063985
0.0046281
0.0082923
-0.000928
3.09e-5
0.0067989
-0.0070072
-0.008615
-0.0039084
-0.0075154
0.0025588
-0.0093901
-0.0032825
-0.0092305
0.0087193
0.0084478
-0.0046747
-0.0051736
0.0087124
-0.0017919
-0.0003805
0.0074165
-0.0076678
0.0079404
-0.0033668
0.005773
-0.0010143
0.0095323
-0.0010161
-0.0099207
-0.0063128
0.0062658
-0.0013999
-0.0084852
-0.0007858
-0.0007778
-0.0050516
-0.0087732
0.0090204
-0.0018365
0.0062643
0.0061676
0.007165
-0.0018769
0.0037449
-0.0086042
-0.0004883
-5.16e-5
0.0002264
0.001953
0.0033614
0.0048497
-0.0049595
0.0059676
0.0048794
0.0049562
-0.006816
-0.0044055
-0.0074972
-0.0042777
0.0051074
0.0073008
-0.0072552
-0.0040291
0.003009
-0.0003258
0.0046093
0.0050747
-0.0051385
-0.001891
-0.0019842
-0.007314
-0.0087775
-0.0081412
-0.0075404
0.0003668
0.005334
-0.0080464
0.0022917
-0.0032072
-0.0051981
0.0045978
-0.0092407
0.0021671
-0.0088511
-0.0063719
-0.0054121
-0.0078269
0.0015652
0.0046121
-0.0056372
0.0007163
0.0034687
-0.0051757
-0.005349
0.0022994
-0.0093006
0.0082169
-0.0086181
0.0036084
0.0083937
-0.0090803
0.0026736
0.0030358
0.0062678
-0.0028325
0.0035554
-0.0085016
-0.0048038
0.0025704
0.0031129
0.0043099
-0.0079114
0.0039862
-0.0030685
-0.0013209
-0.003007
0.0073854
-0.0080325
0.0081676
0.0056837
-0.0028268
0.0079448
0.0047501
-0.0017734
0.0047704
0.00888
-0.0071348
0.0054216
0.0050163
0.0033772
0.0097555
-0.0076434
-0.0019315
-0.0021454
-0.0041172
-0.0010565
-0.0084524
-0.0087738
0.0001414
0.0087393
0.0065179
-0.0029301
0.0074109
-0.001229
0.0035983
0.0081235
0.006871
0.0071321
0.0025503
0.0067482
-0.0077189
-0.0082911
-0.007312
