-0.002174
-0.0047969
0.0084443
0.0076894
-0.0026667
-0.0055056
0.0062992
0.003916
0.0007652
0.0001237
-0.004163
-0.0018795
0.009709
-0.009542
0.0070576
-0.0082132
-0.002152
0.0091794
-0.0076898
-0.0010661
0.0062649
0.002192
-0.0091925
0.0076582
0.0024256
0.0053428
0.0067465
0.0086776
-0.0031697
0.0031592
0.0051624
-0.0099926
0.0051031
0.0089886
0.0075232
0.0051713
0.0048112
0.002932
0.0038452
-0.0087875
0.0008208
0.0097438
-0.0082438
-0.0009688
-0.0005819
0.0040912
-0.005143
0.0091915
-0.0090717
-0.0018619
0.0005239
-0.002263
-0.0020894
-0.0036728
-0.0091707
0.003308
0.0042395
-0.0038655
0.006983
-0.0034886
-0.0083356
-0.0005648
-0.007914
0.00127
-0.0058366
-0.0049989
-0.0072104
0.003273
-0.0085129
0.0029873
0.000791
-0.0036181
0.0050445
-0.0095557
-0.0057499
-0.0088994
0.0054296
-0.0067256
-0.000221
0.0008797
-0.0083742
-0.0077202
-0.0051216
0.0054131
-0.0063412
-0.0080574
-0.0016272
0.0007677
-0.0091314
0.0049003
0.00255
0.0079444
0.0043642
0.0071567
-0.0060021
0.0006378
-0.0039
0.0024144
0.000329
-0.0051549
0.0086308
0.0039736
0.0009265
-0.0053867
-0.0025504
0.0094755
-0.0023647
-0.0082255
0.009969
-0.0098029
-0.0071232
0.0065343
-0.0010057
0.0053143
0.0047721
0.0051877
0.0067358
0.002345
0.0057594
-0.0081195
-0.0091542
0.0060766
-0.0036956
-0.0028361
-0.0080259
0.0018999
-0.0021656
-0.0008583
-0.0052763
-0.0073266
0.0046848
0.0077429
-0.00623
-0.0008256
-0.0083839
0.0027434
-0.007987
-0.00705
0.0048647
0.0062645
0.0058716
-0.0076378
-0.0074283
0.0081276
-0.0009177
-0.0006437
0.0028175
-0.0098857
-0.0080194
0.0075347
-0.0065712
-0.0006028
0.0031188
0.009021
-0.0038775
-0.0018385
-0.0089574
0.004433
-0.0005062
0.0029958
-0.009952
0.0034679
0.0013728
-0.0071567
0.0044541
0.0052774
-0.0035466
-0.0004766
-0.007294
0.001129
-0.0048646
0.0019105
-0.0084365
0.0018939
0.0031704
0.0039817
-0.0055042
-0.006333
-0.0034933
-0.0079671
0.0082861
0.0034633
0.0061093
-0.0013767
0.0025161
-0.0020001
-0.0069999
0.0014236
-0.002142
-0.0046715
-0.0095045
0.0029799
-0.0043925
-0.0073858
-0.0056765
-0.0088791
-0.0092154
0.0012598
-0.0044095
-0.0003104
-0.0001668
-0.0021295
-0.0088375
0.0058169
0.0061725
-0.0066787
0.0049109
0.0009772
0.0011919
0.0051299
0.000451
-0.0071982
-0.0051325
0.0083038
0.0030232
0.0024743
-0.0098214
-0.0052111
0.0058009
-0.0030896
-0.0085426
0.0084291
0.008167
0.0099621
-0.0066193
0.0028262
0.00272
0.009908
0.0034903
0.0091593
-0.0082068
-0.0004493
0.001152
0.0089307
-0.0067498
-0.0037311
-0.0054982
0.0039779
-0.0080308
0.0093933
-0.0025881
0.0028655
0.0057959
-0.00491
-0.0016156
0.0074372
-0.002378
0.0057391
0.0084288
-0.0066847
-0.0005739
0.0013812
0.0094497
-0.0013648
0.0017386
0.0046953
-0.0037017
-0.0037024
0.0073938
-0.0070806
-0.0061513
-0.0008894
-0.0073091
-0.0001069
-0.0061158
0.0057155
-0.0086406
-0.0047252
0.0003826
0.0067768
0.0005422
-0.0024606
0.0087191
-0.0030528
-0.001714
-0.004025
-0.0042407
0.0010134
-0.0078386
0.0091353
-0.0019824
0.009859
0.0066395
0.0058185
0.0055307
-0.0084522
0.0007706
0.0027682
-0.0069365
0.0068482
0.0091104
0.0087875
0.0074758
0.0079993
-0.0081239
0.0076528
0.008829
-0.0047312
0.0030587
0.003939
-0.0052305
0.0062963
-0.0079013
-0.0085955
0.0084771
-0.0020598
0.0088831
-0.0026777
-0.0047279
0.0024227
0.0013792
0.005447
-0.0042053
-0.0067517
-0.0061218
-0.0005668
-0.000807
-0.008777
-0.0042805
-0.0053605
0.0043256
0.0027674
-0.0054513
0.0005343
0.0009104
-0.0085623
-0.0075207
-0.001595
-0.0069597
0.0079986
-0.0068875
0.0050943
0.0052186
0.0076907
0.0079341
0.0027408
0.0055729
0.0025926
0.0096547
0.0064716
0.0007697
-0.0033221
-0.0099739
0.0049636
0.0032513
0.0068929
-0.0032307
-0.0013278
0.0075816
0.0017509
0.0087606
-0.0024301
0.0025149
0.0069335
0.0067514
-0.0039246
0.004133
0.0075576
-0.0047929
0.0086291
-0.0001468
0.004353
0.0047676
-0.0096535
-0.0022379
0.0017459
0.0047668
-0.0067911
-0.0072845
-0.0018182
-0.0057014
-0.0035058
0.0023452
0.003795
0.0016569
-0.00873
-0.0043772
0.0062233
-3.95e-5
0.0003639
-0.0034741
-0.008239
-0.0050523
0.0008639
0.0061638
-0.0002479
-0.0015772
-0.0051463
-0.0023861
0.0008949
0.0058821
-0.0011983
-0.0019785
0.0091644
0.0047953
-0.0056752
-0.0087882
0.0037559
-0.001324
-0.0073053
-0.0003434
-0.003276
-0.0012368
-0.0021739
0.0041097
-0.0040395
0.0011981
-0.0017414
0.0083456
-0.001358
-0.0061353
-0.0076486
-0.0029752
-0.0031395
-0.0062666
-7.04e-5
-0.003496
-0.0090832
0.0059731
0.0056701
0.0071254
-0.00639
-0.0048126
0.0054034
-0.0071879
-0.0077374
-0.003557
0.0032256
0.0092313
-0.0084191
-0.0043066
-0.0096304
-0.005459
-0.002167
0.0047435
0.0093317
0.0004614
0.0060205
0.0098734
0.0025328
-0.0096627
0.0022706
0.0098696
0.0036574
-0.0024684
0.0096568
0.0067714
0.0009911
-0.009968
0.0074286
-0.0076775
-0.0043587
0.0062261
-0.0002255
-0.008815
0.0085511
0.0059867
0.0087254
-0.009052
0.0082854
0.0041041
0.0022791
-0.0006664
0.0096223
-0.0029109
0.0064831
0.0068229
-0.0032771
-0.0080813
-0.0001652
0.0014259
0.0022034
-0.0029036
-0.0026372
-0.0053265
0.0083388
-0.0006076
0.0086762
-0.0023204
0.0063715
-0.0020126
-0.0037633
-0.0033377
-0.0005444
-0.0036832
0.0064442
0.0006872
0.0028426
-0.004441
-0.0064936
-0.0010317
-0.0068018
-0.0093549
-0.009702
-0.0091865
