-0.0047584
0.0062184
-7.48e-5
0.0028569
0.0006747
-0.0095031
8.76e-5
-0.0078554
0.0049636
-0.0070458
-0.0044719
0.0076232
0.0042891
0.0065986
0.0083399
0.0068068
0.000454
0.0042595
0.0015877
0.0056058
0.0008469
0.0055097
-0.0018291
0.0079151
0.0010254
0.0068111
0.0057414
-0.0034857
0.0068386
-0.0038752
0.0043827
0.0059968
-0.0062116
0.0033088
-0.0022645
-9.1e-5
-0.0090509
-0.0015065
0.0093912
-0.0036558
-0.0058578
-0.0083628
0.0009456
-0.0072334
-0.0048885
0.0095338
-0.0055389
0.008487
-0.0069329
-0.000303
-0.0088633
0.0090785
-0.0031204
-0.0071465
0.0078603
-0.0050281
-0.0021913
0.0011106
-0.0064757
0.0003798
0.0056465
-0.0046512
-0.0023564
-0.0056401
-0.0019888
0.0075757
0.0099898
0.0067396
0.0074501
-0.0079196
-0.0059442
-0.0099367
0.0074494
0.0003204
-0.0044194
-0.0077108
-0.003911
-0.0030808
0.0033048
-0.0004186
-0.0002935
-0.0031922
-0.0085259
0.0045944
-0.0055404
0.0075943
-0.0031096
0.0054188
-0.005931
-0.005993
-0.0027687
-0.0075632
0.0065664
0.0064797
0.0024531
0.0034471
-0.0050642
-0.0089767
0.0078779
-0.0090518
0.0028468
-0.0038581
-0.0097474
-0.0079009
-0.0055298
0.0085271
-0.0091932
0.0046368
-0.0088833
0.0024409
-0.0042778
-0.0011075
-0.0013728
-0.0061847
0.0039872
0.0011554
0.0093739
-9.59e-5
0.0064469
0.0053843
0.008896
0.0041342
-0.0005509
0.0021049
0.0024352
-0.0009162
-0.0047158
-0.0012876
-0.0007867
0.0056964
0.0039832
-0.0053702
-0.0078088
0.0027793
0.0016336
0.0048161
0.0009788
0.0072346
0.0030149
-0.0027507
-0.0003496
0.0084597
-0.0070906
-0.0075818
-0.0022534
0.0014359
0.0010492
0.0006981
0.0044524
0.0074608
-0.0086747
0.0032342
-2.23e-5
0.0086707
0.002838
-0.0079012
0.0036712
0.0094712
0.0016019
0.008073
0.0054155
-0.0085477
0.0035053
-0.0045313
0.0037636
-0.007863
-0.0055799
-0.0018466
0.0024481
0.0016418
-0.0084005
-0.0095787
-0.0090914
0.0004104
0.0047368
-0.0086968
0.0084633
-0.0027184
-0.0026157
-0.0067884
0.0030817
0.0079529
-0.0026775
0.009308
-0.0077909
0.0007299
-0.0022065
0.0019152
-0.0084205
-0.0001654
0.0041434
-0.0002028
0.0092521
0.0097648
0.0041666
0.0026534
-0.0001235
0.0013653
0.0046111
-0.0062721
0.0012167
0.0037894
0.0005024
0.0075391
0.0050369
-0.0001529
-0.0034322
-2.64e-5
0.0022756
-4.79e-5
0.0008592
0.0099863
-0.0090836
-0.0012106
-0.0088535
0.0057883
-0.0089228
0.0096499
0.0010398
0.0057193
0.0074111
-0.0041559
-0.0011497
-0.0031155
-0.0014805
-0.0025581
0.0074293
-0.0046074
-0.0065718
0.0024523
-0.0026622
0.0085959
0.0084881
-0.0002065
-0.0079786
-0.0038843
0.0079508
-0.0083455
-0.005074
0.0017118
0.0014678
0.0054632
-0.0064479
0.0023326
-0.0035011
-0.0046589
0.0086408
-0.0019255
0.0076596
-0.0034225
-0.0016677
-0.0041043
0.0028986
0.0093847
-0.0067442
-0.0004626
0.0079872
0.0061856
-0.0009894
-0.0089186
0.0053038
0.0007517
0.0019058
-0.0040298
-0.0043995
0.0079491
-0.0075991
0.005678
-0.0070885
0.0016428
0.0087777
0.0041596
-0.0062375
0.000862
-0.0022069
-0.004973
0.0063459
-0.0030187
0.0007794
-0.0065554
0.0021832
0.0004248
-0.0048715
-0.0032924
0.0022622
0.003876
-0.0021537
-0.0050353
0.0052815
-0.0057577
0.0097667
0.0010764
0.009583
-0.0006834
-0.0076794
-0.0017342
-0.0080596
-0.002972
0.008831
7.7e-6
0.0077398
-0.0023246
0.0028975
0.0089389
0.0077777
-0.005563
0.0012969
0.0059785
0.0090682
0.0054908
-0.0083245
-0.0082216
-0.0035662
0.0054118
0.0056515
-0.0074738
-0.0020821
0.0034988
-0.0096623
-0.0068163
0.0033428
-0.0080748
-0.0038561
0.0037266
-0.0054145
-0.009645
0.0039511
0.0097135
-0.0035146
0.0053092
-0.008739
0.0039748
0.0018047
-0.0032057
0.00265
0.0060668
-0.004956
0.0005246
-0.0039983
0.0094689
0.0064265
0.0090069
0.0094269
-0.0081456
-0.003549
0.0016017
0.0092664
0.0024853
-0.0056034
-0.0075415
0.0047555
-0.0095229
0.0007314
-0.0010904
-0.0088086
0.0029036
0.0099853
0.00463
-0.0084645
0.0070249
-0.0029335
0.0033798
-0.0015518
0.009029
0.0060563
-0.0082624
-0.0004089
0.0062801
-0.0098412
-0.0075016
0.0039291
0.0062072
-0.0052586
0.0048314
0.001117
0.0002039
-0.0083345
-0.0007709
0.0077868
-0.0089701
-0.0062451
-0.0060521
0.0016326
0.0062398
0.0091587
-0.0019614
0.0029461
-0.0062585
-0.0055787
-0.0013967
0.0017256
-0.0042188
0.0051368
-0.0044834
0.0031085
0.0038909
-0.0054431
-0.0098969
0.0001939
0.0086444
0.0029105
-0.0031485
-0.0010564
-0.005916
-0.0059966
0.0044583
0.007135
0.0061189
0.0037921
-0.0018007
0.0037851
0.0044824
0.0046555
-0.0052359
-0.0088965
-0.0036011
0.0006033
-0.0009325
0.0004125
0.0015563
0.0028665
0.0043765
-0.0053061
0.0084756
0.0078287
0.0022415
6.9e-5
0.0080423
-0.0079237
-0.0017141
-0.0059467
0.0030127
-0.009551
0.0087302
0.0043923
-0.0040076
0.0013526
-0.0004488
-0.0009075
0.0053956
0.0034525
-0.0033474
0.0060764
0.0017856
0.0070858
0.0064052
-0.0088528
0.0081349
0.0005933
0.0006499
0.0077394
-0.0044029
0.0035545
0.003745
0.0005646
-0.0028373
0.0019936
-0.0005048
0.0096638
-0.0076547
0.0027431
0.0025154
-0.0059958
-0.0071373
-0.0061849
-0.0045689
-0.005089
-5.08e-5
-0.0068036
-0.0049647
0.0059021
0.0005798
-0.0090118
-0.0093856
0.0041741
-0.0070208
-0.0067041
0.0056888
0.0077441
0.0036473
0.0095448
-0.003852
0.0018125
-0.0094996
-0.0048857
9.66e-5
-0.0026914
0.0028487
-0.0024935
0.0057027
-0.0066658
0.0039796
-0.0072472
-0.0001026
-0.0008635
