0.0034996
0.0009842
0.0042858
0.0024378
-0.0041029
0.0024442
-0.0062699
0.0064353
-0.0042842
0.0067445
0.0098614
0.0005031
-0.0087137
0.0005256
-0.0031564
-0.0031245
-0.0047005
-0.0084318
0.0009141
0.004784
0.0075009
-0.0018468
-0.0083802
0.0029647
0.0061677
0.0018529
0.0099719
0.0095366
0.0087197
0.0015327
0.0055799
-0.0044133
0.0087003
-0.0068561
0.0079098
0.0057371
-0.0002545
0.0097224
0.0046742
-0.0023337
0.0067155
-0.0063267
-0.0043332
0.0048594
-0.0090898
-0.0022768
-0.0043854
0.0062177
0.0063197
0.0044471
-0.007615
0.0043373
0.0028264
-0.0067896
-0.004898
0.0033175
-0.0081121
0.0035331
-0.0090518
0.0070158
0.0069769
-0.0014318
0.0074199
0.0047897
-0.0083219
0.0032197
0.0031965
-0.008541
-0.0064003
0.0081184
0.0082006
-0.0036364
-0.0036413
-0.0088017
0.0050409
0.007149
-0.0011592
0.0013972
-0.0070541
0.0083414
0.0002437
-0.0094951
0.0024931
-0.0032037
-0.0096459
-0.0078256
0.0011081
-0.0035531
-0.0009122
-0.0077736
0.0069869
-0.0005723
0.0071671
-0.0006223
0.0098636
0.0021801
0.0031721
0.0077001
0.0039404
0.0011025
-0.0025533
-0.0020332
0.0023854
-0.0034266
0.0029059
0.0019997
0.0033752
0.0003292
0.0074209
-0.0030905
0.0002007
0.0071851
-0.003622
-0.0048103
-0.0070151
0.0070434
0.003149
0.0050413
0.0015327
-0.0057691
-0.0016549
0.0018887
-0.0028258
-0.0089047
0.0067964
0.000633
-0.0075938
0.0036492
0.0036644
0.000801
-0.0032163
-0.0064548
0.0004048
-0.0012988
0.0025693
-0.001101
0.0098686
0.0041322
0.0052479
0.0033704
-0.0051109
0.0093523
0.0041214
0.0055347
0.0099558
0.0006441
-0.0089664
-0.0021437
0.0056545
0.0014453
0.0085726
-0.0036802
0.003695
0.0003334
-0.005924
0.0033123
-0.0035834
-0.0075203
0.0051693
-0.0055683
-0.0096934
0.0073288
0.0015306
0.0027462
0.006221
-0.0079487
0.0057032
0.0016305
0.0047344
-0.0051341
0.0055428
-0.0099396
0.0075403
-0.0021565
0.0091516
0.0006009
-0.0072366
-0.0002647
0.0007892
0.0022432
0.0076198
0.006066
-0.0056556
0.0046374
-0.0096016
0.0094454
-0.0091025
0.0011571
-0.0086323
0.001282
0.0033006
0.0072577
0.0048054
0.0098493
0.0074397
-0.0052066
-0.0061291
0.0086077
0.0028663
0.0029823
0.0051055
-0.0005971
0.0067619
0.0014262
0.0031695
-0.0007783
-0.0049721
0.0057488
-0.0037644
-0.0044732
-0.0007379
0.0094544
-0.0077822
-0.0098229
0.003469
-0.0002137
-0.0094346
-0.0038173
0.0027441
-0.0056029
0.0021621
0.0095494
0.0079251
0.0085924
0.0080858
-0.0076997
-0.0032673
0.0026542
0.0082415
0.0013246
0.0059761
0.0097773
0.0087361
0.0002845
-0.0041549
-0.0095065
0.004112
0.0012236
0.0011987
-0.0099898
0.0064801
-0.0081082
0.0058584
-0.001708
0.0070761
0.0037168
0.0044715
0.0010307
-0.0062549
-0.0073019
-0.0093397
-0.0041354
0.0046224
6.4e-6
-0.0032541
2.38e-5
0.0093696
-0.0099439
0.0019836
-0.0015234
-0.0049885
-0.0063944
0.0022621
-0.0041552
-0.0076071
0.009128
0.0054857
0.004858
0.0068898
0.0044357
-0.0035952
0.0098806
-0.0067656
0.0041337
0.0073716
-0.0048801
0.0016208
0.0062751
0.0006281
0.0038195
-0.0013434
0.0037087
-0.0029708
-0.0084041
-0.0023963
0.0009697
-0.0095513
0.0008362
-0.0011686
0.0076047
0.0048642
-0.0025632
0.0092435
-0.0026564
0.009115
0.0096123
0.0083229
-0.0073732
-0.0040269
0.0059222
0.0093269
0.0023797
-0.0097419
0.000214
0.0088832
0.0070337
-0.0061681
-0.0036867
0.0021115
-0.008872
-0.0064766
0.0041898
0.0004146
-0.0092824
-0.0096832
0.0049766
-0.0014469
-0.0045636
0.0072322
0.0013106
-0.0078265
-0.0078351
-0.0042874
-0.0015137
-0.0002591
0.0064431
-0.0020149
0.0025517
0.0095112
0.0073178
0.0065343
0.0090358
0.0056917
0.0033759
0.0043158
-0.0038777
0.0030013
-0.0095442
-0.009486
0.004262
0.0066768
0.0037985
0.0075689
-0.0067426
0.0042442
-0.0030203
-0.003703
0.0065069
-0.0028508
-0.0034772
0.0077767
-0.0045559
0.0067616
-0.0013455
-0.0018919
0.0089997
-0.0075767
-0.0010725
0.0069488
-0.0094058
0.0090169
-0.0070623
0.002594
-0.0080853
0.0020463
-0.001063
0.0074463
-0.006048
0.0082835
-0.0018893
0.0011244
-0.0018079
0.006112
-0.0049628
0.0056208
0.0085633
4.18e-5
0.0046083
0.0093203
0.0094441
-0.0089161
0.0049797
-0.0028211
-0.0012263
0.0059468
0.0056264
-0.0091578
0.0003963
0.0059176
-0.0021226
0.0047206
0.0011303
-0.0071911
0.001613
0.0053331
-0.000247
0.0023704
-0.0024595
-0.008753
-0.0038755
-0.005356
-0.0036252
0.0054656
0.0042275
0.0058512
-0.0001832
0.0043635
0.0068909
-0.0003518
0.0014117
-0.0076898
0.0038077
0.0094552
0.0047459
-0.0097618
0.0003411
-0.0075489
0.0078598
0.001461
0.0011243
-0.0023298
-0.0028743
-0.0035657
0.0029727
-0.0049703
-0.0059937
-0.0095563
-0.0030464
-0.008115
0.0032786
-0.0080523
-0.0044896
-0.0049658
0.0029715
-0.0059341
-0.0007434
0.0099461
-0.0072692
0.0048784
0.0085434
0.0099642
-0.0092889
0.0011773
0.0008419
0.0045854
-0.0025049
0.009414
0.0020665
-0.003801
0.0007218
0.0015754
-0.0078276
0.0098288
-0.0064519
0.0063068
0.0015587
0.0023005
-0.0072133
-0.0083976
-0.0049579
-0.0096638
-0.0090814
0.005778
0.0096878
-0.0076235
0.0039028
0.0074305
-0.0069381
-0.0043791
0.0041347
-0.0057443
0.0092764
-0.004074
0.0012774
-0.0015799
0.0019994
-0.0097061
0.0011934
-0.0095082
-0.0037558
-0.0021481
0.0037993
-0.0010697
0.0042175
0.0064566
-0.002904
-0.0091741
0.0021472
-0.0048063
-0.002666
-0.0077028
-0.0063529
-0.0047669
-0.0034338
0.0095403
