0.0089205
0.0028505
-0.0038789
0.0013138
-0.0065408
9.7e-5
-0.0073217
-0.0025615
0.0007992
-0.0023601
-0.0041689
0.001631
0.0010469
0.0060271
0.0064415
-0.0055214
-0.0092825
-0.0039257
-0.009014
0.0040606
0.0053725
-0.0064837
-0.0096702
0.0034594
-0.0058546
-0.0098625
-0.0022566
-0.0057466
-0.0083739
-0.00843
0.0072923
0.0098337
0.0012244
-0.0055438
-0.0031815
0.0038363
-0.0047316
0.0080858
-0.0051302
0.0077642
0.0009975
0.006039
-0.0040152
0.0011575
-0.0079925
-0.0063311
-0.0027663
0.0015118
0.0095916
0.0014771
-0.0059408
0.0037242
0.0071784
0.0028088
-0.0081418
-0.0034598
0.0064958
0.004184
-0.0070909
-0.0075571
0.0015827
-0.0024705
0.0054075
-0.0007294
-0.0062136
0.0079142
0.0052648
0.0098661
-0.0068272
-0.004502
0.0039452
-0.0086359
-0.0042047
-0.0031114
-0.0053845
0.0032562
-0.0021103
0.0062254
0.0010516
-0.0075841
0.0044121
0.0088578
-0.0068531
0.0021554
-0.0017726
0.0039274
-0.002901
0.0001836
-0.0010168
-0.0076473
-0.0040391
0.0044051
0.0084409
-0.0049254
-0.0042467
0.0028251
0.0099106
-0.0074827
-0.0068251
0.0091968
0.0083532
0.0028598
0.0006632
-0.0084838
0.0051054
0.0031857
-0.0029188
-0.0083274
0.0097064
0.0023125
0.0097434
0.002927
-0.0084819
-0.0089063
-0.0086524
0.0004223
-0.0044596
0.0068812
-0.0035933
-0.0035541
-0.0099922
-0.0005626
-0.0040925
0.0042443
0.0018867
-0.0052642
0.0073696
-0.0072161
0.0092406
0.0044375
0.0021069
0.0029386
-0.0050572
-0.0023432
-0.0049671
0.008616
0.0071258
0.0088438
0.0082512
-0.0086683
-0.0082822
0.0019689
-0.0095171
-0.0087648
-0.0037779
-0.0091155
-0.0071864
0.0034081
0.0062349
-0.0029079
-0.0094045
0.0016104
-0.0085464
-0.0075441
-0.0061023
0.0020116
0.0009605
-0.005926
-0.0026271
0.0087714
-0.0020441
0.0041003
-0.0068515
0.0003278
0.0005851
0.0065547
0.007992
-0.0059507
-0.0085094
0.0072479
0.0060937
0.0087644
-0.0083153
0.0002745
-0.0076016
-0.0081022
-0.0078459
-0.0036751
-0.0047255
0.0024072
0.0044226
-0.0023347
0.0095483
-0.0053822
-0.0028829
0.0065172
0.0059453
-0.0041819
-0.0089406
-0.0088177
-0.0063688
-0.0092101
-0.0068131
-0.0013985
-0.0033585
-0.0042217
-0.0071494
-0.0095959
-0.0027126
-0.0097971
0.0043545
0.0073596
0.0048555
0.0031003
0.0062491
-0.0056418
0.0047661
-0.0060721
-0.0080923
0.0084774
-0.0034748
-0.0003824
-0.0017944
0.0066418
0.0035571
0.0088091
-0.0029881
-0.0011896
-0.0044074
0.0019993
0.0057768
-0.0004231
0.0066279
-0.000157
0.0054231
0.0086556
-0.003182
-0.0050166
0.0077929
-0.000311
-0.0052323
-0.0060395
0.0039496
-0.0048828
0.0076862
0.0036031
0.0059694
0.0047429
0.0075092
-0.0011132
-0.0095399
0.0018409
-0.0064361
0.0031073
0.0005395
0.0096987
0.0074199
-0.0019276
-0.0049449
0.0076493
-0.0056819
0.0027772
-0.0080029
-0.0084825
0.0081221
0.0043496
-0.0094218
0.0065264
-0.0015664
0.0018976
-0.0051138
0.0065555
-0.0020139
-0.0071114
-0.0093352
0.0056479
0.0003729
0.0051731
-0.006162
-0.0046397
0.0095141
0.0069942
-0.0030273
-0.0050573
0.0091325
-0.0019274
-0.0032652
0.0081219
0.0093825
-0.0095755
0.0031739
0.0081826
0.0086976
0.0092446
-0.0047656
-0.0087516
0.0024605
-0.0067823
-0.0074927
-0.0087423
0.0066246
0.0056994
-0.0060382
0.0034012
0.0004403
0.0074575
-0.0068141
-0.0009478
-0.0019044
0.0054561
-0.0060619
-0.0098204
-0.0045628
0.007095
-0.0038379
0.0001232
0.0002775
-2.31e-5
-0.0063865
0.0027103
-0.00297
0.0036754
0.0021693
-0.0001775
-0.0090195
-0.0079008
8.53e-5
-0.0084685
0.0088762
0.0024564
0.0046938
0.0069776
0.004347
0.0034599
-0.0058043
-0.004245
-0.0012985
0.0025
0.0075702
0.009159
-0.0064636
0.0091959
0.0043511
-0.0050251
0.0039741
-0.0053869
0.0066185
-0.0004841
0.0002583
-0.0056211
0.0023678
0.0063673
-0.0035719
-0.0097997
0.0087153
0.0069319
0.0054263
-0.0024497
-0.004206
-0.000221
0.0062179
0.0062244
-0.0039128
-0.0097583
0.003563
0.0082733
0.0012162
-0.0056722
-0.0062915
-0.0039819
-0.0076172
-0.0091642
0.008485
-0.0051036
-0.0038565
0.0023579
0.0031484
-0.00674
-0.0085746
-0.0083505
0.009105
-0.0003845
0.0028479
-0.0028691
0.0050771
-0.0079263
-0.0048716
-0.0035825
-0.0057892
-0.005584
0.0078503
-0.0025562
-0.0096479
0.0043089
-0.0008389
-0.0070278
0.0086556
-0.0033237
0.0096126
-0.0070296
0.0028523
-0.0011595
-0.001246
-0.0055002
-0.0097412
-0.0095483
0.0035197
0.0092579
0.0031171
0.0078768
-0.0003713
0.0026637
-0.0074926
-0.0078686
-0.0049809
0.0050354
-0.009808
-0.0021628
-0.0086111
0.0049201
0.0090376
0.0018292
0.0083583
-0.0045053
0.0040057
0.0023895
-0.0021927
0.0036155
0.0020311
0.0044689
0.0080335
0.0058448
0.002436
0.0073482
0.0056549
-0.002369
0.0030311
0.0092265
0.0075411
-0.0026918
-0.0010437
-0.0094954
0.0033613
-0.0073386
-0.0057858
-0.0032552
-0.0035928
0.004471
0.0070688
-0.0008264
-0.0034837
0.0097659
-0.0098777
0.0037079
-0.0045028
-0.0090701
-0.0018406
-0.0034263
0.0073245
0.0028497
-0.0079606
0.0011553
0.0095722
-0.0023161
-0.0060378
-0.002892
-0.002045
0.0014431
-0.0006339
-0.0067123
0.0053684
0.0038241
0.0093524
0.0054074
0.0024252
-0.0041858
0.0009653
0.0067701
-0.0046443
-0.0064527
0.0003695
0.0022074
-0.0038627
-0.0069387
-0.0005115
0.00324
0.0045205
-0.0018904
0.0065085
0.0073259
0.0049084
-0.0038065
-0.004309
0.0067462
-0.0092517
0.005597
0.0043015
-0.0038991
-0.0095296
-0.0094488
-0.00953
-0.0069432
0.0003703
-0.0005755
-0.0072898
