6.45e-5
-0.0038232
0.0079071
0.0003806
-0.0097941
-0.0078097
-0.0051616
-0.0049426
-0.0022862
0.0074755
0.0015548
-0.004909
-0.0081627
-0.0083174
-0.0047195
0.0047577
-0.0001658
-0.0056122
-0.0030622
-0.003526
-0.0051641
0.0078996
0.0088587
-0.0065451
0.0069424
0.0088538
-0.0099559
0.0093411
-0.0028911
0.0009788
-0.0048014
0.0081983
-0.0026372
-0.0052719
0.0084646
-0.0026235
-0.0073654
-0.0011685
0.0033586
-0.0026034
-0.0042307
0.0056784
-0.0017014
-0.0073449
-0.0088998
-0.0037479
0.0084094
0.0093428
-0.0039142
-0.0028756
0.0052904
-0.0056976
-0.0011574
-0.0082865
0.0004727
0.0063346
-0.0092034
0.0045652
0.0067749
-0.0089776
0.0057637
0.0020394
0.0039245
0.0042446
-0.0065759
0.0028122
-0.0005354
-0.0011192
-0.0007924
0.0086141
0.0089711
0.0037097
-0.0033508
-0.0001072
-0.008788
0.0034856
-0.0068794
0.0075125
-0.0030912
0.0086656
-0.0094518
-0.0024749
-0.0014301
0.0010131
-0.0031829
-0.0005407
0.0077801
0.0089232
0.0046655
-0.0023161
-0.0030514
-0.0047877
0.0098696
0.0068186
0.009954
-0.0035501
0.0088822
0.0089441
0.0015711
0.0048702
0.0070629
0.0010076
0.0017208
-0.0068955
0.0010638
-0.008103
-0.0099106
-0.0063126
0.0053017
-0.0025138
0.001568
0.0091078
0.0084938
0.0060894
0.0095809
0.0025794
-0.0068315
0.0044588
-0.002735
0.008323
-0.0039873
0.0009574
-0.0035618
0.0041251
0.0027066
0.008297
-1.16e-5
-0.0070544
-0.0080855
0.0029523
-0.0014517
-0.0004927
0.003559
-0.0092147
0.0080658
-0.0023723
-7.85e-5
0.0028213
0.0075173
-0.0009365
-0.0038009
-0.0011749
0.0025148
-0.0038207
-0.0039169
-0.0031987
0.001903
0.0072103
0.0067406
-0.0081753
-0.0088557
-0.0099004
-0.0016239
-0.0061256
0.0030273
-0.007096
-0.0038672
0.0069699
-0.006472
0.0028928
0.0036284
0.0042347
-0.0013349
0.0014246
0.0028517
0.0019857
-0.004163
-0.0077924
0.0027281
0.0084438
-0.0099683
0.0062322
0.0041332
-7.88e-5
0.0018883
-0.0058112
-0.0046386
-0.0029977
0.0060026
0.0014463
-0.0056987
-0.0062495
-0.0052927
0.0005303
-0.0099673
-0.0005339
0.0087861
0.006256
-0.004636
-0.0088024
-0.0032108
0.0094513
0.0018283
0.0068194
0.0013545
-0.0007071
0.0075189
0.0007713
0.0036971
0.0001213
-0.0052328
-0.0067472
-0.0039212
0.0026154
0.002674
0.006536
-0.007387
0.0073303
0.0077852
-0.009834
-0.0012959
-0.0011948
-0.0025923
0.0027134
0.0088714
0.000638
-0.0097518
-0.0079703
0.0024935
0.0034786
-0.0050041
-0.0009239
0.0020613
-0.0047404
-0.0009975
-0.0049384
-0.0002652
-0.0052231
0.0065893
0.0031393
-0.0046502
0.0071739
0.0027399
-0.0039116
0.0056381
-0.0083145
0.0096767
-0.002064
-0.0055808
-0.0090322
0.0005314
0.0037431
-0.0094059
0.0094123
-0.0079595
-0.0007504
0.0010562
-0.0047199
-0.0003965
0.0038034
0.003395
0.0082358
-0.0086475
-0.0064428
0.0098904
-0.0082316
0.0081545
0.0064221
0.0054992
-0.0008788
-0.004107
-0.0030378
0.0059066
-0.0019566
-0.0090882
0.0092607
0.0055916
-0.0027505
0.0098989
-0.00538
0.0017535
-0.0062892
0.007505
0.0039617
-0.0095609
0.0038346
-0.0023567
0.0052429
-0.0008911
0.0092841
0.0046778
0.0080408
0.0017897
-0.0006582
0.0060989
-0.0011986
-0.0080464
0.0040843
-0.0090886
0.0085329
-0.0048465
-0.0044205
0.0066277
-0.0015719
0.0021228
-0.0030811
-0.009931
0.0095365
-0.0033974
-0.0019629
-0.0073563
0.0017956
-0.0037234
-0.002304
-0.0026399
0.0064837
-0.004376
-0.0045497
0.004673
-0.0043298
0.0099395
0.003902
0.0075203
0.0076942
-0.0093077
0.0091571
0.0009252
0.0039418
-0.0046796
0.0082134
0.0088834
-0.0031747
-0.0050338
-0.0008398
0.0083556
0.0051742
0.0062992
0.0092595
-0.007705
0.0086551
0.0054838
0.0099885
0.0087633
0.0077997
0.0096353
0.0053787
-0.0008835
-0.0045097
0.0091294
-0.0080104
0.0060975
-0.0037572
0.0013447
0.0099547
-0.0018312
-0.0098983
-0.0034956
0.006356
0.0011009
0.0099162
-0.0081053
-0.0052007
0.0047102
0.0074131
0.0055097
0.0050243
0.0063625
0.0077382
0.0086695
0.0077033
-0.0080053
0.0087926
-0.0005275
-0.0055344
-0.0083645
-0.0097983
0.0052045
-0.0014906
0.0083033
-0.0096661
-0.0060742
0.0014087
0.00285
0.0096956
0.0072064
-0.0055666
0.0098766
0.0080633
-0.0075415
0.00145
0.0023477
0.0024289
-0.0085332
-0.0024796
-0.0009677
0.0057404
-0.0073473
0.0072773
0.0007649
0.0074764
0.0084789
-0.0067335
-0.0027503
-0.0033674
0.003431
-0.0069121
-0.0037344
-0.0002391
0.0096147
0.0071965
-0.0046883
0.0089241
-0.0060674
-0.0033142
-0.0022717
-0.001199
-0.0007463
0.0001879
-0.0072455
0.0077122
0.0094397
-0.0008104
-0.0013235
0.0041728
-0.0045108
-0.0010428
-0.0089336
-0.0080854
0.0071133
0.0097438
0.0061641
0.0069747
-0.0098755
0.0026636
-0.0073397
0.0073915
-0.0036582
-0.0001554
0.0056571
0.0098139
0.0013727
-0.003936
-0.0084203
-0.002485
0.0064143
-0.0087633
0.0077195
-0.0032513
0.0050532
-0.0026447
0.00516
-0.0030774
0.0085286
-0.0055787
-0.0014849
0.0057699
-0.0014666
-0.0014895
0.0096738
0.0094067
0.0086425
-0.0025415
0.0035025
0.0073464
0.0001913
0.0089301
0.0025399
0.0084553
0.0021672
-0.0081893
-0.007075
-0.0058849
0.0034221
-0.0075725
-0.0004822
-0.0048505
0.0026265
0.0010984
-0.0068934
-0.0001417
-0.008585
-0.0029334
0.0041069
0.008741
-0.0034804
0.0069291
0.0084787
0.0001141
0.0029207
0.0009519
-0.0086515
-0.0020845
0.0082034
-0.0057385
-0.0022868
-0.001703
-0.0044588
-0.0041594
-0.0017361
-0.0038471
0.0066974
-0.0040447
-0.0082405
-0.0017327
-0.0037519
