-0.0069211
-0.0054459
-0.0071791
0.0045034
-0.0052562
0.0061139
-0.0023654
0.0049663
-0.0057905
0.0054474
0.0087292
0.0066912
-0.0095656
0.007751
-0.0022033
0.0070149
-0.0052936
0.0021708
0.0055356
0.0075661
0.0020294
0.0097482
0.0048557
-0.0080541
-0.0063056
0.0075651
-0.0024016
-0.0088609
0.0015968
0.0040825
-0.0025162
0.0043481
-0.0014769
-0.0006089
-0.0035851
-0.0077019
0.0004902
0.003229
0.0023972
-0.0023777
0.0077367
-0.0030001
0.0027198
0.0024941
0.0079145
0.0095297
-0.0012983
-0.0073321
0.0045566
0.0022441
-0.0002023
-0.0038738
0.0041562
-0.0056352
0.0086741
0.0011757
-0.0085305
0.0063878
0.0056245
0.0041864
-0.0008989
0.0015366
-0.0025496
0.005447
0.0028705
0.0022738
0.0061014
0.0056052
-0.0071518
0.0064764
0.0081029
5.63e-5
0.0041739
-0.0094854
-0.0048171
-0.0060627
-0.0065073
0.0006382
-0.0062028
-0.0044601
-0.0030851
0.0006484
-0.0068169
0.0070189
0.0078915
0.0098358
-0.0079016
0.0018838
0.0015636
-0.0044747
0.0097784
0.0039772
-0.0015743
0.0018502
0.0006941
0.0016617
-0.0068107
-0.0080633
-0.0022216
-0.0020456
0.0087222
-0.0070882
0.0025482
-0.0056329
-0.0036386
0.0031211
-0.0016954
0.0035915
-0.0006207
0.0063457
0.0009778
0.0068025
0.009598
-0.0070676
0.0016301
-0.0027936
-0.0059558
-3.87e-5
-0.0093529
-0.0096629
-0.0094781
-0.0040176
0.009042
0.0049097
-0.0012872
-0.001863
-0.0082835
0.0090681
0.0027695
0.0093194
0.0064915
0.0082792
-0.009403
0.0018747
0.0021592
0.0042804
-0.0044877
-0.0053955
-0.0020624
-0.0096772
-0.0044834
-0.0069818
-0.0045182
-0.0013769
0.0072267
0.0029541
-0.0017326
0.0089487
0.0056808
-0.0016992
-0.0087738
-0.001553
0.0001995
-0.0092046
-0.0099465
-0.0046408
-0.0093311
-0.001606
-0.0038023
-0.0035218
-0.0054206
-0.009658
-0.0090277
-0.0019116
0.0077743
0.0044112
-0.00342
-0.0079001
0.0011804
-0.0025367
-0.0063379
0.0039335
-0.0079053
0.0032061
-0.0088922
-0.0078261
-0.0046041
-0.0005206
-0.0087262
0.0040304
0.0090639
-0.0059873
-0.0053498
-5.3e-5
0.0054526
-0.0053654
-0.0028863
0.0004174
-0.0030687
-0.003717
-5.48e-5
0.0093721
-0.0001284
-0.0039039
-0.0024718
-0.0093011
0.0040929
0.00519
0.0058551
0.0009935
0.0030556
-0.0070494
-0.0058147
-0.0089945
0.0089308
0.0018854
0.0009505
-0.0052941
0.0061544
-0.0010897
-0.0019441
0.001517
0.0051231
-0.0074118
-0.0012015
0.0047647
-0.0029057
0.0067467
0.0057871
0.0071539
0.0039158
0.0063126
0.0018155
-0.0020851
0.0060822
0.0018538
-0.00012
-0.0095105
0.0046321
0.006753
-0.0032451
-0.0069797
-0.0033163
-0.0007985
-0.0071591
0.0008993
0.0066819
0.0002577
-0.008265
0.0044114
0.0075139
0.0005871
0.0064532
0.0057231
-0.007855
0.0074837
-0.0070428
0.0029402
0.0030827
0.0078341
0.005683
-0.0002399
0.0067996
0.0089561
0.0070129
-0.0005506
0.0031171
-0.0026213
0.0012199
0.0011728
0.0054736
0.0041881
0.0026336
0.0019908
-0.0081822
-0.0034474
0.0033616
-0.003776
-0.0092997
0.0032148
0.0040806
-0.0070888
-0.0094215
-0.0062846
-0.0033637
0.0027744
0.0015827
0.0090431
-0.0019771
-0.0008975
-0.0003919
0.0091978
-0.0089737
-0.006526
0.0015087
0.0090319
0.0056867
0.0092662
0.0060792
-0.0001286
-0.0028425
0.0088186
-0.0046602
-0.0037428
-0.0077257
-0.0069006
-0.0034109
-0.0036555
-0.0006871
-0.0042641
-0.0035504
0.0093089
0.0095443
-0.0018082
-0.0065674
-0.0042414
-0.0053935
-0.006976
-0.0011358
0.0067891
-0.0014664
-0.0031757
0.0099718
-0.001783
0.0057863
0.0044298
0.0085837
-0.0095013
-0.0005843
-0.0009858
0.0041106
-0.0042582
0.0085952
-0.0087921
0.0047989
0.0037856
0.0001292
-0.0081654
-0.008071
-0.0024176
-0.0014663
0.0094467
0.0047937
-0.0044497
0.0010703
0.0088873
0.0017237
0.0042304
0.0007839
0.0013035
0.0060467
0.0017971
-0.0087198
0.0026349
-0.0023521
-0.0068756
0.0017135
-0.0087609
0.004646
0.0014649
0.0010682
-0.0093845
-0.0022922
-0.0046562
0.0017331
0.0077254
0.0071698
-0.0096404
0.0019739
0.0033632
0.004246
0.004755
-0.0013913
-0.0053499
0.0010421
0.0014063
0.0014378
-0.0062649
-0.0066045
-0.0034628
0.0074656
0.0075543
-0.0098957
-0.0083954
0.0052074
-0.0054892
0.0084777
-0.0074594
-0.0093356
0.00779
0.0021686
0.0006998
-0.0027228
0.005945
0.0083993
-0.0034255
-0.0067809
-0.0024124
0.0050776
-0.0077567
0.0007343
-0.0050134
-0.0039418
-0.0017153
-0.0082932
0.006929
0.0088677
0.0044931
0.0028652
-0.0091553
0.0030321
-0.0095031
0.0038541
-0.0040819
-0.0088242
0.0059271
-0.0049863
0.0095534
-0.007507
0.0095682
-0.0046052
-0.0020223
-0.0065162
0.0078634
-0.0039522
0.003385
-0.0026792
-0.0065006
-0.0072604
-0.0029005
0.0048905
-0.0039715
0.0049533
-0.0019847
-0.0033522
-0.0090032
0.0074018
-0.0028514
-0.0038813
-0.0038485
0.0008144
-0.0025282
-0.0096397
-0.0063239
-0.0087205
-0.0006707
-0.0090362
-0.0034904
-0.0017311
-0.0095792
0.0081088
-0.0001308
-0.0034709
0.0039462
0.0089865
-0.0059415
-0.0069358
-0.0082346
-0.0078451
0.0002008
0.0066054
0.0059989
-0.0094386
-0.0020596
-0.0050138
-0.0093953
0.001127
-0.0026568
0.0006236
-0.0020271
0.005663
0.0067406
-0.0048974
0.0078861
0.0097549
0.0065099
-0.0099067
-0.0097224
-0.0013819
-0.0080061
-0.0030513
-0.0001887
-0.0073764
-0.005582
0.0010009
0.0059106
0.0094675
0.0091993
0.0077722
0.0024543
0.0099735
-0.0052505
0.0046022
-0.0026339
-0.0018088
-0.0060833
0.0074219
0.0080469
0.0037229
-0.0076319
-0.0090983
0.0014952
0.0067577
0.0058135
0.00835
