0.0047826
-0.0014393
0.0072628
0.0028683
0.0027378
0.0083506
-0.0006708
0.0023611
0.0074861
-0.0053772
-0.0005037
0.0053813
0.0075853
-0.0035693
0.0005975
0.0054554
0.0067309
0.0001053
-0.0072814
-0.0082589
0.0017391
0.0008171
-0.0095603
-0.0034876
0.0013037
0.0017767
-0.0039297
-0.0058706
-0.000659
0.0085091
-0.00074
0.0022746
0.004152
-0.0070463
-0.0021367
-0.0096802
-0.0055355
-0.0020383
0.001926
0.0063073
0.0061386
-0.0049698
-0.0084707
0.0055145
0.0020809
-0.0074085
0.0003974
0.00264
-0.0081645
-0.0083199
-0.0035959
0.0043433
-0.0038846
-0.0007077
-0.0078221
-0.0084734
-0.0076547
0.0092656
-0.0022163
-0.0029568
-0.0042126
-0.0061288
0.0029272
-0.0036088
0.0002939
-0.0077601
-0.0065493
-0.0089421
0.0023489
-0.0003288
0.0073789
-0.0072965
-0.0004182
0.0065657
0.0054331
0.0079099
0.0014584
0.0026089
0.002583
-0.0042153
0.003152
0.009674
0.0098521
-0.0007511
0.0052683
0.0079525
0.0023251
0.0026874
0.0035463
0.007929
-0.0030719
0.0061678
-0.0043802
0.0015559
-0.0089719
0.0080642
-0.0096958
0.0078779
0.0065882
-0.0065863
0.0055509
0.0019274
0.0089734
0.0037655
-0.0082585
0.0079002
0.0045557
0.0079324
-0.0035553
-0.0090832
-0.0069384
0.008063
-0.0033093
0.0018137
-0.0080472
0.0015125
-0.0067566
0.0006923
-0.0006839
0.0012186
-0.0062975
-0.0061982
-0.0038698
0.003871
-0.0056781
0.0083238
-0.0007931
-0.0050947
-0.0082843
-0.0066848
0.009455
0.0075986
-0.0025577
0.0099539
0.0091239
0.0067432
-0.0057033
-0.0048377
-0.0027078
0.0066544
0.0059457
0.0047547
0.0042251
-0.0025771
0.0063441
0.0059562
0.0079502
0.0038537
0.0040938
0.005209
0.0007811
-0.0094791
-0.006993
-0.0057383
-0.0089734
0.003103
0.0054822
-0.0093652
0.0011258
0.0051674
-0.0036501
0.0037615
-0.0048198
-0.0009907
-0.0050057
0.0056897
-0.0034826
-0.0052062
0.006354
0.0078407
0.001485
-0.000726
0.0046724
-0.0045437
-0.0051512
0.0064608
0.0060088
-0.0062821
-0.0039694
0.0037371
0.0006763
0.0041567
-0.006577
0.0067487
0.0084143
-0.0050201
-0.0091836
0.0045636
0.0066155
-0.0019266
0.0076922
-0.0009105
0.0059279
-0.0032801
-0.0072207
0.0032822
-0.0061672
0.0052855
-0.0097475
-0.0097272
0.0074862
-0.0034068
0.004074
-0.0089011
0.0093468
0.0038644
-0.0025749
0.0070394
-0.0003154
0.0049988
0.0019758
0.006772
0.0073024
-0.0058769
-0.0021676
-0.0028286
0.0011826
-0.0023282
0.0056374
0.0014707
0.0058816
-0.0057712
-0.0003558
-0.0065958
-0.0048178
-0.0043364
0.0075086
0.0036955
0.00743
0.0039657
-0.0027266
-0.0070121
0.0001141
-0.0013334
-0.0040362
0.0003937
0.003803
-0.0096177
0.0094972
0.0021922
0.0090641
-0.0002475
-0.0024851
0.001375
0.0085662
-0.0026702
-0.0023123
-0.0082115
0.0087835
-0.0020933
0.0004204
0.0067874
-0.0042423
3.46e-5
-0.0068626
-0.0015136
0.0025004
0.0018971
0.00898
-0.0085062
-0.0066811
0.0043922
0.0033118
-0.0010142
0.0028137
0.0039467
0.0070712
-0.0079464
0.0077028
-0.0084654
0.0017947
-0.0065438
0.0089278
-0.003702
0.0039736
-0.0029519
-0.0005316
1.8e-6
0.0023089
-0.0032529
0.0012517
-0.008065
-0.0052311
0.0037387
0.0051291
0.0055525
-0.0015867
-0.003871
0.0090917
0.0047635
-0.00984
0.0037771
-0.0061788
-0.0073681
-0.0054106
0.0047108
-0.0060557
-0.0079064
0.0017212
-0.0077906
0.0060084
0.0044489
-0.0061664
0.0031372
-0.0040052
-0.0019662
-0.0068359
0.0031364
0.0056716
0.0097559
-0.0069145
-0.0063006
0.0078192
0.0050313
0.0049259
0.0087068
-0.0087016
-0.0054957
0.0087506
0.0087465
0.0075635
0.0004296
0.0024699
0.0014082
-0.0025641
0.0044315
-0.00506
-0.0083018
0.0095074
0.0016081
-0.0091638
-0.0011729
0.002282
0.0056545
-0.0037912
-0.0050127
0.005331
-0.0027416
-0.0058208
-0.0082271
0.0019655
0.0049556
0.0011882
-0.0020518
0.0017971
-0.0097699
0.0005296
0.0024809
0.0091837
0.0079036
0.0082216
-0.0083422
-0.0068512
-0.0023615
-0.0061304
-0.0028016
0.0038499
0.009985
-0.0035251
0.0056757
-0.0051207
0.0036407
-0.0014494
-0.0076052
0.0010715
-0.0084678
-0.0039362
9.98e-5
0.0009091
-0.0082617
0.0065982
-0.0040044
0.0016095
0.0002136
0.0076226
0.0009614
-0.00946
0.0083109
-0.006906
-0.004049
-0.0015023
-0.0042547
0.0090031
0.001287
0.0021195
-0.0081531
-0.0030978
-0.0081346
-0.0046768
0.0007262
0.008719
0.0029721
-0.0072771
0.0027448
-0.0080408
0.0041977
-0.0030658
0.0015622
-0.0010917
-0.0006715
-0.0033482
-0.0040543
-0.0021381
-0.0090436
-0.0056662
0.0078422
0.0034372
0.0029847
-9.16e-5
4.05e-5
0.009376
-0.0099915
0.0088315
-0.0045803
0.0081312
-0.000479
-0.0036855
0.0089788
0.0026596
-0.0065373
-0.0028205
-0.008892
-0.0058835
0.0022342
-0.0057507
0.003286
-0.0061577
0.0090474
0.0096063
-0.0022528
-0.002491
0.0020157
-0.0094664
-0.006724
-0.0001332
-0.0085651
0.0071894
-0.0029
0.0042743
0.0071427
-0.0035436
-0.0024434
0.0093223
0.006638
0.0094602
0.0010933
-0.0025971
-0.0014797
-0.0009284
-0.0040184
-0.0034013
-0.003381
-0.0094286
0.0071396
0.0067389
-0.00768
-0.0011186
-0.0091122
-0.0005935
-0.0085575
0.0099492
-0.0034934
-0.0054521
0.0068538
-0.009479
0.0048642
0.0051557
-0.0077343
-0.0039041
0.0069653
0.0099901
-0.0064416
0.0076968
0.0059941
-0.005399
-0.0044709
0.0033222
0.0012077
-0.0004795
0.0077408
0.0032113
-0.006363
0.00813
0.0015509
0.0093563
0.0055959
-0.0024589
-0.0019821
0.0039088
-0.005491
-0.0058326
0.0095652
-0.0016764
-0.0076471
0.0015727
