0.0040028
0.0024819
-0.0073446
-0.0026847
-0.0083412
0.0006178
0.0099551
0.00967
-0.0083816
0.0005451
0.0007883
-0.0077109
-0.0065174
0.0013049
-0.0016948
-0.0092646
-0.0076492
-0.0035146
0.0028058
0.0087036
0.0013779
0.0060224
-0.0059653
-0.0049037
-0.0057879
-0.0066011
-0.0081308
-0.0061835
0.0044022
0.0070417
-0.0058923
0.0044372
-0.0061891
0.0034079
-0.0095266
-0.0021387
-0.007834
-0.0098797
-0.0043258
-0.0090167
0.0091129
-0.0028661
0.004914
-0.0049343
0.0020068
0.005217
0.0007626
-0.0099129
-0.0082724
0.0002446
0.0089108
0.0027893
-0.0010524
-0.0022109
0.0033193
0.0079584
-0.0003906
0.0097758
-0.0075703
-0.0069167
0.0068856
0.0030287
-0.0076725
0.0021212
-0.0055218
0.0001557
-0.0026049
0.0010471
-0.0091175
0.0092629
-0.003779
0.001074
0.0073245
-0.0076334
0.0096877
-0.0032591
0.0082859
-0.0080272
0.0043668
-0.0012648
0.0036764
-0.0044403
0.0070479
-0.0046213
0.0048464
0.0097163
-0.0017242
0.0001848
-0.0044565
0.0025537
0.0036328
0.0091601
-0.0045992
-0.004726
-0.0046176
0.0008945
-0.0089865
-0.0082932
0.0073788
-0.0005491
-0.0046371
-0.0071019
0.0011353
0.0009001
0.0080218
-0.009765
-0.0063309
0.0078348
0.0072089
-0.0069953
0.0015388
-0.0044872
0.0048816
-0.0065071
-0.0099394
-0.0023668
-0.0007925
0.0007945
-0.0043562
-0.0026723
-0.0005717
-0.0095452
-0.0087489
-0.0084245
0.003627
0.008936
-0.0028185
-0.0027012
0.0035409
-0.0049011
0.0005965
-0.0055559
-0.0057317
-0.0020718
-0.0021271
0.0055418
-0.0034402
0.0041937
0.009145
0.0072197
-0.0075334
-0.0015473
-0.0094952
0.0040626
-0.0078783
0.0050713
-0.009725
-0.0083866
-0.0051498
-0.0051356
-0.0081963
0.0016579
-0.0055495
-0.0099736
-0.0056054
0.0074105
-0.0015546
-0.0075688
0.0085025
-0.0025912
-0.0037354
0.0052679
-1.47e-5
0.0078547
-0.00479
0.0050785
0.0027292
-0.0008643
0.0073458
-0.0084905
-0.0053114
-0.0080528
0.0035382
-0.004893
-0.0039595
-0.0082168
-0.0097677
0.0092572
-0.0001033
0.0050433
-0.0064995
0.0055948
-0.0022837
-0.006281
-0.006572
-0.0041084
0.0069672
0.0066307
-0.0056033
0.0065368
0.0083266
0.0035863
0.00753
-0.0032139
0.0080602
-0.0003965
-0.0008734
-0.0083785
0.0084797
0.0057074
-0.0057242
0.0099524
0.0053068
-0.008465
-0.0011664
0.0082999
0.0095044
-0.0083136
0.0004957
-0.0028762
-0.0079161
-0.0057361
0.0068864
-0.0033933
0.0066486
-0.0062856
0.0077753
0.0017293
0.0005913
-8.82e-5
0.005246
0.000532
-0.0058814
-0.0008127
-0.0010561
-0.0001013
0.0011307
0.0032621
0.0080863
-0.0089855
0.0037577
-8.84e-5
-0.0070934
0.0058319
-0.0009841
0.0093039
-0.000141
-0.0091565
-0.0014413
-0.0070812
0.0072961
0.0047785
0.0048389
0.0006763
-0.0079574
-0.0041628
-0.0063487
0.002012
0.003905
0.0037278
0.0083901
-0.0066001
0.0065486
-0.0092855
-0.0026042
0.0033732
-0.0016171
-0.0038357
0.0044783
0.0061017
-0.0060815
0.0012691
-0.0027703
-0.0027392
-0.0093883
0.0095204
0.0086322
0.0055806
0.0049936
-0.0002084
-0.0074216
-0.0072113
0.0042053
0.008651
-0.0088411
-0.0098942
-0.0072494
-0.0036671
-0.0019105
0.0003465
0.0087035
0.0052284
0.0016444
0.0042302
0.0018146
0.0015693
0.0088258
0.009975
-0.0074382
0.0066745
-0.0031336
-0.006578
-0.0044368
-0.0083342
0.002467
-0.0054676
0.0074338
-0.0021313
-0.0046518
0.0015268
-0.0084345
0.000608
0.0008019
0.0040774
-0.0072222
0.0005752
-5.21e-5
0.0034933
0.0023195
-0.0088129
0.0062725
-0.0025558
-0.0059829
0.0082868
0.0086532
-0.0057485
0.0066011
-0.0039486
0.0001553
0.0030956
0.006375
0.0086678
-0.0062373
0.0011414
0.0031716
0.0062928
0.0083234
-0.001761
-0.0035176
0.0085435
0.0092454
0.005092
-0.0021085
0.0043628
0.00023
-0.009713
-0.002107
-0.0006584
-0.0009062
0.0010108
-0.0034867
0.0097208
0.0029954
-0.0025409
0.0025001
0.0016929
-0.0048746
-0.0079736
7.9e-5
-0.0063612
0.0032927
-0.000504
0.004146
0.0040424
0.0065824
-0.0036633
-0.0010834
0.0087301
-0.0075455
-0.0090213
0.0003818
-0.0045308
0.0010304
0.0008879
0.0026976
-0.00794
-0.0060256
0.0022401
-0.0091733
-0.0087798
-0.0013867
0.0044477
0.0073618
-0.0079404
-0.0030449
-0.0017258
-0.0069194
-0.0005181
0.0023928
-0.0039169
-0.0055789
0.0079979
0.005855
-0.0037084
0.0057783
0.0023787
-0.001115
0.007377
-0.0020283
-0.0071756
0.0049108
-0.0081269
-0.0047151
0.000535
0.0017548
0.0024661
-0.0094286
0.0002853
0.0063626
0.0079404
-0.0038519
2.69e-5
-0.0030459
0.0072538
-0.0075101
0.0004642
0.0015033
4.04e-5
0.0056948
0.0051575
-0.0052795
0.0031277
-0.0036269
-0.006491
-0.0029907
-0.0026674
-0.0048209
-0.0088934
0.0087482
0.0039787
0.0077827
-0.0017897
0.00621
-0.005765
0.00515
-0.0072489
-0.0071624
-0.0073583
0.0082408
0.0081907
-0.0077095
-0.0005811
-0.0045822
0.0045535
-0.0001587
-0.0033496
0.0012963
0.0036738
-0.0011674
-0.0056812
-0.0080659
-0.0003859
-0.0057986
-0.0001426
-0.003712
0.0021339
-0.0098341
0.0032584
-0.005746
-0.0061406
0.0057151
-0.0039905
-0.0050827
0.0006161
0.0023277
-9.21e-5
-0.0013516
-0.0068902
-0.0033319
-0.001546
0.0066771
-0.0011423
-0.0077587
-0.0085895
-0.0026617
-0.009343
-0.0078466
-0.0001472
-0.0065282
0.0064143
0.0025385
0.0037017
-0.0008681
-0.0029942
0.0008559
0.0030427
0.002928
0.0025326
0.004727
0.0061705
0.0061203
-0.009687
-0.0006611
-0.0058893
-0.0035998
-0.0016047
-0.0054086
-0.008015
-0.0019157
0.0069001
-0.005907
-0.0044042
0.0056844
8.87e-5
-0.0054266
