0.0090263
0.0090802
0.0070944
0.0039072
-0.0049704
0.0038359
-0.00207
-0.0023568
-0.0013009
0.0033426
0.0021034
-0.0057877
0.0041002
0.0082307
-0.0065751
-0.003056
-0.0044031
-0.0096907
0.0065129
0.0019435
-0.0035704
-0.0082153
0.0050377
0.006064
-0.0019593
-0.0005423
0.0010701
0.0098857
0.0005309
-0.001575
-0.005769
0.0025503
0.006169
0.0089622
-0.0098363
0.0046713
0.0089853
0.0072851
-0.0013373
-0.0095813
0.0085964
-0.0089766
-0.009542
0.0043109
0.0049002
0.0099025
0.0092865
-0.0099318
0.0097258
-0.0046331
-0.0028023
0.004115
-0.0060052
-0.004204
0.002973
0.0056042
-0.0097307
0.0004096
0.005527
2.87e-5
-0.0071125
-0.0067546
-0.0097956
-0.001467
0.0061131
-0.0014651
0.0047832
-0.0079979
0.0045787
-0.009336
-0.0016346
-0.0016246
-0.0088828
0.0093949
-0.0019619
-0.0006842
-0.0076553
-0.0048347
0.0050632
0.0098948
-0.0052658
0.0090081
0.002483
-0.0045625
0.005711
-0.0012403
-0.0026951
-0.0030262
-0.0086135
0.0015627
-0.0046028
0.0042221
-0.0004332
0.0067043
0.0091871
5.29e-5
0.0005266
0.0083663
0.0068205
0.0090036
0.0098235
0.0065844
-0.0052364
0.0082899
-0.0050047
-0.0052912
-0.0073844
-0.0046391
-0.0086532
-0.0062587
-0.0049829
-0.0029295
0.0054002
0.0062502
0.0042501
0.0016228
0.0072182
0.0069466
-0.0040466
-0.0053417
0.0044904
0.0083651
0.0005881
0.0010263
-0.0046843
0.0006781
0.0006558
0.005627
0.0019521
0.0066766
0.0045414
0.0029551
-0.0092981
-0.0006019
-0.0018293
-0.0096294
-0.0050402
-0.0058829
0.0061625
-0.0069268
0.0012659
-0.0060686
-0.005805
-0.0046729
0.004797
0.0075265
-0.0071574
-0.0019384
0.0038364
0.0033499
-0.0027694
0.0092362
-0.0037641
-0.0074865
-0.0089583
0.008109
0.0001777
0.0002002
8.61e-5
-0.00439
0.0022604
-0.0066987
-0.0068222
0.0069853
0.0051327
-0.0066578
-0.0067043
-0.0087474
0.0004166
0.0014452
-0.0095674
0.0089169
-0.0045466
-0.002596
0.0074865
-0.0021613
0.0031101
0.007092
-0.0046169
0.0077727
-0.0088244
0.0045102
-0.0004186
-0.0023404
0.0028011
-0.0089412
0.003603
-0.0064019
0.0030661
0.0078518
-0.0052607
0.0010397
-0.0083085
-0.0029543
-0.0026703
-0.0023496
-0.0021421
0.0002472
0.0019263
-0.0058032
-0.0078986
0.0030511
0.0054771
-0.0054479
0.0075365
0.0043935
0.0080061
0.0029075
0.009617
-0.0009892
0.0053623
-0.000123
-0.0098748
0.0063132
0.005365
-0.0060536
-0.0050294
0.0030035
-0.0053524
0.0068418
0.0077402
0.0074207
-0.0093223
-0.0090746
-0.0005994
0.0010528
-0.0002863
0.0086002
7.04e-5
0.0019329
-0.000443
-0.0018105
-0.0012018
0.0072544
0.0041585
0.0094932
-0.000482
-0.0056165
0.0098306
-0.0091654
0.0069781
-0.008905
-0.0024937
0.0078932
-0.0064356
0.00288
-0.0044981
0.0036646
0.0025642
-0.005971
-0.0045445
0.0004228
-0.0014104
0.0005887
-0.0048684
-0.0031657
0.0043914
-0.0079645
-0.0058594
0.0019374
0.0094513
-0.0055505
0.0049926
0.0006217
-0.0009582
0.0094376
-0.0042722
0.0070512
-0.0027058
0.0052127
8.21e-5
-0.0075815
0.0042371
0.0003608
-0.0026337
0.001655
-0.0080402
-0.0068902
0.0027398
-0.00752
0.0015488
0.0074934
0.0094229
0.0017832
-0.008744
-0.009697
-0.0035451
-0.0056907
-0.0028634
-0.0019412
0.0033971
0.0044888
0.0023772
-0.002479
0.0014343
0.0091415
0.0089195
0.0039033
-0.0077028
-0.0042206
-0.0095695
-0.0090851
-0.0009278
-0.0081413
0.0079369
0.0036349
-0.0062351
0.0046113
-0.0013321
0.0037365
-0.0044677
-0.0064515
0.0048944
0.0051305
-0.0048036
0.0071682
0.0041486
0.0079436
-0.0030645
-0.0053848
-0.0049596
0.0005792
0.004059
0.0031073
0.0001395
0.0089181
0.008822
-0.0050012
0.0076628
0.0057034
0.0086053
1.76e-5
-0.0071129
0.003504
0.003835
0.0040934
-0.0059367
0.0032995
0.0051655
-0.0013438
-0.0027341
0.0003766
0.0084021
-0.0081891
-0.0024775
-0.0039972
-0.0096091
0.0059573
-0.0075696
-0.0008707
-0.007564
0.0049557
0.002485
-0.0008371
-0.0071853
-0.0089021
-0.0045299
-0.0044709
0.0084298
0.0067907
0.0097569
-0.0036059
-0.0074034
0.0084439
0.0071206
0.0094354
-0.0006232
-0.006428
-0.0031613
0.0056083
0.006248
-0.0094094
-0.0090274
0.0077783
0.0070471
0.0040065
0.0016454
-0.0088783
0.0004919
-0.0021801
0.0047944
0.0002307
-0.0001928
-0.0032235
0.000669
0.0019128
0.0026571
0.0077919
-0.0045185
0.0014021
0.0050553
0.0075481
-0.0009197
8.56e-5
-0.0011606
0.0005512
0.0008306
-0.0034584
0.005576
-0.000122
-0.0089722
0.0064661
-0.0053882
-0.0093233
-0.000112
-0.0028303
-0.0054677
-0.0022447
0.0042765
0.0045957
0.0073134
-0.0030431
-0.0075124
-0.0052034
-0.0079289
-0.0009657
0.0027326
-0.006194
0.0041848
0.0019332
0.0011602
0.0032266
0.0038318
-0.0006864
0.0035418
0.0064774
0.003496
0.0032928
0.0073305
0.0099064
-0.0053221
3.38e-5
0.004527
0.0009629
0.0089999
-0.0046859
-0.0088389
0.0004611
0.0023076
0.0085178
-0.0008929
0.0070577
-0.0014346
-0.002989
0.0023932
-0.0052404
0.0025758
0.0094618
-0.0059801
-0.0025024
-0.0012071
0.0011425
0.0062178
0.0075191
0.0007703
-0.0075067
0.0004548
-0.0099849
0.0070072
0.0067296
-0.0010416
0.008305
-0.0052053
-0.0088425
-0.0083139
0.0038024
-0.0064091
-0.0061614
0.0048256
0.0091719
0.0092407
0.0004267
0.0009365
0.0028517
0.0004534
-0.0099493
-0.002039
0.0081941
0.005264
0.0087726
0.0090841
0.0009253
-0.0041855
0.0070308
-0.004373
-0.0085272
0.0067451
0.0096121
0.0046059
0.0035995
-0.0042113
0.0021676
0.0001959
0.009502
-0.0081748
