-0.0041943
0.0045978
-0.0062545
0.0017565
-0.0054244
-0.001201
0.0073945
0.0097361
-0.0012241
-0.0095989
0.0046369
-0.0054975
0.0074101
-0.0007071
-0.0006807
-0.0086235
-0.0064171
-0.0092137
-0.0065829
0.001857
-0.0013609
0.0076248
0.0045468
0.0011009
-0.0055118
-0.0086497
0.0054907
-0.0058375
-0.0040402
0.007957
-0.0050761
-0.0016227
0.0042025
-0.0051625
-0.0001115
0.0045566
0.0051567
0.0087393
0.003349
0.0073036
0.0097174
0.0043007
0.004283
0.0060452
-0.0081297
0.0002171
-0.0013139
-0.0044269
-0.0079969
0.007914
-0.0078176
-0.0033786
-0.0055923
0.0079394
0.0058053
0.0079412
-0.0021313
-0.003145
-0.0036576
0.0061701
0.0041899
-0.0026846
-0.007564
-0.0071428
-0.0007337
0.0036268
0.002309
-0.0076321
0.0007637
0.0079643
-0.006135
0.0047752
-0.0070524
0.0025551
-0.0012121
0.0048607
0.0046133
-0.000918
0.0091724
0.0044984
0.0004265
-0.0050923
-0.00626
0.0092804
-0.0096863
-0.0090469
-0.0094854
-0.009815
0.0060697
0.0043947
-0.0037261
0.002619
-0.0090871
0.0030114
0.0069539
-0.0034752
0.0060901
-0.0017002
0.0005149
0.0038517
0.0062533
-0.0046739
-0.0030705
0.0050075
0.0073498
0.0030776
0.000814
0.0064844
0.0012373
0.0009659
0.0021821
-0.0075855
-0.0003608
0.0090382
0.0027879
-0.0083392
0.0009699
0.0014549
-0.0043594
-0.0021354
-0.002479
-0.0023174
-0.0026347
-0.0088012
-0.0063651
-0.0008032
-0.0060663
-0.0091004
0.0083367
0.0050444
-0.0010003
-0.0016314
0.009958
-0.0055376
-0.003717
-0.0053826
-0.0054653
-0.0072677
0.0095748
-0.0094785
0.0099212
0.0034141
0.0097941
0.0027317
-0.0030242
0.0036756
7.63e-5
-0.0052689
-0.0006046
0.0022118
0.0068418
-0.0077041
0.0098605
-0.0081702
-0.0094154
-0.0048021
-0.0024808
0.0076116
0.0033342
0.0029049
0.005274
-0.0077597
0.0069618
0.0018062
0.002928
-0.0039881
-0.0097515
0.0046548
0.0089782
-0.001987
-0.0038182
0.0077026
-0.0082744
-0.0079888
-0.0079306
-0.0008262
0.0049217
-0.0096287
-0.0057948
0.008418
0.0042901
-0.0096835
-0.003738
0.000182
-0.0087634
-0.0088994
0.0095318
-0.0013743
0.002307
0.0014176
0.0001894
-0.0014957
0.0068319
-0.0058786
-0.0051447
0.0069464
-0.0065977
-0.003018
-0.0004397
0.0012225
0.0005781
-0.0057626
-0.0053938
-0.0027819
0.0078297
0.004578
-0.002836
0.0068581
-0.002268
-0.0030213
-0.0067356
0.0079053
-0.0040606
-0.0085777
0.0011013
-0.0025285
0.0065009
-0.0071782
-0.0004106
0.0022467
-0.0054981
0.0095736
-0.0055159
-0.00468
-0.000381
0.0059426
-0.0017357
-0.0085047
-0.0002273
-0.0060642
0.0023058
8.94e-5
-0.0045832
-0.004806
-0.0059718
0.007227
-0.0098421
0.002496
0.001265
-0.0083269
-0.0022846
0.0026615
-0.0022809
-0.0091782
-0.0086724
-0.007305
0.0073026
0.0033654
-0.0011548
-0.0090339
0.0014056
0.0021752
-0.0049884
0.0055129
-0.0006611
-0.0019261
-0.0046615
0.0039876
-0.0065419
0.0013215
0.0015341
-0.0024018
-0.0093711
-0.0059071
-0.0036329
0.0022422
0.0027037
0.0074892
-0.0066532
0.0033097
0.0072135
-0.006302
-0.0068919
-0.0009666
-0.0010571
-0.005196
0.0038861
0.0068307
-0.0035755
-0.0067253
0.0095563
-0.0084783
-0.0017228
1.73e-5
0.0035096
0.0096037
-0.0091717
-0.0099538
-0.0015995
0.008956
-0.0076098
-0.0011336
-0.0015648
-0.0048235
0.0030131
-0.0026579
0.0081192
-0.0055032
-0.0017378
0.0034243
-0.0097362
4.5e-6
0.00203
-0.0020728
0.0031316
0.0007989
0.0026159
0.0077708
0.0089971
-0.0099544
-0.0087565
0.0025497
0.0008058
0.0002262
-0.0094792
-0.0092798
-0.0011756
-0.0064525
-0.0089161
6.4e-5
0.0018189
0.0068668
0.007657
-0.00721
0.0053807
-0.0066683
-0.0086909
-0.0017265
0.0010665
0.000112
0.0070891
-0.0058587
0.008896
-0.0034971
0.0050947
0.0058668
-0.0058937
-0.0094825
-0.0061585
-0.0093327
0.0021837
0.0037711
-0.002569
-0.0088243
-0.0041053
0.0079042
0.0040927
-0.0079481
0.0001891
0.0033663
-0.0078063
0.0007237
0.0074574
0.0027454
0.0055548
-0.006561
0.0026338
-0.0065147
0.0045765
-0.0014972
-0.005906
-0.006832
0.0086946
-0.0059211
-0.00777
-0.0034468
-0.002292
-0.0064899
0.0096287
0.0028686
-0.0026687
-0.0070063
0.0046639
0.0052366
0.0024341
0.0063753
0.0038632
0.0055273
0.0028523
0.0089398
0.0044987
-0.0045758
-0.0047436
-0.0094221
-0.0014467
-0.0001782
-0.0082711
-0.0025017
-0.0073395
0.0072618
-0.0055594
0.0089379
0.0038316
0.0084093
-0.0057922
-0.0070682
-0.0016485
0.005496
0.0070038
-0.0066985
-0.006768
0.0041039
0.0044473
6.18e-5
0.0074712
-0.0065973
-0.0001389
0.0038774
0.0055621
-0.0068074
-0.0036514
0.0028898
0.0012742
-0.005568
-0.0087729
-0.0091361
-0.0067534
-0.0065414
0.0099535
0.0053388
-0.0036092
-0.0020009
0.001907
-0.0026488
-0.0062037
-0.0023721
-0.0061359
-0.0080467
-0.0029969
-0.0078302
-0.0048169
-0.0004211
-0.0073492
-0.0019211
-0.0047449
0.0098813
-0.0053409
0.001047
0.0052354
0.0088921
0.0001998
0.0042001
-0.0096553
0.0068439
-0.0077471
-0.0002785
0.0023431
-0.0017978
-0.0047041
-0.0054929
0.0012048
-0.0086232
-0.0027362
0.0057131
0.0020313
0.0092242
-0.000417
-0.0032499
-0.002985
-0.0047755
-0.0047177
0.0003679
0.0075192
0.0011505
-0.0071208
0.0024763
-0.0021199
0.0073039
-0.0005958
-0.0096439
0.0096835
0.0075275
-0.0076182
0.006562
-0.0063693
-0.0017165
0.0062116
0.0015354
-0.0065999
-0.0052432
-0.009926
-0.0098846
0.0051796
0.0028791
-0.0045018
-0.0065089
-0.0079396
-0.005275
-0.0094695
-0.0030651
-0.0017125
0.0048096
0.0085011
-0.0014258
0.0063134
