0.0042382
-0.0080793
-0.0013039
0.0033362
-0.004842
-0.009418
-0.0037256
-0.009188
-0.0021279
-0.008504
-0.0023158
0.0011358
0.0026155
0.005259
0.0021417
0.0040424
0.0026075
-0.0016712
0.0093168
0.0009289
-0.0040136
-0.0071101
0.0087408
-0.0015886
0.0065531
0.0038633
0.0080323
-0.0039905
-0.00369
-0.0007365
-0.0071136
0.0001279
-0.0099628
0.0024905
0.0009541
0.0059725
0.0012044
-0.0018342
0.0004256
0.0045431
-0.0097288
0.0047759
-0.0061205
0.0014367
0.0023299
-0.0003358
-0.0019554
-0.0019176
0.0046036
-0.006647
-0.0068408
-0.0083592
-0.0049322
0.0083513
0.0019192
-0.0074953
-0.0020506
-0.007479
-0.0057027
0.0019506
-0.0054128
0.0069526
-0.008654
-0.0004629
0.0066616
0.006845
-0.0007994
-0.0031475
0.0021761
0.0030343
-0.0098237
-0.005851
0.0076208
-0.0084579
0.0066263
0.0028102
0.0033209
-0.0051801
0.0018775
-0.0067224
0.0039318
-0.0028863
0.0058984
0.001966
0.0032693
-0.0018836
0.009075
-0.0080044
-0.0027964
0.0081873
0.0086773
0.0052331
0.0061478
0.0043599
-0.0097997
0.0031505
0.000596
0.006351
0.0083876
0.0075775
-0.0071111
0.0027413
-0.0023161
0.0028174
-0.0045617
0.0049636
0.0020961
0.0077376
-0.0058206
-0.0006313
0.0092243
0.006548
0.0064917
-0.0098227
0.0017031
0.0015322
-0.0036957
-0.0001378
-0.0040576
-0.0065206
-0.0010756
0.0044347
-0.0043439
0.0021239
0.0091876
0.0007093
-0.0002198
-0.0061338
0.0008373
0.0037114
0.0096279
-0.008495
-0.0064898
0.0055418
-0.0076166
-0.0021001
-0.0040618
-0.0060651
-0.0021518
-0.0085946
0.0072869
0.0025567
0.0071436
-0.0072097
-0.0042248
0.0098323
-0.0096555
0.0078811
-0.0069404
-0.0097133
-0.0041868
-0.0091482
-0.0089177
-0.0098857
0.0083908
0.0007992
-0.0081693
0.0016179
-0.0072221
-0.0070178
0.0053898
-0.0017909
0.0071326
-0.0098314
-0.0093912
-0.0058402
0.0018659
0.0052349
0.0055335
-0.0067902
-0.00882
0.0020469
-0.0073673
0.0096091
-0.0070388
0.0038056
0.0027582
0.0015988
-0.0043537
0.0025523
0.0050718
0.0058072
0.0034405
0.0006508
0.0062873
0.0069211
0.005205
0.0036277
0.0080522
0.0022882
2.62e-5
0.0087911
-0.0086647
-0.0088902
0.0016593
0.0088736
-0.0019756
-0.0002699
0.007873
-0.0008889
0.0052164
0.0026137
0.0029908
-0.0070996
-0.0033566
0.0075896
-0.0030256
-0.0081287
0.0027115
-0.0087421
0.0071487
0.0008719
-0.0007604
-0.0058436
-0.0002417
0.0088452
0.0084613
-0.0059169
0.0038917
0.0023158
-0.0039465
0.0076857
0.0026786
-0.0070565
-0.0024565
-0.0075014
0.0023945
0.0046845
-0.0067852
0.0047089
0.0024287
0.0080073
-0.0059709
-0.0011077
-0.0028713
0.007937
-0.0099347
-0.005414
-0.0063049
-0.0004321
0.0064297
0.0024889
0.0082732
0.0048273
0.0018611
0.005006
-0.0020092
0.001893
0.0021774
0.0015043
-0.0081754
0.001168
-0.0021251
-0.0035056
0.0068733
-0.0063606
0.0037099
0.0054852
-0.0012099
0.0059381
0.002267
-0.0015477
-0.0089094
-0.0049722
-0.0063771
0.0076445
-0.0009962
0.0057528
0.0005125
0.0040556
0.0042957
-0.0020839
-0.009196
0.0012861
0.0028845
-0.0042522
-0.0022478
-0.0060888
0.0001953
-0.0074199
0.0096084
-0.0011987
0.0016257
-0.0032053
-0.0011807
-0.0098825
-0.0018211
-0.0011012
0.0095438
0.0036858
0.0024523
-0.0010283
0.0073836
0.0018075
0.0087716
-0.009063
1.05e-5
0.004329
-0.0084268
-0.0090425
0.0023999
0.0003516
0.0091939
0.0007117
0.0047949
0.0034155
0.0074239
-0.0018606
0.0076856
-0.0056623
0.0019433
-0.009299
0.0072733
-0.009053
-0.0029608
-0.008715
-0.0008912
-0.0042974
0.0024062
-0.008476
0.0052304
0.0065916
-0.0078313
-0.0073489
0.0008381
0.0024083
0.0063825
0.006291
0.0087557
-0.007208
0.0055788
-0.0083617
0.0080696
-0.0027949
-0.0060302
0.0018543
0.0029148
-0.001802
-0.0069037
-0.0026807
-0.0029881
-0.0028278
0.0094537
0.0045084
-0.0021661
-0.0053013
0.0094594
-0.0067013
-0.009423
-0.0083582
-0.0091083
0.0054405
-0.0044594
-0.0052244
-0.0006387
0.0012214
-0.0086352
-0.0003197
0.0037061
-0.009106
0.0023533
0.0013784
0.0009451
0.001225
0.0007303
-0.0091493
-0.0044593
0.0096436
-0.0082379
0.0065785
0.0050732
-0.0088128
-0.0047638
0.008411
0.0049691
-0.0001848
0.00774
0.0060813
0.0093134
-0.0067413
0.002152
-0.0049056
-0.0018585
-0.009485
0.0065206
-0.0071267
-0.0014317
0.0027135
-0.0035436
-0.0036633
0.0056896
-0.003809
-0.0095982
-0.0036346
-0.0022033
-0.0091363
-0.0003992
-0.0012496
0.0036731
0.0055348
-0.0061132
-0.0009613
-0.0079808
0.0051591
0.0027892
-0.0021817
0.0025756
-0.0011552
-0.0076861
0.0088775
0.0041875
0.0091297
0.0077449
0.0003643
0.0007878
-0.0089621
-0.0008049
0.0002858
-0.0019484
-0.005358
0.0087902
0.0078533
-0.0081654
-0.0051628
0.0021616
0.0049656
-0.0013085
-0.0026458
0.0024272
0.0080591
0.0016757
-0.0068664
0.0018267
0.0069279
0.0014915
-0.0054678
0.0033936
-0.0087694
0.0013784
-0.0082146
-0.0091372
-0.0043282
2.18e-5
0.0096493
-0.0023506
0.001344
0.000112
-0.0056351
0.0055455
-0.0008021
0.0002431
0.008408
0.0094926
0.0016902
-0.004587
0.0076815
0.000696
0.0056401
-0.0014367
-0.0053949
-0.0007771
0.0036615
-0.0071402
-0.0033344
-0.0049262
0.0052845
-0.0059547
0.0053331
0.0083137
-0.0071387
0.0018579
-0.00389
0.0022624
0.004621
-0.0099999
-0.0002312
-0.001501
0.0050722
-0.0068938
-0.0071475
-0.0062623
-0.0007397
0.0002607
0.003337
-0.0002787
-0.0016397
0.0068855
0.0003223
-0.0082171
0.0018393
-0.001802
-0.0009695
-0.0089686
0.0015294
0.0032494
