0.0068647
-0.0048004
-0.0034356
-0.007321
-0.0034278
-0.0025091
0.0055609
-0.0026058
0.0021927
0.0049056
0.0027937
-0.0006291
0.0080023
-0.006775
0.0039155
-0.0078311
0.0004997
0.0077964
0.003052
0.003784
0.008744
0.0095785
0.0099156
-0.0007616
-0.0033781
0.0054934
2.5e-5
0.0046978
0.0069999
-0.0068168
-0.0042292
-0.0083313
0.0003584
-0.004245
0.0012655
-0.002271
0.0092336
-0.000107
0.005185
-0.0057751
0.0082885
-0.0062957
-0.0086092
0.0063071
-0.0011159
-0.0047192
-0.0057691
-0.0004502
-0.0026912
-0.0052245
-0.0090288
-0.0041609
0.0001747
0.0034255
0.0040728
-0.0045743
-0.0014296
-0.0021716
0.0032257
-0.0026161
0.0015685
0.0017308
0.0077246
0.002239
0.0013919
0.0052686
-0.0078419
0.0082146
-0.0048116
-0.0083172
0.0025208
0.0055784
0.0040601
-0.0084518
0.0012015
0.0087884
0.000996
-0.0025813
-0.0004916
-0.0030997
0.00034
0.0054835
0.0036474
-0.0090243
0.0045386
-0.0006403
0.0080381
-0.0074829
-0.0016789
0.0013871
-0.0079905
0.0008946
0.0011307
-0.0081421
0.0006743
0.00838
-0.0077711
0.0048853
0.0095295
-0.0068855
-0.0079323
0.0066903
0.0068892
0.0075572
-0.0026432
0.0087867
1.92e-5
-0.0023418
-0.0012325
0.004935
0.0067628
0.0032401
-0.0090073
-0.0028455
0.0035001
0.0017723
0.0059656
0.0034709
0.000856
0.0010226
-0.0012097
-0.0025489
0.0042043
-0.00842
-0.0017003
-0.0095656
0.0032154
-0.0018455
-0.0097852
0.0067901
0.004287
-0.0050834
0.0023618
-0.0061968
0.0076149
-0.0075222
-0.0088028
-0.0033275
-0.0063313
0.0056983
0.0086655
-0.0020201
0.0064359
-0.0096178
-0.0017953
0.0088708
0.0017156
0.0084154
0.0073035
-0.0076653
0.0094845
-0.0047684
-0.0039747
-0.0036481
0.0045503
0.0006348
-0.0035783
0.0022565
-0.0030329
-0.0018777
0.0026114
-0.002491
7.92e-5
-0.0086732
-0.0050425
-0.0047808
-0.0054546
-0.0017706
-0.0033342
-0.002738
-0.0071452
-0.007743
-0.0088609
-0.00192
-0.0035894
-0.0051622
0.0076869
-0.009336
-0.0047722
-0.0077335
0.0060721
0.0051383
-0.002543
0.0054782
-0.0067912
0.0098244
-0.0048394
-0.0022199
0.004861
0.0001254
0.0086652
0.0003007
-0.0048766
-0.0005912
0.0015447
0.007263
-0.0020783
0.0018791
0.0089208
-0.0001887
-0.0001741
0.0060615
-0.0008631
0.0083843
-0.003354
0.0016903
0.0005337
0.0088311
-0.0002871
-0.0013391
-0.0044318
0.0094253
-0.0024988
0.0044001
-0.00582
-0.0060288
-0.0002362
-0.0087564
-0.0056956
0.0036389
-0.005662
0.0001104
-0.0038079
0.0076583
0.0094419
0.0001565
-0.0083907
-0.0063566
0.0017954
0.0075776
-0.0089792
-0.0028488
0.0091641
0.0040126
-0.0037581
-0.0040241
0.0093988
-0.0009021
-0.0089568
0.0084309
0.007663
0.009534
-0.0069935
-0.0065923
0.0097425
-0.0082329
-0.0073189
-0.0053976
-0.0019641
-0.0098355
-0.007283
0.0006832
0.0014882
-0.0032884
0.0050143
-0.0062841
-0.0006184
-0.0028008
0.0097143
0.0097795
0.0057814
0.0067478
0.0064956
0.007794
-0.0029265
0.0016243
0.0086152
-0.0048426
-0.005131
-0.0067367
0.003316
0.0096565
0.0029495
-0.007289
0.0053368
-0.0047542
-0.0081699
0.0028529
0.0002935
0.0052289
-0.0042532
0.0085068
0.008231
-0.0050625
-0.0038191
0.0024939
0.0040503
-0.005364
0.0054394
-0.0009645
0.0086616
-0.0089934
0.0071267
0.0035982
-0.0072261
-0.0018278
-0.0090686
0.0003773
0.0096531
-0.0029417
0.0015417
-0.0090371
-0.0022463
-0.001228
0.0024279
0.0012352
-0.0062194
0.0069863
0.002057
0.0033133
-0.0032666
-0.0082117
-0.0070099
-0.0052728
0.0038571
0.0005489
0.00904
0.0066617
0.0005922
-0.008565
-0.0047733
-0.0005859
-0.0037481
0.0035978
-0.0064105
-0.0079718
0.0080958
5.28e-5
-0.0097687
-0.0038217
-0.0068596
0.0056267
0.0039063
0.0044002
-0.0098454
0.0021036
0.0044337
-0.0025802
-0.0061491
0.0023994
-0.0081243
0.005827
0.0046649
-0.0020566
-0.0052804
-0.0003884
-0.0071893
-0.0009276
0.0038694
0.0008302
-0.008292
0.0082716
-0.0097911
0.0096562
0.0033874
-0.0078146
-0.0053817
0.0087091
-0.009754
-0.0079474
4.7e-5
0.0036345
-0.0024438
0.0035076
0.0045564
0.00933
-0.0056438
-0.0013881
-0.0042227
-0.0014146
-0.0097193
0.0080238
-0.001891
0.0036583
0.007334
0.0097073
0.0095233
0.0058065
-0.0074248
-0.0099556
-0.0032034
-0.0027579
0.0036625
0.0014692
0.0092049
0.0084007
0.0049145
0.00157
0.0072196
-0.0075392
-0.0058388
-0.001303
-0.0012656
-0.0039185
-0.0076056
0.0021327
0.0081258
0.0071982
0.0033984
-0.0016504
0.0055221
0.002375
-0.0014472
-0.0010628
0.0073188
-0.0064162
0.0007246
-0.0085681
0.0059758
-0.0072572
-0.00075
-0.0046875
0.0089649
0.0067717
-0.0079524
-0.001386
0.0031422
-0.0056211
0.006526
-0.0049153
-0.0015689
0.0055864
0.0055341
0.0049868
0.009804
0.0069054
-0.0012168
-0.0081468
0.0033181
-0.009197
0.0093144
-0.0079907
-0.0078513
0.0036728
-0.0051927
-0.0045696
0.0081299
-0.0052245
0.0072908
-0.0005826
0.008114
-0.0053394
-0.0064223
0.0055735
0.0079841
0.0040093
-0.0051178
0.0056252
0.0041547
0.0064541
-0.0086008
-0.0029591
0.0099009
-0.0085357
-0.0031161
0.0023854
-0.0071391
-0.0049066
0.0068752
0.0041618
0.0092334
0.0094725
0.0023053
0.00349
0.005179
0.006042
0.0028413
-0.0068648
0.0043673
-0.0053635
-0.0075408
-0.0073142
-0.0081635
0.0057288
0.0050241
-0.002277
-0.0067437
-0.0082482
-0.0059752
0.0011584
0.0069092
-0.001662
-0.0079266
0.0073892
0.0058942
-0.006778
7.84e-5
0.0086477
0.0044792
-0.0001243
-0.0017394
0.0004172
0.0074933
0.0006542
-0.0090181
