-0.0020336
-0.0026442
-0.009362
0.003882
-0.0035241
-0.0030079
-0.0063409
-0.0069905
-0.0008981
0.0019371
0.0041825
-0.0061435
-0.0081512
-0.0079467
-0.0059252
0.0060416
0.0063952
0.0094652
0.006914
0.0085006
0.0079032
-0.0057825
-0.0082829
-0.0051398
0.0043941
-0.00415
-0.0076345
-0.0008067
0.003521
-0.0054209
-0.0027051
0.0086429
-0.0044019
-0.0080446
0.0009254
0.006893
-0.0053738
0.0052883
-0.0002246
-0.0071595
0.0011859
-0.0097078
0.0053658
-0.000832
-0.0086637
-0.0016255
-0.0033385
-0.00824
0.0099114
-0.0050133
0.0011252
0.0034556
-0.0059744
-0.0025015
0.0014114
0.0072035
-0.00593
0.0051568
-0.0048076
-0.0037087
-0.0059992
-0.0077009
0.0099917
-0.0081485
0.0025315
0.0057677
-0.0054201
-0.0010066
0.0015492
0.0087673
-0.0084762
0.0038902
0.0076093
0.0018129
-0.0049659
0.0084821
-0.0077997
-0.0099363
-0.0073903
0.0030306
-0.0068406
-0.0041682
0.0066265
-0.0014214
-0.0085911
-0.0054296
0.0052689
0.0092661
-0.0072745
0.0056907
0.0093113
-0.0047378
0.0022841
-0.0073736
-0.0060605
-0.008275
-0.002509
0.0096609
-0.0063982
-0.0086311
0.0026559
-0.0064368
0.0073766
-0.006958
0.0014226
-0.0041172
-0.0064607
0.0049195
0.0017547
0.001742
-0.008517
-0.0032303
0.0080595
0.0065437
-0.0023179
-0.0011085
0.0014797
-0.0030307
0.0004275
0.0038197
-0.0071119
-0.0041607
0.0015723
-0.0075353
-0.003001
-0.0072946
0.0030251
-0.0066277
-0.0065639
0.0052529
-0.0055885
-0.0086299
-0.0094773
0.0020578
0.0021621
-0.0067918
0.0098827
-0.0014607
-0.0046422
-0.0074749
-0.0037194
-0.0036234
0.0035293
-0.0039068
0.0077954
0.0021024
0.0082913
-0.0027762
0.0059521
0.0075409
0.0015047
-0.0049699
-0.0012509
0.0037876
0.0025957
0.0032438
-0.0011538
-0.0044407
-0.004731
-0.0008006
0.0061265
-0.0049074
-0.0033088
0.0039953
-0.0052837
0.0046066
0.0009103
-0.0054145
-0.0074339
0.002063
-0.0098474
0.0065896
-0.0023269
-0.0069432
0.0068636
0.0072376
-0.0036715
-0.0003345
-0.0052117
-0.0077966
-0.0097959
-0.0056027
0.0042494
-0.0018808
0.0091413
-0.0089093
0.001637
0.0077384
0.0012542
-0.0047989
-0.0026866
-0.0010565
0.0054715
0.0097502
-0.0058901
-0.009333
-0.0063405
0.0066549
-0.0035292
0.0054776
0.005664
-0.0029431
0.008948
-0.0045227
-0.0033117
0.0010264
-0.0065959
-0.0051267
-0.0021958
-0.0035319
-0.0052669
0.0077503
-0.0047412
-0.006142
0.008658
0.0049067
-0.0036936
0.0001484
0.0064709
-0.0050026
0.0042012
-0.0059008
0.0044869
0.0075352
0.0013129
0.0052159
-0.0023157
0.0019347
0.0082097
0.0048758
0.0009669
-0.0072015
-0.0041895
-0.0081808
-0.0075128
0.0030345
0.0058117
0.0043922
-0.0062542
0.0033773
-0.0094126
0.006755
0.0037951
-0.0055937
-0.0060482
-0.0065327
0.0079347
0.0005915
0.0012186
0.0044453
-0.0086984
0.0007818
0.0004448
-0.0094827
0.0076022
0.0061109
0.0024536
-0.0093312
0.0092023
0.0003119
0.0049772
-0.0022012
0.0016116
0.0036913
0.0033484
6.65e-5
-0.0041126
0.0067451
-0.0038816
0.0049949
0.0092869
0.0083751
0.0073119
-0.0074175
-0.0039123
-0.0031761
0.0076417
-0.0016498
0.0052952
0.0089033
0.0008849
0.0039344
-0.0051609
0.0061329
0.0001852
0.0068373
0.0055408
-0.0066011
0.0057767
-0.0094782
-0.0001345
-0.0068818
0.0038411
0.005044
-0.0012192
0.0057772
0.0003865
-0.0088614
-0.0026086
0.005171
0.0078897
-0.0024175
0.0004236
0.0081315
-0.0055888
0.0072069
0.0040693
-0.0064218
-3.52e-5
-0.006097
0.0037122
-0.0009387
-0.0007046
-0.0091346
-0.000655
-0.0027826
0.0066712
-0.0024697
0.0099987
-0.0098299
-0.0004961
0.0007566
0.0084965
0.0082902
-0.0030446
-0.0045465
0.0011583
-0.0089183
-0.007778
-0.0054044
-0.0037213
-0.0097238
0.0065672
-0.004423
-0.001028
-0.0067821
-0.0051762
-0.0040499
-0.008745
0.0026435
-0.0055468
-0.0030826
0.0095184
0.0038437
0.0037222
-0.0052041
0.0078155
-0.0059286
8.37e-5
-0.0014783
-0.0080666
0.0035461
6.27e-5
0.003292
-0.0052445
-0.0058946
-0.0022325
-0.0054211
-0.0044331
0.0053903
0.0029606
0.0085773
0.0068995
-0.0062777
-0.0045488
0.0011959
0.0093992
-0.0046237
0.001483
-0.0065168
0.0034252
0.004383
0.00631
0.009038
-0.0079343
-0.0052171
0.0006228
0.0064252
-0.0027892
0.009066
-0.0052895
0.0065014
-0.00619
0.0062142
0.004218
0.0058504
0.009651
-0.004733
0.0059512
-0.0059834
0.0037948
0.0090054
-0.0060442
-0.0081942
-0.0009436
0.0084106
0.0068853
-0.0033233
-0.0097491
0.0032232
-0.0030912
-0.0076853
-0.0017444
0.0055215
-0.0088133
-0.0086686
-0.0002927
0.0074131
-0.0077909
-0.0065261
-0.0004299
-0.0021498
-0.002239
0.0076566
0.0061014
0.0040024
0.0088622
0.0032009
-0.0037204
4.76e-5
-0.0039806
0.0029084
0.0029395
0.0033368
0.0066697
0.0084508
0.0009439
0.008018
-0.0020014
-0.0045056
-0.0067284
-0.0002031
0.0014892
0.0078619
-0.0013581
0.0013446
-0.0094116
-0.0008575
-0.0077495
-0.0039342
0.0095846
0.0006028
0.0010669
-0.0077907
-0.0078203
-0.0094641
-0.0036377
0.0087918
0.0095431
-0.0040513
-0.009649
-0.009279
-0.0094381
-0.000478
-0.0063388
-0.0004581
-0.0021951
0.0078494
0.007852
0.0084166
0.0014679
0.0037853
-0.0067084
-0.0077385
0.0073267
0.0026139
0.0084892
0.0037984
-0.0026225
0.0053704
-0.0040603
-0.0053169
-0.0069776
-0.0015457
-0.0075358
0.0037413
-0.0053924
0.0073211
-0.0056917
0.0066056
0.0040863
-0.0091048
-0.0080462
0.0095026
0.0055842
0.0096084
0.0085823
-0.0087632
0.000366
0.0007587
-0.004688
-0.002272
0.0084647
-0.0021488
0.0005108
