0.0005147
0.0039498
-0.005129
-0.0050659
-0.0005479
0.0029969
0.0033379
-0.0020316
0.0096271
0.0087691
-0.0032045
0.0053485
0.0013108
-0.008899
0.0009865
-0.0095468
-0.001459
-0.0057262
0.0085584
-0.0002071
0.001197
-0.0035733
-0.0072961
0.0039157
0.0053267
-0.002506
0.003647
-0.0099437
-0.0058449
-0.0038269
-0.0035287
0.0009133
0.00247
-0.005689
0.0081042
0.0018889
0.00783
0.0082351
-0.0061062
4.56e-5
0.0067851
0.0080618
0.0083075
0.00681
-0.002086
-0.0014603
0.0025924
-0.0046325
0.0060494
0.0098781
-0.0070025
0.003955
0.00366
-0.0076731
-0.0040176
0.0078613
-0.0076386
0.0008545
0.0058673
-0.0076573
0.0048979
0.0043713
0.0088322
-0.0095258
-0.0037263
-0.0099936
0.0061876
0.0013867
-0.0067327
-0.0029714
-0.0010517
0.0050226
-0.0023421
0.00891
-0.0011434
-0.0058061
0.0048731
0.0072958
-0.0060473
0.0081365
0.0053505
0.0061226
-0.0029923
0.0004807
-0.0011101
-0.0064587
0.0095352
0.0053032
0.00482
-0.0034555
0.0042235
0.0057056
0.0005968
0.0080233
0.0051125
-0.0049383
-0.0099807
0.0006071
0.0028945
0.0042498
0.0088674
0.0009421
-0.0093593
-0.006066
0.0033102
-0.0007723
-0.0029676
-0.0076773
-0.0093561
-0.0039475
-0.0014591
-0.0012935
0.0039772
-0.0041117
0.0039325
-0.0089746
-0.0087471
0.0075826
0.0079697
1.14e-5
0.000321
-0.0023276
0.0022713
0.0066693
-0.0012477
0.0091339
-0.0095488
-0.0063239
0.006532
0.0001026
0.0082388
-0.0077077
-0.0055348
0.0013426
-0.0021372
-0.0017705
-0.0034894
-0.0016377
0.0069341
-0.0008957
-0.0005181
-0.003891
0.0074572
0.0046166
0.0065704
0.0011748
0.0031257
-0.0023024
-0.000878
-0.0051272
0.0063927
-0.003837
-0.0075482
0.0008639
0.0012978
-0.0066187
0.0074505
-0.0009076
-0.0045409
-0.0062368
0.0093515
-0.0072894
-0.0038703
0.0049042
-0.0066105
0.0066275
0.0038529
0.0021852
0.0069039
0.0059574
-0.0028028
0.0088148
-0.0081104
-0.0031789
-0.0002869
-0.0006294
-0.0078323
-0.0027616
-0.0003057
0.0046167
-0.0070553
0.0078413
0.005661
-0.0017738
0.0013678
-0.0013111
-0.0095689
0.006297
0.0044054
0.0049235
0.0050625
-0.0013643
0.0015588
-0.0085594
-0.0042582
0.0043731
0.0032954
0.0017925
0.0004472
0.00078
-0.0043095
0.0044885
-0.0016463
0.002817
0.0012457
0.0014219
-0.0059609
-0.0086881
-0.0080878
-0.0040095
0.0091762
-0.0015284
0.0069514
-0.0088063
0.0062412
0.001026
-0.0002062
-0.0046458
0.0063689
0.0066059
0.006659
-0.0080566
0.0065773
-0.0011189
-0.0043924
0.0045196
-0.0089244
-0.0048126
-0.0067247
-0.0056736
0.0093799
0.0040723
-0.0070547
-0.0077108
-0.008838
0.0015612
-0.0058619
-0.0041566
0.00455
-0.0049356
0.0070049
-0.0029209
-0.0005339
-0.0011496
-0.0078357
0.0043597
-0.0033903
0.0007524
0.0065576
-0.0045915
0.0037521
-0.0092077
0.0043789
0.008163
-0.0009512
0.0011108
-0.0062476
0.0017291
-0.0034129
0.0078214
-0.0065783
0.0006291
-0.0039865
-0.0079286
-0.0072127
-0.0005234
0.0078187
0.0072295
0.008402
0.0087744
-0.0034624
-0.0011802
0.0006672
-0.002975
0.0091435
0.0081061
0.0001163
0.0044701
-0.0044706
0.0080293
0.002802
-0.0067716
0.0091013
0.003616
0.0052847
-0.007799
0.005104
0.0074085
-0.0080619
-0.0062669
-0.0025804
0.0011432
0.0002317
-4.3e-5
-0.0018154
0.0056482
0.0026845
-0.0089687
0.0092684
0.0083882
0.0076983
-0.0036787
0.004467
0.0064774
-0.001294
-0.00344
-0.0019484
0.0053127
-0.0080536
0.003449
-0.0051995
-0.0036493
-0.0057287
-0.0010663
-0.0012543
-0.0089152
0.0014516
-0.0030835
0.0058656
-0.003738
-0.0072367
-0.0073541
-0.0045363
-0.0061671
0.0023885
0.0030234
-0.0006476
-0.0003447
-0.0061456
0.0076939
0.0047243
0.0054483
-0.0094196
-0.0047684
-0.0054695
0.0016636
0.0090344
-0.0030248
-0.0050189
0.0053103
-0.0089872
8.32e-5
-0.0007783
0.0001274
-0.0064773
0.0064005
0.0070631
0.0053163
0.0076406
-0.0035735
-0.0046009
-0.0088895
0.0009998
-0.0078718
0.0041648
-0.0029432
0.0054011
-0.0075627
0.0089156
-0.0079679
-0.0073243
0.0062722
0.0031342
-0.0084009
0.0023581
0.0037807
0.0081068
0.0003397
0.0024118
0.0075807
-0.0047148
0.008056
-0.0032858
0.0091766
0.0044085
0.0032134
0.000674
0.0052476
0.0055109
-0.0003826
0.0075696
-0.0025579
-0.0083937
-0.0035298
0.0007635
-0.0073717
0.0042551
-0.0015355
-0.0005347
-0.0019722
0.0066362
0.0007467
0.0009331
-0.0043846
-0.0058012
-0.0039909
-0.007588
-0.0075165
-0.0090422
0.0049346
0.0078213
-0.0073079
-0.0090512
0.0076259
-0.0037124
0.0005354
0.0095092
0.0013981
0.0028074
0.0008726
-0.0038587
-0.0077605
0.002175
0.0064155
0.0033483
0.0074946
-0.0049183
0.0077362
0.0094414
0.0007355
0.0022829
0.0068267
0.0095044
0.0089716
-0.0031214
0.0025542
0.0052795
-0.0057347
0.0010734
0.0087919
0.0002346
0.003993
-0.0090778
0.0009358
0.0035013
-0.0094636
-0.0049912
-0.0022766
0.008017
0.001751
-0.0040753
0.0096926
0.0090672
-0.0047805
0.0044383
0.0084569
-0.0073004
-0.0012513
-0.0068024
0.0076496
-0.0014306
0.00605
-0.0094192
-0.0019228
-0.0042023
0.0069295
0.0071052
-0.0086821
0.0037546
0.0058766
-0.0058208
-0.0080134
0.006104
0.0081047
0.0016339
0.0071901
0.0091753
0.0092059
0.0090018
0.0071016
0.006011
0.0054809
-0.0021926
0.0029087
-0.0087734
-0.0041374
0.0018638
-0.0035075
0.0062316
-0.0099985
-0.0018692
-0.0064684
0.0060192
0.0001308
-0.0071316
-0.0034388
-0.001549
0.0052785
-0.0082879
0.005289
-0.0087267
0.0076241
-0.0075584
-0.0074537
0.006088
