3.32e-5
-0.0020796
-0.00151
0.0074809
-0.0040413
-0.0002855
0.0001025
-0.005356
0.0090745
0.0096224
0.0063289
0.0031039
-0.003087
0.0064759
-0.0034302
0.0025047
-0.0017882
-0.0096153
-0.0015885
0.0079793
0.0022872
-0.0034401
0.0085715
-0.0051098
-0.0025661
-0.0081681
-0.0038282
0.0001663
-0.0078445
-0.0044071
-0.0005579
-0.0029058
0.0067342
0.0041771
0.0006472
0.0039843
0.0045401
-0.0017458
-0.000578
0.0009159
0.0097866
-0.0061784
-0.0004784
0.003052
0.0004909
0.0058237
0.00491
0.0022568
0.0096834
-0.0086535
0.0003675
-0.0056105
0.0047044
-0.0038926
-0.0058844
0.0036823
0.0096886
0.0068182
-0.0040453
0.0021567
0.0033139
0.0092088
0.0013442
0.0016392
0.0033246
0.0068428
0.0084726
0.0044509
0.0048641
-0.0009501
-0.0077246
-0.0063753
0.0045992
-0.0072123
0.0071453
-0.0051869
0.0090277
-0.0009566
0.0023249
0.0090575
0.0004499
-0.0069875
-0.0003222
0.0028442
-1.31e-5
-0.0068445
0.0009976
-0.0063788
0.0006036
0.0061918
-0.0004966
0.007597
0.0078062
0.000141
-0.0081354
-0.0072492
-0.0011369
0.0091729
-0.0032765
-0.007774
-0.0061456
0.0046705
0.0042157
-0.007733
-0.0012191
-0.0025299
-0.0057075
-0.0004458
-0.0041632
0.0036162
-0.0042813
-0.008972
0.0026558
-0.0029901
0.0086146
-0.0023329
-0.0041981
-0.0080711
-0.0006216
-0.0038339
0.0094959
0.0092391
-0.0079316
0.0058064
-0.0087194
-0.0042297
0.0055587
2.2e-6
0.0041247
-0.0028963
-0.0063523
0.0031572
0.0059177
0.0030213
-0.0090974
-0.0096333
-0.0095282
0.0060122
-0.0021357
-0.0015024
-0.0052786
-0.0018545
0.0054495
0.0048054
-0.0091602
0.0023055
-0.0081731
-0.0062779
-0.0077296
0.0056971
0.0067804
0.0080202
-0.0063834
0.0078178
0.004277
-0.0058116
-0.0026863
0.0021588
0.0026125
0.0097843
-0.0093196
0.0074614
-0.0070405
-0.0054679
0.0064116
-0.0034573
0.0023635
0.0025066
-0.0021163
0.0090228
0.0005893
-0.0024253
0.0094491
0.0066287
-0.0054504
0.0076914
0.0006879
0.0055567
-0.0093335
0.0041364
0.0094394
-0.0049759
-0.0009158
0.0013585
-0.0004805
0.0051257
-0.0043054
0.0096643
-0.0054343
0.004004
0.0023841
-0.0056766
-0.0009481
-0.0078961
0.0097485
0.0040713
0.0028171
0.0030547
-0.0024553
-0.0049808
-0.0017366
0.0031723
-0.0031826
-0.0080108
0.0040884
-0.0092173
-0.0006966
0.0073085
-0.0055951
0.0013925
-0.0072012
-0.0058883
0.006378
-0.0098116
-0.007415
0.008549
0.0038361
0.0059285
-0.0010175
-0.0055016
0.0022856
0.008997
0.0058047
-0.0055854
-0.0078161
-0.0019039
0.0010162
-0.0077885
-0.00021
0.0005778
-0.0062294
-0.0093716
-0.0033702
0.0015382
0.0066073
-0.0041199
-0.0097787
0.001241
-0.0058432
0.001273
-0.0033724
0.0096438
-0.0042581
-0.0049459
0.0017416
-0.0039422
-0.0015638
0.0059081
0.0070181
-0.001214
0.003417
-0.0078054
-0.0067407
-0.0032311
-0.0054377
0.0022892
-0.0089681
0.0081665
-0.0074113
-0.0004518
0.0043231
-0.0037553
0.0089965
-0.0051069
0.0074834
0.0076833
0.0025587
0.0018224
0.0081333
-0.0004337
-0.0039792
-0.0023617
0.0073984
0.0011204
0.0083632
0.0062827
-0.0036781
0.008154
0.0078789
0.0036084
-0.0027013
-0.001225
-0.002914
-0.0079914
0.0022862
-0.0085947
0.0088631
-0.0052814
0.0055551
-0.006839
-0.0095068
0.0017854
0.0030162
-0.0097433
-0.0022464
0.0070333
-0.005324
-0.0018807
0.0088542
-0.0057924
0.0082722
0.0056048
0.001567
0.0076355
0.0022992
0.0080806
-0.0053776
-0.0058586
-0.0057852
-0.0037599
0.0099818
-0.0014601
0.0029888
0.0022281
0.0024649
0.0074239
-0.0081714
0.0039943
0.0069895
-0.0036347
0.0079288
0.009065
-0.0045426
-0.0029424
0.0077885
0.0068348
-0.007163
0.0042458
0.0081309
0.0002371
0.0055719
0.0039701
-0.0044766
-0.0059363
-0.004247
-0.0066621
0.0042905
0.0037782
-0.0029592
0.0037768
0.0038257
-0.00878
-0.0039409
0.0033958
0.0065041
0.0015052
-0.001879
0.0097344
0.004598
0.0043024
-0.001566
-0.006854
0.0002762
0.0058305
0.0049731
0.0075679
0.007506
0.0059553
0.0052995
0.0084979
0.0048234
-0.0087455
0.0002993
0.0009327
-0.0089213
0.0092266
-0.0087698
-0.0028736
0.0038478
0.0057628
0.0030592
0.0082056
0.0005309
-0.003374
0.0003712
-0.0030293
-0.0071397
-0.0073361
-0.0034292
-0.0015988
-0.0078253
-0.0024953
0.0015892
5.25e-5
0.0098323
-0.0050319
-0.0041605
-0.0085845
0.0085539
0.007672
-0.0063091
-0.0043956
-0.0016261
0.0012644
0.0079018
-0.0075718
-0.0029688
0.0081909
-0.0074054
0.006469
0.0050524
0.0018837
0.0008431
-0.0036141
-0.005874
-0.0017729
-0.0044646
-0.0082287
0.0026075
0.003649
-0.0081862
-0.0004866
-0.0078583
-0.0070046
-0.0017171
-0.0061056
0.0016885
0.000545
0.00092
0.0015455
-0.0075714
-0.0082048
0.0064627
0.0032159
0.001061
-0.0044888
-0.0078533
0.0073904
0.0053554
0.0029413
-0.0030987
-0.0070973
0.0073869
-0.0015063
0.0085061
0.006235
-0.0085704
-0.0004649
-0.007627
-0.0087159
-0.0058842
0.0064598
0.0004589
0.0092914
-0.0060422
0.0002841
0.005582
-0.0069044
0.0035625
-0.0079202
0.0039069
-0.0091962
0.0057384
-0.0039411
-0.0085078
0.0030438
-0.0043454
-0.0099053
0.0098269
-0.0054428
0.0061651
-0.0033478
-0.002614
0.0044009
-0.0037424
-0.0049465
0.004155
-0.0020087
0.0066248
0.0082797
-0.0097584
0.0038446
-0.0023289
-0.0076235
0.0062603
0.0096211
-0.0059221
0.0001366
0.0066035
-0.0050642
0.0090573
0.002615
0.0007167
-0.0038603
-0.0039898
0.005788
-0.0090947
-0.009607
-0.001335
-0.0068748
-0.0043253
-0.004111
0.0090044
0.008052
0.0013118
