-0.0038138
0.0054773
-0.0085267
0.0042293
0.000797
0.0063597
-0.0082942
-0.002024
-0.0030855
-0.0058289
-0.003291
-0.0020407
-0.0011569
-0.0001593
-0.0015851
-0.0045039
-0.0071881
0.0008624
-0.0061932
0.0072346
-0.0042923
0.0059636
-0.0080992
0.0079028
-0.0018157
-0.0089364
-0.0093879
-0.0014364
-0.0062974
0.0024414
-0.0026774
0.0068582
0.0008713
-0.0010007
-0.0054321
-0.0066553
-0.0015134
0.0096848
0.008064
0.007076
-0.0053515
0.0089403
0.0076142
-0.0044017
0.0063794
0.0060711
-0.0027578
0.0038755
-0.0039586
-0.0015047
0.0076796
0.008803
-0.0038627
-0.0056937
0.0070881
-0.0059372
0.007813
0.0082681
0.0098444
-0.0042002
0.0041814
0.0097469
0.0063008
0.0002377
-0.0026473
0.000521
-0.0053179
0.0048427
0.0088781
0.0041281
-0.0089588
-0.0013263
0.003816
0.0002888
0.0055078
-0.0013439
-0.0076164
0.0073227
-0.0027314
0.0046569
-0.0020636
-0.0038625
0.0036201
-0.000331
-0.0065157
-0.0060798
-0.0028322
0.0086702
-0.0079022
0.0089284
-0.0083993
0.0048844
-0.002646
0.0054123
0.0074207
-0.0017723
0.0008695
0.0052356
-0.0090384
0.0036243
-0.0069348
0.0011689
-0.0007884
-0.0092848
0.0088439
-0.008388
-0.0020443
0.002858
-0.008988
-0.0078546
0.0077088
0.0094812
0.0041816
0.0004222
-0.0035891
0.0002098
0.0075001
-0.0042902
-0.0021789
-0.0087508
-0.0053976
-0.0041574
0.002927
-0.0068249
0.0085879
0.0059957
-0.0048171
-0.0057608
0.0090929
-0.0099482
0.0005938
-0.0037662
0.0067393
-0.0071663
-0.0031411
0.0036838
-0.0015188
0.0018829
0.0059405
-0.0040128
-0.0002956
0.0037096
0.0080667
0.0010349
-0.0007439
0.0066647
0.0010615
-0.0050061
0.0002602
-0.0058182
0.0085546
-0.0023515
0.0038875
-0.0066904
-0.0085892
-0.0047306
-0.0037886
-0.0034234
0.0055961
0.0062998
0.0097853
0.0071891
0.004144
-0.0015093
0.0002574
0.0019437
-0.0087126
-0.0061168
0.009163
-0.0066129
0.0003931
0.002792
0.0080379
0.0079723
0.0082168
0.0061602
0.0016312
-0.0073481
-0.001386
-0.0010605
-0.0024914
-0.0038416
-0.0069121
0.0096918
0.0063383
-0.0065214
0.0004621
0.0072364
-0.0038931
0.0077773
-0.000408
0.0082986
0.0014157
-0.0090885
-0.0056098
0.0023037
-0.0044731
-0.0043967
0.0013238
0.003349
0.0042532
-0.0037507
0.0053887
0.0011728
0.006378
0.0044897
-0.009467
-0.0059228
-0.0062321
0.0035059
0.0064276
-0.0091164
0.0003708
0.0034258
0.0034852
0.0038823
-0.0016546
-0.0042132
-0.006514
0.0004324
-0.0031922
-0.0073154
0.0071801
0.0061535
-0.0073696
-0.0065774
0.0069032
-0.0099937
0.0058308
0.0068805
-0.0029996
0.0007572
-0.0057989
-0.0055996
0.006968
0.0084719
0.0024878
-0.0029662
0.0055417
0.0062724
0.0072226
-0.0008856
0.0033663
-0.0023725
-0.0044296
0.0045531
0.0072549
-0.0079414
-0.000301
0.0071567
-0.0013881
0.0079241
0.001126
0.0060617
-0.0038368
-0.0095066
0.0066357
-0.0012782
-0.0008058
0.0057297
-0.0028686
-0.0086128
-0.0047335
-0.0085175
-0.0024174
-0.0058489
-0.0081363
-0.0029007
0.0027388
0.0099148
-0.0062938
-0.0010331
-0.0043107
0.0022631
0.0029816
0.0024048
-0.0018586
-0.0006086
0.0086676
0.0071705
-0.0025471
-0.0007353
-0.0095549
-0.0097365
-0.0023961
0.0088567
-0.0011111
-0.0048385
0.0050212
0.0008287
0.0061405
-0.0012999
0.0047893
0.0061286
-0.0093751
-0.0070701
0.007712
-0.0051771
0.0069547
-0.0025742
-0.0088966
-0.008806
-0.00721
-0.0060841
-0.0098675
0.0042916
0.0094147
0.0017336
0.0065047
1.04e-5
0.0017291
0.0023657
-0.008475
-0.0069128
-0.003255
-0.003054
-0.0031361
0.0016681
-0.0012757
0.0049642
-0.0092597
0.0025981
-0.0012468
-0.0020177
0.0087115
-0.001949
-0.0081919
0.0099467
0.0082981
-0.0039851
-0.0067856
0.0035439
0.0097335
0.0082743
-0.0057521
-0.0083988
0.001394
0.0076545
-0.0034607
0.0016708
-0.0004548
0.0079994
0.0001019
-0.0001267
0.0009522
0.0040819
0.0011925
0.001026
0.0088438
0.009773
-0.0005704
-0.00411
0.0024528
0.006789
-0.0047778
-0.0044893
0.0031975
-0.0081353
-0.006691
0.00401
0.0068174
-0.0071541
0.003639
-0.0063807
-0.0093386
-0.009439
0.0047767
0.0066405
-0.0095364
-0.0093514
0.001526
0.0004546
0.0023122
0.0024454
0.0047246
-0.0046116
-0.0050827
0.0051278
-0.0019993
0.0036301
0.0045777
0.0095101
0.0013066
0.0052521
0.0028306
0.0039392
0.004257
0.0040874
0.0040749
-0.0013565
0.0013327
0.0059231
-0.0057294
-0.0075188
0.0079447
0.0066784
0.0049602
-4.94e-5
0.0058008
-0.0090536
0.0085462
0.0096074
0.0067202
0.0070635
-0.0034185
-0.0067348
0.0020044
-3.9e-5
-0.0018297
-0.0001383
0.0016301
-0.0095508
0.00236
0.0065554
-0.0098941
-0.0031235
-0.0022933
-0.0005878
-0.0045221
0.0044846
-0.0058314
0.0043843
0.0080003
-0.005505
0.0061025
0.0057825
0.0025942
-0.0081332
0.0018065
0.0004057
0.0096535
-0.0069658
0.0087364
0.0081441
-0.0045029
0.0098178
-0.0080445
-0.0026433
0.0003617
-0.0072417
0.0045392
0.0071462
-0.0035206
-0.0024438
0.0010198
-0.0064961
0.0011714
0.0068104
0.002047
-0.0032836
0.0056793
-0.0062882
0.0042885
-0.00986
0.0086784
-0.0086918
-0.0079937
0.0063206
-0.0026789
0.0005208
0.0049801
0.0020597
-0.0006237
-0.0042501
-0.0007748
-0.0075623
0.0019426
0.0074697
0.0014234
0.0016585
-0.0017862
4.39e-5
0.0066243
-0.0009353
-0.0039656
0.0040512
0.0095133
-0.0025661
0.0089544
-0.0096866
-0.0009106
-0.0035267
0.0040575
-0.0026719
-0.0054049
-0.0036889
-0.0043197
-0.0074479
0.0015689
-0.0048235
0.0069608
0.0023589
0.0001127
-0.0067429
0.0044754
