0.0002248
0.0083627
0.00167
-0.0091931
0.0080985
-0.0099012
0.0011701
-0.0051794
-0.003757
-0.0002238
-0.0019527
-0.0023519
0.0043108
0.0003407
-0.0006211
0.0099353
0.0047159
-0.0029147
0.0053096
-0.0057263
-0.0065152
-0.0038031
0.0010029
0.0058232
0.0013294
-0.0054637
-0.0021217
0.0098855
-0.0084562
0.0034436
-0.0041015
0.0021029
-0.005118
0.0008538
-0.0030424
0.0013763
-0.0066901
0.0047372
-8.81e-5
0.0093353
-0.0077382
-0.0065351
0.0053136
0.006525
0.0013744
-0.0075652
0.000148
0.0064866
0.004006
0.0068903
0.0002175
-0.0073436
0.0031598
0.0069101
0.0090241
-0.0009723
0.0072446
0.002428
-0.0053346
-0.0046798
0.004082
-0.0040234
0.0018654
0.0086681
0.0008579
0.0052422
0.0053614
0.0079459
0.0052563
-0.0059494
-0.0055185
-0.0039931
0.001759
0.0092998
-0.0095606
-0.0018015
-0.0033513
-0.0049869
0.0098923
0.0039867
0.001789
-0.0029306
0.0078503
-0.0095223
-0.0081496
-0.0007205
0.0015324
0.0064331
0.0050002
0.0070861
-0.0006526
-0.0079545
-0.001843
0.0088474
-0.00893
0.0097888
-0.0037415
-0.0035475
0.0005872
0.0038357
0.004267
0.0046434
-0.0015143
-0.0062843
0.0046272
0.0094766
0.0019955
-0.0008197
0.0034298
-0.0093771
-0.0060211
0.0010586
-0.0031737
0.0073549
0.008917
-0.0023191
0.0058756
-0.0071143
0.0041371
-0.0002046
0.0082852
0.0038175
-0.000342
0.0030178
-0.0054147
-0.0024264
0.0004549
-0.0055813
0.0065839
-0.0056696
0.0094945
0.0052597
0.0005897
0.0003287
-0.00734
0.0021844
-0.0032402
-0.0090734
0.0002102
-0.0051725
0.0013745
-0.0014934
-0.0045098
0.0031244
-0.0035298
-0.001594
-0.0045697
0.0044917
-0.0091067
-0.0055679
-0.0040276
0.0053388
0.0027321
0.0058748
-0.0035595
0.0083246
0.0052166
0.00807
0.0019996
-0.005119
-0.0021111
-0.0039268
-0.0017731
0.0045994
0.0007839
0.000384
-0.0096313
0.0054591
0.0098378
0.0045788
-3.0e-6
0.0068079
-0.0054403
0.0090594
0.005871
-0.0045174
0.0078793
0.0070218
-0.0073877
0.0086858
0.009383
0.0085314
0.0008083
-0.0047823
0.0010998
0.0004135
0.0001685
0.0095188
-0.0090664
-0.0019234
0.0088294
0.0006687
-0.0031735
0.0064291
0.0088685
0.005343
0.0084345
0.0032666
0.0082009
-0.0080438
-0.0025907
-0.0060887
-0.0089445
0.0027153
0.007786
0.0081613
0.0057527
0.0089905
-0.0013364
-0.0055313
-0.004522
-0.0066241
0.0068805
-0.0066177
-0.0069977
-0.0031353
-0.007069
-0.0003694
-0.0068227
-0.0003445
-0.0005118
-0.0032413
-0.0005097
-0.0029732
-0.0015473
0.0038434
-0.0063605
0.0075177
0.0077675
0.0095253
6.63e-5
0.0066254
-0.0093295
-0.0076638
-0.0014356
0.0076096
0.0093097
-0.0024943
0.0084982
0.0081967
-0.0040768
-0.0082336
-0.0093867
0.0074035
0.0038085
0.0073893
-0.0089392
0.0009967
0.0002729
0.0042642
0.0029212
0.005175
0.0060093
-0.0008414
0.0026103
0.0099357
0.005052
0.0070087
-0.0039081
0.0003605
0.0046063
-0.0083223
0.0015826
-0.0030873
0.0094246
0.0081774
0.0095246
0.0004642
-0.0095259
-0.0010029
-0.0094088
0.0087794
-0.0076844
-0.0080876
0.0034973
0.0061468
0.0012242
-0.0081443
0.0072738
-0.0073309
0.0039256
0.002828
0.0066607
0.00282
0.0023859
0.0025462
-0.0050161
0.0069572
0.0047237
-0.0023407
0.0074374
0.0077718
0.0091408
0.0026574
0.00601
0.0026529
-0.0091023
-0.0080132
-0.0090221
-0.0081088
-0.0061979
0.0032067
-0.0013488
0.0098127
-0.0040163
0.0029492
-0.0053528
0.0083909
0.0059155
-0.0050895
0.0062471
-0.0060058
-0.0097032
0.0096996
-0.0062187
-0.0068429
0.0079343
0.003171
0.0067579
0.0031264
0.0052713
-0.0018314
0.0091766
-0.003071
-0.0057018
0.0088039
-0.0058048
-0.0088992
-0.0081618
-0.0021085
-0.0028106
-0.0016828
-0.0082125
-0.0071431
0.0004357
0.0019751
0.0001288
0.0067769
-0.0070908
0.0031442
-0.001282
-0.0027594
0.0069773
0.0048458
0.0008948
-0.0039068
-0.0039085
-0.0026528
0.0047401
-0.0065374
-0.0064309
-0.0078964
0.0090898
-0.0022413
-0.0074347
0.0064183
-0.0060666
0.0066114
0.0067819
0.0013331
-0.0097899
0.0093205
0.0026234
-0.0075658
-0.007019
-6.27e-5
-0.0024006
-0.0053005
-0.0069811
-0.0023361
0.0008991
-0.0055736
0.0068082
0.00781
0.0015633
-0.0015585
-0.0006847
-0.005042
0.002839
0.0035771
0.0070179
0.0096207
-0.0065575
-0.0019531
-0.001023
-0.006596
0.0040993
-0.0066007
0.0075021
0.0070339
-0.0066542
-0.0001478
-0.0056243
0.0055709
0.0042647
-0.0045834
0.0011761
0.0041305
0.002294
-0.0044016
-0.0050256
-0.0081779
-0.0022829
-0.009786
0.0054654
0.000515
0.0013724
0.0035779
0.008429
-0.006859
-0.0020685
0.0084938
-0.0098684
-0.0089431
0.0054324
-0.005221
0.0020057
0.009308
-0.0003195
-0.0074512
-0.0062815
-0.0025313
0.004181
0.006212
-0.0057244
-0.0070089
0.0041028
0.0005187
-0.0085684
0.0086251
-0.0080876
-0.0076957
0.006334
-0.0025821
-0.0080747
-0.0089681
-0.0072359
0.006317
-0.0062379
-0.0072854
0.0084381
-0.0034266
0.009524
0.0063882
0.0081281
-0.0005043
0.0005733
-0.0011689
-0.0058154
0.0094548
0.0060643
0.0012769
-0.0031463
-0.0055166
0.0063661
-0.0013142
0.0094774
0.005464
-1.93e-5
-0.0075215
-0.0088819
0.0014849
0.0044279
0.003701
-0.001679
-0.0047167
0.0008787
0.0020759
-0.0081808
0.0079828
-0.0015949
0.0085426
0.0075782
0.0029705
-0.007943
-0.0025237
-0.0082243
-0.0012655
-0.005128
-0.0061149
0.0049345
-0.0098483
0.0015484
-0.00088
0.0004018
-0.0013821
-0.0011042
0.0082032
0.0090662
-0.0071071
-0.0060093
-0.0091374
0.0011705
-0.0036256
0.0056914
