0.007398
-0.0004962
0.0022172
0.0049316
-0.0059865
0.006601
0.0058965
0.0049786
0.0057338
0.0089425
-0.0085357
0.0038853
0.0008946
-0.0004925
0.0084329
0.0085495
-0.005164
-0.0003331
0.0038551
0.0099815
0.0005938
-0.0022355
0.0038595
0.0066404
-0.0054958
-0.0001368
-0.0058337
5.49e-5
-0.0031003
-0.0011931
-0.0051937
0.0071374
-0.0086083
-0.0026216
0.0056884
0.006501
-0.0087613
0.0047226
0.006963
0.0029554
-0.0044968
0.0009566
0.0004791
-0.0092471
0.0087291
0.0043492
0.0054993
-0.0072219
0.0077523
0.0062108
0.0047293
0.0017092
0.0089708
0.0082755
0.0019267
-0.0065689
-0.0088731
0.0096085
0.0052802
-0.0072197
-0.0002681
-0.0074467
-0.0072037
0.0030971
0.0038551
-0.0035949
-0.0042841
-0.0082778
-0.0084128
0.0034728
0.0015837
0.0098328
0.0041684
-0.0024959
-0.0017694
-0.0082212
-0.0097108
-0.0075749
0.0004004
0.0030146
5.9e-6
0.0014069
-0.002825
-0.0082403
0.0004663
-0.0008617
0.005705
-0.0015855
-0.0026571
0.0069323
0.0046579
0.0079553
0.0083179
0.006658
-0.0056989
0.0008186
0.0077681
0.0087373
0.0066682
0.0034118
-0.0098147
-0.0001317
-0.0045196
-0.000423
0.0043292
0.0034942
0.0084236
-0.0082623
-0.0063214
0.0074577
-0.0032186
0.0075317
-0.0065211
0.0096779
-0.0051552
-0.0046534
0.0019213
0.0057705
-0.0066858
-0.0031728
-0.0025322
0.0009851
0.0051794
0.0003871
0.0085184
-0.0048952
-0.0009348
0.000729
-0.0034841
0.0099533
0.0066092
0.0051246
-0.0071726
0.0011125
-0.0008825
0.0064931
0.0099949
-0.0048393
0.0049016
0.0033384
0.0079845
0.0040551
0.0071536
-0.0086652
0.0022881
-0.000557
-0.0043263
-0.0079338
0.0035252
0.0098842
-0.00343
-0.0053622
-0.0073835
-0.0029302
0.0049409
0.0078681
0.0027174
-0.0071631
0.0053598
0.0050531
-0.0075693
0.0088508
0.0046861
0.0018055
-0.0064983
-0.0064555
0.0074755
-0.0025469
-0.0064739
-0.0056251
0.0067868
0.0024209
-0.0045673
-0.0060217
0.0025695
0.0015106
0.0066734
0.0035698
0.0082051
-0.0035972
-0.0091588
0.0045701
-0.0049609
0.0027939
-0.0044597
-0.0057375
-0.0064641
0.0025517
0.0028729
-0.0097773
0.0079581
0.0053246
0.0006891
0.0054212
-0.0009042
-0.0075606
0.0038505
0.0045596
0.0081262
-0.0056483
-0.0046568
0.0024779
-0.0002961
-0.0009569
-0.0086014
0.0059892
0.001275
-0.0051864
-0.0006039
0.0048284
-0.0083603
-0.0054465
-0.0045942
-0.0026712
0.0048982
-0.0040838
-0.0025424
-0.0080271
0.0022661
0.0004922
-0.0026871
0.0090098
-0.00132
0.0044127
0.0095609
-0.0010902
-0.0037114
-0.0099874
0.0062672
-0.0034395
-0.0063523
-0.008606
0.0041362
-0.0018863
-0.0092833
-0.0021511
-0.0026926
0.0097241
-0.0053981
-0.0011703
-0.0048344
0.0089852
0.00481
0.0058859
0.0017098
-0.0068035
-0.0084616
0.0068519
-0.0069343
-0.0001349
0.0039969
-0.0078661
0.0064938
0.0068903
0.0017906
0.0024859
0.0051169
0.003844
-0.0064374
0.002906
-0.0034584
-0.0037442
-0.0011559
0.0074234
0.0041429
0.0009665
0.0042004
-0.0083963
-0.0099349
-0.0093331
0.0093138
0.0025894
9.1e-6
0.00169
-0.0044308
0.0029614
-0.007772
-0.0011629
-0.003111
-0.0064259
-0.002064
-0.0018712
-0.0095617
0.0002062
-0.0006254
-0.0063742
-0.0061961
0.0007567
0.0008401
-0.0094802
-0.0078509
0.0040097
-0.0071784
-0.0096986
0.0086194
0.0060802
0.0062648
0.0054823
-0.0030793
-0.0086181
0.0012667
0.0043015
0.0071127
-0.0063776
-0.0026027
0.0020593
-0.0056455
-0.0025069
-0.0075069
-0.0010569
-0.0021539
-0.0020329
0.008906
0.0062243
-0.0006274
-0.0060055
-0.0026028
3.46e-5
-0.0067536
-0.002232
0.0005837
-0.0038367
-0.0055871
-0.0067416
0.0016652
-0.0036111
0.0058038
0.0012328
-0.0017721
0.0099529
-0.0085302
0.0084172
-0.0081708
-0.0043736
-0.0019638
0.0097922
2.32e-5
-0.0012241
-0.0035771
-0.0082915
0.0076503
-0.0060514
-0.0022908
0.0078972
0.0052173
-0.0075847
-0.0046153
0.0031508
-0.0078174
0.0056763
0.0064057
-0.004769
-0.0023103
-1.4e-5
-0.0074996
-0.0089557
-0.007151
0.004248
0.001034
-0.0054189
-0.0092416
-0.0034686
0.0067024
-0.0034529
-0.0077252
-0.0028858
-0.0053233
-0.0015226
-0.0057718
0.0067966
0.0035196
0.0034596
0.0055635
0.004427
0.0071087
-0.0022823
0.0046881
0.0068939
-0.003079
-0.0081322
-0.0070031
-0.0015113
0.0090585
-0.0029625
0.0046434
0.0069076
0.0082865
-0.0076022
0.0049723
0.0093217
-0.0059272
-0.0013567
-0.0091733
0.003735
0.0051369
0.0065013
0.0004399
-0.0053053
0.0086156
-0.0072696
0.0021605
-0.0054509
-0.002423
-0.0021673
-0.0068565
0.0081461
-0.000205
0.0046733
0.0076357
0.009269
0.0052376
-0.0001395
-0.0063826
-0.0052974
-0.0077992
-0.0082955
0.0038532
-0.004047
-0.0041022
0.0079812
0.0096816
0.009476
-0.0091694
-0.0012337
-0.0068581
-0.0049467
-0.0075576
-0.0044477
-0.0032384
-0.0035181
0.0041246
0.0010338
-0.0076356
0.0003796
-0.0074773
0.0042259
0.0048682
-0.0079328
0.0017046
0.0007764
-0.0078036
0.0006887
0.0097983
-0.0052606
-0.0020134
0.0008511
-0.0044231
0.0075695
0.0088618
-0.0005555
-0.0070816
0.0097605
0.0007342
0.0087171
0.0098455
-0.0093854
-0.0057881
0.0099788
-0.0087038
0.0069769
-0.0086047
-0.0093246
-0.0087481
0.0072553
0.0099421
0.0011296
-0.0004988
-0.0051036
-0.0058065
-0.0007361
0.0092724
0.0064664
-0.0081325
0.0081031
-0.0007171
0.0068104
0.00615
-0.0061876
-0.0075185
-0.0006916
-0.0064853
-0.0028118
-0.0048873
-0.0069671
0.0009718
-0.0069576
0.0091074
0.0058641
-0.0043349
0.0037554
0.0092415
-0.0056924
0.0048124
-0.0014997
0.0011384
