0.0082304
0.0025395
0.002271
-0.0045525
0.0013964
-0.0011554
-0.0011351
-0.0019455
-0.0083281
-0.0089697
0.0054225
-0.0098386
0.0030801
-0.0079234
0.007315
0.0054491
0.0060332
0.0032398
-0.0065077
-0.0045964
-0.0079535
0.0011507
0.0017706
-0.0025033
0.0034679
-0.008734
-0.0043203
-0.0043581
0.0042903
0.007728
-0.0024475
0.0073646
0.0032276
0.0081224
-0.0093655
0.0056922
0.0098391
0.0061502
0.007912
0.0084292
-0.0072595
-0.0092752
0.009319
0.0029237
0.0002938
0.0055261
-0.0006151
0.0031746
0.0092226
0.0081245
-0.0058894
0.0051928
-0.0082092
-0.0004097
0.0034257
-0.003558
-0.0088664
-0.0074182
-0.001481
0.0064404
-0.0099236
-0.0016953
0.0050307
-0.0060765
0.0096155
0.0073179
-0.00583
0.0065425
-0.0095134
-0.0091799
0.0062104
0.0040905
-0.0036623
0.0004177
0.0020578
0.0082866
-0.0032615
-0.0031571
-0.0054604
-0.0018322
-0.0008136
0.0051613
0.004928
-0.0099687
-0.0036351
-0.0088077
0.0066414
0.0056716
0.0041141
-0.0027325
-0.002402
0.0087968
-0.000218
0.0082322
-0.002098
0.001715
-0.0033207
0.0073152
-0.0054532
0.0019156
-0.007809
0.0035524
0.0018144
0.0019378
-0.0078985
-0.0098194
0.0011386
-0.0093767
-0.0038779
0.0011873
-0.0016389
-0.0006834
0.0018017
0.0076917
-0.0093534
0.0022845
0.0059399
-0.0084397
0.00243
0.0073614
-0.0023181
0.004289
0.0019124
-0.0025759
-0.0065264
-0.008147
0.0071859
0.0069306
0.0096704
-0.0091384
0.0015438
-0.0018241
0.0082012
0.0055841
0.0065683
-0.006646
0.0056561
0.0094738
0.0012846
0.0068922
-0.008276
-0.0065783
0.0014635
0.0055217
0.0090642
-0.0008657
0.0073019
0.0076397
0.0024552
-0.0072804
0.004709
-0.006314
0.008527
-0.0018127
0.0078701
-0.003181
-0.0062988
-0.0062437
0.0013054
-0.00215
-0.003345
-0.0024589
-0.0097124
0.0006558
-0.0089796
-0.0005316
-0.002825
-0.0048385
0.0031527
0.0038845
0.0050942
0.0073002
0.0025512
0.0069329
-0.0034766
0.003187
-0.0059045
0.0030612
-0.006279
-0.0051542
-0.0064867
0.0011787
-0.0074392
-0.0027028
0.0063767
-0.0033953
0.0051013
0.0034714
-0.0092317
-0.0033734
0.0072083
-0.0033517
0.0096357
-0.0039408
-0.0047173
-0.0040823
-0.0056826
-0.0075591
0.0032874
0.0024336
0.008361
0.0005095
-0.0032828
0.008681
0.0076507
-0.0087307
0.0003878
-0.0023036
0.0099153
-0.000159
0.0067901
-0.0071281
0.0050377
-0.0075349
-0.0057278
-0.0075976
0.0014497
0.0044945
-0.0014877
-0.0024304
0.0067386
-0.0031179
0.0095366
0.0046083
-0.0015113
-0.0057039
-0.0082409
-0.0064245
-0.0015546
0.0001286
0.0013606
-0.0083819
-0.0035099
-0.0028102
-0.0084326
-0.0031687
0.002155
0.00839
-0.0036609
0.0011008
-0.0038711
0.0014347
0.005155
-0.0040916
0.0036728
0.0069656
-0.0077401
0.0080312
-0.0047493
-0.0044884
-0.0033966
-0.0088279
-0.0017514
0.0012726
-0.0024246
-0.00847
-0.0056177
-0.003168
-0.0004714
0.000375
0.0065547
-0.0098314
-0.0014597
-0.0066052
-0.0049458
0.0036367
0.0049124
0.0054826
-0.0017311
0.002978
0.0026561
-0.0044367
0.0092881
-0.0062872
0.0038093
0.0058939
-2.19e-5
0.0096128
0.0031324
-0.0076545
0.0023866
0.0084772
0.0045641
-0.0060072
0.0077388
0.0046971
0.0099581
-0.0035973
0.0005098
0.0004314
-0.0068162
-0.0020077
0.0027032
-0.0016991
0.002986
-0.0085201
-0.0067866
0.0091753
-0.0031652
-0.009825
-0.0092533
-0.0027192
-0.008332
0.0007488
0.0082755
-0.0064577
-2.55e-5
-0.0090577
-0.0031996
0.0020828
-0.0058542
-0.0037478
0.0011697
0.0023931
-0.005646
-0.0025161
0.002404
0.0067764
-0.0099459
0.0002513
-0.0038463
-0.0066828
0.0049634
-0.0035695
0.0039808
0.0078257
-0.0039533
-0.0012926
-0.0086043
0.0063337
-6.3e-6
0.0047181
0.0069734
0.0097608
-0.0054577
-0.0053401
0.0032438
-0.0066754
0.0078268
-0.0007629
0.0041414
0.0045873
-0.0030671
-0.0046253
-0.000113
0.0082818
-0.0085875
-0.0046568
-0.0044867
0.0089025
-0.0066669
0.004002
-0.0052182
-0.0087278
0.0059792
-0.0039772
0.0017562
-0.005207
0.003184
-0.0009825
-0.0020513
0.0069103
-0.0034235
-0.006177
0.0098317
-0.0064206
0.0008558
-0.0013568
-0.0096598
-0.0091775
-0.0007458
0.006318
-0.0029263
0.0008683
0.0087176
0.0070895
-0.0008594
-0.0037656
-0.0058208
-0.009481
-0.0070064
-0.0018991
0.002514
-0.0073507
-0.0031503
0.0094475
0.001261
-0.0038689
-0.0008056
0.0074845
-0.0060019
0.0077022
0.0067193
-0.0042897
0.0025583
-0.0012197
-0.0008712
-0.0024785
-0.0095785
0.0021636
-0.0042463
-0.0062271
-0.0010388
-0.0071226
0.008649
0.0007127
0.0044049
-0.0079048
-0.0072731
0.0080366
0.0075726
-0.0058613
-0.001175
0.0037
2.7e-5
-0.0066472
-0.0069824
-0.0082501
0.0020979
0.0011337
-0.0023417
-0.0020868
0.0042815
-0.0019921
0.0013062
0.0083126
-0.0057977
-0.0069519
-0.0004413
-0.0094133
0.0005026
0.0098894
-0.0005547
0.0091596
-0.0094043
-0.0063031
-0.0011219
-0.0058901
0.0043458
-0.0002924
0.0047085
0.0090343
0.0079401
-0.003993
0.0084318
-0.0025272
-0.008067
0.0018234
0.0091916
0.0098762
0.000527
0.0061137
-0.0063726
-0.009441
0.0096363
0.0033053
0.001358
-0.0099862
0.0095733
-0.0025968
-0.0091979
0.0040834
-0.004183
-0.004696
-0.0009327
0.007686
0.0009099
0.0005271
0.0037541
0.0021767
-0.0079643
0.0065061
-0.0067621
-0.0082997
-0.0094359
-0.0009865
0.0053479
0.0025136
0.0073935
-0.0016825
-0.0014483
0.0042715
0.003226
0.0044237
0.0073337
0.0029311
0.0092572
0.0063394
0.0060179
-0.0049811
-0.0015982
-0.0011827
-0.0017981
-0.0071871
0.0002973
