0.0092594
-0.0062811
-0.0042884
0.0023049
-0.0061661
-0.0054152
-0.0085503
0.002393
-0.0010133
0.0093034
-0.0092668
0.00462
0.0082488
0.0030038
0.0020369
-0.0064414
-0.0082831
-0.0005597
-0.0016863
-0.0032258
0.0082437
-0.0013517
4.04e-5
-0.002353
-0.0059892
0.0038391
0.0009719
-0.0084242
-0.0084208
0.0018664
0.0074887
0.0050642
0.0012979
0.0012071
-0.002556
-0.0049478
0.002984
0.0007455
-0.005063
0.0053149
-0.0035899
-0.0085318
0.0094736
0.0005316
0.0026456
0.0052559
-0.0048534
-0.0069668
0.0018495
0.0050031
-0.002184
0.0063185
-0.0089411
0.0073519
0.0050446
-0.0063976
0.0022039
-0.0013063
-0.0005753
-0.0004299
0.0076086
-0.0087026
-0.003801
-0.0010986
0.0020733
-0.007638
-0.0003703
-4.69e-5
-0.0036997
0.0035291
0.0011915
-0.0011901
0.0062688
-0.0033566
0.0088201
0.0004926
0.0083767
0.0082595
0.0063334
0.0095379
-0.0018283
-0.0023527
0.0019287
0.0068937
-0.0088729
-0.0051947
-0.0087707
-0.0055851
0.0057599
0.0021017
-0.0042129
-0.0073319
-0.0043001
0.004155
0.006911
0.0008896
-0.0008991
-0.001673
0.0022844
-0.0061864
0.0027913
-0.0047992
-0.0060644
-0.0015997
0.0067163
0.0042938
0.0027918
-0.0090262
-0.0013994
-0.0015355
0.0029202
-0.0008804
-0.0085911
-0.0037659
0.0005974
-0.0076964
0.0083238
0.0098515
0.0067695
-0.009924
0.009907
0.0009806
-0.0056442
-0.0041868
-0.0033415
0.0049696
-0.002051
0.0071513
-0.0062871
-0.0025145
-0.0062692
0.0008364
-0.0019383
0.0035786
0.0029095
-0.0066677
0.0003955
-0.0049004
0.0059811
-0.0021847
-0.0005484
-0.0064756
0.0018007
0.0031845
0.0049995
-0.0040792
-0.0042789
-0.0066875
0.004833
-0.0093742
4.73e-5
0.0094758
-0.0025819
-0.0050849
-0.0071655
0.006341
0.0057958
-0.002959
0.0069021
-0.0007757
0.0090085
-0.0020954
-0.0076155
-0.0010992
-0.0075974
-0.0098197
0.0086742
-0.009441
-0.0087795
-0.0056982
0.0084802
-0.0022076
0.0044712
-0.0096306
-0.0026278
-0.0006381
-0.0010513
0.0091815
0.0009512
0.0029264
0.0047041
-0.0004061
-0.0090722
0.0064527
0.0070441
-0.0004358
0.0002851
-0.0065957
0.0074603
0.0097437
-0.0015472
0.001941
-0.0083121
-9.0e-7
0.0040001
-0.0002321
-0.0060815
-0.0027976
0.0059979
-0.0007857
-0.0036202
-0.0080892
-0.0078535
0.0053236
0.0056786
-0.0016023
0.005395
-0.0098791
-0.0097842
0.0012471
0.0090482
0.0029729
-0.0041309
-0.0092375
0.0014925
0.0004545
0.0039984
-0.0051257
-0.009973
-0.0018394
-0.0057169
0.0034598
0.0013635
-0.0039585
0.0006105
0.0072761
-0.0026146
-0.0037973
0.0097081
0.0074443
-0.0057779
-0.0065032
-0.0075184
0.0019589
-0.0040443
-0.0012784
0.0053193
0.0080545
-0.0009773
0.0003864
0.006773
0.0047118
-0.0069893
-0.0056212
-0.0052811
-0.0080665
-0.0098507
-0.005784
0.0090659
-0.0026243
-0.0042742
-0.0064564
0.006747
0.0054122
0.0089096
0.007979
-0.0011705
0.0098703
0.0005754
-0.0091817
0.0073972
-0.0022881
0.0057562
-0.0035818
-0.0030732
-0.0097256
-0.004143
-0.005577
-0.0060973
0.0049801
-0.0052151
-0.0035576
-0.0090784
0.0005327
0.0070835
0.0005787
0.004509
-0.0059856
0.0077235
0.006344
-0.000231
-0.009184
-0.0062709
0.0022699
-0.0063547
0.0089197
-0.0059666
-0.0022764
0.0058211
0.0011997
-0.0050479
0.0022972
-0.0039895
-0.0097221
0.0090477
0.0045738
0.0021164
0.0021019
-0.0073658
-0.0060214
-0.0021842
0.0042379
0.0057764
0.0015598
-0.0012424
0.006212
0.0099152
0.0016914
-0.0065109
-0.0070535
-0.0067255
0.0004522
-0.0068113
0.0047869
-0.0074645
-0.004124
-0.0004317
-0.0036028
0.0044192
-0.0003972
0.0010304
-0.0059928
-0.0052445
-0.003888
-0.0083138
-0.009706
-0.0064895
-0.0082785
0.0038056
0.00863
0.0046549
0.0055861
0.0001401
0.0046976
-0.0092032
-0.0077887
0.0044421
-0.0051166
-0.0070337
-0.0075294
-0.0070293
0.0021818
0.0008306
0.0030788
0.0024127
-0.0039638
-0.0072511
0.0040602
-0.0001998
0.0096408
-0.008511
0.0023679
-0.0093124
0.0083475
0.0009658
0.0062795
0.0006208
-0.0080152
-0.0079363
-0.0018294
-0.000444
0.0091251
0.0039953
0.0054969
0.0051613
-0.0076694
0.0065825
-0.0074562
-0.007623
0.0047889
-0.006921
-0.0084044
0.0066087
-0.0036104
0.0062592
0.0041942
0.0066703
0.0047037
0.0009638
0.0031384
-0.0022174
0.0002725
0.0031944
0.0028472
-0.0013536
-0.0070909
-0.0022379
-0.0055605
-0.0069996
-0.0069396
0.0037605
0.0035558
-0.0047621
-0.0079418
0.0036242
0.0057596
-0.0063129
0.0077688
0.0018302
0.0062663
0.0012949
0.0011826
-0.0016425
0.0059807
-0.0066062
-0.0072811
0.006776
-0.0038152
-0.008146
-0.0028806
0.0035726
0.0046802
-0.0047653
-0.0046457
-0.0014136
-0.0065463
-0.0085648
0.0014794
0.0026659
-0.0050775
-0.0003554
-0.0017852
0.0044032
0.0019807
-0.0001698
0.0002044
-0.0098923
0.002702
-0.0008307
0.0079662
-0.0063341
0.0003701
0.0071036
0.0044659
-0.0055591
0.0010121
-0.0095298
0.0098161
-0.0022828
-0.0034973
0.0007899
-0.0010151
0.00569
-0.0085564
-0.0060479
0.001721
-0.0081224
-0.0025841
0.0056017
0.0083491
-0.0054869
0.0065516
-0.0042649
-0.000823
-0.0075866
0.0001025
0.0010622
0.0018028
-0.0088568
0.0064742
0.0090863
0.009926
0.0002045
-0.0085088
0.0027184
-0.0012604
9.63e-5
-1.61e-5
0.0093561
0.0088227
-0.0030918
-0.0076151
-0.0090314
0.0053768
0.0030928
0.00566
0.0057898
-0.0056551
0.0077168
0.0018693
-0.0038757
-0.0035583
0.0013541
-0.0023137
0.0052463
-0.0066474
0.0006122
0.0081462
0.003145
-0.0058792
0.0073615
0.0078538
-0.007467
-0.0052062
0.0026031
