-0.0066377
-0.0082102
-0.0072488
0.0091199
-0.0002136
0.0093949
-0.0071638
-0.0064414
-0.0041363
0.0024976
-0.0009224
0.0074453
-0.0028255
0.008853
-0.0059652
0.0068098
0.0054721
-0.0054867
-0.0046772
0.0031386
-0.0075021
0.0023343
0.0072374
-0.003736
-0.0049942
0.003651
0.0054437
0.0014657
0.0089275
0.0088038
-0.0042115
-0.0027949
0.0065917
-0.0079784
0.0020733
-0.0071493
0.0061889
-0.0067974
-0.0091502
0.0043579
-0.0007374
0.0020704
-0.0011992
-0.0015822
-0.0083391
0.0006486
0.0073985
0.008624
0.0065315
-0.0003845
-0.0003721
0.0035057
0.0006132
0.0088072
-0.0053197
7.46e-5
0.0055713
0.0070378
0.0097991
0.0050108
0.0019414
-0.0044829
-0.0080764
-0.0019639
-0.0057547
-0.007465
0.001934
-0.0098547
0.0070596
-0.0053187
0.007932
0.0021744
0.0028023
-0.0008837
-0.0072828
0.0030652
-0.005019
0.0071934
0.0063721
0.0023715
-0.0058148
-0.0049793
-0.0064146
-0.0057326
0.0055118
-0.0059573
-0.0067402
-0.0028868
-0.0001048
-0.0015279
-0.0096609
-0.0089953
-0.0023229
-0.0038243
-0.0024674
0.0016644
0.0008677
0.002368
0.0028293
-0.0040325
0.0025742
0.0016478
0.0082355
0.0055716
-0.0092695
-0.0078231
0.0060359
0.0034831
0.0049015
0.0059649
0.0065083
0.0032792
0.0063419
0.0014722
0.0069303
-0.0094507
-0.0075558
0.00564
0.0026827
0.0068404
0.007928
0.0082681
-0.0064622
0.0008878
0.0052995
0.006731
-0.0094283
-0.0014555
-0.0087949
0.0015696
0.0037628
0.0083891
0.0008594
0.0092518
-0.0082428
0.0070351
0.0087723
-0.0095489
-0.0085787
0.0054737
0.0060345
-0.0076898
-0.0016992
0.0093025
0.0079049
0.0015269
0.0082102
-0.0061129
0.0007246
-0.0055906
0.009479
-0.0017376
-0.0079969
0.005802
0.0034875
-0.0013083
0.0044794
-0.0077243
-0.004428
-0.0027057
0.0003458
0.0094836
-0.0023548
0.0013458
-0.006175
-0.000116
-0.0077977
0.0055623
-0.0041096
-0.0040167
-0.0022653
0.0042061
0.0058122
-0.0076997
0.0092921
-0.0079764
0.0098201
-0.0025988
0.0062033
-0.0027363
-0.0084756
-0.0033054
-0.001064
-0.0099128
-0.0006412
-0.0014032
0.0048397
-0.0038258
-0.001729
-0.0019045
-0.0039171
-0.0083599
0.0014839
0.0033779
-0.0093806
0.0009704
0.0084917
0.0099222
0.0002181
-0.0036999
-0.0005381
0.0089364
-0.0038543
0.0025401
-0.0005813
0.0058984
-0.0071406
0.0008861
0.0062564
0.0035067
0.0002107
0.0057093
-0.0019379
-0.0011561
0.0094225
-0.0042833
0.0073704
-0.0071477
0.0058311
0.0059899
0.0075531
-0.0041243
-0.0035888
-0.00363
0.0076733
-0.0048663
0.0092073
0.0005964
-0.003108
0.0062304
-0.0072525
0.0076774
-0.0080556
0.0049895
-0.0082805
-0.0083069
-0.0043902
0.0034491
0.0010223
0.0061003
-0.007568
-0.0001757
-0.0028033
-0.0084922
-8.07e-5
0.0075639
0.0035817
0.0066066
0.0081459
0.0015268
-0.0061268
-0.0076925
-0.0099028
-0.0091504
-0.0029349
-0.0052794
0.0093563
0.0033845
0.0072427
-0.0027286
-0.0068739
-0.0061005
-0.0090037
-0.0076822
-0.0070314
0.006126
-0.009354
-0.0055167
-0.004489
0.002879
-0.0077703
-0.0026239
-0.0056146
-0.0045176
0.0048793
0.0089415
0.0053568
-0.0034442
0.0024532
0.0073971
-0.0028538
0.0050276
-0.0081808
0.0081955
-0.0076171
-0.00365
-0.0094987
0.0090335
-0.0088434
0.0070064
-0.0042926
0.005719
0.0078743
-0.0060822
-0.0052864
0.0052912
-0.0085107
-0.0009178
-0.0041289
0.0059965
0.0038906
-0.0052506
0.0025026
-0.0059756
-0.0004331
-0.0052153
-0.0001021
-0.0059591
0.0021672
-0.0049524
0.0098913
-0.0084408
0.0004222
-0.0038064
-0.0017319
0.0031241
-0.000217
-0.0075944
0.0065076
-0.0068222
-0.0080257
-0.0040788
-0.0011884
0.0020381
-0.0009945
0.0047113
-0.0058036
-0.0083904
0.0062694
0.0021839
0.0013892
-0.0078414
-0.0060126
-0.0039787
0.0012021
0.0098069
-0.0055792
0.0018861
0.006973
0.0016868
0.0005447
-0.0087418
0.002141
-0.0005138
0.0078054
-0.0007571
-0.0021819
-0.0098234
0.0073031
0.0087209
0.0065502
-0.0008346
0.0049884
-0.0063251
-0.0069716
-0.0029298
0.0008776
0.0034384
-0.0096294
0.0063791
-0.0074408
0.0046663
-0.0092767
-0.0084821
-0.006203
-0.0065273
0.0037104
0.003595
0.0077731
-0.0036608
0.0068912
-0.0076283
-0.0009008
-0.0029346
0.0073959
0.0018731
0.0077234
0.0090097
0.0068154
0.0053686
0.0069662
-0.0048508
-0.0079766
0.0090595
0.0093214
0.0084889
-0.0028602
0.0004597
0.0081327
-0.0056633
0.0060236
-0.0098329
0.0021347
-0.0072151
0.0073869
0.0022943
0.0028602
-0.0083602
0.0083603
0.0046675
0.0092882
0.0014057
-0.0005337
-0.0072301
-0.004062
0.0059864
-0.0097706
0.004642
-0.0038072
0.0020274
-0.0044873
0.0006418
-0.0076619
-0.0084688
-0.0043478
-0.0040886
-0.0022376
0.0060597
0.0010681
-0.001582
0.0008395
0.0045912
-0.0013388
0.0020192
0.0003282
-0.0034436
0.007351
0.0028621
2.16e-5
-0.0078933
-0.0055958
-0.0051811
0.0002197
0.0080301
0.0009176
0.0077127
-0.0030674
-0.0097322
0.0027451
0.0006929
-0.0054495
0.0015225
4.14e-5
0.0005071
-0.008109
-0.0008565
-0.0033161
0.0079665
0.0044098
0.0083395
0.0023459
0.0021165
-0.0085665
0.0051209
0.0088547
0.004988
-0.0072249
0.0016066
0.0078245
-0.0005947
0.0013637
0.008571
3.1e-5
-0.0078641
0.0076069
-0.00764
-0.0034048
-0.0091629
0.0068273
-0.0099593
0.000379
0.001775
0.0069404
0.0054932
0.0019539
0.0083231
-8.0e-5
0.0076871
-0.0070295
-0.009455
-0.0064053
0.0038779
-0.0061185
0.0078093
-0.0003793
0.0001578
-0.0074491
0.003268
0.0089193
-0.0032573
-0.0034418
-0.0067229
-0.002987
0.0059725
-0.0033363
