-0.0040556
0.0002965
0.0049876
-0.0003938
0.0060158
-0.0055272
0.0074951
0.0010913
-0.0088849
0.0015839
-0.0003712
-0.0099113
-0.0031362
0.0015117
-0.0028453
-0.0084539
-0.0005268
0.0092045
-0.0073331
0.0054057
0.0042164
0.0015369
-0.0094221
-0.00969
-0.006737
-0.0025826
-0.0067875
-0.0084522
-0.0069338
-0.0031624
-0.0092662
0.0015641
-0.0016134
0.0044461
-0.0038173
0.0071532
0.0061108
0.000297
-0.0050018
-0.006108
0.00252
0.000147
0.0076067
0.0068887
-0.000262
-0.0037298
-0.0033757
0.0004424
0.0006566
0.0018116
0.0017496
0.0052933
0.0014052
-0.0005516
0.0099042
0.0007929
0.0030131
0.0025361
-0.0078853
0.0092578
-0.0020094
0.0021578
-8.71e-5
0.0066187
0.0059922
-0.008905
0.0055325
0.0009524
-0.0042822
0.0085113
0.005107
-0.0069763
-0.0080512
0.0037544
-0.004414
-0.0056308
-0.0012483
0.0046791
-0.0089337
-0.0080653
-0.006311
-0.0086221
-0.0023454
0.0070609
-0.0018651
-0.0064137
0.0071787
0.0044495
0.0068156
-0.0030504
0.0094962
-0.0010481
0.0044987
0.0084418
0.0027298
0.0046029
-0.0053068
-0.0053613
0.0072795
0.0053767
-0.00977
-0.0030422
0.0021107
-0.0016228
0.0085035
0.0038653
0.005994
-0.0069207
-0.0088755
0.0007629
-0.0061663
-0.0008548
0.005385
-0.0093571
0.0041869
0.0086141
0.0012218
0.0080436
-0.0069382
-0.0021144
0.0028027
0.0002766
-0.0027305
0.0076984
-0.006222
-0.0045394
0.0087364
0.0054019
0.0086823
0.0048438
-0.0012334
0.0026514
0.0086538
0.0074714
-0.002706
-0.0072791
0.0019639
0.0027017
-0.0056194
-0.0010552
-0.0068596
-0.0002192
-0.007554
-0.0078442
-0.0019901
-0.0097905
-0.0025902
-0.006165
-0.0087332
0.0003792
-0.0063005
-0.0019486
-0.0080545
-0.0077241
0.001229
0.0053553
-0.0069827
0.0011123
-0.0092207
0.003156
0.0025606
0.0080334
-0.0033353
0.0062435
-0.0064363
0.0045213
-0.0059273
0.0038648
-0.0029661
0.0076198
0.0083261
0.009611
-0.0024723
0.0096839
-0.0001993
-0.0003615
-0.006011
0.0062417
0.0063143
0.0082047
0.003076
-0.0069868
0.0024156
-0.0017552
0.0037876
0.0030314
-0.0042083
-0.0097685
-0.0055102
-0.0040545
-0.0021585
-0.0068787
-0.0019419
-0.0077812
0.0034566
0.0036188
0.0042375
0.0057063
0.0085622
-0.0029368
0.0090788
-0.0089472
0.0015263
-0.0093001
-0.006912
-0.0083047
0.0088991
0.0096825
-7.99e-5
0.0033979
-0.0098295
0.0017504
-0.0073747
0.0050075
-0.0070771
-0.0068609
-0.0046891
0.0072629
0.0024868
0.000465
0.001343
0.009615
0.0055395
0.0087621
0.0017285
-0.0027679
-0.0018631
0.0053326
0.0053141
0.0070466
0.0045201
0.0039914
-0.0037372
0.0019463
-0.002234
-0.009688
3.99e-5
0.0056897
-0.0042624
-0.0011807
-0.0097743
-0.008221
-0.0061624
0.0093962
-0.0005941
-0.0098049
0.0081013
0.0024432
-0.0006846
-0.0067971
-0.0072332
-0.0052787
0.0083318
0.0092747
-0.0019767
0.0044727
-0.0066419
-0.0008849
-0.0013418
-0.0016265
0.0072472
0.0022103
-0.0016528
-0.0004296
-0.0047996
0.0053833
0.0008889
0.0009181
0.000512
0.0092623
0.0064239
-0.0029315
-0.0028393
0.0035537
0.0090255
0.0003414
0.0004878
0.0074127
-0.0010069
-0.0020883
0.0030631
0.0011569
0.0092429
-0.0015471
0.0059218
-0.0025602
-0.0034803
-0.0035348
0.0097008
0.0081306
0.0053299
0.009599
0.0028794
0.0061255
0.0061006
-0.008555
0.0077235
0.0021171
0.0068886
-0.0003919
0.0041713
-0.0078923
-0.0095917
-0.0050843
-0.0014839
0.0083886
0.0079783
-0.0009743
0.0039364
-0.0081224
-0.0071897
-0.00549
0.0019558
-0.0010143
-0.0079292
0.0055664
-0.0096214
-0.0056396
0.0016382
0.002058
0.0004986
-0.0032203
0.002964
-0.0056195
0.0063255
-0.0026632
-0.0034833
-0.0050181
0.0063546
-0.0033028
-0.0011189
0.0045568
-0.0006362
-0.0026637
0.0097365
-0.0086958
-0.0099394
-0.0051735
-0.0012477
0.0053165
0.0069889
0.0088867
0.0093687
0.0002993
0.0052074
0.0097595
-0.0037449
-0.008938
0.0090852
0.0012532
-0.0050473
0.0065886
0.0060043
-0.0044762
0.0043225
0.0092552
0.0070114
-0.0077257
-0.0076713
0.0064023
-0.0058131
0.00256
-0.0047319
-0.006754
-0.0084477
0.004191
-0.0084009
0.0036458
0.0065037
-0.00847
-0.0071289
-0.0003561
0.0046346
0.0006509
-0.0055524
0.0054811
0.0012529
0.0020511
-0.0029831
0.0092192
-0.0033616
-0.0037934
-0.0044491
0.0028656
-0.0093026
0.0054055
-0.0067753
-0.0045166
-0.0029319
-0.0045038
0.0049124
0.0005997
0.0077905
-0.0093182
0.0059412
-0.0016807
0.0028337
0.009613
-0.0020864
-0.0089874
0.0024795
0.0077789
0.0085401
0.0021465
-0.0087842
-0.0004692
0.000739
0.0036988
-0.0040882
-0.0057387
-0.0006903
-0.0062661
0.0099702
-0.0070931
-0.0065422
0.0066529
-0.0084238
0.0063897
0.0089783
-0.007829
0.0003475
-0.0016077
-0.0004689
0.0088783
0.0086762
0.0014985
0.0088125
0.009629
-0.0076976
0.0008396
0.0080821
0.0045272
-0.0013755
-0.0039207
-0.0047035
0.0093415
-0.0050492
0.0056942
0.0055213
0.0071008
0.0092012
-0.0094987
0.0093264
-0.0049034
0.0091537
0.0056639
-0.0049317
-0.0064014
0.0015989
0.0038623
0.0092422
0.0061423
-0.0081777
-0.0005617
-0.0068428
-0.0089775
-0.0026004
0.0009849
0.0070011
-0.0048586
0.009084
0.0032132
-0.0024867
-0.0051067
-0.0019484
0.0064438
-0.0002911
0.0025414
-0.0059693
0.0029069
-0.0073493
0.0081281
0.0067441
-0.0081326
0.0064201
0.0046227
0.008158
-0.0028439
-0.0017938
0.0038144
0.0003217
0.0043047
0.0084978
-0.0016631
0.0051989
0.0036098
-0.0038289
0.0002492
0.0023011
-0.0091762
0.0066599
-0.0028291
-0.0001121
-0.0092868
0.0013588
