0.0054336
-0.0093079
0.0089337
0.0077718
0.0084044
-0.0074357
-0.0012067
-0.0029578
0.0083049
-0.0019419
-0.0052856
-0.0051763
-0.0003009
-0.0038525
-0.0051064
-0.0046648
0.0030339
0.0043376
0.0087322
-0.0069125
-0.006451
0.0027355
-0.0038824
0.0078492
-0.0062038
-0.0086983
-0.0072889
0.0097525
-0.0098469
0.0018594
-0.0090288
0.0031913
0.0082569
0.0085729
0.0048651
-0.0092356
-0.001082
0.0086005
-0.0071011
-0.0065417
0.0085197
-0.0028416
0.0095513
-0.0076551
-0.0074353
-0.0097944
0.0007768
0.0010932
0.0014636
0.007694
0.0076503
0.0058096
0.0010721
-0.0083901
-0.0088284
0.0072273
0.008667
-0.0011674
-0.002003
0.0066323
-0.0046144
-9.37e-5
-0.0084182
0.0070776
-0.0073769
0.006749
-0.0045457
-0.0010681
-0.0011985
0.0013282
-0.0024961
-0.0080652
0.0053159
0.0031621
-0.0065767
0.0053194
-0.0016825
-0.0086179
0.0059607
0.0042164
-0.0052592
0.0080712
-0.0062137
0.0006082
-0.0090658
0.0052586
-0.0017132
0.0092316
0.0098098
-0.0088443
-0.0061129
0.0087409
0.0018384
-0.0030569
-0.0055649
-0.0006942
-0.0020599
-0.005165
0.0079762
-0.009132
-0.0082071
-0.002441
0.007896
-0.009225
0.0033378
-0.0049396
-0.0018951
0.0097447
0.0032685
-0.0023044
-0.0064156
-0.00772
0.002345
-0.0021408
0.0020794
0.0098817
-0.0042843
-0.0019005
0.002354
0.0064937
0.0015515
-0.0018923
-0.0047312
0.001473
0.0095914
0.0050923
0.0017829
-0.0008563
0.00598
0.0075003
0.0058235
-0.0047733
-0.0043485
0.0091907
-0.0013471
-0.0063009
0.0047318
-0.000741
0.0015057
0.0036465
-0.0089574
-0.0093889
-0.0003829
0.0008348
0.0093472
0.0026973
0.0095236
-0.0006458
0.004933
-0.0094754
0.0076755
-0.0084189
-0.0019084
0.0096635
-0.0057369
0.0009763
0.0020149
0.0084345
0.0043888
-0.0072448
-0.0043107
-0.0090104
0.0092931
0.0020104
0.0001122
0.0079605
0.0058319
0.0099213
0.0057429
-0.0036846
-0.0013259
0.0031164
0.0009707
-0.0097864
-0.0003571
0.0036798
-0.0077907
-0.0025744
-0.0084052
0.0080615
-0.0018841
0.0065993
0.0073795
-0.0003102
-0.0065283
-0.0081344
0.0057144
0.0087073
0.0060116
0.0055761
0.0094833
-0.0083705
-0.0043716
-0.0025187
0.0044058
-0.0088825
-0.0087657
0.0082934
0.003308
0.0064705
-0.0051334
0.0093537
-0.0041606
-0.0006775
-0.0024588
-0.0067693
0.0017466
0.0013853
0.0020096
3.66e-5
-0.0051558
-0.0021412
0.0036526
0.0052093
0.0009304
-0.0088822
0.0007547
0.0024911
-0.0020914
-0.0024314
-0.0054655
0.0003892
-0.0038213
-0.0078329
0.0058323
0.0039155
0.0047708
0.007179
0.0098324
0.0008197
0.0005021
0.005865
-0.0067033
-0.0086773
0.0060969
0.0024489
0.0068144
0.0023436
-0.0089698
-0.0017405
0.0085979
0.0022002
0.0022349
0.0085295
0.0074107
-0.0032669
0.0087784
-0.0028317
0.0034118
0.0027158
0.0039167
0.0027507
0.0037938
-0.0041694
-0.0086222
0.0085155
0.0067257
-0.0037956
0.0013662
-0.0004094
0.0052932
-0.0046506
-0.0045576
0.0054394
0.0079246
0.0055021
-0.0045869
-0.0003463
-0.0046557
0.0036004
-0.003749
0.0091996
0.0051405
0.0041342
-0.0031718
-0.0057124
-0.0018838
0.0087424
0.0021375
0.0055597
0.0005373
0.0075779
0.0061774
-0.0034645
-0.0008046
0.0071017
0.0099701
0.0068896
-0.0038261
-0.0048863
0.0061802
-0.0053125
-0.0068618
-0.0061223
-0.004728
0.0092711
0.0002996
0.008777
0.0077288
0.009869
-0.0021731
-0.0091982
0.0063294
0.0045098
0.0076531
-0.0037386
0.005861
0.0013051
0.0010178
0.0003649
0.0032405
-0.0024843
-0.0030149
0.0099065
0.0013005
-0.0056322
0.0069114
-0.0092061
-0.0061732
-0.0037701
0.0090994
0.001365
0.0086909
-0.0005783
0.0089942
0.0091135
0.0021879
-0.0080564
0.003943
0.0048159
0.0087262
-0.0059779
0.0062151
-0.0022985
0.005636
-0.0095224
0.0017556
-0.0017606
-0.0054541
-0.0080166
-0.0045903
0.0075815
0.0009819
0.0045065
0.0026666
0.0058836
0.0073229
0.0062755
0.0046917
-0.0039923
-0.0079284
0.0094091
-0.0070916
0.0090773
0.006598
0.003366
0.0043732
0.0083509
0.0099219
0.0015704
-0.0094918
0.0062844
0.0046883
-0.0089231
-0.0012355
0.0057453
7.42e-5
-0.0095452
0.005052
-0.0082813
-0.0017753
0.001175
0.0061481
-0.00956
-0.0071368
0.006746
0.0036344
0.0042838
-0.0022378
-0.001453
-0.0009642
0.0031966
0.0090743
0.0089657
-0.0061301
-0.0028761
-0.0070831
-0.0015477
0.0007174
-0.00852
0.002931
-0.0063306
0.0075171
-0.0052099
-0.0048396
-0.006278
-0.0078069
-0.002116
-0.0005369
-0.0017055
-0.0002655
-0.0040838
0.0078415
0.0047576
0.0092291
-0.0028539
-0.0076181
-0.0062421
-0.0022885
0.0036014
-0.0036097
0.0011685
-0.0094932
-0.0078786
-0.0036583
-0.0074996
-0.0026983
-0.0031624
0.002239
0.0064154
-0.00853
-0.0001606
-0.0033148
-0.0071883
-0.0019547
-0.0087514
0.0072413
0.0008607
0.0008309
-0.0085853
-0.0069153
0.0030263
-0.0084432
0.0090461
0.0029656
0.006663
0.0067553
0.0024052
0.0090226
-0.0066588
-0.0083865
0.0067405
-0.000278
0.0040391
-0.0048626
0.0070566
0.006581
0.007883
-0.0003107
0.0064889
0.0044303
-0.0025329
0.0051328
0.0099471
-0.0001922
-0.0085871
0.0098121
-0.0085386
0.0085107
-0.002309
0.0069515
-0.0088765
0.0087459
0.001096
0.0060243
0.0005017
0.0069324
0.0088249
-0.0082309
0.0014037
-0.0040254
-0.0074446
0.0099523
0.0053
0.0036166
-0.0076069
0.0032897
0.0033607
-0.0062715
0.0012157
0.0078938
0.0072198
0.0039446
-0.0075295
0.0055986
-0.0025372
0.0068344
-0.0061998
-0.0024004
-0.0087761
-0.0041669
-0.0053775
-0.0074768
-0.0015044
-0.0006463
