-0.0036395
0.0009317
0.0025285
-0.0024118
-0.0092565
-0.0094273
-0.0068345
-0.0038676
-0.0095363
0.0024828
-0.005335
-0.0097297
0.0036332
-0.0092343
0.0042352
-0.0037418
-0.0046655
0.0047531
0.0052421
-0.0086122
0.0004928
0.006762
0.0095007
0.0087071
0.0080206
-0.0072658
-0.0081925
0.0064374
0.0086368
-0.0077996
-0.0077149
0.0040521
-0.0093599
-0.0085901
-0.0019501
-0.0035452
0.0043853
-0.0078442
0.0039897
0.0032235
0.0017777
-0.0016316
-0.0015123
-0.0049889
0.0028549
-0.0076995
0.0097154
0.0026786
0.0001996
-0.0015767
-0.0094298
-0.0038604
-0.0050444
0.0081375
0.0084148
0.0004461
0.0019107
0.0013818
0.0084899
-0.0023065
-0.0076359
0.0038027
-0.0008221
0.00199
0.0049169
0.0036011
-0.00543
-0.0005018
-0.0031638
-0.0052322
0.005645
0.0012644
0.0032216
-0.0087215
-0.0039415
-0.0009715
0.0004486
0.0004671
0.0077139
-0.0006048
0.0061347
-0.0053208
0.0072749
0.0054644
-0.0037872
0.0076069
0.0074912
0.0091429
-0.0035241
-0.0019091
-0.0015113
-0.0031288
0.0082058
0.0094781
-0.0052654
-0.0016956
-0.0085007
-0.0071158
0.0097104
-0.0060542
-0.0035067
0.0028939
0.0074379
0.0070061
-0.0089692
0.0042398
0.0057665
-0.0003259
-0.0036548
-0.0018634
0.0052984
0.0003928
-9.7e-6
-0.0038799
0.0048942
-0.0034562
-0.0083735
-0.0064287
0.0070457
0.0082863
-0.0081228
-0.0053072
0.005284
-0.0017921
0.0027717
0.0095568
0.0018245
0.0027758
0.0033457
-0.0095037
-0.0096333
-0.0093368
-0.0017752
-0.0073388
-0.0052357
0.0070627
0.0014392
-0.0056296
-0.0032323
0.0083932
-0.0074532
-0.0007918
0.0083251
-0.0059457
0.0005771
-0.0071784
0.0019063
-0.0067934
-0.0090532
0.0053875
0.0083403
0.009003
-0.0080797
-0.0005262
-0.0042641
-0.0025874
0.0082665
-0.0040267
-0.0048739
0.008497
0.0046345
-0.0046223
-0.0086318
-0.0098068
-0.0045802
0.0077236
-0.008024
0.0080931
-0.0006988
-0.0090205
-0.0078363
-0.0014892
0.0067721
-0.0012882
-0.002797
0.0046071
-0.0055915
-0.0073574
0.0096035
-0.0073604
-0.0019719
-0.0086867
0.0047914
-0.0055685
-0.007223
-0.0099406
0.0038233
0.0015898
-0.0013431
-0.0024188
-0.0091067
-0.0014965
0.0025358
0.00777
-0.0096963
-0.0008624
-0.001438
0.0012102
0.0062251
0.0084149
0.0032495
0.0052822
-0.0046882
0.0045385
-0.0019568
0.007359
0.0030337
-0.001022
0.0001216
0.0013961
-0.0057426
-0.0018186
-0.0039533
0.0063899
0.0049403
-0.002032
-0.0010091
-0.0030064
-0.0051857
-0.0075742
0.0076516
0.0015888
0.0098692
0.0059913
-0.0076873
-0.0085639
-0.0085725
0.0047752
-0.0050122
0.0034037
-0.0029547
0.0077946
0.0064771
0.0010095
0.0085314
0.0070893
-0.0009252
0.0037333
-0.0065857
-0.0080882
0.0049327
-0.0048698
-0.0002737
-0.0002943
-0.0084524
-0.0037151
-0.0080054
0.0088688
-0.002944
0.0084423
0.0048607
0.0034499
0.0061104
0.0091834
0.0026341
0.0086473
0.0023416
-0.0083575
0.0082714
0.0060239
-0.00529
-0.0008288
-0.0014979
-0.0019643
-0.0060592
0.0043272
0.0075991
-0.0052381
-0.007128
0.0072928
-0.0042355
-0.0006597
-0.0084493
0.0065304
-0.0093991
0.0004715
0.0056705
-0.0067193
0.0030177
0.0034259
-0.0018874
-0.0020535
0.0018868
-0.0025133
0.0038374
0.0004622
-0.0025541
-0.0056481
-0.009045
-0.0038496
0.0025884
-0.0050393
0.0006424
-0.0056042
0.000403
0.0022176
0.009952
0.0013695
0.0012803
0.0087857
-0.0057489
0.0017373
-0.0079913
0.0064858
-0.0032939
-0.0097903
0.0058906
0.0026138
0.0046403
-0.0057587
0.0031455
-0.0050757
0.0035569
-0.0082089
0.0054287
0.0050202
-0.0060784
-0.0083949
-0.00956
-0.008121
0.0053175
-0.0049236
0.0092432
0.0029859
-0.0058691
-0.0092707
-0.0024875
-0.0098958
0.009624
-0.0097291
0.0017156
-0.0052938
-0.0094375
-0.0039682
-0.0088232
0.0099386
-0.0087525
-0.0036452
0.0050266
-0.0038901
0.0060977
-0.0054391
-0.0067596
0.0039354
-0.0041224
-0.0045037
0.0012785
0.0054208
0.0078491
-0.0015608
0.0067524
0.0044278
-0.0065007
0.0039071
0.0074443
-0.0017519
0.000545
-0.002737
-0.0071146
-0.0094014
0.0087698
0.0063451
0.0003426
-0.0054862
0.0053434
-0.0092719
-0.0081638
0.0077897
-0.0058449
0.0013792
0.0059227
-0.0099597
0.0078246
0.0017693
0.0042393
0.0049294
0.0003924
-0.0007281
0.0068271
0.0082012
0.0077272
0.0020806
0.001748
-0.0015255
0.0034461
-0.0070195
0.0007383
0.0006101
-0.0009841
-0.0033506
-0.0016446
-0.0090832
-0.0063293
0.0089127
0.0039866
-0.0033622
0.0070837
-0.0001085
-0.0082112
0.0060314
0.0013272
-0.0094963
-0.0037109
0.0053644
0.0096878
0.0049479
0.0074343
-0.0042863
0.0073353
-0.0049816
0.002801
-0.0029894
0.0086827
0.0068222
-0.0009183
0.002993
0.001712
0.0035979
-0.008582
-0.0003625
0.0038084
0.0048567
0.0028124
-0.0022911
-1.44e-5
0.0074579
-0.0005032
0.0027268
0.0025736
-0.0068201
-0.0083696
0.0058165
-0.0001115
0.0017141
0.007892
0.0029226
0.0095069
0.0070547
0.0086642
-0.005169
0.0089066
0.0089296
-0.0040184
0.0034536
0.0017074
0.0068444
-5.64e-5
-0.0029971
-0.0082063
-0.0041288
0.0069006
0.0093977
0.0026106
-0.0036366
-0.0039286
-0.0072564
0.0024407
-0.004729
0.0091086
-0.0082353
0.0020013
0.0050558
-0.0033858
-0.0029842
-0.0085791
-0.0003707
0.0074944
-0.0066032
-0.0074053
0.0094249
-0.0061928
-0.0099271
0.0081432
0.006847
-0.0047147
-0.0047371
0.0013237
-0.000701
0.0031259
0.006943
0.0074079
0.0032983
0.0039535
0.0002347
0.0023954
-0.0042811
0.0076667
0.0066674
-0.008915
-0.005599
0.0069608
-0.0050579
-0.0007152
-0.0023359
0.0029311
