0.0095318
-0.0057328
-0.0026067
0.0082348
0.002076
-0.0062399
0.002392
-0.0075321
-0.008853
0.0058174
0.0029701
-0.0060402
0.0034481
-0.0042433
-0.0055834
-0.0014413
0.0056367
0.0018632
0.0018789
-0.0004767
-0.0057121
0.0075679
-0.0012667
-0.0084176
-0.0005912
0.0041228
-0.0037104
0.0025055
0.0008945
-0.0014559
0.0003315
0.0036401
0.0015774
0.0036456
-0.002505
0.0083668
0.0019027
-0.0083168
0.0098077
-0.0076837
0.001049
-0.0022953
-0.0071564
0.0013528
-0.0053548
0.004053
0.0052104
-0.0033965
0.0060402
-0.0010062
-0.0066501
0.0051603
-0.000704
-0.0062321
0.0037089
-0.0022029
0.0023992
0.0008959
0.0018794
-8.5e-6
0.002749
-0.0004782
0.0080837
0.0090915
-0.0071244
-0.0066115
-0.0068525
-0.0041953
-0.0068419
0.0036502
0.0043425
0.0057459
0.0063334
0.0069335
0.00451
-0.0045624
0.0095792
-0.0064566
0.0059466
-0.0099681
0.0027603
0.0028819
0.0029951
-0.0028508
0.0001239
0.0074979
0.0014002
0.0034668
0.0002474
-0.0076119
-0.008172
-0.0024232
0.0046179
-0.0072689
0.0072754
0.0087245
0.0087519
-0.0039739
-0.0092555
-0.0053966
-0.0083236
-0.005951
0.0028556
-0.0008356
0.007425
0.0049703
0.0059652
0.0086477
0.0052696
0.0011176
-0.0072516
-0.0007749
-5.84e-5
0.0030252
0.0092194
-0.0006156
-0.0088086
-0.0029763
-0.006544
0.0088933
0.0083401
0.0038452
-0.0086324
0.0032783
-0.002282
0.0089382
-0.0077223
0.0038952
0.0089584
0.0043406
-0.006707
-0.0005311
0.0026424
-0.0077168
0.0033016
-0.0037851
0.0085888
0.0060391
0.0085867
-0.0027197
-0.0052961
0.0023709
-0.0032114
0.0097292
-0.0020541
0.0067235
0.0019363
0.0080663
0.0015968
0.0043929
0.0028758
-0.0044053
-0.0013159
0.0037289
-0.0028158
0.0012731
0.0042074
-0.0037689
-0.0094382
0.0014717
0.0054389
-0.007085
-0.0081652
-0.0053834
0.0001059
0.0087206
-0.0064271
-0.0046913
0.0041482
0.0010714
0.0064456
-0.0045382
-0.0073341
0.006031
0.0013541
0.0084041
-0.0041441
0.0018039
0.0059748
-0.0087942
-0.0086152
-0.0080814
-0.0077701
0.0080387
0.0040162
-0.0056463
-0.0008422
0.0042635
0.008312
0.0033477
-0.0048415
-0.0074507
0.0071706
0.0091618
0.0085207
0.0071172
-0.0055489
-0.007463
-0.0060089
-0.0033058
-0.0060437
0.0062963
-0.0065764
0.0040153
-0.0016978
-0.0099749
0.0085
0.0018832
-0.0090093
-0.0084187
-0.0029432
-0.005923
0.0080168
-0.0014477
-0.003001
-0.0051934
-0.0037913
-0.0076295
0.005522
-0.002491
-0.0025048
-0.0036478
-0.0021703
0.0022027
0.005285
0.0072718
0.002042
0.0032246
0.0099494
-0.0060405
-0.0068742
0.0023439
0.0089164
0.0066085
0.0048225
-0.0033377
-0.0064651
0.0032669
0.0048629
-0.008482
-0.0047813
-0.0016499
0.0034916
0.0028901
-0.001396
-0.0049846
0.00905
0.0073331
0.0022236
0.0009555
-0.0014917
-0.0037861
-0.0026066
0.0033468
0.0008727
0.0026411
-0.0064679
-0.0047356
-0.0085822
-0.0062031
0.0091948
0.0088571
-0.0007506
0.0090734
0.0069163
0.0062631
-0.0075981
-0.0049355
-0.0017019
-0.0094418
-0.0086461
0.0062541
0.0006713
0.0074414
0.0060194
-0.0048481
-0.0013258
-0.0013846
0.0096048
0.0008201
-0.001456
0.0095989
-0.0014913
-0.0088485
-0.0094553
-0.0078512
0.0062734
-0.0093547
0.0020637
-0.0034412
-0.0069275
0.0099157
0.0007766
0.0029458
0.0035807
-0.0066443
-0.0087877
0.0013162
0.008271
-0.0015709
-0.0095658
-0.0046806
0.0007559
0.0050066
-0.0091657
-0.0052522
0.0066006
0.0035973
-0.0005764
-0.0090817
-0.0094401
0.0058202
-0.0002064
-0.0005609
0.0019328
0.0042264
0.0099359
-0.0010004
-0.0088434
-0.009977
0.0047603
-0.0078429
0.0003818
-0.0051918
0.0046822
-0.0076681
0.0027339
-0.0066805
-0.006513
-0.0036026
0.0054818
0.0036714
0.0073559
0.0061459
0.0094203
-0.0060132
-0.003381
0.0034385
0.0030476
0.008344
0.0027918
0.0008956
0.0090776
0.0046244
-0.0026475
-0.007863
0.0042598
-0.0004005
0.0096678
-0.0041846
0.0032322
0.0031615
-0.0016248
-0.00473
-0.0002604
-0.0046297
-0.0054802
0.006473
0.0029773
-0.0024416
-0.0015177
-0.0051092
-0.0093563
-0.0012438
0.0025422
-0.0034311
0.0088942
0.008836
0.0085669
-0.0023984
0.0071293
-0.008316
-0.0064347
-0.002693
-0.0016494
0.0061427
0.0030961
-0.0068319
-0.0085818
0.0002659
0.0076083
0.0016085
0.0050825
0.0015211
0.0042898
0.0097143
0.0093024
-0.0025384
-0.0082139
0.0057956
-0.0031938
-0.007897
0.0054813
-0.0032708
-0.001108
-0.0012628
-0.0022436
-0.0056039
-0.0091171
0.0007278
0.0028104
0.0003015
0.0075081
0.0084869
0.00692
0.0089059
-0.0057759
0.0080796
0.0060974
0.0088542
0.009942
0.0046673
0.0043079
-0.0089579
-0.0007329
0.0032935
-0.0002691
0.0081318
-0.0070339
0.0062189
0.0040676
-0.0031599
-0.0007002
0.0010263
0.000373
-0.0015418
0.0067696
0.0050192
-0.003716
-0.0076271
-0.0040432
-0.0014912
0.0053811
-0.0089289
0.007577
0.0074152
-0.0003632
-0.0008481
0.0030497
-0.0096849
-0.0072079
-0.0077562
-0.0085094
0.0041636
-0.0012124
0.0061939
0.0087957
0.0010188
-0.0051616
0.0056757
-0.003738
0.0046816
0.0051115
0.006962
-0.004254
0.0042982
0.0023679
-0.000105
-0.0034161
-0.0070379
0.0055791
0.0067832
0.0024054
0.0087119
-0.0022633
0.0079672
0.0064428
0.0027333
-0.0043672
-0.00684
0.0080836
-0.0020168
-0.0071815
0.004434
0.0048642
-0.0084468
0.0021669
0.0057946
-0.0056392
-0.0092358
0.0012727
-0.0097807
-0.004701
-0.0066638
0.0081704
-0.0028037
-0.0050838
0.0035971
-0.0047385
0.0049439
-0.0084415
-0.0038756
-0.0074943
-0.001326
-0.0015818
