-0.0045102
-0.0005282
-0.0043322
0.008641
-0.0079367
0.008484
-0.0080462
-0.0067238
0.0081103
0.0061253
0.0041501
-0.0072634
-0.0014225
0.0027557
-0.0007551
-0.0037757
0.0090331
0.0097717
0.0011727
0.0081867
0.0011926
0.0091521
-0.0033473
0.0073726
0.0082597
0.0057224
-0.0019479
0.0064829
0.0089662
0.0080325
-0.0023472
0.0019519
0.0028118
-0.0092433
0.0005804
0.0093781
0.0053916
-0.0097729
-0.0082018
-0.0074023
-0.0016429
0.0097202
0.0010014
-0.0053742
0.0060126
-0.0005078
0.0086015
-0.0095051
-0.0046242
0.0063083
0.0030929
-0.0073463
0.0075722
-0.0098519
0.0013384
-0.0018839
0.0090984
0.0059486
-0.009802
-0.0023675
-0.0076538
-0.0006127
-0.0015178
-0.0094961
0.0019193
-8.92e-5
-0.0014848
-0.002987
-0.0083271
0.0007565
0.0062889
-0.0094042
-0.0095035
-0.0097636
0.0028972
-0.0092199
0.008827
0.0096055
0.0060115
0.0097888
0.0060283
0.0050635
-0.0037592
-0.0099472
0.0010315
0.0018812
0.0094947
0.0006833
0.0034468
-0.0024403
-0.0056446
-0.0065142
0.0053336
-0.0035675
-0.0053976
-0.0026265
0.0055606
-0.0058761
0.0032888
-0.0087749
-0.0023207
-0.0012721
0.0047475
0.0040851
-0.0074104
-0.0092986
0.000829
0.0035152
0.0021773
0.0013075
0.0089556
0.0048846
-0.005663
0.0016052
-0.0096828
-0.0076635
-0.0094762
-0.0098007
0.0024995
-8.33e-5
0.0048466
-0.0047268
-0.000799
-0.0025418
-0.0010517
0.0055116
-0.0075562
0.0074205
-0.0041618
0.001093
0.0079812
-0.0076669
0.0019109
-0.0050222
-0.0015469
-0.0018239
0.0086091
0.0097276
-0.0040888
-0.0031704
0.0014783
-0.0059348
-0.0013856
-0.0094287
-0.0042412
0.0027679
0.0097559
0.0091713
0.0043691
0.006462
0.0035533
0.0079321
-0.0055517
0.0046576
0.0081333
-0.0014767
-0.0092662
-0.0036315
0.0076859
0.004716
-0.00246
-0.0007632
0.0091984
-0.0048304
0.0073662
0.0040775
0.0097755
0.0071868
-0.0027602
0.0042602
-0.001198
0.0004705
0.0076722
-0.0023142
0.0008966
-0.0004072
0.002861
0.0021653
-0.0035053
0.0026264
0.0019328
-0.0037269
0.0091278
-0.0014557
0.0037258
0.0069992
0.0092117
-0.0073926
-0.0060909
0.0001709
-0.0081694
0.003659
0.0051904
0.0027032
-0.0063453
0.0028556
0.0047818
0.0070974
0.0037555
-0.0047702
-0.0021247
-0.0019637
-0.0014047
-0.0003698
-0.0096025
-0.0025872
0.0060675
0.0014471
-0.0085664
0.0005698
0.0021867
-0.0073111
-0.0099839
-0.0037435
-0.0046478
-0.0025638
0.0086835
0.0030062
-0.004492
-0.0067887
-0.0075142
0.0015939
0.0037462
0.0042065
0.0028524
0.0024813
0.0072487
-0.0032351
0.0098549
0.0037415
-0.0095904
-0.0080467
0.0001965
0.0071646
-0.0090688
0.0079634
-0.0068441
0.0030559
0.00336
-0.008396
0.0048552
-0.0007759
0.0043194
-0.0031895
0.0053437
0.0059591
0.0096656
0.0074835
-0.0048268
0.0092804
0.0093814
-0.0025026
-0.0066161
0.0052316
0.0072846
-0.0008981
0.001999
-0.0091295
0.0077871
0.0014463
0.0034752
0.0059186
0.0012225
-0.0069908
-0.0099703
-0.0034459
0.0049641
-0.0004845
-0.0026994
-0.0074029
-0.0027322
0.0038924
-0.0091511
-0.0012817
-0.0038844
-0.0061681
-0.0098427
0.0042057
0.0087394
-0.0004192
-0.0003475
0.003857
0.0048997
0.0054263
-0.0061358
0.0030124
-0.0053205
-0.0011889
-0.004312
-0.0098276
-0.003549
-0.0041041
0.000964
0.0075062
-0.0026353
0.0096632
0.0044801
0.0044286
-0.0002298
-0.0022426
-0.0052913
0.0082838
-0.0082717
-0.0022967
0.0095753
0.0029782
0.0074901
0.0011049
-0.0096491
-0.0040704
0.0039394
0.0014828
0.0075734
-0.0084524
-0.0067986
0.0085069
-0.0025863
0.0089175
-0.0043646
-0.0061308
-0.0041184
-0.0018705
0.0002396
-0.0024555
0.0078259
-0.0061506
0.0045222
0.0083582
-0.0090219
0.0072443
0.0042859
0.0092544
0.0009095
0.009471
0.0039095
-0.0068582
0.0069546
0.006818
0.0018552
-0.0049043
0.0015993
0.0049512
0.0063939
-0.0023289
0.0041635
0.0097561
-0.0018417
0.0089724
-0.0079468
-0.0071899
-0.0033864
-0.0029231
-0.0053446
-0.003779
-0.005407
-0.0005059
0.0087596
0.0004461
0.0088307
-0.0065825
0.0040162
-0.0082884
-0.0035558
-0.0077479
-0.0065301
-0.0097694
-0.0061031
0.004948
0.0040272
-0.0058269
0.0015997
0.0054224
0.0027101
-0.0008147
0.0021675
-0.0046942
-0.0085041
-0.0088628
0.0019791
0.0091486
-0.0043241
0.0085598
-0.0071622
0.0013713
-0.000872
0.0092628
0.0082202
-0.0059942
0.0045868
-0.0025093
-0.0076448
-0.0035131
0.0018608
-0.0064177
0.0067545
0.0007487
-0.0022646
0.0094993
-0.0017688
0.0013483
-0.0033034
-0.0090308
0.0061491
-0.0033045
-0.0065848
0.0096894
0.0036625
0.0042466
0.0055466
-0.000683
0.0031105
0.0061842
-0.0092244
-0.0024412
-0.0084682
-0.0003623
0.0078342
0.0075163
0.0051595
-0.0069463
-0.0067226
-0.0010757
-0.00062
-0.001889
0.0098968
-0.0066406
0.0045194
0.0035872
-0.0077915
0.0012413
0.0064175
0.0075843
-0.0063329
0.0081982
-0.003393
-0.0042543
0.0026593
0.0093323
0.0041335
0.00499
-0.009262
0.0092281
0.0075484
0.007568
-0.0014888
0.0099401
0.0097368
-0.0047219
0.0064291
-0.0098671
-0.0078048
-0.0045871
-0.0095372
0.0040981
0.004284
0.0081103
0.0002
0.0017834
0.0026818
-0.0073707
-0.0014316
0.0008378
-0.0079773
0.0080157
0.002944
0.0015264
0.0034326
0.0064032
-0.003051
-0.0073217
-0.0045993
-0.0084913
0.0036964
-0.0012194
-0.007585
-0.007694
0.0086697
0.0019216
-0.0094791
-0.0039847
0.0042277
-0.0074169
-0.0024538
-0.0044929
-0.0099944
-0.0012772
0.0080807
0.0085165
-0.0011339
-0.0068681
-0.0083918
-0.0003901
-0.0037048
-0.0008924
-0.009421
