0.0065885
-0.0085937
-0.0087111
0.0080348
-0.0063201
0.0023875
0.0051893
-0.0089545
0.005927
0.0040415
-8.8e-5
0.0052834
-0.0013684
0.0034172
0.0033262
-0.0043913
0.0012092
-0.0014085
0.0090105
0.0030345
0.005452
0.0087426
0.0095734
-0.0019395
0.0001491
-0.0046043
0.007521
0.0039567
-0.0068359
0.0077161
0.0061789
0.0005375
0.0062457
-0.0066568
0.0033138
0.0061936
0.0038011
-0.0013586
-0.0001727
0.0057726
-0.0061666
-0.0042844
-0.0071804
-0.0089399
0.0001212
-0.0075079
0.0028143
0.0051424
0.0048318
0.0082121
0.0011252
-0.0050884
-0.0046215
-0.0057374
-0.0077095
-0.007824
0.0067262
0.0034533
0.0017339
0.0037593
0.0086966
-0.0055572
0.0014076
-0.0071348
0.004201
0.0081966
0.0037413
-0.0072049
-0.0012022
0.0050138
-0.0015409
-0.0057622
0.0081907
-0.0083699
-0.0095236
0.0058134
0.0099259
0.0081038
0.0088175
-0.0030934
-0.0094294
0.0012193
-0.0036392
-0.005061
0.0077081
-0.0094322
-0.0066521
-0.0094738
-0.0053455
0.0077102
-0.0001796
0.0045772
0.0058453
0.0087014
-0.0066698
-0.0062669
-0.000717
0.0093314
-0.0006254
0.0076346
-0.0091597
-0.0013189
-0.0069821
-0.0027747
-0.0014358
0.0099531
0.0080406
0.0006228
0.008675
-0.0013343
-0.0018888
0.0060826
0.0056348
-0.0077164
-0.00952
-0.0020963
-0.0058131
-0.0047147
0.0026506
0.0087417
0.007922
0.0044634
0.0091257
0.0087511
0.0091383
0.0030911
0.0043995
-0.008568
0.0090189
-0.0045664
-0.0029592
-0.0050221
0.0083282
-0.0087103
0.0004957
-0.003087
-0.0077602
-0.0023057
0.0057097
0.0005263
0.0072407
-0.0057132
0.0011568
0.0049708
0.0072738
0.0038215
0.0060236
-0.0076099
0.0029515
-0.0041788
-0.0086245
0.0033901
-0.0089598
0.0010629
0.0047079
-0.0009303
0.0081416
-0.0048144
-0.0064374
0.0060455
0.0098879
0.0057386
0.0092621
-0.0066221
-0.0075735
0.0033555
-0.0058591
-0.0036216
-0.002124
0.0041195
-0.0027836
0.0084153
0.0066975
-0.0099684
-0.0041169
-0.00574
-0.0041023
-0.0083615
-0.0056005
-0.0040759
0.0078607
-0.0012008
0.0098023
0.0076463
-0.0088415
-0.0084609
-0.0070053
0.0014729
-0.0041237
0.005201
-0.0046352
0.0070238
0.008994
0.0088053
-0.0022292
-0.0022868
0.0052167
0.0016175
0.0068372
-0.0068021
0.0059724
-0.006289
0.005564
0.003245
-0.0072492
0.0015913
0.009604
-0.0006628
0.0068136
0.0030339
0.0053778
0.0018354
0.0030572
0.0040749
-0.0086666
-0.0032645
-0.0008571
0.0031847
-0.0002813
-0.0007556
0.0085188
0.0009969
-0.0070464
-0.0052155
0.0056312
0.0076171
0.0055162
-0.0059
0.0056053
-0.006992
0.0032699
-0.0009063
0.0087308
0.0056777
0.0038128
0.0048016
0.0016938
0.0060007
-0.0064518
-0.0018438
0.0037459
0.0029603
0.0091224
-0.0072008
0.0075931
-0.0010831
-0.0066908
-0.0086772
0.0066965
-0.0095628
-0.004623
-0.0002814
-0.0059253
0.0011323
0.0042953
0.0081729
-0.0079405
0.0023957
0.0048361
-0.0092918
-0.0025755
0.0010562
-0.0006558
0.0012211
-0.0011163
0.0098524
0.0058528
0.0024349
-0.0007591
-0.0023798
-0.0048249
-0.0057128
0.0003425
-0.0061666
-0.0002657
-0.0015077
0.0097847
0.0036786
0.0003823
-0.0027066
0.0088033
-0.0082563
-5.98e-5
0.0069768
-0.0001172
-0.0016525
0.007979
0.0057727
0.0005792
-0.003179
-0.0029083
0.0073369
0.0038285
-0.008454
0.0059516
0.0082423
-0.009055
-0.0002568
-0.0045551
-0.0058537
-0.0009046
0.000542
0.0089956
-0.0056944
0.0004401
-0.0053454
-0.00416
-0.0029019
-0.0012041
-0.0011328
-0.0091567
-0.0060515
0.0082271
-0.0022919
-0.0018122
-0.0040949
0.0085573
0.0064673
0.0064046
-0.0001998
0.0034268
0.008401
0.0043742
-0.0028888
-0.0061484
-0.0021534
-0.0095193
-0.0011265
0.00747
-0.0021178
0.0093429
-0.0088621
-0.0028393
0.0010873
0.0045112
0.00045
-0.0046855
0.0078548
0.001464
-0.005302
0.0069332
-0.0042155
-0.0075963
-0.0010045
-0.0081149
-0.0076868
-0.0068419
-0.0070483
0.0022434
0.0038327
0.007152
-0.0051525
-0.0016993
-0.0055922
0.0067811
0.0043367
0.0072058
0.0027627
0.0064741
-0.0093655
0.0088909
0.0026971
0.0084164
-0.0059076
0.0046483
-0.0093421
0.0024395
-0.0090096
0.0067128
-0.0038707
-0.0084886
0.0052691
0.009812
-0.0035048
0.0010635
0.0089717
-0.0026007
0.0084955
-0.0011017
-0.0060205
-0.0032834
0.0092662
-0.009004
-0.0059105
0.0084114
-0.0082116
-0.0091805
-0.0044686
0.0056287
-0.0041004
-0.0048364
0.005529
-0.0085488
-0.0063629
0.004425
0.0065328
0.0065342
-0.0056019
0.0019841
-0.0004216
-0.005131
-0.0089073
-0.0054303
0.0090514
0.0061835
-0.0011687
0.0045923
0.0056321
-0.0041049
-0.0007084
-0.0032969
-0.0061592
-0.008066
-0.008889
0.0056445
0.0094391
0.0078241
0.0008177
0.000347
-0.0074192
0.0090017
-0.0024793
-0.0054297
0.0018043
0.0077107
0.0082647
0.0047616
0.0031672
-0.0006096
-0.0010779
0.0009745
0.0016314
-0.0081231
-0.0019405
0.00295
0.008695
0.0046313
-0.0063231
0.0033894
-0.0052877
0.0001229
0.0004516
-0.0023607
-0.0094033
0.0090246
-0.009498
-0.0045098
-0.0046228
-0.0093156
0.008237
-0.0064229
-0.0086665
0.0057989
-0.0013216
0.0038707
-0.008338
-0.004386
0.0081805
-0.0058617
0.0084268
0.0032399
-0.0085633
0.0066581
0.0073741
-0.0005692
-0.0082589
0.0006437
-0.0019244
-0.0030073
-0.0070814
0.0002041
0.0060312
0.0064229
0.0060065
0.0002042
0.00577
-0.0044687
0.0086085
0.0097238
-0.0091705
-0.0005297
-0.0026512
0.0032701
-0.0075202
-0.0045109
0.004409
0.0034796
0.0056604
0.0060281
0.0005592
-0.0009424
-0.0029923
0.0026114
-0.0058781
-0.00232
