0.0098455
0.005735
0.0040645
0.0033932
0.0037137
-0.0031364
0.001885
0.009009
-0.0048478
-0.006874
-0.0055704
-0.0078993
0.0049235
-0.0036172
0.0002282
0.003233
0.0016717
0.0094666
-0.0002566
0.0036866
0.0040589
0.0061856
0.0039457
-0.0076315
0.0068495
-0.0021292
0.0026559
-0.0013267
0.0073843
0.0066413
-0.0005149
0.0019581
0.0072693
-0.0085352
0.0017962
-0.00639
0.0067352
0.0079505
0.0087456
-0.0047024
0.006622
0.0049651
-0.004607
-0.0051072
-0.0026429
-0.0034695
0.0068699
0.005183
-0.0053187
0.0082615
0.0020311
0.00611
0.0027967
0.0061867
-0.0012757
-0.0066341
-0.006782
0.0038746
-0.0077214
-0.0054036
0.0099479
0.0081815
-0.0019551
-0.0080028
-0.0057
-0.0040575
0.0089635
-0.0005116
0.0012881
0.0040042
-0.0049394
0.0059508
-0.0033162
0.0073013
-0.0052803
0.0078658
0.0079653
-0.0036487
-0.0031802
-0.0065053
0.0006197
-0.0060333
0.002921
-0.0077552
-0.0032431
-0.0009157
-0.0057866
-0.0004754
-0.0015229
0.00841
0.0009127
-0.002673
-0.0041861
0.0035111
0.0038639
-0.0055336
0.0088122
-0.0017711
-0.0057541
-0.0010707
0.0028731
-0.0040007
0.0089462
0.0054778
0.0002219
-0.0078551
0.0056642
-0.003202
0.0027772
-0.0055796
-0.0082549
-0.0077962
0.0086364
-0.00861
-0.0016067
0.0028072
0.0065199
-0.0013069
0.0052763
-0.0094043
0.0079233
-0.0037263
0.0035121
-0.0041427
-0.0054433
0.0055874
0.0039173
0.0067157
0.0077088
0.0054138
-0.003489
-0.0027918
0.0008113
-0.0041105
0.0001934
0.0052369
-0.0073951
-0.0030848
-0.0021749
0.0028453
-0.0056838
-0.0064088
-0.0080072
-0.008892
0.0027192
-0.0048029
0.0088197
-0.005978
0.0072339
0.0064486
0.0058751
-0.0029909
-0.0063857
0.0047737
0.0051047
0.0085383
0.0034343
-0.0008579
0.0063336
0.0082734
-0.001859
-0.0062365
0.0091513
0.0003204
0.0045231
0.0025018
0.0028795
-0.0061971
0.0010689
0.004077
-0.0094917
-0.0043721
-0.0051891
-0.0074717
-0.00936
-0.0062583
-0.0058367
0.0039944
0.0035378
-0.0075748
0.0048439
0.0015505
0.0093238
0.0036577
0.0022177
0.0024777
-0.0028468
0.004027
0.0061701
0.0090426
-0.0099859
-0.0008437
-0.0049163
0.0029875
0.0030564
0.0098223
0.0096551
-0.0006392
0.0021569
-0.0057288
-0.0045935
-0.0064244
0.0069337
-0.0085816
0.002943
0.0072061
-0.0088335
-0.0037714
-0.0007883
0.0004229
-0.0062706
0.0007516
0.0081789
-0.0092921
-0.0058641
-0.0060259
0.0095328
0.0033517
0.0044505
-0.0017155
-0.0078523
-0.0053266
0.0093232
0.0051693
-0.0061065
-0.0063094
0.0025254
0.0055982
-0.0091953
0.0089672
0.0024822
-0.0090838
-0.0059498
-0.0098716
0.0074003
0.0093711
0.006322
-0.0022115
-0.0043919
-0.0023161
-0.003911
0.0043294
0.0059835
0.0012369
-0.0036742
-0.0072215
0.0090751
0.0098794
0.0061703
0.0023562
-0.0052055
0.0049481
0.003961
0.0076787
-0.0040594
0.0011205
0.0055687
0.0009117
0.0093273
0.0048927
-0.0032185
-0.0097122
0.0093558
0.0068671
0.0033889
-0.0050391
-0.0038137
-0.003201
0.0017982
-0.0052386
-0.0010851
-0.0028579
-0.004754
-0.0099569
0.0002691
0.0021473
-0.0063417
-0.0063268
-0.0083148
-0.0015824
0.0028179
0.0013144
0.00709
-0.0055233
-0.0044601
-0.0073675
0.0014233
0.0049284
0.0032018
-0.0080661
-0.006892
0.0073812
-0.0082159
-0.0085865
-0.0038024
0.0097046
-0.0065445
0.0055372
-0.0050945
0.0072106
-0.0096104
0.0081825
0.0047686
-0.0071602
0.0098568
-0.0018733
-0.0067767
0.0098641
-0.0092594
-0.0057442
-0.0001342
0.0041848
-0.0034572
-0.0028142
0.0058057
-0.0011376
0.0085989
-0.0054625
-0.0077112
-0.0077528
-0.0008881
-0.0068181
0.0063003
-0.0088063
0.0023755
-0.0008207
0.0088358
-0.000154
0.0016257
-0.0022352
-0.001544
0.0036089
-0.0090338
-0.0068868
-0.0037518
0.0001871
-0.0027233
0.0011041
-0.0039052
-0.0003156
0.0046887
-0.0071129
0.0024827
-0.0064446
5.83e-5
0.0004143
-0.0035724
0.0019008
0.003341
-0.0078639
-0.007479
0.0073971
-0.0066353
-0.0072266
-0.0008026
0.0031363
-0.0024345
0.000693
-0.0057347
0.0005528
0.0059907
-0.0086969
0.0046675
0.0059411
0.004145
-0.0080998
0.0093997
-0.0035287
0.0078801
0.0057937
0.0072698
0.0031513
0.0043436
-0.0047812
-0.0059215
0.0091236
-0.00233
0.001103
-0.0042568
-0.0034598
0.0041852
-0.0049778
0.0075847
-0.0061898
0.0040037
0.0081639
0.0017066
-0.0058057
0.0090862
-0.0018701
-0.0064313
-0.0071841
-0.0088365
-0.0085075
-0.0057788
0.0075959
-0.0098312
-0.0019977
0.0060861
-0.0066967
0.0024392
0.0042332
-0.0060723
-0.0077481
0.0078014
-0.0066342
0.0096567
0.0009953
-0.0072865
-0.0044194
0.0049046
0.0074707
-0.0020668
0.0099112
-0.0012071
-0.0068075
-0.0092121
0.0024123
-0.0099933
0.00391
0.0049178
-0.0011305
-0.008007
-0.006903
0.0047227
-0.0019328
-0.0092111
-0.0026451
-0.0088996
-0.003685
-0.0008065
0.0010476
-0.0059288
-0.0078643
-0.0007429
-0.0001024
0.0098747
-0.0056265
-0.0064014
-0.0033125
0.007885
-0.0022693
0.0054747
0.0014045
-0.003889
0.0004806
-0.0014475
-0.0048484
-0.0026422
-0.0082783
0.0033905
0.001946
0.0027246
0.0031691
-0.009881
-0.0038114
-0.0084721
-0.0049394
-0.0034556
0.0007753
-0.0039157
-0.0056158
-0.0003933
0.0023927
-0.0039417
-0.0014082
-0.0027931
-0.000213
0.0036793
-0.0058026
-0.0029712
0.0098263
-0.0005598
0.000288
-0.00172
0.0095095
0.0051752
0.0051675
-0.0084602
-0.0082951
0.0065019
0.0041304
-0.0056268
-0.0020063
0.0018499
0.0032807
-0.0015135
-0.0097337
-0.0002422
-0.0030107
0.0029026
0.0012049
-0.0037862
-0.0036629
-0.0037474
