0.0055286
0.0095267
-0.003549
0.0098654
-0.0006413
0.0018477
0.0003427
-0.003501
-0.0012102
-0.0082378
-0.0092384
-0.0077505
0.0089972
0.0071092
-0.006226
0.0027642
-0.0003811
-0.0092468
-0.0013677
-0.0003433
0.0031538
-0.0071906
-0.0047689
-0.0039048
-0.0055683
0.0022284
0.0044895
-0.0069801
-0.0073349
0.0068292
-3.4e-6
-0.003986
-0.0084006
-0.0063174
-0.0045507
-0.0097203
0.0046571
-0.0031753
-0.006203
0.0015842
-0.0011211
0.0065698
-0.007607
-0.0050763
0.0014456
0.0028289
0.009568
0.0076996
0.0078587
-0.0070767
-0.0008708
7.89e-5
-0.0010021
0.0088788
-0.0007994
0.0082863
0.0055315
-0.0056775
-0.0090834
0.0013256
0.0073002
-0.0084895
0.0022242
-0.0080038
0.0063057
0.0027028
0.0066287
0.0099537
-0.0086613
0.0021133
0.0084338
-0.0054934
0.0014037
0.0022576
0.0061105
-0.0019665
0.0061833
-0.0060925
0.0069704
0.0050543
0.0045708
-0.0015544
-0.0023044
-0.0033324
0.0091838
0.0044269
0.0080408
-0.0067322
0.0015535
0.0052232
-0.0043117
0.0055291
-0.0099655
-0.004748
0.0063531
-0.0041283
0.0021007
-0.0098292
0.0038117
0.0061786
-0.0005958
0.000168
0.0014427
0.006321
0.0015414
0.0015661
0.0061771
0.0054656
0.0030481
0.0056492
0.0074171
-0.0015259
0.0098034
-0.0069735
-0.0015787
0.0048302
0.0097149
-0.0062829
0.0063505
-0.0053908
0.00415
-0.0095661
-0.0043058
-0.0010933
0.0083041
-0.0053981
-0.0041221
0.0069009
0.0075615
-0.007167
0.00305
0.0092729
-0.002436
0.000934
0.003094
0.0098033
0.0006251
0.0096159
0.0004653
-0.004138
-0.007038
0.0079483
0.0088867
0.0013943
0.0021476
-0.0083282
-0.0024969
-0.0017355
0.0065519
-0.0081477
0.0020907
0.003321
0.0078277
0.00113
0.0009089
-0.0074036
0.0045236
0.0070831
-0.0045186
0.0072908
0.001284
0.0026743
0.0066022
0.0055794
-0.0088911
-0.0033403
-0.0019861
-0.0055936
0.0041428
-0.0047099
-0.0080522
0.0042334
0.0016143
0.000327
-0.0040495
-0.0053768
0.0064293
-0.0062691
0.0001851
0.0071837
-0.0007656
-0.0037779
-0.0059439
0.0046508
0.0036348
-0.0098051
-0.0093483
-0.0025851
-0.0083837
-0.0052733
-0.002498
0.0013706
0.0024915
0.0046141
-0.007043
-0.005019
0.0032881
0.0087018
0.0037997
-0.0078419
0.0094796
0.0063804
-0.0017074
-0.0088656
0.0018693
0.0077905
0.0047689
-6.43e-5
-0.001886
-0.0054881
0.00803
0.007648
0.0002729
-0.0050265
0.0099348
-0.0016933
3.24e-5
0.0031232
0.0029509
0.0023792
0.0009835
0.0068464
-0.005483
-0.0065546
-0.0036231
-0.0094353
2.2e-6
0.0024376
0.0091754
-0.0043445
-0.0070213
0.0050917
0.0002264
-0.0012722
0.0076761
-0.0013887
-0.003308
-0.0028039
0.0096793
0.002737
0.0054773
0.0048228
0.0021866
0.0007204
-0.0029071
0.0074562
-0.0086197
-0.0024727
0.0033256
0.0067934
-0.0069076
-0.0056594
-0.005831
-0.0036086
-0.000628
-0.0074482
-2.7e-6
0.0018777
-0.0097459
-0.0016059
-0.0080137
-0.0031488
-0.0008134
0.0084151
0.0010032
0.0073106
0.0013335
0.0035511
-0.0013223
-0.0089639
0.0088584
-0.0011065
-0.0064168
-0.0092389
-0.0061518
-0.0012855
0.0089723
0.0057057
-0.0063406
0.0090849
-0.0060056
0.004952
0.0054663
0.0060561
-0.0006765
0.0054156
0.0058165
0.0070469
-0.0036134
0.0048396
-0.0095823
0.0022466
-0.002741
-0.0064599
0.0035602
-0.0015332
0.0060572
0.0063135
0.0001484
0.0067669
0.0024565
-0.0002229
0.0098958
0.0059053
-0.0095298
-0.0013894
-0.0088311
0.0054994
-0.0063934
-0.0083716
-0.0079233
-0.0023544
0.0004692
-0.0014128
0.0070921
0.0030541
0.0071811
0.0019647
0.0023905
0.0093692
0.0031694
0.0010304
0.0056877
-0.0004506
-0.0074742
-0.0068656
-0.0079815
-0.0059061
-0.0044698
0.0001533
-0.0052955
0.0033792
-0.0040803
-0.0094704
-0.0030759
-0.0089289
-0.0096887
0.0007256
-0.0096815
-0.0047544
-0.0086232
-0.0027995
0.0073761
-0.001581
-0.0062252
0.0061723
-0.0011155
-0.0045239
0.005566
-0.0051822
-0.0035753
-0.0007241
0.0011251
-0.0041461
-0.0043617
-0.0058475
-0.0059727
-0.0059468
0.0055513
0.0072312
0.0041374
-0.0060226
0.0026198
-0.0076079
0.0011927
0.00995
-0.0083856
-0.0063367
-0.0052672
-0.0046555
-0.0061754
0.009589
-0.0007366
-0.0049586
-0.0038457
-0.0045556
0.005343
0.0084702
0.0025797
-0.0070443
0.0080791
0.0010809
0.0036319
0.0094403
0.0099721
0.0033789
-0.0088088
0.0053541
-0.0068963
0.0094752
-0.0020107
-0.0087636
-0.0090825
0.0014087
-0.0065559
0.0048411
0.0010982
0.0027489
-0.0081653
-0.006227
0.0068765
0.0038816
-0.0056863
-0.0024729
0.0022779
-0.0052618
0.0033275
-0.0043954
-0.0070329
-0.0086332
-0.0067404
0.00275
-0.0033379
-0.0055338
-0.0092021
0.0029004
-0.0078129
-0.0090253
0.0051764
0.000582
0.0024719
0.0095396
-0.0026854
0.0040544
-0.0031222
0.0094127
0.0079214
-0.0085028
-0.0070728
0.0094086
-0.0077538
-0.0021652
0.004733
0.0019453
0.0018386
0.0039735
-0.0072338
-0.0086251
-0.0079802
-0.0078606
-0.006316
-0.0075043
-0.009851
0.0011875
0.0024462
-0.0003051
0.0045687
-0.0063149
0.0098467
-0.0009044
0.0037142
-0.0039426
-0.0017773
-0.0020579
0.0015461
0.0020659
0.0061076
-0.0064878
-0.0077449
-0.0055263
-0.0030666
0.0071404
-0.0085812
-0.006449
0.0066569
-0.0022477
0.0055972
0.0037588
-0.0015084
-0.0092576
-0.0018548
0.0058219
-7.13e-5
0.0066637
-0.0099208
-0.0089472
-0.0036649
-0.0040136
-0.0037534
-0.0067548
-0.0079692
0.0081053
-0.0075623
-0.0086742
-0.0013264
-0.0074853
0.0021541
0.0059814
-0.0073022
0.0006742
0.0044015
0.0015367
-0.0025343
0.0001061
-0.0004317
