0.0034528
-0.0073029
-0.0077418
0.0030327
-0.0061661
0.0094844
-0.0060794
-0.0012032
-0.0096954
-0.0080264
0.0079603
-0.0004161
0.0059866
-0.0097582
0.0024135
-0.0079526
-0.0026692
0.0050616
0.002676
0.0054195
-0.0041394
0.005815
-0.0049728
-0.0025626
-0.008743
0.0058794
0.0022679
-0.005199
0.0028915
-0.0083992
-0.0087978
-0.0092392
-0.0031056
0.0038459
-0.0095757
-0.0080128
0.0014545
-0.0084196
-0.0058234
0.0082942
-0.0091499
-0.0070495
-0.0042689
0.0058499
0.0089853
0.007236
0.0062011
0.0007403
1.67e-5
-0.0073815
-0.0034615
-0.003949
0.0091861
-0.0006886
0.0030567
-0.0099394
-0.0004873
-0.0022593
-0.0058132
-0.0090599
0.0056007
-0.00843
0.0035325
-0.004447
0.0080997
-0.0069148
-0.0033119
-0.0078371
0.0047659
0.0095009
0.0021302
0.0014072
0.0011465
0.0004524
-0.0032797
0.0020982
0.0086622
-0.007982
0.0026539
0.0037471
-0.0095633
-0.0097914
0.009415
-0.0054142
-0.0085604
-0.0013869
-0.0017485
-0.0067742
0.0025572
0.0003052
-0.0018375
-0.0020255
-0.007466
0.0088405
0.009057
0.0090193
0.0030437
-0.0060443
-0.0061655
-0.0077407
-0.0093384
0.0066966
-0.0066576
0.0092943
0.0063504
0.0002639
0.0016775
0.0092301
-0.0082122
0.0001787
0.001199
0.0076543
-0.0086979
0.0037156
-0.0005116
0.0092686
0.009091
0.0036789
-0.0026356
-0.0099889
-0.0084402
0.0036102
0.0080002
-0.0026855
-0.0062601
0.0017126
0.0067473
-0.0046892
0.0097357
0.006791
-0.007996
0.0043181
0.0043409
0.0067033
-0.001855
0.0044301
-0.0083385
0.0077474
0.0002287
0.0095357
0.0012859
0.0050574
-0.0014595
-0.0091248
0.0028
-0.0005157
0.0034763
0.0047553
0.0062868
0.0070986
-0.0033936
0.008697
0.0091668
-0.0015961
0.0099073
0.0038786
0.0008355
0.0033447
-0.0070059
0.0031779
-0.0080387
-0.0087948
0.0050627
-0.0026505
0.006025
-0.0082361
-0.0095841
-0.0096249
0.0076281
-0.0055439
-0.0068928
-0.0022283
-0.0080044
-0.0083745
0.0021098
-0.0082904
-0.0031002
-0.0027851
-0.0040291
0.0020646
0.0024572
-0.0064074
0.0060787
0.0027707
-0.0043473
0.0052535
-0.0082402
-0.0017927
-0.0020418
-0.0029309
-0.0080382
-0.0088703
-0.0073676
0.0014422
-0.006391
0.004447
0.0076277
0.0067773
0.0028838
-0.0083412
-0.0054818
-0.0071394
-0.0008047
-0.0070329
0.0083364
0.007731
0.0073841
0.0073596
0.0030992
0.0084193
0.007266
0.0064948
-0.0008343
-0.0036154
0.0015414
0.0018707
0.00106
-0.0014151
-0.0061151
0.0098453
0.0022145
-0.0055138
-0.0047741
0.0006848
0.006923
-0.0080055
-0.0052814
-0.0018251
0.0081137
0.0028356
0.0034686
-0.0043826
-0.0021331
0.002197
-0.0091404
-0.0068819
-0.0013615
0.0081486
-0.0080858
0.0078303
0.0058215
0.0098434
0.0049461
0.0033323
0.0012687
0.0083473
-0.0011923
-0.0030688
0.0020676
0.0022817
0.0027305
-0.0021556
0.0067462
-0.0017919
-0.0036184
-0.0029562
-0.0094399
0.0004766
-0.0083939
-0.0071528
0.0075467
0.0073953
0.006831
0.0047428
0.0096388
-0.0011
0.0073891
0.0066543
0.008015
0.0031966
-0.0085802
0.0024788
-0.0011232
-0.0024605
0.0065477
0.0094455
-0.0034855
0.0015727
0.0028556
-0.0090656
0.0042892
-3.64e-5
0.0092227
0.0053278
0.0059684
-0.0024882
-0.0079842
-0.0079858
-0.0022419
-0.0098185
-0.006658
-0.0039753
0.0067339
0.003808
0.0058967
0.0001437
0.0020758
0.0066797
0.0031299
-0.0030369
0.0024389
0.0086353
-0.0070062
-0.0028998
0.0047895
-0.0008494
-3.42e-5
-0.0031953
-0.0047401
0.0080993
-0.0032054
0.0089946
0.0048964
0.0003043
0.0035057
0.0017429
-0.0039065
-0.0025897
0.0011877
-0.0077769
-0.0001859
0.0037314
-0.0061107
0.00596
0.0078179
0.0041949
-0.004949
0.0065448
-0.0033369
0.0039684
0.0019361
-0.0028557
-0.0043838
-0.0033585
0.003359
-0.0087923
-0.0016671
0.0098964
-0.0008206
-0.0064514
0.0032024
-0.0042504
-0.0017386
0.0008089
0.000844
-0.0078481
-0.0066859
-0.0095881
-0.0070617
0.0005607
-0.0069748
0.0084084
0.0036343
0.0029995
-0.0056074
-0.0047136
0.0077389
0.0018664
-0.009279
-0.0015447
0.003309
-0.0080935
-0.0083298
-0.0024413
0.001546
-0.0095909
0.0013311
0.007756
0.0077822
-9.78e-5
-0.0031011
-0.0019674
-0.0082869
-0.0070092
-0.0019888
-0.0031833
-0.0077833
0.0090551
0.0073881
-0.0005472
-0.0078562
0.0012881
0.006405
-0.0036347
-0.0048637
-0.0080137
-0.0080207
-0.0069678
-0.005177
-0.0079552
-0.0009276
-0.0062418
-0.0073308
-0.0095558
-0.0080137
0.0081246
0.0023964
-0.0072083
-0.004307
-0.0097757
0.0055877
-0.0007937
-0.0007877
0.007597
-0.0010898
0.0065876
-0.0015442
0.0038076
-0.0010873
-0.0043777
0.0004422
-0.0022417
-0.0078606
0.0026976
0.0071475
-0.0020529
0.0092162
0.0044973
-0.0002937
-0.0005711
0.002384
-0.0054843
-0.0003834
0.0036831
0.0036452
0.0062514
0.0017561
0.00604
0.0036775
0.0015136
-0.0074802
0.0052404
0.0048647
0.001867
0.0019108
0.008045
-0.0025629
0.0099516
-0.0062716
0.0058517
-0.0021066
-0.0087592
-0.0054026
-0.0008847
0.0060305
0.0042277
0.0043313
-0.0037514
-0.0072256
0.0025233
0.0036194
-0.0082835
0.0013728
-0.0013409
0.0011044
0.0009779
0.0082867
0.0077343
0.0086439
0.0034519
0.0051369
-0.0080207
-0.0029016
-0.0035675
0.0081691
0.0047768
0.0009678
-0.0045673
-0.0047725
-0.0011521
-0.0077184
0.0004532
-0.0035973
-0.0079112
0.0037457
-0.0064589
-0.0075446
0.0077709
-0.0072461
-0.0087346
0.0089868
-0.0036053
0.0059487
-0.0017359
-0.0098039
-0.0062198
3.11e-5
-0.0022256
0.0050806
-0.0043958
0.0046962
-0.0027461
-0.0053107
-0.0065897
0.0085814
