0.009293
-0.0093678
-0.0038109
0.0010387
0.0092468
-0.0023217
0.0025298
0.0014398
-0.0096214
0.0092141
-0.0035149
0.0072195
0.0089764
0.0062276
-0.0002569
-0.0012575
-0.0097176
0.0051594
0.0088638
0.0001513
0.0034424
0.0092909
-0.0024709
-0.0052908
0.0078646
0.0091326
0.0054547
0.0095436
0.0056568
-0.0084656
-0.0036239
0.0083086
0.003022
0.0097421
0.0051623
-0.0071249
0.0078028
0.0065905
0.0006867
-0.0004613
0.006369
-0.0063295
0.0098078
-0.0004956
-0.0059589
0.0035797
-0.0030278
0.0064538
-0.0063725
-0.0049214
0.0008571
0.0093387
0.0055272
0.0061865
-0.0040416
-0.0058992
-0.0006893
-0.00799
-0.0073707
-0.00813
0.0026389
-0.0077587
-0.0065596
-0.0058321
0.0074493
-0.0069665
-0.0091949
-0.0036346
-0.0014666
-0.0002091
0.0091603
0.0083115
-0.0089874
-0.0048426
0.000568
-0.0089061
0.0073183
0.008918
-0.0061645
0.0048022
-0.0099105
0.0054862
0.0023411
-0.0012355
0.0028278
-0.0021921
-0.0069966
-0.0066991
-0.0022624
0.0092584
0.0011731
0.0020715
0.001446
0.0029036
0.0064194
0.0077039
0.00868
0.0060115
0.0099447
-0.0015418
-0.0064919
-0.0005729
0.0041467
0.0015366
-0.0078006
-0.0059027
-0.0057678
0.0051797
-0.0085486
-0.0053312
0.0087225
0.0088157
-0.0015351
-0.0054688
-0.0042604
0.0084441
-0.007063
0.0078392
0.0034368
0.0052726
0.0075435
-0.0011988
-0.0056538
-0.0085587
-0.0067811
-0.0023965
0.0061443
-0.0053645
-0.0066557
0.004654
0.0055837
-0.0086827
-0.0019167
0.008824
-0.0016113
-0.0092861
-0.0071062
0.009091
0.0010669
-0.0059231
0.0070838
-0.0081916
-0.0072758
0.0061169
-0.0023502
0.0004371
-0.0035631
0.0006373
0.0002899
-0.0090129
0.0072468
-0.0016
0.0057469
-0.0049317
0.0079587
0.0058305
0.0057206
0.009443
0.0045827
-0.0030686
-0.0052413
0.005704
-0.0069779
0.0034956
-0.0091022
0.0025053
0.0050296
-0.0032235
-0.009239
-0.0052574
-0.0082732
-0.0099116
0.0061638
0.004867
-0.0072366
-0.007532
-0.0095441
-0.0093472
-0.006526
0.009757
-0.0044738
0.0061675
-0.0062365
-0.0054433
0.0030293
0.0080749
-0.0097115
-0.0039133
0.0083503
0.0065433
0.0059557
0.0021191
-0.0056671
0.0075897
-0.0042647
-0.0092642
-0.0031855
0.0024587
-0.0015895
-0.0006546
-0.0091078
0.001915
-0.0061402
0.0006359
-0.0068796
-0.005732
-0.0004458
0.0014678
0.0055631
-0.0046303
0.0042692
0.0030697
0.003905
-0.0059655
-0.0053916
-0.0071073
-0.0045511
0.0011354
-0.0076985
-0.0048347
-0.0053046
-0.0063212
0.0074594
0.0018912
0.007941
0.0091391
0.0042084
0.0051876
0.009003
0.0066975
8.3e-6
0.0047143
-0.0040161
-0.0015614
-0.0044139
0.0019376
-0.0029681
-0.0007579
-0.0054193
0.0030378
-0.008812
-0.0017888
-0.0098657
-0.0036174
-0.0031162
0.0092838
-0.0043571
-0.0033633
0.0094253
-0.0096992
0.0055457
0.0009424
-0.0051143
0.0014224
0.0002175
-0.0062177
0.006165
-0.0028351
0.0020616
0.0048921
-0.0013439
0.0098845
0.003749
-0.0048706
-0.0069045
0.0021601
0.0002665
-0.0052641
-0.009849
-0.0066061
0.0056023
-0.0085639
-0.0067772
0.0052315
0.0028115
-0.0033668
0.0007571
0.0024717
0.0034214
-0.0028874
-1.5e-5
-0.0032981
0.0039991
0.00342
0.0088177
0.0030628
0.0088007
0.0068918
-0.0096834
0.0057091
0.0013654
-0.007837
0.0028565
0.0010938
-0.0076264
0.0048681
0.0035216
0.00187
-0.001335
0.0040179
0.0056856
0.0005968
-0.0012775
0.0008817
0.0032012
0.0049531
-0.0099384
0.0020549
-0.0053083
-0.0035526
-0.0021648
-0.0032237
0.0035988
-0.0068076
0.0027384
-0.0090943
0.0098881
-0.0028376
-0.0015133
-0.0028166
-0.0041709
-0.0080025
-0.0032101
-0.0035718
-0.0054131
-0.0006973
0.0099253
-0.0096917
-0.0003528
0.0091304
0.0096792
-0.0013219
0.00937
-0.0090696
2.55e-5
0.0019553
-0.0025549
0.0007822
-0.0070256
0.0026704
-0.0081275
0.0087888
-0.0068459
-3.66e-5
-0.0047433
-0.0067105
0.0078771
-0.0063965
-0.0097053
0.0068184
-0.0080458
0.0022358
0.0048696
0.0045259
0.005198
-0.0010859
-0.0026687
0.0068055
-0.0058154
0.0067745
-0.0012112
0.0024877
-0.0077318
-0.0052442
0.0045442
-0.0062335
-0.0075982
0.0060047
-0.0020787
-0.0013636
0.0017618
0.002413
-0.0036883
0.0090422
-0.0005429
0.0033709
-0.0010755
-0.0063214
-0.0013127
-0.0085851
-0.0024023
0.0079352
-0.0052917
-0.0041732
0.0018802
-0.0079658
-0.0099291
-0.0021068
-0.0053007
0.0071178
0.0085852
0.0044788
0.0026093
-0.0023816
0.004299
-0.0029228
-0.0018924
-0.0048606
0.0039671
0.0018754
0.0010578
0.0071292
-0.0014769
-0.0058447
0.0037842
-0.0024238
0.006999
-0.0089327
0.0080477
-0.0014787
-0.005081
-0.0046345
-0.0083655
-0.0055059
0.0016118
-0.0006268
0.0091137
0.0003595
0.0013183
0.0061077
0.0058366
0.0076103
0.000472
-0.0071048
0.0061746
0.0062181
-0.0089179
-0.0054243
0.0001231
0.000925
-0.0011754
-0.0047426
-0.0049891
0.0037303
0.0062184
-0.0022638
-0.0070894
-0.0024046
0.0023281
-0.004137
-0.0055281
0.0052861
-0.0036634
0.0035959
-1.35e-5
-0.0046363
0.0020695
-0.0024678
0.0054566
-0.002032
0.0069948
-0.0072812
-0.0078305
0.0025155
0.0024499
0.0097642
0.0020905
0.0029614
0.0058427
-0.0093114
-0.0032442
0.0011573
-0.0092697
0.0075944
-0.0080311
-0.0027938
0.0054299
-0.0093688
0.0066047
-0.0085815
-0.0041234
0.0068486
-0.0009013
0.0051076
-0.000802
0.0069989
-0.0031507
0.003073
0.0060375
-0.0077343
0.0089332
0.0053199
-0.0002262
0.0057873
0.0035661
0.0073077
-0.0062944
0.0056919
-0.0044622
-0.0080225
0.0014948
-0.0094775
0.0062153
0.0001834
0.0063843
