-0.0087423
-0.0015662
-0.0076776
-0.0002013
-0.001965
0.0071897
0.0055501
0.0013073
0.0022788
-0.0061944
0.000339
-0.0005172
0.0086319
-0.0061063
0.0035979
-0.0021726
-0.0080273
0.0004912
0.0026251
0.0025528
0.0067105
-0.0025793
0.0086015
0.0004589
-0.000353
0.0001345
0.0047358
-0.0075708
0.0045935
-0.0042351
0.004303
-0.0018863
0.002375
-0.0075159
0.0018791
0.0020758
-0.0044428
-0.0037549
-0.0058737
0.0032736
0.0013906
-0.0057894
-0.0031752
-0.0004968
0.0084395
0.0037188
-0.0055229
0.0004451
0.0003579
-0.0091604
0.0061991
-0.0046936
0.0004379
-0.0034525
0.0041
-0.0070244
0.0030223
-0.0083617
-0.0034647
-0.0010633
-0.0032676
-0.0075329
-0.0052342
-0.0023794
0.009676
-0.0042218
0.0062222
-0.0041827
0.0017468
-0.0037839
0.0073133
0.0034131
-0.0053947
0.0053552
-0.0005545
0.0077428
-0.0031602
0.0097764
0.0033862
0.0075409
0.0085003
-0.0080858
-0.004964
0.0068045
0.0036379
0.0079192
-0.0037166
0.0074506
0.0066869
-0.001695
0.0005702
0.0013077
0.001071
-0.0029698
-0.0043009
-0.0044411
-0.0036801
0.0044326
0.0057598
0.0010385
0.0062711
-0.0090316
0.0057518
-0.0073476
-0.0030699
-0.0021435
0.0014428
0.0047446
-0.0083107
0.0077536
0.0029707
0.000844
-0.0025863
-0.0046566
0.0069214
0.0026121
-0.0044125
-0.0094209
-0.004342
0.005336
-0.000253
0.0071369
0.0036289
-0.0029098
0.0027496
0.0069288
-0.0066348
0.0023302
-0.0028198
-0.0021755
-0.0016342
0.0015074
-0.0033204
-0.0031012
-0.0064559
0.0021378
0.0066184
0.0052677
0.0033809
0.0090888
-0.0028309
-0.0028916
-0.0021628
-0.0090054
-0.0072256
0.0007221
-0.0064128
0.003588
-0.0049825
-0.0066251
-0.0034644
-0.0064743
-0.0082572
0.0094597
-0.0085692
0.0090246
0.0086157
-0.0014533
-0.0096401
0.0061631
0.0042493
0.0097993
0.0022137
-0.004665
0.0034746
0.003144
0.0018088
0.0017296
0.0069512
-0.0036594
0.0034455
-0.003364
0.0078141
-0.0080334
-0.0016422
0.0020246
0.0018612
-0.0077025
0.0006728
0.0061068
0.0074507
-0.0008038
-0.0094484
0.0038625
0.0056329
-0.0099499
0.0002882
0.0053776
0.0008802
-0.0022113
0.0029331
-0.0021095
-0.0062878
-0.0010656
-0.0015978
0.0041596
-0.0055797
-0.003877
-0.0085519
-0.0043195
-0.0035816
0.0070371
-0.0089133
-0.0010035
0.0076736
-0.0080827
0.0088263
0.0027359
0.0097522
0.0030659
0.0055539
0.0078571
-0.0039995
0.0021086
0.0079437
0.0006347
-0.0006291
0.0026144
-0.0097156
-0.0052283
0.0095972
-0.0014781
-0.0015312
0.0067383
-0.0004444
0.0095948
0.0070427
0.0033836
-0.0035757
0.0009467
0.0019184
-0.0026702
3.15e-5
0.0078735
-3.66e-5
0.0078208
0.0036828
0.0088886
0.0067161
-0.0048477
0.0078939
-0.0055273
-0.0063811
0.0011324
-0.0019356
-0.0039877
-0.0085351
0.004517
-0.0031409
-0.0066168
0.0007747
0.0033646
0.0081716
-0.0093903
0.0093702
-0.006186
0.0020642
0.0090487
-0.0037926
-0.0001192
0.0005843
0.0049176
0.0037973
-0.0052547
-0.0009599
0.0018853
-0.0072458
0.0096812
0.0019358
-0.0038601
-0.0029714
-0.0021137
0.0044334
0.0020958
0.0049676
-0.0095087
-0.0030215
0.007282
-0.0034921
-0.0011324
0.0070598
0.0004784
0.0081374
-0.0027798
0.0090221
0.0030164
0.0019736
-0.0045692
-0.0032568
-0.0023358
0.0057409
-0.0077579
-0.0076051
-0.004075
-0.0063734
-0.0010017
0.0048953
0.0088329
-0.0090918
-0.0046994
0.0063789
-0.0023569
0.0021606
-0.0078828
0.0048954
0.0051028
-0.007711
-0.0003346
-0.0086502
0.0002735
-0.0088343
-0.0080761
0.0062722
0.0021822
0.0043632
-0.004617
-0.0093565
-0.0002757
0.0024841
-0.0004955
0.0023769
0.0006425
0.0026732
-0.0005251
0.007907
0.0002654
-0.0088092
-0.0074557
-0.0020339
0.0009481
0.0079318
-0.0062678
-0.0096506
-0.0079706
-0.0091156
-0.0016088
0.0007505
-0.0091939
0.0024688
0.0050002
0.0045089
0.0030313
-0.0002951
-0.0097199
0.0019353
-0.0098683
0.0019782
0.0025144
-0.0017134
-0.00685
0.0088119
0.0089124
-0.0016314
-0.008332
-0.0016757
0.0048626
-0.0050045
-0.0001473
-0.0017507
0.0030522
-0.0039319
0.0034451
-0.0003321
-0.0081702
0.0089878
0.002679
-0.0016258
-0.0066424
0.003111
-0.0033983
0.0091566
-0.0047956
0.0029583
-0.0076302
-0.008879
-0.0059335
0.0009506
0.0087959
0.0026055
0.0075029
0.0090014
-0.0008755
-0.0038102
-0.0066354
-0.0055133
-0.0059491
-0.0040406
0.0040964
0.0049402
-0.0002066
-0.0039111
-0.001766
-0.0028488
-0.0007142
-0.0084335
0.0081497
-0.0060712
-0.0029168
-0.0014016
-0.0035243
0.005458
-0.0096214
0.0085592
0.0035325
-0.0042383
0.0034408
0.0063715
0.0005532
-0.0030599
-0.0072722
-0.0043634
0.0014878
0.0030462
0.0006054
0.0060055
-0.0005707
-0.0030985
-0.0044837
0.0002946
-0.007127
0.0076817
-0.0049185
0.0003614
0.0086375
-0.006371
0.0085317
0.0017857
-0.0044758
-0.0056911
0.0080147
-0.0066128
0.004761
0.0034147
-0.0018578
0.0016785
-0.0068207
-0.004614
-0.0091343
0.005258
-0.0067282
0.0067393
-0.0020513
-0.0056828
-0.0005715
0.0083252
-0.0079648
0.0032791
0.0045031
0.0094351
-0.0024078
0.0010623
-0.0050048
-0.0078406
-0.0094853
0.000535
-0.0012223
-0.0007794
0.0027478
-0.0087633
0.0044816
0.0088209
0.0012848
0.0080722
0.0037399
-0.0060334
0.0097415
0.0057102
0.0082205
-0.0062013
-0.006304
-0.0018757
-0.0021525
0.0073403
0.0027608
0.0003483
-0.0090851
0.0097487
0.0065235
-0.005165
0.000395
0.0081588
0.0011306
0.0090031
0.0063173
0.00978
0.0056653
-0.0040093
-0.001973
-0.0097081
0.0082834
-0.0028346
0.0006212
-0.0061722
-0.0009258
-0.0022632
