0.0021796
0.0015402
0.0061771
0.0018049
0.006046
0.0005618
0.0062608
-0.0058729
-0.005864
-0.0041285
0.0001312
-0.003779
-0.0038587
-0.0011948
-0.0004619
-0.0019856
-9.5e-5
0.0020971
-0.0085639
-0.0040879
-0.0069311
0.0063629
0.003491
-0.0002743
-0.0056681
-0.0007495
0.0077053
-0.009828
-0.0063056
-0.008568
-0.0023778
0.0078154
-0.0095806
-0.0092249
-0.0058518
-0.0011244
-0.0019577
0.0040576
0.0049681
0.0016338
-0.0008988
2.52e-5
-0.0027456
0.0007129
0.0071918
0.0059691
0.0066314
-0.0046486
0.0088219
-0.0073692
0.0006537
-0.0080661
-0.0016589
-0.0088654
-0.0013651
0.0013687
0.0076535
-0.0009636
-0.0005644
-0.0006578
0.0040633
-0.0051908
0.0045922
0.007836
-0.0048037
0.0037548
-0.0073204
-0.0025228
-0.0041421
-0.0061273
-0.0027293
0.0006874
-0.008715
0.0091208
-0.0085955
0.0014419
0.0087133
0.0047407
0.002498
-0.0008017
-0.0029245
0.0002123
0.0062476
0.0024874
-0.0034513
0.0043117
0.003689
0.0007232
-0.0050518
0.0031448
0.0065971
0.0050725
0.0035817
0.0065928
-0.0070737
-0.0027054
-0.0047947
3.12e-5
0.0055964
0.0099912
-0.0037837
-0.0058584
0.0084672
0.0039445
-0.0041239
-0.0099171
-0.0023599
0.0027144
-0.0006918
0.0084125
0.0093411
-0.0019074
0.0097333
-0.0065364
-0.0061351
0.0084608
0.0050003
0.0037531
-0.0020336
-0.0005035
-0.0003483
-0.0097626
-0.0063544
0.0054065
0.0066904
-0.0094752
-0.0084216
0.0025673
-0.0061367
-0.0039052
-0.0029418
0.0023919
-0.0018622
-0.0061181
0.0003898
-0.0069828
-0.0069905
0.0045773
-0.00993
-0.0018692
-0.005422
0.0003173
0.0038188
0.0012661
-0.0006876
-0.0025319
0.0048993
-0.0086363
0.0040087
0.0032317
0.0009293
0.001211
-0.0054391
-0.0080833
0.0003167
-0.0029936
-0.0088696
-0.004483
-0.0072236
0.003382
0.0014727
0.0008406
5.39e-5
0.001067
0.0066668
0.0012118
0.0094741
0.0064643
-0.0013164
-0.0079402
-0.0081736
-0.0019464
-0.0009465
-0.008555
-0.0009115
0.0045142
0.003078
0.0029105
0.0010076
0.002545
0.0030896
0.0023701
-0.0056675
0.0044922
0.0056724
-0.0017082
0.0011683
0.0041418
-0.0080281
-0.0041193
-0.0009801
0.0055456
-0.007851
-0.0033192
0.0039526
-0.0081236
-0.0085549
-0.0049867
0.0019138
-0.0083728
-0.0046221
0.0020717
0.0036799
0.0037891
0.0027515
-0.0069213
-0.0022855
-0.0074153
0.0005062
-0.0069126
-0.0086255
-0.001476
-5.13e-5
-0.009311
-0.0023763
-0.0043764
-0.0022662
0.0026636
0.0069627
-0.0090716
-0.0011878
-0.0078951
0.0006263
-0.0026265
-0.0068918
0.0035508
0.0015753
0.0060246
-0.0054942
0.0073478
0.0018715
0.0055441
0.0054248
-0.0023722
-0.0075446
-0.0039959
-0.0091768
-0.0065077
0.0092137
0.0067094
-0.0065792
-0.0038689
-0.0095095
-0.0085967
-0.0070303
-0.0013164
-0.0046587
-0.0089835
-0.0075248
0.0046934
-0.0057532
0.0046178
-0.0049811
-0.007927
0.0074505
0.0026768
0.0053106
0.0061008
0.0087381
-0.0046365
-0.0061552
-0.005145
0.0054138
0.0075792
-0.0015296
0.001372
0.007149
0.0008929
-0.0047826
0.0019846
-0.0025191
-0.0066185
-0.0053306
-0.0027269
0.0033794
0.0071187
-0.006598
0.0081105
-0.0074735
-0.0028123
-0.0029542
-0.0052158
-0.0097859
0.0034778
-0.0055172
-0.0066583
0.0043709
0.0060219
-0.001344
0.0008285
-0.0077484
-0.0031627
0.0082877
0.0078846
-0.0095664
-0.0074522
0.0044501
-0.0038826
-0.009563
-0.00939
0.0087435
-0.0047467
0.0020549
-0.0015803
0.003861
-0.009987
-0.0048712
0.0097578
-0.0082618
-0.0004255
0.0069712
0.0075014
-0.0093812
0.0046595
0.0042181
0.0090849
0.0078491
-0.0052417
0.0027078
-0.0094589
0.0021065
0.0086757
-0.0096841
-0.0049565
-0.0064382
-0.0006366
-0.0018868
0.006605
0.0035418
-0.006416
-0.0067691
0.0051618
0.0090072
-0.0090665
0.0039585
0.0048745
0.0046398
-0.0012252
-0.0081271
-0.007262
0.0083319
-0.0037162
0.0083285
-0.0057419
-0.005553
0.0039786
2.73e-5
0.003891
0.0079769
-0.0066979
-0.0066061
-0.0059473
-0.0016306
0.0017267
-0.0006058
-0.0044601
-0.0069961
0.000707
0.0077802
0.0017848
-0.0013915
0.003925
-0.009638
0.0042068
-0.0067358
-0.0080234
0.0031572
-0.0067153
0.008742
0.0022911
-0.0014707
0.0084226
0.0038058
0.0096309
0.0031265
0.0030249
0.0037199
-0.0048586
0.0089196
-0.0056678
0.0060582
0.0087068
0.0081358
-0.0066247
-0.0092675
0.0016328
-0.002787
-0.0020076
-0.008499
-0.0065862
0.0090391
-0.0010057
-0.0036234
0.0025316
0.0027112
-0.0079035
-0.0029799
0.0017112
0.0068764
-0.0036645
0.0023477
-0.001993
0.0091113
0.0039398
-0.0070529
0.003759
-0.007177
-0.0056668
0.0082815
0.0027905
0.0091683
0.0086024
0.004262
-0.003497
-0.0035152
0.0054194
0.009671
-0.0082356
0.0020327
0.0015196
0.001917
0.0012093
-0.0065126
-0.0017536
0.0035805
0.0072915
0.0009433
0.0039119
0.0033625
-0.000584
0.0067738
-0.0036623
-0.0021327
-0.0087434
-0.0002726
0.0036383
0.0026661
-0.0092578
-0.0090682
0.008325
-0.0082539
-0.0055834
-8.26e-5
0.0018992
0.0025996
0.0033701
-0.0090553
-0.0039341
-0.0018457
-0.0023773
0.000608
0.0065342
-0.0073974
0.0013988
-0.0070148
-0.0073732
0.000652
0.0038529
0.0012722
-0.0036203
-0.0050964
-0.003538
-0.00188
-0.0080813
0.0089559
1.66e-5
0.0086674
-0.0077553
0.0038988
-0.0035136
-0.0090105
-0.0064487
0.00047
0.0042919
-0.0004587
-6.68e-5
-0.0017087
-0.0054705
0.0098596
-0.0072755
-0.0073498
0.0002363
-0.0009843
0.0080848
-0.005815
0.0011125
-0.0024868
0.0014283
0.0034326
-0.0061482
-0.0058372
-0.0083337
0.0005593
0.0060792
0.0087353
