0.0027726
0.0066774
-0.0079844
0.0080645
-0.0006736
0.0056244
-0.0094829
-0.0034473
0.0002244
-0.0011837
-0.001114
0.0019499
-0.0079233
-0.0071862
-0.0034255
0.0056435
0.0053564
-0.0082929
0.0064519
-0.0053492
-0.0075368
-0.0005921
-0.0011616
0.0029133
5.68e-5
0.0075788
-0.000856
-0.0061089
-0.0049364
-0.0008423
-0.0055237
-0.0012481
-0.0083556
0.0048892
-0.0036053
-0.0021216
0.0092815
0.0050275
0.0037363
-0.0036045
0.0087112
-0.0072789
-0.0001593
-0.0028477
0.0065253
-0.0086869
-0.0066937
0.0063038
-0.0084088
-0.0098079
-0.0095673
0.0043805
-0.0083267
-0.0090637
0.0071903
-0.0037265
-0.0031642
-0.0007984
-0.0064968
-0.007935
0.0082422
-0.0051453
-0.0055912
9.54e-5
-0.0042152
0.0043218
0.0060039
-0.0099553
-0.0072738
-0.009668
0.0051976
-0.0066111
-0.0058187
0.0085344
0.0046085
0.0004051
-0.0058757
0.0031994
-0.0086717
-0.0003206
0.0073559
-0.0012122
0.0004983
0.0085222
-0.0071918
0.0088933
0.006295
0.0051424
-0.0087959
0.0053163
-0.0019331
-0.0092807
-0.0067302
-0.0083921
-0.0080946
0.0044259
-0.0095543
-0.0048573
0.0026973
0.0086076
-0.0032039
0.0026902
-0.0084726
-0.0088242
0.0072916
0.0070329
0.0024908
0.0008095
0.0015825
-0.009276
-0.0018689
0.0008754
-0.0002642
0.0078796
0.0088309
0.0042098
-0.0015765
0.0042491
-0.0053501
-0.0056897
0.0064135
0.00393
0.0007488
0.0090409
-0.0011329
0.0076216
-0.0026253
0.0004213
0.0095758
-0.0086122
0.0013023
0.0052606
0.0012819
-0.0042894
0.0044241
0.0023124
-0.0052528
0.0060124
-0.003647
0.0093973
0.0008683
-0.0077983
0.0097211
0.0047058
0.0010854
-0.0061406
-0.0040307
-0.0075499
-0.00146
0.0011474
0.007876
-0.0044518
-0.0043488
-7.31e-5
0.0006377
0.0055458
-0.0083815
-0.0047499
0.0005398
-0.0022721
0.0087432
-0.007629
0.0043686
-0.0031085
-0.0012278
-0.0072625
0.0049974
0.0061672
0.0047367
0.0098521
0.0075117
0.0081251
-0.0032579
-0.0032755
-0.0009881
0.0062572
-0.0054043
0.0099629
0.0001937
-0.0016004
0.0068306
-0.008652
-0.0043511
-0.0027188
0.006808
0.0037124
-0.0094012
0.0080579
0.0065193
-0.0049459
0.0037441
-0.0033304
-0.006239
0.0003225
-0.0040706
-0.0057738
-0.0098418
-0.0084355
-0.0077375
-0.0014668
-0.0061396
-0.0018193
-0.0061019
-0.0086938
0.0090889
0.0028377
-0.0078517
0.0018785
-0.0098957
-0.0067136
0.0077479
-0.0006137
0.0085701
0.0034054
0.0026263
-0.0052738
-0.0038786
-0.0004634
-0.0020401
-0.0057079
0.0065407
0.004613
-0.0069422
-0.0022755
0.00633
0.0043124
-0.0015137
0.0028834
0.0017985
-0.0025478
0.005804
0.0097155
0.0036574
0.0084466
-0.0097695
-0.0006427
-0.0019462
0.0027343
-0.0006588
-0.00445
0.0016052
0.0040541
0.0085767
-0.0096288
0.0060664
0.0047585
0.0023299
0.0061753
0.0059861
0.0054842
-0.007127
0.0015265
-0.0025309
0.0051725
0.0007597
-0.0079568
0.0020435
-0.0030274
-0.0073141
-0.0013274
-0.0056152
0.0027748
0.0075762
0.0094468
0.0027286
-0.0062929
0.0072078
0.0015556
0.0085871
-0.0086694
-0.0002881
-0.0088208
0.0047571
-0.0069572
0.0003763
0.0005027
-0.0045857
0.0075605
0.0093117
-0.0034344
-0.0051238
0.0064871
0.0028294
-0.0005223
-0.0093594
0.0098921
0.0039767
0.0053955
0.0096938
0.0042057
0.0023902
-0.0059125
0.0068516
-0.0007616
0.0060523
-0.00602
-0.0086639
-0.0040183
-0.0041852
-0.0038048
-0.0002833
0.0058756
-0.0035324
0.0030261
-0.004748
0.0035207
0.0026707
0.0003905
-0.0008384
-0.0088895
0.0092892
0.0003456
0.0088342
0.005355
0.0018561
-0.0094591
0.0021657
0.006112
-0.0061882
0.0032778
-0.0098529
-0.0096994
-0.0049706
0.0014513
0.008226
0.0050249
0.0092716
-0.0056768
-0.0055304
-0.007281
0.0049445
-0.0061746
-0.0080256
0.0058525
0.0063729
-0.0050964
-0.0002546
0.0045328
-0.0012525
0.0051649
-0.000964
-0.0082158
-0.0082333
0.0001611
0.0054413
-0.007439
-0.0041422
-0.0079374
-0.0061928
-0.0049665
0.0055393
0.0094021
-0.0087057
-0.0058036
0.0093931
-0.0001616
-0.0071431
0.0073307
-0.0008996
-0.0035364
-0.0058396
0.0086874
-0.00858
0.0069664
0.0041761
-0.0033644
0.0081154
-0.0045344
0.0045086
-0.0020329
-0.0031134
0.0019722
0.001383
0.0013633
-0.0065711
0.0067577
-0.0052748
0.0061526
0.0013181
-0.0073731
-0.0001667
-0.0071819
0.0089369
0.0080959
-0.0055792
0.0096265
-0.0077012
0.0029081
3.37e-5
0.0057899
0.0073909
0.0066838
-0.0045146
0.0084743
0.0087104
0.0093046
-0.0057983
-0.0099027
0.0003558
-0.0090907
-0.0028162
-0.0081405
-0.009252
-0.0066011
-0.0075244
0.0077625
-0.0077204
0.0063672
0.0011601
-0.0001304
-0.0019247
-0.0060877
-0.0087742
0.0072489
-0.0017978
0.0029445
-0.0028226
0.006876
-0.0074893
-0.0053914
-0.0053861
-0.0049474
0.0093968
0.0097133
0.0035304
-0.0074418
0.0052712
-0.0092796
-0.0034874
0.0059758
-0.0009481
-0.0002403
-0.0092532
-0.009796
0.0029977
0.0008103
-0.0060967
0.0029613
0.0053958
-0.0099655
-0.0063757
0.0035227
-0.0017927
0.0040421
-0.0064139
-0.0020465
0.0045966
-0.005437
0.0036216
-0.0051477
0.0091481
-0.0034023
-0.0048657
-0.0025171
0.005038
0.006809
-0.006724
0.0086704
-0.0047547
0.0029184
-0.0097093
0.0018684
-0.0042427
-0.0023127
0.0002638
3.12e-5
-0.0002774
0.0089996
0.0073731
0.0068434
0.0087448
0.0025969
-0.0030264
-0.009068
0.0075789
0.0034936
-0.0020649
0.0009314
-0.0058481
0.0009918
0.0093823
0.004456
-0.0064447
-0.0096789
0.0074562
-0.0080173
0.0017469
-0.0093752
0.00352
0.0046353
-0.0015485
0.0055487
-0.0086878
-0.0018584
0.0021222
