0.0009708
-0.0093907
-0.0047465
0.0048867
-0.0017472
0.0043337
-0.0029299
-0.006991
-0.008901
0.0069305
0.0029939
0.0030687
0.0050903
0.0012073
0.0039311
-0.0099321
0.0038468
-0.0007107
-0.0002181
0.0076375
-0.0020988
0.0022679
0.0098686
0.0043656
0.0066121
-0.0025046
0.0064811
0.0094626
0.0037641
-0.0006132
-0.0003177
-0.0092903
0.0084716
0.0048516
0.0015097
-0.0008249
0.004998
0.0021099
0.0027769
-0.0038699
0.0020556
-0.0073639
0.0097525
0.0021994
-0.0025172
-0.002143
-0.0041543
0.0048761
-0.0073992
-0.0065739
0.0001558
-0.0089483
-0.0001223
0.0079004
-0.0096815
0.0019459
0.0032955
0.0074156
-0.0099082
-0.0067538
0.0026915
-0.0006118
-0.0071027
-0.0077749
-0.0006081
-0.0074232
-0.0052406
0.0078587
0.0083045
-0.0024697
0.0080524
-0.0012182
0.0014127
-0.0045984
0.0040263
-0.0002823
-0.0091148
0.0027705
0.0026573
0.0096168
0.0039775
-8.65e-5
0.0073798
-0.0008714
-0.0088685
0.0074785
0.0022042
-0.0038365
-0.0057299
-0.0044585
0.008085
0.0033769
-0.0019768
-0.0017647
-0.0056124
0.0092828
0.0079396
0.0047111
0.0025854
0.0080403
0.0037449
-0.0022403
-0.0072271
-0.0073348
0.0017567
0.003043
0.0031061
-0.0029757
0.0036789
0.0003296
-0.0054699
-0.0046816
0.0037966
0.0063233
0.0092647
0.0009687
0.0005094
-0.0003414
0.0026837
0.0039116
0.0076014
-0.001338
-0.0095996
-0.0084041
-0.005476
-0.0077525
-0.0026492
-0.003942
-0.0038486
0.0052783
0.0065058
0.0058102
-0.0005032
0.0039677
0.0009004
-0.0029874
0.0009587
0.0043882
0.0057404
0.0016078
-0.0031279
0.0054132
0.0029221
0.0048869
0.0080845
0.0049161
-0.0078899
0.0049319
-0.0044441
0.0052884
-0.0006022
0.0071532
-0.0058362
0.0046716
-0.000333
-0.0015081
-0.0026163
0.0095941
-0.0049667
0.005956
-0.0037057
-0.0039592
0.0049294
-0.0033273
0.004388
-0.0023721
-0.0056911
0.0021592
-0.0025799
0.0002863
0.0010997
-0.0037235
-0.0021906
-0.003806
0.0096152
0.0048186
0.0085715
-0.0028979
0.0008994
-0.0040257
-0.0057217
0.0089793
-0.0009851
-0.0057384
-0.0028094
-0.0094549
0.0026635
-0.008845
-0.0076868
-0.003371
0.0077741
0.0037729
0.0061866
-0.0033488
0.0011181
0.0036161
-0.0061606
0.0089579
0.0058311
0.0093974
0.0069487
0.0082618
0.009194
0.0042651
0.0036906
-0.0026689
-0.0055456
0.003435
0.0067756
-0.0056327
0.0033358
0.0053223
0.0063751
0.0093268
0.0047668
-0.0005964
-0.008236
-0.0057641
-0.0050555
-0.0008388
-0.0051935
-0.0048139
0.0053924
-0.0067878
-0.0023089
-0.0061142
-0.0076572
-0.0093486
0.0082256
-0.0058914
-0.0012538
-0.0086225
0.0029778
-0.0001035
-0.0043918
-0.0063937
-0.0054703
-0.0017043
0.0014136
-0.002145
-0.0058843
-0.0071617
-0.0077749
0.0088363
-0.0015731
-0.0046667
0.0046458
-0.0098421
-0.0094292
0.0050127
0.0044923
0.000113
0.0010174
0.0046382
0.0054548
0.0036442
-0.007427
-0.0069612
-0.0014252
0.0064283
-0.0096738
-0.0015734
0.009418
0.000553
0.0030724
-0.0021764
-0.0048812
-0.0019304
-0.0046248
-0.0014699
0.0056206
-0.0014056
-0.0059703
0.0006193
0.0037554
0.0021494
0.0099374
-0.0056463
-0.0004594
-0.0094807
0.001661
0.0062091
-0.0066644
0.0030766
-0.0091574
-0.0041169
0.0017283
0.0035507
-0.004133
0.0084533
-0.0007515
-0.0026446
-0.0092147
0.0002793
-0.0019183
-0.0068555
-0.0044894
0.0009161
0.0018266
0.0054907
0.0088182
-0.0084255
0.0099633
0.009805
0.0069005
-0.0062805
0.0040591
0.0002917
0.0059545
0.0056238
-0.0039412
0.008339
0.007768
-0.0008117
-0.0025096
-0.0024951
0.0059733
0.0017885
-0.0059924
0.0044468
-0.0030252
0.0070714
0.007384
0.0002126
0.001526
-0.006785
-0.0071129
0.00484
-0.0005614
-0.0099059
-0.0016595
-0.0090854
0.0043108
-0.0084678
-0.0084539
-0.002226
0.0003573
-0.0090577
0.0010004
-0.008739
-0.0014537
-0.000653
0.0063475
0.0020317
0.0080137
-0.0058703
-0.001225
-0.0066942
0.0052302
0.0071425
-0.004331
0.005035
0.0050834
-0.0013008
0.0066557
-0.0062991
-0.0031241
-0.0036307
0.0022517
-0.007868
0.0021883
-0.0072438
-0.008143
0.0094403
-0.003133
0.0072721
-0.0034409
0.0031995
0.0038341
0.0046439
0.0015445
-0.0033397
0.0057228
-0.0041976
-0.0049527
-0.0084549
-0.0093905
0.0077274
-0.0068979
0.0098985
-0.0095438
-0.009883
0.0045172
0.0045301
-0.0075979
-0.0031314
-0.0091479
-0.0087191
-0.0063193
0.0038727
-0.0055486
-0.0056325
-0.0024296
-0.0018995
0.0026537
-0.0081252
-0.0065086
-0.0042648
-0.0054505
-0.0007998
-0.0077143
-0.0055083
-0.0094525
-0.0006337
0.0074022
-0.0043088
-0.0068664
0.0020207
-0.0005025
0.0035762
0.0005299
-0.0056424
0.0074617
0.0050662
0.0042112
0.0092041
-0.0010195
2.8e-6
-0.000711
-0.007575
-0.0004947
-0.0095936
0.0068159
-0.0023841
-0.0053599
0.0060687
0.0040019
-0.0034098
0.0007598
0.0037753
0.0083096
-0.0034285
0.0008932
2.07e-5
0.0002434
0.0023343
0.0002701
0.0080368
0.0044397
0.0002273
0.0046607
-0.0072675
-0.0074861
0.0099021
-0.0008956
-0.0002935
-8.34e-5
0.0011954
-0.0094864
-0.0050809
-0.0098407
-0.0090778
-0.0015169
0.0059839
0.000375
0.008111
-0.0088263
0.0098595
0.004666
0.007313
-0.0004117
0.0013031
0.0070562
-0.0042471
-0.0071129
-0.0023951
0.0070616
-0.0089192
0.0003187
-0.0071301
-0.0048822
-0.0029356
-0.0048143
-0.0070965
-0.0034589
0.0079948
-0.0057988
-0.0044874
0.0073852
-0.0084949
0.0026909
-0.0060393
-0.0091927
-0.0035914
-0.0004732
0.0051738
0.0053854
0.0044339
-0.0050543
0.0071021
0.0088117
2.01e-5
0.0053898
-0.0079022
0.0005585
