0.0032204
-0.0095937
-0.0008132
0.0048971
0.0004025
0.0083444
0.0028262
0.0099669
0.0044087
0.0041826
0.0072689
-0.0010786
0.0042574
0.0001138
0.0087871
-0.0027175
0.0030125
0.0041547
0.0005394
0.009752
0.0083917
0.0079898
-0.0031972
-0.0059566
0.0005259
0.0087901
0.0017342
-0.0004694
0.0052491
-0.0001543
0.0097359
0.0097036
0.0067611
-0.0013699
-0.0022587
0.0038465
-0.0042117
0.0009945
0.0032139
-0.0042251
0.0066213
-0.0060489
-0.0087559
-0.0007858
-0.0034714
-0.0014065
-0.0090866
-0.0039487
-0.0028258
-0.0004262
0.0020871
0.009431
0.0059686
-0.0075945
-0.0013461
-0.0022869
-0.001022
-0.0067508
-0.0007556
-0.0053969
-0.0092356
0.0033696
-0.0023798
-0.0067408
-0.0025333
-0.0069892
0.0007618
0.0059468
-0.0068085
-0.0082793
-7.75e-5
-0.0072303
0.0050166
-0.0064992
-0.0087982
-0.0065534
0.0044226
-0.0079635
-0.0074062
-0.0033167
-0.0024032
-0.0091807
-0.0017303
-0.002631
-0.0070568
0.006918
-0.0049502
-0.0038171
-0.0066742
0.0062245
-0.0051209
-0.0080403
-0.001243
0.0036263
0.0084998
-0.0049044
-0.0018065
-0.0006101
-0.0042905
-0.0019811
0.0094569
0.0020926
0.00517
-0.0076458
-0.0059186
-0.0034827
-0.0048939
-0.0049007
-0.0060292
-0.0053179
-0.0080463
-0.0009588
-0.0011565
0.0089582
-0.0056002
-0.0060527
-0.0005497
0.0031133
0.0016884
0.0059267
-0.004805
0.0087366
-0.0069664
-0.002229
-0.0040127
-0.0080993
0.0077098
0.0086834
0.0009668
-0.0013898
-0.0017281
-0.0011895
-0.0051591
0.0036616
-0.0044686
-0.0079505
-0.008211
-0.0051325
0.004254
-0.001778
-0.0056766
-0.0083327
0.0011034
0.0095522
0.0038534
0.0026454
0.0060092
0.0038481
-0.0025914
-0.006041
0.0012353
-0.0062056
0.0040347
0.0001131
-0.006291
0.0019972
-0.0029182
-0.007258
0.0065499
0.0050457
-0.0044654
0.0094739
-0.006221
0.0036348
-0.0068897
-0.0004497
-0.0012274
0.0045091
-0.0077789
-0.0091163
0.0033256
-0.0066787
0.0059371
0.0040963
-0.0090716
0.0037216
-0.0051014
0.0099316
-0.0063111
-0.0047129
-0.0071702
-0.0048095
0.0002223
0.0050252
0.0094358
0.0015617
-0.0033245
0.0068652
-0.0048872
-0.0057029
0.0046598
-0.0006819
0.0094872
0.0015148
-0.0089664
-0.0007723
0.0013383
0.0064092
-0.0043316
-0.0040881
0.0097913
0.0038683
0.0017262
-0.0005806
0.0020922
0.0040492
-0.0016952
-0.0022218
-0.0014128
9.74e-5
-0.0073132
0.0058464
0.0027165
-4.86e-5
-0.0085241
-0.0063602
-0.0073829
-0.0078876
-0.0089022
-0.0089501
-0.0095349
-0.0002126
0.0054155
0.0091632
0.0049084
0.0062609
0.0008527
-0.002245
0.0067763
0.0048254
-0.0001018
0.0068181
-0.0084938
-0.0058895
0.0083484
-0.0074219
0.0011675
0.0023678
0.0082972
-0.0070057
0.0092321
-0.0001845
-0.0083444
0.0039037
0.0036286
-0.0026908
-0.0063647
0.0067735
-0.0094755
0.0096404
-0.0037545
-0.002269
-0.0011205
-0.0085375
0.0019013
0.0037809
0.0012664
-0.0021865
-0.0026563
-0.0002265
-0.0082409
0.001184
0.0017315
-0.0018287
0.0027581
0.0059589
-0.0082244
-0.0042886
-0.0035074
0.0024328
-0.0022695
-0.0043167
0.0080465
0.000899
0.0059825
-0.0068307
-0.0027299
-0.0054624
-0.0076705
-0.0062736
0.0030109
-0.0035268
0.0041471
0.0076826
0.0064804
-0.005975
-0.0006389
0.0051538
-0.0096347
-0.0002391
0.0097863
-0.003597
-0.0053191
-0.0039949
-0.0036901
-0.0032029
-0.0055733
-0.0099456
0.0062539
0.0054588
0.0002004
0.0036922
-0.0001261
-0.001837
0.0038827
0.0092784
-0.0018924
0.0025437
0.0083314
0.0069912
0.0076283
0.0081843
0.0020616
0.0014092
-0.0086139
-0.0093241
0.0037852
0.0096686
-5.66e-5
0.0070044
0.0031326
-0.0043727
0.0014506
-0.0059078
0.0022852
-0.0059329
-0.0048034
-0.0035334
0.0006238
-0.0025019
0.0041681
-0.0055045
0.0085898
0.00827
-0.0011989
0.0012602
-0.0022026
0.0098713
-0.0021098
-0.0026849
-0.0073198
-0.0004212
-0.0061988
-0.0033622
0.0099396
0.004411
0.0061555
-0.0051107
-0.0073107
-0.0033977
0.0094733
0.0070353
-0.0016199
-0.0015745
-0.0042778
-0.006511
-0.00918
-0.0072043
0.0061948
7.79e-5
-0.0077186
-0.009721
0.0088773
-0.0036223
-0.0011184
0.0057783
0.0056241
-0.0023242
-0.0003434
-0.0070797
-0.0014504
-0.0003485
0.0011616
0.0027257
0.0049465
-0.0063826
0.0093184
-0.0026475
0.0085295
0.0020142
-0.0061247
-0.0065446
-0.008063
-0.0042707
0.0037477
-0.0071604
-0.0052209
0.0007651
-0.0027103
-0.0046191
-0.0065069
-0.0087181
0.0028411
0.0044939
-0.0078467
-0.0096001
-0.0074665
-0.0041549
-0.0005306
0.0083389
-0.0035331
0.0028962
0.008336
0.0072934
-0.0069648
0.0051237
-0.0002147
0.0013426
-0.0009249
-0.0028187
-0.0048253
0.0065884
0.0056152
0.0085093
-0.0005594
-0.0065439
-0.0046037
0.007268
-0.0030897
0.0048124
-0.0087795
0.0024314
-0.0065827
-0.0030704
0.0057757
-0.0088275
0.0091198
0.0012748
0.000372
0.0088682
-0.0031163
0.0007999
0.0008061
0.0011684
-0.0030081
0.0062087
-0.0080695
-0.007147
0.0027439
-0.0068321
0.0031774
-0.0075141
0.0088959
0.0093911
0.0005178
-0.0067513
-0.0091713
-0.0024618
-0.0014725
-0.0068117
-0.0052646
-0.0089118
-0.0037218
0.0013939
0.0091316
0.0005975
-0.0033162
-0.0024699
0.001784
-0.0002407
-0.0048794
-0.0038111
0.0026099
-0.0045559
-0.0095546
0.0007151
0.0048217
-0.0024638
0.0013907
-0.0046825
0.0062903
-0.0039383
0.0065555
-0.0019922
-0.0031458
-0.0034985
-0.0077809
-0.0097385
0.0054063
-0.0087258
-0.0044514
-0.0081043
0.0016276
-0.0084467
0.0099914
-0.0094118
-0.001858
-0.0004504
0.0081501
0.0097499
-0.0077791
-0.0014819
-0.0024615
-0.0037704
-0.0076443
