0.0077431
0.0099816
9.84e-5
0.0041206
7.3e-6
-0.0039085
0.0016552
-0.0001198
-0.0094082
-0.0062364
-0.0054626
-0.0089242
0.0087001
-0.0001805
-0.0089439
0.0059712
-0.0089047
0.0042327
-0.0057439
0.0010283
-0.0069849
0.0070244
-0.0070128
-0.0027447
-0.006272
-0.0097988
0.0080361
0.0039627
-0.0065554
-0.0053359
-0.004341
-0.0036308
0.0038757
-0.0023881
-0.0053858
0.0038754
0.008707
-0.0001895
0.0090392
-0.0072182
0.0072938
-0.0016539
0.0005126
-0.0035755
-0.0004724
-0.0042633
-0.0088558
0.0054857
-0.0069074
-0.0025778
-0.007959
0.0045225
0.0061981
-0.0015604
0.0074015
0.0008215
-0.0076421
0.0096966
-0.0015657
0.0062796
-0.0018387
-0.0058917
0.004279
0.0028023
0.0064358
0.0023721
-0.0044161
-0.0063133
0.0046475
-0.0069508
-0.0074089
0.002452
0.0026993
-0.0069693
0.0089333
0.0034913
-0.001295
-0.0010219
0.0039963
-0.0052553
0.0081305
0.0025154
0.0068828
-0.0004975
0.0062371
0.0058213
0.0080008
0.0045044
0.0074392
-0.001467
-0.0038892
-0.0064125
-0.0034119
0.0031716
0.0072959
0.0055469
0.0031889
-0.0051961
-0.0039449
-0.0007605
0.0043044
-0.0025821
0.0030558
0.0093639
0.0027362
-0.0029616
0.0053751
0.0092898
-0.0003485
-0.0059908
-0.0043348
0.0034246
0.0026338
-0.0045945
-0.0099887
0.0085701
-0.0079086
-1.24e-5
0.0076626
-0.0061937
-0.0075687
-0.0052212
-0.0022798
0.0034623
0.0033596
-0.0034252
0.0059435
0.0043658
-0.0019139
0.0058496
-0.0081038
0.0051988
0.0095488
-0.00216
-0.0025574
0.0092943
-0.0039495
0.0002817
0.0079838
-0.0026847
-0.0018939
0.0074277
0.0010763
0.0011873
-0.0053043
0.0031034
-0.0086636
0.0061512
-0.0080165
0.0022757
0.0086459
0.0063689
-0.00276
-0.0028464
0.0009788
-0.0072773
0.0036424
-0.0050619
3.7e-5
0.004836
0.0063442
0.002491
0.0016933
-0.0023991
-0.004347
0.0045174
-0.003301
-0.0095225
-0.0003214
0.0045213
0.0096736
-0.0028179
0.0039816
-0.0082861
-0.0027467
-0.0048855
-0.0001521
0.0086101
-0.006011
-0.0095818
0.0068353
-0.0011906
0.0060546
0.0028379
0.0045269
0.0099143
0.0097105
0.0095927
0.0097372
0.0054386
0.0039606
-0.000231
0.0048582
0.0043151
-0.0045415
0.0028361
-0.0069136
0.0005772
-0.0045109
-0.0019387
-0.0057492
0.0019471
-0.003803
0.0029434
-0.0027521
0.0042336
0.0030521
-0.0057161
0.0092379
-0.0030479
-0.0045476
0.0042963
0.0025681
0.006723
-0.0014476
-0.0096419
-0.0034973
-0.0025457
0.005384
0.0016399
0.0050093
0.0071651
-0.0076056
-0.0008441
-0.0096566
-0.0058241
-0.0014751
0.0062882
-0.0023451
0.0091579
-0.0046772
0.0021144
-0.0025779
0.0077809
0.0088341
0.0048965
0.00475
-0.0050633
0.0042922
-0.0038826
0.0074085
-0.0072038
-0.0090775
-0.0025841
-0.0057694
-0.0007798
0.0084816
-0.0044089
0.0090512
0.0085216
0.0077642
0.0022838
-0.0064774
0.0026521
-0.0042444
-0.0088489
0.0040371
-0.0040416
0.0094953
-0.0081237
-0.0026256
0.002228
0.0004386
-0.0009792
-0.0052067
0.0085934
0.0079621
-0.0009282
0.0095055
-0.0026314
-0.0077573
0.0053666
0.0083891
0.0035665
0.0016936
-0.0073663
-0.0049847
0.0039443
0.0017628
-0.0035479
-0.0079578
-0.0018483
-0.0009195
-0.0029359
0.0090881
0.0006497
-0.004657
0.0057434
-0.0048958
0.0049938
0.004272
0.0073109
-0.00069
-0.0019161
-0.0041202
-0.0097668
-0.0065189
0.0025128
0.0024769
-0.0015578
0.0078511
0.0010006
0.004227
-0.0043442
-0.0030548
-0.0056724
-0.0049071
-0.0041008
-0.0066658
0.0011351
-6.21e-5
-0.0036704
0.0017019
-0.0096946
-0.0068492
0.0010007
0.0028336
0.0030832
0.0046101
4.94e-5
-0.0024278
0.0095229
0.0068166
-0.0043734
-0.0029531
0.0024043
0.0012038
-0.0033151
0.008751
0.0028406
0.003009
0.0082078
0.0003125
-0.001773
-0.0032919
0.0078699
0.000895
0.0069549
-0.0016314
-0.0013399
0.0021763
-0.0071648
0.0012988
0.0016131
-0.0063843
-0.0029413
0.00123
-0.0047519
-0.0045035
0.0014181
0.0086681
-0.0021153
-0.0092593
-0.0091369
0.0072259
0.0060044
-0.0091176
-0.0087115
-0.0031864
-0.0044911
0.0098851
0.0014717
-0.0023952
-0.0080629
-0.0035371
0.0078153
-0.0071346
-0.0039824
0.0003933
0.0046401
-0.0037369
-0.0009759
-0.0027701
-7.51e-5
-0.0038406
0.0097149
-0.0087146
-0.0085672
-0.0079296
0.0005662
-0.0024416
0.0082482
-0.0096895
0.0035211
0.0089726
-0.0085146
-0.0055709
-0.0093656
-0.0008102
-0.0006724
0.0018194
0.0049769
0.0052867
0.0061008
-0.0056095
9.67e-5
0.0087039
0.0066318
0.0062589
0.0026659
-0.0011185
0.0061871
0.0007471
-0.0091925
0.0010916
-0.0039824
-0.0040006
0.0009776
-0.0038491
0.0059283
0.0030373
0.0028239
0.0075556
0.000282
0.0023091
-0.0079843
0.0039697
-0.0040021
0.0029623
0.0009329
0.0090146
0.0088147
0.0070681
-0.0098312
-0.0069344
-0.0095018
0.0070672
0.0088666
0.0039608
-0.0045855
-0.0046902
0.0061301
-0.0004608
0.0098822
0.0025938
0.0041468
-0.0075199
0.0091511
-0.0051471
-0.0048416
0.003301
0.004588
-0.0004966
-0.0023058
0.0043062
-0.0089106
0.0073613
0.0042928
0.0016581
0.0064307
0.002583
-0.0050742
-0.0050346
0.0047096
-0.0068978
0.006561
-0.0019818
0.0049738
0.0092815
0.0015136
-0.0096825
0.0021
-0.0016488
0.0099304
0.0039368
0.0063063
0.005321
-7.73e-5
-0.0028874
0.0017336
0.0068688
0.0080311
-0.0053934
-0.0075471
0.0021607
0.0053461
0.007955
0.0018469
-0.0034599
0.0033924
0.0028526
0.001164
0.0060339
-0.0060197
-0.0027625
0.0013048
0.001194
0.0036025
0.0083163
-0.0034914
0.0003844
0.0010352
-0.00997
-0.0015557
-0.004465
