0.0080893
0.0074011
-0.0051107
-0.0094943
0.0039262
-0.0041982
0.0037544
0.0067693
0.0043928
0.0052397
0.0023977
-0.0095757
-0.0066677
0.0027979
0.0037921
0.0070951
-0.0048486
0.000372
0.0083777
0.0022591
-0.0012053
0.0060828
-0.0096275
-0.0008616
0.0030237
-0.0011038
-0.0011189
0.0095289
0.00717
0.0051539
0.0036247
-0.0047463
-0.0038796
-0.0036451
-0.002853
0.0063439
0.0052869
-0.0089633
-0.0091849
-0.0090885
-0.0014633
-0.0032993
0.0092621
0.0053733
0.004762
0.0023398
0.0041413
-0.0055597
-0.0016568
-0.0048681
0.002448
0.0076162
-0.003432
0.0069676
0.0019015
-0.0088217
0.0026219
0.006346
-0.0014749
0.0007029
-0.0016764
-0.009634
0.0078539
-0.0063756
0.0008241
0.0078081
-0.0077384
0.0071532
-0.0029244
0.0083149
0.0030091
0.0081559
-0.0053132
-0.006461
-0.0027823
0.007956
0.009976
-0.0064388
-0.0008168
0.003489
-0.0057834
-0.0060172
0.0061697
-0.0047096
-0.0015685
0.0029769
-0.0016211
0.0061915
-0.0088135
-0.0011122
0.005969
-0.0084844
0.0052156
-0.0064655
-0.0031766
-0.0069127
-0.0070748
0.0078869
0.0062898
0.0036462
-0.0024848
0.0007692
-0.003619
-0.0069715
0.0063451
-0.007146
-0.0030086
0.0074623
-0.0030431
0.0091025
0.0079955
-0.008845
0.0031854
0.0050117
0.0043477
-0.0009741
-0.0059643
-0.0027899
0.0020985
-0.0040315
-0.0009251
0.0013539
0.0036792
0.0010042
-0.0029157
-0.008497
-0.0024005
-0.0017241
0.0047151
0.0084643
-0.0080728
0.0038311
-0.0033877
8.01e-5
0.0032241
-0.0094244
-0.0034273
-0.0050687
-0.0091611
0.0062906
-0.0023729
-0.008754
0.007828
-0.0041442
-0.0057997
0.0091478
0.0052119
-0.0025589
0.0034919
0.007708
0.0079747
-0.0042335
0.0045185
0.0047008
-0.0098044
0.0002613
0.0098089
-0.0017348
0.0060811
0.0010485
0.004584
-0.0062766
-0.0067084
0.0012602
-0.0093224
-0.0026339
-0.0059278
0.0076096
-0.0056871
0.0076508
-0.0076115
0.0091358
-0.000224
0.0021237
0.0077682
0.0043511
0.000514
-0.0038498
0.0006877
-0.0056054
0.0018176
0.0003338
0.0059086
-0.0049726
0.0052203
0.0081715
0.0068256
0.0022029
0.0038531
0.0026493
-0.0012218
-0.003639
0.0047635
0.0037456
0.0081087
0.0092004
0.0075805
-0.0011493
-0.0042156
-0.008059
0.0052782
0.0028847
0.0045425
0.004428
-0.005732
-0.0038495
0.0021947
0.0097899
-0.0048479
-0.0075015
-0.0094053
0.0032956
-0.0068367
0.001295
0.0078996
0.006219
0.0021539
1.91e-5
0.0004764
-0.0077433
0.0084952
0.002374
0.0058883
0.0011838
0.0072121
0.0068518
0.0048494
0.0039864
0.0081083
-0.0062989
-0.0049341
0.0011508
0.0077904
-0.0062979
0.0078617
0.004971
-0.0062181
0.0031808
0.0056998
0.0008752
-0.0042498
0.0070681
-0.0008426
0.0005986
-0.0062347
0.0045204
-0.002009
0.0088357
-0.0055198
0.0051647
-0.0045305
-0.0074675
-0.0039818
-0.0006794
-0.0081898
0.0085018
0.0018557
-0.0023852
0.0067425
0.007369
0.005154
0.0043715
0.0009436
-0.0050576
-0.0015288
0.004093
0.0008158
1.66e-5
-2.5e-5
0.0072168
0.009393
0.0055518
-0.0021362
0.0010891
-0.0075486
-0.000148
0.0059687
-0.0015425
-0.0021472
0.0023549
0.0044316
-0.0061255
0.0010212
0.0096141
-0.0004169
-0.0094139
0.0089836
-0.0087561
-0.0065684
-0.0057619
0.0030485
0.0087687
-0.0031892
-0.0019134
-0.001222
-0.00298
-0.0085024
0.0021628
0.0003673
-0.0099904
0.0041941
0.0044113
0.0089907
-0.0097996
-0.0022957
-0.0083269
-0.0035085
-0.0046396
-0.0068425
0.0034728
-0.0087752
0.0002983
-0.004775
0.0065376
-0.0039535
-0.006413
-0.0067895
0.0033447
-0.0024758
-0.0077265
-0.0018723
-0.0040113
0.0056053
0.0022358
0.0025091
0.004962
-0.005113
0.0004544
0.0098124
-0.0005426
-0.000216
0.0078179
0.0032158
0.0089924
0.0005133
-0.0035464
0.0091259
0.0057349
-0.0023798
-0.0021844
-0.0002509
0.0065459
-0.0049768
0.008906
0.007283
-0.0069742
0.002931
-0.0088411
-0.0012844
0.0093965
0.0055638
0.0066225
0.00606
-0.008378
0.0078563
0.0008144
0.004129
-0.0041049
0.0093355
0.0099242
0.0060391
0.0034077
-0.0052533
0.0046503
0.001421
-0.0009251
-0.0063672
-0.0059622
-0.0067812
0.0042157
-0.0040384
0.0086512
0.0099191
0.0059083
0.0011266
-0.0021033
-0.0024464
0.0029769
0.0078046
-0.002184
0.0095433
-0.0081913
0.0073965
0.0014157
-0.0041492
1.0e-6
-0.0064475
0.0054749
-0.0088297
0.0015093
-0.0032073
0.0048771
-0.0055163
-0.0029766
-0.0079567
0.0089182
0.0083928
0.0045802
-0.0014525
0.0072072
0.0075734
-0.009001
-0.0030794
0.001211
0.0011965
-0.0071838
-0.0088399
-0.0055677
-0.0025194
0.0089715
0.0081823
0.0072405
0.0050701
0.0063987
-0.002216
-0.0036621
0.0005421
0.0027852
0.0019031
0.0055906
-0.0048369
-0.0054603
-0.0084562
0.009884
-0.0048217
0.0022523
0.0026847
-0.0098915
0.0077267
0.008079
0.0022463
-0.0027957
-0.0095342
-0.0022953
-0.0062252
-0.0002443
0.0020814
0.0076871
-0.0087419
-0.0020948
-0.0067648
-0.0027899
0.0066861
-0.0036904
0.0042686
0.008113
0.005121
0.0097745
0.0011783
0.0073418
0.0072746
-0.004433
-0.0013717
0.0052089
0.0040959
-0.0008139
0.0079165
0.0008628
0.0018907
0.0069553
-0.0007452
-0.0084344
-0.002697
0.0036588
-0.0042798
0.0055796
0.0001843
0.0014331
0.0014551
-0.0005395
-0.0032845
0.0087811
0.0002946
0.0068111
-0.0094418
0.0092749
-0.0073587
0.0050427
0.0019984
0.0027102
0.00464
0.0033913
-0.0023447
0.0058513
-0.002365
0.0099246
0.0012216
-0.000491
0.008085
-0.0033574
0.0092753
0.0062797
-0.0023387
-0.0035339
-0.0095348
