-0.0069677
0.0017135
0.0070407
-0.000888
-0.0053477
-0.0044329
-0.0072561
-0.0039515
-0.0033861
0.0032727
0.0005844
0.006853
-0.0086882
-0.002172
-0.0024737
0.0021573
0.0084457
-0.0098651
0.0032526
0.0046711
0.0014401
0.0076482
-0.0020186
-0.0091704
-0.0028308
0.0075041
0.0016687
0.0057097
-0.0057209
-0.0039495
-0.0058715
0.0080379
0.004875
0.0032513
-0.0076868
0.0017656
-0.0003763
-0.0083006
0.0057198
0.0045391
0.0049202
-0.0039071
-0.0041752
0.0041566
0.0056014
-0.0033882
-0.0075502
-0.0058449
0.0053889
-0.0054191
0.0037321
-0.0008333
0.0051145
0.0002976
0.0086405
-0.0007728
-0.0041705
0.0052653
-0.0078102
0.0062725
0.0059648
0.0061341
0.0021952
0.0092779
-0.0040169
-0.0050191
0.0024236
-0.0049607
-0.0071902
0.0014548
0.0004341
0.0019358
-0.0004201
0.0014038
-0.0060082
-0.003549
-0.0066733
0.0076865
0.0073711
0.0053551
-0.0052212
-0.0075752
-0.0042224
0.0025048
0.005501
0.0037636
-0.0081473
0.0067236
0.001956
-0.00038
0.0063986
-0.0042199
-0.0012374
-0.0042882
-0.0011319
-0.0024962
0.0021128
0.0015587
0.004353
0.0010145
-0.0065916
0.0084125
-0.0081876
0.0022359
-0.0029876
-0.0053705
-0.0065255
-0.0080058
-0.0011495
-0.0093523
0.0025752
-0.0045494
-0.0013036
-0.0068514
-0.0060863
0.0035983
0.0062384
-0.0003814
-0.0070198
0.0001086
0.0072744
0.000141
-0.00148
-0.008607
0.0055025
-0.003845
0.0087218
0.0097345
0.0090227
0.0080741
-0.0003033
-0.0063865
0.0004873
-0.004671
-0.0082129
0.0057081
0.0038332
0.0089282
-0.0094676
-0.0094457
0.0095177
0.0047778
-0.0074582
0.0017682
0.0035262
0.0088852
0.0095691
0.0058958
-0.0025801
0.0070573
0.0024651
0.0015875
0.0020334
0.0094332
0.0015779
-0.0042198
-0.0001602
0.0070307
0.009677
0.0057183
0.0097557
-0.0087146
-0.0076419
0.0026656
-0.0064092
-0.0036255
-0.0040865
-0.0064705
0.0069759
-0.0050289
0.002975
0.0083988
-0.0098863
-0.0087259
0.0064758
0.0075689
-0.0083384
-0.0058624
-0.0009829
0.0045311
-0.009637
-0.0041793
0.0081206
0.0065907
0.0029019
-0.0028976
0.0026205
-0.0089547
0.000485
-0.001579
0.0006147
0.0067568
-0.0071289
-0.0018711
-0.0003903
0.0058105
0.006023
-0.003571
0.0078722
-0.0017775
0.0014746
-0.0053675
0.0018944
-0.0037488
0.0057642
0.0008511
-0.0013182
0.0001256
-0.0065484
0.0029567
0.0054134
0.0061817
-0.0009346
-0.0036309
0.0022633
0.004432
0.0065419
0.0024531
0.0030582
-0.004902
0.0093005
-0.0053391
-0.0082686
0.0043309
0.0014508
0.005512
-0.0028478
-0.0006661
-0.0028551
0.0055815
0.0096231
-0.007413
0.000344
0.0041819
0.0094226
-0.0072963
0.005282
0.0091766
-0.0043132
-0.0087158
-0.0030209
0.0024837
0.0072236
-0.0016332
-0.00178
-0.001825
0.0088334
0.0044249
-0.0021656
0.0075252
0.003599
-0.0047375
0.0059685
-0.0073694
-0.0096718
0.0003959
0.0011039
0.0015547
0.0004132
0.000318
-0.0091889
0.0074794
0.003152
-0.0040663
0.0059846
-0.000481
0.0031453
-0.0016957
0.0089843
-0.0070302
-0.0059744
-0.0016239
-0.0039592
-0.0059218
-0.0023958
0.0056855
-0.0009831
-0.008253
0.0098682
0.0043419
-0.0097882
-0.0071064
-0.0015889
0.0095738
0.0097659
0.0073297
-0.0017562
0.0001837
-0.0072893
-0.0099666
-0.0059185
-0.0036346
-0.0069886
0.0067638
-0.0078677
-0.0021496
0.0067281
0.0082524
-0.0054175
0.0052397
-0.0085449
-0.0076435
0.0098414
-0.0088055
-0.0085743
0.0018267
-0.0006296
0.0065084
-0.0072123
-0.0031205
0.0053677
-0.0087592
0.0050263
-0.001633
-0.004272
0.0005334
-0.0083267
0.0038375
0.0018538
-0.0009409
-0.0010455
0.0014236
-0.0004252
0.0006634
0.0040506
-0.0003279
-0.0012083
0.0086181
0.0021364
0.0060223
0.0091489
-0.0027957
0.0013522
0.0022282
0.0041327
-0.0066557
0.0087763
0.0046039
-0.004442
0.0057418
-0.0071337
0.004151
-0.0033785
0.0067871
0.0006318
0.000551
0.0097288
0.0095944
0.009256
-0.0054575
-0.0006522
0.0038129
0.0034341
-2.9e-6
0.0031562
-0.0016139
-0.0005582
0.0094207
-0.006944
0.0017906
0.0033105
-0.0094959
-0.0026482
-0.0040529
-0.0040266
0.0093422
-0.005178
0.008909
0.0013483
-0.0002205
-0.0013293
-0.0064679
-0.0086027
-0.0038122
0.001883
-0.0088463
0.0071348
0.0006127
0.0064054
-0.0052308
-0.0012616
-0.0099699
0.0043219
0.0032993
0.0088841
-0.0057436
-0.0087468
-0.0015705
-0.002415
-0.0005903
0.0038858
0.0061796
-0.0051861
0.0013311
-0.0016659
0.0036564
-0.002028
0.0078918
0.0016237
-0.0048583
0.006956
0.0030739
-0.0062808
-0.0047215
0.0026706
0.0082586
0.0030963
0.0032456
-0.0086567
0.0085803
0.0044563
-0.0058603
-0.0038069
-0.0025173
-0.0028366
0.0050508
-0.0040973
-0.0050853
3.1e-6
0.005863
-0.0079345
-0.0071867
-0.0086599
0.0027848
-0.0038565
0.0079369
0.0042801
0.0077415
0.0028026
0.0039513
0.0007472
-0.0072309
-0.0026577
0.0037009
-0.0093549
-0.0057255
0.0052191
0.0034157
0.0022047
-0.0050964
0.0031067
-0.0040932
0.0042988
0.0082875
-0.0028154
0.0046979
0.0062779
0.0091806
0.0046538
0.0040045
-0.0092391
0.0075134
-0.003381
0.0091369
-0.0073874
-0.009211
0.0028513
0.0052252
0.0059027
0.0087544
-0.0065181
0.0013172
-0.0036084
-0.0082646
-4.88e-5
-0.0028251
0.0027305
0.0009135
0.0020557
-0.0080396
0.0076525
0.0015343
0.0023837
0.004065
-0.003864
-0.0011748
0.0080017
-0.0080192
0.0010862
0.005578
-0.0075084
0.0072121
-0.0018303
0.0066995
0.0055055
-0.0082533
0.0021734
-0.0084738
-0.0081278
0.0096441
0.0042675
-0.0029685
-0.0060906
0.00195
0.0066947
