0.0070565
-0.0095687
-0.0074756
0.0018686
-0.00653
0.0087188
0.0009528
-0.0018594
-0.0008141
-0.0003292
0.0027484
-0.0003405
-0.0050757
-0.0011108
0.0092235
0.0015567
0.0055156
0.0058124
-0.009474
0.0076187
0.0034468
0.0081767
-0.0075957
-0.0077933
0.0015673
0.0012222
-0.0020847
0.0082312
0.0052486
-0.0037251
-0.0057176
0.0017598
0.0006541
0.0070937
-0.0091034
0.0002996
0.0039507
0.005277
-0.0046823
0.0075234
-0.0079663
0.0083917
0.0041389
0.0060318
0.0008244
-0.0016118
-0.0066414
-0.0051525
-3.7e-5
0.0082724
-0.0032855
-0.0012621
0.0027523
-0.0040389
-0.000717
-0.002528
0.0091568
-0.0087997
-0.0070154
0.0072754
0.0095143
0.0076252
0.0089447
-0.0065939
0.0024858
0.0026176
0.0077398
0.0041484
-0.0006581
-0.0011901
-4.54e-5
-0.0032443
-0.0007173
-0.0010586
-0.0098305
-0.0040411
-0.0033272
0.0054419
-0.0073974
-0.0023294
-0.0005358
0.0079069
-0.0061077
-0.0088841
-0.0061712
-0.0027798
-0.0023602
-0.0094781
-0.003241
0.0082333
-0.002668
-0.0041212
0.0060274
0.0073894
0.0098281
-0.0071644
0.0080169
0.0075371
0.0079973
-0.0099152
-0.0085914
-0.0044714
-0.0039723
0.0032527
-0.0098896
-0.0098294
-0.0058598
0.0098484
0.0051137
-0.0007338
-0.0070794
0.0040952
-0.0009399
0.0054197
-0.0043735
0.0002157
-6.96e-5
0.0011111
0.0080914
-0.0018002
0.0080819
-0.0038758
0.0002121
-0.0043386
0.0031928
-0.0039223
-0.0010165
0.0052919
-0.0015454
0.0084321
0.0044994
-0.0011742
0.0057197
0.0034829
0.0041448
-0.0011169
-0.0011533
-0.0062784
0.0066227
0.0065447
-0.0058166
-0.0076383
-0.0040288
0.0074999
0.0014811
0.0066496
0.0033572
0.0089185
0.0017593
-0.0045824
0.0024808
0.0082684
-0.0047046
0.004326
0.0058856
-0.0052775
-0.0023123
-0.0054882
-0.0037269
0.0099211
-0.000672
0.004274
0.0044417
0.0008988
0.005192
0.0073502
-0.0045006
-0.0008781
-0.0013948
-0.0019949
0.0014988
0.0024071
0.0042733
0.0021415
-0.0096659
0.0012362
-0.0092462
0.0005874
0.0005283
0.0086339
-0.0091669
-0.0055346
0.0032198
0.0081487
0.0010363
0.0006129
-0.0029104
0.0012044
0.00435
0.0054502
2.65e-5
0.0087389
0.0026727
-0.0098834
-0.0016835
-0.0021556
-0.0074189
0.0003086
0.005372
0.0047288
0.0083738
-0.0085878
0.0009329
-0.00778
-0.0040253
0.0026118
0.0081396
-0.0029115
0.0098897
-0.0043558
-0.0092759
0.0040589
-0.0063265
-0.0045167
-0.0093515
0.0063708
-0.0009802
0.0016888
0.0038766
-0.0068947
0.0007746
0.0065357
0.0052308
-0.0060535
0.0038079
0.0089673
-0.0074872
-0.0008809
0.0073972
0.0043927
0.0012616
0.0052478
0.0007436
-0.0084217
-0.0086535
-0.005544
0.0016023
0.0098524
0.0019979
-0.0055611
-0.008882
0.0061564
0.008424
-0.0009371
-0.0013031
0.0078319
-0.0062002
-0.0029351
-0.0073107
-0.0002314
0.0072628
-0.0002909
0.0072002
-0.0046076
0.0023397
0.0044278
-0.0059581
-0.000985
0.006443
0.0078484
0.002937
-0.0077088
0.0004717
0.0045376
-0.0060397
-0.0016864
-0.0012576
-0.0013835
-0.007853
-0.0076286
0.006211
-0.0008586
-0.0067667
0.0016342
-0.0007802
0.0002381
-0.0027239
-0.0051571
0.0014417
-0.0023904
0.0007486
0.0078469
-0.0011915
-0.009524
-0.0076729
-0.0039398
0.0005497
-0.0022565
-0.0061109
0.0090567
0.0062434
0.005045
0.005629
0.0038058
0.0022215
-0.0077915
0.0058675
-0.009057
-0.0034397
-0.0019641
-0.0092082
0.0051064
0.0057365
-0.00511
-0.0030011
-0.007544
0.0020343
0.0052192
0.0089065
-0.0038445
0.0075241
-0.0089719
0.0063564
-0.0091744
-0.0017078
0.0047479
-0.0089254
-0.0051153
-0.0065355
0.0098756
0.0085558
-0.0019637
0.0035783
-0.0094395
0.0039718
0.0080688
-9.32e-5
0.0049848
0.002132
-0.0045211
0.0065829
-0.008825
0.001174
0.0091938
0.0069122
0.0093828
0.0005407
0.0079936
-0.0061509
-0.0083652
0.0064922
-0.0029404
-0.0080179
0.0005204
-0.007526
0.0099612
0.0063064
0.000966
-0.007738
0.0093153
-0.0020637
0.0034436
0.0004938
-0.0084824
0.0069993
-0.0059471
0.0029824
0.0024258
0.0095061
0.001609
0.0024137
-0.0005736
0.0023191
-0.0082792
0.0067428
0.0041136
0.0003763
-0.0098774
0.0037177
-0.0083441
0.0056098
-0.0077363
-0.0009807
-0.0036433
-0.0081387
0.005026
0.0004868
0.0019102
-0.0056943
-0.0058477
0.0039976
-0.0084364
0.0087597
-0.0090886
-0.0019743
-0.0066364
0.0023595
0.0047448
0.0001151
0.007074
-0.0090892
-0.0006778
0.001279
0.0001376
-0.008309
0.0044201
-0.0010217
0.0074545
0.0090684
0.0045014
-0.0026286
-0.0010056
0.0077709
0.0025793
0.0019535
0.0013531
-0.0011731
0.0002268
0.0096676
-0.0051547
0.0083881
-0.0059942
0.0045076
-0.0096647
-0.0056067
-0.0002441
-0.0078801
0.0049927
0.0006851
0.0054971
-0.0061734
0.000977
0.0022257
0.0078091
-0.0091092
0.0088977
0.000292
0.0015918
-0.0016575
0.0091914
-0.00548
-0.0045971
0.0032623
-0.0094852
-0.0001582
-0.0057924
-0.0083075
-0.0025051
0.0083837
-0.0033321
-0.0072482
-0.009792
0.0055929
0.0067559
-0.0043405
-0.0009888
0.0052611
-0.0076177
-0.0001137
0.0098273
-0.0011844
0.003738
-0.007227
0.0098382
0.0039059
-0.0060909
0.0049817
-0.0013013
0.0082699
-0.0029853
-0.0028015
0.0080988
-0.0012944
-0.0099507
0.0072484
-0.0022311
0.0031152
0.0097763
-0.0062392
0.0039568
0.0083758
0.0050815
0.0056739
0.0089999
-0.0072243
0.008503
0.0044159
-0.0030362
0.0026408
0.0057637
0.0001286
0.0097597
0.00524
0.0021291
-0.0006095
0.0069178
0.001559
-0.0028133
-0.001702
-0.000541
-0.0024834
0.009133
-0.0006575
-0.0040489
0.0017441
