0.0044858
0.0083996
-0.0062061
-0.0078274
0.0031912
0.0051668
-0.0071538
0.0096556
0.0010065
-0.0087839
0.0096262
-0.0072373
-0.0062036
-0.0011067
0.0019608
-0.0001335
0.0092084
0.0097908
0.0007228
-0.0042934
0.0009762
-0.0038941
0.0027235
0.0086236
-0.0094374
0.0024586
0.0057888
0.0066247
-0.0090994
0.0094726
0.0003325
0.0051905
0.0020341
0.0019695
0.0028098
0.0021459
0.0063232
0.0041596
-0.0044771
-0.0071882
0.0016306
-0.0099336
-0.0077838
-0.0068062
-0.0081281
0.0038012
0.0008863
-0.0070272
-0.0055815
-0.003438
-0.0078638
-0.0005339
-0.0098159
0.0010581
-0.0051378
0.0091326
0.003338
-0.0007475
-0.0097612
-0.0063514
-0.0044886
0.0041281
0.0056056
-0.0032072
-0.00593
-0.0049197
-0.0011292
-0.0009946
-0.0064716
-0.0005405
-0.0039318
0.0082229
0.0030363
0.0097385
-0.0033038
-0.0001234
-0.0085143
0.008416
-0.0090629
-0.0027775
0.0078322
-0.0027897
-0.003986
-0.0090183
-0.0001692
0.0037953
-0.00792
-0.0001339
-0.0023104
0.0099999
0.0042665
-0.0027387
0.001831
-0.0016374
-0.0062643
-0.003411
-0.0032334
0.0085709
-0.0074401
-0.0049442
-0.0031659
0.005021
-0.0021938
-0.0081574
-0.0087784
0.0055963
0.0081439
-0.0032537
0.0058845
0.006188
-0.0077998
0.0098163
-0.0068681
0.0089522
0.0054466
0.0025229
0.0037473
0.0077512
-0.0013122
0.0078546
-0.0065029
-0.0013405
-0.0080584
-0.0093548
-0.0092085
0.0016621
-4.69e-5
0.006479
-0.0067152
-0.0030604
0.0054753
-0.0099991
-0.009058
-0.0067526
-0.0074771
-0.0018273
-0.00305
-0.003967
-0.0039732
-0.0041313
0.0018577
-0.002219
0.0068269
0.001774
0.006759
-0.0045126
-0.0029339
0.0098341
-0.0014955
-0.0045734
0.0072146
0.0096853
0.0021399
0.0061449
0.0067054
0.00126
-0.0009523
0.0099385
0.0047095
-0.0036645
-0.0016297
0.0072671
-0.0089762
-0.0072106
-0.0063128
0.0011327
0.0085076
0.0042292
-0.0091082
-0.0005467
0.0071635
-0.0066534
-0.0085413
0.0086942
0.004132
0.0098625
-0.0011449
0.0064302
0.0031088
-0.0083154
0.0071559
-0.0060438
0.0064987
0.0012035
-0.0037182
-0.0004104
0.0058308
-0.004264
9.28e-5
-0.003941
0.0019705
-0.0051515
-0.0031584
0.0026542
-0.0063822
0.0073214
-0.0028368
-0.0075703
-0.0008102
0.0048792
0.0017899
0.0048681
-0.0063193
-0.0039833
-0.0031897
-0.0021541
-0.0031909
0.0088079
0.001421
-0.0083515
0.0063877
0.0003032
-0.0007451
-0.0046773
-0.0073332
-0.0009452
-0.0083947
-0.007532
-0.0079499
0.0058865
0.0020346
-0.0012565
0.0062206
-0.0004738
0.0033342
0.0043999
0.0029124
0.0038425
-0.0040172
0.0048746
0.0058971
-0.0027949
-0.0002454
0.0037025
-0.0034933
0.0076807
-0.0056772
0.0078059
-0.006017
-0.0038774
-0.0015636
-0.0093649
0.0032768
-0.0069321
0.0030114
0.003371
-0.0080966
-0.0051986
0.0031244
0.0079695
-0.0059412
-0.0067228
-0.0074654
-0.0016821
-0.0050488
-0.0087323
0.0046823
0.0097675
0.0051912
0.0050066
-0.0062587
0.0055999
0.0035472
0.0073958
-0.0065312
-0.0027571
0.009282
-0.0013458
0.0009298
0.0088359
-0.0059066
-0.0047157
-0.0023302
-0.0014349
-0.0074513
-0.0029053
0.005953
-0.0094009
0.0079098
-0.0042717
-0.0020531
0.0014103
-0.000586
0.0074307
-0.0069662
-0.0064948
-0.0020076
0.0028153
-0.0046548
0.008901
-0.0076441
0.0096114
-0.0051305
-0.0088747
0.008939
-0.009365
-0.0074133
0.006792
-0.008176
0.0048348
-0.0027362
-0.0099162
-0.0043738
0.0063635
-0.0064825
-0.0092582
0.0045682
0.0008721
0.0031982
-0.0011736
0.0008607
0.0020944
0.0003142
0.0083229
0.005929
-0.0026374
0.0077427
-0.003062
0.0087661
-0.0011004
0.0011157
0.0091368
-0.0097449
0.0067877
0.0030683
-0.0018022
-0.0071106
0.0054302
0.0038304
-0.0029609
-0.0047265
-0.0059959
0.0024478
-0.0014392
-0.0072482
-0.0066001
0.0084921
-0.0013741
0.0022931
-0.0061352
-0.0021304
-0.0032001
0.0073602
-0.0063076
-0.0030847
-0.0072307
0.0069719
-0.0011913
0.0011156
0.0097259
-0.0095656
-0.0052182
0.0031673
-0.0086749
-0.0024555
0.0013541
0.0092775
0.0069011
0.000386
0.0077145
0.0065395
0.0083759
0.0064939
-0.0074554
-0.0047049
0.0021046
0.0024242
-0.0003126
-0.0095625
0.0027587
-0.0005904
-0.0081029
0.0030901
-0.0084623
0.0064856
0.0021927
-0.0051741
-0.0044972
0.0070786
0.0094871
-0.0066367
-0.0022681
-0.0073068
0.0010828
0.0039672
0.0076213
0.0093062
0.0056127
0.0023367
0.001675
-0.0092131
0.0014444
-0.0008717
0.0085025
-0.0051821
-0.0005958
-0.0060944
-0.0096857
0.0069606
0.003853
-0.0076558
-0.0067301
-0.0096424
-0.0059919
-0.005959
-0.0007939
0.0058049
0.0084365
-0.0066013
-0.001301
-0.0057792
0.0014668
-0.002502
-0.0018687
-0.0050203
-0.0046526
0.005794
-0.0041776
-0.0092155
-0.0040091
-0.0069631
-0.0019473
-0.0039956
-0.0024616
0.0097326
0.0084959
0.0082674
-0.0010741
-0.0049564
0.0008944
0.0008724
0.0026712
0.0079178
0.0079674
0.0088157
-0.0083961
-0.0074619
0.0058012
-0.0052028
0.0097086
0.0069069
0.0032715
-0.0038399
0.0086947
-0.0006799
0.0014339
0.0092514
0.0042394
0.0034287
0.0012478
-0.005827
-0.0042426
-0.0044598
-0.0020467
-0.000884
-0.0098366
-0.0042835
-0.0049446
-0.0060433
-0.0036953
-0.0036653
-0.0060878
-0.0041871
0.00244
-0.0062543
-0.0038231
-0.0030503
0.001046
0.0076361
-0.008271
-0.0028226
-0.0082277
-8.0e-5
-0.002489
0.0031832
0.0022664
0.0010231
0.0075361
0.0024758
-0.0064039
-0.007257
-0.0048461
0.0081287
0.0045071
-0.0017982
-0.0052578
-0.0050235
0.0085791
0.0025822
-0.0034357
0.0036821
-0.0062125
0.0046092
0.0078727
-0.007118
