-0.0079838
0.0066396
0.0014027
0.0057276
0.0098529
0.0096661
0.0015831
-0.0008199
-0.0003442
0.0046607
-0.005867
-0.0058192
0.0004912
-0.0088696
-0.0031293
-0.0055196
-0.0082969
-0.0097794
0.0026907
0.005556
0.0069595
-0.0086804
-0.0066639
0.0016531
0.0021555
-4.0e-7
0.001071
0.000476
0.0011714
0.0084513
9.4e-5
0.0071583
-0.0043674
0.0076075
-0.005222
0.0069058
0.0099766
-0.0036382
1.92e-5
0.0033451
-0.0018566
-0.0009281
-0.0059527
0.0026952
-0.0056434
-0.0022775
0.0067653
-0.0089411
0.0014364
0.0028265
-0.0011271
-0.0059654
0.0086161
-0.0019584
0.0021341
0.0069048
0.0049156
0.0075987
-0.0063394
-0.0004684
0.0064405
0.0059971
0.0015329
-0.0072736
-0.0046652
-0.0016652
-0.0008526
0.0023399
-0.0077728
-0.0090531
0.0008954
0.0068299
0.0030481
-0.003647
-0.0056274
0.0060766
-0.0036958
-0.0057928
0.0007139
-0.0075708
-0.0016411
-0.0034647
0.0010443
0.0088319
0.0012662
0.0066148
-0.0097644
0.0085693
0.0049724
9.99e-5
-0.0092867
-0.0060308
0.0030029
0.0027912
0.0064443
0.008199
0.0087041
0.0012847
0.0069491
0.0081998
-0.007542
-0.0015821
0.0090536
0.0068612
-0.0078008
0.0088549
-0.0030531
0.0031262
0.000462
-0.0013419
0.0002926
1.38e-5
-0.0090237
0.0084905
0.0017677
-0.0053334
0.000124
-0.0098737
0.0088847
-0.0067354
0.0036427
0.0078157
0.0033535
-0.0032794
0.0012056
0.0069813
-0.0009169
0.0083096
-0.0094555
-0.0012718
-0.007203
0.0041782
0.0003257
0.0007612
0.0003439
-0.0019605
0.0075343
0.0090291
0.0021527
0.0064185
-0.0051283
0.0091686
-0.0027041
0.0096725
-5.74e-5
-0.00458
0.0023298
0.0099823
-0.0043922
0.0071961
0.0001825
-0.0078367
-0.0010519
0.005896
0.009208
-0.0064018
0.0021486
-0.0033048
0.0043466
-0.0065617
0.0091119
0.0065633
0.0073179
0.0078404
-0.0022363
0.0074469
-0.0041729
0.0020389
0.0037288
-0.0093167
0.0015686
-0.0070439
0.0011974
-0.004178
0.0021955
0.0062681
0.0061521
0.0084122
-0.002712
0.0057075
0.0099709
-0.0015648
-0.0031821
0.0056197
4.56e-5
-0.0051724
-0.000776
0.0041125
0.0080507
0.0035942
0.0013479
-0.0069444
0.0032538
0.0030914
0.0053311
0.0042307
-0.0080378
-0.0079115
0.0090247
-0.0034293
0.0092427
-0.0094937
-0.0027927
-0.0051955
0.0093133
0.0021823
0.0079487
-0.00385
0.0099028
-0.0054846
-0.0005392
7.49e-5
-0.0001932
-0.0099245
0.0005157
0.000209
0.0077038
-0.0025084
0.0015248
-0.0039856
0.0047458
0.0011575
0.0087728
0.004836
-0.0096646
0.0036582
0.007661
-0.0022976
-0.0099317
-0.001133
-0.0063476
0.0073272
-0.006733
0.0072168
0.0076248
0.0035241
-0.0032966
-0.0040131
0.0045169
-0.0069466
0.0093955
-0.0048369
-0.0072315
-0.0059252
-0.0023408
0.0056458
0.0023843
-0.0013072
-0.0086754
0.0099368
0.0080299
-0.0006382
-0.0079328
0.0003451
-0.0053589
-0.0004803
0.0010873
0.0006861
0.009442
0.0096256
0.0059999
-0.0064399
-0.0050465
-0.005132
0.0033296
-0.0076925
-0.0022378
-0.0030191
-0.0072799
0.0032777
0.009435
0.0082599
0.0037804
0.0020546
-0.0042062
-0.0083699
-0.0077998
-0.00746
-0.0062548
0.0076888
0.0019703
-0.0098253
0.0022907
0.0080457
-0.0076077
0.0081012
0.0076112
-0.0071285
-0.0032129
0.0041498
-0.0001308
0.0043263
-0.0021662
-0.0010885
0.0004769
0.0017801
0.0008548
-0.0082643
-0.0005968
0.0071487
0.0031657
0.0043582
0.0061845
0.0028798
0.0023173
-0.0055699
-0.0065957
0.0042893
-0.0086811
-0.0038655
0.0052248
0.0099544
-0.0078476
-0.0019171
-0.0021296
-0.0044792
0.0048199
-0.0095628
-0.0094985
0.006793
0.008494
-0.0025061
-0.0001038
-0.009429
0.001199
0.0059614
-0.0052715
-0.0089051
0.0096417
-0.0076402
-0.009862
0.0020734
-0.0005311
-0.0096977
-0.0014185
-0.0088191
0.0021737
0.0098561
0.0034523
0.001273
-0.0077168
0.0097129
-0.0066332
0.0022126
-0.0090074
-0.008412
0.0072325
-0.0036265
0.0016489
0.008958
-0.0090483
0.0068721
-0.0041701
0.0048967
-0.0042793
-0.0044005
-0.0074015
0.0047371
-0.0010415
-0.0074507
-0.0080396
-0.0012632
-0.0009425
0.0065588
0.003036
0.0022571
0.0041177
0.0085693
-0.004091
-0.0095093
0.0022377
-0.0052522
-0.0095428
0.0038453
-0.0095683
-0.0053824
-0.0040864
0.0071293
-0.00616
0.0076411
-0.0008351
0.0047841
-0.0004341
-0.0015563
0.0014979
-0.0066389
-0.0025525
0.004359
-0.0049556
-0.0027178
-0.007486
0.000356
-0.0059867
-0.0058659
-0.0065553
-0.006473
0.005631
-0.0098343
0.0023545
0.0098844
-0.0024827
-0.0050765
-0.0028785
0.0050464
-0.0047909
0.0045914
-0.0006048
-0.0039668
0.0076943
0.0002143
0.0057085
0.0011266
0.0048727
-0.0028838
0.0006653
-0.0058351
0.002332
-0.0026267
0.0024396
0.0025281
-0.001347
-0.0046111
-0.0079022
-3.5e-5
0.0039029
0.008943
0.0042428
-0.0091475
-0.0078608
0.0055556
-0.0008015
0.0093869
-0.007627
0.0082627
-0.0066306
-0.0058417
-0.0099519
-0.0078036
0.0033012
-0.0040476
0.0068067
0.0018484
0.0024981
-0.0034103
0.0045508
0.0057362
-0.0024908
-0.0084405
-0.0045075
-0.007254
0.0079528
-0.0044485
0.0002028
-0.0048438
0.0050284
0.0068546
-0.0088091
-0.0008815
-0.0019613
0.0037989
0.0042094
-0.0081058
-0.0003903
-0.0045475
-0.0060449
-0.0075381
0.0034363
-0.0023818
0.0090072
0.0074199
-0.0055632
0.0061322
-0.0006628
-0.0028669
0.0006619
0.0001105
0.0003486
0.0087924
-0.0070145
-0.0017351
-0.0028882
-0.0056292
0.0020591
0.0097716
0.0013866
0.0092086
-0.0063835
0.0091631
-0.001723
-0.0032563
-0.0078441
-0.0042794
-0.009442
0.0016116
0.0043756
