-0.0072664
0.0075749
-0.0037582
0.0039396
-0.0062662
0.0052914
-0.008284
0.0003303
0.0080785
-0.0059241
-0.0073753
-0.0069383
0.0026807
-0.0096734
0.0039634
0.0036009
0.0045831
-0.0024397
-0.0028383
-0.0014223
0.0042941
-0.002185
0.003352
-0.0022471
0.0085093
0.0051743
0.0098881
-0.0071623
-0.0084998
-0.000905
-0.0010217
0.0095933
0.0005334
-0.0073526
0.0015692
0.0011308
-0.0006989
0.0042908
0.0052183
0.009052
0.0076622
0.0061666
-0.000741
-0.0078954
0.0069091
-0.0019841
-0.0055271
0.000851
-0.0055997
0.0004775
-0.0023568
0.0031158
-0.0078038
-0.0032016
0.006845
-0.0033642
0.0050054
-0.0014076
0.0036951
-0.0021068
-0.00293
0.0042534
-0.0015418
0.0073216
0.004626
0.0015472
-0.008378
0.0093855
-0.0045038
-0.002599
0.0013855
0.0059984
-0.00835
-0.0075534
0.0026411
-0.0029369
0.000113
-0.0099693
-0.0021995
-0.0041796
-0.0044591
0.0035667
0.0025736
-0.0048524
-0.0020302
-0.0086779
-0.0046376
-0.0067621
-0.0006183
-0.0043661
0.0051469
-0.0083391
0.0066867
-0.006476
-0.0078367
0.0093481
0.0012011
0.0002007
0.0049594
-0.0070691
0.0086946
-0.000305
-0.0024597
0.0078737
-0.0049459
-0.0094843
-0.0062127
-0.0090871
0.0041171
0.0017889
-0.003701
0.0025094
0.0074132
-0.0041596
0.0036177
-0.0066283
0.0068348
0.0043522
0.0064935
-0.0038528
-0.0028195
-0.0067459
-0.0042506
-0.000348
0.0063678
0.0045772
0.0012816
-0.0017797
0.0094485
0.0022189
-0.0065511
0.0074957
0.0042723
0.0082741
0.006104
0.000452
-0.0098563
0.005759
-0.002924
0.0093358
-0.0030342
-0.006298
0.0069123
0.0033121
0.001452
0.0062052
0.0036399
-0.0014374
0.0042464
-0.0058149
0.0037408
-0.0030649
-0.0009165
-0.0068311
0.0058708
-0.000489
0.0058618
-0.0046997
-0.0077151
0.0080543
-0.0026837
0.0045096
-0.0006836
-0.0077697
-0.0067453
-0.0061372
-0.0092682
0.0017438
-0.0057268
-0.000713
-0.0004611
-0.0081084
-0.0081248
-0.0033802
-0.0048773
-0.0039156
0.0095039
0.0025883
-0.0039373
0.009243
0.0062654
0.0075576
0.0011189
0.0074771
0.0035435
0.0096194
-0.0086562
-0.0061093
0.0096609
0.0061219
0.0010466
-0.0017793
0.0053153
-0.0066932
0.0039545
0.0069892
-0.002605
0.0046931
0.0013389
0.0040752
-0.0038697
0.0080095
-0.0076874
0.0064021
-0.0075977
0.0055946
-0.0054358
-0.0028709
0.0099128
-0.0077895
0.0056973
-0.0069611
-0.0081211
0.0060104
0.0088307
-0.0002647
-0.0069944
0.0075595
-0.0046526
-0.0023809
-0.0004653
0.0050578
-0.0085868
0.0033883
-0.0087264
-0.0001172
0.0006415
-0.0040765
0.0075979
-0.0041303
0.0094741
-0.0065532
0.006627
0.0033754
-0.0064263
-0.0060843
-0.0074393
-0.0071244
0.0088333
0.0084729
-0.0034164
-0.0063717
0.0029457
0.0012423
0.00592
0.0064548
0.0050677
-0.0025764
0.0059202
-0.0045245
0.0013879
0.0021235
0.0043518
-0.001571
-0.0034476
-0.0076485
0.0049579
-0.0038294
0.0040332
0.0014194
-0.0090051
0.0077981
-0.0031374
-0.0070742
0.001291
-0.0058714
0.0003194
0.0085691
0.0029565
0.0077209
0.0034214
-0.0050354
0.0015794
0.0024313
0.0005849
-0.0064769
-0.0080879
-0.0026968
-0.0086071
-0.0042944
0.0092248
-0.0098467
0.0026119
-0.0013909
0.0096575
-0.0095483
-0.0031195
-0.0034326
-0.0058178
-0.0071726
-0.0026072
0.0082797
0.0033223
0.0052037
0.0029984
0.0046307
0.000876
-0.0045526
-0.0071203
0.0024989
-0.0066437
-0.0047313
0.0010034
-0.0002169
-0.0030536
-0.0045422
-0.0047228
0.0050253
-0.0035864
-0.0037184
-0.0010146
-0.0043105
-0.0091287
0.0019141
0.0002418
0.0090121
0.0048217
-0.0095733
0.0084008
-0.0068728
0.006979
-0.0004234
-0.0098317
0.0043157
-0.0076973
0.0010815
-0.0057863
-0.0052769
-4.16e-5
0.002968
0.0063987
-0.0074186
-0.006563
-0.0013255
-0.0029001
-0.0089083
0.0047512
0.0028405
0.0083715
-0.0002188
0.0069305
0.0053393
0.0039254
0.0052305
-0.0098448
-0.0089789
-0.0073853
-0.0086827
0.0030666
-0.0013309
-0.0003936
0.0027236
0.0070037
-0.0087668
0.0012543
-0.0091457
9.6e-6
0.0061897
-0.002578
0.0071937
0.0028599
0.0021651
-0.000139
-0.0096968
-0.0075745
6.73e-5
-0.0026823
0.0004463
-2.77e-5
-0.0038069
-0.0008857
-0.0052281
-0.004635
-0.0023768
-0.0094415
0.0063619
0.0054879
0.00406
-0.0074565
0.000619
-0.007514
-0.0021105
-0.0092762
0.0089393
0.0030686
-0.0082768
0.0023363
0.0076351
-0.0091123
-0.0078107
0.0090822
0.0036717
-0.0013651
0.0004209
-0.0087857
-0.005587
0.0093048
-0.0047948
0.0048181
0.0065726
-0.0083352
0.004726
-0.0093002
0.0034881
-0.0003897
0.0069042
-0.0008667
0.0039543
-0.0029772
-0.0033918
0.0097946
-0.0062245
-0.0044335
0.0052786
-0.0047978
0.0068977
0.0042971
0.0064659
0.0021477
7.5e-5
-0.0023603
-0.0070395
-0.0017658
-0.0081375
-0.0030393
-0.008391
0.0033435
-0.0041745
0.0062066
0.0002212
0.0038982
0.0031619
-6.34e-5
-0.0073299
0.0086193
0.0024865
-0.0027374
0.0077678
-0.0091711
-0.0001304
0.0062236
-2.83e-5
0.0058668
-0.0032567
0.0043491
-0.0006353
0.0055358
0.0054977
0.0077561
0.0010179
0.008987
-0.0035137
-0.0073271
0.0053791
0.006914
0.0057136
-0.0037476
-0.0069482
-0.0022331
0.0071987
0.0032613
0.0031815
0.0015021
-0.0079905
-0.0060345
0.0003687
-0.0023089
-0.0076674
-0.0059937
-0.0010653
0.0079686
0.0010444
-0.0060093
-0.0024617
0.0085244
0.0005591
-0.0072379
-0.0060982
7.0e-6
-0.0099024
-0.0073498
0.0046798
-0.008497
0.0041629
0.0038268
-0.0026646
0.0038051
0.0096511
-0.000886
-0.0056614
0.007666
0.0014495
0.0050038
-0.0080971
0.001629
