0.0034118
-0.009048
-0.0020852
-0.0069649
-0.007104
-0.0018199
-0.0092189
0.0025848
-0.0053898
0.0063105
0.0030612
0.0028654
-0.0003248
-0.0084417
0.0062283
0.0088341
0.0026458
0.0041846
0.0015107
-0.0039245
0.0035147
0.0060074
-0.001192
-0.0031312
-0.0071461
0.0016985
-0.0038689
0.0072095
0.0075538
-0.0078991
-0.0048302
0.0039556
-0.0065742
-0.0007859
0.0035632
0.0037784
-0.0079155
-0.0062657
0.0026372
0.0073728
-0.0047426
-0.0016614
0.0060498
-0.009311
0.0040994
0.0015806
-0.0037278
-0.0030698
-0.0022298
0.0093549
0.0078678
0.008638
-0.0024262
0.0012412
0.0099947
0.0052405
0.0009984
0.0047374
0.008911
0.0041581
-0.0098405
0.0080189
-0.0005479
0.0097638
0.0032086
0.0060681
0.0076736
0.0006506
0.00916
-0.0064421
-0.0030377
0.0069633
-0.0016299
0.0037612
0.0073405
-0.0010146
0.0088605
-0.0046896
-0.0071509
0.0006517
-0.0070174
0.0061856
0.0070263
0.0043877
0.0058648
-0.0063037
0.0047893
-0.0096385
0.0027177
0.004862
-0.0048206
-0.0017689
-0.0073656
0.0057735
0.0018295
-0.0070098
0.0032915
0.0051694
0.0038906
-0.0018251
0.0031191
-0.0044968
-0.0015258
-0.0042222
-0.0007816
0.0006265
-0.0051009
-0.0068786
0.0075566
-0.0012259
0.0024972
-0.0085241
0.0071017
-0.0013225
-0.0014837
-0.009004
-0.0012442
-0.0016067
-0.000222
-0.0035204
-0.0016287
0.0034836
0.0011244
-0.0062907
-0.0043975
-0.0098566
-0.008191
-0.0086401
-0.0022248
-0.002866
0.0037759
-0.0012751
-0.0087222
-0.0091575
0.0073171
0.0073155
-0.0037111
0.0043094
0.0055604
-0.0003716
0.004301
0.0089462
-0.0002163
-0.0089465
-0.0090167
-0.0038957
0.0033971
0.004397
0.0023425
0.0060663
-0.0011531
0.0067101
0.0018858
0.0038746
0.0012853
0.0084622
0.0042595
-0.0028853
0.0044413
-0.009073
0.003762
-0.0080009
-0.0045396
0.009104
0.0011012
-0.0033134
-0.0069499
-0.0066389
-0.0002908
-0.003501
0.0003463
-0.0043262
0.0076656
0.0072557
0.0052271
0.0082957
-0.0037662
-0.0046688
0.0024768
-0.0096244
-0.0052871
0.002206
-0.0003349
0.001932
0.0069371
0.0095492
0.0080595
-0.0035334
0.0079894
0.0004287
-0.0046609
-0.0013406
-0.0045552
-0.0042152
0.0080192
-0.0002143
0.0078757
-0.0091853
-0.0004503
-0.0015161
-0.0058787
0.0044336
-0.0019387
-0.0093985
0.0087758
0.0007067
-0.0024028
0.008923
0.0087288
-0.0096583
0.0071208
0.0009707
-0.0031403
-0.0028519
0.006269
-0.0001673
-0.0036849
-0.0007731
-0.0049462
0.0032158
0.0041699
-0.0050251
0.0075458
-0.0055525
-0.0057127
-0.0084297
-0.0022309
-0.0036059
0.0060855
0.0084845
-0.0080529
-0.0071763
-0.0007734
-0.0080972
-0.0005723
-0.009757
-0.0077815
-0.008531
0.005167
-0.0073871
0.0013462
0.0081606
-0.0060169
0.0013326
0.0006613
0.0046297
0.0087148
0.0063664
-0.0089836
0.0044993
0.0083077
0.0061201
-0.0056563
-0.0078721
-0.0059882
0.0075944
0.0050743
-0.0011073
-0.000922
-0.0028553
0.0049754
-0.001591
0.0069887
0.0026063
-0.0087678
0.0018454
0.0073149
-0.0003867
-0.0063982
0.0095692
-0.0041077
0.001513
-0.008987
-0.0034352
-0.0050658
0.0042263
-0.0002025
0.005604
-0.0017737
0.0021569
-0.0089658
-0.0065844
-0.0083306
0.0077084
-0.0017129
0.0051888
-0.0059129
-0.0036984
0.0030925
-0.005728
-0.0040668
-0.0008295
0.0021525
0.0059406
0.0032365
0.0015984
0.0085324
0.0061752
-0.0041887
0.0049605
-0.0059666
-0.0084238
0.0097268
-0.0063211
-0.0001401
-0.0096156
0.0036923
-0.0019098
-0.0080947
-0.0059758
-0.0028021
-0.0056128
0.0068561
0.0095577
-0.0090116
-0.0037436
0.0006144
-0.0083113
-0.0035115
-0.0070369
-0.0033113
-0.0025773
-0.0096348
0.0080835
-0.0008548
0.0064842
-0.0054282
-0.0026168
0.0023574
0.0007538
-0.0052997
-0.0075465
-0.0054273
0.0012912
0.0087446
-0.0081488
-0.0044623
0.0029267
-0.0063272
0.0032055
0.0034135
-0.0097006
0.0068959
-0.0047387
0.0037484
0.0055085
-0.0090156
0.0066598
0.0085764
-0.0099439
0.0078996
0.0019634
0.0075956
0.0085597
-0.0026249
-0.0073166
-0.0055935
0.0029453
-0.007647
0.0054247
-0.0011183
0.0011858
-0.0015291
0.0019246
-0.0011845
-0.007666
-0.0080136
0.0064686
-0.0086365
-0.0024475
0.0052958
-0.0076058
-0.0027671
0.0065464
0.0076602
-0.0057028
0.0044821
0.0034998
0.0025039
0.0088299
-0.0086153
-0.0039686
0.0024243
0.0018563
-0.003022
-0.0079627
5.7e-6
0.0008178
0.0011951
0.0020974
-0.0038333
-0.00656
0.0023195
-0.0040093
0.003054
-0.0091711
0.0047351
0.0044369
0.00255
0.0011824
0.0072492
0.0031294
-0.00417
-0.0070581
0.003393
0.0017285
-0.0081342
0.0083295
-0.00407
-0.002903
-0.0043767
0.0044967
0.0068264
0.0095707
0.0050264
-0.0040045
-0.0067386
0.0084533
0.0080852
-0.0065987
-0.0036961
-0.0089178
0.0005308
0.0067425
-0.0053828
0.0054953
-0.0044512
0.0029522
-0.0038886
0.0047161
0.0011879
-0.0043935
-0.0095347
0.006767
0.002817
0.0038684
-0.007948
-0.0083504
0.0082577
0.0011736
0.0043887
-0.0093614
0.0040463
-0.0010031
-0.0034211
0.0098302
0.0019387
0.0051922
0.0011961
0.0097539
-0.0052756
0.0007599
-0.0073561
0.0075496
0.0050598
0.0043979
-0.0035136
0.0041291
-0.0053225
0.0051163
-0.0066544
0.0078156
0.0018038
0.0013227
-0.0087528
-0.0030233
0.0096655
0.002743
-0.0015097
0.0099653
0.0020734
0.0003288
0.0022847
0.003787
0.0021119
0.006409
0.0085133
-0.0018282
-0.0039644
0.0046721
-0.0014505
-0.0001418
-0.0006129
-0.0061627
0.0038969
0.0087082
0.0056051
-0.0070838
2.83e-5
-0.0068198
0.0015101
-0.0003775
0.0097931
-0.0069686
-0.0037777
