-0.0086218
-0.0069653
-0.0035819
-0.006752
0.0076659
0.002937
0.0037662
0.0081125
-0.0054141
0.0083303
-0.0017414
0.0072522
0.0004009
-0.0086037
-0.0091558
0.0016382
0.009675
0.0004694
0.0083048
0.0001569
0.0014459
0.0032795
-0.0013334
0.0037819
-0.0059092
-0.004992
-0.0018649
0.0045363
-0.0093772
-0.0067122
0.0009706
0.0006505
-0.0022429
0.0035967
0.0082207
0.0083281
0.0028482
0.0001769
0.0015017
-0.005611
-0.0044184
-0.0004808
-0.0074083
0.0087719
0.0012616
0.0040462
0.0011535
0.0027741
0.0036919
0.0015638
-0.0058533
-0.0024583
0.0086435
0.0038813
-0.0052348
0.0069895
0.0068523
-0.0056701
0.0092195
-0.0045053
0.0096531
-0.0013229
0.0020909
0.0075478
0.0013987
0.0013119
-0.0086931
0.0013936
-0.0058697
0.0094317
0.0002386
-0.007858
-0.0049704
-0.0081092
0.0009132
0.0012781
0.0041304
-0.0083637
-0.0031978
0.004418
-0.0098982
-0.0008984
-0.0089343
0.0098082
-0.0065317
-0.0005073
-0.0037766
-0.0020774
-0.0046074
0.0075034
0.0012118
0.0022811
0.0013713
0.0014599
0.0001652
-0.0005382
-0.0067281
-0.0033532
0.0086444
0.0029445
0.0060991
0.0035263
-0.0052729
0.0073048
-1.03e-5
0.0026327
0.0070776
0.0040206
0.0028962
0.0035876
0.0050596
0.0065188
0.0061121
-0.0090002
-0.0082313
-0.0019762
-0.0084844
-0.0083312
-0.0012391
0.0042273
-0.0045549
-0.0025484
0.0028291
0.00789
-0.0097279
-0.0009159
-0.0056504
-0.0039492
0.0042087
-0.0060794
-0.0063109
0.0046341
0.0005646
-0.0020696
-0.0031794
-0.005946
-0.0047409
0.0009489
0.0046636
-0.0058965
0.0092171
0.0088579
-0.0017337
0.0081367
-0.0017193
-0.0046086
0.0016366
0.0083223
0.0034391
0.0044713
-0.0060581
0.0012932
0.0036017
0.0003116
-0.0097832
-0.005809
0.0002697
0.0037851
-0.0014394
0.0022783
-0.0018826
-0.0065301
0.0040045
0.0081876
0.0060929
-0.004394
-0.0063883
0.0039215
-0.0030345
0.000117
-0.0073375
0.0047771
-0.0099948
-0.0018834
-0.0013375
-0.0087947
-0.007537
0.0005542
0.0051164
0.002236
0.0041292
0.0070832
0.0026571
0.009162
0.0010842
-0.0050714
-0.0086047
-0.0055915
-0.0085479
5.23e-5
0.0093027
-0.0006899
-0.0041943
0.0075834
-0.0036976
-0.0027413
0.0065543
0.0034094
0.0024557
-0.005954
0.0044066
-0.0013525
0.0067621
-0.0061842
-0.0092882
0.0084886
-0.001691
0.0014532
0.0027839
0.0045809
0.0089772
-0.0047374
-0.0078638
-0.0041962
-0.0052331
0.0039194
0.0081001
-0.0097987
-4.44e-5
0.0016522
0.0002599
-0.0023927
0.0034709
0.0077803
0.0032802
0.0006836
-0.0030426
0.0062178
-0.0055988
-0.0088207
-0.0037209
-0.0010926
-0.0034506
-0.0075467
-0.0041114
0.0005822
0.0019763
-0.0014858
-0.0076729
0.0037058
-0.0093614
-0.0002846
-0.0026144
-0.0055301
-0.0056701
-0.008675
0.0019967
0.0046948
-0.0022679
-0.0013728
-0.0049195
0.007126
-0.0078266
-0.0071126
0.0062864
0.0022185
0.0034329
0.0059376
-0.0075154
0.0095467
0.0027472
-0.0064774
-0.0036757
0.0052441
0.0011475
0.0003562
0.0025612
0.0001095
0.0045593
0.0027499
-0.0088534
-0.0044962
-0.0033403
0.0013179
0.0062111
0.0027389
0.0069017
-0.0059479
0.0025865
0.0073952
-0.0051277
-0.0044475
0.0067577
-0.002887
-0.0020868
-0.0018238
0.0089107
0.0005768
0.0086976
0.0057886
-0.0019194
0.0010449
0.0017176
-0.0001265
0.0003134
0.0048892
-0.0074153
-0.0011824
0.0086865
0.0017743
-0.0078566
-0.0052707
0.0010083
0.009106
0.0079156
-0.0093315
-0.0096227
0.0049815
0.0031235
-0.0011471
0.0049485
0.0032538
-0.0063517
-0.0031581
0.0007626
0.0085589
-0.0079849
-0.0001235
-0.0054871
-0.0058721
0.009179
0.0084837
-0.0095894
-0.0073128
0.0028746
-0.0078115
0.000961
0.0001796
-0.0084341
0.0047412
0.0001359
-0.007834
-0.0040642
0.0091704
-0.0044048
0.0087514
-0.00917
0.0029039
0.0038797
0.0091416
0.0003901
0.0023479
-0.0077591
-0.0041563
0.0070355
-0.0050252
0.0047777
0.0024335
0.0031258
-0.0010192
-0.0064615
0.0066255
-0.0050607
-0.0002727
-0.0034244
0.0070742
-0.0022202
-0.0083064
-0.0031235
-0.0092607
-0.0025042
0.0023332
0.0017037
0.0011966
0.0052906
0.0029829
-0.0084791
-0.006085
0.0030863
0.0046866
0.0062653
-0.0004552
0.0017816
-0.0045641
-0.0040266
-0.001996
0.0087108
-1.11e-5
-0.0084925
0.0087246
-0.0081861
-0.0013784
-0.0008133
0.006956
-0.0074076
-0.0032803
0.0051275
0.0003566
-0.0037661
-0.0042785
0.0093778
-0.0037642
-0.0099744
-0.0086073
0.0039687
0.0081959
-0.0009121
0.007863
0.0050609
0.0079122
-0.0032935
0.0056708
-0.0010617
0.0042783
-0.0059378
0.005126
-0.006349
-0.0001872
-0.0082176
-0.0036299
-0.0071851
-0.0056962
-0.0086132
0.0029143
0.0074434
0.0006126
0.0041008
0.0037076
0.0049833
-0.0042016
0.0032267
0.0026761
0.0010804
-0.0044273
-0.0060961
9.8e-6
0.0097726
0.0047092
-0.0046976
-0.0020539
0.0081383
-0.0032352
-0.0096929
-0.0036955
0.0049595
-0.0066397
0.0041571
-0.0049396
-0.0004067
-0.0042355
0.0048301
0.0009764
-0.0037532
-0.0071162
-0.0029425
0.0028821
-0.0081862
0.0067458
0.0071605
0.0025521
0.0086693
0.0008094
-0.0078471
0.0002704
0.0027611
0.0023331
0.0012077
0.005123
-0.0012223
0.0052982
0.0081779
0.0019065
0.0034119
-0.0077653
0.0017947
0.0067365
-0.0080373
-0.0054197
0.005097
-0.0019603
-0.0006605
0.0091585
0.0002
0.0053845
-0.0012827
-0.0046087
0.0036216
-0.0088478
0.0097063
-0.0069171
0.0003673
-0.003235
-7.56e-5
0.0009717
-0.0007128
0.0046593
2.48e-5
-0.0029767
0.001318
-0.0016807
0.0001093
-0.0039104
-0.0052323
0.0085641
-0.0045837
