0.0027607
-0.0086751
0.0098177
-0.0077329
-0.0066404
0.0012374
-0.0077434
-0.0070469
-0.0029888
-0.0063516
-0.0034478
0.0048367
0.004442
-0.0022196
0.0041384
0.003201
-0.0095677
0.0010163
0.0053491
0.00615
-0.0057678
-0.0083877
0.0070654
-0.0039601
-0.0080934
0.0094061
-0.0015694
0.0009108
-0.0013536
-0.0034959
-0.0084977
0.0079167
0.0028016
-0.0080301
0.0023178
0.0013537
-0.0043105
-0.0058759
-0.0028757
-0.0086865
0.0028034
-0.0093043
0.0067806
0.0028617
0.0084674
-0.0060374
-0.0033164
0.0051069
0.0049456
-0.0077023
0.0081776
0.0083019
0.0087482
0.0021881
-0.0002144
0.0029731
-0.0035985
0.0061168
-0.0062221
0.0041313
0.0087878
-0.0017181
0.0086081
-0.0089196
0.0018728
-0.0008281
0.0031575
0.0089616
-0.0022676
0.001917
0.0017913
0.0085778
0.0011788
0.0021467
-0.0022989
-0.0008199
-0.0013603
0.0056901
-0.0087303
0.007073
-0.0046275
-0.006024
0.0075781
0.0024818
-0.0025906
0.0065012
-0.0070426
-0.0028434
0.0054412
-0.0058632
0.0094584
0.0097139
-0.0071695
0.0082138
0.0013428
-0.0020152
0.0095903
0.0073481
-0.0040475
-0.0076601
-0.0015183
0.0050298
0.0069189
0.0066457
0.0095331
-0.0068308
-0.0011879
-0.009458
-0.0018407
0.0046368
-0.0066734
0.0059053
0.0033735
0.0027532
-0.0066323
-0.0046467
0.0075212
0.0011402
-0.0028719
-0.0059828
-0.0001975
-0.0019111
-0.0007843
-0.008407
0.0092843
-0.0013915
-0.0051396
0.0037326
0.0033919
-0.0057995
0.0086644
0.0082912
-0.0096153
0.006681
-0.003527
-0.0005245
0.0099514
-0.0065742
-0.0024429
0.0069317
-0.0009758
0.0029313
-0.002655
-0.0094921
-0.0060228
0.0092121
-0.0040737
0.0034124
-0.0086878
0.0087704
-0.0066753
0.0045022
-0.0063162
0.0070164
-0.0073042
0.0067984
0.0009097
0.0023203
0.0011296
-0.0027852
-0.0072434
0.0045397
0.0019227
0.00691
0.0004445
0.0068874
0.0055457
0.0059204
0.0072009
0.0090406
0.0058678
0.0052992
-0.0075847
-0.0026162
0.0012152
-0.0004717
-0.0044177
0.009818
0.0065375
-0.0046054
-0.0070845
-0.003151
0.0003734
-0.003876
0.0010289
0.004889
0.0054141
0.0012004
-0.006769
0.0034108
0.0037796
-0.0043183
-0.0018249
-0.0079345
0.0091092
0.000433
-0.0013448
0.001811
0.0049621
-0.0093862
-0.0078611
0.0093283
-0.0033599
0.0060112
-0.009517
-0.0075248
-0.0084317
-0.0030023
0.0011856
0.0094784
0.0035951
-0.0028997
0.0057234
0.0005058
0.0015115
0.002656
-0.0016918
0.0081442
0.0048719
0.0091814
-0.0029162
0.0059733
0.008322
-0.0093334
0.0064129
0.0049716
0.001563
0.0011355
-0.0074683
0.0010252
0.0042836
-0.0004547
-0.0089258
-0.0048319
-0.0026194
-0.0093979
-0.0089585
-0.0089042
0.0080453
0.0087419
-0.0062962
-0.0047254
0.0068537
-0.0064296
0.007642
0.0024089
0.0070248
-0.0042113
0.0068397
0.0082808
-0.0067469
-0.0055532
0.0002357
0.0052146
-0.0055827
-0.0062518
0.0056705
-0.005712
-0.0047905
0.0085838
-0.0036997
0.0010632
-0.002074
-0.0007248
0.0015059
0.0012454
0.0020999
-0.0059725
0.0024624
0.0054581
0.008362
0.0038327
-0.007642
-0.0069938
0.0016892
-0.0036063
0.0075458
0.004253
-0.0003969
0.0023956
-0.0034758
0.0045632
0.001347
-0.0046655
-0.0080866
-0.0090499
0.0017418
0.0094772
0.0065223
-0.0015057
-0.0014283
0.0022382
0.0070296
0.0021081
0.0023725
-0.0033247
-0.0010424
-0.0099414
-0.0038926
0.0023067
-0.0086198
-5.0e-6
-0.0089441
0.0005675
-0.0037712
-0.0020864
0.0063471
-0.0073051
0.0057793
-0.003286
-0.0099895
0.0035048
-0.0051925
-0.0087761
-0.0028017
0.0081581
0.0092661
-0.0005146
-0.0045356
-0.0046747
0.0036237
0.0063637
0.0096554
0.0058388
4.15e-5
0.0023258
-0.0015882
0.003077
0.0003625
0.0018641
0.0022977
-0.0039633
-0.002737
0.0096338
0.0052889
0.0018258
0.0007469
0.005431
0.0091109
-0.0072119
0.0016909
-0.004771
-0.0033293
0.001777
-0.0087393
-0.0075413
0.0068548
0.0087354
-0.0050469
0.003935
-0.0031266
0.0057851
-0.0093803
-0.0029186
0.0052963
-0.0091316
-0.000257
-0.0001128
-0.0037795
0.0016847
0.0011576
-0.000919
0.0045742
0.0050385
-0.0017735
-0.0055833
-0.0068621
0.0044267
0.0036066
-0.0076329
0.0066205
-0.0018975
-0.0002852
0.0043702
0.0099915
-0.0094518
0.0051891
-0.0072866
0.001642
-0.0001945
0.0077324
0.000934
0.0058577
0.0020916
-0.0027262
-0.0086124
0.0075557
-0.0067164
0.0090612
0.0036794
0.0098722
0.001479
0.0032352
0.0080841
-0.000678
0.0062751
0.0035972
0.0070308
0.0035732
0.0011368
-0.0025068
0.0065549
-0.002866
-0.0017469
0.0055784
-0.0095214
-0.0068461
-0.0080365
-0.0064385
0.005305
0.0074417
0.0076173
-0.0024889
-0.0040721
-0.0075851
0.0051257
0.0007412
-0.0096684
-0.0075926
0.0047909
-0.0049882
-0.000653
0.0016708
0.0055602
0.0039508
0.0083583
0.0007761
-8.9e-5
0.0092002
-0.0005381
-0.0047225
-0.0035105
0.0054292
0.0097691
0.005938
-0.0084563
0.0051704
-0.0003861
0.0072998
0.0031175
0.0056721
0.006308
-0.0014783
-0.0073212
0.0070145
-0.0085697
-0.0019747
-0.006825
-0.0098084
-0.0075975
0.000387
0.0073363
0.008868
0.0097141
0.0032151
0.0054325
-0.0008071
-0.0051934
0.0040197
-0.0048501
-0.0076563
-0.0091321
0.0076406
0.0059637
0.0093671
-0.0051508
0.0044381
-0.0011066
0.0056474
-0.0049203
-0.0032912
-0.0054709
0.0014261
-0.0060245
0.0042267
-0.0046337
-0.006462
-0.0069212
0.0041086
0.0005384
0.0035606
-0.0050592
0.0089518
0.0031217
0.0009149
0.0083427
0.0002133
-0.0075851
0.0096903
0.0041412
-0.0062502
-0.0036838
0.0009655
-0.0053724
-0.0078471
