0.0006471
-0.0092938
-0.0055525
-0.0060748
-0.0076235
0.0066086
-0.0014073
0.000218
0.0054425
-0.0070958
-0.0044711
0.0018285
0.0057088
0.0055625
0.0009783
-0.0095806
-0.0029607
-0.0048773
0.0090194
-0.005574
0.0036439
-0.0051397
-0.0037237
-0.0036616
-0.0098616
-0.0001963
-0.0003255
-0.004651
-0.0056402
0.0049078
0.0094588
0.0035032
-0.0010324
-0.0055183
0.0047335
0.0098235
-0.0066422
0.0078052
-0.0023821
0.0019558
-0.0055312
-0.0007025
-0.0024824
-0.0053216
-0.0002155
-0.0040364
0.0002967
-0.0025164
-0.0070053
-0.006588
-0.0066502
0.0028095
-0.0092301
0.000375
-0.0006459
0.0017181
-0.0070697
-0.0075953
-0.0059476
0.0082927
-0.0005105
-0.0054158
-0.0051343
0.002818
0.006759
-0.0070864
0.0015208
0.0062438
0.0057249
-0.0019401
-0.0094297
-0.0063779
0.0065216
-0.0076332
-0.0005626
-0.0072972
-0.0012807
0.0077042
-0.0039899
-0.0024421
0.0012241
-0.0084308
-0.0046902
0.0018666
-0.0087017
-0.0041518
-0.0093431
-0.0061795
-0.0084886
0.0016053
0.0007333
-0.0070319
-0.0045765
0.0059302
0.0071369
-0.0058802
-0.0082397
0.0022554
-0.0041845
-0.0027635
-0.0074425
0.0087713
0.0083649
-0.0092942
-0.003865
0.0061861
0.0035749
-0.0038359
0.000345
0.0096631
0.0059413
0.0080912
-0.0032814
-0.007348
0.0067858
-0.0023776
-0.0057524
-0.0074229
-0.0017091
-0.0032594
-0.0041796
-0.0037577
0.0010489
-0.0068161
0.0090245
0.0042916
0.0047244
0.006278
0.0057111
0.006747
-0.0013677
0.0034423
0.0080651
-0.0040045
-0.0031344
0.0017613
0.0033766
0.0029172
0.0072268
0.0049186
0.0068111
-0.0027401
-0.0087445
0.0016547
0.0062134
-0.0012441
-0.0010491
0.0008618
-0.0060246
-0.0050666
-0.0077281
-0.0062039
0.006949
-0.0009352
0.0010012
-0.0001549
0.0052364
0.0049841
-0.0018133
0.0090413
0.004891
-0.0044619
0.0009422
-0.0038095
-0.000213
0.0095495
0.0088125
-0.0051695
0.0058946
0.003236
0.0040701
-0.0083457
0.0040976
0.0054344
0.0005493
0.0042431
-0.0051236
0.0071904
0.0078313
0.0003854
-0.0083486
-0.0044554
0.0058348
0.0048782
-0.0055645
-0.0002282
0.009699
0.0053863
-0.0014687
0.0033245
0.0029462
0.0047655
-0.0066022
0.0056647
0.0078111
0.0010986
-0.0055534
-0.0010693
-0.0082741
-0.001361
0.0067723
0.0054255
0.0030305
-0.0022074
0.0027445
-0.0066452
0.0038819
-0.0043886
-0.0014211
0.0036701
0.0027458
0.009665
0.0069965
0.0097942
-0.0055181
-0.0015142
0.0057303
-0.0065949
0.0039031
-0.0043138
0.0006999
0.0086577
-0.0043498
-0.0045265
0.0040419
-0.0054906
-0.0089821
-0.0095473
-0.003049
-0.0087674
-0.0078524
-0.0007646
-0.0017785
-0.0012559
-0.005317
1.08e-5
0.0021551
0.0013445
0.0074352
0.0072738
-0.0039936
-0.0002783
-0.0096111
0.0044083
-0.0047146
-0.0031126
-0.0063708
0.0081321
-0.0049394
-0.0014319
0.0052542
0.0077667
0.0089755
-0.0035749
-0.0009429
0.0055965
0.0057223
0.0072271
0.0004939
0.0061699
0.0009824
0.0068208
0.002978
-0.0009475
-0.0060527
-0.0089245
0.0084017
0.0058187
-0.0077769
-0.0076002
0.0066421
-0.0069679
-0.0065548
0.0022977
-0.007189
-0.0036552
-0.005277
-0.0053994
0.0067303
0.0030271
0.0008296
0.0010544
-0.0065834
-0.0054445
-0.0010858
0.0094382
0.0028725
0.0016971
0.0098637
-0.0041139
0.0005059
0.0024958
0.0062528
0.0034163
0.0011673
-0.0044671
0.0002912
0.0090694
-0.0050741
-0.003198
-0.0060319
0.0098866
0.0037784
0.0033329
-0.0004167
0.0019701
-0.0032154
0.0093269
-0.0045998
0.0031206
0.0089515
0.0065253
-0.0028143
0.0095498
0.004932
-0.0059646
-0.0057594
0.0040452
-0.0095085
-0.0085348
-0.0059246
0.0077634
-0.0040277
0.002561
0.0021127
-0.0053522
0.0030924
-0.002757
-0.0073578
0.001413
0.0096603
0.0007429
-0.0097291
0.0042684
-0.0095787
-0.0031755
-0.0001421
0.0093055
-0.0067535
0.0019681
0.009758
0.0056556
0.0065193
0.0094277
0.0009312
-0.0078369
0.0055123
0.0084652
0.0067752
0.0050796
-0.003283
0.0098053
0.0062891
-0.0088603
0.0094642
-0.009786
0.0017077
0.0097975
0.0010959
0.0053567
-0.0085423
0.0050385
5.8e-6
0.001045
-0.003762
0.0069437
0.0031294
-0.0088575
-0.0014142
0.0032535
-0.0053329
0.0002417
0.0081901
-0.0076141
0.0073575
0.0095378
0.007601
-0.0031982
0.0019019
0.0082974
0.0005321
-0.0063167
0.0089497
0.0036297
0.0083672
-0.0044813
-0.003622
-0.0081369
-0.0085055
-0.0063085
-0.0043927
0.0066469
0.0067965
0.0039138
-0.0056181
-0.0089934
-0.0052647
-0.0016204
-0.0047704
0.0066753
0.0078808
-0.0008388
0.0010521
-0.0020948
-0.0025059
0.0037736
0.0051371
0.0094688
0.003318
0.0017527
0.008113
0.0021564
0.0093466
-0.0020513
-0.005092
0.0084236
-0.0080659
0.0020645
0.0047778
-0.0071881
-0.0087681
2.56e-5
0.0070919
0.0047854
0.0083655
0.0026937
0.0080731
-0.0068694
-0.0070766
0.0056483
-0.0025043
0.0006118
-0.000216
-0.0003732
0.0081489
-0.0033211
-0.0079046
0.0035093
0.0016875
-0.0011478
-0.0036262
0.0047715
0.0004002
-0.0094029
-0.0033062
-0.0022821
0.0083586
-0.0032022
0.0007298
0.0072293
0.0082012
-0.0027995
-0.0099232
0.0006182
0.009278
-0.0008984
-0.0016156
-0.0038876
0.0057288
0.006247
-0.0057068
0.0056423
-0.0076316
-0.0084373
0.0099919
0.0085084
0.0080599
0.005244
-0.0060618
-0.0099133
0.0011132
0.0006274
-0.0070052
-0.0068915
-0.0069833
0.0046243
0.003111
0.0043758
-0.0043541
0.008921
-0.0024658
-0.0096801
-0.001648
-0.0019135
-0.0078269
0.0044844
0.006461
-0.0091351
0.0066847
0.0008061
-0.0082468
0.0087039
0.0031494
0.0016074
0.0069276
