-0.0043798
-0.0088806
-0.0042624
-0.0040784
0.0003408
0.0047851
0.0032586
-0.0089458
0.0054894
0.0020025
-0.0010404
0.0086097
0.0041806
-0.0007835
-0.0035576
-0.0010088
-0.0088055
0.0016781
4.08e-5
-0.0025299
0.0077141
-0.0089643
-0.0068271
-0.0027355
0.004482
0.0020821
-0.0045314
0.0078576
-0.0004462
0.0053287
-0.0087994
0.0082769
0.0051817
0.0003962
0.0080958
0.0047641
0.00036
0.0057463
0.0050462
-0.0011174
0.0025828
0.0062934
0.0038889
0.0068993
-0.004357
-0.0072969
-0.0094132
-0.0096298
0.0017707
0.0026745
0.0008736
0.0048818
-0.009081
0.0034954
-0.003554
0.0079272
-0.0053128
-0.0039299
-0.0073095
0.0093625
-0.00365
-0.0050663
0.0056652
-0.0035921
0.0034551
-0.0044624
-0.0087526
-0.0047899
-0.0081695
-0.007499
-0.0039761
-0.008784
0.0027244
-0.0075485
0.0050136
0.0050882
0.0063129
-0.0065476
0.0053627
-0.0043603
0.0087389
0.0045314
-0.0030521
0.0046255
-0.0041839
0.0016536
0.0023111
-0.0046756
-0.0048462
0.0092092
-0.0058944
0.0020676
8.2e-5
0.0059296
0.0091118
0.0047257
0.0041334
-0.0071194
0.0069233
-0.0082289
0.0020424
0.0027355
-0.0040337
0.0060167
0.000121
0.0040576
-0.0037685
-0.0006256
-0.0017781
-0.0033217
-0.0089258
-0.005839
0.0019109
-0.0078746
0.0012498
-0.0014857
0.0036963
0.0042224
-0.0008815
0.0044311
-0.0033106
-0.0008552
0.0066467
-0.0060117
0.0060461
-0.0019018
-0.0002444
-0.0096144
0.0083281
-0.0046082
0.0043371
0.0038558
-0.0088848
-0.0043773
0.0045664
0.0093499
0.0008303
-0.0077427
-0.0096912
-0.0035448
-0.006088
0.009594
0.0076522
-0.009695
0.0028532
0.0092337
-0.0014661
-0.0085748
-0.0061879
-0.0063923
-0.0080266
0.0091003
-0.0048551
0.0084075
-0.005836
-0.003616
-0.0077309
0.0025779
0.005909
-0.0069102
-0.0099253
-0.0066186
-0.0039447
-0.0041658
-0.0084269
-0.0093562
0.0062817
-0.0038779
0.0050342
-0.0031429
0.0047969
-0.0093086
-0.0072123
-0.0001548
-0.003754
0.0013416
0.0025158
-0.0010878
-0.0078149
0.0058786
0.0085173
-0.0062269
-0.0031289
0.0009589
0.0033052
0.0052564
-0.0004357
-0.0081079
0.0062211
-0.0050485
0.0014534
-0.0013827
0.0038583
0.0062368
-0.0086329
0.0043088
-0.0072496
-0.0034004
0.0088725
0.0096253
0.0054955
0.0057004
-0.0059852
-0.0044013
-0.0068393
-0.0035198
-0.009961
-0.0080157
-0.0040891
0.0018078
-0.0045404
-0.0074521
0.0042238
-0.007458
0.0038679
-0.0004792
-0.0017686
-0.0026876
0.0019891
0.0039071
-0.00226
-0.0081607
-0.0097758
0.0034021
0.00287
-0.0041148
-0.0066213
-0.0055953
-0.0006274
0.0061915
-0.0012946
0.0016381
-0.0030537
0.0071096
-0.0042698
0.0069207
0.0035669
0.0099876
-0.0026565
0.0042946
0.0098396
0.0054725
0.0008594
0.0028348
-0.0037695
-0.0019129
-0.0042695
-0.0062795
-0.0013856
-0.0067848
-0.0093375
-0.0090335
0.0060469
0.001104
0.0028836
-0.0004225
-0.0050389
-0.0053285
-0.0007268
0.0041286
0.0004309
-0.0005801
-0.0022626
7.02e-5
-0.0024746
-0.0088862
0.0079893
-0.0029102
0.0064089
-0.0009597
0.0041364
-0.0083837
-0.0017516
0.0069565
-0.0080798
0.0009879
-0.0035733
-0.0031211
-0.0045612
-0.0019297
0.0041719
-0.0068579
-0.0098915
0.0076532
0.0065669
0.0005352
0.0015828
-0.0040234
0.0086922
0.0049976
-0.0054379
-0.0064591
0.0020994
0.003745
-0.0024139
-0.0035566
0.0099048
-0.0087358
0.0036005
-0.0032054
-0.0089725
0.0031615
0.0089091
0.0091664
-0.0045293
-0.0021952
-0.0032589
0.001416
0.0029561
0.0091477
-0.0053748
-0.001789
0.0091837
-0.0017437
-0.0060875
0.0091552
-0.0050453
-0.0031886
0.001668
-0.0090156
-0.0049743
-0.0093133
0.0011556
0.001763
0.0010056
-0.0012631
-0.0051442
0.0062589
-0.0068473
0.0063601
-0.0026237
0.0028285
0.0032321
0.0064417
0.0012632
0.0029621
-0.0092761
0.0077359
-0.0013831
-0.0043883
0.0010575
-0.0094088
-0.0078299
-0.0053864
-0.0007161
0.0028189
0.0098223
0.0091483
-0.0091363
-0.00961
0.0078263
-0.0009824
-0.0076499
-0.0050568
0.0026298
0.0066142
0.0073074
0.0065529
0.0008817
-0.009146
-0.0043367
0.0069994
0.0018983
0.0078273
0.0040058
0.0034267
0.0007271
0.0080043
0.0049416
-0.0093615
0.0011452
-0.0093901
0.0005849
0.0046085
0.0007596
0.007946
-0.001875
-0.0015414
-0.0057321
-0.0077382
0.0070524
-0.0058816
0.0040142
-0.0083096
0.0045422
0.0087458
0.004351
0.0045215
-0.0042215
0.0065915
-0.0058188
-0.009158
0.0093491
0.0062073
0.003857
0.0013949
0.0037162
-0.0038175
-0.009692
0.000304
-0.0067723
0.0078486
-0.007411
-0.0019924
-0.0058342
-0.0031398
-0.0049589
0.0079301
-0.0093012
0.0013593
-0.0098975
-0.0066818
0.0047225
-0.0039307
0.004967
-0.0097986
0.0050204
0.0036525
-0.0003477
-0.0063763
0.0028511
0.0039821
0.0030346
0.0046878
-0.0028431
-0.0009635
0.0057242
-0.0047244
-0.0080667
0.0012982
-0.0076132
0.0019604
0.0088048
0.0032794
-0.0098486
-0.0085519
0.0017784
0.0073027
0.0091371
0.0061064
-0.0032692
-0.0030051
0.0087571
-0.0070508
-0.0044602
-0.0062363
-0.0006131
0.0095017
0.0061154
-0.0006508
0.0092199
-0.0059391
0.0073654
0.0019354
-0.008841
0.00377
0.0047352
-0.0079289
-0.001785
0.0053417
0.0040279
-0.0048136
-0.0081618
-0.0046308
-0.0015693
0.0060208
-0.0069941
-0.0057929
0.0001946
0.0026989
-0.0027216
-0.0072966
0.0042704
-0.0039957
-0.0080564
-0.0029349
0.0041439
-0.0083461
-0.0051984
0.0085562
-0.005517
-0.0067722
0.0018602
-0.0032223
-0.0067747
0.0032027
0.0009744
-0.0009045
-0.0067805
0.0073533
-0.0011179
0.0043315
0.0086555
0.0040476
0.0095688
