0.001114
0.0083288
-0.0056687
-0.0093744
-0.0011091
-0.0078519
0.0091855
-0.0042582
0.0098424
0.0071005
0.0087878
0.0064436
0.0040701
-0.0050012
0.0044181
-0.0072597
0.0091774
-0.0052035
-0.0016991
0.0073493
-0.0091464
-0.0099631
0.0049717
-0.0006222
-0.0027965
0.004716
0.0095059
0.0022459
-0.0062805
-0.0070608
-0.0037272
-0.0046235
0.0002647
0.0087451
-0.0041681
0.0038032
0.0027864
0.0019714
-0.0028669
0.0031468
-0.0022269
0.0008262
-0.0006018
-0.0058013
0.0005766
0.0010293
0.0065776
0.0050561
0.0085242
-0.0072683
-0.0038679
-0.0068564
0.0030152
-0.0040442
0.0017026
-0.0098316
0.0060215
-0.0010568
-0.0023491
-0.0098857
0.0004678
0.0050458
-0.0035373
0.0057182
0.0010605
-0.0075296
0.0083374
-0.0049955
-0.0056643
0.0089331
0.0067666
-0.0088939
-0.0087283
0.0076086
0.0024512
0.0031784
0.0031862
0.0085088
0.0095626
-0.0075951
-0.0020487
0.0096166
0.0027687
-0.0024179
0.0096027
0.0095322
-0.0042744
-0.0002937
-0.0029661
-0.0032525
-0.0063888
-0.0050456
0.0099696
-0.0020747
-0.0044085
-0.0005833
-0.0063197
0.0085481
-0.0010187
0.008236
-0.0049222
-0.0077323
0.0016615
0.0017694
-0.0041143
0.0009656
-0.0034401
-0.0084447
0.0099834
0.008806
-0.0028845
-0.0066942
0.0043619
0.0040133
-0.0039435
-0.0089432
-0.0091436
-0.0072568
0.0054243
-0.0034321
-0.0081335
-0.00596
-0.0076737
-0.0024414
-0.0077504
0.0080329
-0.0076864
0.0063604
0.0074245
-0.0017891
0.0068869
0.0035497
0.0003694
-0.0066188
-0.0074216
-0.0089852
0.0065104
-0.0076597
-0.0049957
-0.0027339
-0.0009413
-0.0002436
0.0014185
0.0055366
-0.002026
0.0059031
0.0033803
-0.0055252
5.38e-5
0.005169
0.0078425
-0.0082165
-0.0081052
0.0011861
-0.0054798
-0.0052113
-0.0027279
-0.0024545
0.0010474
-0.006514
0.0045767
0.0093951
0.0079023
-0.0024296
-0.0081721
0.0053658
-0.0031739
-0.0099436
0.0049264
0.0095837
0.0074062
0.0088058
0.0063598
-0.0075303
0.0008738
-0.0016136
-0.0070563
-0.005777
0.0075758
0.0056301
0.0029172
-0.0092704
0.0073353
-3.1e-5
-0.0010751
-0.0028773
0.0012264
0.0093255
0.0053737
0.0011272
-0.0082227
0.0038898
-0.007804
-0.0037269
-0.0007463
0.000956
-0.0042279
0.0030766
0.0075975
-0.0038724
-0.0082538
0.0015344
-0.0017768
0.0058926
-0.0024153
0.0006891
0.0078648
0.00043
0.0056538
-0.0066189
0.0048665
0.0007673
-0.0008668
-0.0031594
0.0012756
-0.0080378
-0.0098102
-4.52e-5
-0.0094828
-0.0017298
-0.0032608
-0.0004052
-0.0097124
0.0011234
0.0032753
-0.004445
0.0018052
0.0021132
-0.0004818
0.0023495
0.0004457
-0.0023675
-0.0033013
-0.0039515
0.0048783
0.0014367
0.003142
-0.0039444
-0.0066509
-0.0077312
0.0089615
0.0040504
0.0090128
-0.00507
0.0010797
-0.0011042
0.0076473
-0.0001558
-0.0098346
0.0068912
-0.0096496
0.0076105
-0.0052375
-0.0086825
-0.0086742
-0.0043526
0.0020317
-0.0007211
-0.0040754
-0.0086494
-0.0041083
0.0078248
0.0076058
0.0035611
-0.0094032
0.0011859
-0.0008298
-0.0061942
-0.0092636
0.0055026
-0.0063783
-0.0085433
-0.0076199
-0.0046202
-0.0026517
0.0079843
0.0029351
-0.0006994
-0.0018433
-0.0063171
-0.0015416
0.0094771
0.0041751
0.0083584
-0.000319
0.0075406
0.0035634
-0.0082376
-0.0039598
0.0065028
0.0024856
0.0067094
0.0088503
-0.0017241
0.003574
-0.0096514
0.0052668
-0.0071926
-0.0036368
-0.0089974
2.58e-5
-0.0053016
0.0062781
0.003593
-0.0065207
-0.009508
0.0082443
0.0040326
0.001053
0.0090818
-0.0049294
-0.0060725
-0.0062762
0.0029682
0.0079044
-0.0029659
0.0002772
0.0033335
-0.0024582
-0.0082233
0.0092109
-0.000666
-0.0039681
0.0073441
0.0032192
-0.0097053
0.0051822
-0.0048588
0.0044816
-0.0099767
-0.0046358
-0.0011262
-0.0079736
0.0076915
0.0092561
-0.0023253
-0.0061269
0.0026731
-9.81e-5
-0.00155
0.0086532
-0.007811
0.0078256
-0.0028538
0.0026661
0.0034118
-0.0002108
-0.0097372
-0.0072116
-0.0058239
-0.0054058
0.0048962
0.005674
0.0016701
0.007957
-0.000436
-0.0039097
0.007505
0.0081408
-0.0008655
0.0005934
0.0066594
0.0072393
-0.0058861
-0.0088271
-0.0068641
-0.0044535
-8.06e-5
0.0088874
-0.0014915
0.0095775
0.0011491
-0.0089593
0.0046672
0.0053724
-0.0053343
-0.0048915
0.0092586
-0.0001751
0.0040243
0.0080676
0.0007757
0.0078604
-0.0029715
-0.003811
-0.0072858
-0.004907
0.0044527
0.0035907
0.0047531
0.0042662
-0.00232
0.0028287
0.0028129
-0.006204
0.0098359
0.0012878
-0.0082653
0.0083104
0.004472
0.0080383
8.33e-5
0.0012865
0.003137
-0.0033334
-0.0082979
-0.0023031
0.0056203
0.0001004
-0.0015431
0.0089945
0.0003555
0.0079743
0.0031357
-0.0071245
-0.0075941
-0.0050699
-0.0085472
-0.005967
-0.0040859
-0.0002421
-0.006751
0.0048064
-0.00419
-0.0098281
0.0093336
0.0086418
-0.0063116
-0.0060053
-0.0016255
0.0081092
0.0018518
-0.001561
0.0089553
-0.0038762
-0.0023372
0.004791
0.0099625
-0.0082898
0.0045457
-0.0006158
0.0016901
-0.0032538
0.0091381
-0.0037568
-0.0057828
-0.0031977
0.0085248
-0.0053176
0.0080405
-0.0067834
-0.0069505
0.0041514
0.0031023
0.002513
-0.0004027
0.002366
-0.0061336
0.0066653
-0.0073691
-0.0073078
0.0063695
0.0053434
0.0012028
-0.0045915
-0.0053135
-0.0002713
-0.0086588
-0.0061563
0.0014952
-0.0089499
-0.0010986
0.0004929
-0.0055461
0.0099671
-0.0061209
0.0009385
-0.0021069
0.0061818
-0.0049805
0.0021509
0.0089831
0.0051919
0.0060165
-0.0024025
-0.0083863
0.0099552
-0.0094
-0.0066206
-0.0091311
0.0046998
-0.0085624
-0.0046164
-0.007767
-0.0063973
