-0.008128
-0.0057182
0.0079953
-0.0023283
0.0099889
-0.0052358
0.0055736
0.0076357
0.0029866
0.0026303
0.0074237
0.0098394
0.0035392
0.0090312
-0.0017183
-0.0030914
0.0071859
0.0069257
-0.000886
-0.006878
0.0092698
-0.0014055
0.0059954
-0.0006963
0.0076961
-0.0036742
-0.0018763
-0.008835
-0.0008461
-0.002594
-0.0061694
0.0052388
-0.0002978
0.0028958
0.0044901
-0.0078489
-0.0012201
-0.000312
0.0043811
-0.0099355
0.0013584
0.0016434
-0.0025731
8.91e-5
-0.0062299
-0.004547
-0.0055362
0.0082567
-0.0036592
0.0065928
0.0082551
0.0085688
0.0097738
0.0017512
0.0039308
0.0047494
-0.0023346
-0.0028132
0.0031831
-0.005572
-0.0056109
0.0047559
0.0046816
-0.0051537
0.0053655
-0.0059534
-0.0097799
-0.0004922
0.0082531
0.0071569
0.0057455
-0.0081458
0.0075746
-0.0023854
-0.004024
0.0079112
-0.001625
0.0045415
-0.0095182
0.0078917
0.0012743
0.0029732
-0.0069852
0.0058029
0.0095192
-0.0071302
0.0033904
0.0031993
0.0097234
-0.0075849
-0.0068886
0.0006096
0.0012771
-0.0052158
0.0057779
0.0090721
0.0092095
0.0089084
0.0080048
0.0004793
-0.0075277
-0.0047433
-0.0055085
0.0074961
0.001926
-0.0014484
-0.0065214
-0.0054168
-0.0048922
0.0029618
0.0095879
-0.0012981
-0.0078071
-2.82e-5
0.0056406
-0.004932
0.0009319
-0.0084463
0.0080033
0.0032716
-0.0071134
-0.0076486
-0.0005147
0.0029094
0.0028208
-0.0028341
-0.0077884
0.0092674
0.0056502
0.0056421
0.0055402
0.0008529
-0.0009203
-0.0011776
-0.0015894
0.0092664
-0.002304
0.0030711
-0.0066697
0.0033518
0.0018527
-0.0083251
0.0082143
-0.0049756
0.0081879
0.0091478
-0.0046091
-0.00434
-0.0065757
-0.0005192
-0.0035417
-0.0031794
0.0027507
0.0021753
0.00504
0.0066626
-0.0005322
0.0044229
-0.0056715
0.0095141
0.0057315
0.0078862
-0.0056122
0.0021226
-0.0031536
0.0021759
0.0027157
0.000108
-0.0071136
-0.0020157
0.006435
-0.0041648
-0.0093222
0.0062776
0.0003067
0.0003363
0.0027806
0.0089318
-0.0022058
-0.0096141
-0.006868
-0.0087421
-0.0070061
-0.0025463
-0.0027235
-0.0031485
0.0018039
-0.0003492
-0.0054911
-0.0047147
0.0085818
-0.005448
0.0065886
-0.0096846
0.0041973
0.009423
0.0068124
-0.0047066
-0.0088321
0.0081468
-0.0022311
0.0020889
-0.0022889
-0.0091122
-0.0067882
0.0034927
-0.0078354
-0.0092866
-0.0056384
-0.004107
-0.0051375
-0.0035706
-0.0081903
-0.0039694
-0.0044894
0.0023583
0.0036875
0.0088978
0.0027517
0.0056804
0.0051118
0.0041866
-0.0054424
-0.0068676
-0.0084698
0.006889
0.0071406
0.0057395
-0.0036927
-0.0041013
-0.0013595
-0.0085733
-0.005941
0.0048001
-0.0069955
0.0090542
0.0040228
-0.0009227
0.0065726
0.0084195
-0.0054529
-0.0095359
-0.0013932
-0.0001253
0.0008892
0.009635
0.0049411
-0.0015241
-0.0023082
0.0046707
0.0043035
-0.0094342
-0.0085488
-0.0093681
-0.0070974
-0.007114
0.0033846
-0.0047532
0.0061261
0.0050284
0.0093876
0.0093074
0.0033867
0.0033184
0.0008088
0.0087542
0.000726
0.0033487
-0.0011557
-0.0063868
-0.0070174
-0.0035776
0.0028998
0.0057993
0.0098474
0.0072702
-0.002445
-0.0098439
0.0016233
-0.000978
-0.0039785
-0.0010293
0.002489
-0.0069779
0.0067691
-0.0003781
-0.0013704
0.0078107
0.0036393
0.0072605
0.0020277
0.0015007
-0.0055276
0.0067919
0.0020292
0.0018938
0.0003074
0.0002545
0.0094956
0.0007411
-0.0067286
-0.0010082
-0.0065796
0.0059769
-0.0062508
-0.0003665
0.0044731
-0.003095
-0.0052309
-0.0074095
-0.0020724
-0.0057794
-0.006967
-0.0033199
0.0043549
-0.006893
0.0099384
0.0002692
0.0076606
-0.0077289
6.1e-6
-0.0060084
-0.0042539
-0.0003878
-0.0063739
0.0061596
0.007744
0.0056214
-0.0077081
-0.0056325
0.0008596
-0.0096499
0.0057739
0.009413
-0.0080639
-0.0027916
-0.0013483
-0.003591
0.003056
-0.0066694
-0.0032063
-0.0092303
-0.0001589
-0.0040566
0.0029585
-0.009772
-0.0034105
0.0093837
0.0018948
-0.0042649
-0.0060143
-0.0034702
0.0063207
0.0046156
0.0094485
-0.0080979
-0.0079772
0.0050635
0.0032963
-0.0070774
0.0079129
-0.0069571
0.004447
-0.0084847
-0.0013292
-0.0093643
-0.0089062
-0.0073861
0.0047721
0.0049956
-0.0058545
-0.0028739
-0.0012198
-0.0075676
-0.0050419
-0.0061506
0.0086045
0.0057225
-0.0095165
0.0090258
-0.0029207
-0.0083428
-0.0008411
-0.0030896
0.007585
0.007477
0.0077743
-0.0066647
-0.000771
0.0062704
0.0020301
0.0062997
0.0020164
-0.000206
-0.0056474
0.009639
0.006472
-0.004939
-0.0081749
0.0014379
-0.0093484
-0.0047327
0.0080619
0.000349
0.0097178
0.0094379
0.009084
0.0073867
-0.0013208
-0.0062325
-0.0087018
0.009079
0.0035278
0.0084173
-0.0057451
0.0065274
0.0038608
0.0060655
-0.0002125
0.006318
-0.0013111
-0.0057296
-0.002146
-0.0054591
0.0007912
0.0059213
-0.0018336
-0.0011273
0.0055872
-0.003826
-0.0080366
0.0050305
0.0050461
-0.0038976
0.0070867
0.0002708
0.0069727
-0.0087299
0.0075398
0.0009948
-0.0073285
4.33e-5
-0.0063647
-0.0015689
0.0050205
0.0068669
0.0067422
0.0014665
-0.0090793
-0.0074075
-8.39e-5
-0.0099084
-0.0017029
0.0064174
0.0066949
0.0009653
0.0031696
-0.0051302
0.0013025
-0.0003026
-0.0087723
0.0011908
-0.0029989
0.0083471
0.001873
0.0085782
-0.0028535
-0.0058138
0.0045196
-0.0075597
0.0086237
-0.0017332
-0.0021419
-0.0094163
0.0085167
-0.0012062
-0.0092476
0.0088489
-0.0033878
-0.0024566
-0.0042262
-0.0052625
0.0038628
-0.0027412
0.0099914
0.0082631
0.0093701
0.0034717
0.0001834
0.0016845
-0.0088184
0.0037066
0.0064903
0.0077577
-0.0005034
