-0.0048639
0.0085596
0.0012978
0.0087078
0.0034076
0.0007411
-0.0030658
-0.0080136
0.0086785
0.0095475
0.0061974
-0.0036123
0.0081506
-0.0057307
0.0005616
0.0021248
-0.0084161
0.0088468
0.0026351
0.0050629
-0.0082416
-0.0003953
0.0073149
0.0021956
0.0066718
-0.0072432
-0.0089718
-0.0072144
0.0042808
-0.005415
-0.0094351
-0.009915
-0.007605
0.0031959
-0.0092772
-0.0090699
-0.0075597
0.0082772
-0.0064101
-0.0044312
-0.0002534
-0.0033888
0.002966
0.0007198
-0.0012557
-0.0086574
0.0077898
0.0097787
-0.0042392
0.004656
-0.0038049
0.0085412
0.007518
-0.0001197
-0.0095648
0.0059801
0.0091496
-0.0062244
0.0007277
0.0002823
-0.0008685
-0.0089762
-0.0084427
-0.0057224
0.0029038
-0.0088214
0.0038871
-0.0067602
-0.0064246
0.0031176
0.0092071
0.0091468
0.0058987
0.0029725
0.0091272
-0.0039048
-0.0044271
0.0095275
-0.0090197
-0.0001975
-0.009127
-0.0096604
0.0060606
0.0072177
0.0040846
0.0030459
-0.0087924
0.0070309
-0.0012782
-0.0048772
-0.007022
-0.0065097
0.0066755
-0.0078962
0.0065638
0.0018642
-0.0045725
-0.0045716
0.0073275
-0.0027046
0.0013676
0.0064811
-0.0090815
0.0005943
-0.0051286
-0.0055891
0.0028543
-0.0062481
-0.006359
-0.00738
0.0094914
-0.0099513
-0.0016827
0.0081199
0.0026001
-0.0077555
0.008192
-0.0090024
0.0017287
0.0009568
0.0024292
0.0041356
0.0014996
0.0097128
-0.0039948
0.0071378
0.0003834
-0.008167
0.0062585
-0.0025791
-0.0014818
0.007531
-0.0041128
-0.0021316
-0.0030646
0.0071011
0.0096129
-0.0037049
0.0018309
0.0054914
0.0096268
-0.0026058
-0.0012863
-0.0086672
-0.0052663
-0.0055973
0.0052334
0.0065955
0.0031774
-0.0054299
0.0097658
0.0077632
-0.0034992
-0.0060272
0.0009016
0.0008075
0.0054786
-0.0028849
0.0033239
0.0077746
0.009637
-0.0018171
-0.0014087
0.0026173
-0.0066547
0.0050846
-0.0007298
-0.0063828
0.003238
0.008489
0.0024755
0.0039172
0.0065098
0.0076785
0.0048684
0.006475
-0.0061055
0.0028693
0.0069546
-0.0063821
-0.0077127
0.0015395
0.0059724
-0.0087508
0.0046086
-0.0072698
-0.0067958
0.0075543
0.0094722
0.0041467
0.0052945
-0.0060047
-0.006179
-0.0036758
0.000961
-0.0059625
-0.0078495
0.0054619
-0.0033985
-0.0037397
0.0037862
-0.0029787
0.0055824
-0.0047021
0.005124
0.0097457
-0.0069995
-0.0058299
0.0090196
-1.52e-5
0.0038923
0.0049755
0.0035073
0.0071042
0.0079547
0.0039166
-0.002238
-0.0015063
0.0033169
0.0038595
0.0062329
0.0048828
0.0009185
-0.0071987
0.0059794
-0.0019492
-0.0083772
0.0015253
0.0074948
-0.0067276
-0.005839
0.0098056
0.0073849
0.0039627
-0.0068987
0.0049473
0.0056396
0.0085606
-0.0094274
0.0036451
0.0043519
-0.0056846
-0.0002298
-0.0044002
0.0066567
-0.003948
-0.002043
-0.0094298
0.0013472
0.0015533
-0.0062657
0.0051256
-0.0004674
0.0043405
-0.0036972
0.0004276
0.006516
0.0053256
-2.41e-5
0.0030491
-0.0077459
-0.0025953
0.0018665
-0.0099126
-0.0027659
-0.0044278
-0.002812
0.0008053
-0.0085277
-0.0035982
-0.0090063
-0.0073655
0.0071923
0.0047343
0.0077396
0.0006991
-0.0032055
0.0094405
0.0081173
0.003009
-0.0070346
0.0074942
0.0087068
0.0035401
0.0088285
-0.0061513
-0.0048666
-0.0096804
-0.005981
0.0052906
0.0020667
0.0098936
-0.0042311
0.0046653
-0.0090702
-0.0005289
0.0097599
0.0090012
0.0003559
-0.0072487
-0.0004063
0.0054972
-0.0071718
-0.0093726
0.003841
0.0029734
0.0056671
0.0087885
0.0024052
-0.0040835
-0.0098579
-0.0070118
-0.0092412
0.0013246
0.0057597
-0.0032067
0.0073957
-0.0015889
0.0053878
-0.0020869
0.0074627
-0.0038106
0.0040974
-0.0081844
-0.008394
-0.0079589
0.0027105
0.0050205
0.000151
-0.006522
-0.0089758
-0.0003015
0.0035613
-0.0091004
0.0024676
0.0056584
0.0063677
-0.0033468
-0.0097047
-0.0058224
0.0017885
0.0049649
-0.0044566
-0.0095005
-0.0062419
-0.0092877
0.0071712
0.0095941
0.0090127
0.0023245
0.0076013
-0.0012495
-0.0033726
0.0032893
0.006597
-0.0024229
-0.0029909
-0.0015855
0.0006281
0.0009269
-0.0068696
-0.0043366
0.0029161
-0.0009832
-0.0030808
0.0006394
0.0082055
-0.0061382
-0.0061145
0.0098889
-0.0065901
-0.0029246
0.005002
-0.0042833
-0.0020811
-0.0021325
0.0013346
0.0024264
-0.0061932
0.0016172
0.0081241
-0.0036144
0.0024953
-0.0061388
-0.0064714
-0.0096607
-0.0067115
0.0071123
-0.0026773
0.0021884
-0.0042843
0.0091225
0.0030518
0.0020706
0.0045349
0.0021062
0.0054589
-0.0048725
-0.0073893
-0.0067606
0.0026218
-0.0054997
-0.0083367
-0.0086792
0.0062323
-0.0070779
0.0002417
0.0027724
-0.0012185
-0.0042123
0.0024033
0.0011268
-0.0039578
-0.008466
-0.0057223
0.0068475
-0.0099232
0.0048841
0.0092465
-0.0092424
-0.0088772
0.003641
-0.0071555
-0.0026756
0.0093184
-0.0064975
0.0068061
-0.0041262
-0.0063848
0.0087829
0.0032274
0.0005847
-0.0042857
0.0001203
0.0063314
-0.0090941
-0.0098717
0.0018863
0.0081464
-0.0032189
0.0078947
-0.0050519
0.0009184
-0.006512
0.007399
0.0019369
-0.0074038
-0.0021569
0.0038719
-0.0009611
0.0081962
-0.0089271
-0.0098052
0.007972
0.0032373
0.0055673
0.0014886
-0.0045392
0.0023055
0.0019417
-0.0098146
0.0072742
0.0069133
-0.0064853
-0.0062171
-0.0093868
0.0074185
0.006712
0.0033648
0.0013648
-0.0078344
0.0008087
0.0097099
-0.0095901
0.006877
0.0036581
-0.0051831
0.0044106
0.0065394
0.007277
-0.0002233
0.0038408
0.0040105
-0.0078365
-0.0014899
0.0088271
-0.0027579
-0.0025716
0.002886
0.0062767
0.0079085
-0.0047967
-0.0056546
-0.0083783
-0.0061546
