-0.0078864
-0.0093097
0.0011333
-0.0083619
0.001311
0.0058126
-0.0056699
-0.0085427
0.0093769
0.0074618
-0.0078851
-0.0068607
-0.0076097
-0.0088142
0.0011457
0.0084903
-0.0041936
0.0057531
-0.0005123
-0.0032622
-0.0027428
-0.0017486
-0.0089871
0.0089468
-0.0004279
-0.0047068
-0.0048842
0.0087054
0.0027779
-0.0031454
0.0047454
0.0056908
-5.7e-5
0.0057363
0.0086724
0.0038574
-0.007359
-0.0003363
0.0033767
0.0032986
-0.0003882
0.0099926
-0.0050965
-7.32e-5
0.000866
0.0014327
0.0007276
-0.0095068
-0.009916
-0.0001072
-0.0001474
0.0075218
-0.0036265
0.0024149
0.0044989
-0.0026385
0.0066266
0.0031396
0.0045224
-0.0082679
-0.0042693
0.0086564
0.0041244
-0.004541
-0.0031913
-6.14e-5
0.002396
-0.0015713
0.0052748
0.0041458
-0.0025488
0.0081888
-0.0071354
-0.007706
-0.0026955
0.0033858
-0.0073223
-0.0073031
-0.0058017
0.0070267
0.0038387
0.0071663
0.0069158
0.0080239
-0.0048636
0.0064827
-0.0008351
-0.0064239
-0.0095861
-0.0088791
-0.0096284
0.0089158
-0.0054276
0.0057281
-0.0018627
-0.0068278
-0.0079897
-0.0089727
0.0069381
-0.0014431
-0.005174
-0.0077503
-0.0053555
-0.0019807
-0.0068534
-0.0085306
-0.0089023
0.0093425
0.0090379
0.0068803
-0.0096442
0.0042014
-0.0042647
0.0094424
-0.0023142
-0.0079568
0.0015084
-0.0013815
-0.0075219
-0.0011879
0.0078468
-0.0064353
-0.0010811
-0.0036203
0.0057032
0.0057331
0.0010083
-0.0023746
0.006449
0.0043427
0.0001604
0.0087556
0.0086721
-0.0014328
-0.0017318
-0.0014886
-0.0070131
0.0024834
-0.0097854
-0.0036036
0.0066775
0.0066396
0.0035378
0.000998
-0.006315
0.0092996
-0.0019046
0.0083075
-0.0067894
-0.0098963
-0.0005716
-0.0094794
-0.007087
0.0065857
0.0028426
-0.0002253
0.0088253
0.0085958
-0.0079791
0.006389
0.0050111
0.0020687
8.76e-5
-0.0085146
-0.0046193
0.0085445
0.0080764
-0.0004706
0.0067068
-0.0052335
0.0085033
0.008694
-0.0099877
0.0073554
0.0029646
-0.0085794
0.0082857
0.0004579
0.00099
-0.0035569
-0.0092993
0.0028545
-0.0012155
0.0045142
0.0009048
-0.0037196
-0.0011527
0.0067918
-0.0065896
-0.0070657
-0.0015094
-0.0009655
-0.0054052
0.0069661
-0.003189
0.0076735
-0.0067512
0.0033242
0.0099119
-0.0056124
-0.0037564
0.0010747
-0.0041794
-0.0076757
0.0085421
-0.0094266
-0.0093902
-0.0024948
0.0098265
0.0038569
-0.0036597
-0.004176
0.0030704
0.0056405
0.0072662
-0.0087221
-0.0020738
0.0068458
-0.0055077
0.0086039
-0.0008611
0.0099272
0.0060493
-0.0047891
-0.0027148
-0.0012809
0.007577
0.0077831
-0.0012596
-0.0026111
0.0034128
0.0054239
0.0039873
0.003495
0.0022652
-0.0046301
-0.0083171
0.0079269
-0.001728
0.0018684
0.0090164
0.0016692
-0.0022651
-0.0062239
0.0067525
-0.0002029
0.0058689
0.0032144
-0.001526
-0.0064611
0.0088707
0.0084108
-0.0085121
-0.0063167
-0.0094333
-0.0038671
-0.0074159
0.0091785
0.0010838
0.0040445
-0.0022319
-0.0088797
0.0050331
0.0078443
0.0064429
0.0040317
0.0062545
0.0077814
0.0014573
0.0037414
0.0094886
0.0024573
-0.0079941
0.0024474
-0.0020578
-0.0061235
-0.0057498
-0.0088395
-0.008205
0.0052281
-0.0098167
0.0086173
-0.0007035
-0.0024495
0.0042286
-0.0020761
-0.0032645
0.0085322
0.0086376
-0.0092136
-0.007381
-0.0077448
-0.0069448
0.0004133
-0.0073607
0.0043021
0.0003544
0.008292
-0.0046191
-0.006426
0.0034801
-0.0051368
-0.0060951
-0.0071195
-0.0077298
-0.0002135
-0.0009993
0.0010861
0.0005066
0.0054755
-0.0038672
0.0068517
0.0038272
-0.0011339
-0.0008313
-0.0001223
-0.0007934
-0.0020829
0.0091479
-0.002691
-0.0075106
0.004134
0.0051254
0.0017634
-0.0049473
0.0091434
-0.0022304
0.0031392
-0.0037866
-0.0007081
0.0058533
0.0061197
-0.0093032
-0.0081054
7.13e-5
0.0059254
0.0023927
-0.0026898
-0.0097102
-0.0003674
-0.0087116
0.0002146
6.66e-5
0.0053507
0.0024423
0.0065599
0.0054385
0.0074395
-0.0063651
0.0077591
0.0088467
0.0099973
0.0030122
-0.0005251
-0.0079807
0.0085475
0.0066825
0.0019284
-0.0039472
-0.0019252
-0.0047333
0.0025208
-0.0028502
-0.0095748
-0.0003718
0.0092791
0.0099022
-0.0044808
0.0001777
-0.0039236
0.0019812
-0.0082593
-0.0077732
0.0076599
0.0057467
-0.0018372
0.0073459
-0.0029728
-0.0092025
0.004623
0.0048843
0.0008824
-0.0075549
0.0043127
0.0003407
0.0051577
-0.0079705
-0.0076536
-0.005346
0.0038052
-4.38e-5
-0.0028332
0.0004984
-0.0073389
-0.0077056
0.0074186
0.0010199
-0.0055433
-0.0087954
-0.0034862
0.0042939
0.0014844
-0.0016809
0.0004157
-0.0013504
0.005739
-0.0051432
-0.00244
0.0011983
0.0016047
-0.0019594
0.0058856
-0.0026697
0.0072849
-0.0028142
-0.0056444
0.0083083
0.0090839
0.0048904
-0.0032349
0.0007335
0.0092666
-0.0046468
0.0012451
0.006894
0.0011196
0.0024933
-0.00649
-0.0085947
0.0071914
-0.0086229
0.0058638
0.0049868
-0.0007228
-0.0018291
-0.0044901
0.0005196
0.0092114
-0.0054875
0.0043156
-0.0021858
0.0085492
0.0034528
0.0012747
0.0048144
0.0030678
0.0038596
-0.0080853
0.0062903
-0.0013111
-0.0087386
-0.0091062
-0.0025985
-0.0027024
0.0096989
-0.00586
0.0055609
0.0017443
-0.0066566
-0.004859
0.0039763
0.0048964
0.0051237
-0.0049174
-4.12e-5
0.0090664
-0.0059267
-0.0061913
0.0092334
-0.0051746
0.0050148
-0.0059173
0.0089717
-0.0033646
-0.006118
0.0077861
0.0063683
0.0083292
-0.0070735
-0.0061676
0.0088607
-0.0045169
-0.0043283
0.0040738
-0.0060738
0.0098913
0.0089529
0.0090649
-0.0096227
0.002213
-0.0080587
0.0031013
0.0052593
0.0009325
0.0093377
