0.0040293
-0.0096378
-0.0003035
0.0059244
-0.0098421
0.0083927
-0.0060813
0.004135
-0.0019825
0.0025699
-0.005177
0.0031697
-0.0012715
0.0006076
0.009994
0.0064553
0.0069693
-0.0087192
0.0028158
-0.0044656
0.0050606
-0.0056615
0.006612
-0.0015385
0.0016687
-0.0011385
-0.0091134
-0.001766
-0.0038474
0.0046953
0.0092298
0.0015799
0.0015349
0.0005482
0.0052579
0.0014364
-0.0066084
-0.0093028
-0.0062258
0.0035972
0.0062145
-0.0070308
0.0045426
0.0094437
0.0002505
0.0040428
0.0035614
-0.0045419
0.0063733
0.0076082
-0.0021641
0.0094984
0.0051388
0.0045074
-0.0092276
-0.0097154
0.0095224
0.0016731
-0.0087816
0.004905
0.0048009
-0.009166
-0.0081643
-0.0069271
0.0093149
0.009356
0.0079256
0.0001509
0.0046823
0.0095731
-0.0018382
0.0077899
0.0097301
-0.0061774
-0.0011997
0.0082834
0.0094519
-0.0005497
-0.0003942
0.0093749
0.0001851
0.003453
0.0041117
0.0013298
-0.0047171
-0.0071235
-0.0010479
-0.0054134
-0.009575
-0.0091219
-0.0068093
-0.0016221
-0.0032571
0.0087544
-0.0012385
0.0023374
-0.0002764
0.0099895
-0.0096887
0.009448
-0.0099336
-1.9e-6
-0.0048427
0.0086648
0.0061597
0.0048497
0.0099622
0.0098634
-0.0013623
-0.0050946
0.0035369
-0.007219
-0.0073775
-0.0068136
-0.0030584
0.0077555
0.0052276
0.0070017
-0.0028739
-0.0088296
-0.0088566
-0.0088211
0.0079721
0.006323
-0.0051066
-0.0009549
-0.0023741
-0.0097283
-0.0019682
-0.0060324
-0.0024148
0.0061615
0.0043192
-0.0056708
-0.0092295
-0.0032573
0.00569
-0.0064519
0.0020882
-0.007005
-0.0039544
0.0053322
-0.0069402
-0.0062768
0.0041126
0.0041501
-0.0026514
0.0072263
-0.0054412
0.0048412
-0.0045318
-0.007076
0.0024573
0.0067711
-0.000709
-0.0071879
-0.0056862
0.0009543
-0.0092817
0.0098863
0.0061496
0.00307
0.0068477
0.0042759
-0.0076539
0.0068508
0.004987
-0.0038023
0.009783
0.0010533
0.009459
0.0074146
-0.0086626
0.0045233
0.0090638
-0.0065392
-0.0019413
0.0007815
0.009463
0.0002176
-0.0062925
-0.0082224
-0.0088588
-0.001913
0.0092276
-0.0067691
-0.0085996
-0.0003007
-0.0087301
-0.0020135
-0.0009318
0.0097523
-0.0061362
0.0047589
-0.003153
-0.0011496
0.005112
0.005352
-0.0013663
-0.0010776
0.008191
-0.009934
0.0076064
-0.0066383
-0.0090289
0.0057332
-0.0088904
0.0035161
-0.0053654
0.0019533
-0.008286
0.0065759
0.0078283
-0.0095669
-0.0073972
-0.0066885
0.0050058
-0.0089001
0.006391
-0.0082129
-0.0009964
-0.0046753
-0.0039803
-0.008124
-0.008444
-0.0022073
0.0077339
-0.0072755
0.0095179
0.0093366
0.0040989
-0.0011775
-0.0063868
0.0028949
0.0047347
0.0030156
-0.0061991
0.0075115
-0.0004691
-0.0016676
-0.0041373
0.0015801
-0.0057533
0.0053951
-0.0096521
-0.0008484
0.0062887
-0.0081941
0.0084718
0.0092592
0.0044429
-0.000723
0.0045975
0.0053952
-0.0018643
0.0047036
0.004937
0.0095523
0.0035689
0.0005351
0.0032357
-0.001476
-0.0026397
0.001412
0.0013975
0.0057017
0.0091731
0.0038758
-0.0011095
0.0045074
-0.0081475
0.0014411
0.0001386
-0.0077113
0.0040746
0.0003243
-0.0099939
-0.0047691
-0.0052168
-0.0094365
-0.0040682
0.0004051
-0.0059343
-0.0017987
0.0060545
0.0061554
-0.0058879
-0.006562
0.0019584
0.0023694
0.0015204
-0.0047019
-0.002079
0.0086635
0.0060626
0.0025222
0.0016846
-0.0010301
0.0083893
-0.0041809
-0.0067728
0.0046428
0.0011243
0.0064644
0.0050528
-0.0002888
-0.0061987
0.0096079
-0.0057673
0.0056544
-0.0035228
0.0090151
0.0006399
0.0072598
-0.0090426
-0.0045054
-0.0057472
-0.0024233
0.0096528
0.0053854
-0.0095502
0.0027454
0.0041802
-0.0077507
0.0050582
-0.0077871
-0.0056101
-0.000306
-0.0006131
0.0041867
-0.00818
-0.0003275
0.0061128
6.73e-5
0.0096533
-0.0064494
0.0058182
-0.003372
-0.0048932
0.0033565
-0.0019859
0.0003589
-0.0068897
-0.0041779
-0.0034061
0.0072638
-0.0073192
-0.0037728
0.0078281
-0.0038875
-0.0096063
-0.0091736
-0.0061271
0.004194
-0.0003757
-0.0091222
-0.0075847
-0.0043839
0.0088402
-0.0032863
-0.0088749
0.0010017
-0.0010331
-0.0030703
-0.0011787
-0.0025953
0.0080896
-0.0080019
0.006831
0.0069782
-0.0055509
-0.0014843
0.0099402
-0.0050795
0.0091972
-0.005887
-0.0046293
-0.0005358
0.0047238
-0.0093902
-0.0046166
0.0040042
0.0005557
0.0004152
-0.0075916
-0.0058874
0.0028331
0.0075258
-0.007152
-0.0075319
-0.0082965
-0.0042123
0.0010514
0.0009363
0.005996
0.0076217
0.0060917
-0.0004062
-0.0064359
-0.009598
0.0058036
0.0026661
0.0067719
-0.0057675
-0.0029152
-0.0002543
0.008692
0.003701
0.0093285
0.0055279
0.0096224
-0.0087136
-0.0011756
0.0030964
-0.0097746
-0.0003332
-0.0018606
-0.0007766
-0.0092323
0.0085232
-0.0025736
-0.0020981
0.0075742
0.0049745
-0.0007188
0.0099119
0.0004995
0.003268
-0.0006957
0.0086007
0.0080142
-0.0039066
0.0067008
-0.0089103
-0.0004591
0.0065995
0.0031522
-0.0075368
-0.0088427
0.0074524
-0.0011734
-0.0056648
-0.0097692
0.0038398
-0.0084947
0.0032088
0.0077014
0.0001616
-0.0093895
0.0051632
-0.0083148
-0.0088325
0.0089735
0.0018544
0.0088645
0.0028414
-0.0010546
0.0058581
-0.0039984
0.0081571
-0.0056638
-0.0063308
0.0094575
0.0002228
0.0080033
0.0099047
-0.0086921
0.0058886
0.0028203
0.0043199
0.0017806
-0.0025313
-0.0002342
-0.0034362
-0.0056974
0.0070853
-0.0052515
-0.0088941
-0.0076235
-0.0054738
-0.0044595
-0.000916
-0.0002546
-0.0028961
0.0011964
-3.63e-5
0.0036804
0.0040299
0.002924
0.0012101
0.0034186
0.0083067
-0.0042164
-0.0012753
-0.0098997
