0.0068174
0.0027883
0.0057846
0.0026092
0.0063878
-0.005806
-0.0039521
0.0030975
-0.0089402
0.0087514
0.0027281
-0.0080374
0.0074285
-0.0017146
-0.0048255
-0.0079265
-0.0082017
-0.0011132
-0.002707
0.008492
-0.001405
-0.0052574
0.0080154
0.004467
0.0059178
0.00209
0.0009843
0.00944
0.0045097
0.0091981
-0.0035952
-0.0099563
0.0091512
-0.0097656
0.000854
-0.0041487
-0.0008514
0.0094826
0.0013889
-0.0092146
0.0045997
-0.0028593
0.0067644
0.0096592
0.0096208
-0.0019924
0.0047674
-0.0069724
-0.0062898
-0.0014805
-0.0075203
-0.0077334
-0.0029949
0.0092785
-0.0026055
0.0039174
-0.0095469
-0.0092026
0.0076619
-0.0034024
0.0063576
-0.0040658
-0.0079188
0.0039748
0.000462
0.0063162
-0.0015919
-0.0030412
-0.0087886
0.0012178
0.0058296
0.0023416
0.0056136
-0.0002877
-0.0096554
-0.0057318
0.0001315
-0.0015148
0.0045556
-0.0061584
-0.0067978
0.0092412
-0.0099177
-0.0079527
0.0087358
0.0046996
-0.001989
0.0084777
-0.0053355
0.0069933
0.0047014
0.0038365
-0.0022018
0.008431
0.0072338
-0.0098873
0.0009515
-0.0070638
0.0031604
-0.0028536
-0.0067855
0.0086709
-0.0097026
0.0053287
-0.0097897
0.0052324
0.0045749
-0.0031786
0.005073
0.0032177
0.0055005
0.0076852
-0.0073649
-0.0099577
-0.0053149
-0.0028145
0.0048232
-0.0099018
-0.0078455
5.69e-5
-0.0056355
0.0079068
-0.0064876
0.0014279
-0.0071793
0.006311
-0.0058276
0.0030779
-0.0005243
0.0010639
0.0041718
0.000377
-0.0096505
0.0033269
-0.0031235
0.0093915
0.0011957
0.0089921
0.0094249
-0.0058334
-0.0065047
0.0042685
-0.0084151
0.0015235
-0.0088349
-0.0044615
-0.0017019
-0.005339
-0.0097311
-0.0047711
0.0015422
0.0015249
0.0087527
0.0034962
-0.0097436
-0.0031833
0.0058486
0.0062516
-0.0084251
-0.0095003
0.003143
-0.008755
-0.0058204
0.0073716
-0.0086549
0.0019561
-0.0095606
-0.007785
-0.0066505
-0.0012426
0.0023899
-0.0031045
-0.006901
-0.0067174
0.0053908
-0.0030656
-0.0060843
-0.0017424
0.0074568
0.005147
-0.0022506
-0.0026375
0.0024907
-0.0011296
-0.0057427
0.00294
0.001004
0.002297
0.0042579
-0.0095794
0.0017954
-0.007776
0.0032136
-0.0086325
-0.0071025
-0.0020916
0.0050745
-0.007015
0.0090514
0.0080897
0.0070801
-0.008298
-0.0040295
-0.0015296
-0.0099653
-0.0072447
-0.0047327
0.0095815
-0.0063079
-0.0057449
0.0079989
-0.0079893
0.0084617
-0.0085384
-0.0020827
-0.0014831
-0.0076683
-0.0085895
0.0083846
0.0048403
0.0024824
7.81e-5
0.0041461
0.0004986
-0.0015769
0.0098812
-0.0016949
0.0012163
-0.0056152
0.0032008
-0.0007517
-0.0011526
0.0023981
0.0065937
0.0042208
0.0002768
-0.0014383
-0.0036085
0.0035354
-0.002508
0.0024357
0.0030778
0.000863
-0.0097027
-0.008216
-0.0073658
0.00285
0.0049414
-0.0076979
0.0037603
0.0091469
-0.0094347
0.0052707
-0.0094652
0.0069512
0.0042168
0.0032079
0.0014769
-0.0049491
-0.0044018
0.0080083
0.0046373
-0.0047031
0.0099245
0.0002195
-0.0026589
-0.0076748
-0.0044751
0.0002548
0.0039745
-0.004057
-0.0077524
-0.0096303
-0.0037777
0.0080327
0.0085244
-0.0036644
-6.71e-5
-0.0072522
-0.0006731
-0.0068175
-0.005575
0.0063989
0.0070806
0.0094343
0.0093742
0.0007272
-0.0003235
-0.0090897
-0.0059001
0.0002348
0.0029213
0.0078785
0.0055044
0.0078741
-0.0092587
-0.0075238
-0.0086913
0.0049555
0.0075851
-0.0018907
0.0030571
0.0075652
0.0059393
-0.0071159
0.00781
-0.0011448
-0.0031314
-0.0076571
0.0042224
0.0006116
0.0084624
-0.0010982
-0.0091153
-0.003605
-0.0033991
0.0064074
-9.33e-5
-0.0094605
-0.0015463
0.0009167
0.0043259
0.0053882
0.0003535
0.0065501
-0.0062821
-0.0069601
-0.0012186
-0.0027871
0.0064208
-0.0039389
-0.0043374
-0.001828
-0.0062668
-0.0088465
-0.0020128
-0.0025336
-0.0086737
0.003443
0.0038271
0.0007146
-0.0089338
-0.0093517
-0.0072039
0.0072996
0.0040593
-0.0089517
-0.0012177
-0.0062122
-0.0091648
0.0072382
-0.0066212
0.0021284
0.0029794
-0.0036489
-0.0075919
-0.001097
-0.0082769
-0.0092896
0.008743
-0.0080989
0.0036893
0.0054136
-0.0023285
0.0009821
-0.0084923
0.0025247
-0.0086481
-0.0096233
0.0073501
0.0045352
-0.0024266
-0.0071997
-0.0023063
-0.0071112
-0.0017868
-0.0088242
-0.0042212
-0.0011893
-0.0053426
-0.0016124
0.0056128
-0.0098139
-0.0069697
0.0004192
-0.0056227
0.0044513
-0.0053842
0.0068217
0.0027749
-0.0029366
0.0039427
0.0022689
-0.0025645
0.0087945
-0.0075318
0.0094533
0.0050982
0.0065078
-0.0088938
0.0051672
0.0055035
-0.0050893
-0.0008555
0.0055438
0.0045156
-0.0047233
0.0054484
-0.0037784
-0.0053354
-0.0032894
-0.0002001
-0.0029611
-0.0080833
0.0051214
0.0080517
-0.0076931
0.0075809
0.0084341
-0.0002401
-0.0026733
-0.0004291
-0.0041713
0.0026138
-0.0016509
0.0005258
0.0030394
-0.0021985
0.0035071
0.0047504
-0.0024587
-0.0011451
-0.0084224
0.0067875
-0.004786
0.0067336
-0.009301
0.0082755
0.004198
-0.0038404
0.0084018
0.0017883
-0.0019528
-0.0065048
0.0093824
-0.0022664
-0.0097735
0.0079838
-0.0076628
-0.0025403
-0.0090001
0.0042268
0.0091197
0.0082213
0.0014553
0.0087915
0.0024785
0.0056759
0.0001828
-9.69e-5
-0.0035797
0.0078247
-0.0092599
-0.0078517
0.00522
0.0048471
0.0002997
0.0037169
-0.0085636
0.0077917
0.0004177
0.0017214
-0.0083662
-0.0038372
-0.0052407
0.0028066
0.0018259
0.0064332
0.0076042
0.0010685
-0.0049324
-0.0089111
0.008664
0.0021193
0.0088834
0.0012709
-0.0098731
0.0088397
0.0077738
0.0049531
-0.0014402
0.0075209
0.0031831
-0.0058359
-0.0042627
