0.0031672
0.0048356
-0.0071217
0.0010958
0.0074217
-0.0099521
-0.0053394
0.0018548
0.0066511
0.0011341
0.0083707
0.0092554
0.0091167
0.0010759
-0.0063577
0.0094752
0.0091102
-0.0043048
0.0037932
-0.000281
0.0092554
0.0089732
-0.0012018
-0.0097528
-0.0023465
-0.0098934
0.009067
-0.0009918
0.0019094
0.0042798
-0.0013118
0.0036477
0.0004152
-0.0098943
-0.0055644
0.0070675
-0.009126
-0.0057565
-0.0075393
0.0092456
-0.0099147
0.0071082
-0.0008321
-0.0078037
0.0026185
-0.0090892
-0.0019217
0.0034851
-0.0076559
-0.0089343
-0.0090912
0.0040397
0.0018467
0.0064732
-0.0096578
-0.0023229
0.0034644
0.0013231
0.0097546
0.0045785
0.0071636
-0.0016821
-0.0064716
-0.0092844
0.0082195
-0.0008624
-0.0055015
-0.0028335
0.0045772
0.0010964
-0.0097197
-0.0057399
-0.0013091
0.0002955
0.0034724
0.0038864
2.37e-5
-0.000934
-0.0039574
-0.005366
-0.0032434
-0.0005101
-0.000993
-0.0045237
-0.0013284
0.0062493
-0.0040488
-0.0002233
-0.0046951
-0.0001231
0.0033842
0.0036452
-0.0096481
-0.0058182
-0.003817
-0.0036268
-0.0086048
-0.0035619
0.0004858
0.0019699
0.0066911
-0.0086685
0.0016886
-0.0098725
0.0029483
0.0052989
-0.0071608
0.0039434
0.0058708
-0.0044217
-0.0065594
0.0005153
0.0021759
0.0037619
0.0010104
-0.0063953
0.005535
0.0015656
0.0046121
0.0067385
0.0013377
0.0090319
-0.0061662
-0.0025031
0.0006569
-0.0092911
-0.0080604
0.0020415
-0.0050894
-0.0083668
-0.0016612
0.0014842
0.0058161
-0.0022523
-0.0002793
-0.003521
0.00162
0.0037026
-0.0062129
0.0034904
0.0065394
-0.0009403
0.0059759
-0.0053469
0.0095917
-0.0095035
0.0035992
0.0042081
0.0082557
-0.0051688
0.0066159
-0.0011586
0.0044226
0.0048999
0.0058953
0.0055359
-0.0086416
0.0054222
-0.0099362
-0.0076129
-0.0010467
-0.0064676
0.0036351
-0.0049961
0.0017915
-0.0050147
0.0046399
0.0017533
0.0050182
-0.0022014
0.0070706
0.0056742
0.0089978
0.0024493
0.0023711
-0.0019719
0.0018887
0.0010714
0.0059164
0.0033536
0.0052237
0.0093999
0.0044141
0.0056802
0.0048473
-0.0002236
0.0049685
-0.0041216
0.0035028
-0.0092986
0.0037501
-0.009688
-0.008999
-0.0022776
-0.0061281
0.0042103
0.0053402
0.0055697
-0.0060485
0.0001348
-0.0021102
-0.0005862
-0.0051811
-0.0018043
-0.0022656
-0.0010907
-0.0041965
0.0078587
-0.0033347
-0.0094139
-0.0037263
0.0058667
-0.0077127
0.0095756
-0.0095639
0.0023145
-0.0033091
0.0043675
-0.0024144
-0.0062289
0.0039691
0.009223
-0.0064581
-0.001269
0.0014908
-0.0052393
0.0086589
-0.0093704
0.0008225
0.0023653
0.0034202
-0.0020439
0.0058513
0.0099557
-0.0085347
-0.0017008
-0.0039899
-0.0023363
0.0089192
-0.0026148
-0.0018735
-0.0083697
0.0017236
0.0079554
0.0032538
-0.0011212
0.0062779
0.0065418
-0.0014236
0.0092112
0.0094641
-0.0019669
-0.0073593
0.0070636
-0.0087753
-0.0068772
-0.0086828
-0.0070859
-0.000603
-0.0052054
-0.0088504
-0.0080349
0.0068111
0.0077037
-0.0070813
0.000817
-0.0029111
-0.0088188
-0.0020419
-0.0092929
0.0041938
-0.0067764
-0.0021416
0.0048458
0.0058416
0.0063986
0.0092343
-0.0089637
-0.0084607
0.0080339
-0.0084248
-0.003103
0.0017924
0.0044485
0.0074383
-0.0050804
-0.0092867
-0.0081317
-0.0083038
0.0031859
-0.0044289
0.0033975
0.0027118
0.0077131
0.0053406
-0.0011656
0.00422
-0.0045156
-0.0024341
0.0046147
-0.0035066
-0.0034748
-0.0087388
0.0034411
0.000693
0.0033589
-0.0026363
-0.0061075
-0.0043962
0.0047032
-0.0081348
0.0033736
0.0013559
-0.0048058
-0.0005808
0.0087762
-0.0092284
-0.0014585
0.0010949
0.0056226
0.0053979
-0.007205
-0.0005486
0.0091868
0.0010123
-0.0043328
0.0019398
-0.0038601
0.0078557
0.0014094
0.0044892
0.0098905
0.0091953
0.0018898
0.009076
-0.0094088
-0.0066264
-0.003722
-0.0011139
0.0084144
0.0037322
0.0080779
0.0003438
0.0020526
0.0063622
0.0026272
-0.0064068
-0.0099145
-0.0014776
-0.0048923
0.0080125
0.0098451
0.0068355
0.0016053
-0.0082339
-0.003474
-0.0035501
-0.0018461
-0.0075753
0.0042855
0.0031304
0.0049129
0.001498
0.0077555
0.0088065
-0.0025048
0.0090224
0.0018798
0.0030216
-0.0009841
-0.0091414
0.0001096
0.0019465
0.0016069
-0.0006877
-0.0074531
0.0090321
-0.0078291
-0.009959
-0.0071082
0.0032797
-0.0061543
0.0099724
0.0068267
-0.0061575
-0.0017041
-0.0022697
-0.0046976
-0.0016586
0.0082387
-0.0029035
0.0084437
0.0030729
-0.0050396
-0.007705
-0.0029431
-0.0090141
-0.0057893
0.0049475
0.0019719
0.0052522
-0.0071317
-0.0046682
-0.0088605
-0.0092394
0.005437
-0.0029608
0.0077093
-0.0030447
-0.006689
0.0037088
0.0076443
0.0029359
-0.0073486
-0.0043247
-0.007512
0.0032434
0.0068211
-0.0060243
-0.008721
-0.0054237
0.0079396
-0.0020942
0.0048365
0.0065873
-0.0029874
0.0082524
-0.000387
0.004105
0.0062958
-0.0001094
0.0076726
-0.0037522
-0.0043876
-0.009987
-0.0059051
-0.0029218
0.0057268
0.0099135
0.0017478
0.0062114
-0.0019706
-0.0095808
-0.0095981
0.0084763
0.00907
-0.0098319
0.001615
0.0058459
-0.0080035
-0.0010616
9.08e-5
-0.0060354
0.0035914
0.0019515
0.0027694
0.004472
-0.0019359
0.0009223
0.0032783
-0.0046419
0.0049917
0.0041583
-0.0055448
0.0096705
-0.0093908
0.0051537
0.0032957
0.0008452
0.0076051
0.0037356
0.0027547
-0.0091203
0.0030546
-0.0029471
-0.0006692
-0.0073632
-0.0040428
-0.0049905
0.0029984
-0.0031027
-0.0027841
0.0025667
0.0012108
-0.0074154
-0.0081001
-0.0084175
-0.0031692
-0.0042122
0.003369
-0.0008794
0.0085566
-0.0048596
-0.0091262
0.0004421
