-0.0049456
-0.0094766
-0.00914
-0.0027234
-0.0060952
0.0054996
0.001755
0.0059539
-0.0032037
-0.0073054
0.0049269
-0.0008019
-2.45e-5
-0.0093691
-0.0076569
-0.007509
0.009197
-0.0040332
0.0072138
0.008725
-0.001826
0.0091606
0.0031536
-0.0002586
0.0008406
-0.0019221
0.008972
0.0059453
0.0026259
0.0029938
0.0084392
-0.0095154
0.0037813
0.0007461
0.0023168
-0.0091519
0.0037527
-0.0049798
-0.0014478
0.0049584
0.0052702
-0.0065582
0.0047779
-0.008264
-0.0066077
0.005235
0.0006447
-0.0037525
0.0072305
-0.0003922
-0.0036701
-0.0038599
-0.0092884
0.0034796
-0.0016355
0.0056417
0.0057677
-0.0086989
0.006802
0.0001773
-0.0041757
0.0051907
-0.0019304
-0.0074181
-0.0066624
0.008148
-0.0017978
0.0046601
-0.0095044
0.0094806
-0.008323
0.0074227
0.004574
-0.0087664
-0.0049104
0.0045348
-0.0011073
-0.0039036
-0.0089703
0.0049021
0.0065876
0.0023857
-0.0041294
0.0078436
0.0072062
-0.0057061
0.0060059
-0.007785
-0.0062506
-0.0024726
0.0024843
-0.0003365
-0.0049501
0.0094589
0.0069406
-0.0068463
-0.0082287
-0.0086771
-0.0063809
-0.0022161
-0.0057018
-0.0069166
0.0055008
0.0076984
-0.0009291
0.0012071
-0.0059738
-0.0075139
-0.0075211
0.0029269
-0.0045629
-0.0025854
-0.0002957
-0.0009909
0.0066021
-0.0097179
0.0064758
0.0002547
0.0043622
0.0006044
-0.0044381
0.003711
0.0006156
0.0064419
-0.0011632
0.0020051
0.0019659
0.0095555
-0.0048802
0.000485
0.0001395
-0.0097963
0.001775
-0.0020082
0.009664
-0.0077736
-0.0097191
0.0077667
0.0079254
0.0025636
0.0042291
0.007948
0.0041232
0.0088657
-0.0061658
-0.0023735
0.0049805
-0.0017621
0.0018679
0.0010915
0.0096459
0.0013943
0.0020171
-0.0078628
-0.0062997
0.0084928
0.0071754
-0.0051378
0.0060674
0.003508
-0.0077818
0.0097621
0.0061489
-0.0081497
0.0072933
0.008785
0.0081295
-0.008838
0.0006153
0.0020305
-0.0060973
-0.0007593
-0.003175
-0.0010065
0.0044403
-0.0065655
0.0036241
-0.0035786
-0.0011757
0.0092266
-0.0040961
0.0019187
-0.0015636
0.007831
-0.0078324
-0.0079741
0.0035785
-0.0022767
0.0054843
0.0050837
0.0087581
-0.0018068
0.0099013
-0.0017979
-0.0086381
-0.0063554
-0.0025804
0.0074339
-0.0027128
-0.0039102
0.0011053
0.0088422
0.0058862
0.0028798
0.0039437
0.0055972
-0.0057677
-0.0073406
0.0066903
-0.0081595
-0.0059911
-0.0039353
0.0049314
0.0011972
-0.0030493
0.0054661
-0.000485
0.0067587
0.0088864
-0.0073908
-0.0078343
0.0020424
-0.0077856
0.0020321
0.0080836
-0.0057088
-0.0010719
0.009156
0.0076357
0.0064399
-0.0005868
-0.0056331
-0.0097016
-0.0029088
-0.0055474
-0.0045665
0.0079537
0.0059327
-0.0061568
-0.0038287
0.0044495
0.0062549
-0.0032156
-0.0005992
-0.0008154
0.0049353
-0.0017225
-0.0031111
0.0009711
-0.0089888
0.0003155
0.0021711
-0.0047795
-0.001301
-0.0088473
-0.0096228
-0.0070042
0.0084502
-0.0066654
-0.0035756
-0.0065403
-0.0078221
-0.0047685
0.0022332
0.0062331
-0.0039247
0.0087766
-0.0040438
0.0056365
-0.0079395
0.0079499
-0.0010094
0.0087423
-0.0049342
-0.0018873
0.0062311
0.0025498
-0.0043136
-0.0017435
-0.0034321
-0.0026718
-0.0049374
0.0090274
0.0063926
0.0026944
-0.0078589
-0.0018852
-0.0016982
-0.0020521
0.0043027
-0.00425
-0.0084125
0.0043714
0.0076925
0.0091849
0.0019588
0.0053347
0.0009224
0.0045793
-0.0062452
0.0018231
0.0069309
-0.0029916
-0.0072589
-0.0022188
0.0091852
-0.0066933
0.002856
0.0051304
0.0031242
0.0064522
-0.0029167
1.59e-5
-0.0041703
-0.008778
-0.0059889
-0.0021714
0.008056
0.0088891
0.0046192
0.0041631
-0.0024471
0.0076317
0.0028582
0.0066884
-0.003744
0.0052416
0.0072751
0.008243
0.0082569
-0.0066108
-0.0095917
-0.0057846
-0.006835
-0.0063188
0.0071594
-0.0016937
0.0043425
0.0047086
-0.0092213
-0.0054733
0.0017127
-0.0042354
0.0030052
0.0009845
0.0040914
0.0016337
-0.0054526
-0.0005723
-0.0080022
0.0012703
0.0075975
0.0007203
-0.0087736
0.0016484
-0.0098174
-0.0052378
-0.0017714
0.0024156
-0.0019533
-0.0022055
0.0098466
-0.0036792
-0.008763
0.003092
-0.0009303
0.0038478
-0.0093104
0.0098048
-0.0098352
0.0038884
-0.0069426
-0.0091339
0.0056266
0.0088747
0.0051725
0.0050346
-0.0056323
-0.0043967
7.52e-5
0.0080113
0.0047693
-0.0002678
-0.0038212
-0.0092602
-0.0017749
0.0067453
-0.0025277
-0.0027419
0.0036875
0.0083496
-0.0006397
0.0080055
0.0052168
0.0043433
0.0007012
0.0027475
0.0056832
0.0057521
0.0068788
0.008126
-0.0042479
-0.0009448
-0.0029656
-2.07e-5
0.0002552
-0.0060512
-0.0016841
0.007419
0.0043249
0.0051669
-0.0023303
0.0030399
0.0058731
-0.0034674
-0.0081911
0.0044527
0.0081707
0.0014501
-0.0001236
-0.000772
0.0085475
-0.0036544
-0.006109
-0.0029196
-0.0037392
-0.0029224
0.0017222
-0.0014089
-0.0046838
0.0087938
-0.0066312
0.0064861
0.0072161
-0.0098863
0.0024058
0.0051869
0.0078506
-0.0009895
0.0050062
0.0026512
-0.0020838
0.0046874
0.00753
-0.0082668
-0.0063571
-0.0012978
-0.0019335
-0.0049137
-0.0045889
0.0053331
-0.0014582
0.0035854
0.0054578
-0.0043841
0.006837
-0.0077852
-0.0086358
-0.0083583
-0.0041555
0.002013
0.0037041
-0.0067344
-0.0070901
-0.0092682
-0.0034156
0.0032686
-0.0062756
-0.0055954
-0.0086935
-0.0045086
-0.0021321
0.0028658
0.0073371
-0.0036537
-0.0059479
-0.001176
-0.0082165
-0.0068419
-0.0044076
0.0048366
-0.0093538
0.0058434
0.0095874
0.0084591
-0.0027688
0.0054407
-0.0030586
0.0006365
-0.0003272
0.0036858
-0.0027135
0.0072601
-0.0035074
-0.0007095
