-0.0059597
-0.0089667
0.0091907
0.000651
0.007983
-0.002825
-0.0088773
0.0086736
0.0044437
0.0017463
-0.0002697
-0.0008646
-0.002488
0.0009019
-0.0017294
-0.0063975
0.0009056
-0.0072903
-0.009135
0.006833
0.0060165
0.0082023
0.0029989
-0.0051579
-0.0087128
-0.003733
0.0030592
0.0086902
0.0055633
-0.0092068
-0.0027902
0.001959
0.0007713
-0.004616
-0.0062157
0.0041215
2.72e-5
0.0079664
0.0071266
-0.0071772
0.0039306
0.0043081
-0.0068184
-0.0041039
0.0028832
-0.0050138
-0.003183
0.0093707
0.009027
0.0036409
0.0091681
-0.0018099
-0.0073056
0.002575
-0.0091369
-0.0090256
-0.0005406
-0.007119
0.0073418
-0.0001932
-0.0063258
-0.001136
-0.0016912
0.0023714
-0.0072835
-0.0019553
-0.0043465
-0.003424
0.0089309
-0.0020739
-0.002723
-0.0084223
0.007645
-0.0012118
-0.005699
0.0048178
0.0005443
0.0042857
-0.003652
0.0052116
0.0066047
-0.000461
-0.0038848
-0.0041716
0.0032909
0.0044466
-0.0074101
-0.0020668
-0.0040333
9.2e-6
-0.0006712
0.009355
0.0071189
-0.0042446
0.0099619
-0.0049566
-0.009095
-0.0006426
0.0068823
-0.0013113
0.0055292
0.0047621
-0.0010371
-0.0067505
0.000567
0.0098677
-0.0014201
-0.009135
-0.0078244
0.0051611
-0.0093617
0.0054718
-0.0020501
0.0042879
0.0043861
-0.0060781
-0.0075379
0.008862
0.0023806
0.0061787
0.0014581
0.0073785
-0.0007473
-0.0071097
0.0057745
0.0077953
0.0088905
-0.0010204
-0.0027667
-0.0066528
-0.0006395
-0.0009127
-0.0012444
-0.0027618
0.0007248
-0.0019611
0.0095358
-0.0062843
-0.0037255
-0.0018644
0.0088981
0.008037
0.0040269
-0.0027072
-0.0028728
0.0062922
-0.000708
0.0096442
-0.0018348
-0.0070808
0.0099817
-0.0008729
-0.0071952
0.0016642
0.0001288
0.0070633
0.006866
-0.005575
-0.0012712
-0.0080082
0.0026308
-0.0071251
0.0077006
0.0074041
-0.0001365
-0.0054905
-0.0030666
0.0095753
0.0069402
-0.0095439
0.0069815
-0.0076754
-0.0006189
-0.0027338
-0.0022902
0.0019638
-0.003543
0.0020886
0.0072935
-0.0061611
-0.0011547
-0.0097823
-0.003296
0.0079606
-0.0079348
-0.0079529
-0.0011266
-0.0053467
-0.0099446
-0.0057764
-0.0084089
-0.0027796
-0.0042111
0.0024102
0.0050242
-0.0066372
0.0007526
0.0090122
0.0019052
0.0093207
-0.0077376
-0.0056911
-0.0013612
0.0021083
0.0055693
0.0021419
0.009235
0.0063132
-0.0078768
0.0066133
-0.0013774
0.007905
0.0034794
-0.0074463
-0.0099585
0.0033134
-0.0096201
0.0054036
0.0040327
0.0091172
0.004782
0.0044058
-0.0079839
0.0027354
0.0054011
0.0082963
-0.0053405
3.5e-5
0.0099634
-0.0048181
0.0026893
0.0039815
-0.0029251
-0.0067303
0.0004502
0.0096307
-0.0024515
-0.004004
-0.0038336
0.0092146
0.0051959
-0.0095966
-0.0005014
0.006719
0.0030981
0.0055757
0.0023129
0.0071544
0.0077666
-0.0065738
0.0036734
0.0022645
-0.0034201
0.0071404
0.0045579
0.0019713
-0.0012125
0.009168
-0.0017788
0.003221
0.0059885
-0.001663
0.0084599
0.0089168
-0.0041906
0.0055023
-0.004218
-0.0045778
0.0037874
-0.0054887
-0.0078452
-0.0073682
-0.0027461
-0.0082277
-0.0037257
-0.0061594
0.0004572
-0.0063274
0.0090111
-0.0062573
-0.0097905
0.0011922
-0.0084203
-6.22e-5
4.96e-5
0.0081286
0.008724
-0.0006657
-0.0062905
-0.0008823
-0.0062499
0.0083609
0.0018839
0.0055874
0.0070204
-0.0022967
0.0033486
-0.0006154
0.0070259
0.0097323
-0.0026394
-0.0040575
0.0099855
0.0063271
-0.007558
0.0023238
-0.0092493
-0.0021978
0.0022615
-0.0036736
0.0067966
0.006835
-0.0096615
0.008373
0.0062651
0.0092297
-0.0099488
-0.0070302
-0.0039076
-0.0070273
-0.0030982
-0.0010023
-0.0002237
-0.0068782
-0.0053414
0.0055951
0.005761
0.0008736
-0.0080195
0.0058025
0.0063323
0.0017401
0.0012704
0.0090746
0.0077937
0.0030819
0.007493
0.0045319
0.0009321
0.0071354
0.0042928
0.0001046
0.0096903
-0.0037745
-0.0094208
0.0066266
-0.0012436
0.0084366
0.0038118
-0.0086668
0.0050786
-0.0024581
-0.0073312
0.0024426
0.0072629
-0.0018323
0.0036327
-0.006474
0.000395
0.0036309
0.0012514
0.0019996
0.0017926
-0.0071797
-0.0079493
-0.0093584
0.001144
-0.002972
0.0062989
-0.0034186
0.0026188
0.0002673
0.0057904
0.0031236
0.0053845
-0.0049512
-0.0093871
0.0061059
-0.0075939
0.0064387
-0.0069632
-0.0022706
0.0088769
0.0027651
-0.0063306
0.0001824
-0.0006356
0.0022237
-0.0001671
-0.0014963
-0.0008752
-0.000863
0.0039689
0.0049495
0.0006265
0.0095526
-0.0062069
-0.0014724
0.008055
0.0090003
-0.0035247
0.0080666
0.0021723
0.0055425
-0.0046821
-0.0004104
0.0072956
-0.0098627
-0.0030461
0.0012208
-0.0064807
-0.0096393
-0.0072123
-0.009354
-0.0002341
-0.0019253
0.0097082
0.0002125
0.0092915
-0.0015404
0.0063531
0.0059528
0.0085425
-5.41e-5
-0.0016642
-0.0053537
0.0030507
0.004016
-0.0054715
-0.008517
-0.0055537
-0.0053165
-0.0055997
-0.0096035
0.0017287
-0.0011873
0.0062934
0.0080936
0.0092218
-0.009612
-0.0076691
0.00232
-0.0084516
-0.0062395
0.0062378
0.0077275
0.0060194
-0.0010845
0.0086028
0.0006212
0.0043034
-0.0013761
0.0001978
-0.005912
-0.0064428
-0.0028863
-0.0090384
-0.0087963
0.0005845
-0.002001
-0.0084094
0.0038307
-0.0042189
-0.0065612
-0.0065994
0.0080003
-0.0036595
-0.0066874
-0.0067162
-0.005709
0.009535
-0.0053672
2.23e-5
-0.0008583
-0.0086907
-0.0057507
0.007945
0.0093101
0.0090274
-0.0060819
-0.0017551
-0.005357
-0.0078386
-0.0072126
0.0011632
0.0094164
-0.0074954
0.0072863
0.0007406
-0.0011435
0.0079537
0.0018134
-0.0035278
0.0006163
-0.0088036
