0.0076394
-0.0090577
-0.0097749
-0.0016105
0.0003546
-0.0046441
0.0082077
-0.0082217
-0.0005848
0.0050589
0.0072582
0.0026026
-0.0098703
-0.0076742
0.0079967
-0.0078042
0.0001127
-0.0034199
-0.0042065
0.0001495
0.0037084
-0.0055503
0.0060825
-0.0015778
0.0074844
0.0048785
0.0050806
0.0023026
-0.0022897
-0.0054277
-0.0021499
-0.0022586
0.0009474
0.0054944
0.0051708
-0.0094682
0.0047278
0.0005683
-0.008726
-0.00129
0.0043424
0.006482
-0.0065847
0.0027573
0.0081251
0.0028207
0.0064079
0.0008001
0.0033457
-0.0048289
0.0027025
0.0062553
-0.0058276
0.00889
-0.0081472
-0.0058951
0.0067198
-0.0043335
-0.0090817
-0.0036767
0.0046386
-0.0057916
0.0044758
-0.0049183
0.0079408
0.0082897
0.0010859
-0.0037232
0.0026751
-0.0091358
0.0004391
0.0044616
-0.0075669
0.0034211
0.0035485
-0.0060045
-0.0063684
-0.0048312
-0.007602
0.006224
0.0062815
-0.0012817
-0.0061516
0.003714
-0.004688
0.0068023
-0.0099605
-0.0045875
0.0083051
-0.0013931
0.0019646
0.0092858
-0.0048288
0.0052016
-0.0055147
0.0020294
-0.0073285
-0.0032218
-0.0011692
0.0004034
-0.0067491
-0.0050114
-0.0029176
0.0095527
-0.0022931
-0.0002108
-0.0014655
0.0078108
0.0026868
-0.0005775
-0.0090512
-0.006035
-0.0003722
-0.0012801
0.0012931
-0.0035084
0.0025239
-0.0069376
0.0075594
-0.0047286
0.0073133
0.0067048
-0.0046214
-0.0040138
-0.0031031
-0.0026506
0.0022124
0.0008724
-0.0034436
-0.0027107
0.009618
-0.0094558
-0.0027722
-0.0055491
0.0029562
0.0088079
-0.0022016
0.0011331
-0.0058431
-0.0086383
-0.0016095
-0.0051826
-0.0011484
0.0013835
-0.0007059
0.005058
0.0088011
-0.0065141
-0.002537
-0.008343
0.0011519
0.0094028
-0.0082746
0.00731
0.0012044
0.0060015
0.0031184
-0.0037103
-0.0070094
0.0098409
0.0066131
0.0078529
-0.0076861
-0.0050825
0.0066041
-0.0073947
0.0074426
0.0081846
0.003153
0.0053541
0.0066449
-0.0092408
0.0074739
0.0095988
0.0045029
0.0021192
0.0021689
0.005497
-0.0039796
0.0079001
0.0063989
-0.000946
-0.007331
-0.0085946
-0.0062924
0.002734
0.0041306
-0.0074885
-0.0004822
-0.0091297
0.007167
-0.0069554
0.0094907
-0.0078267
-0.0064018
-0.0081374
-0.0085916
-0.008178
-0.0097761
0.0057453
-0.0030571
-0.002528
0.0018463
-0.0051759
0.0081159
0.0086076
-0.0091997
0.0097681
0.0015366
0.0096029
-0.0061849
0.0067683
0.0050377
0.0088555
-0.0008879
-0.0058569
-0.0005564
0.0076631
-0.0079028
-0.0092852
-0.004738
-0.0041471
-0.0079616
0.0011761
-0.0039881
0.0069619
0.00987
-0.0086129
-0.0024759
0.0081298
0.0003882
-0.0044578
0.0068853
0.0078996
-0.0019109
-0.0004565
-0.0038082
-0.0063621
-0.0058586
-0.0004199
0.0025188
0.0004597
-0.0089208
0.0024668
-0.003057
-0.0074995
-0.0065898
-0.007983
-0.0051281
-0.0049026
0.0066073
-0.0026552
0.0030582
0.0014475
0.0025426
-0.0045312
0.0054375
-0.0048328
-0.0090589
-0.0052035
-0.0094309
0.0061102
-0.0090026
0.0032543
-0.0073856
0.0017584
0.0018021
0.00782
-0.0083886
0.0038918
-0.0020795
0.0087573
0.0043122
0.0029889
-0.0005396
-0.0004357
0.0042172
0.0087486
-0.0067798
-0.0020969
0.0089822
0.0012822
0.0084993
0.0083837
0.0031646
0.0063429
-0.0034712
-0.0072109
-0.0068587
0.0078092
0.0007392
0.0031754
0.0047867
-0.0079472
-0.0092524
-0.0051822
0.0094683
0.0075755
0.0076746
-0.0084801
-0.0067466
-0.0045047
0.0005913
0.0068163
0.005951
-0.003959
0.00086
0.0059374
-0.0074587
0.0045826
0.0040928
0.0056271
0.0033388
-0.0016197
-0.0021895
0.0031146
0.0010412
0.0095464
0.0036589
-0.0091255
-0.0018713
0.0045644
-0.0008158
-0.0091222
0.0054017
0.0031761
-0.0055471
0.0054711
-0.0091972
0.0054779
0.0019888
0.0049182
-0.0020349
0.0079967
0.0003233
-0.0036476
-0.006628
0.0006498
-0.0055626
-0.0005697
0.009551
-0.0046787
0.0070498
-0.0067425
-0.0007236
0.0021468
0.0095429
0.0076375
0.0051125
-0.0087503
0.0029203
0.0033172
-0.0037884
0.0098695
-0.0069964
0.0078919
-0.0058518
0.0015937
-0.0072661
-0.0021556
-0.002325
-0.0064108
0.0019829
-0.0059943
-0.0067669
-0.0058788
-0.0085845
-0.001229
0.0082782
0.007997
-0.0035982
-0.0053921
-0.0015394
0.0069088
0.0002489
-0.0089575
-0.0002896
-0.0038791
-0.0092589
-0.0077631
-0.0079071
0.0098013
-0.0041498
-0.0007306
0.0043141
-0.0012437
-0.0067069
0.0003763
0.0024682
-0.0095315
-0.0050021
0.0061937
-0.0041064
0.0062727
0.0003944
0.001083
-0.0074678
-0.0061593
0.0056178
0.0060752
0.0078783
-0.0054403
0.0002832
0.0023582
-0.0064457
-0.008253
0.0067444
0.0079411
-0.0085342
-0.0044899
-0.0008491
-0.0096363
-0.0031805
-0.0043983
1.08e-5
-0.0081139
-0.0025387
0.0016161
-0.0005163
-0.0049074
0.0088743
-0.0014932
0.0009108
0.0088072
-0.0021676
0.0048718
-0.0038866
0.0074318
0.0032401
0.0077195
0.0084727
0.0099704
0.0014337
-0.0009493
0.0005467
-0.0067018
-0.0093866
-0.0080271
0.0046581
0.0009411
0.0055549
0.0098633
-0.0050767
-0.0065289
0.0039652
-0.00472
-0.0040631
-0.0038958
-0.0096903
0.0093295
0.0076421
-0.0056543
-0.0058904
0.0097325
-0.0083524
-0.0039452
-0.0068408
0.0007593
0.000481
-0.0011266
-0.0007422
0.0038437
-0.0051281
-0.003045
-0.0094005
-0.0016051
-0.0056975
-0.0001989
-0.0086862
-0.0075205
0.0071344
0.0076306
-0.0011446
0.00262
-0.0039249
-0.0086535
0.0033211
-0.0012425
0.0001505
-0.001031
0.0027919
0.0021429
-0.0038575
0.0001694
0.0081081
0.0091046
0.0064883
0.0011295
-0.0053205
-0.0036351
0.0025579
-0.0073599
-0.0011074
-0.0035728
0.0068256
