0.0098312
0.0047692
-0.0049764
0.0047492
-0.0058999
0.0069052
-0.0080145
0.0099839
-0.0084517
-0.0054562
-0.0008562
0.0062674
-0.008645
-0.0046995
-0.0062287
-0.0007982
-0.002566
-0.0052767
-0.0094707
0.0040051
0.0047486
0.0044994
0.0013013
-9.92e-5
-0.0045433
-0.0024697
0.0031789
0.008041
0.0055992
0.0084663
5.96e-5
-0.0025028
0.0083184
0.0030467
-0.0076394
-0.0088627
-0.0067748
0.002047
0.0029087
-0.0009923
-0.0038819
0.0085282
0.0049028
0.0078269
0.0011042
0.0098519
0.0063207
-0.0051065
0.0002664
0.0078095
-0.0072678
0.006036
0.0032783
-0.0018446
0.0082728
0.003226
-0.0026946
-0.0095234
0.0001032
-0.0016318
0.0065281
-0.0028851
-0.009988
0.008969
0.0010952
0.0020162
-0.0030494
-0.002088
0.0023232
0.0086362
-0.0071781
0.0049303
0.0003779
-0.0001937
-0.004958
0.0059758
0.0073159
-0.0051434
0.0055969
0.0042809
-0.0098233
0.0070277
-0.0095641
0.0010056
-0.000932
-0.0001427
0.0032836
0.001259
-0.0086879
0.0031036
-0.0002619
-0.0065979
0.0021136
-0.0045509
-0.0079805
0.0058323
-0.0057461
-0.0085761
0.0044414
0.0017431
-0.0081062
0.000208
-0.0004995
-0.004838
0.0045718
-0.0073584
0.0092713
-0.0087829
-0.0067509
0.0018387
0.0082232
-0.008715
0.0079721
-0.0003929
0.0053809
0.0094062
-0.0073431
-0.0059815
2.49e-5
0.0038882
-0.0063574
0.0002242
-0.0044983
-7.19e-5
-0.0065317
0.0054847
-0.0070941
-0.0046104
0.0079236
-0.0045217
-0.0052491
0.0087506
0.0018625
-0.0025159
0.001033
0.0099546
-0.007132
-0.0001192
0.0083771
-0.0059361
0.0094644
-0.0028806
-0.001932
-0.0054715
-0.0092019
0.0032411
0.0055362
-0.0088162
-0.0071551
0.0099211
0.0065904
-0.0091261
0.0056829
-0.009803
-0.0069764
0.0033411
-0.0059842
0.0032263
0.0070002
0.0083138
0.0023528
-0.000878
0.0082796
-0.0022196
-0.0005905
0.0005538
0.0075725
-0.006854
0.0075315
0.0071711
0.0029801
-0.0042833
0.0059336
0.0092074
0.0027303
0.0065612
0.0097786
0.0043681
0.0041785
-0.0093577
0.0084832
-0.0058912
0.009846
0.0046471
0.0007314
-0.0005653
0.0056022
0.0002393
-0.0024691
0.0043512
-0.0061365
-0.0070311
0.0025612
0.0024674
-0.0095243
0.0089451
-0.0076993
0.001128
-0.0094843
-0.0047881
0.0040317
-0.0040427
0.0064471
-0.0015509
0.0015828
-0.0057031
0.0015871
-0.0055346
0.0074174
-0.0099682
0.0007996
0.0059952
0.0072896
-0.0045037
-0.0016424
-0.0037965
-0.0033919
-0.0006483
-0.0005723
0.0090128
0.0052805
0.0028669
0.0094963
0.0042031
0.0064495
0.0052169
0.0016634
-0.0062742
-0.0085597
0.0089974
-0.0046273
0.0059107
0.0028587
0.0038489
-0.0044331
0.0061508
-0.0080685
-0.0023617
0.0063557
-0.0048762
-0.0036457
0.0081281
0.0075893
0.0093094
-0.0058896
-0.0094311
0.0003858
0.0014619
0.0065303
-0.0052778
-0.0085063
0.0036787
-0.0009088
-0.0083891
0.0087549
-0.0080023
-0.0011341
0.0060582
-0.0078014
-0.0053753
0.0067841
-0.0031624
-0.0030884
0.0079071
0.0067648
0.0075615
-0.0001561
0.004498
0.0056506
0.0063536
-0.0007104
-0.0019024
-0.0085284
0.0061312
0.0019169
-0.0011992
0.0044422
-0.0074939
0.0001874
0.0030321
-0.0088914
0.0022701
-0.0060883
-0.0030376
-0.0071623
-0.004067
-0.0054736
0.0042672
0.0056185
-0.0004819
-0.0065389
0.0063671
-0.0036261
0.0019321
0.0035525
0.0082215
0.0093042
0.0035828
-0.008045
-0.0079625
0.0029455
-0.0061051
-0.0061915
0.0069294
-0.0011234
0.0032068
0.0010115
-0.0016722
0.000637
-0.0040878
-0.0077226
0.0005952
-0.0038819
0.0075323
-0.0007998
-0.0085908
-0.0011293
-0.005669
-0.0061926
-0.0025415
0.006501
0.0085972
0.0014783
0.0004955
-0.0060677
0.0001718
-0.0005088
0.0051172
-0.0082688
-0.0039574
0.0012804
0.0053184
-0.003498
-0.0016916
-0.0013061
0.0022027
4.52e-5
-0.0092767
0.0090314
-0.0032041
0.007319
-0.0085001
-0.0010383
0.0041425
0.008471
-0.0072358
0.007505
-0.0092961
0.0078052
0.0028543
-0.0083032
0.0010812
0.0099975
0.0036894
0.0092866
-0.0065049
-0.0029801
0.001243
-0.0067507
-0.0084899
0.0076106
-0.0037293
0.0073746
0.0070978
-0.007674
-0.0053686
-0.0082557
-0.004152
-0.0045119
-0.003377
-5.68e-5
0.0083749
-0.0061399
0.0049789
-0.0075146
0.0077555
0.0094632
-0.0003752
0.0048214
-0.0058838
0.0068631
-0.0063072
-0.004195
-0.0053414
-0.0052742
0.0048361
-0.0096098
0.0008729
-0.0089477
-0.0073874
0.0005884
0.0031117
0.0035698
0.0003412
0.0012803
0.0090589
0.0071325
-0.0033602
-0.0018627
0.0008074
-0.0095976
-0.006218
-0.0034454
-0.0053854
0.007458
-0.0053055
-0.0031342
-0.0057577
0.0055403
-0.0029615
0.0030114
0.0026139
0.0080819
0.0061769
-0.0090907
-0.0051817
-0.007381
-0.0086151
0.0048919
-0.0090318
0.0043533
-0.0084418
-0.0004137
0.0071845
-0.0029301
0.0024702
0.0044958
0.0020905
0.0077357
0.0003569
-0.0099779
0.0058278
0.0007718
0.0086697
-0.0038986
-0.003425
0.0061338
0.0077001
-0.00727
0.0021697
-0.0035653
-0.0081644
0.0093208
-0.0059392
0.0096482
0.0073141
0.0012702
-0.00497
0.0076849
0.0025675
-0.0056329
-0.0094753
0.007533
-0.0057501
-0.002398
-0.0008036
0.0016483
0.003716
0.0009749
0.0004114
0.0077576
0.001265
0.0044758
-0.0054795
0.0044327
0.0063754
0.006192
0.0004095
-0.0019991
0.0067584
-0.007433
-0.0019472
0.0068257
0.0004189
-0.0088124
0.0058034
-0.0057202
-0.0032928
-0.0011477
0.0023764
-0.0082356
0.0010376
0.0084946
-0.0006248
0.0079212
0.0042415
-0.0033358
-0.0053675
0.0037741
-0.0031134
-0.0019462
-0.0057344
0.0021469
-0.0050776
-0.0079328
