0.0078803
0.0087138
0.009133
-0.0001809
0.0093029
0.009017
-0.007889
0.0017502
-0.0072152
0.0014753
-0.0060168
0.007723
-0.0075649
0.0041959
0.0063507
0.0003417
0.0011324
0.0089421
-0.0059714
-0.0023313
-0.0035436
-0.0004456
-0.0099385
-0.0083178
0.0023393
0.0041536
0.0016464
-0.0083859
-0.0084778
-0.0047094
0.008272
-0.0079529
-0.0079226
-0.0009374
-0.0006697
0.0039155
0.0085871
-0.0002616
-0.008958
-0.0066885
-0.0089149
0.0095284
-0.002611
0.0099401
-0.0077105
-0.0062077
-0.0015252
-0.0006981
-0.0001924
0.0042463
-0.0094282
0.0036914
-0.0037949
-0.0017579
-0.0077498
0.0055771
-0.0061415
-0.0045363
0.0099398
0.003352
-0.0010998
-0.0085482
0.0005264
-0.0052466
-0.0029809
0.0096426
0.0088427
-0.008642
0.009766
0.0038608
-0.0011154
-0.0028485
-0.006334
-0.0054543
-0.0020055
-0.0099128
0.0039245
0.0091267
-0.0047405
-0.0006175
-0.0089493
-0.0010457
0.0087138
-0.001945
-0.0014284
-0.0040696
-0.0048617
0.0015273
-0.0054428
-0.0038585
-0.0053835
-0.0058567
-0.0019974
-0.0068974
0.0039707
0.0034227
-0.0023274
0.0046708
-0.0005805
-0.0048872
-0.0028345
0.0062009
-0.0082495
-0.0012652
0.0054999
0.0046702
-0.00664
0.0016769
0.0021544
0.0023292
0.0071755
-0.0078477
0.0061642
-0.00704
-0.0051995
0.0099386
0.0063344
0.0010284
-0.002057
-0.0055921
0.0028157
0.0047625
0.0040038
-0.0094917
0.0015128
0.0035299
-0.0017708
0.0028518
0.0063651
-0.0028486
-0.0054706
-0.0020336
0.0007668
0.0026726
0.0026862
0.0046509
-0.0087184
0.001329
-0.0066673
-0.0006357
-0.0025912
-0.0017683
-0.0001913
0.005605
-0.0086133
-0.0032692
-0.0079132
-0.0049714
-9.52e-5
0.0008989
-0.0067795
0.001332
0.0076671
0.0018639
-0.0002261
0.0025199
0.0045307
-0.0096715
-0.0057441
-0.0058982
0.0090272
-0.0026772
0.0045663
-0.002978
-0.009644
0.0061815
-0.0070974
0.0020673
0.0028838
-0.0044506
0.0060919
-9.43e-5
-0.0026617
0.0010503
-0.0069239
0.0042608
-0.0055463
0.0073904
-0.0019274
-0.0057553
-0.0030564
-0.0084348
0.0018182
-0.0081716
0.0033769
0.0050617
-0.0031088
-0.0025645
0.0011234
0.0019073
-0.0044224
0.0062846
0.008485
-0.00916
0.005806
0.0087946
-0.0067435
0.0078084
0.0060427
0.00975
2.48e-5
0.0001792
0.0054628
-0.0099387
-0.0004493
-0.007855
-0.0062302
0.0043866
0.003195
0.0015016
-0.0097697
-0.0081976
0.0078489
0.0045104
-0.0056158
-0.0010305
0.0045976
0.0062076
-0.0033989
-0.0077606
0.0027489
-0.0075016
-0.0081898
-0.0051397
0.0035994
0.0068527
0.0008467
0.0028705
0.00894
-0.00682
0.0008853
-0.0063042
0.0001873
0.0073447
0.0082955
-0.002647
-0.00435
0.0007111
-0.0015396
-0.0055619
0.0016917
0.0083213
0.008411
-0.0065977
-0.0063935
-0.0079476
0.0047524
-0.0055252
0.0052757
-0.0096662
-0.002703
-0.0099657
0.0046097
0.0042851
-0.0046772
0.0096572
0.0042104
-0.0063401
-0.0095974
0.0068563
-0.0066084
0.0078029
-0.0058341
0.0001456
0.0027367
0.0067551
-0.0008129
-0.0074605
-0.0088715
-0.0083629
-0.0080011
-0.0052077
-0.005596
-0.0071414
-0.0089413
0.0030888
0.0099635
0.0064249
-0.0044755
-0.0062852
-0.0069964
-0.0013581
0.0051487
0.0043681
-0.0056937
-0.0044644
-0.0077755
-0.0073401
-0.0023696
-0.0062349
-0.0044768
0.005652
-0.0069909
0.0020367
0.0091379
-0.0090084
0.0017896
0.0084615
0.0049348
0.001594
0.0098242
0.0089868
0.0055138
0.0024042
0.00801
-0.0027039
-0.003076
-1.82e-5
0.0044475
0.0008996
0.0093757
0.0033004
0.0022693
-0.0042876
0.000706
-0.0081775
-0.0076855
0.0011673
-0.0087596
0.0034009
0.0002686
0.0056948
0.0042287
-0.0088218
-0.0057283
0.0095227
0.009148
-0.0067591
-0.0084494
-0.004743
-0.0071285
0.0056511
-0.0014261
-0.0093828
-0.0012033
-0.00682
-0.0052084
-0.0022373
-0.000675
0.0021492
-0.008012
-0.0002376
0.0089471
0.0026599
-0.007711
0.0018278
-0.0059846
0.0021651
0.0082
0.0046516
-0.0018838
0.0012379
0.0085687
0.0057507
0.0092439
-0.0076144
0.0097349
-0.00152
0.0091519
-0.0015543
0.0064374
0.0016292
0.0032592
-0.0026869
-0.0064686
-0.0087628
0.0094959
0.0064304
-0.005937
0.0095682
0.0006796
0.0099941
0.0039923
0.0051271
0.007515
-0.0096161
-0.0017511
0.0080968
0.0020603
-0.0062488
0.0080469
-0.0035001
0.0095994
-0.0087634
-0.008956
-0.0098436
0.001707
0.0067152
-0.0041653
-0.0045966
0.0002109
-0.0094911
-0.0092446
0.0051611
0.0021758
-0.0043886
0.0024545
0.0075388
-0.0017214
0.0074296
-0.0075528
-0.0068626
-0.0043605
-0.0011705
0.0037235
-0.0077388
-0.0067188
-0.0027586
0.0074803
-0.0085466
-0.0088347
-0.0068287
-0.0013754
-0.0090773
-0.0055455
0.0070046
0.0062831
0.0098886
0.0056754
0.0015129
0.0093928
-0.007633
0.0014264
0.0028238
0.0036362
0.0007182
-0.0017293
0.0035726
-0.0062869
0.0031881
-0.0012824
0.0018725
-0.0098868
-0.0058714
0.0088274
0.0038646
0.005416
-0.00742
0.0051912
-0.0083911
-0.0029337
0.0062572
0.0064325
-0.0024001
-0.0043077
0.0009134
0.002159
-0.0019234
0.0013177
-0.0053101
-0.0046825
0.0003688
-0.0033707
-0.00768
-0.0027727
0.0021948
0.0079575
0.0096098
-0.001359
0.0058953
-0.003535
0.0061131
2.91e-5
-0.0022405
0.0010131
-0.0071427
-0.0075426
-0.0097576
0.0081338
0.005554
0.0021991
-0.0053567
0.0012516
0.0057384
-0.004842
0.0001126
-0.0092419
0.0053784
0.005097
-0.0003828
-0.0014818
-0.0046038
0.0054846
-0.0029452
0.0072498
0.0096611
-0.0016782
0.0065299
0.0011724
-0.0060793
0.0087421
0.0095609
-0.0097465
0.0041008
0.009545
