-0.0027592
-0.007093
-0.0008548
-0.0066071
-0.0056073
0.0053545
-0.000794
-0.0020671
-0.0087549
-0.000282
0.0065696
0.0025893
-0.0067237
-0.0016082
-0.0039451
-0.0074014
-0.0082285
-0.0073779
0.0007953
-0.0093458
-0.0099979
-0.0025105
0.0059275
0.0071139
-0.0076893
0.0063852
-0.0023283
-0.0036312
0.0019112
0.0003288
0.0089726
-0.0009752
0.0012286
0.0026569
0.0002999
0.0026381
0.008746
-0.0097171
-0.0088852
0.0010466
-0.0078451
-0.0039615
-0.0086606
0.0033178
-0.0093051
-0.0023454
-0.0059285
-0.0035469
0.0020639
0.0090557
-0.0057209
0.0016877
-0.00962
-0.0017698
-0.0004408
-0.0042832
0.0097084
0.0017733
-0.0043376
0.0023385
0.0033979
-0.0094161
-0.002675
-0.0010101
0.0080574
0.0026311
-0.0050122
0.0009956
-0.0069668
-0.0005268
0.000562
-0.0050912
-0.0040328
0.0020319
0.0078664
0.0037621
0.0010965
0.0014849
0.0077348
-0.0097586
-0.001165
0.0068238
0.0028796
-0.0069909
0.0059571
0.0075437
0.0069976
0.0007025
0.0032323
0.0071674
0.0098775
0.0083933
0.0010889
0.0001031
0.0011358
-0.0053633
-0.0068757
-0.0083885
0.001489
0.0095961
0.0038879
-0.0006959
0.0088814
-0.0066015
-0.000593
0.0082379
0.0060817
0.0064572
0.0055854
-0.0091471
-0.0084458
-0.0008013
-0.0023572
0.0015385
-0.006258
-0.0048603
0.0043832
-0.0041811
-0.0032666
-0.0052556
-0.0002098
0.0066593
-0.0045268
1.53e-5
0.0003533
-0.0051328
-0.004298
0.0086817
0.0036455
-0.0076596
0.0082753
0.007228
-0.0007657
-0.0060266
9.27e-5
0.0081611
-0.0067645
0.0047102
-0.0099268
-0.0098289
-0.0065478
0.00289
0.0042601
-0.00663
-0.0078037
-0.0099263
-0.0071345
-0.0069986
-0.006918
0.0066876
-0.0053074
-0.0077526
0.0073829
-0.0091932
0.0087635
0.007828
0.0024539
-0.0023603
-0.0017087
-0.0061595
0.0078539
-0.0004648
0.0001333
-0.0092094
-0.0046792
-0.0088987
0.0062379
-0.0079753
-0.0002864
0.0089309
0.0003761
0.0078344
-0.0097162
0.0083261
-0.0097105
-0.0035479
-0.0032172
-0.0040344
-0.0080002
-0.001991
0.0036037
-0.0070671
0.0001849
0.0034056
0.0002344
0.00925
-0.0004261
0.0076177
-0.006042
0.0086762
-0.0021992
0.0059001
0.0069752
0.007268
-0.0036625
0.001125
-0.0081326
-0.0068312
-0.0061968
-0.0006537
-0.0048057
0.0049597
0.0004802
-0.0062449
0.0003575
-0.0075759
0.0056079
-0.0013909
0.0027654
0.0058796
0.006393
-0.0065384
0.0096697
0.0084708
0.0030568
-0.0010278
-0.0078912
0.0003262
0.0082215
-0.0070597
0.0097016
0.008903
-0.0083614
-0.0010004
-0.0017939
0.003655
0.0079504
0.0021411
-0.0047014
0.0008104
-0.0017536
-0.0067354
-0.0019608
0.0018476
-0.0039142
-0.0080437
0.0051946
0.0057546
0.0097125
0.0014834
0.0027941
0.0069239
0.0076129
-0.0033813
0.0040455
-0.0008078
-0.0096002
0.0040509
-0.009081
0.0015605
1.65e-5
-0.0054012
0.0085124
0.0090236
-0.0019216
-0.0067196
-0.005179
0.0047808
0.0051754
-0.0064843
-0.0030013
0.0040348
-0.0037915
0.0057689
0.0042886
0.0060815
0.0032698
0.0029284
0.0053044
-0.0048276
0.0051181
0.006691
0.0097158
-0.0021867
0.0081423
-0.0061712
-0.0090892
0.003009
-0.0009429
-0.0063767
0.0094216
0.0024273
0.001857
-0.0029955
0.0070302
0.003156
-0.0022335
-0.0041737
0.0061878
0.0037684
-0.0094308
0.001641
-0.0096976
-0.0071891
0.0035336
0.0018167
0.0045884
-6.16e-5
-0.0075328
0.0054024
0.0034585
0.0024999
-0.0070583
0.0051441
0.0067961
0.0024574
-0.0074308
-0.0054551
0.0024133
-0.0003298
0.0074863
0.0095986
-0.0064395
0.00877
-0.0072095
0.0038545
-0.0005924
-0.0004733
-0.0067662
-0.0083758
0.006008
-0.0063502
-0.0061726
0.0015714
-0.0094243
-0.0099896
0.0087772
0.0089166
-0.0062538
-0.0085246
-0.0035377
0.0063752
-0.0090738
-0.0014042
-7.1e-5
0.0020254
-0.0087749
0.0055425
0.001444
0.009652
-0.0032424
-0.0079912
-0.0039563
0.0054039
-0.0050179
0.0054368
0.0078948
0.0011468
0.0020808
0.0030464
-0.0066594
2.4e-6
-0.0079085
-0.0056813
-0.0020292
-0.0011808
0.0048622
-0.0090184
-0.0016264
-0.0026701
-0.0064632
-0.004388
-0.0041595
0.0080283
0.0081817
0.0002908
-0.0047578
0.0016662
-0.0099935
-0.006378
-0.0067282
0.002387
0.0080235
0.0003716
0.0045992
-0.0074645
-0.006469
-0.0034957
0.0087521
-0.0057829
-0.0092525
0.0084001
-0.0063257
-0.0021939
0.0097138
0.0089394
-0.0031851
-0.0007865
0.0039071
0.0054506
0.001023
-0.0040203
0.0099316
0.0024806
-0.0071767
-0.0095912
-0.0050844
0.0034127
-0.0025045
-0.0075107
-0.0057832
-0.0029133
-0.0028788
-0.0033613
0.0055239
-0.0056691
0.0031658
-0.007864
0.0054215
0.0019605
0.005888
0.005714
-0.0031827
-0.0056232
0.00841
-0.0074754
0.0051669
0.0059118
-0.0010492
0.0073461
0.0026718
0.0050688
0.0065385
0.0060001
-1.09e-5
0.0038141
0.0083668
-0.0017074
-0.0037072
-0.0010156
-0.0060673
-0.0056188
-0.0061727
-0.0026417
0.0098552
0.0065221
-0.0025576
0.0069835
0.0089018
0.0020908
0.0038873
0.0029423
0.0047014
-0.0060293
-0.0039769
0.0018081
-0.0075785
-0.0064194
0.0028692
-0.0005813
0.0067979
-0.0077315
-0.0008388
0.0099138
0.0098207
0.0023078
0.0046079
0.0023694
0.0012443
0.0049719
-0.004384
0.0080028
-0.0042422
-0.0048386
-0.0069755
-0.0023247
-0.0051134
-0.0009348
0.009054
-0.0064906
0.0067361
0.0075665
0.0014393
0.0030921
-0.0003796
-0.0091892
0.0022244
0.0032839
-0.0022818
-0.0043717
0.0096695
0.0076262
-0.0064517
0.0065187
0.0088628
2.42e-5
0.0046614
-0.0025842
0.0057424
0.0023665
-0.0037033
-0.0076218
0.0018559
0.0026961
0.0075715
