-0.0025957
-0.0055702
0.001381
-0.0033948
-0.007524
0.0065421
0.0044818
0.0042068
-0.0034442
0.0003992
-0.0013597
0.0017692
0.0005632
0.0026378
-0.0062831
-0.0080072
0.0044527
-0.0011095
0.0097448
0.0040959
-0.0043101
-0.0077322
0.0052273
0.0078645
-0.0076061
-0.0091257
0.0039147
-0.0040099
0.0022338
0.0059042
0.0003851
0.0096153
0.0023036
-0.0035637
-0.0023466
0.0008316
-0.0045661
-0.003387
0.0034004
0.0013688
0.0079689
-0.0025097
0.0052438
-0.0034946
0.0034726
-0.0026584
0.0027418
-0.0057465
-0.0093989
-0.0086692
-0.0097508
-0.0035929
-0.0048519
-0.0037855
-0.0034289
0.0056992
-0.0074367
0.0006027
-0.0037491
-0.0039249
-0.0014673
0.0006889
-0.0093574
0.0090732
-0.0075512
0.0083167
0.0020243
-0.0004383
0.0061663
-0.0037201
0.0064789
-0.0084518
0.009379
0.0086416
0.0031127
-0.0077376
-0.0087808
0.0026494
0.0021517
-0.0080103
-0.0011509
0.0044737
0.0028885
0.0021784
0.002084
0.0001417
-0.0060729
-0.0015212
-0.0082421
7.87e-5
-0.00395
-0.0024532
0.0025584
0.0022903
-0.0001366
0.0041424
0.0060803
0.0065204
-0.0086143
-0.0074338
-0.0094497
0.0060555
0.0001289
-0.002178
-0.0072035
0.0096332
0.0058896
-0.0043577
0.0038995
0.0060453
0.0037238
-0.0029094
-0.0025473
0.0056191
-0.0018284
0.0097156
0.0002246
0.003612
0.0046765
0.0042834
0.0059932
0.0011631
-0.0021561
-0.005563
0.007424
0.0092803
-0.0010945
-0.0078603
0.0095145
-0.0062851
-0.0066478
-0.0077385
-0.0006616
-0.006803
-0.0022885
-0.0086992
-0.0080379
0.0011113
-0.0040004
0.0071021
0.001149
0.0028675
0.0095014
0.0007466
0.0054752
0.0026861
0.0017242
-0.0030284
0.0027137
0.0030446
-0.0006317
-0.0050042
0.0038965
-0.0001873
-0.0063089
0.0091338
-0.0029847
-0.0014472
-0.0053645
0.003291
-0.0015813
-0.0016552
0.0014418
-0.0013299
0.0046193
0.0012617
-0.0098097
0.0024101
-0.0050046
-0.0005174
-0.0050039
0.0025227
0.0003929
-0.0027653
-0.0043268
0.001927
0.0074045
0.0048186
0.0053742
-0.0081259
-0.0039611
0.0006563
-0.0007817
-0.0007241
-0.009742
0.0094896
-0.000152
-0.0034243
-0.007372
-0.0077417
0.0078876
-0.0098588
-0.0072604
-0.007544
0.0093404
-0.003867
0.0095838
0.0077229
-0.0069096
-0.0060794
-0.0003517
-0.0065917
-0.0099947
0.0084338
-0.001797
0.0018203
-0.0004579
-0.0055535
-0.00959
0.0040843
-0.0020682
0.00884
-0.0097954
0.0053165
-0.0026432
-0.0037364
-0.0056902
-0.0093003
-0.0088507
-0.0048259
0.002206
-0.0003217
-0.008254
-0.001642
0.003204
0.0044722
0.0003864
0.0031199
0.003389
-0.0071325
0.0010584
-0.0047594
-0.0038204
-0.0056938
0.003334
0.0017347
-0.0087543
0.0070377
-0.006235
-0.0017781
0.0087163
0.0084421
-0.0036803
0.0010002
0.0084966
-0.0005829
-0.004466
-0.0011234
-0.0071989
-0.00438
0.0099806
0.0094262
0.0045174
-0.0003078
0.0034627
0.0049553
0.0056303
-0.0041673
0.0068927
-0.0064722
0.0002332
0.0055116
0.0017932
0.0013232
-0.0041546
0.0018682
0.00833
0.0040048
0.0045209
0.0021753
-0.0014587
-0.003944
0.0071237
0.0019786
-0.0029892
3.86e-5
-0.0013066
-0.0042857
0.0083083
0.0003098
-0.0041068
-0.0029828
0.0026208
0.0016017
-0.0014986
0.0036245
-0.0071271
0.0005921
-0.0068649
-0.0008005
-0.0086316
0.0018384
-0.001797
-0.0026025
-0.0066489
-0.0033838
-0.005666
0.0095469
-0.0018396
0.0011684
-0.0052584
0.0011255
0.0030724
0.0045454
0.0024985
0.0091842
-0.0078753
-0.0046803
0.0097869
0.0065165
-0.0097862
-0.0034644
0.0035656
-0.0085279
0.0011707
0.0067954
-0.0049554
0.0002567
0.0038329
0.0016521
0.0050219
0.0048511
0.0084282
-0.0095757
-0.0050183
-0.0019525
0.0083683
-0.0005808
-0.0053524
-0.0092742
-0.0093866
-0.0098973
-0.0070459
-0.0078332
-0.0022858
0.0054615
-0.0051787
-0.0051358
-0.0045346
-0.0057161
0.007511
0.0028529
-0.0083428
0.0058326
-0.0059534
-0.0037186
-0.0013695
-0.009058
0.0048629
0.0023297
-0.0037317
-0.0026056
0.0013837
0.0080168
-0.0054978
-0.0047139
-0.0006966
-0.0053676
-0.0077396
-0.0057011
0.0069129
0.0095339
-0.0017783
0.0073559
0.0008586
0.0052182
-0.0017765
0.0090035
0.0094097
-0.001234
0.0024004
0.0042028
-0.0017787
0.0043766
0.0084565
-0.0022904
-0.0068041
0.0031404
-0.0031146
0.004482
0.0075313
-0.0026958
0.0089826
0.0039302
-0.0022451
0.0026675
-0.0044953
0.0003775
0.0087449
0.0060477
0.0037936
-0.0051247
0.0062549
-0.0097904
-0.0027716
-0.0098044
0.0092588
-0.0034816
0.0076993
-0.0017737
0.0050852
0.0098517
-0.0023031
0.0027964
0.0047592
-0.0098763
0.007584
-0.0009268
0.0048931
0.0040868
0.0048767
-0.0075491
-0.009604
-0.0067892
-0.0026041
-0.0090863
0.0037833
-0.0047571
-0.0087417
-0.0076261
0.0001014
0.0099625
0.0086238
-0.0089883
0.0055426
0.0039592
0.0085773
0.0089453
-0.0036783
-0.0014061
0.0092566
-0.0048175
0.0016681
0.003076
0.0050089
-0.0011685
0.0088176
-0.0001842
-0.0065759
0.0040676
0.0027876
0.0097616
0.000866
0.0010922
0.0084382
0.0068078
-0.0001145
-0.005871
-0.0035156
0.0077518
-0.0077492
-0.0051194
-0.0022863
-0.0043442
0.0057419
0.0068986
0.0001428
-0.0030295
-0.0034883
-0.0022603
-0.0089056
-0.0089478
-0.0029021
-0.0083618
-0.0013283
-0.0042905
0.0052785
0.0017705
-0.0085529
-0.005598
-0.0044727
-0.0062627
-0.0096386
0.0034404
0.0089694
0.0059967
0.0031823
-0.0005189
0.0094933
-0.0067537
0.0089049
-0.0062402
-0.0004345
0.0071498
-0.0076072
-0.0058718
-0.0031088
0.003774
0.0087296
0.0091108
0.0030631
-0.0004861
-0.0066109
0.0019008
-0.0047352
