-0.0064608
0.0088505
0.0075704
-0.0056362
0.0043241
-0.0083837
-0.0082999
-0.0007942
7.82e-5
0.0055355
-0.0099563
-0.0009074
0.006888
0.005472
-0.0067714
-0.0095123
0.005954
-0.0031283
-0.0063087
-0.0004779
0.0013203
0.006491
0.0007451
-0.0004763
0.000872
0.0064345
0.0083795
0.0040594
-0.0089877
-0.0092652
-0.0013724
0.0017128
-0.0073845
0.0061415
-0.0066606
0.0085966
0.002287
-0.0042183
-0.0088359
-0.0085115
-0.0016453
0.002441
0.0035743
-0.0045328
-0.0021623
-0.0054499
-0.0083772
-0.001192
-0.008033
0.0091047
0.0018252
0.0071493
0.0079735
-0.0002362
-0.003841
-0.0082646
-0.0040307
-0.0077476
-0.0074048
0.0046091
0.0038239
-0.0098
-0.0087077
0.0089502
-0.0060555
0.0052413
-0.0026146
-0.0074782
-6.01e-5
0.00745
0.0071676
-0.0087327
0.0018489
-0.004283
0.0054324
-0.0054516
0.004739
-0.0070678
0.0073701
-0.0099303
0.0052182
-0.0033481
-0.0025216
0.0060227
-0.004536
-0.0047438
0.0095962
0.0044989
-0.000771
0.0040179
-0.0054061
0.00656
-0.0090393
0.0084166
-0.0052823
0.0022013
-0.0002107
-0.0090714
-0.006967
0.0002979
-0.006508
-0.0055579
0.004835
-0.0089128
-0.0035614
0.0090773
-0.0040624
-0.0001811
-0.002085
0.0024854
-0.0045306
-0.0088408
-0.0041932
-0.0004709
-0.0091267
-0.0018302
-0.0014775
0.0047375
-0.0027985
-0.00014
-0.0055506
0.0006677
0.0070107
0.0035433
-0.0077974
-0.0051771
0.0005189
0.0011868
-0.0062761
-0.0023377
-0.0085011
-0.0028416
-7.05e-5
-0.0085301
0.000932
0.0073338
-0.0084842
0.008114
-0.0045024
-0.0051734
0.0068866
0.0071358
-0.0018219
5.69e-5
-0.0034339
-8.64e-5
-0.009908
0.0021279
0.0020744
-0.0008644
-0.0082411
0.006517
-0.0007374
-0.0091847
0.0005133
0.0040255
0.0061259
-0.0083324
0.0055919
-0.0017472
-0.0054947
-0.0039546
0.0071207
0.0051378
0.0041255
-0.0059044
0.0033797
0.0053826
0.0089968
0.0096684
-0.0043722
0.0099441
7.04e-5
-0.0076494
-0.0028823
0.0084482
0.0092529
-0.0046106
-0.0006798
0.0014043
0.0087682
0.0060562
0.0032205
0.0075871
0.0005444
0.0033559
-0.005398
0.0064614
-0.0079626
0.0062725
0.0023405
-0.0026433
0.0084489
0.0072097
0.008835
-0.009093
-0.0083257
-0.0003166
0.0089146
0.0027347
0.00526
-0.0032442
0.0017651
0.005025
0.0092815
-0.000737
0.0007757
-0.0099771
0.0056236
-0.0036819
0.0084218
0.000719
0.0043847
-0.0092142
-0.0022054
-0.0045855
-0.0032153
0.0087967
-0.0051676
-0.0073242
-0.0093718
-0.0059887
-0.0006971
-0.0042424
-0.0015158
-0.0005769
-0.0030062
0.0079589
0.0034592
-0.0070995
-0.006512
0.0068806
-0.0071009
0.0082026
0.0012762
0.0016953
0.0032693
0.0052673
-0.0091431
0.0022751
0.0068696
0.0005204
-0.0051993
0.0037665
0.0012962
-0.0022746
0.0066118
-0.0005198
0.0011513
0.0062792
-0.0095207
0.001267
-0.0016988
0.0075811
0.0002506
-0.0066342
0.0067174
-0.0098984
-0.0010363
0.0068358
0.0075905
-0.0044491
-0.008922
-0.0040562
0.0069205
-0.0017471
-0.0099008
-0.006676
-0.0032208
0.0095425
-0.0062468
-0.0067189
-0.006362
0.0005225
-0.0099408
0.0020163
-0.0048342
0.005749
0.0023772
0.003581
0.0081414
-0.0028072
0.0008348
0.0017363
-0.0082861
-0.0015182
-0.0088372
0.0002582
0.0067913
-0.0034222
-0.0032359
0.0079624
0.0081802
-0.0099465
-0.006455
0.0070482
-0.0001786
-0.0085791
-0.0021014
0.0030523
0.0089063
-0.0023783
-0.0048902
-0.0028084
0.0006137
-0.0064228
0.0009129
0.0087546
0.0029639
0.0049705
0.0072248
-0.0083305
-0.0029328
0.0057707
0.0010794
0.0026704
-0.004752
0.0066716
-0.0061764
-0.0069473
-0.0029932
5.7e-6
0.0004788
-0.0099148
0.0061694
-0.0059846
-0.0044326
0.0072935
-0.0062171
0.0044496
0.0057264
0.0007615
-0.005747
-0.0061817
0.0098532
-9.99e-5
0.0059919
0.0071564
-0.0043576
-0.0061176
-0.0036298
-0.0092472
0.0037656
-0.0043314
0.0041458
0.0053234
0.0038235
0.0027224
0.0076056
-0.0086637
-0.0036057
0.0039185
0.00822
0.0016699
-0.0051877
0.0040258
0.0073955
0.0056555
-0.0017307
-0.0068978
-0.0009349
-0.0023027
0.0029642
0.0011335
0.0038525
0.0004884
-0.0074212
-0.0004754
0.0034157
0.0099708
-0.0017247
0.0057149
0.0031724
0.0044684
0.0025567
0.008127
-0.0065281
0.0076836
0.0072297
0.0031033
0.0010592
-0.0093694
-0.0047705
-0.008008
0.0042085
-0.004238
0.0071841
0.0033809
0.0088501
-0.0082997
0.0001805
-0.0082754
-0.0096281
0.0019705
0.0084558
0.0067365
0.0033079
-0.0095725
0.0063896
0.0045957
-0.0022273
0.0015644
-0.0024637
-0.0006856
0.0073556
0.0032548
-0.0081308
0.0013157
0.005522
-0.0034537
0.0045019
-0.0020038
0.0072992
0.0079779
-0.0038695
-0.0034086
0.0057192
-0.0070006
0.0008847
-0.0003853
-0.0067216
-0.0021957
0.0064511
-0.0055305
0.0026955
-0.002921
0.0022642
0.0014082
0.0018901
-0.0058287
-0.0072184
0.0015416
0.0023326
-0.008213
-0.0081619
0.0067834
0.0094736
-0.0074477
0.0081958
-0.00556
-0.0083535
0.0074295
-0.0030885
-0.0009106
0.0043471
0.0090891
0.0068109
0.0075164
0.0023689
-0.0094348
0.0094942
-0.0011938
-0.0095466
0.000265
-0.0050803
-0.0048557
-0.0007952
0.0041029
-0.0069129
-0.0099865
-0.0052912
-0.004337
-0.0008436
-0.0076548
-0.0051619
-0.0059723
0.0013277
-0.0040022
0.0018299
-0.000737
0.0019375
0.0022731
0.0028822
0.0021456
-0.0078343
-0.0051547
-0.0067203
0.0020334
0.0025177
0.0048085
-0.0053413
0.0023046
0.0063731
-0.0078616
-0.0042853
-0.0001412
0.0086318
0.0057055
-0.0016394
-0.0038654
0.006175
-0.0012304
-0.0014855
0.0047633
0.0085669
