-0.0041473
0.0030961
-0.0022852
-0.004435
-0.0004907
-0.0032976
0.0001931
-0.0075712
0.0073863
-0.0072247
0.009281
-0.0058185
0.0099785
-0.0075425
-0.0066009
-0.0085876
-0.0073586
-0.0064617
0.0067867
0.0041518
0.0004744
0.0088302
0.0087161
0.0026953
-0.0056842
-0.0065048
-0.0059335
0.0025946
0.0079754
-0.0079166
-0.0076986
-0.0047292
-0.0095579
0.0041183
0.0028897
0.0026668
0.0023115
-0.0030289
-0.001066
-0.0038686
0.0073572
0.0050262
-0.0049761
-0.0024713
-0.0043073
0.0055928
0.0095699
-0.006898
-0.0067846
0.0045239
-0.0042137
0.0023449
0.0039363
0.0058412
0.0037413
-0.0088241
-0.0049178
0.0097648
0.0088863
-0.0039843
0.0099817
0.0020282
-0.0083476
0.0038136
0.0075686
0.0067869
-0.0063876
-0.0081362
0.007699
-0.0078285
-0.0083064
0.0064069
-0.0036996
-0.0055031
0.0095008
0.002665
-0.0084103
0.002114
-0.001249
0.0024887
0.0051766
-0.0014565
-0.0067653
0.0014347
0.009544
-0.0079557
-0.0039289
0.0096806
-0.0040572
0.006752
-0.0055428
0.0070742
0.0046611
-0.005564
-0.0079093
-0.0076404
-0.0066119
-0.0045146
-0.0042535
0.0077221
0.00586
0.0039126
0.0011452
0.004694
-0.0098559
0.0088149
-0.0091251
0.0020486
-0.0009901
-0.0030579
-0.0028213
-0.0049733
0.0038332
-0.00764
0.0004435
0.0002681
0.0068398
0.0078606
0.0010196
0.0053178
0.0092845
0.0048927
0.0043778
0.0042294
-0.0085782
0.0022416
0.005396
0.000594
-6.24e-5
0.0035546
-0.0007894
0.0020342
0.0007362
-0.0093356
0.0034726
0.0006681
0.006385
0.0093851
0.0051065
0.0065377
-0.0062523
-0.0064155
0.007065
0.0034248
-0.0018598
0.0015725
-0.0049162
3.59e-5
-0.0007205
-0.0003646
0.0020157
0.0081927
0.0017727
0.0004761
0.0079627
-0.0099225
-0.0080074
-0.0030848
-0.006609
-0.0022276
-0.003692
0.0070856
0.0048872
-0.0077489
-0.0028048
0.003999
0.0058284
0.0084383
-0.002521
-0.0044433
0.0050309
0.0081285
0.0099917
0.0045781
-0.0076027
0.0023866
-0.001599
0.0027833
0.0093015
-0.0095886
0.0007873
0.0046507
-0.0060741
0.0088701
0.0072449
-0.0081978
0.0098896
-0.0073734
-0.0065169
0.0067069
-0.0079848
0.0041372
0.0041628
0.0091838
-0.0064097
0.0011219
0.0009688
0.0014465
0.0091345
0.0068891
0.0040653
-0.0024087
-0.0074606
0.0045856
-0.0030745
0.0034077
-0.0043985
-0.0009353
0.0064881
-0.0097985
0.0034472
0.0014469
0.0084296
-0.0049454
0.0082409
0.000457
0.0073933
-0.0046103
0.0094605
-0.0010073
-0.0064673
-0.0034767
-0.0056667
-0.0075462
-0.0084783
-0.0034348
0.0002004
0.0077128
0.0073031
0.0030054
-0.0059726
0.0012778
0.0015961
0.0082595
-0.0060992
0.0036712
0.0030405
0.0097935
-0.0054167
-0.0050096
0.0068654
0.0034619
-0.0068158
-0.0068128
-0.000679
-0.0069895
0.001616
-0.00841
-0.0049257
-0.0090847
-0.0075917
0.0026805
-0.0049288
0.0095015
0.0052854
0.0094813
-0.0031098
0.0029517
-0.0063876
0.0007245
-0.0011891
0.0063053
-0.0065631
-0.0002542
0.0016925
0.0013164
-0.0091654
-0.0049983
3.24e-5
-0.0074297
-0.009931
0.0017788
-0.009569
0.0054864
0.0055903
-0.0075409
-0.0005116
0.0059156
0.0043696
0.0055727
-0.0080489
0.0066753
-0.0031234
0.006094
0.0084375
-0.0047177
-0.0022578
0.0051935
0.0047749
0.0033089
-0.0006843
-0.0070771
0.0096074
0.0083423
-0.0009424
-0.005991
-0.0023369
0.008702
0.0063484
-2.61e-5
0.0034311
0.0069111
-0.0053477
0.0034671
-0.0096761
0.0038457
0.0013685
-0.0092516
-0.002055
-0.0022861
0.0068699
0.0009132
0.0027712
-0.0031424
0.0004922
-0.0041511
0.0027384
0.0010673
-0.0055296
0.0097917
-0.0064171
-0.0012645
0.0058658
0.0013507
-0.0098099
-0.0075914
0.0043551
0.0027706
0.0059581
0.0065917
-0.0037628
0.0067116
-0.0075185
0.0055186
-0.0091389
0.0053248
0.0016064
0.0038715
-0.0001546
0.0034919
0.0031667
-0.005928
0.0078858
0.0098075
-0.009694
-0.0057129
0.001083
0.0012155
0.0032815
0.0093243
0.008752
-0.0040769
0.0068509
-0.0007896
0.0070044
0.0019597
0.0047685
0.0041334
0.0026572
0.0060838
0.0066673
0.0053191
0.0043832
-0.0042809
-0.000524
-0.0028491
0.0017807
0.0027236
0.0070992
0.0082463
0.0034344
0.00095
-0.0086902
-0.0065528
-0.0037762
0.0076216
-0.0072891
-0.002928
0.0037683
-2.15e-5
-0.0072897
-0.0031295
-0.0004231
0.0043049
-0.0057175
0.0096654
0.00903
-0.0084319
-0.0094881
-0.0032265
-0.0087821
-0.0026291
-0.0010778
0.0067945
0.008678
0.0046621
0.0040881
0.0006371
-0.0052571
0.006504
-0.0019705
-0.0059185
0.0065901
-0.0077283
0.0077178
-0.008784
0.0001215
0.0074114
-0.0006652
-0.0044618
0.0069213
0.0080576
3.73e-5
0.0009932
-0.0087942
0.0018948
0.0070234
-0.0092251
-0.0045764
0.0086102
0.0043495
0.0046643
-0.0046254
-0.008606
0.0086226
0.0059513
0.0037112
-0.0004244
-0.0027949
-0.0090691
-0.0057604
0.0022841
0.0047388
-0.0034011
0.0082606
0.003659
0.0076214
-0.0096494
0.0051852
0.0052715
-0.0041749
-0.0033048
-0.0062819
-0.0095118
-0.0055282
0.001335
-0.0029463
0.0081482
0.0005031
0.0084587
0.0018066
0.003742
0.0074977
-0.0023895
0.0009834
0.0087086
-0.0055158
0.0059718
-0.007757
0.0061747
0.0013174
-0.009397
0.0033907
0.0031233
0.0075404
0.001303
-0.0072771
-0.0094733
0.0046875
-0.0050787
0.0047893
-0.0068287
0.0047895
-0.0068106
0.0051996
0.0099415
-0.0006689
-0.0053864
0.002731
-0.0067428
0.0042679
0.0003598
-0.0098079
0.0092084
-0.0005203
-0.0013936
-0.0093559
-0.0064175
0.002691
-0.0081054
-0.0078906
0.0010217
-0.009208
0.0036282
-0.0084864
