-0.0011638
-0.0094999
0.006905
-0.0056586
0.0051707
0.0032275
-0.0060746
-0.0030486
-0.0059309
0.0043291
0.0050836
0.0021383
0.0005546
-0.0007703
0.0062909
0.0059769
0.0007115
0.0063698
-0.0015321
0.0097911
0.0050492
0.0020142
0.0052768
-0.0031043
0.0073161
-0.0045058
-0.0057915
-0.0050137
0.00139
-0.0010288
-0.0077723
-0.0067247
-0.0082702
-0.0083397
0.0037323
0.0033929
-0.0010313
0.0034853
0.0005546
-0.005639
0.0026155
-0.0018755
-0.0062217
-0.0039505
-0.0048441
0.004494
0.0020559
0.0078297
0.0020205
0.0065691
-0.0068085
-0.0080148
0.008077
0.0090437
-0.0092321
-0.00708
-0.0071206
-0.0023892
-0.005174
0.0059154
-0.0081511
-0.006328
-0.0081313
-0.0093099
-0.008776
0.0063583
-0.0002061
-0.0007352
0.0064469
-0.0046996
-0.0026697
-0.0068592
0.0075877
0.0001118
-0.0071199
-0.0066752
-0.0003856
0.0089935
0.0053177
-0.0086754
-0.0071864
0.0073319
-0.0038831
-0.0039105
0.0028735
-0.0073179
0.0030044
-0.0022086
-0.0023195
-0.0012565
0.0075177
-0.0051767
-0.0011803
0.0004472
-0.0049974
0.0055717
-0.0044046
0.0042951
0.0024235
0.0040873
0.0069252
0.0060946
-0.0068622
0.001736
-0.0019676
0.0039548
-0.0034159
0.0082177
-0.0003395
0.0007106
0.003934
0.0010396
0.0009876
-0.008475
-0.0098703
-0.0056409
-0.0017854
-0.0023423
0.0003214
0.0021474
-0.0037194
-0.007392
-0.0077536
-0.0096001
0.0084433
-0.0078747
0.0052914
-0.0009365
-0.0050634
-0.0068567
0.0026651
0.0003789
-0.0016038
-0.0061246
0.0016024
0.0071326
-0.0012181
-0.005472
-0.0049001
-0.0071144
-0.0071289
0.009501
0.0017935
0.0058804
-0.0018899
0.0057806
0.0049848
0.005009
-0.0052683
-0.0024088
0.0059785
-0.0096476
-0.005627
0.0043548
-0.0013101
0.0053505
0.006788
0.0004969
0.0009615
0.0049128
0.0064501
0.0017973
-0.0030963
0.000885
0.0013451
-0.0001901
-0.0095169
0.0006746
0.0090797
0.000128
-3.28e-5
-0.0022213
-0.0058243
-0.0099237
0.0088354
-0.0056225
0.0076413
-0.0076077
8.5e-5
0.0092075
-0.0016797
0.0069161
0.0043811
-0.0013855
0.0059227
0.0024234
-0.0002963
0.0062369
0.0029697
-0.0098313
-0.0099504
-0.0091395
0.0085889
-0.003674
-0.0004485
0.0083684
-0.0052844
0.0039796
-0.0047224
-0.0036154
0.0094038
-0.0071516
0.0047321
-0.0054035
0.0038922
0.0018792
-0.0038208
0.0026195
0.0040725
0.0074429
-0.0002764
0.0025501
-0.009124
-0.0067969
-0.0057265
0.0021135
0.0009568
-0.00498
-0.0019607
-0.008668
-0.0035506
-0.0065671
-0.0079564
0.0010237
-0.0021231
0.0028168
-0.0026353
0.0017312
0.0017409
-0.0005553
4.36e-5
-0.006437
-0.0064135
0.0038105
-0.0029413
-0.001531
-0.0075636
0.0020234
-0.0037195
0.00581
-0.000309
-0.0014632
-0.0067303
0.0086954
-0.0075136
-0.0010271
0.0075582
-0.0090273
-0.007696
0.0012963
-0.007539
-0.0042803
-0.0087448
-0.006965
0.0041898
-0.0032505
-0.0006112
-0.0088283
-0.0048898
0.007604
0.0076098
-0.0001684
-0.0029406
-0.0043143
0.0044543
0.002422
0.0098801
-0.0048051
0.0028076
-0.0083283
-0.0005961
0.0042793
0.0038762
-6.9e-5
-0.0044694
-0.0024545
-0.0092197
-0.0090297
-0.005933
0.0047904
0.0066028
-0.0066623
-0.0028166
0.0051626
0.0051144
0.0031828
0.0095538
0.0064784
0.0024898
0.0048546
-0.0057382
0.0004637
-0.0037699
0.0039338
-0.0046801
-0.0088388
0.0055723
-0.0049281
-0.0013098
-0.0047794
0.0078343
0.0075745
-0.0036668
-0.0033244
-0.0021681
-0.0031158
0.0019652
0.0097102
-0.0010884
-0.002997
0.0093245
0.0097765
-0.0082918
0.0099302
0.0010226
-0.0023075
-0.00349
0.0002394
0.0049116
-0.007086
-0.0064929
0.0036806
0.0080301
-0.0073469
-0.0059163
0.0067205
0.0097041
0.0042454
-0.0031966
0.0007198
0.0019566
0.0039817
-0.0006044
0.0091954
-0.0072612
0.0047802
0.0052998
-0.0076895
-0.0052555
0.0004612
-0.0073351
-0.0049318
0.0069435
0.0078282
-0.0058747
-0.0085162
0.008417
-0.0021673
0.003435
-0.0061754
0.0093847
-0.0045397
-0.0063362
-0.0039397
-0.0098932
7.31e-5
-0.0059197
-0.0052763
-0.0059897
0.0062376
0.0070915
0.0053933
0.0031139
0.0031495
0.0011399
-0.0056345
-0.0059142
-0.0089119
0.002045
-0.0068848
-0.0040001
0.0018901
0.0063498
-0.0084086
0.0052322
-0.0097619
-0.0087977
0.0096631
0.0088496
-0.0054498
0.0064011
-0.0017253
-0.0045124
-0.0093833
-0.0050149
0.0081833
-0.0011104
0.0046348
-0.0022337
-0.0098658
-0.0088095
0.0017164
-0.0070415
-0.0038715
-0.0017443
0.0061725
0.0006956
0.0080996
0.0095644
0.0039601
0.0054024
-0.0021493
0.0092591
0.0031919
-0.0032692
-0.0049733
-0.0093666
-0.0097472
-1.26e-5
0.0025701
-0.0081708
0.0030388
-0.002158
0.00077
-0.0087075
0.0024851
-0.009216
0.004812
0.0024846
-0.0081765
-0.0036263
0.0050709
-0.0071789
0.0066705
0.0029368
-0.004661
-0.008218
-0.0030824
-0.0056537
0.0038106
0.0084883
0.0027291
6.47e-5
0.0019332
0.0052467
-0.0084246
0.0025348
-0.0061006
-0.0001028
0.0063998
0.0014549
-0.0009567
-0.0070832
0.0041969
-0.0022329
0.0011308
-0.0050401
-0.0078865
-0.0053524
-0.003328
0.0004183
-0.0025179
-0.0072977
0.001272
0.0013482
-0.0050794
-0.0021752
0.0063819
-0.006259
-0.0057633
0.0008417
0.0069581
-0.0058763
-0.0010831
0.0015855
0.0076705
-5.01e-5
-0.0089524
0.001031
0.0045029
0.0093522
0.0038106
-0.0003824
0.0058874
0.0096388
-0.0081528
-0.0075558
-0.0073351
0.0035891
-0.0079635
-0.0058073
-0.0004539
-0.0041125
-0.0059611
7.61e-5
-0.0035249
0.0046672
0.0055028
-0.0091422
-0.0045739
-0.0023454
-0.0055615
-0.0080806
0.0073571
0.0021692
