-0.0041001
-0.0053873
-3.82e-5
0.0025708
-0.0018585
-0.0039354
0.0050471
7.85e-5
0.0001131
0.0083387
-0.007108
0.0066586
-0.0019276
-0.008555
-0.006211
-0.0074342
-0.0049176
0.0021404
-0.0079755
0.0072053
0.0025609
-0.0001236
0.00587
0.0073498
-0.0041931
-0.0055862
0.0002875
0.0080581
-0.0057834
-0.0072929
-0.0050082
-0.0090601
0.0059519
0.0099686
0.0063309
-0.0081774
0.0048045
-6.75e-5
-0.0010824
0.0044983
-0.0067636
0.0073633
-0.00856
-0.0057005
0.0079401
-0.0043952
0.0003532
-0.0070114
0.0036324
0.0039808
-0.0099961
0.0099575
0.0080662
0.0057296
-0.0034551
0.006889
-0.0007367
-0.0029895
0.0066415
-0.0089761
0.0003416
-0.005623
3.65e-5
0.0071813
-0.0088295
0.0086031
0.0013359
-0.0079173
-0.0070164
0.0024047
-0.0043112
0.005726
-0.0083724
0.0005547
-0.0067228
-0.0035849
0.0093828
0.0070722
-0.0023009
-0.0005776
-9.92e-5
0.0031322
-0.0069307
0.0018472
-0.009819
0.0053919
0.0094403
-0.0048224
-0.0032033
0.0055871
0.0020874
-0.008714
-0.0030848
0.0039875
-0.0018453
0.0012653
-0.0072239
-0.0048257
-0.003376
-0.007643
-0.0064979
-0.004214
0.0001999
-0.0098339
0.0043146
0.0083863
-0.006256
0.0069767
-0.0097583
-0.005381
0.0096116
0.0090508
-0.0052319
-0.0032136
-0.0023584
-0.0062615
0.0009692
-0.0072148
-0.0064102
-0.0030725
0.0028163
-0.0086662
-0.0010302
-0.0064593
0.0005395
0.0057819
0.0043105
-0.0068641
0.0056
-0.0073298
-0.0021695
-0.0091123
0.0094829
-0.0033781
-0.002054
-0.0071406
0.000678
0.002415
0.0057231
-0.0080686
0.0034434
0.0062326
0.0064858
-0.0087136
0.0096752
0.0031274
-0.0025547
-0.0010938
-0.000366
-0.0029309
-0.0066197
-0.0043296
0.0083015
-0.0036929
-0.0010354
0.0051236
-0.0091179
-0.0029421
-0.0080549
0.0097772
0.0047261
-0.0012088
0.0090698
0.0010134
-0.0087623
0.0038598
-0.0022724
0.0079579
0.0004184
0.0027275
-0.0051389
-0.0004006
-0.0097031
0.0076701
0.0068767
0.0047436
-0.0013202
-0.0063507
0.0049514
0.009987
-0.0058067
0.0033154
-0.0087638
0.0086875
-0.0034585
0.0079791
-0.0072686
0.0071851
0.0096676
0.009946
-0.0098066
-0.0099628
0.0001944
0.0058128
-0.0020595
0.0022233
0.0012354
0.0017708
0.0079443
-0.0050673
0.0059102
-0.0052975
0.0082331
-0.0089882
-0.0004249
0.0066225
0.009359
0.0026145
0.0069795
0.0093994
-0.0026775
-0.0061223
0.0063167
7.3e-5
-0.005297
-0.0022543
-0.0026589
0.0011155
0.0040905
-0.0037592
0.0064251
0.0037144
0.0089809
-0.0092725
0.0051775
0.0085454
-0.006856
-0.0054727
0.006003
-0.0065498
-0.0023645
-0.0033406
0.0037191
0.0046889
-0.0075495
-0.0007283
-0.0040148
-0.0007343
0.0016449
-0.00456
0.0035851
-3.11e-5
-0.001153
-0.0017544
0.0081035
0.0095275
0.0010273
0.0011912
2.54e-5
-5.9e-6
-5.11e-5
-0.0007562
-0.0030423
0.0092397
0.008346
0.0097273
-0.0051228
0.0027878
0.0057979
0.0057283
-0.0024054
-0.0064514
-0.0069219
-0.0028811
-0.0043063
-0.0010648
0.0043598
5.87e-5
-0.0033217
-0.0049249
0.0060113
-0.0042673
0.0098203
0.0055828
0.0059185
0.0015262
0.0082952
0.0057153
0.0052736
-0.0045149
0.0040925
-0.0076462
0.0041341
0.0058019
-0.0028484
-0.0001228
-0.0043744
0.0046157
-0.0077677
-0.003825
0.0011784
-0.0097968
0.0077875
-0.0006575
0.0073032
0.0074427
-0.0037423
-0.0084363
0.0003027
0.0044816
0.0080634
-0.0053175
0.0050182
-0.0067496
0.0008573
0.0009619
0.0032011
-0.0017808
-0.009667
-0.0043885
-0.0006737
-7.61e-5
0.0020063
0.0029134
0.003675
-0.0006595
0.0063599
0.008967
-0.0009576
-0.0011996
0.0053404
-0.0019443
0.0094413
-0.005108
-0.0010885
-9.43e-5
-0.004618
0.0069492
0.0011535
0.0053607
0.0047332
0.0060028
-0.0037511
1.03e-5
-0.0019063
-0.0031344
0.007911
0.006623
-0.0066803
-0.0097191
0.0050913
-0.0072775
-0.0001599
0.0054109
0.0047072
-0.009282
-0.006411
0.0043471
0.0053359
0.002807
0.0063778
0.0043047
-0.0028247
0.00226
0.0040389
0.0063663
-0.0059777
0.004854
0.0003522
-0.0035877
0.0088308
0.004385
0.0037985
-0.0048521
-0.0020437
-0.0034327
0.007466
0.0001947
-0.0007521
-0.004763
0.0098298
0.0035314
0.0098825
-0.0076286
0.0078827
0.0049398
0.0005432
-0.0091149
0.0065368
-0.0050443
0.0014085
-0.0085443
-0.0068811
-0.0007039
-0.0077172
-0.0021907
-0.0022732
-0.0033658
-0.0038479
0.0065054
0.005968
-0.0061241
0.0032103
0.0005497
0.0058403
0.0075385
-0.0072775
0.000889
0.006398
-0.0072048
-0.00458
-0.0084422
0.0037877
-0.0068351
-0.0086631
0.0035546
-0.0031754
0.0025815
-0.0058618
-0.0095543
-0.0031586
0.0060132
0.0031472
-0.0085929
-0.0025453
-0.0018235
0.0038022
-0.0037947
-0.0007694
-0.0034535
0.0083218
0.0028172
0.0069733
0.0041654
-0.0081775
0.0083029
0.0033093
-0.0027656
-0.0050855
0.0085636
-0.0028818
-0.0064854
-0.0047959
0.0004363
0.0010362
0.0081922
0.0018666
0.008948
-0.0021248
0.0097827
0.003699
0.0085359
-0.0009633
0.0026179
0.0032491
-0.007388
0.0014938
0.0026979
-0.0010551
-0.0047278
-0.0052002
-0.0089615
0.0077814
-0.0087794
-0.0089473
-0.0005965
-0.0026193
-0.0031648
-0.0023383
0.0003891
-0.0045296
0.0064096
-0.0035621
0.0029787
-0.0094476
-0.0042564
-0.0084392
-0.0050681
-0.0030892
-0.0073703
0.006799
0.008841
0.0029134
0.0048274
0.0060191
0.0042013
-0.0033309
-0.0072765
-0.0053375
0.0034538
-0.009055
0.0082411
0.0046185
0.0008141
-0.0087975
-0.0053895
-0.0058481
-0.0014187
-0.0008182
0.0063059
0.0087951
-0.0014084
-0.0019042
-0.0030786
0.0061813
