-0.0083023
-0.0014548
-0.0079072
0.0060195
0.0054188
-0.0063167
-0.007047
-0.0063073
-0.0024851
0.0057958
0.0010221
0.00213
-0.0071757
0.0095088
-0.0053858
0.0054031
0.0071965
0.0042941
0.0040372
0.0009206
0.0087613
0.0030013
0.0021701
-0.0049033
0.0056874
-0.0049123
-0.0099155
-0.0051071
-0.0041973
-0.0099733
0.0089004
-0.004645
0.0074094
0.0060728
-0.0050208
-0.0041902
0.0050139
0.0004656
0.0017545
0.0007039
-0.0040532
0.0003593
0.0074977
0.0062941
-0.0081647
-0.0030744
0.0089126
-0.0051697
0.0025113
-0.0065574
0.0036867
-0.0008704
0.0045933
0.0077305
-0.0034119
-0.0094923
0.0049939
0.0052887
-0.0001189
0.0046003
-0.0009967
0.0027697
-0.0066359
-0.0033189
-0.009029
0.0007839
-0.0028128
-0.0017067
0.0065924
0.0058649
0.0002528
0.0095057
0.007301
-0.0045965
-0.0084444
0.0046032
0.0062383
0.0078525
-0.0046407
0.0064444
-0.0046892
0.0079179
0.0007082
0.0023208
0.004578
-0.0089422
0.0035705
0.0011419
0.0006222
0.0062345
-0.0080337
-0.0028039
0.0014851
0.0048693
0.0031084
0.0016408
0.0054112
0.0075671
0.0045896
-0.0019578
-0.0006175
-0.0006351
-0.0096268
-0.0016278
0.009847
0.0067992
0.0091078
-0.0064894
-0.001119
0.005786
0.0081057
-0.0088863
-0.0069862
0.004408
-0.0066109
0.0081619
0.0031757
0.0037758
-0.0069244
0.0031901
-0.0008351
-0.0044001
0.0035435
0.0094363
-0.009975
-0.0089806
0.0007717
0.0029268
-0.0045164
-0.0009168
0.0065122
0.003823
-0.0075512
-0.0054559
-0.0073556
-0.0059822
-0.0040707
-0.0055076
-0.00303
0.0029135
0.0035638
-0.0070429
-0.0012419
0.0055235
0.0084174
-0.0097403
-0.0042515
0.0061895
0.0022368
0.0088183
0.0074433
0.0093861
-0.008449
0.0070267
0.0097621
-0.0077196
0.0037106
-0.0026603
0.0097275
-0.0004801
-0.0035446
0.0098151
-0.0051454
-0.0019543
-0.0059557
-0.0099831
-0.0052668
0.0031382
-0.0069478
0.0073197
-0.0031
-0.0089274
0.0020955
-0.0067129
-0.0010926
0.0050612
-0.0068744
0.0070866
0.0049323
-0.006912
-0.0064666
-0.0025953
-0.0044251
-0.009728
-0.0060943
-0.0073615
-0.0085335
0.0023497
-0.0057352
-0.0090587
-0.0019213
0.0045319
-0.0080192
0.0001264
-0.0071759
-0.0037927
-0.0024539
0.0010079
0.0095927
0.0087427
-0.0067778
0.0004078
-0.0091296
-0.0001589
0.0006142
0.0086464
0.0069147
0.0081189
-0.0046937
0.0047184
-0.0015632
0.0019489
-6.73e-5
-0.0045409
0.0025216
-0.0077904
-0.0026816
0.0008793
0.0068771
-0.0064121
0.0029527
0.0024846
0.0074007
0.009082
-0.0051897
-0.0025906
0.0021399
-0.0028474
0.0064603
0.0051801
0.0034811
0.0006697
0.0025953
-0.0053274
0.0034768
0.0048084
-0.0037012
0.0051351
-0.0027159
-0.0048266
-0.0001619
-0.0076824
-0.0029749
-0.0061647
0.0092264
0.0028823
-0.0074044
-0.0047654
-0.0055514
-0.0040835
-0.0056504
-0.009152
0.0047386
0.0002717
0.0020691
0.0001948
0.0090005
0.0097619
-0.0096967
0.0059304
0.0046705
-0.0008803
0.0023296
-0.0020319
-0.0034524
0.0067217
-0.000283
0.0046413
0.0006715
-0.0088996
-0.0084043
0.0032787
-0.007034
0.0041559
0.0051821
-0.0093266
0.0056941
-0.0013531
-0.0075149
-0.0062752
0.009769
0.0045243
0.0061593
0.0020364
-0.0090869
0.0058886
0.0006582
0.0090097
0.0006392
-0.0007132
-0.0066892
0.0093792
0.0024889
-0.0018854
-0.0028505
0.0011295
-0.0042625
0.0080039
0.0030707
0.0065634
-0.0035842
0.0038415
-0.0030658
0.0050933
-0.0096948
-0.0069237
-0.0087561
0.0051912
0.0090333
0.0085964
0.0074889
0.0035303
-0.0089
-0.0011103
-0.0098115
0.0073845
0.0014017
-0.0075367
0.0090728
-0.0093299
-0.0070327
0.0005566
0.0082673
0.0064103
0.0096228
0.002979
0.0063467
0.000997
0.0013385
-0.0075584
0.0019318
0.0002058
0.0045501
-0.0035708
0.0097153
-0.0057932
-0.0004095
-0.0040904
-0.0066446
0.0083302
-0.002124
0.0021953
-0.0007651
-0.0069242
-0.0067881
0.0086664
0.0096135
-0.0063544
-0.0076202
-0.0024594
0.0050427
-0.0082405
-0.0043285
0.0063249
-0.0079506
0.0017503
0.0024353
-0.009835
-0.0005574
-0.0058913
0.0068441
0.0029743
-0.0008746
0.0060002
-0.0085967
0.0027281
-0.0015264
-0.0001451
0.0062532
0.0033087
-0.0043121
0.0008512
0.0074211
0.0095676
0.0026308
0.0059425
0.005575
0.0077743
0.0037571
-0.0055326
0.0055283
0.0085027
0.0021268
0.0052625
-0.0046865
0.0042619
-0.0073948
-0.0005149
0.0044026
0.0084386
-0.0058423
0.0091137
0.0032937
0.0011351
-0.0041381
-0.0067599
0.0043047
-0.0035175
0.001012
0.0041075
-0.0016431
-0.0049668
-0.0082226
-0.0029383
-0.0056471
-0.0031361
-0.0049743
-0.0006108
-0.0047423
-0.0037947
0.0098544
0.0080853
0.0073738
0.0042959
-0.0056484
0.0004965
-0.0026095
0.0053968
0.0085318
0.0091341
0.0017428
0.0004451
0.0039731
0.0066067
0.0083508
0.0040183
-0.0075737
0.0090819
0.0087302
-0.0038706
-0.002579
0.004678
0.0013704
-0.0098411
-0.0026795
0.0001683
-0.000449
-0.0056616
0.0043739
-0.0028724
-0.0067713
0.0059115
0.0058905
0.0034758
-0.0093004
-0.0072979
-0.0057744
-0.0057035
0.0010421
0.0086425
-0.0070133
-0.0041308
0.0088009
0.0015438
0.0064654
-0.0021847
-0.0024104
-0.0092247
-0.0042253
0.0029858
0.0079918
0.0012043
-0.0047157
-0.004851
-0.00073
0.0010349
0.0086151
0.00399
-0.003602
0.0098738
-0.0096269
-0.0074451
0.003191
0.0093805
0.0054684
-0.0093727
0.0090888
0.0069145
-0.0092475
0.008498
-0.0038228
0.0012559
0.0078252
-0.005158
-0.0035249
0.0003348
-9.3e-6
-0.0088532
-0.0097562
0.0047677
-0.0039386
-0.0048653
0.0012229
-0.0058604
0.0068194
