-0.0098143
0.0011481
0.0094382
-0.0050654
-0.0003492
0.0003127
0.0017012
-0.0047775
-0.0027166
0.0089596
-0.0037046
0.0004101
0.0038344
0.0076816
0.0019195
0.0083401
0.0013296
-0.0036209
-0.0004981
-0.0080899
0.0044641
-0.0009488
0.0050074
-0.0046876
-0.0093814
0.0060408
-0.0096719
0.0045869
-0.0035215
0.0053173
0.0028398
0.00788
-0.002744
-0.0003452
-0.0094868
-0.0046036
0.0045199
0.0046401
-0.001946
0.0018432
0.009949
0.0042325
0.0035734
0.0013923
0.005497
-0.0066663
0.0093281
0.0099202
-0.0011156
0.0037653
-0.0073306
-0.0067968
-0.0025236
0.0007761
-0.0021369
-0.0059629
-0.004418
-0.0002043
-0.0046893
-0.0022513
0.0072689
-0.0006916
-0.0046439
-0.0027391
-0.0059188
0.0016416
-0.0066126
-0.0004913
-0.0030218
-0.0096399
0.006383
-0.0088941
-0.0077228
-0.0022462
-0.0033109
0.0084011
0.0076374
-0.0017465
-0.0068395
0.0089271
-0.0024496
-0.0058718
0.0084598
0.0015578
0.007781
0.0026045
-0.0030891
0.003245
-0.0026857
0.0008748
0.003583
0.0096221
-0.007608
-0.0073283
0.0087056
0.009601
0.0092158
-0.00992
0.0073821
0.0060443
-0.0025953
0.005137
0.0070244
0.0027672
0.0007849
-0.0032617
-0.0087217
-0.0001999
-0.0099464
-0.0022071
-0.0015081
-0.0062374
2.69e-5
-0.0091073
0.0071866
0.0036945
0.0015341
-0.0024204
-0.0089632
0.0010871
-0.0084294
-0.0038396
-0.007782
-0.0085845
-0.0020185
0.0066186
-0.0036435
-0.0056172
0.0049445
0.008067
0.0047228
0.0017111
-0.007365
-0.0007096
0.0030925
0.0041239
-0.0063743
0.0087586
-0.0047694
-0.0046233
0.0031143
0.0005954
-0.003312
-0.0065951
-0.0095427
-0.0002485
-0.001325
0.0014869
0.0041807
-0.0071615
-0.0077521
-0.0021075
-0.0081381
-0.0003261
0.0084652
-0.0002607
0.0070205
0.0086041
0.0015047
-0.0074532
-0.0082827
-0.0049787
0.0025613
-0.0014703
0.0022781
0.0065667
0.0063434
0.0055576
-0.0018577
-0.0090712
0.0096695
0.0018453
0.0023614
-0.0025059
0.0031029
-0.008041
-0.0049544
0.0081304
0.0055433
0.0002018
0.0031268
-0.0001449
0.0033381
0.003334
0.0055764
-0.0070834
0.0062905
-0.0077491
0.004901
0.0030702
-0.005908
-0.0026187
0.0081038
-0.0044119
0.0047393
-7.0e-6
0.0023817
0.0068712
0.0074849
0.0033776
0.0004139
0.0031093
-0.0082101
-0.0080145
-0.0086176
-0.0097184
-0.0096756
-0.0098926
0.0060379
-0.0078494
-0.0064829
-0.0067217
-0.0027675
-0.003023
0.0037321
-0.0008049
-0.0026618
-0.0078545
-0.003914
0.0081196
0.0064292
0.0040877
-0.0087267
0.0004206
-0.0075471
0.0049004
0.0076118
-0.0030904
0.000578
-0.0014787
1.87e-5
-0.0080086
-0.0084458
-0.0049811
0.0078088
0.0052861
0.004956
0.0007531
0.0031461
-0.0087021
-0.0093473
0.0016888
0.0002322
0.0068458
-0.0085014
-0.0009328
-0.0046827
0.0006589
-0.0079221
0.0048823
0.0002463
0.0022361
-0.0062211
0.0038689
0.0001953
-0.000195
-0.0063091
-0.0042067
0.0026699
-0.0004958
-0.005748
0.0004325
0.0072758
0.0094264
-0.0033788
-0.0007706
-0.0081779
-0.00582
0.0078285
0.0095937
-0.0099805
0.0052896
0.0050297
-0.0060941
0.0068304
-0.0070653
0.0040183
0.0079776
-0.001071
-0.0047366
-0.0030351
0.0007
0.0005614
-0.0034867
-0.0068647
-0.0060354
0.0004627
-0.0016954
-0.0056945
0.0032427
0.0039095
0.0059548
-0.0014279
-0.0088873
0.0051673
0.0047509
-0.0083512
-0.0065043
-0.0060047
-0.0072966
0.0031417
-0.0089036
0.0093187
0.0053596
0.0072408
0.0080378
0.0089169
0.0094685
0.0070707
0.0026735
-0.0053246
-0.0034784
-0.0014463
0.0055596
-0.0025184
-0.0087867
-0.0069822
-0.0055882
-0.0014529
0.0030612
0.0070747
-0.0025793
-0.0061443
-0.0095871
0.0019107
-0.0056789
-0.0066905
-0.0052009
-0.0038045
0.0089723
-0.0070864
-0.0009819
0.0025577
-0.0020402
-0.0057929
0.0013402
-0.0077522
-0.0007818
-0.0092996
-0.0051553
-0.0017309
0.0021663
-0.0076008
-0.00652
-0.0037037
-0.0030338
-0.0023726
-0.0044597
0.0065954
0.001933
-0.0094316
0.0059021
0.0033072
0.0069348
-0.0038287
0.0099133
-0.0036842
0.0007944
-0.0041709
0.008733
0.0048396
-0.0087311
-0.0003926
-0.0099535
-0.0004887
-0.0091306
0.0013312
0.0036641
-0.0002485
-0.0001369
-0.0072857
0.0058303
0.0031416
-0.009239
0.0034745
0.0097673
0.0029597
0.0014347
-0.0023805
-0.0055402
0.0074447
0.0057475
-0.0030878
0.0037232
0.0031184
0.0076452
-0.0036823
-0.0050242
-0.0040146
0.0045354
-0.0072259
0.0031261
0.0020892
0.003656
0.0078356
-0.0069351
-0.0057989
-0.0025337
-0.0020395
-0.0008461
0.0027114
0.0068785
0.0055406
0.0064371
0.0089109
0.0010056
-0.0007668
0.0020139
0.000212
-0.005445
0.0007062
-0.0006372
0.0018127
-0.0058247
0.0072345
0.0034158
0.0061488
0.0084887
0.0042626
0.0020087
0.0032901
-0.0085519
-0.0023663
-0.0081386
-0.0013147
-0.008714
-0.0004315
0.0042151
0.0056811
-0.0011515
-0.0066826
-0.0089534
0.0026046
-0.0002767
-0.0071436
-0.0062087
-0.0077691
-0.0081225
-0.0038572
0.0047347
0.0074478
0.0061192
-0.0034708
-0.0051918
-0.0085811
-0.0030588
0.0006304
0.0076037
0.0056929
-0.0005264
-0.00904
-0.0044751
-0.0016607
0.003701
-0.0036018
0.0033705
0.0049618
-0.0010096
-0.0048517
0.0062354
-0.008396
0.009128
0.000449
0.0053271
0.0064417
-0.0015273
-0.0079422
-0.0089862
-0.0025031
-0.0069563
-0.0074009
-0.0038002
0.0081131
-0.0070233
-0.0053682
-0.0025431
0.005356
-0.0031969
0.0012749
-0.0098815
-0.0005155
0.0087837
-0.0047683
-0.0014788
-0.0090287
-0.0027453
0.0044586
-0.0023519
0.0097777
-0.0059664
0.0028856
0.0023677
0.0094965
0.000578
0.0072303
