0.0037065
-0.0048346
-0.0066287
0.0005175
0.0084384
0.0080812
-0.0013948
-0.0025379
0.000257
-0.0057243
-0.0048334
-0.0098815
-0.00629
0.0051519
-0.000555
-0.0070242
0.0077912
-0.0047648
-0.0040309
-0.0050946
-0.0087914
-0.0070644
-0.0058204
0.0036725
0.0012085
-0.0060498
0.0024864
-0.0057058
-0.0075154
0.0047118
0.0035501
-0.0087553
0.0098908
-0.0068692
0.0070253
0.0013015
0.00886
-0.0026707
-0.0033275
-0.0093814
-0.0002017
-0.0089216
-0.0021538
-0.0080866
-0.0048429
0.0035065
0.0059159
0.0023974
0.0067659
-0.0001312
-0.0009957
0.0023659
0.0027823
0.0085033
-0.0084543
0.0039379
-0.0016256
-0.008315
-0.0068615
-0.0098799
0.0037708
0.0057994
-0.0089337
-0.0053619
0.0056466
0.0028453
-0.0085958
0.0047314
0.0010817
0.0016642
-0.0088236
0.0077906
0.0007492
-0.0053766
0.0041023
0.0078287
-0.0041139
-0.0001277
-0.0086995
-0.0077444
0.0058111
-0.0027242
0.0015713
0.007459
-0.0044898
0.0091561
0.0030052
-0.0010991
-0.0005441
-0.0035849
0.0098331
-0.0064165
0.0087524
0.0093856
-0.0007913
0.0057433
-0.0057988
0.0019844
0.007138
0.0004711
0.0086149
0.0074761
0.0027506
-0.0001708
0.0086987
-0.0068635
-0.0072002
-0.0041982
-0.0084548
0.0025216
-4.99e-5
-0.0033245
0.0061722
-0.000593
-0.0019408
-0.0094283
0.0074135
-0.0076816
-0.0035649
0.0041807
-0.0055642
-0.0090848
0.009128
-0.0077362
0.0098971
0.0083697
-0.0017317
-0.0062928
0.0065869
0.0013589
0.0070219
0.0069236
0.0011034
0.0001014
0.0012964
0.0075805
0.0081447
0.0043668
-0.0022108
0.0093054
0.0088722
0.0071151
-0.0096711
0.0051282
0.0025818
-0.0004163
0.0016362
0.0033584
0.0007302
0.0008371
-0.003767
0.0035793
0.0043918
0.0054615
0.0087739
-0.0068608
0.0098923
0.0060456
0.0056698
-0.0011763
-0.0017735
-0.0014625
0.0088487
0.0033847
0.0066836
-0.0026657
-0.0033916
-0.0043487
0.0006547
-0.0014448
-0.002418
0.0040997
0.0092023
-0.0042753
0.0049232
2.45e-5
-0.0077181
-0.0039619
0.0082701
-0.0057864
0.0055999
0.0043081
-0.0005199
0.0079739
0.0051455
0.0015138
-0.0061068
0.0011675
0.0052853
0.0034277
0.0037391
0.0027391
-0.0085226
-0.0084098
-0.0046717
-0.0048391
0.0075578
0.0011454
0.0052576
-0.0031968
-0.0011316
-0.000471
0.0050163
0.001986
0.0029316
0.0068093
-0.009531
0.0089501
0.0095656
0.0097871
0.006599
0.0064006
0.0056374
0.0024405
0.0052198
0.0090448
-0.0085231
0.0020399
0.0045718
0.0081526
-0.0079228
0.0013459
0.00229
-0.0040604
0.0083187
0.0027341
-0.0015883
-0.0073341
0.003485
0.0038145
0.0017451
-0.0010285
0.0030135
-0.0004885
-0.0019492
0.0090836
0.0008238
-0.0033816
-0.0045926
0.0061092
-0.005952
-0.0043291
0.0046005
0.0031853
-0.0038971
0.0036911
0.0015409
-0.0031018
-0.0033216
0.0007785
0.0081561
0.0068918
-0.0063452
0.0078697
0.0043
-0.0058365
0.0021839
0.0008601
-0.0050237
-0.0034472
-0.006818
-0.0046595
0.0070131
0.0097598
-0.0005394
-0.0007908
0.0057945
0.0085587
0.0020607
0.0085374
-0.0014281
0.0039107
0.0006221
0.0069566
0.003747
0.0051545
0.0082343
0.0095414
0.0092108
0.0028995
0.0090881
0.0089484
-0.0054545
0.0072435
0.0086776
-0.0056778
-0.0024427
0.0060583
0.0081729
-0.0031844
-0.0080533
-0.0080729
-0.0005693
0.0052935
0.0089133
-0.0059289
-0.0002647
0.0007558
0.006917
0.0008202
-0.009589
0.008023
-0.001908
-0.0014893
0.0049226
-0.0005782
-0.0020181
0.0001385
-0.0082267
-0.0009041
-0.0063905
-0.0058471
0.0011704
0.0093705
0.0099945
-0.0010958
0.0076847
-0.0073613
0.0061573
-0.0013017
-0.0065284
-0.0007002
0.0031929
0.002132
-0.0066815
-0.0085234
0.0011706
-0.0020851
-0.0094152
-0.007605
0.001283
-0.0039272
0.0056073
0.0045436
0.0071099
0.0083624
-0.0036201
-0.0080838
-0.008311
0.0067591
-0.0015295
0.009957
-0.0032092
0.0060045
0.0018842
0.0069094
0.0010338
-0.0037174
0.004526
-0.0061402
-0.0037086
0.001837
0.0082193
0.0064756
-0.0066288
-0.0035506
0.0048892
-0.0077571
0.0017017
0.0065238
0.0013243
-0.0019132
-0.0005186
0.0028837
-0.0057849
-0.0065874
-0.0078304
-0.00231
-0.0033084
0.0083121
-0.0050605
0.0030119
-0.0029814
0.0006319
0.0040634
-0.0040003
-0.0038189
-0.008596
0.003525
-0.0046052
-0.0031994
-0.004844
0.0063627
-0.0014733
-0.0052874
-0.0044048
-0.0002388
-0.0084315
-0.0067981
-0.007191
-0.0022419
-0.0070559
-0.0034817
-0.0092017
0.0039549
-0.005463
-0.0064933
-0.0047842
-0.0081893
0.0090006
0.0059443
0.0044186
0.0056578
-0.0044721
-0.0026029
-0.0068357
0.0008886
0.0049028
0.0032061
-0.0017773
-0.0048911
-0.0020084
0.0096717
-0.0073496
-0.0059585
-0.0088511
0.0013979
-0.0056816
0.0063506
0.0059608
-0.0044558
-0.0074088
0.0089997
-0.0021267
0.0099046
-0.0008213
-0.0042831
-0.0067649
-0.001814
-0.0048063
0.0026122
-0.0037349
-0.0091896
-0.0001776
-0.002743
0.0081013
-0.0095865
-0.0022306
0.0047452
-0.0031201
-0.0028528
0.0084758
0.0095644
-0.0093191
0.0027201
0.0056643
-0.0084544
-0.0040022
-0.0061898
-0.0035407
-0.0042133
0.0023549
0.0089028
-0.0006083
-0.0086402
0.0074402
0.0027872
0.0013641
0.0051916
0.0024576
-0.0026601
-0.0028711
-0.0090904
0.0083795
-0.0008036
-0.0048158
-0.0026199
0.0031607
0.0057545
-9.68e-5
0.007158
0.0090636
0.0024262
0.0020955
0.0030719
0.0027437
0.0027871
-0.0073661
-0.0090189
0.0032227
0.0010189
0.0023728
-0.0033102
0.0084736
0.0099523
0.003515
0.0067423
-0.0040849
-0.0043423
0.0095566
0.0009785
0.0023255
0.0067538
0.0079105
-0.0061233
