-0.0056329
0.0022336
0.0059634
0.0057883
-0.00211
0.0021339
-0.0009466
-0.0057681
-0.0076051
-0.0080801
-0.0061758
0.004704
-0.0052329
-0.001498
-0.0058027
0.0002133
-0.0058471
-0.0033645
-0.0035016
-0.0085
-0.0063894
0.0017641
0.0098872
0.0035315
0.0059547
0.0012418
0.0021215
0.0042379
0.0077212
-6.51e-5
-0.0090966
-0.0080402
-0.0047712
0.0061787
0.0038558
-0.0089384
-0.007577
2.75e-5
-0.0066826
0.0071101
-0.0078105
-0.0081641
0.00757
-0.0086344
-0.0092977
-0.0089821
0.0006681
0.0021494
0.0047544
0.0026823
-0.006379
-0.0041505
-0.0088062
-0.0052839
-0.0082679
0.0012214
0.0095867
0.0064745
0.0089961
0.0048051
0.0061259
-0.0011104
-0.0078435
-0.0047579
0.0053506
0.0076943
0.0012887
-0.0031472
0.0020064
0.0034691
0.0046573
0.0060918
0.0014174
-0.0090799
-0.0021113
0.0064279
0.003399
-0.0008046
-0.0090389
0.0037867
-0.0033229
0.0070511
0.0038377
-0.0017218
-0.0020122
0.0008921
-0.008047
0.0081971
0.0025209
0.0060419
0.0030895
-0.0083894
0.0021563
-0.0017564
0.0054073
0.0014349
0.0082307
0.0029112
-0.0013199
0.0054838
-0.0009295
0.0069761
-0.0095031
-0.004238
-0.0019006
0.0096273
-0.0079042
-0.0099315
-0.0086909
0.0072104
0.0034709
0.0039389
-0.0009747
-0.0064148
-0.0072935
0.0037599
0.0069818
0.007118
-0.0060562
-0.0062902
-0.0013086
-0.0092957
-0.0059708
-0.0063023
0.0014476
-0.0088763
0.0008287
-0.00851
-0.001226
-0.0076783
-0.0063521
0.0007878
0.0009507
0.0044336
-0.007921
-0.003396
-0.0085741
0.0055447
0.0072591
0.0066381
-0.000878
-0.0052345
0.0044441
-0.0017686
0.006291
0.0063548
-0.0042294
-0.0014354
-0.0096087
0.0090179
-0.0008911
0.0019745
0.0006577
0.0062696
0.0035349
0.0021249
0.0060538
0.0057733
-0.0080056
0.0033883
0.0031791
0.0013759
-0.0044504
-0.0031797
-0.0048813
0.0019208
0.0007947
0.0014294
-0.0096526
-0.004687
0.00761
0.0040365
-0.000266
0.0084446
-0.0001681
-0.0065804
0.009183
0.0096937
0.0018407
0.0018274
0.0073836
-0.0061482
0.0032668
-0.0078512
0.005857
-0.0020118
0.0031224
-0.0094738
-0.0008021
-0.0042556
-0.0068579
-0.0014899
0.0070493
-0.0011767
0.0087143
0.007526
-0.0014609
0.0080864
0.0099711
0.0014619
-0.0046499
0.009809
-0.0046962
-0.0051791
-0.0099167
0.0014657
0.0081141
0.0046783
0.003542
0.0087625
0.0049373
-0.002308
0.0029984
-0.0079122
0.0092473
0.0037941
0.0086191
-0.0092835
-0.0004776
-0.0044187
0.0034046
-0.0052312
0.0028539
-0.0060426
-0.0069414
-0.0036387
0.0066568
-0.0032456
-0.0083295
-0.0091388
0.0038299
0.0025908
0.0052875
-0.0099457
0.0071661
-0.0074427
-0.0063807
-0.0022441
0.006674
-0.0091588
0.0040736
0.0070416
0.0074901
0.00645
-0.0031926
-0.0087654
0.0001665
0.0004683
-0.0080644
0.0044539
-0.008138
-0.0024983
0.0011693
-0.0024354
0.0042352
0.0010312
0.0088422
-0.0026967
-0.007226
0.0011421
0.0018251
0.0009848
0.0031491
0.0063523
0.0016083
-0.006734
0.0064621
0.0074983
0.0004707
-0.0064436
0.0034539
-0.0033104
-0.0069756
-0.0093035
-0.0038257
0.0058136
0.0096431
-0.0063686
0.002145
0.0088867
0.0008969
0.0065241
0.0087871
-0.0099834
-0.0021231
0.0022291
-0.0044732
0.0034217
0.0080087
-0.0062056
-0.0093943
-0.0082888
0.0054461
0.0055974
0.0026608
0.0017888
-0.0012743
0.0061064
0.007978
-0.0096029
-0.0037702
-0.0075587
0.0070127
0.0008858
-0.0076825
0.0065811
-0.0048859
0.0029641
0.0057216
-0.0055303
-0.0089716
0.003981
0.0076372
-0.0092236
0.0039019
0.0031846
0.0061039
0.0052774
-0.0073548
0.0098282
0.0009271
0.0033836
-0.003978
-0.0053568
-0.0084039
-0.0013707
-0.0039669
0.0067361
-0.0063263
-0.0044023
-0.0039942
-0.0043971
0.0016594
0.0070077
-0.0070331
-0.0076317
0.006114
0.0091105
0.0015633
-0.0070295
0.0097026
0.000918
0.0037449
0.0041702
-0.0058437
-0.0049301
0.0069566
0.0079425
-0.0018298
-0.0007713
0.0081686
-0.0089461
0.0020592
0.0031245
-0.0020024
-0.0027202
-0.0089357
-0.0015991
-0.0027607
-0.007827
-0.0010855
-0.0046805
-0.0049181
0.0088859
0.0062068
0.007104
-0.0061142
0.00998
0.0099012
-0.0075299
-0.0048081
-0.0017676
-0.0096028
-0.0030967
0.0045264
0.0042536
0.0014763
0.0077753
0.0098599
-0.003722
-0.001502
0.0003696
0.0023482
0.0029946
0.0037178
-0.0051678
0.0094892
-0.0011328
-0.0010315
-0.0018942
0.0078402
0.0053201
0.0037483
-0.0077885
-0.0078746
0.0052555
-0.0084906
0.0029763
-0.0027504
-0.0044022
-0.009983
0.0066184
-0.006066
0.0011568
0.0092937
0.0063126
-0.008503
-0.0046547
0.0069063
0.0012961
0.0065308
0.001016
-0.0026937
-0.0046202
0.0021592
0.0010911
-0.0008104
0.0093218
-0.0020763
0.0016038
-0.0076107
0.0067879
0.0034058
0.0003005
-0.0001831
0.0049901
0.0048894
0.0073594
-0.0053584
-0.0017428
0.0097784
-0.0024572
-0.0038798
0.0081677
-0.0041799
-0.004474
-0.0017545
0.0068979
0.0048547
-0.0058102
0.0069174
0.0083839
0.0017279
0.0025045
0.0021032
-0.0022984
0.0026317
0.005105
0.0024145
-0.0048941
-0.0063579
-0.0006408
0.0059851
-0.000256
0.0074648
-0.0084182
-0.0074773
0.0050335
-0.0008553
-0.0050143
-8.59e-5
-0.0047229
-0.0076776
0.0070248
0.0023526
0.005328
0.0099614
-0.0019159
-0.0015965
-0.0083705
-0.0038568
0.0049022
0.0058175
-0.0085877
-0.0028548
0.0044596
0.0094562
-0.0064991
-0.0002055
0.0022987
0.0056488
-0.000808
0.0040508
-0.0088829
-0.0085705
0.0050728
0.006493
0.0006047
-0.0078946
-0.0009567
-4.43e-5
-0.0049278
0.00611
-0.0007492
0.0018625
