0.0087308
0.0012565
0.0073888
-0.0069519
0.0098444
-0.0054061
0.0014637
-0.0066109
0.006461
0.0056897
0.0018504
0.0054405
0.0022426
-0.0084459
0.0045842
0.0055503
-0.0075236
0.0053837
0.0014708
-0.0076229
-0.0030397
-0.0055654
0.0067708
-0.0016315
0.0095073
-0.0006294
0.0088504
-0.0047485
0.001165
-0.0023829
0.0030215
0.0072693
-0.0060958
0.005526
0.0069962
0.000207
-0.0040035
-0.0043273
0.0069621
-0.0017438
-0.0077272
-0.0080573
-0.0098516
-0.0036123
-0.0097698
-0.0038189
-0.0067962
-0.0007552
-0.0013731
0.005276
-0.0017023
0.0050541
0.0043653
0.0022165
0.0004895
0.0085584
9.98e-5
0.0058333
-0.0095341
-0.0083478
0.0080622
0.0044971
-0.0051941
-0.0072981
-0.005867
-0.0066151
0.0087443
0.0050069
0.0078315
-0.0034329
-0.0031283
0.0078618
0.0044783
-0.0021527
0.0045662
0.0010502
0.0089391
-0.0058781
-0.0033114
-0.00488
-0.0022452
-0.0059448
0.0041662
0.0028229
-0.008742
0.0066381
0.0072319
0.0036496
-0.0051397
0.0029491
0.0096546
-0.0059551
0.0042685
0.0089103
-0.0092626
-0.0048946
-0.0012254
0.0046471
-0.0072544
-0.0002506
0.0060777
0.0097211
-0.0052908
0.0008291
0.0064882
-0.0099567
0.0029869
0.0050327
-0.0088608
-0.0046945
-0.0074511
-0.0060285
0.0095404
-0.0090456
-0.00399
0.0069661
-0.003335
-0.0008266
0.0078333
0.0078755
0.0004008
0.0035443
-0.0083447
0.00974
0.0096713
0.0091611
0.0016997
-0.0093789
-0.0075877
-0.0078099
0.000319
-0.0033257
-0.0039554
0.0046677
-0.0089778
-0.0031974
0.0081742
-0.0093092
0.0076599
-0.0021476
-0.0042138
0.0055403
-0.006315
-0.0090066
-0.0065127
-0.0067122
-0.0063248
-0.0077401
-0.007005
-0.0023416
0.0080198
-0.0064932
0.0097133
-0.0033327
-0.0032564
-0.0096835
-0.0098071
0.0076058
-0.0056058
0.0046208
0.005691
-0.0029791
-0.0038243
0.0063353
-0.0013989
-0.0001329
0.0056057
-0.0047586
0.0017
0.0026289
0.0062227
-0.0036896
0.0025195
-0.0044671
-0.0060601
0.0099412
-0.0079212
0.0058712
-0.0088859
0.0004685
-0.0021059
0.0055626
-0.0096136
0.0068755
3.18e-5
0.0038598
0.0066309
0.0050161
-0.0086189
-0.0011661
-0.0017721
0.0088119
-0.0093782
-0.0043582
0.0073012
0.002083
-0.0015019
0.0010034
-0.008361
-0.0012446
-0.0058113
0.0063883
-0.0054589
-0.000492
-0.006419
-0.0077669
0.0098327
-0.0025882
0.005972
0.0004467
0.0038518
-0.0050323
-0.005904
0.0015033
-0.0030329
0.0050233
-0.0044829
-0.0046326
0.0043087
-0.007838
-0.0022877
-0.0025543
0.0084775
0.0008589
-0.0072284
0.0041153
-0.0077314
-0.0046603
-0.0092843
-0.0061939
0.0011795
-0.0024388
-0.0059556
-0.0011578
-0.0047099
0.0030087
-0.0053352
-0.0030939
0.0006408
0.0073776
-0.0019805
-0.0067863
-0.0009036
-0.0073414
-0.007712
-0.0080175
-0.0092364
0.0053879
0.0062507
-0.003058
-0.0067272
0.0018763
-0.0016656
-0.0029456
-0.0034702
0.0064146
0.0009857
0.0073329
0.0084658
0.0033282
-0.0024694
0.0075815
-0.0048069
0.0015559
-0.0036981
-0.0051304
0.0041027
0.0077008
-0.0022884
-0.0082717
0.0066255
-0.0050309
0.000361
-0.0081183
0.001406
-0.0028095
0.0064125
-0.0095564
-0.0091981
-0.0009512
-0.0041331
-0.0086258
-0.0018774
0.0096222
-0.007688
-0.0010229
0.0076917
-0.005841
-0.002925
-0.008344
-0.0009808
-0.0086609
0.0068311
0.0058231
0.0077945
0.0096924
0.0042381
0.004679
-0.0007488
0.0040151
-0.002458
0.00581
-0.0056686
0.004047
-0.0046075
-0.0017472
-0.0004602
-0.0052164
-0.0035693
0.0098319
0.007608
-0.0099647
0.009717
-0.0026442
0.0006947
-0.0013291
0.0022831
-0.0069506
0.0084564
-0.0087001
0.0069669
0.0065769
-0.0022366
0.002892
0.0060505
-0.0094671
0.0009408
-0.0093443
-0.0025063
0.0037056
0.0022014
0.0054172
-0.0093613
0.0002721
-0.0082036
-0.0037468
-0.0008498
0.0010238
0.0015607
0.0041225
0.0019594
0.0010818
-0.0051349
0.0030037
-0.0006708
0.0070242
-0.0099153
0.0098129
0.0036439
0.0024023
-0.0072385
0.0080555
-0.0055704
-0.0049396
-0.0051571
-0.0014848
-0.0073637
0.0059758
0.0039522
0.0038391
-0.0015771
-0.0053692
-0.002322
0.0016413
0.0075984
-0.0044515
0.0011025
-0.0043469
-0.0002516
-0.0022168
-0.0083634
0.009467
-0.00161
-0.0099304
2.82e-5
0.0050782
-0.004227
0.0003436
-0.0090819
0.009143
-1.82e-5
0.0023009
0.0054612
-0.0091269
0.0068716
-0.0006237
-0.0053353
-0.0061344
-0.0087724
-0.0091612
-0.0064574
0.0008996
0.0019095
0.0036221
0.0052828
6.3e-5
0.0004145
-0.0033312
0.0075572
0.0013752
-0.0028896
0.001469
-0.003952
-0.0016895
-0.0073908
-0.0067659
-0.0022517
0.009862
0.0065956
0.0073955
0.0044501
-0.0021945
-0.0044511
0.0096089
-0.0095036
0.0035489
-0.0035187
0.000886
-0.0010188
0.008043
-0.0018917
0.003301
-0.0011826
-0.0077864
-0.0065907
0.0039751
-0.0061607
0.0059774
-0.0032952
0.0043388
-0.0086287
-0.0023426
-0.0056088
0.005235
0.0047539
0.0090598
-0.0015635
-0.0047706
0.0008711
-0.004955
0.0092539
0.0027974
-0.0010874
-0.002424
0.0019383
0.0087356
0.0038065
0.0035448
-0.0012194
0.0060093
-0.0025861
0.0092556
0.0039191
-0.0088301
-0.0030703
-0.0019029
0.001443
0.0026252
0.0077994
-0.0030357
-0.0077499
0.0043942
0.0020889
-0.0050629
-0.0053915
0.0017948
-0.0059198
0.004524
0.0048774
0.0068123
0.005836
0.009298
0.0050866
-0.005373
0.0013858
0.0032153
0.0033461
0.0017383
-0.005609
0.0099779
0.0076347
-0.0046591
-0.0081022
-0.002068
0.008744
-0.0078917
-0.0067996
-0.0042975
0.0010723
-0.0011327
-0.0024752
0.0038321
0.0025896
0.0035962
0.0079308
