-0.0052898
0.0076258
0.0057364
-0.0036108
-0.007341
-0.0052207
-0.0052371
-0.0050474
-0.0081997
0.0050061
0.0062522
0.0056241
0.0051327
0.0096123
-0.0043139
-0.0079697
-0.0027011
-0.0082358
0.0018215
-0.0045561
-0.0021027
-0.0064013
0.0053419
0.0034434
0.0064728
-0.0096361
-0.0038781
-0.000419
0.0005737
0.0093133
-0.0082848
-0.0097134
-0.005335
0.009834
0.0036916
-0.0009678
0.0060916
-0.0075392
0.0081425
0.004585
0.0093876
-0.0030536
-0.0049744
0.0098854
-0.0075791
0.0019642
0.0014414
0.0041336
0.0018494
-0.0068037
0.001707
-0.0098253
0.0062338
0.0069958
-0.0007631
-0.0067892
0.0047449
0.0091714
0.005801
-0.0012423
0.0016645
-0.0010015
-0.0048249
-0.0024321
-0.0007692
-0.0005031
-0.0076171
-0.0006723
0.0069266
0.0029571
-0.0055305
-0.0097578
-0.0087541
0.0027749
0.0041234
0.0025749
-0.0002497
0.0097798
-0.0078628
0.0002961
-0.0043235
0.0013305
0.000695
-0.0043556
-0.0007785
-0.0016879
-0.0081431
-0.00716
0.0079588
0.0028163
-0.0008683
0.0049976
-0.0051107
0.0062958
-0.0079357
0.0012856
-0.0008312
0.0048708
0.0022181
-0.0006423
0.0056219
-0.009836
0.0066008
-0.0010409
0.0077668
0.0058382
-0.0073732
0.0017986
0.0059896
0.0082282
-0.0067445
-0.0001589
0.0073973
-0.0035968
-0.0094541
-0.0084508
-0.0061956
-0.0085213
-0.0014904
-0.0022453
-0.0098602
-0.002768
0.0012997
0.0039648
-0.0007734
0.0046961
-0.0053254
0.0066341
-0.0003632
-0.0020959
-0.0062214
0.0003883
-0.0081043
-0.0048274
0.0057678
-0.0080534
-0.0091265
-0.0033506
-0.0048667
-0.0077809
-0.000367
0.0057299
0.0090781
-0.0070968
-1.51e-5
0.0014123
0.0088046
0.001794
0.0032612
-0.0083934
-0.0039826
0.003072
0.0089603
0.0076301
-0.0025088
0.0093723
-0.0052358
0.0039542
-0.0043969
0.0041215
-0.0060504
-0.0035167
0.0093781
0.0071917
-0.0091176
0.0021833
-0.0020577
-0.0071932
0.0009526
0.0060622
-0.0088954
-0.0013893
-0.0054489
-0.0029413
-0.0020472
0.0044546
0.0037493
0.006159
0.0013072
0.0034718
-0.0027286
0.0039313
-0.00657
-0.007322
-3.66e-5
0.0020495
0.0096553
0.0028522
-0.001157
-0.0067942
-0.0093196
0.0090618
0.0042889
-0.0027485
0.0037758
0.0028835
-0.0042632
0.0013256
0.0084948
0.0076569
-0.0027615
0.0057518
-0.0054235
-0.0013309
-0.0026731
-0.0017798
0.0030178
0.0042888
-0.0040948
-0.0026617
-0.0078129
-0.0039676
-0.0094962
0.0078323
0.0057444
-0.003142
0.0067009
-0.0074309
-0.0092572
0.0006855
0.0054516
0.0054955
0.0077857
0.0029707
0.0036602
0.0024224
-0.0034543
-0.002631
-0.0003467
-0.0016191
0.0093901
-0.004265
-0.0093912
-0.0043738
0.0028215
-0.0021756
-0.0093881
-0.0041176
0.0035473
0.0010877
0.004897
-0.0021262
0.0069721
-0.006327
0.0064285
-0.001374
0.0002993
-0.0039724
0.0089356
-0.0057335
-0.0051851
-0.0026074
0.0010414
-0.000716
-0.0024761
0.0060597
0.0082153
-0.0079548
0.0023999
0.0048692
0.0018965
0.0061132
-0.0001303
0.0097152
0.004352
-0.0045142
0.002938
-0.0007409
-0.0083468
0.0028049
-0.0031866
0.0086174
-0.0092493
-0.0050224
-0.0026228
0.0077556
-0.0031509
-0.0015211
0.0041678
0.0089893
-0.0081472
-0.0002051
0.0044128
0.0043897
0.0060061
-0.0075944
-0.0025464
-0.0031302
0.0081126
0.0024846
-0.0020206
-0.0004413
0.0038669
0.0069305
-0.0099191
-0.0011593
0.0010113
0.0006768
0.0065052
-0.0096075
-0.0074297
-0.0052734
-0.000175
-0.0059472
0.0045693
-0.0099432
0.0031353
-0.0047023
0.0056911
0.0058761
0.0074057
-0.0023153
-0.0097971
0.0050882
-0.0062212
0.0084659
0.0027032
-0.0026335
0.0081204
0.0006261
0.0010765
0.0065442
-0.0014578
0.0088644
0.0058459
0.0064275
-0.007753
-0.009514
-0.0071474
-0.0099753
-0.0013501
0.0005808
0.0092417
0.0047237
0.0065869
0.0012954
-0.0069009
0.0004091
0.0082677
-0.0006932
0.0083718
0.0010743
0.0032341
-0.0025865
0.0032668
0.008947
0.003404
-0.0027927
0.0083231
-0.0057013
-0.0099834
0.0024385
-0.0088336
-0.0099761
0.0080554
0.0021542
-0.0094089
-0.008788
0.0091256
-0.0028423
0.0046043
0.0061065
-0.0098009
0.0031611
0.0023419
0.0077241
0.0005125
0.0020273
0.0058116
-0.0063575
0.0060121
-0.0068728
-0.0057208
-0.0095844
-0.0033245
0.0069206
0.0073409
-0.0017324
0.0059957
-0.0088114
-0.0043074
0.0093545
0.0070863
-0.0009511
-0.0051927
0.0095149
-0.0041416
-0.0038923
0.0062986
-9.94e-5
-0.0081603
-0.0071114
-0.0035713
0.0041818
-0.0044544
0.0016368
-0.0072638
0.0011787
-0.001447
0.0007098
-0.0078978
0.003042
-0.0006322
-0.008169
-3.36e-5
-0.0037743
-0.0007443
0.0043119
0.0070226
-0.0036128
0.0003637
0.0048433
-0.0083011
0.0076749
-0.0061746
-0.0002528
-0.0081872
-0.009047
0.0058092
-0.0095508
-0.0073133
-0.0001667
-0.0086532
-0.0045178
0.0003533
0.0080656
0.007704
-0.0098797
-0.0024501
0.0067196
0.0059282
-0.0091006
0.0059939
0.0069799
-0.0095267
0.0060789
0.0049985
0.0081436
-0.001277
0.0081622
0.0030497
-0.0028438
0.00576
0.0061569
0.0066094
-0.0095029
-0.001378
-0.0052429
0.0073296
0.0083039
0.0031399
0.0067389
0.0061405
0.0064253
-0.007656
0.0057847
-0.0039128
0.0018357
-0.0097258
0.0092065
0.0055425
-0.0057818
0.0058442
0.0064844
0.004584
0.0083563
0.004467
-0.0057921
-0.002595
0.003537
0.0045641
-0.0026155
-0.0070786
-0.0016191
0.0042355
0.0048392
-0.0076173
-0.0081517
0.0004584
0.0082498
0.0010265
-0.001834
-0.004672
-0.0020631
-0.0036396
-0.0084941
0.0056733
0.0046164
0.0006304
0.0085685
0.0035479
-0.0030555
-0.0021816
-0.0097307
0.0050124
