-0.0085704
0.0031919
-0.0005276
-0.0011322
-0.0069974
-0.0095941
-0.0003384
-0.009071
0.0060166
-0.0028356
0.0058174
-0.0080857
0.0086075
0.0066608
0.001353
-0.001527
0.0048921
0.0007045
0.0038224
-0.0021944
-0.0049446
-0.0047847
-0.0065359
-0.0025468
-0.005111
-0.0039851
0.0010704
-0.0021952
-0.0082131
0.0017547
0.0079178
-0.0099668
0.0017637
-0.0042599
-0.0091051
0.0084014
0.0055751
-0.0085577
-0.0036643
0.0007069
-0.0096927
-0.0008937
-0.0031906
0.0033224
-0.0049244
-0.009279
0.0036841
-0.0074441
0.0068148
-0.0082733
0.0005208
-0.0021028
0.0090771
0.0049415
0.0046125
0.0070842
0.0026497
-0.0030997
-0.0019169
-0.0026784
0.0043812
0.009142
-0.0055412
0.0049299
0.0058094
0.0068886
-0.0081447
-0.0031952
-0.008932
0.0038066
0.0060055
0.0039645
0.0080779
-0.0043404
0.0029533
0.0003307
0.0036141
-0.009072
0.0049779
-0.0010923
0.0005217
0.0086264
0.0051553
-0.0039676
0.0041506
0.0012558
0.0065716
0.0071998
-0.0071194
-0.0051361
-0.0093758
-0.0012343
6.32e-5
-0.0018338
-0.0014477
-0.0007355
0.0022825
-0.0091792
0.0012672
-0.0010004
-0.0076679
-0.0013666
0.006056
0.001978
0.0012054
-0.0073485
0.0016491
0.0094468
0.0047831
0.0099256
-0.0094841
-0.0064605
-0.0068728
-0.0022997
-0.0032178
-0.0036981
0.0036548
0.0046306
0.0064897
-0.002464
-0.0081077
-0.0002683
-0.0035204
-0.0015435
-0.0046362
-0.0083678
-0.0083445
-0.0001238
-0.0013292
0.0064139
0.0004437
-0.0044844
0.0063849
-0.0066614
0.0095299
0.0080735
-0.001107
-0.0099821
-0.0005609
-0.0099243
0.0081081
-0.0068875
0.0033553
0.0099501
0.0053085
0.0063514
0.0099291
0.0005453
0.0071836
0.0038268
0.0056717
-0.0072421
-0.0026261
0.0025978
-0.0061817
-0.0052854
0.0054228
-0.0069619
-0.0054479
-0.0089171
-0.0015808
-0.0071838
-0.0095414
-0.0093983
0.0012124
0.0032563
0.0081503
0.0007317
0.0036596
-0.0055382
-0.0079281
0.0086363
0.0065561
0.0082899
0.0009395
-0.0046065
0.0062655
0.0074357
0.0084331
-0.0044643
0.009073
0.0030431
0.0067011
0.0061382
0.0045421
0.0047698
-0.0086257
-0.0098813
-0.003923
0.0036581
-0.0033583
0.007584
-0.0052553
-0.007596
-0.0041685
0.0028943
0.0077958
-0.002312
-0.0040737
-0.0013301
0.0014934
0.00346
-0.0060174
0.0009005
-6.59e-5
0.0071812
-0.0035467
-0.0054565
0.0041444
-0.0062894
0.0085683
-0.0018749
0.0029554
-0.0026821
-0.0043707
-0.0030751
-0.0083317
0.0020628
-0.0034832
-0.0043799
-0.005773
0.0060371
0.0039161
0.0088388
0.0054019
0.0013614
0.0083543
-0.0029253
-0.0039468
-0.0088759
0.0075525
-0.0028044
6.1e-5
-0.0047495
-0.0015902
0.0023318
0.0015354
-0.0010706
0.0022997
0.0015422
0.0052957
-0.0043541
0.0083588
-0.0090791
0.0068155
0.0069928
0.0070572
0.0012876
-0.0083904
0.0073345
0.0053239
-0.0079816
0.0082455
-0.0049422
0.0065146
-0.0056201
-0.0055113
0.004036
-0.0036579
0.0095821
-0.0048356
0.0088197
0.0037204
0.0063667
-0.0098415
0.0096359
-0.0052738
-2.88e-5
0.0073305
-0.0076968
0.0032399
-0.0095002
-0.0084246
0.0083952
0.0013346
-0.0003942
0.0066813
0.0014845
-0.0084909
0.0033828
-0.0061308
-0.0081384
-0.0090228
0.0058285
-0.0048886
-0.0041188
-0.0051903
-0.0024254
0.009464
0.0022655
-0.0001902
0.0064107
0.0077427
0.0059399
-0.0085442
0.0089368
0.0017008
-0.0011842
0.0098687
-0.008835
0.0048694
0.0048156
-0.0075512
-0.0071499
-0.0015516
0.0076861
-0.0057091
0.0065535
0.0055976
0.0070991
0.0088181
0.0004762
-0.0077183
0.0009292
-0.0094942
-0.0045339
-0.0076239
0.0036554
0.0027779
-0.0080378
-0.0018477
-0.0084497
-0.0095416
0.004844
0.0001618
0.008677
-0.0042427
0.0032195
-0.0087051
0.0022835
-0.0032184
-0.00287
0.0065693
0.0031655
-0.0086846
0.0043143
0.0056918
-0.0035445
-0.004232
-0.0012879
-0.0078346
-0.0097513
0.0023435
-0.0063609
0.0016522
0.0022297
-0.0063877
0.0010485
0.0066834
0.0065693
-0.0050426
0.003089
0.0020988
-0.0037459
0.0062136
0.0043497
-0.0049134
-0.0024515
0.0094118
0.0040841
-0.0087331
0.0085871
-0.0055253
0.0070628
-0.0049797
0.0097841
0.0060274
0.0078824
0.0068779
0.0053769
-0.0023408
0.0068242
-0.0030497
0.0070498
-0.0058388
0.009809
0.0067738
-0.0076725
0.0067055
-0.0073347
-0.0044761
0.0069589
0.0083391
0.0018303
-0.0081756
0.0048747
-0.0042492
0.0056524
-0.0020182
0.0063411
0.0003645
0.0088502
0.0029596
0.0052334
0.0043055
0.0061964
-0.0052758
0.0044852
0.0073584
0.0036573
0.0032784
-0.0040095
0.0003141
0.0086014
0.0020717
0.0024706
0.0055075
-0.0065317
-0.0054489
0.0017445
-0.0011359
0.001252
-0.0050295
0.0002043
0.0019133
-0.0022055
0.0057811
-0.0040496
-0.0009523
-0.002705
-0.005456
0.0041787
0.0068862
0.0010905
-0.0037992
0.0039236
0.0017043
0.0011043
0.009214
0.0078103
-0.0076385
-0.0064098
0.0044306
-0.0022151
0.0002428
-0.0030509
0.0081038
-0.0096238
-0.0070151
-0.0060957
-0.0079826
0.0027172
-0.0056992
0.0003999
-0.0039543
0.0035279
0.0081976
0.0055039
0.0038452
-0.0059767
0.0096937
0.0040924
0.0008015
-0.0091758
-0.0002165
-0.0017352
0.009744
0.0024521
-0.0070168
-0.0067392
-0.0043667
0.0015469
-0.0022079
-0.0021931
0.0081974
-0.009726
-0.0095803
-0.0049501
-0.0008138
-0.004051
0.0014501
0.0060666
-0.0087473
-0.0046915
0.0029642
-0.0063115
-0.0019416
-0.0080719
-0.0028147
-0.0034509
0.0093287
-0.0046866
-0.0082386
-0.00257
-0.0012362
-0.0067912
0.0029662
0.0011971
0.0082496
-0.0048012
0.0098933
-0.0069654
0.0063036
-0.0030704
-0.006351
