-0.0027438
-0.0098369
-0.0069878
-0.0032777
-0.0010174
0.0040325
0.0029036
0.0008979
-0.0097177
0.0038076
0.0086368
0.0037924
-0.0022756
-0.0054416
-0.0026426
0.0023923
-0.0036513
-0.0030545
-0.0057033
0.0051486
0.0075975
-0.0086868
0.0010263
-0.0051372
0.0043436
-0.0090055
-0.00638
-0.0057965
-0.0049374
-0.0036417
-0.0024234
-0.0035533
-0.0004848
-0.0067826
0.0061982
-8.38e-5
0.0091784
0.0094225
0.005397
0.0028494
-0.0057907
-0.0026714
0.004076
-0.0095406
0.008759
0.0095335
0.0008117
-0.0096828
0.0095209
0.0075367
-0.0054472
-0.0072795
0.0020662
-0.0022808
-0.0021389
0.0097753
0.0010184
0.00688
0.0023768
-0.00483
0.0059815
0.0086717
0.0022972
0.0041497
-0.0063334
0.0048532
-0.0068295
0.0005284
-0.0035722
0.006933
-0.0047092
0.0032478
-0.0002525
-0.0092849
0.0046977
-0.0022695
-0.0060397
0.0017343
0.0050454
-0.0048569
0.0044955
-0.0020082
-0.0086303
0.0076641
0.0081502
0.0072509
-0.0092058
0.0047701
0.002621
-0.0088257
-0.0019854
-0.0051227
-0.0088448
-0.0047783
0.0082479
-0.0094542
-0.000208
0.0095483
-0.007242
-0.0065312
-0.005478
0.0028015
0.0046072
-0.0059156
-0.0004767
-0.0078671
-0.0072572
0.0057125
-0.0034745
0.0048401
-0.0054048
-0.0068024
0.0039478
-0.009954
0.0092866
0.0066691
0.0030189
0.0092083
0.0065612
0.0030331
0.002925
-0.0067461
0.0077765
0.0093691
-0.0038089
-0.0093628
0.0094293
-0.0027069
-0.0074025
-0.0032859
0.0085691
-0.0035219
0.0087278
0.0011637
-0.0047343
-0.0070382
-0.0031646
0.0052185
-0.0001605
0.0064653
-0.0072251
-0.0015487
-0.0025779
0.0058217
0.0013162
0.0089523
0.0030766
-0.0058075
-0.0049942
0.0036387
0.004787
0.0011246
-0.007733
0.0067048
-0.0043391
0.0014609
-0.0004452
0.0007744
-0.0076727
0.0014586
0.008276
-0.0081973
0.0095552
0.0025387
-0.0086138
-0.0090968
0.0008461
-0.0087095
0.0042234
-0.0072881
0.0056232
0.005711
-0.0016117
0.003861
-0.0068071
-0.0012004
-0.0060217
0.0073276
0.0046435
0.0098355
0.0037547
-0.0027513
-0.0043408
-0.0083054
0.0049886
-0.0068762
-0.0042959
-0.0090551
-0.008986
-0.0027008
0.0001158
0.0057183
0.0034915
0.0099733
0.0085378
-0.0061137
-0.0037534
-0.0003276
0.0080013
0.0060607
-0.0008599
0.0046278
-0.0002195
-0.0035188
-0.0073215
0.004252
0.0003303
-0.0064646
-0.0041143
-0.0053076
-0.0024485
-0.0077035
0.0029377
0.0038768
0.0093138
-0.0050754
0.0059364
0.0044347
-0.0028304
0.0086712
-0.0005678
-0.0029288
0.0078852
-0.0086682
0.0058384
0.0097871
-0.0061076
0.0042644
-0.002595
0.0059552
0.0012475
0.0077043
0.0012223
0.0010576
-0.0025659
-0.0080703
0.0089013
-0.001968
-0.0011461
0.0014107
0.0050578
-0.0048395
0.0027984
0.0078054
-0.0037795
-0.0045705
0.006887
0.005064
0.0051094
0.0094601
-0.0009254
-0.002064
-0.0083189
0.0035619
-0.0045215
0.0041475
-0.0051806
0.0009721
-0.0043396
-0.0036866
0.0069149
0.0086457
-0.0043235
0.0014232
-0.0099862
0.0018545
0.0076017
0.0023959
0.0025421
0.0059204
-0.0017195
0.0009536
-0.0036155
-0.0011755
0.0063938
0.0023188
-0.0055986
0.0057921
-0.0060215
0.0067007
-0.0041394
0.0064508
0.0006558
0.0069201
-0.0051918
-0.0013183
-0.0093403
-0.0029053
-0.0084708
0.006614
0.0018781
0.0092901
-0.0085555
0.0026545
-0.0027967
-0.0003853
0.0022489
-0.003532
-0.0001342
-0.0030009
0.0057758
0.0080033
-0.0099124
-0.0058996
0.0063815
-0.0029705
0.0010738
0.0052563
-0.0044008
-0.0099595
0.0056333
-0.0081449
-0.0055324
-0.0041043
0.0002098
0.0020386
-0.0065411
-0.0066309
0.0065166
0.0057083
-0.0090216
-0.0004496
-8.24e-5
0.0098225
-0.0014547
-0.0066994
-0.0018673
0.0039526
-0.003333
-0.0030373
-0.0028288
0.0002918
0.0087353
-0.0074856
-0.0034595
-0.0010465
0.008033
0.0082413
-0.0073537
0.0070403
-0.0028385
0.0002687
0.0067467
0.0028841
0.0059446
-0.0084437
-0.0066042
0.0007163
-0.0010642
0.0092363
0.0070168
-0.0021424
-0.0076125
-0.0048794
-2.62e-5
0.00071
-0.0087746
-0.0069053
-0.0036332
-0.0019398
0.0014874
-0.0099666
-0.0035699
0.0089341
0.0007669
0.0063227
-0.0064121
-0.0033053
0.0063912
-0.0019071
-0.0011917
-0.0080273
-0.002832
-0.0069633
0.0045462
-0.0065684
0.001022
0.006429
-0.0045868
-0.0073406
-0.0067819
-0.007233
-0.0051939
0.0048526
0.000465
-0.0001114
-0.0020131
0.0095716
-0.0084494
-0.0077499
-0.0039616
-0.0018496
-0.0093574
0.0040303
-0.009598
-0.0086486
-0.001899
0.0005167
0.0083806
-0.0037036
-0.0038185
0.0006546
0.0028105
-0.0067741
0.006226
0.0013191
-0.0065067
0.0071211
-0.0005289
-0.0007071
-1.0e-5
-0.0049478
0.0050638
0.0023845
-0.0004747
0.0014259
1.75e-5
-0.0023507
0.0035997
0.0047542
0.0038163
-5.1e-5
0.0075361
0.0067913
-0.0049054
-0.0095504
-0.002636
-0.00806
0.0093565
-0.0013003
0.0056747
-0.0083329
0.000518
0.0008973
-0.0072072
0.002962
0.0003894
-0.0027015
0.0061699
-0.0094885
-0.0069671
0.0068307
-0.0007482
0.0011935
0.0055661
0.0050625
-0.0070898
-0.0067981
-0.0073831
-0.0053672
-0.0093115
-0.0023486
0.003155
0.004616
-0.0076402
-0.0076614
-0.0019709
0.0087111
-0.0061825
0.0035136
0.0075641
-2.63e-5
-0.0049413
0.0015399
-0.0037399
-0.0015223
0.0025509
0.0029682
0.0085835
0.0031325
0.0005988
0.0073403
0.0048041
-0.0082184
0.0050238
-0.0066856
-0.0010387
-0.002288
-0.0071511
0.0037402
0.0057646
0.0073029
0.0022874
0.0024542
-0.000311
0.004678
0.008276
0.0066434
0.0070621
-0.0084437
-0.0017346
0.006022
0.0075539
0.0094463
-0.0092438
