-0.0065782
0.0019745
0.0088824
0.009276
0.002507
0.0070375
0.0084788
-0.0096014
0.0078616
-0.0029329
0.0064105
-0.0012892
-0.0083969
-0.0059018
0.0057999
-0.0040274
0.0076639
-0.0064443
0.008543
0.0067893
0.0013458
0.004936
0.0021848
-0.007902
-0.0087307
0.0071605
-0.0053494
-0.0072507
-0.0040954
-0.0079935
0.0053106
0.0081263
0.0085586
0.0074565
-0.0017637
0.0009393
-0.0034869
0.0038426
-0.0031507
-0.0002388
0.0085091
-0.0057676
-0.0052642
0.0090953
0.0016006
-0.0031421
-0.0019286
0.0033503
-0.0016371
-0.0046068
0.0043384
-0.0061476
0.0046774
0.002958
0.0023842
0.0010626
-0.0034333
0.0003304
-0.0066923
0.0085756
-0.0075552
0.001108
0.0095889
-0.0093169
-0.0001505
-0.004424
-0.00273
0.0012638
-0.0063736
0.0094197
0.0021752
-0.0033326
0.0064705
0.0084597
-0.0047968
0.0085961
0.0030565
0.0029626
0.0022359
0.007974
-0.0080637
-0.0050188
0.0006549
0.0016999
0.0060314
0.0028066
-0.0096502
0.0062839
0.0074392
-0.0031469
-0.0074406
0.0098518
0.0033498
0.0075057
0.0077222
0.0064079
0.0067529
-0.0052801
0.0032194
-0.009243
-0.0032707
0.0068662
-0.0008356
-4.86e-5
0.0010256
0.0027432
-0.0076828
-0.0080701
-0.0025263
-0.0024465
-0.0096289
-0.0034885
-0.0076631
0.0016594
0.0069052
-0.0006324
0.0046038
-0.0067585
0.0003272
0.0059541
0.008529
0.0024367
-0.0044373
0.0076014
0.0082949
0.0078786
0.0062607
-0.0003787
-0.004592
0.0026365
-0.0002519
0.0028471
-0.0040039
-0.0097236
-0.006843
0.0096209
-0.0032756
-0.0005654
0.0010954
-0.0079663
0.0061977
-0.0042471
0.0019239
0.0077789
0.0003189
3.1e-5
-0.0030111
-0.0042286
-0.0077902
-0.002933
0.0070999
-0.0046744
-0.0055663
-0.0023392
0.0045861
0.0035133
0.008162
0.0005388
0.006124
-0.006966
-0.0047752
0.0042492
0.0012
-0.001655
0.0010123
0.0060209
0.0011267
0.0017276
-0.0013052
-0.006931
0.0034225
0.0056401
-0.001797
0.0034942
-0.0055855
-0.0011096
-0.0073431
0.0081377
0.0035007
0.0093984
-0.0061443
8.3e-6
0.0096858
0.0050055
-0.0016051
0.0019741
-0.0041596
0.0022884
-0.0061416
0.0017986
-0.0019987
-0.0082568
-0.0088782
-0.003539
0.0059366
-0.0082212
-0.0084184
0.0042809
-0.0045149
0.0038687
-0.0039001
0.0073835
-0.0031131
-0.0068559
0.0021705
-0.0098205
0.0056255
0.0011282
0.0081187
-0.0004636
-0.0096146
0.0012992
-0.0005578
-0.0046826
0.005316
0.0018469
0.0051473
0.0061842
-0.0056943
0.00779
-0.0066625
0.0084059
-0.0058825
0.0067303
0.0090485
0.0020153
-0.0093729
0.0065208
0.0088926
0.0046539
0.0041873
0.0079712
-0.0099423
-0.0022606
0.0085696
-0.0075405
-0.0013204
0.0011553
0.002704
-0.0046394
0.0013955
0.0084012
0.0082904
-0.0043369
0.0077668
0.0059333
-0.002624
-0.0086877
0.0005725
0.0003322
-0.0041798
0.0012712
-0.0096251
0.0086746
0.0078509
-0.0033495
-0.0035907
-0.0046197
0.0095305
-0.0042023
-0.0098839
-0.0028236
-0.0051669
-0.0064165
-0.0069712
0.0083307
0.0096981
-0.0072628
0.0016379
-0.0057194
0.0033812
-0.0060021
0.0006917
0.0007788
-0.0002975
-0.0028375
-0.0092311
0.0069025
-0.0087997
-0.0054681
-0.0089814
-0.0002033
-0.0068948
-0.0098116
-0.006866
-0.0054616
-0.0033462
-0.0028118
-0.0027724
0.003847
-0.0044171
0.0060456
-0.0044223
-0.0085304
-0.0063361
0.0097598
-0.0085263
-0.0058825
-0.0018012
0.0032446
-0.0063107
0.0003888
0.0091041
0.0078461
-0.0067483
0.006111
0.0093345
0.0088129
0.0030392
0.0087706
0.0067391
0.0068446
0.0024148
-0.0085668
0.001261
-0.0003331
-0.00455
-0.0013826
0.0091762
-0.0054309
0.002743
-0.0032553
0.0053558
0.0082907
-0.0083807
0.0029566
-0.0008223
-0.0047665
-0.0025638
-0.0012669
-0.0036619
-0.0058857
0.0005462
-0.0078975
-0.0094703
-0.007511
0.0053221
-0.0014828
0.0003179
0.007574
-0.0093983
-0.0071052
0.0083378
-0.0007309
-0.0081879
-0.0064434
-0.0023141
0.0005089
0.0096428
0.0047874
-0.0037594
0.0019734
-0.0042648
-0.0033693
0.0099821
0.0077216
-0.0003967
-0.0088296
-0.009319
-0.0069059
-0.0042213
-0.0006919
0.0078301
0.0091279
0.0052025
0.0010763
-0.0066252
0.0007613
0.0010971
0.0041948
0.0019114
0.0023787
-0.0005119
-0.0094906
-0.0001809
0.0074531
0.0023028
0.0062632
0.0003054
-0.0090033
0.000962
0.0086409
-0.0092868
-0.0073345
-0.0035282
-0.007095
0.0033204
-0.0069979
0.0090276
-0.0096636
0.0033465
0.0024302
0.0053048
-0.0042773
0.005596
-0.0099499
-0.0004912
0.0087101
-0.0039119
0.0070715
0.0093504
0.0021115
0.0053308
0.0020033
0.0060107
-0.0060093
-0.0013078
-0.0070832
0.0016617
0.0074621
0.0061948
0.0037032
0.0004666
-0.001775
-0.0079448
-0.0057013
-0.0076168
0.009805
-0.0015068
0.0092669
-0.0047488
-0.0026511
0.0055724
-0.0004995
0.0091183
0.0007421
-0.0099125
-0.0052263
0.0053098
0.0050777
0.0040779
0.0041594
0.0042285
-0.000258
-0.0019546
0.0013792
-0.0051693
0.0027984
-0.0055777
-0.0091875
-0.0072243
0.0001035
0.0065009
-0.0036929
-0.0084355
-0.0011812
0.006758
-0.0060004
-0.0005055
-0.002031
7.77e-5
0.0022812
0.0074012
0.0011836
0.0057193
-0.0040369
-0.0053045
0.0036464
-0.0065999
-0.0097961
0.0048445
0.0050132
-0.0022233
-0.0049736
0.0058797
0.0001838
-0.0063929
-0.0022427
0.0089994
-0.0087805
0.0072836
0.0047865
0.0034975
-0.0080937
0.0058303
-0.0041998
-0.0033191
-0.0031637
-0.00458
0.0033006
-0.0027953
0.0002319
0.0076642
0.008678
0.0017397
-0.0046176
-0.0034654
-0.0094854
0.002647
0.0037878
0.0075964
-0.0052748
0.0090755
0.0072365
-0.0076208
