-0.0099858
0.0049784
-0.007587
-0.0028433
0.0058027
-0.0065054
0.0078004
-0.0043311
-0.00508
0.0014353
0.0061334
-0.0009136
-0.0049551
-0.0098166
0.0024753
-0.0067826
0.005202
0.0048622
-0.0052184
0.0054473
0.0096656
-0.0090017
0.0069405
0.0016798
-0.0038466
0.0067389
0.0079458
0.0002981
-0.0037147
0.0061369
0.001975
0.0013429
0.0065882
0.0056591
0.0035007
0.0065842
0.0078332
0.0080715
-0.0010431
-0.0098487
0.00363
-0.0047626
-2.17e-5
0.0086457
-0.0012607
0.0081662
-0.0067483
-0.0043019
0.0018863
-0.0049237
0.0075677
0.0003273
0.0036996
0.0005073
0.0030214
-0.0099539
0.0069219
-0.0007447
0.0056018
0.0041761
-0.0071223
0.0081524
-0.0075805
-0.0070527
-0.006783
-0.0016482
-0.0056657
0.0021007
0.0017331
-0.0007428
-0.0093899
0.0031275
-0.0037207
-0.0087685
0.002847
-0.0094272
0.0086271
0.0011678
0.0033654
0.0021693
-0.0077732
0.00548
-0.0061972
0.0080393
-0.0044937
-0.0004114
-0.0008311
0.0059026
-0.0074879
0.0089479
-0.0077864
-0.0044423
0.0088485
-0.0051215
0.0038187
0.0082574
0.0062959
0.0009229
0.005799
-0.0085543
0.0008706
0.0096586
0.0053158
0.0014314
0.0096452
-0.0073916
-0.0075953
0.0030491
0.0027318
-0.0091332
0.0092068
-0.0091117
0.0079486
0.0096948
0.0050314
-0.0056974
-0.0073992
0.0099815
0.0088221
0.0053386
-0.0024485
0.0027016
0.0017154
0.0048418
-0.0007562
0.0025918
0.0087672
0.0067873
0.0032294
0.0031215
0.0064089
-0.0027343
1.37e-5
0.0020104
-0.0041232
0.0057385
-0.0043339
-0.007402
-0.0072667
-0.0080357
-0.0045196
0.0026943
-0.0087041
0.001437
-0.0096665
-0.0066925
0.0028462
-0.00614
-0.0024949
0.0050147
-0.0047273
0.0051609
0.0049396
-0.0054579
0.0024418
0.0077562
0.0090757
-0.0047819
-0.0001583
0.0029723
0.0047152
-0.0085469
0.0096521
0.0065104
-0.0082669
0.0037036
-0.0075769
0.0048112
0.0078913
0.0020269
0.0045276
-0.0021375
0.0005495
-0.0057712
-0.0054107
0.0093535
-0.0020122
0.0045264
0.0018417
0.0050625
0.0020139
0.0026703
0.0048873
0.005303
-0.005628
0.0015236
0.0076428
-0.0064361
-0.0092293
-0.002632
-0.0091884
-0.0043677
-0.0089155
-0.0049732
0.0030153
0.0054817
0.0069042
-0.0077914
0.0017396
0.0085374
0.0029939
0.0031955
0.0014099
-0.0026516
-0.0023401
-0.0008604
0.0030849
0.0008451
-0.0087584
-0.0048052
-0.0006136
0.0097995
-0.0088725
0.0056309
0.0020761
-0.0087381
-0.004015
0.0066751
-0.0096244
0.0020174
0.0086879
-0.002335
0.0010055
0.00195
-0.0023324
0.0013129
-0.0033872
-0.0068514
0.0024591
-0.001719
0.0091581
0.0014412
-0.0041596
0.0030867
-0.0002589
-0.0015707
0.0040332
0.0068573
0.0075842
-0.0089595
0.0087093
-0.0081898
0.0006668
0.0006643
0.0068509
0.0029676
-0.000104
-0.0097056
-0.0088873
-0.0075642
0.0078176
-0.0043508
0.0026127
0.0067688
0.0090347
-0.0091587
-0.0076049
0.0008681
0.0094921
0.0053358
0.0011242
-0.0038436
0.0084695
0.0067669
0.0066179
-0.0080688
0.0036363
0.0042064
-0.0052431
-0.0029254
-0.0088427
-0.0015436
-0.0041233
0.0044537
-0.0015637
-0.0085833
-0.0059235
0.0076807
0.0079589
0.0028771
-0.0026214
-0.0056358
-0.0076352
-0.0057592
0.0090364
-0.0066672
0.0079312
-0.006799
0.000224
0.0059199
-0.0080373
-0.0047861
-0.006359
0.0014191
-0.0070829
0.0087845
0.0060928
-0.0020856
-0.0035479
-0.0089861
0.0001156
0.0019259
0.0050262
0.0073482
-0.0070149
0.0011413
-0.003175
0.0042893
-0.0044497
0.0088108
-0.0064052
-0.0024372
-0.0016793
-0.0073204
-0.0004368
0.0003457
-0.0098329
0.0043171
0.0065279
0.0055111
-0.0073612
0.0028095
0.0005079
0.0065737
0.0031179
-0.0073468
-0.0087683
-0.0021098
0.0009083
0.0092189
0.0013659
-0.0077899
0.0038667
-0.0099189
0.0038491
-0.0026858
-0.0086354
-0.004127
0.0004841
0.0021818
-0.0030859
0.0047565
-0.0019915
0.0067311
0.007592
0.0072015
0.0094123
0.0099132
-0.0032989
0.0016645
-0.009965
0.0069496
0.0086678
0.0019735
0.0024301
0.0050667
-0.0092702
0.0077639
0.0004338
0.0021005
0.0069047
0.0005626
0.0086863
-0.0004363
-0.0029154
-0.0062921
0.005925
0.0017717
0.0029633
-0.0014132
-0.0039715
-0.0090961
-0.0033235
0.0087774
0.0015581
-0.0086554
-0.0070993
-0.0049139
-0.0021663
-0.0050044
0.0073452
-0.0025612
-0.0015285
-0.0060174
-0.0023838
0.0089148
-0.002038
0.0009452
-0.0075211
0.005955
0.0055372
-0.0030617
-0.009757
0.0014312
-0.0057155
-0.0023734
0.0018181
-0.003562
0.0021825
0.0007729
-0.0077296
0.0038567
-0.0049666
0.0094519
0.007996
0.0005475
-0.0046574
-0.0002663
-0.0081473
0.0052231
0.0077278
-0.0064749
-0.001528
-0.0005748
0.0067731
-0.0032213
-0.0008879
-1.58e-5
-0.007729
-0.0029803
-0.0055681
-0.0028048
-0.0092984
0.0053271
-0.0052982
-0.0080526
0.0055434
0.0057466
-0.0067193
-0.0054358
0.0023286
-0.0094216
0.0063941
0.0070509
0.005751
0.0001867
-0.0023748
0.0033047
0.0018332
0.008811
0.0022328
-0.0098054
0.0051866
0.0014371
0.0075627
-0.0060131
0.0044981
0.0057359
0.0045817
0.00743
-0.0078093
0.0050968
0.0090751
-0.0087187
0.008272
0.0076167
-0.0050741
-0.0023364
-0.0018891
-0.0051903
0.0038098
0.0039145
-0.0007669
0.0071069
0.0056359
0.0072145
0.0024875
0.0083676
0.007698
0.0006326
-0.006911
-0.0034658
0.0041764
-0.0045577
-0.0073854
-0.0071011
0.0016155
0.0052429
-0.009017
-0.0046496
-0.006296
-0.0052776
0.0015346
0.0009871
0.0071993
0.0068114
-0.0024037
-0.0049585
-0.0097521
0.0024808
0.005618
-0.0035893
-0.0018345
-0.005168
-0.0060052
