-0.0061875
0.0080564
0.0081473
0.0031252
-0.00457
0.0068097
-0.0017247
0.0016024
-0.0010096
0.0017602
0.0019951
-0.0073382
-0.0002906
0.0061251
-0.0047172
0.0084042
0.0088781
0.007269
0.001375
0.0061677
-0.0077824
-0.0022035
0.0014841
0.0005478
-0.0026863
-0.0011185
-0.0034968
0.0081742
-0.0090784
-0.0002695
-0.0083869
0.0074034
0.006159
0.0026178
-0.0068576
-0.0021631
0.0016255
0.0053872
-0.0027464
-0.0041145
-0.002657
-0.0051007
0.0093347
0.0017125
-0.0040166
-0.008642
0.0037237
0.0020444
-0.0096018
-0.0038655
0.0095905
0.0016687
0.0089904
0.0040158
0.007434
0.0049984
-0.0092077
0.001022
-0.0030651
-0.0055927
0.0060031
0.0001117
0.0071727
0.0042845
0.000156
-0.0027079
0.0047396
0.0073231
0.0054804
-0.0032228
0.0037227
0.0074445
-0.0008359
-0.0051345
0.0075117
-0.0004137
-0.004203
-0.0053787
0.0092047
0.0072175
0.0095757
0.0051815
0.0061519
-0.0025424
0.0027301
-0.0017227
0.0099348
0.0034634
0.0080227
0.0025736
0.0040643
0.0077424
-0.0070291
-0.0044943
-0.0073312
-0.0027115
-0.0091874
-0.0058398
0.0047645
-0.0048748
0.0069649
-0.0088698
-0.0050117
-0.0082588
0.0051586
0.0004043
0.0031234
-0.0092762
-0.0028457
0.0064351
-0.0070694
-0.0083503
-0.0067202
-0.0009736
-0.0036276
-0.0082736
-0.0086432
0.0065999
-0.0041168
0.0084355
-0.0098542
-5.5e-5
0.0060425
0.0012773
-0.0017229
0.0076709
-0.0027156
-0.0024469
0.0002483
0.0084539
-0.0051464
0.0064435
-0.0091085
0.0014194
0.0052984
0.0094357
-0.0072397
0.0081309
-0.0066151
0.0030095
0.0007978
-0.0073065
0.0015418
0.0081425
-0.0049525
0.0076293
0.0095534
0.0076949
0.0032076
-0.0003752
-0.006161
0.0023215
0.0028527
0.0063428
-0.0011642
0.0043385
2.26e-5
0.0041728
0.007084
0.0028858
0.009326
0.0011087
-0.0086457
-0.0084772
-0.0055106
-0.0065171
0.007297
0.0003569
-0.0017193
0.0066481
0.0037761
-0.0033945
0.0053779
0.0002642
-0.0066734
0.0041732
1.81e-5
0.0024749
0.0077832
0.0072747
0.0075972
-0.0030257
0.0041879
-0.0035002
0.0089812
-0.0095774
0.0051592
-0.0037994
-0.000893
-0.001495
0.0096935
-0.0096359
0.0016781
-0.0056646
0.0045772
-0.0085809
-0.0013049
0.006768
-0.0006576
-0.0065101
0.0008288
-0.0040253
-0.000838
0.005083
-0.0096345
-0.0043391
0.0008412
-0.0076741
-0.006671
0.0019401
0.0036102
-0.0070183
0.0004371
0.0034605
-0.0051653
-0.0048075
0.0057431
0.006999
-0.0061759
0.0088775
-0.0005959
-0.0061776
-0.006488
-0.0035472
0.0094163
-0.0011157
0.00275
-0.0004441
0.0059744
-0.0052171
0.0022353
0.0066598
0.0007155
0.0046405
-0.0005567
0.0091376
0.0015669
-0.0097491
-0.0085702
-0.0057962
0.008067
0.0068149
-0.0058471
0.0022227
-0.0025093
-0.0074721
0.0064635
-0.0071858
0.0048334
0.0083818
-0.0098329
-0.0007385
0.0075878
-0.0094858
-0.0066018
0.0048787
0.0004347
-0.004406
0.0047876
0.0037975
-0.002933
-0.0039984
-0.0070902
0.00493
-0.0089764
-0.0003096
0.0007447
-0.0070425
-0.0081755
0.0035044
0.0044721
0.0067186
0.0027918
0.0013333
-0.0018259
0.0008836
0.0072279
0.0041639
0.0083387
-0.0066344
-0.0016058
0.0029836
-0.0098942
-0.0007657
0.0079143
0.0067415
0.0009735
0.0026527
-0.0032326
0.0028916
0.0060104
-0.0010469
-0.0071833
0.0060645
0.0082772
-0.0061139
-0.0047
-0.0099108
-0.0031132
0.004913
0.004126
0.0014053
0.0001732
-0.0065062
-0.0055045
0.002031
-0.0028179
-0.0069984
0.0098341
0.0039116
0.005371
0.0060394
-0.0008438
0.0070754
-0.0073212
-0.0018832
-0.0010894
0.0086352
0.0005711
0.0066607
-0.0091992
0.0088033
-0.0047397
0.0083677
0.0081503
-0.005513
0.0064258
-0.0044893
-0.009433
0.0057345
0.0071336
-0.0028799
-0.0078037
0.0083654
-0.0047419
-0.0082795
-0.0066012
0.0094653
-0.0088993
0.0010259
-0.0066373
-0.0079794
0.0035696
-0.0007341
0.0081542
-0.0063562
-0.0075671
0.0094361
-0.0023126
-0.0043409
0.0039399
-0.0070392
-0.0096104
0.002814
0.0091439
-0.0076324
0.0095983
-0.002165
0.00122
0.0029493
-0.0013177
0.0082662
0.0013509
0.0035356
0.0055543
0.0071298
0.0001149
-0.0055195
0.0090257
-0.0098127
-0.0059953
-0.0073002
0.0084343
0.0068883
0.003591
0.000472
0.0059841
-0.0099585
-0.0031957
-0.0061298
0.0011304
0.0047778
0.0009435
0.0015513
0.0051598
0.001182
0.0021109
4.06e-5
-0.0048101
0.0014124
0.0070376
-0.0059648
0.0077645
-0.0092862
-0.002339
-0.0044818
0.0037642
-0.0051988
0.0055964
-0.0062734
0.0053113
-0.0079508
-0.0075004
0.0020434
0.0052671
0.0027849
0.0016409
-0.0022906
0.004457
0.0099345
0.0044076
0.0084267
0.0021084
0.0021897
-0.0028988
0.0032211
-0.0079989
-0.0080049
0.000864
-0.0010435
-0.0084343
-0.0051721
0.0064616
0.0039366
-0.0059491
0.0019856
-0.0063804
-0.0056415
0.0084637
0.0028953
0.002798
-0.0036719
0.0058821
-0.0099589
-0.0089991
-0.0066849
-3.07e-5
0.0082925
0.0069434
0.0072038
-0.0003105
0.0094343
0.0089346
0.0090043
0.0057057
0.0046715
0.0027926
-0.0010779
-0.0080567
0.0071989
0.0041645
-0.0038681
-0.0022271
-0.0010761
0.0099988
-0.0058358
-0.0053936
0.0062178
0.0018997
0.0021607
0.0082391
0.0058673
0.0099143
0.0047389
-0.0059072
0.0061121
0.0054111
0.0066888
9.3e-6
-0.0026225
0.0011349
-0.0057243
-0.0077659
-5.38e-5
0.0044048
-0.0099652
0.0098037
0.0094483
-0.0008073
0.0064815
0.0028447
0.0036013
0.0029613
-0.0068441
0.0029626
-7.32e-5
-0.0054146
-0.0040571
0.0015731
-0.0072106
0.00772
5.62e-5
-0.0008464
-0.0092268
0.0002792
