-0.0013908
-0.0054589
-0.0070981
0.0032491
0.0007534
-0.0065169
0.009803
0.0032735
-0.0055311
-0.0070507
-0.0096963
0.0054245
0.0037968
0.0067394
0.0003826
-0.0040076
0.005736
0.0020196
-0.0017227
7.4e-5
0.0054512
0.0091663
0.0040762
-0.0042592
0.000589
0.0025719
0.007339
-0.0080394
-0.0092831
-0.0019073
-0.008911
0.0004196
0.002766
-0.0096484
0.0046672
0.0037901
0.0052331
0.0083141
-0.0007941
0.003444
-0.0020624
0.0098334
0.0047889
-0.0008865
-0.003158
-0.0054568
0.0092452
0.0050049
0.0031441
-0.0056008
-0.0057772
0.0043629
-0.0088751
0.002194
-0.0065538
0.0063004
-0.001474
0.0026818
-0.0088762
-0.0020482
0.0019285
-0.0053451
-0.0075622
-0.0080671
0.0027258
-0.0056575
0.0025379
0.0001098
0.005839
-0.0038936
0.0007688
0.0098399
-0.0034998
-0.0065624
-0.0029173
0.0086014
0.0074933
-0.0055257
-0.0047482
0.0013514
-0.0016947
-0.0058425
-0.0038581
-0.0026885
0.0098004
-0.0094848
-0.0009009
-0.0062022
0.0007883
0.009992
-0.0040649
0.0065868
0.0048932
0.007137
-0.0094766
-0.007256
0.0018958
0.0038041
0.0067855
-0.0089564
0.0021182
-0.0067199
0.0024667
-0.0055673
0.0072032
-0.0049808
0.0034443
0.0090036
0.0047902
-0.0063408
-0.0058548
-0.0072893
0.0013948
0.0070677
-0.007838
0.0096769
-0.0051384
0.0071634
-0.0004619
0.0054333
-0.0016937
0.0063743
0.0078633
0.0030997
0.002263
-0.0057478
0.0019056
-0.0030708
0.0009384
-0.0083484
-0.0088506
0.0019906
-0.0002727
-0.0045068
-0.0022105
0.0059948
0.0020902
0.0028777
0.0064487
-0.006387
0.0064433
-0.0062277
-0.0057992
0.000317
0.0009658
-0.0047542
-0.0007824
-0.0041785
-0.0023639
-0.0067108
-0.0042697
-0.0048263
0.0036684
-0.0022684
0.004155
-0.0042651
0.0089684
0.0088859
-0.0074499
0.0094272
-0.0054301
0.0007502
-0.0076694
0.0071831
-0.0079185
0.0021917
0.004976
0.0049751
0.0074308
-0.009661
0.0091276
-0.001153
-0.0007202
0.0015917
0.0027546
-0.0010827
0.0072072
-0.0056224
0.0001302
-0.0080267
-0.0070838
0.0012292
0.0041406
0.0082842
-0.0023984
-0.0029517
-0.0099773
0.004128
0.004718
0.009114
-0.0099627
-0.0023726
0.0022351
0.0025227
0.0062485
-0.0040157
-0.0096519
0.003593
0.0009968
0.0008941
-0.009737
-0.007935
0.0026108
0.0068277
-0.0005735
-0.0012168
-0.0001362
-0.0084074
-0.0059039
0.0020142
0.0067744
0.0003605
0.0078434
0.0030909
0.0033016
-0.0089301
0.0088277
0.0066772
-0.0001541
0.0085489
0.0018
0.0010218
0.0078345
0.0032606
0.0050562
0.0053673
-0.007525
0.0053247
0.0016024
-0.0055142
-0.0039021
0.0051393
0.0070499
0.0091823
-0.0074709
-0.0098735
-0.004977
0.002857
0.0098512
-0.0019298
-0.0014619
0.0008953
-0.0075647
-0.0010781
-0.0094077
-0.0059214
-0.0057027
-0.0037816
0.0027544
-0.0064372
0.0051774
0.0085874
0.0037625
-0.0060142
-0.0088467
-0.0088867
-0.0094869
0.0021607
0.0048481
0.0055122
0.0083646
0.0098292
0.0052396
0.008127
-0.0044994
0.0027629
0.0021934
0.007346
-0.0037506
0.0066515
-0.0028718
-0.0059694
-0.0055238
-0.0098116
-0.0013381
0.0041142
0.0094326
0.0098878
-0.0018308
0.0073486
0.0079578
-0.0032229
-0.0089047
-0.002967
-0.0032722
-0.0099631
8.89e-5
-0.0085545
0.0084396
0.0027195
-0.0039989
-0.0030856
-0.0083542
-0.0067173
0.0098158
0.0099229
-0.0070535
-0.007406
0.0045516
0.0061556
0.0026727
-0.0066986
0.0005288
0.0091015
0.0002651
-0.0048948
0.0081464
-9.43e-5
0.0078633
-0.0077287
-0.007455
-0.0025708
-0.0027657
0.0010112
-0.0071987
-0.0002843
-0.0030405
-0.005379
-0.004409
0.0013885
-0.0008204
0.0007192
-0.0026929
0.0078554
0.0056671
0.004592
0.0089283
-0.0061368
-0.0065116
-0.0086259
-0.0006665
0.003771
0.0070293
0.0075456
-0.0071069
-0.0071148
-0.0035891
0.0009149
0.0093344
0.008366
-0.0092617
0.0078326
0.007953
-0.0096778
0.0092958
0.0083323
-0.009155
0.0086275
0.0006225
-0.0082685
0.0091224
0.0095033
0.0085879
0.0047999
0.0008106
0.0024984
-0.0071756
-0.0033593
0.0062531
-0.0054338
-0.0098119
-0.0004425
-0.0011089
-0.0069862
0.006074
0.0087105
0.0018766
-0.0011108
0.0011111
-0.0094651
0.006149
0.005496
-0.0044712
0.0031489
-0.0026838
-0.0002587
-0.0004093
0.0015429
0.0042896
-0.0048267
0.0072148
-0.000242
-0.0044477
0.0059276
0.0046565
0.0099757
0.0043374
-0.0065922
0.003362
-0.0072615
0.0043027
-0.0052912
0.0019249
-0.0018359
-0.0076207
-0.009111
-0.0005381
-0.0040002
0.0006238
-0.000746
0.0054036
-0.004223
0.0040003
0.0069075
-0.0056742
3.8e-5
0.0019994
-0.0097788
-0.0045171
-0.0026032
-0.0075705
0.0012784
-0.0097491
0.0072001
-0.0058885
-0.0040063
0.0098511
-0.0050064
-0.0050254
-0.0001704
0.0066138
0.0060545
0.0065572
0.0002953
-0.0055682
0.0049434
0.0098725
-0.0062504
-0.0073646
3.8e-5
-0.0092846
0.0086003
-0.001111
-0.0082991
0.0040376
0.0066155
0.0039552
0.0044476
-0.0052467
-0.0033003
-0.0019651
-0.0090134
0.0002771
-0.0004767
-0.0042624
-0.005807
-0.00473
0.0066701
0.0002929
-0.0021605
-0.0057152
-0.0057864
0.0077507
0.0037104
0.0087531
0.0024126
-0.0068539
-0.0095153
-0.0061386
0.0030518
-0.0086434
-0.0085837
-0.0095689
0.0053013
0.0013791
-0.0039904
-0.0023989
0.0032904
-0.0017059
0.0062049
-0.0007824
-0.0034117
-0.0033402
0.0018486
-0.0090509
0.0010024
0.0033818
-0.002878
0.0042115
0.0039453
0.0025427
0.0084052
0.0040453
0.0053679
-0.0086459
-0.0057359
0.0027301
-0.0013103
-0.0039462
0.0035805
0.0058025
0.004431
-0.0065624
0.0058816
-0.0066919
