-0.0083368
-0.0074079
-0.0088435
0.0076295
0.0048885
0.0012556
-0.0071009
-0.0063039
-0.0048346
0.0056629
0.0040606
0.0096107
0.0098912
-0.0062773
-0.0045659
-0.009436
-0.003566
-0.0028489
-0.0001672
0.0046646
-0.0049956
0.0035981
0.0061978
-0.0062816
0.0014651
0.0047912
-0.0004018
0.0042841
-0.0070291
-0.006725
-0.0096686
0.0037708
-0.0056915
-0.0033273
0.0024523
-0.0051801
-0.0064003
-0.0064075
-0.0094107
0.0014128
0.0094275
0.0069293
0.0017205
0.0037197
0.0041898
-0.0022305
0.0008753
-0.0040559
-0.0038364
0.0002792
-0.0078729
0.0011473
-0.0029722
-0.0091149
0.0040631
-0.0059444
-0.0088826
0.0036269
0.0029627
-0.0060519
-0.0025891
-0.0081003
0.0065406
-0.0089987
-0.0033164
-0.0022289
0.0075157
0.0052899
0.0019351
0.0065384
-0.000217
-0.0040972
-0.0019318
0.0046804
0.0039359
0.0030517
0.002259
-0.0051784
0.0003383
0.0021009
-0.001995
0.0065538
-0.0096666
0.0004865
-0.009291
-0.009983
-0.006556
0.0008699
-0.008784
-0.0021298
-0.0068488
0.0082777
0.0062423
0.0092208
0.0013144
-0.00258
-0.0057652
-0.0001898
-0.0079618
-0.009537
0.0095776
0.0050674
0.0033545
0.0054436
0.0083671
0.0079375
-0.0055768
0.0028014
-0.0051005
0.0038092
-0.0086367
0.0043497
0.0063183
-0.0017932
-0.0013396
-0.0037934
-0.0055133
0.0052457
-0.0006571
-0.0014673
-0.0005599
-0.007152
0.0041795
0.000812
-0.001298
-0.0083305
0.0027196
-0.0001607
-0.0038578
-0.0073823
0.0043391
-0.0001529
0.0014223
-0.0070889
-0.0084737
0.0060686
-0.0003086
-0.0087888
-0.0053652
-0.0057712
0.0062532
-0.0021383
0.0030447
0.0078332
-0.0023907
0.0013612
0.0028072
0.0030726
0.0048413
0.0022234
-0.0098563
0.0043445
0.0036102
-0.0009148
-0.0011601
-0.0002217
-0.0001022
0.0001525
0.0074947
-0.0050412
0.0042676
0.0004606
0.0044629
-0.0025193
-0.0027711
0.0025336
-0.006194
-0.0087909
-0.0093206
-0.0054932
0.0066529
-0.0018577
-0.0072404
-0.0004661
0.0020988
-0.0052277
-0.0007285
0.0026125
0.006049
0.0065802
-0.0077446
0.0023717
0.0053101
-0.0089181
-0.0020766
-0.0007202
0.0001565
-0.0023311
0.0046293
-0.0010747
-0.001416
-0.0091731
0.0035039
-0.0001
0.0058881
0.0022041
-0.0026466
0.0057931
-0.0062839
-0.0038834
-0.0085348
0.0034326
0.0007266
0.0050434
-0.00299
0.0080501
-0.0031249
0.0088981
0.0063547
-0.0077628
-0.006039
0.0094658
0.006724
0.004003
0.0010318
-0.0084302
0.0021078
0.0075259
0.008303
-0.0094429
-0.0023122
0.0080191
-0.0082417
0.0009896
0.0058423
-0.0009323
-0.0028811
-0.0094878
0.0034916
-0.0081301
-0.0074958
-0.0034366
-0.0028674
-0.0064016
-0.0010976
-0.0081977
-0.007293
0.0043343
0.0080286
-0.0086781
0.0049278
-0.0030572
-0.0076664
0.0002998
-0.0053778
0.0063938
-0.0018564
0.0015269
0.0038758
0.0032697
0.0015789
-0.0016839
0.0059701
-0.0032753
0.0023348
0.0090204
0.0076194
0.0047214
-0.0031122
0.0068974
-0.0047463
-0.0079319
0.0052377
-0.0060376
-0.0099287
0.0017511
-0.0099341
0.0087118
0.0084471
-0.0033122
0.0085157
0.0096469
-0.0086094
-0.0015947
0.0048177
-0.0088428
0.0093629
-0.0082893
0.0048302
-0.0030071
0.0001573
0.0088524
0.0005492
-0.0041005
-0.0002793
-0.0063409
-0.0076423
-0.0043996
0.0007388
0.0091525
0.0033656
9.2e-6
-0.0039608
-0.0014559
0.0001685
0.009938
-0.0071143
-0.0099013
0.0023012
0.000801
0.0019483
0.0031562
0.007677
-0.0069015
0.0059756
-0.0023253
0.0042656
0.009513
0.001126
0.0069964
-0.0060733
-0.0041279
0.006505
0.0025719
-0.0068896
0.0083405
-0.0099297
0.0016905
-0.0080068
0.0025734
-0.0084245
-0.0072477
0.0052246
0.0037753
-0.0034329
-0.0021628
0.0054233
-0.0068427
0.0046167
0.0073561
0.0076604
0.0084104
-0.0092537
0.0052727
-0.0009673
-0.0034093
0.0002515
0.0012571
0.0031592
0.0079393
-0.0008686
0.0071205
0.0077322
-0.0061754
-0.0022169
-0.0012544
0.0034714
0.000966
0.0097111
-0.0083838
-0.0050578
0.0010597
0.000808
-0.0077148
0.0065701
-0.006147
0.0083445
-0.006463
-0.0061348
-0.0034123
0.000128
-0.0070947
0.0075828
-0.0002553
-0.0087335
-0.0056677
0.0024129
-0.0023861
0.0037354
-0.0032452
0.0046722
0.0050016
-0.0072233
-0.0096815
-0.0089112
-0.0074711
0.0086134
-0.006074
-0.0072026
0.0047702
0.0098162
-0.0061859
0.0017468
0.0056555
0.0047794
0.0049268
0.0075589
-0.0008146
0.0033626
-0.0007508
-0.0065019
-0.000171
0.007302
-0.0030671
0.0037568
-0.0031096
0.0026745
-0.0071987
-0.0035011
0.0099074
-0.0045308
-0.0088072
-0.0013708
-0.0005975
0.0049684
0.0053061
-0.0061829
0.0048547
-0.0079978
0.0066255
0.0067267
0.0044044
-0.0050386
-0.0031423
-0.0012126
-0.0064456
0.0072836
-0.0088016
-0.0072858
-0.0023511
0.0086906
-0.0073216
-6.65e-5
-0.0095863
0.00277
0.0093448
-0.0067099
-0.0093
0.0073505
0.0039593
-0.0080352
0.0092332
0.0050967
-0.0057015
0.0001027
0.0012247
0.000878
0.0065258
0.0086783
-0.0034394
-0.0093906
-0.0089183
0.0066479
0.0015186
0.0013589
-0.0092228
-0.0012014
0.0020261
-0.0048223
0.0085631
-0.0050475
-0.0021722
-0.0009886
-0.0044079
-0.0007842
0.0051373
-0.003601
0.0094074
0.0033333
0.0001994
0.0016183
0.0016829
0.0057486
-0.0043586
-0.0034378
-0.0041341
0.0045981
0.0037641
0.0090572
-0.0065054
-0.0079625
0.0060127
0.0043079
-8.81e-5
-0.0059229
-0.0030002
0.0002232
-0.0081187
0.0095834
0.0020397
0.0043155
-0.0010848
-0.0008916
-0.0005724
-0.0033039
-0.0047157
-0.0064919
0.0017668
0.0038941
0.0069111
0.0049497
0.0065282
-0.0035658
-0.0071132
0.0029044
