-0.0094602
-0.001566
-0.0012243
-0.0039559
0.0097768
-0.0062556
0.0002613
0.0036387
0.0059174
-0.0085416
0.0079513
0.0018104
0.000174
-0.0015563
0.0010245
-0.0016954
-0.0042034
-0.0026489
0.0073315
-0.0076883
0.0055688
-0.0026929
-0.0013092
-0.0010556
-0.0042681
-0.0021889
-0.0044733
0.0022091
0.0075168
0.0050304
-0.0003063
-0.0037829
-0.0039301
-0.0069522
-0.0013419
-0.0014058
-0.0087674
-0.006201
-0.0050783
-0.0028791
0.0048799
0.0075205
-0.0007804
0.0093831
0.0045702
0.0045518
-0.0035031
-0.0087459
-0.0045549
0.0073202
0.001909
0.0041317
-0.0080081
-0.0001598
-0.0011779
-0.0041318
0.009841
-0.0072302
-0.0029865
0.0095006
-0.0008518
-0.008319
0.0004134
0.0077042
-0.0095204
-0.0014713
0.0054553
0.0083095
0.0065666
-0.0092833
-0.0044301
-0.0042461
0.0053981
0.0029795
-5.13e-5
-0.0041754
0.0016245
0.0097736
-0.0044952
0.0048391
-0.0081138
0.0014524
0.0038799
-0.0040084
0.0040789
-0.0094653
0.0016344
0.0017873
0.0080466
0.0006812
-0.002609
-0.0043606
0.0002862
0.0026185
-8.14e-5
-0.005821
0.0056441
-0.008873
-0.0017366
-0.0001147
-0.0004461
-0.0058652
-0.0024096
0.0021709
0.002417
0.0038282
-0.0072573
-0.0021968
-0.0084391
-0.0093571
-0.0001027
-0.0093185
-0.0099975
-0.0013273
-0.0040017
-0.0096623
-0.0031712
-0.0063651
0.0084019
-0.0058543
-0.0021156
0.0071077
-0.0045886
0.0050103
0.0094657
0.0078363
-0.0034819
-0.0090744
0.0056569
-0.0027941
-0.0025849
-0.0068446
0.0041436
0.008144
-0.0077482
-0.0088742
-0.0071138
-0.0052123
-0.0040303
0.0028913
-0.003251
-0.0097765
-0.007088
-0.0073517
0.0047987
-0.004481
-0.0002673
-0.0051495
-0.0051859
-0.0070145
0.0087655
-0.0037346
0.0050416
0.0028012
-0.0057477
-0.0060337
-0.0048848
0.0063055
-1.29e-5
0.007572
-0.0078714
0.0050791
0.003589
-0.0049218
0.0030443
0.009068
-0.0042493
0.0077626
-0.0068318
0.0079743
-0.0054262
-0.0022073
-0.0068048
0.00678
-0.0033191
0.0044878
-0.0037382
0.0002198
0.001423
-0.0095376
0.002798
-0.0080389
0.0028961
-0.0017316
0.0059792
0.0005199
0.0022812
0.006342
0.0054021
-0.0076983
0.0016481
0.0011462
-0.005914
-0.0023199
0.0061802
0.001163
0.0030994
0.0002764
0.0067893
0.0025221
-0.0099612
0.0091219
0.0093999
-0.0006349
0.0091153
0.0044967
0.0044694
0.0007702
0.0035396
0.0093375
0.0014782
-0.0048046
0.0069175
0.001599
-0.006614
0.002991
0.0074686
-0.004126
-0.0015632
-0.0006842
0.0031827
0.0016987
-0.0099388
-0.002743
-0.006436
0.0078346
0.0074949
0.0095537
-0.0080436
0.0086473
0.0088735
-0.0097999
0.0051069
-0.004207
4.37e-5
0.0047879
0.0094809
0.0092731
0.0012963
-0.0098481
0.006768
0.0039505
-0.0042144
0.0046345
0.0015606
0.0003072
-0.0008103
-0.0054105
0.0054016
0.0009464
0.0063176
0.0078793
0.0018189
-0.0055057
0.0037104
0.0054385
0.0054415
0.0056468
0.0045531
-0.0055833
0.009619
0.0085536
0.0082657
0.0001167
-0.0059543
0.0088347
0.0060535
-0.0051444
-0.0071226
-0.007233
-0.0072833
0.0014072
-0.0025846
0.0010468
-0.0094697
-0.005003
0.0089296
0.0087563
-0.00025
-0.0077871
0.0048885
0.0062318
0.007369
0.0004259
-0.0094284
0.0013615
-0.0032713
0.0034569
0.0022394
0.0057124
-0.0061387
0.0071362
0.0075669
-0.0022588
0.0082984
-0.0021063
-0.0007954
-0.0039877
0.0059568
-0.0036613
-0.009705
0.0092937
0.0059666
0.003601
0.0046872
0.004596
-0.0069907
-0.0077559
0.0098043
-0.0013049
-0.0008918
0.0067705
-0.0060116
0.0091822
-0.0002228
-0.0003481
-0.0076124
0.0041938
-0.0072276
-1.48e-5
-0.004925
-0.0058751
-0.0062395
-0.0041063
0.0083102
0.0080307
0.0017585
-0.0018652
0.0079121
0.0079719
0.0086332
-0.0057027
0.0058783
0.0083525
0.005111
0.0001552
-0.007505
-0.0075704
0.0048261
0.0037836
-0.0060134
-0.0041601
0.0028262
0.0043009
0.0036611
0.0074867
0.003122
-0.0070201
0.0086813
-0.0042853
-0.0019939
0.0090987
0.0049653
-0.0083485
-0.0014104
-0.0025447
0.0033896
-0.0061464
0.0099042
-0.0095161
0.0021693
0.0025613
-0.0063766
-0.0064379
0.0045265
-0.0063619
-0.0018651
-0.0070075
-0.0033664
0.009621
-0.003771
-0.0089512
0.005277
0.0038784
0.0023287
0.0064518
-0.001289
-0.0086281
-0.0004561
-0.0046226
-0.0037851
-0.0094917
-0.0077557
-0.0023011
0.001528
0.0070786
-0.002384
0.0082209
0.0084999
0.0076306
-0.0028607
0.005414
0.00688
-0.0032576
-0.0088923
0.00526
0.0042818
-0.0053916
0.008155
0.0055551
-0.0065818
0.0019641
-0.0001579
0.002877
-0.0078773
-0.005497
-0.0058092
0.0001124
-0.0040987
-0.001878
0.0082155
-0.0094233
0.0080796
0.0042492
0.0045526
0.0037592
0.0060471
0.0047094
-0.0060421
-0.0080567
-0.00481
-0.0066221
-0.0007995
0.006342
0.005927
0.0056131
0.0011555
-0.0003593
0.0054386
-0.0034603
-0.0025776
0.003218
-0.0032766
0.0042185
0.0048996
-0.0065792
-0.0064203
0.0012119
-0.0094048
0.0044981
0.0083007
0.0026807
-0.0055795
0.0072346
0.001139
0.0072459
-0.0019589
0.002515
-0.0024522
-0.0059371
0.0016895
0.0011751
-0.0034477
-0.0069828
0.0052546
-0.003
0.0035176
0.0046659
-0.0022915
-4.17e-5
0.0003108
-0.0058041
0.0073048
-0.0037768
-0.0028123
-0.0008216
0.0021946
-0.0023228
-0.003581
-0.0063125
0.0021129
0.0022361
0.0049064
0.0018415
-0.0049476
-0.0082902
-0.0075772
-0.0073355
-0.0087176
-0.0088659
0.0043246
-0.0084864
0.0057329
-0.0027729
-0.0026496
-0.0064244
0.0033937
-0.001315
0.007105
0.0039379
0.0096629
-0.007485
0.0075939
-0.0064627
-0.0017667
