0.0096086
0.0088764
-0.008811
-0.0081605
0.0031371
0.0085962
-0.006723
0.0096609
-0.0058487
0.0081902
0.0098557
0.0046045
-0.0075542
-0.0092574
0.0065708
-0.0012021
-0.0096545
0.0027745
-0.0091879
-0.0050388
0.0005007
0.0009682
-0.0033415
-0.0062783
-0.0051395
-0.009527
0.005956
0.0010705
-0.0089795
-0.0038027
0.0039679
-0.0071659
0.0028841
0.0076739
0.0094076
-0.0045574
0.0024351
-0.0073671
0.0093006
-0.0068513
-0.0016064
0.0095071
0.0036635
-0.0039147
0.0022856
-0.0054991
0.0099838
-0.0021323
-0.0098248
0.0024531
-0.0097832
-3.5e-6
-0.0060997
0.0021761
0.0093768
-0.0065431
-0.0070178
-0.0026023
-0.0019621
-0.0024661
-0.0045372
0.0055807
0.0040512
0.0014343
0.0006825
0.0018094
0.0009239
-0.0045655
-0.0017741
-0.0016231
-0.0043942
-0.0069191
-0.0016968
0.0061486
0.0092834
-0.0022414
-0.0054022
-0.001665
-0.0017748
0.0019936
-0.0072658
0.0038689
-0.0072285
0.0015279
0.0067761
0.002519
-0.0022579
-0.0015243
-0.0071368
-0.0074798
-0.0084068
0.0088593
-0.0043028
-0.0029133
-0.0053311
-0.0053635
-0.0053933
-0.0050704
-0.00485
-0.0004748
-0.0044112
-0.0079405
0.0073472
0.0059303
0.00263
0.0059183
-0.0044303
-0.009217
0.0031331
-0.004413
0.0041271
0.0027665
0.0015194
0.0006198
-0.003601
-0.0042962
-0.0036272
-0.0037533
-0.0027948
0.0030131
-0.0080258
0.0010264
-0.0083225
-0.0030221
-0.0062314
0.0036574
0.0048389
0.008847
0.0039695
-0.0021726
-0.0031806
0.0017503
0.0059791
0.0078433
-0.0023096
0.0099035
-0.0075823
-0.0020216
-0.0016437
0.009093
0.0059472
0.0034126
-0.0078922
0.0076332
0.0019682
-0.0066914
0.0015126
0.0033845
-0.0083879
-0.0042755
-0.0028145
0.0006619
0.0099568
0.0002606
-0.0065939
0.0068809
0.0075609
0.0088472
0.0051839
2.03e-5
4.7e-6
-0.0079246
0.0045412
0.0020107
0.0083772
-0.0004177
-0.0027345
-0.0038954
0.0065482
0.0084041
-0.003495
0.0036368
0.0080665
-0.0016017
-0.0073906
-0.0072184
-0.0077664
-0.0083553
0.0028325
0.0031974
0.0054098
-0.0073036
0.0001349
-0.0059355
-0.0072147
-0.0094049
0.0020222
0.0013892
-0.0045834
0.0044869
0.0095524
0.003001
-0.0099798
-0.0052405
0.0050832
0.0071906
0.0052969
0.0097972
-0.0058544
0.0085271
0.0034274
0.0037976
0.004955
0.0068892
0.001436
-0.0087505
0.0040125
0.007845
-0.0092007
0.0026498
-0.0026898
-0.0095579
0.0061563
0.0058565
0.0015213
-0.0013527
0.0067297
0.0060584
0.0041895
0.0042518
0.0031393
0.0044874
0.0016685
0.0076873
-0.0026989
-0.0071014
0.0079273
0.007736
-8.91e-5
0.0041644
-0.0043612
-0.002315
0.0061629
-0.001063
-0.0006411
-0.0036296
0.0003898
-0.0044524
0.0079594
0.0095073
0.0038286
0.0025076
-0.003911
0.0079809
2.98e-5
-0.0024511
0.0093349
-0.0083745
-0.0067713
0.0031441
-0.0039839
-0.0026043
-0.0079853
-0.0008953
-0.0058687
0.0034957
-0.0083927
0.0071154
-0.009664
0.0049248
-0.0004571
0.0028976
0.0061976
0.009297
-0.0041792
0.0097026
0.002544
0.0031068
-0.0076318
-0.0056131
-0.0038496
-0.0099161
-0.005675
-0.0062101
0.0003564
-0.0083089
-0.0015692
0.0099298
-0.0019225
0.0034506
0.0066621
0.004215
0.0066487
-0.0045283
0.0041547
-0.0048208
0.0015622
-0.0040575
0.0040517
0.0044378
0.0003153
-0.0058152
0.0072472
-0.0050827
0.0097303
0.0095108
-0.0007727
0.0026044
0.007639
0.0094708
-0.0016739
-0.0090581
-0.0081036
-0.0013651
0.0021318
0.0044504
0.0095898
0.0054089
-0.0003515
-0.0039391
0.0042187
0.0051909
0.0065078
0.0009384
-0.0084812
-0.0019135
0.0084989
0.0012593
0.000482
-0.001723
-0.0078169
0.0077482
-0.0033932
0.0072242
-0.0078197
-0.0094142
0.0005564
0.0067943
0.0019775
0.0030559
-0.0047979
-0.0061078
0.0098553
0.0073417
-0.0078863
-0.0096442
-0.0053146
0.0033313
0.005648
0.004669
0.0088917
0.0091506
-0.005528
-0.0067674
-0.0065901
0.0046076
-0.0007744
-0.0032877
-0.000536
-0.0066794
-0.0010015
0.0091062
-0.0012534
0.0088599
0.0062587
-0.0076669
-0.0020784
-0.0042381
0.0005842
0.0053241
0.0030668
0.0013868
0.0046696
-0.0089738
0.0024281
0.0012813
-0.000297
-0.0050459
0.0028195
-0.0095872
0.0072363
-0.0054598
-0.0042577
-0.0058891
0.0088227
-0.0051382
-0.0027953
0.0062604
-0.009789
-0.0004619
0.0062373
-0.0015022
-0.0017209
-0.005685
-0.0016141
-0.0006248
0.002073
0.0037282
0.0048361
-0.0018807
0.0025029
0.000863
-0.0003274
0.0082879
-0.0074813
-3.68e-5
-0.0063487
-1.15e-5
-0.0013616
0.0056701
0.0063833
0.0014026
0.005224
0.0047788
-0.0049462
-0.0062096
0.0015199
0.0051035
-0.0099464
0.0034818
-0.0079559
0.0096843
-0.0039103
-0.0064018
-0.0085105
0.0094425
0.0072313
0.0062684
-0.0076472
-0.0075683
-0.0029417
-0.0063014
0.0009686
-0.0096922
0.0041525
0.008156
0.0011243
-0.0095911
-0.0098847
0.0075533
-0.0033901
0.005288
0.006025
-0.0077635
0.0065415
0.0027634
0.0082844
0.0075229
0.0005763
-0.0049588
0.0046807
0.0079798
-0.0067799
0.0020172
-0.0014023
-0.0085438
-0.0015536
-0.0081862
-0.0055494
0.006626
-0.0021401
-0.0040844
-0.0096705
-0.0012585
-0.0015725
0.0092393
0.0054954
0.0043013
-0.0052292
-0.0017638
-0.0052953
-0.00753
-0.0052974
0.0047255
-0.0043421
-0.0059818
0.0008793
-0.0093793
0.0052947
-0.0037819
0.0029672
0.006764
0.0043894
0.0019996
-0.0096379
-0.0019747
-0.009856
0.0088808
0.0031687
-0.0097033
-0.0094774
0.0080766
0.0037289
0.006008
-0.0079097
-0.0004581
0.008773
0.0094139
0.008325
-0.003452
0.0064016
0.0024061
-0.0005728
0.0048565
0.0021724
