-0.0045626
0.008441
-0.0064592
0.0073661
-0.0032626
-0.0052679
0.0073126
-0.004898
0.0022951
-0.002808
0.0041034
0.0024774
0.0099292
0.0070259
-0.0007529
-0.0059726
-0.0042533
-0.0024307
0.0056575
-0.0037348
0.0040881
0.0063753
0.0018705
0.0077243
0.0020656
0.003982
0.0074516
0.0044972
-0.0022587
-0.0077165
0.0084091
-0.0022637
-0.0049561
-0.0022221
-0.004329
0.0049453
-0.0074338
0.0060228
0.0055123
-0.0031776
-0.0091302
0.0049731
-0.0028856
0.0057958
-0.0081808
0.0036081
-0.0013872
-0.009373
0.0008103
0.00224
0.0047006
0.0057075
-0.0068674
0.0035153
-0.0020541
0.0050396
0.0045615
0.0092064
-0.0034701
0.0002242
0.0071816
0.0021319
0.0053546
-0.006419
-0.0079199
0.0077266
-0.0064241
0.0099543
0.0036399
0.0053623
-0.0076174
0.0012037
-0.0002174
-0.0077454
-0.0063283
0.0027985
-0.0002723
0.0068185
-0.0062354
0.0059296
0.0023385
-0.0088065
0.0047704
0.0049592
-0.002795
0.0009983
0.0062706
0.0034481
0.0047566
-0.0083395
0.0007939
0.0041842
0.0073021
0.0065193
-0.001897
0.0091717
-0.0084794
0.006351
-0.0081305
-0.0096928
-0.0030356
0.0015296
-0.006798
-0.0012438
-0.0004462
-7.66e-5
-0.0061135
-0.0088379
-0.0028945
-0.0072335
-0.0041825
-0.0048226
0.0096182
-0.0008992
0.0008067
0.0055232
0.0093206
0.008796
0.0055936
0.0096114
-0.0075167
0.0094388
-0.0099053
0.0068944
-0.0036199
0.0052189
-0.0052333
0.0094678
-0.0084513
0.0077601
-0.0052345
-0.0073943
0.0069118
0.0091687
-0.0019248
0.0033464
0.004021
-0.0023148
0.004256
0.0025509
0.0035033
-0.0074008
0.0007805
0.0021394
0.0081571
0.0050351
0.0097533
0.0016813
0.0059583
-0.0047285
-9.09e-5
0.0076884
-0.0014309
-0.0009327
0.0051159
0.004218
0.0032049
0.0098256
0.0005526
0.0065665
0.0095606
0.0098256
0.0044479
-0.0056879
-0.008823
0.0047129
-0.0023692
-0.000678
0.0089388
0.0033337
-0.002024
-0.0063661
-0.009346
-0.0046654
0.0082874
6.01e-5
0.0064543
0.0039061
0.0066698
-0.0044688
-0.0021415
-0.0081593
0.0050556
-0.0018178
0.0028284
0.007007
0.0084042
-0.0010158
-0.0086481
0.0049911
-0.0076069
0.0069134
-0.002728
-0.0006641
-0.0041722
0.0094654
-0.002968
-0.00304
0.0090056
0.0048782
-0.0080541
-0.0032052
-0.0055915
-0.0018117
0.0026555
-0.0037553
0.0017022
-0.0086575
0.0061162
-0.0064949
0.0074213
0.0049042
0.0066801
0.0068855
-0.0006259
-0.0017962
-0.0095854
0.0024634
0.0091877
0.002793
-0.0004984
0.0020049
-0.0068059
0.0087849
0.0018578
-0.0013741
-0.000234
0.0054508
-0.0007223
-0.0013879
0.0021594
0.0054333
-0.0047511
-0.0018563
-0.0060456
-0.0026464
-0.0039878
-0.0079739
-0.0059283
-0.0051851
0.0098118
-0.0086373
-0.0045865
-0.0090055
0.0015012
-0.0020701
-0.0039002
0.0024871
0.0049467
0.0086005
0.0089346
0.0028303
0.0021247
-0.0051984
0.0070498
-0.0070929
-0.0093157
0.0078808
0.0061992
-0.0083878
-0.0083096
0.0051316
-0.0018281
0.0019672
0.005236
-0.0084018
0.0091898
0.0064917
-0.0089307
0.0077477
0.0089284
-0.0098526
0.0059038
-0.0063509
0.0029465
-0.0011927
0.0089155
0.0030936
-0.0078169
0.0033508
0.0092935
0.0073567
-0.0080257
0.0021606
-0.0005852
-0.0039522
0.0010869
0.0044354
0.0046599
1.58e-5
0.0031602
0.0009284
-0.0043626
-0.0053249
-0.0028157
0.0032423
0.0011648
0.0074606
-0.0078041
0.0040944
-0.0004836
0.0027968
-0.0076383
-0.005134
-0.0046632
0.0074407
-0.0026015
0.0027728
0.0028329
-0.0009211
0.0047027
-0.0084595
-0.0013398
-0.0034471
-0.009238
-0.0084458
0.0053429
0.0017217
0.0003379
-0.0006026
-0.0091955
-0.0027186
0.0007873
-0.0098451
-0.0065588
0.0091307
0.0006467
-0.0061597
0.0040506
0.0006289
-0.0062983
0.0049844
-0.0045464
-0.0087992
0.0053254
0.0086812
-0.00511
-0.0029195
-0.0094703
0.003418
0.0042045
-0.0003175
-0.0076778
0.0034424
-0.0003953
0.0053541
0.0023686
-0.0037774
-0.0005095
-0.0023155
-0.0090396
0.0025353
-0.0095568
-0.0043099
-0.000424
0.0056523
-0.0030793
-0.009232
0.0065718
-0.0090095
0.0036783
0.0076918
-0.0098939
0.0009096
-0.0002417
-0.0012962
-0.0052829
-0.0012602
-0.0058582
-0.0077199
-0.0095547
-0.0057696
0.0029121
0.0078988
-0.0099486
-0.0002441
0.0049867
-0.0049327
0.0005345
0.0048843
0.0072508
-0.0060883
0.0097259
-0.0053011
-0.0026529
0.0007502
-0.0095904
0.0046857
-0.0007121
-0.0080247
0.0016064
-0.0034113
0.0006622
0.0077342
-0.0041596
0.0095139
-0.0014945
0.0040512
-0.0069563
-0.0051669
-0.0037277
0.0043797
-0.004544
0.0002466
-0.0075683
0.0029909
0.0088063
0.009819
-0.00347
0.0059811
0.0097944
-0.0074463
0.002171
0.0098946
-0.0097672
0.0044178
-0.0048612
0.0003084
-0.0010099
-0.0075164
0.007697
0.0061078
-0.0047121
-0.0048684
0.0078733
-0.0065945
0.0077582
0.0022364
0.0049464
-0.0046981
0.0030902
-0.0091919
0.0059623
-0.008421
0.000269
0.0028122
-0.0028845
-0.0018023
-0.0006486
0.0071477
0.0015044
-0.0055721
-0.0060605
-0.0061956
-0.0025361
0.0028956
0.0087533
-0.0090774
-0.0092611
0.0086739
-0.0042007
-0.0012487
-0.0048361
0.001102
-0.0073338
0.0026062
0.003215
0.0043692
-0.0012614
-0.0071641
-0.0065732
-0.009185
-0.0057149
0.0083712
0.0011706
0.0022575
-0.0049638
-0.003707
0.0078224
-0.0094795
0.0061453
-0.0095695
-0.0085753
-0.0020023
0.0024316
-0.0042082
-0.0060733
0.0043306
-0.0091097
-0.0029843
0.0071526
0.0078306
0.0092251
-0.0008518
-0.0093985
0.0075038
0.0046574
0.007304
0.0021153
0.009786
-0.0011235
-0.0076973
-0.0013745
0.0028113
-0.0055792
