0.0014001
0.0081793
-0.0007111
0.0067638
-0.0030657
-0.0069428
0.0058503
0.0056547
-0.0091363
0.0017392
0.0040438
-0.0077998
0.0092577
-0.0068156
0.008953
0.0099947
0.0095546
0.0038951
-0.0010943
-0.0090567
0.0052117
0.0074179
-0.0053901
-0.0049529
-0.00583
-0.0046927
-0.0026966
-0.0056559
0.0052867
0.0038904
-0.0008116
0.0002498
0.0043507
0.0078183
-1.52e-5
-0.0004498
0.0075643
-0.0076012
-0.0015148
-0.0099432
0.0035491
0.0098495
-0.007483
0.0084427
-0.0060317
-0.0099979
-0.0047292
0.0026027
0.0070005
0.0043668
0.0094977
-0.0001963
3.19e-5
-0.0027889
-0.004687
0.0092476
0.0017128
-0.0028887
-0.008856
-0.0096667
-3.57e-5
-0.0087924
-0.0082508
0.0048869
-0.0040428
-0.0068736
-0.0077141
-0.0083689
0.0034313
0.0053845
0.0016518
-0.0068801
-0.0029293
-0.0006471
-0.0009789
-0.0094734
0.0068884
-0.0020475
0.0039432
-0.0001191
-0.0025101
0.003971
0.0072073
0.0013288
0.0052335
-0.0082606
-0.0054261
0.0006093
0.0042636
0.0007415
0.0064527
0.0013848
-0.0007458
0.0034396
0.0080505
-0.0081038
-0.0023891
0.0087104
0.007576
0.0070871
-0.0090746
-0.0015579
0.0056527
-0.0052556
5.69e-5
0.0050034
-0.0057859
0.0046435
-0.0049959
0.0054106
0.0021976
0.0064273
0.0022539
-0.0058195
0.0091905
-0.0012846
-0.007215
0.0048381
-0.0071418
0.0013448
0.0048513
-0.0071626
-0.0054209
0.0022943
0.0048094
0.008106
-0.0098352
-0.0005371
-0.0076845
0.0086979
0.0015912
-0.0034329
-0.0088865
0.0038608
0.0015443
-0.0084629
-0.009926
-0.0089835
0.0043033
0.0006217
-0.0018066
-0.0029693
-0.0037877
0.0054628
0.0092371
-0.0033538
-0.0057862
-0.000578
-0.0069819
0.0001801
-0.0067813
-0.0036228
-0.0052864
0.0012617
-0.0010642
-0.0023126
-0.0014556
-0.0012578
-0.0066933
0.0043312
0.0062725
0.0011694
-0.0035415
-0.0074466
-0.0070678
-0.0016192
0.0067435
-0.0040131
-0.0059081
-0.0059051
0.0069858
0.0086538
-0.001758
0.0072803
-0.0036487
0.0052309
-0.0019715
-0.0032009
-0.0099093
-0.0021735
-0.003803
0.0067946
-0.00685
-0.0055994
0.0089527
-0.0063381
0.0047254
-0.0003884
-0.0014917
-0.0066758
-0.0097792
0.0043528
-0.0011421
0.0094525
-0.0063493
-0.0002492
0.0098775
0.0010889
-0.0064437
0.0044699
0.0078533
-0.0005627
0.0032988
0.0004072
-0.0062144
0.0077521
-0.0023683
0.0072312
-0.0033659
0.001818
-0.0071693
0.0095658
-0.0045063
0.007282
-0.0039644
0.005497
-0.0017703
0.00579
0.0009981
0.0060427
0.0006322
0.0060279
0.0052085
-0.0061653
0.008417
-0.0065916
0.0009704
0.0025513
-0.0051228
0.0022085
-0.0056716
-0.0037301
-0.0033539
0.0052878
0.0092461
0.0064656
-0.0013754
-0.0065457
0.0089558
-0.0065942
-0.0067846
-0.0052076
0.0077323
-0.0002214
0.0015355
-0.0096338
0.0020097
0.0049946
-0.0093866
0.0068359
-0.0092233
-0.001708
0.0034382
0.0076206
-0.0079906
-0.0076529
-0.0019116
-0.0026164
-0.0076379
0.0006966
0.0092209
-0.0066707
-0.0043335
0.0011557
-0.0006588
-0.0001243
0.0073282
0.0054389
0.0041544
-0.0024229
-0.0023406
0.0027623
0.0040333
-0.0037826
0.0022538
0.0067388
-0.0034854
-0.0018851
0.0082129
0.0046014
-0.0012706
-0.0050061
0.0040763
-0.0055944
0.007211
-0.0012954
0.0087142
0.004159
0.0014226
-0.0015942
0.0040091
-0.0031985
-0.0006717
0.0055938
0.0007982
0.0051082
0.0034857
0.0052899
-0.0080407
0.0040247
-0.005647
-0.005994
-0.0035536
-0.0027115
0.0014125
0.0008803
0.0092318
0.0033592
0.0009158
0.0059409
0.0090044
-0.0063177
0.0033358
0.0093839
-0.0087594
-0.0072838
0.0041612
-0.0038903
0.00318
0.0007161
-0.0002997
-0.0066557
-0.0012899
-0.0087355
-0.0059329
0.0013765
-0.0074807
-0.0011144
-0.0087639
-0.0086884
0.0045574
-0.0002116
-0.0090581
-0.0056905
0.003386
0.0024495
-0.0023582
0.0028461
0.0046213
0.0033007
-0.009386
0.0086475
0.0080019
-0.0078431
-0.0051003
-0.0041387
-0.0089606
0.0081875
0.0068725
-0.0018525
0.0073634
-0.0002837
0.001955
0.008337
0.0091242
0.0041044
-0.0043913
-0.0035232
-0.0045697
-0.0069255
0.0094819
-0.0001935
0.0016763
-0.0085609
-0.0047547
-0.0062283
0.003545
0.0035437
-0.0085394
0.007181
-0.0056637
-0.0061793
0.0057651
0.0077918
-0.0071523
-0.0012888
0.0024773
0.0007458
-0.0029122
-0.0080836
-0.0015145
0.0023033
0.0031586
-0.0020661
0.004335
-0.0055421
0.0097007
0.0017751
0.0097691
-0.0051496
6.39e-5
-0.0013332
0.000584
0.0002568
-0.000851
-0.0059887
0.0008218
0.0066842
-0.0011605
-0.0022859
-0.0012292
0.0068655
0.0023332
-0.0082993
-0.001326
-0.0026016
0.00785
0.0023041
0.0041279
0.0026116
-0.0016102
-0.0022273
0.0042573
0.0019154
-0.0068035
-0.0070909
-0.008887
0.009572
0.0019023
0.0076318
-0.0011917
0.0013419
-0.0041419
-0.008427
0.0054276
-0.0034078
0.009274
0.0010021
-0.0090266
0.0001782
-0.0068405
0.0035467
0.005762
0.0071925
0.0026404
0.0073392
-0.0054264
-0.00697
-0.008
-0.004144
0.0081368
0.0004398
0.0061663
-0.0082928
-0.0057445
-0.0085043
0.0034763
0.0013136
0.0004784
0.0031587
-0.0099518
0.0029688
-0.0001336
-0.0084561
-0.002282
-0.009099
-0.0063448
0.0088441
0.0067688
0.007178
-0.0021557
0.0089078
-0.008861
0.0095625
-0.0067998
-0.0040223
0.0049949
0.0046532
0.0091231
0.0019758
-0.0088051
-0.0065743
0.0049331
-0.0083642
0.0041278
-0.0027054
-0.0072893
0.0032037
-0.0022645
0.006265
0.001062
0.0021856
0.0092511
-0.0078086
-0.0072832
0.0088013
0.0071702
-0.0073324
-0.0046495
-0.0023649
-0.0017621
0.0082773
-0.0054972
0.009988
-0.0059725
