-0.0098139
-0.0079908
0.0088035
-0.0094397
0.0025276
0.000924
-0.0079133
-0.0037915
0.0039097
0.0037703
-0.0062492
-0.0083308
0.0034018
0.0083728
-0.0031124
0.0063443
0.0034635
-0.0062576
-0.0094431
-0.0041029
0.0061956
0.0019584
0.0068967
0.0048475
0.0055946
-0.0023131
0.0002087
-0.0063327
-0.0004442
-0.0048021
0.0036181
-0.0035903
0.0048468
0.0024387
0.0011755
-0.0047046
0.0054866
0.0081881
-0.0016073
-0.0091743
-0.0093958
0.0083979
-0.0070404
-0.0071071
-0.0034165
0.0097509
-6.97e-5
-0.0010089
0.0015867
0.0061146
0.0059988
0.0028961
-0.0001531
0.007886
-0.0088561
0.0076256
-0.0061769
0.0065837
0.0048671
-0.0069464
-0.0027539
-0.0056926
0.0095599
-0.0053244
-0.0042102
-0.009879
-0.0036783
0.0016748
0.0029955
0.0076621
-0.0053426
-0.003383
0.0021077
0.0063487
-0.0095537
-0.0075616
-0.0031935
-0.0068661
-0.0016781
-0.0093818
0.0001669
-9.96e-5
-0.0005933
0.0009104
0.0016591
-0.0089595
-0.0074771
-0.0080864
-0.0066508
0.000243
0.0096866
-0.0024333
-0.001299
0.005626
0.0039263
-0.0094314
0.0023174
0.0022847
0.0001519
0.0052062
0.000721
-0.0024589
-0.0038298
-0.0044973
-0.0069269
0.0083859
-0.0078307
0.0071008
0.0017693
-0.0070821
0.0078134
-0.0008747
0.003434
-0.0081122
-0.0035403
0.0091697
-0.0062487
0.002083
-0.0039636
0.0079266
0.0090918
-0.005162
-0.0029824
-0.0070185
0.0089026
-0.0075077
-0.0053087
0.0097344
0.0081405
0.0064486
-0.0040935
-0.0034239
0.0044151
-0.0052894
0.0023123
0.0036811
0.0051429
0.0078998
0.0047822
-0.0073732
0.0049065
-0.0094686
-0.004344
0.0071433
0.0070606
-0.0081283
-0.0098568
5.58e-5
-0.0067452
0.0006509
-0.0099755
-0.0033721
0.0064946
-0.0080305
0.0021645
-0.0082125
0.0036834
-0.0090329
-0.0093253
-0.0098444
-0.0067115
-0.0091454
0.0054104
0.0064132
0.0002802
0.0020683
0.0093819
0.0062679
0.0043105
0.008547
0.0072793
-0.0090173
-0.0018291
-0.0098904
0.0042877
-0.0006732
-0.0054834
0.0011352
0.0052844
0.0094787
0.0007843
-0.0092846
0.0066007
0.009005
-0.008242
-0.0031542
0.0092911
-0.0007359
0.0073419
-0.0056144
-0.0024012
0.0002543
0.0040937
-0.0020618
0.0060789
-0.0075907
0.002426
-0.0042277
0.0047272
0.0065349
0.0080404
0.004647
-0.005099
-0.0016834
0.0013457
-0.0060063
-0.0020942
-0.0074302
-0.0057868
0.0028721
0.0053577
0.0061427
-0.0021287
-0.0048952
0.0013428
-0.0082885
-0.008442
-0.0008972
0.007625
-0.0040278
0.0019545
-0.0041163
0.0028468
-0.0070206
0.0085028
-0.0049763
-0.0099845
-0.0096094
-0.0071133
0.0076535
0.0065528
-0.0004295
0.0065156
-0.0053391
2.06e-5
-0.0079447
0.0045225
-0.0038568
0.0016861
-0.004475
-0.0090801
-0.0063407
-0.0045191
0.0052475
-0.0006419
0.0085178
-0.0085685
-0.0015113
-0.0020631
-0.0024536
0.0006219
0.0024854
0.008444
-0.0010106
-0.007303
0.00849
0.0024018
0.0083927
0.0034265
0.0019408
-0.0078533
-0.0003257
0.0060559
0.007482
0.0096931
0.0017266
0.008947
0.0065243
0.000721
-0.0094155
0.0090166
-0.0027159
-0.0017373
0.0029291
0.0088931
0.0093254
0.0006727
0.0046628
-0.0074904
-0.0079002
0.0010018
-0.0086672
-0.0040115
-0.0072941
0.0003255
0.0021335
0.0074396
-0.0027322
-0.0006802
-0.0035805
0.0051388
-0.003868
-0.002282
0.0097997
-0.0052712
0.0011342
0.0053331
0.0086423
-0.0057922
-0.0076015
0.0040807
0.0068551
-0.0038276
-0.0020345
0.0044718
0.0043877
-0.0041344
-0.0099736
-0.0085872
-0.0073209
0.0055706
0.008979
-0.0031253
6.71e-5
0.0054454
0.0062696
0.0036248
-0.0049265
0.0024114
-0.0008064
-0.0096237
0.0004399
0.0098106
0.0085008
-0.0038067
0.0013712
-0.0061506
-0.0014562
0.0067697
0.005352
-0.0047234
0.0025861
-0.0092401
-0.0056782
-0.0024417
-0.0021703
-0.0014086
0.0095462
-0.0003604
-0.0097734
-0.0056631
-0.000701
0.0067526
0.0019014
-0.0097215
-0.0003807
-0.0044321
0.0009268
0.0027811
-0.009987
-0.009651
-0.0025583
-0.0077375
-0.0060796
0.0048968
-0.0028421
-0.0013394
-0.0037126
0.0098069
0.005421
0.0029213
0.0014434
-0.0072263
-0.0060429
-0.0083792
-0.0016118
0.0097799
-0.0096414
0.0089565
-0.0037185
0.000216
0.0008187
0.0079816
0.0089227
0.0031038
0.0039728
0.0072628
-0.0063655
0.006688
-0.0040427
0.0016016
0.0093128
-0.0054166
-0.0017068
-0.0065248
0.0034484
0.0014203
-0.004488
0.0022921
0.004909
0.001097
0.004567
-0.002364
-0.0052652
0.0093934
0.0061491
0.0091074
-0.0060903
0.0025176
-0.0061648
-0.0004215
0.0062626
0.0036715
0.002367
0.0045805
0.0098646
0.003473
-0.0053876
0.0071651
-0.0014275
-0.0069548
0.0065053
-0.0077888
-0.0005657
-0.0096819
0.0085777
-0.0078165
-0.0007582
0.0089621
-0.0062633
0.0035544
0.0066883
-0.0074697
0.0051583
-0.0014478
0.0012224
0.0020739
-0.00105
0.0003472
-0.0099938
0.0024862
0.0013882
0.0011185
0.0042621
0.0095012
0.0004939
0.0099414
0.0063436
-0.0038337
0.0090722
0.0002787
-0.0044044
-0.0047163
0.0089326
7.96e-5
-0.0033498
-0.0070554
0.0032285
0.003948
-0.0089543
0.0010397
-0.0013819
-0.0082293
0.0039192
-0.0094058
-0.0089606
0.0032719
0.0031815
-0.0075184
-0.0095958
-0.0041274
0.0006625
0.000113
0.0053679
0.008684
-0.0027321
0.0068168
0.0043034
0.0078046
0.0066712
-0.0073094
-0.0062085
-0.0062711
-0.0019302
-0.0022065
0.0047174
0.0056648
-0.0053747
0.0051322
-0.0097729
0.0074959
-0.0020741
0.0022339
0.0093347
-0.0056181
-0.005756
0.0040586
-0.0089842
-0.0011492
-0.0038047
0.0010999
-0.0009313
0.0058526
-0.0043017
-0.0018778
