0.0080945
0.0096287
-0.0069139
-0.0033962
-5.59e-5
-0.0095129
0.0047104
-0.0070985
-0.0030593
-0.0012485
-0.0079254
0.0043493
-0.0056796
0.0074191
0.0084368
0.0058536
-0.002465
0.0076352
0.0006227
0.0071399
0.0023038
-0.006293
0.0069644
0.0095391
0.0060224
-0.0004962
0.0035734
-0.0058122
0.001507
-0.0011216
-0.0069192
0.0062281
0.0058286
-0.0043042
0.0031866
-0.000509
0.001789
-0.009331
0.0074491
-0.00853
0.0038997
0.0045174
-0.0021065
-0.0097809
-0.0002008
-0.0076331
-0.0005257
0.0026804
-0.0030851
-0.0030146
-0.0046857
0.0013398
-0.0030698
0.00836
-0.0066316
0.0026672
0.0050695
0.0099494
0.0024571
0.0014008
-0.005094
0.0062381
-0.0086125
-0.0088494
-0.0050005
-0.0073416
-0.001704
0.0032259
-0.0081465
0.0088947
0.0039418
0.0022016
-0.0066198
0.0081892
-0.0094771
0.0006731
-0.006818
-0.0027196
0.0004381
0.0024593
-0.0018878
0.0021562
0.0046351
0.0011791
0.0046465
0.0019732
-0.0010525
-0.0040324
0.0023632
-0.0021038
-0.0053354
-0.0064444
0.0025432
0.0031153
-0.0038515
0.0091052
-0.0090189
0.0089943
-0.0038685
-0.0053863
-0.0050791
-0.0062843
-0.0012356
-0.0041355
0.005054
-0.0004638
-0.0046559
0.0099842
-0.003463
-0.0097661
-0.0050995
0.0084587
0.0053588
-0.0012851
0.0049171
0.0087212
0.0040413
-0.0076292
0.0043926
0.0040864
-0.0048278
-0.0067235
-0.0001338
-0.0012181
-0.0085255
-0.0091816
0.00081
0.0025464
0.0014281
6.82e-5
0.0047302
-0.0043785
-0.0054523
0.0051878
-5.66e-5
0.0017514
0.005952
-0.0086967
-0.0039665
-0.0046481
0.0076049
0.002499
-0.0072939
-0.0059463
0.0089291
-0.0099699
0.0013742
0.009469
-0.0011373
0.0065936
0.0076174
0.0006051
-0.0084702
0.0009607
-0.0009797
0.0022027
-0.008591
0.0095232
0.0027932
0.0026793
-0.0049545
0.0057953
-0.003167
-0.0065018
0.0096459
-0.0034576
-0.0060125
-0.0032472
-0.0052559
-0.0007076
-0.0047467
0.0090768
0.0020604
0.0009274
0.0081614
-0.0099197
0.0026228
-0.0044088
-0.0025575
0.002252
-0.0013655
-0.0011282
-0.0043543
0.007634
0.0087259
0.0015422
-0.0079247
-0.0051671
-0.0054969
-0.0091104
-0.0019391
0.0007641
0.0025581
0.0067804
-0.0023499
0.0037925
0.0017862
-0.0060074
0.0096049
-0.0061068
-0.0058342
-0.0029312
0.0051559
-0.002721
-0.008101
0.005916
-0.0074775
0.0054574
0.009505
0.0016951
0.0046351
-0.0086831
-0.0057173
0.0069836
-0.0026577
0.0092489
-0.0023029
0.0081044
0.0006861
0.0018305
0.006266
0.0090804
0.0089564
-0.0064466
-0.0035611
-0.0047164
0.0033125
-0.0079849
0.0079201
0.0099085
0.0052546
0.0045819
-0.0067453
-0.0033646
0.0008379
-0.0006368
0.0049876
0.009425
0.0009047
-0.0069348
0.0095987
-0.0017493
0.0099762
-0.006735
-0.0033008
0.0052175
0.0031399
0.0032528
-0.0071657
-0.0073769
-0.0094625
0.0017187
0.0069602
0.0013565
-0.0076718
0.0066089
0.0019039
-0.0031357
0.0060544
0.001356
0.0065567
0.003232
0.0044345
0.0052258
-0.0007504
0.0002641
0.0093907
0.0066604
-0.0051439
0.0027385
-0.0083278
-0.0041173
6.9e-5
0.0066926
0.0053946
-0.0051159
0.0099326
0.0024369
-0.0071179
0.0088924
-0.0030789
0.0002858
0.0030423
-0.0090727
-0.0019747
0.0029724
-0.0012016
0.0062983
-0.0013665
0.0063548
-0.0024354
0.0046344
0.0050426
0.0014368
-0.0035896
0.0051305
-0.0001054
0.0049939
-0.0018647
0.0073243
0.0040748
0.0058605
0.0089206
0.0020948
0.0048534
-0.0059653
0.0010033
0.0011884
0.0083684
0.0042503
0.0080162
-0.0085055
-0.0094201
0.0063444
0.0055998
0.0016524
-0.0073083
0.0009315
0.0073603
0.0029739
-0.0069719
0.0058511
-0.0066874
0.0036431
0.0019891
0.0042823
-0.0065797
-0.0023705
0.005982
0.0083519
-0.0072935
-0.0099239
-0.0068531
-0.0039737
-0.0077941
0.0093496
-0.003289
-0.0091954
0.0069402
0.0097504
-0.0023249
0.0065726
-0.0062192
-0.0057447
5.41e-5
-0.0018185
-0.0079699
0.0088199
0.001847
0.0082576
0.0051281
-0.008075
0.0085411
-0.007625
-0.0077316
0.009596
-0.0070361
-0.003196
0.0001968
-0.0078642
0.0011392
0.0036971
0.0018384
0.0046507
-0.0076149
-0.0094558
-0.0036126
0.0004617
-0.0055833
-0.006167
-0.004676
-0.0002696
-0.0003652
-0.0055235
0.0037445
0.0019552
0.0047783
-0.0081103
-0.0081614
0.0060712
-0.0087841
-0.0033862
0.001
-0.0027128
0.0063547
-0.0007456
0.0040604
-0.0052697
0.0090859
0.0011617
-0.0070581
-0.0083596
-0.009716
-0.001014
0.0081242
0.0022222
-0.0077614
0.000721
0.00577
0.009007
0.001905
0.006255
-0.002322
0.0004445
-0.0038715
0.0062856
0.0097917
0.0075932
0.0062336
0.0046691
0.0036503
0.0028408
-0.0096481
0.0049664
-0.0067419
0.0031547
-0.0028432
0.0005804
0.0015502
-0.0014028
-0.0044193
-0.0022791
-0.0022214
-0.0005987
0.0002121
-0.0054776
0.0031474
0.0035461
0.0054947
-0.0042469
0.003353
-0.006795
-0.0025293
0.0081508
0.0047237
-0.0001418
-0.0068292
0.0052264
-0.0030548
-0.0085666
-0.0093344
0.0039011
-0.0077397
0.009161
-0.0011319
-0.0031823
-0.0091547
0.0026236
-0.0083191
-0.0092773
0.0051818
-0.0093818
-0.0018341
0.0041005
-0.0059843
0.00154
0.0012419
0.0060533
0.003479
-0.0059762
0.0064097
0.0003891
0.0087232
-0.0070236
-0.0036087
-0.0041772
-0.0028121
-0.0042818
0.0077891
-0.0010433
0.0055121
0.0079088
0.0026612
-0.0090343
-0.0027806
0.005754
0.0013972
-0.0006238
-0.0007198
-0.0019753
0.0088516
0.008076
0.0043087
0.0033959
-0.005765
-0.0021596
-0.0019272
-0.0037049
0.0038662
-0.0002541
-0.0035164
0.0027627
-0.0067533
0.0055315
-0.005234
