0.0092565
0.0093249
-0.0029913
-0.0083617
-0.0075431
-0.0074724
-0.004714
-0.0074226
0.0061298
-0.0022599
0.008729
-0.009122
0.0090723
0.0051911
-0.0090383
-0.0007089
0.0036688
-0.0067501
-0.0056961
0.0017179
0.0075549
-0.0086222
0.0007503
-0.0021228
0.0094301
-0.0093706
-0.006828
0.0014558
0.0068035
-0.0036246
0.0061999
-0.0007547
0.0051577
0.0089527
0.0098003
-0.0045956
-0.002759
0.0005211
-0.0060043
0.0037836
-0.0044479
0.0090409
0.0082797
-0.0008155
0.0036711
-0.0051466
0.006374
-0.0021614
-0.0022591
0.0012874
-0.0068027
0.002863
0.0003891
-0.0025292
-0.0053153
-0.0022844
-0.0050901
0.0028775
0.0061323
0.0063894
0.0052594
0.0051365
0.00415
-0.0069333
0.0094723
7.15e-5
0.007353
0.0095643
0.0084971
0.0038405
-0.0051237
-0.0045234
0.0025621
-0.0030445
-0.0023905
-0.0096138
0.0055736
-0.0038605
-0.0051265
-0.0001102
-0.0030144
0.0026924
0.0041209
-0.0053284
0.001981
-0.0072145
0.0029109
-0.0045935
0.0038746
-0.0022634
-0.0094646
-0.0005874
0.0059051
-0.0087805
0.0059033
0.0072655
-0.0007036
-0.0076571
0.0094529
0.0058301
0.002155
-0.0097791
-0.0073469
0.0046294
0.0035364
-0.000807
0.0044035
-0.0089777
-0.0018246
0.0083243
-0.0084442
-0.0097797
0.0015905
0.0002532
0.0048099
0.0096472
-0.0064167
-0.0040853
-0.0048798
-0.0011166
-0.0068738
-0.004604
0.0025138
0.0053017
0.0049151
-0.0094095
0.00862
-0.0099053
-0.009974
-0.0084679
0.0073661
0.0026125
-0.0086801
0.0071409
-0.0001996
-0.0064147
-0.0076744
0.0091288
0.0054119
0.0035507
-0.0028314
0.0090962
-0.0059353
0.0009407
0.0047645
-0.0042458
-0.0078396
0.0081524
-0.0003689
0.007326
0.0025692
0.0071379
0.0013419
0.0051994
0.0029903
-0.0071252
0.001241
-0.0046498
0.007811
-0.0086241
-0.000679
0.0067466
0.0081067
0.0037763
0.0072783
6.5e-6
-0.0061974
0.0007572
0.0033238
0.0043255
0.0098491
-0.0010958
-0.0027254
0.0035051
0.0067333
0.0080712
-0.0001356
0.008199
-0.003372
0.0084777
-0.0054237
0.0090521
0.0077441
-0.0040462
0.0096914
0.0087602
-0.0004923
0.0066578
0.0009538
-0.0074344
0.0066937
0.0069367
0.0014642
-0.0035926
0.0007144
-0.0082923
-0.0025572
-0.001234
0.0034024
-0.0059427
0.0074363
-0.0085114
0.0044262
0.0032179
-0.009484
0.0077145
0.0021303
-0.006828
0.000111
-0.0071931
0.0048444
0.0020324
0.0002537
-0.0001049
-0.0071386
0.0089394
0.0091442
0.0022026
0.0002617
0.0047922
0.0040588
-0.0087398
0.0098041
0.0091284
0.004159
-0.0032816
-0.008178
-0.0015458
-0.0028493
-0.0074583
0.0097151
0.0053271
-0.0076711
-0.0018103
0.0005981
0.009201
-0.0010692
-0.0009318
-0.0012762
-0.0043034
0.0069288
-0.0073593
0.0010483
0.0066207
0.0044307
0.0085625
-0.0009249
-0.0054289
-0.0060307
0.0026153
-0.0086221
0.0041211
0.0073916
-0.0046943
-0.0015923
0.0003707
-0.0019543
-0.0093733
-0.0059254
0.0052409
0.0005051
0.0074064
0.0068035
-0.0013379
-0.0095922
-0.0097603
0.0040984
-0.000709
-0.0087387
-0.0029213
0.0021729
0.0082752
-0.0025911
-0.0049783
0.002679
0.0097608
0.005046
-0.0093161
0.004636
0.0015528
0.0084204
0.0054423
0.0064219
0.0017485
0.0051861
0.0085469
0.0060185
0.0029538
0.0013417
0.0092562
-0.0051967
-0.0032452
0.0058881
-0.0083628
-0.0053016
-0.0038878
0.0069273
0.0003429
-0.0005873
0.0055336
0.007294
0.0049805
-0.0030929
0.0008342
0.0013081
-0.0016046
-0.00973
-0.0088257
-0.0096113
0.0011463
-0.0056412
0.0067255
-0.0003398
-0.0075299
-0.0072803
0.0076826
-0.0053928
0.0030614
-0.0044174
-0.0081689
-0.0033462
0.0092207
0.0005837
-0.0015875
-0.0092785
0.0077153
-0.0001167
0.002577
-0.0061196
-0.0014626
-0.0052348
0.0070726
-0.0058832
-0.0092086
0.0073528
-0.0097529
0.0008566
-0.0097594
-0.000265
-0.0063853
5.01e-5
-0.009882
0.0019786
0.0074411
0.0063551
0.0003335
0.0071815
0.0038847
-0.0055352
0.0026275
0.0077752
-0.0045738
0.0056495
-0.0098978
0.0090159
0.0084577
-0.0054823
-0.0096462
0.0026757
-0.0063795
-0.0037016
0.0052678
-0.0088114
0.0004054
-0.0083499
-0.0035695
-0.005172
0.0094779
-0.0007769
0.0041051
0.0042383
-0.0061477
0.0004198
-0.0040909
0.005838
-0.0071601
-0.0035863
-0.0055023
0.0021338
-0.0057011
0.0092583
0.0036401
-0.0020239
0.0089525
-0.0083087
-0.0093793
0.0043149
-0.0017246
0.0094589
-0.0015275
0.0044651
-0.009814
0.0024897
-0.0019354
0.0094428
0.0039334
0.0063207
-0.0057212
0.0082042
-0.0015036
0.0089568
0.0094517
-0.0030615
-0.0095186
0.0002658
0.0064581
0.0050622
0.0073364
0.0091529
0.001767
0.0009433
0.0023098
-0.0012185
0.0014463
0.0032807
0.0026215
-0.0093099
-0.0094515
0.0053699
-0.0053264
0.0020691
0.0082311
0.0075117
0.003595
-0.0098141
-0.005283
-0.0034106
-0.0079315
-0.0095756
-0.0089304
-0.0071474
0.0021072
-0.0076537
-0.0026936
-0.0061375
0.0049426
0.003972
-0.002936
0.002918
0.0030236
-0.0034642
-0.0043507
-0.0089021
0.0025574
-0.0002439
-0.0096816
0.0086208
0.0076297
0.0029818
0.0034937
-0.0036636
-0.0044692
0.0010064
-0.0022732
0.0011309
0.0025536
0.0056373
0.0034593
-0.0053603
-0.0008207
-0.0054324
-0.0062009
0.0026609
-0.001627
-0.0060403
-0.0098767
-0.0062224
0.0010782
-0.0097466
0.002205
0.006727
0.009345
-0.0001026
-0.0084882
-0.0099722
-0.0069313
-0.0065449
2.56e-5
0.0003835
-0.0038944
0.0053717
0.0061515
0.0063871
0.0053625
-0.0044908
-0.0090603
0.0083109
0.0086819
-0.0077316
0.0067809
0.0014924
0.0062059
-0.0044029
-0.0040253
0.007742
