-0.0006245
0.007009
-0.007572
0.007809
0.001075
0.0075757
-0.000544
0.008734
-0.0027024
0.0048983
-0.0047171
0.0099593
-0.0041756
0.0043479
0.0095162
0.0025979
-0.0062022
0.0058948
0.0038737
-0.0098554
-0.0034543
0.0073184
0.004005
-0.0098351
0.0087793
0.0046988
-0.0037261
0.0014712
0.008789
0.0063524
-0.00457
-0.0011446
-0.0037391
0.0070562
0.0066702
-0.0083691
-0.0062326
-0.0001624
-0.0039837
-0.0087328
0.0082124
-0.0066007
-0.0041596
-0.0045705
-0.0032788
0.0025918
0.0023149
0.0082852
-0.0002841
-0.0031456
0.0021012
0.0048635
0.0050676
0.0047657
-0.0042326
0.0009011
-0.0005784
0.0032575
0.004909
-0.0066405
-0.0041383
0.0033189
-0.0004625
0.007226
-0.0075176
0.007685
-0.003477
-0.0067385
0.002419
-0.002225
-0.0049232
-0.0076243
0.006597
0.0024763
-0.0028115
-0.009445
-0.007514
0.0055502
-0.0023019
0.0039077
-0.0066963
0.007903
-0.0082383
0.0033361
0.0094872
0.0047042
0.0059605
0.0089568
-0.0018398
-0.0059304
0.0077205
-0.0079127
-0.0095705
0.0004231
-0.0038764
0.008698
-0.0093246
-0.001367
-0.0070566
-0.0036689
0.0007211
0.0002992
-0.0026867
-0.006041
-0.0005266
-0.0045824
0.0001805
-0.0012595
0.0070657
0.0071383
0.000275
0.0035586
-0.004665
0.0053877
-0.008701
0.0018533
0.0010811
-0.002536
0.0059732
0.0036416
0.0036969
-0.0003401
0.0029805
-0.0039833
-0.0095211
0.0086428
-0.0061433
-0.0067081
0.0033423
0.0074647
0.0067249
0.0047815
0.0020266
-0.0012545
0.0022544
0.0033018
-0.008932
0.001566
0.0031111
0.0070328
0.0055373
-0.0016286
0.0009345
-0.0058632
-0.0004703
-0.0003293
0.0022064
-0.0073912
0.0070562
0.0023885
-0.0089317
-0.00942
0.0073812
-0.0084872
-0.0014689
0.0096084
0.001058
-0.0045001
0.0031018
0.001698
0.0036937
0.0081878
0.0071533
-0.0067568
-0.004049
-0.0033334
0.0042441
-0.0032159
-0.0014067
-0.0018994
0.0022389
-0.0039124
-0.002788
0.0054643
0.0096148
0.004807
0.0087142
-0.0014176
0.0008811
-0.0040629
0.0085443
-0.0045072
0.0036684
0.0066519
0.0096534
-0.0012243
0.0072721
0.0062492
0.0046895
0.0029822
0.0057952
0.0043186
0.0093231
-0.0012042
0.0095471
-0.0017282
-0.0096608
-0.0081513
-0.0047781
-0.008651
0.001191
0.0093177
0.0076522
-0.0097332
-0.0078247
-0.0012171
0.0090888
0.0009628
0.0007586
-0.0004637
-0.001237
-0.0011732
0.0049777
-0.0072568
-0.0009378
-0.0070117
0.0060071
-0.003752
-0.002074
-0.0091071
0.0059568
-0.0062277
-0.0042143
-0.0091232
0.0040046
0.0050495
-0.0076385
-0.0037931
0.0012843
1.38e-5
0.003952
0.0022365
-0.0042575
-0.0077312
0.00743
-0.004724
0.0022342
-0.000644
-0.0099162
-0.0029437
0.0013652
0.0048118
0.0027515
0.0007257
0.0014677
-0.0033674
9.38e-5
-0.0079285
-0.00945
-0.0040104
0.0051118
-0.0052931
-0.0077712
-0.0081016
0.0059932
-0.0050445
0.0052416
-2.57e-5
0.0066981
0.0032741
0.0040169
-0.0086582
-0.0013175
-0.0050284
0.0043938
0.0009473
0.0033974
0.0055977
-0.0084017
4.6e-6
-0.0012318
-0.0090079
-0.0049365
0.0033607
0.0008472
0.0069659
0.0079892
0.0020359
-0.0074404
0.003874
-0.0075482
0.0088794
-0.0026403
-0.0019642
0.000635
0.0003976
0.0035138
0.002164
0.0016632
0.0029811
-0.0057202
-0.0003485
-0.0023687
0.0012496
0.0027193
0.0032437
-0.0006241
-0.0090044
0.0053686
-0.0076654
0.0013648
0.0052787
0.0008086
-0.0085316
-0.0068592
-0.0005672
-0.0045944
-0.0053299
0.0043296
-0.00688
0.0092813
0.0081392
-0.0092635
0.0045516
-0.0096796
-0.0047489
0.0048409
0.0067049
0.0075317
-0.0009384
0.0075404
0.0059463
0.0099188
0.0047994
-0.0009346
-0.0054144
0.0073907
-0.0054701
0.0013663
-0.0040125
-0.0070812
0.0009373
-0.0020933
0.0060988
-0.0008784
-0.0060051
-0.003203
0.0070722
0.0036729
0.0048616
0.0054777
-0.0090554
-0.0015551
-0.0088589
-0.005835
-0.0047753
-0.0088458
0.0009565
0.0029759
0.009263
-0.0042854
0.0057531
0.0045574
-0.007329
-2.11e-5
-0.0046499
-0.0048712
0.0033306
-0.0028351
0.0022905
0.0023381
0.0044555
-0.0017074
0.0039213
-0.0080567
0.0012541
0.0077233
-0.0031198
-0.0067057
0.0094955
0.0094607
-0.0078927
0.0086828
0.0045114
0.0069181
0.0038987
-0.0092295
0.0016548
0.0065621
-0.0086352
-0.0044291
-0.0008399
-0.0042115
0.0090872
-0.0065377
-0.0081345
0.00944
-0.0004563
0.0078563
-0.0033133
-0.0027132
-0.0053952
-0.007771
-0.0079408
0.0055913
0.0073783
0.005824
-0.0040095
-0.0040491
-0.0061044
0.0021649
0.0022574
-0.0052794
-0.0097653
0.0061201
-0.0051827
-0.0050064
0.0049269
0.003817
-0.0021224
0.0048198
-0.0037123
-0.0001476
0.0070351
-0.0046374
0.0079814
0.0037221
-0.007917
0.0024278
0.0088907
-0.0054826
-0.0092089
0.0040927
-0.0048293
0.0071704
-0.003455
-0.0051394
-0.0060083
-0.0086848
0.0087382
0.0071042
-0.0023852
0.0018759
0.0095464
-0.0019
-0.0024245
-0.0060055
0.0095399
-0.0071576
0.0011887
-0.0018388
-0.0046073
0.0013853
-0.0076371
-0.0051956
0.0042602
-0.0046878
0.0027234
0.0060298
-0.0055015
0.0003242
0.0069363
-0.0031107
-0.0050281
-0.0056219
-0.0013145
-0.000516
0.003174
0.0077128
-0.0018037
-0.0035438
0.0080708
-0.0079805
0.0040007
-0.004112
-0.0091148
0.0043759
0.0056049
0.0059978
0.008625
0.0075955
-0.0070647
0.004606
-0.0041391
-0.0018655
0.0055587
-0.0028972
0.0030579
0.0094558
-0.0074399
-0.0061427
-0.0045085
0.007402
-0.0009538
0.0070268
0.0010263
-0.0094495
0.0059163
0.0042807
-0.0054775
-0.0001704
-0.0082098
-0.0082446
0.009044
-0.0042252
