0.0054916
0.0034692
-0.0041689
0.0084748
0.0074113
0.0041716
0.0004706
-0.0066515
-0.0016702
-0.003395
-0.0018864
0.0028148
-0.002409
0.0065149
0.0061897
-0.0097904
0.0092218
0.0039638
-0.0012251
0.0040771
-0.0083877
-0.0013293
0.0071573
-0.0072411
-0.0008892
-0.0045483
-0.0008437
0.0054357
0.0091303
0.0046701
-0.0064891
0.0013347
0.0034016
-0.0060301
0.001688
0.006282
-0.0051796
-0.0022663
0.0039557
-0.0081617
0.0046128
-0.0065279
-0.0087529
-0.0086876
0.0008547
0.0055055
-0.0048026
0.0021204
0.0078977
-0.0047332
-0.0039244
-0.0039669
0.0055335
0.0095104
0.0040694
-0.0094474
-0.0002665
0.0049323
0.0029224
0.003124
-0.0066056
0.0095401
-0.0094588
0.0080813
0.0046666
-0.0086711
-0.0040011
-0.0075021
-0.0003054
0.0090526
-0.0011926
-0.0052883
0.0067988
0.000621
-0.0017679
-0.000621
-0.0093886
-0.0080165
-0.0059211
-0.0097448
0.0079868
-0.0095096
-0.0046387
0.0060725
0.000588
-0.0070872
0.0062209
0.0073543
0.0057678
-0.0058065
0.0021384
0.0086258
-0.0072324
-0.0066061
-0.0055691
0.0008121
-0.0036852
-0.0031873
-0.0081681
0.0032181
0.0052593
-0.0009786
0.009098
-0.0008627
0.0065834
0.0088677
-0.0014305
0.0054588
-0.0033805
0.0017512
0.000963
0.0052976
0.0018797
-0.0018839
0.0098826
0.0038922
-0.0017681
0.0013893
-0.0060589
0.0088396
0.000245
-0.0042796
0.000179
-0.0053648
0.001172
0.0066947
0.0021395
0.0013603
-0.0023258
0.0039777
-0.0005338
-0.0013226
-0.0060853
0.0015636
-0.0030992
-0.0013342
0.0025785
-0.0066498
0.008864
-0.0044051
-0.008124
-0.0047478
0.0078658
-0.0053988
0.0095314
0.0005603
-0.0002581
0.0064631
-0.0082178
-0.0047989
-0.0024775
0.0050493
0.0026445
0.0099752
-0.0095203
0.0061865
0.0046773
0.0023191
0.0010201
-0.0013338
0.0076907
-0.0072817
-0.0093595
-0.0070415
0.0084583
-0.0018581
0.0030269
-0.0079049
0.0038773
-0.0009115
0.0072839
-0.0058022
0.0016716
-0.003924
-0.0040534
-0.0071324
-0.0049018
0.0067329
0.0043099
0.0011447
-9.81e-5
-0.0046213
0.0041782
0.0088431
-0.0052598
-0.0025676
-0.0048956
0.0093893
0.0041883
0.0068432
0.004539
0.0045198
-0.004483
0.0041033
-0.001566
-0.0030629
0.0085453
-0.0050231
-0.0032769
-0.0008257
0.0067934
-0.0013542
-0.0069641
-0.0003036
-0.0086559
-0.0050267
-0.0053248
0.0072637
0.0040479
-0.0012776
-0.001255
0.0062318
-0.0015061
0.0047512
-0.0031034
0.0006138
0.0043912
-0.0005198
-0.0010413
-0.0049704
0.0088396
-0.0013187
0.0079162
-0.000402
0.0037959
-0.0076623
0.0050567
-0.0001465
0.0023002
-0.00245
0.0096138
-0.0075966
0.00017
0.0017044
0.0019086
0.0082628
-0.0099109
-0.0028466
-0.0079642
0.0090181
0.0067109
-0.0054058
0.0086363
0.0030861
0.0044913
-0.0084515
0.0057565
-0.00997
-0.0025235
-0.006362
-0.0002543
-0.0067298
-0.0024624
0.0025843
0.0062439
0.0025103
0.0036963
-0.0088615
-0.0023524
-0.0047846
-9.43e-5
0.0077863
-0.00206
0.0009151
-0.0028569
0.0055122
-0.0031557
0.0076029
0.0042752
-0.0044407
0.0071954
0.0028699
0.0061254
7.45e-5
0.0036534
0.0018939
-0.0026153
0.0088435
0.0002609
0.0050839
0.0069453
0.0002788
0.0059639
-0.006117
0.0044218
0.0046112
0.0065877
0.0067489
0.0057433
-0.0071156
0.0079085
-0.0064458
0.0095344
0.0088806
0.0034888
-0.0038134
0.0039898
-0.0033085
0.0090953
-0.0055952
-0.0011699
-0.0017076
0.0019503
0.0026389
0.0015221
-0.0025924
-0.0051394
0.0083032
0.0059964
-0.0091005
-0.0070994
0.0012896
0.0062939
-0.0096865
-0.0031425
0.008733
-0.0013422
0.0035019
0.0052925
0.0056973
-0.0009197
0.0060697
0.0026338
0.0035574
-0.0095064
-0.0079562
-0.0022971
-0.0023437
0.0045448
0.0087848
-1.31e-5
0.0043405
0.0093687
-0.005468
-0.0080247
-0.0011387
0.0068956
0.006765
0.000112
0.0055877
0.003196
0.0025567
0.0002391
-0.00871
-0.0087509
-0.0038482
0.0007711
0.0097992
-0.0031234
-0.0018877
0.0057981
-0.0054782
0.0049487
0.0083684
-0.0087649
-0.0077438
0.0065114
-0.0044581
0.0095931
-0.0050692
0.0073985
0.008817
-0.0089753
-0.0076212
0.007448
0.0013138
-0.0076702
0.005206
-0.0013421
-0.0032044
-0.0036794
-0.0020703
-0.0012895
0.0001942
0.0017307
0.0048068
-0.0075051
0.0074674
-0.0058666
0.0083803
0.0035486
0.0020582
0.0048347
-0.0014523
-0.00327
-0.0053784
0.006599
0.0055285
0.0086744
-0.0021062
-0.0011447
-0.0081511
0.0083856
-0.0058623
0.0033661
-0.0033443
0.0084327
-0.0018169
0.0010919
0.0049294
0.0074323
-0.0039611
0.0007178
-0.0072247
0.0033858
-0.0058843
0.0066203
0.003827
0.0042203
0.0072022
-0.0018994
-0.004214
0.0024922
0.0048455
-0.0053583
0.0071471
0.0065373
0.005779
-0.0057993
0.0054172
-0.0067601
-0.0094024
0.0027237
-0.003314
0.0009255
-0.0075209
0.0086464
-0.0021807
0.0014251
-0.0087867
0.0017417
-0.0061002
0.0063556
-0.0016208
-0.0002541
0.0004227
0.0065035
0.0092569
-0.0013558
-0.0019444
-0.0078196
0.0016398
0.0064527
0.002055
-0.0024503
-0.0017642
-0.0047161
-0.004969
0.0020898
-0.0072539
-0.0005461
-0.0070618
-0.0025515
-0.0088173
-0.0080602
-0.0007022
-0.0077962
-9.9e-6
-0.001333
0.0078399
-0.006009
0.0034165
-0.0052222
0.0014208
0.000653
-0.0088672
0.0081568
-0.0038321
0.0040446
-0.0085907
-0.0072977
-0.0066068
-0.0084473
-0.0067611
-0.0048152
-0.0053332
-0.0036083
0.0010211
0.0030674
-0.0037423
-0.0038779
0.0019724
0.0037942
0.0075658
0.0028114
-0.0072479
0.0040234
0.0077086
0.0041377
-0.0099147
-0.0044943
-0.0027032
-0.0026553
-0.0030415
-0.0051116
