0.0083012
-0.0014958
0.0088868
-0.0092877
-0.0020657
-0.0022119
0.008657
-0.005716
-0.0052534
0.001295
0.0025704
0.0023977
0.0069215
0.0017095
-0.0068682
-0.0081746
-0.0058386
-0.0055606
-0.0089636
-0.008807
-0.0062677
0.0055333
-0.0046716
-0.0079823
-0.0089852
0.0015202
-0.0016734
-0.0073589
-0.0070888
0.0013011
-0.0088972
-0.0044917
-0.0067968
0.0069031
-0.0064603
0.0062973
0.0097483
0.0064114
-0.0064656
-0.0002264
0.0082466
-0.0014642
-0.0020248
0.0005732
-0.0096905
-0.0079256
-0.0064149
0.0081214
-0.006483
-0.0065066
0.0080423
0.0011715
-0.0081354
0.0050952
-0.0098593
0.0084503
0.0020397
-0.0029492
-0.0038161
0.000419
0.0066362
0.0020856
-0.0073811
0.0006033
0.0012421
0.0063053
0.0071325
0.0094572
-0.0018689
-0.0055067
0.0029286
0.0026089
-0.009309
0.0066899
-0.0041552
0.0074547
0.0082526
0.0070324
0.0069328
-0.0034565
-0.0016955
-0.00232
0.0037235
0.0082405
-0.0040325
0.0099116
0.0057358
-0.0036903
0.0012374
-0.0094581
0.0065446
-8.51e-5
-0.0086625
0.009744
0.0031556
-0.0032001
0.0020584
-0.0093381
-0.0011473
0.00333
-0.008574
0.0064379
0.0084713
0.005772
-0.0034805
0.0052443
0.0094144
-0.0064035
0.0097649
-0.0081411
0.0053283
0.0085324
-0.0071828
-0.0025604
-0.0011302
-0.0057849
0.0067956
-0.003541
0.0035984
0.0034467
0.0033303
-0.003991
-0.0020113
0.0046721
-0.0028316
0.0069293
0.0088855
-0.0055649
-0.0054051
0.0060698
0.0073927
-0.0066325
0.0070925
-0.0077108
0.0018427
0.0001212
0.0054526
-0.0079482
0.0029597
-0.0093533
-0.0096697
0.0033397
-0.0090506
0.00571
0.0014586
0.0011114
-0.0052857
0.0081686
-0.0037117
-0.0097693
-0.0064739
-0.0098793
-0.0019988
-0.0078996
-0.0009765
-0.0003565
0.0047906
-0.0048894
-0.0017287
-0.0071117
-0.0067441
0.007755
-0.0069359
0.0005971
0.0027205
-0.0055392
-0.0020476
0.0033371
0.0060207
0.0048893
-0.0088121
-0.0051148
-0.0036831
0.0019117
-0.0058905
-0.0061473
0.0022796
-0.0030932
0.0051464
0.0006081
-0.0074298
0.0054004
0.0086245
0.0001232
0.0092061
-0.006179
-0.0025303
0.0023493
-0.0022494
-0.0058437
0.0024837
0.0099182
0.0048381
0.0056385
0.0053014
-0.0081557
-0.0023637
-0.0074233
-0.0034274
-0.0067667
-0.0092843
-0.004909
0.0081741
-0.0062578
-0.0024318
-0.0037625
-0.0059772
-0.0092355
-0.0022369
-0.0015644
-0.007385
-0.0085428
0.0009811
-0.0052118
0.005382
-0.0072411
0.0073537
-0.0024559
-0.0098982
0.0083207
0.0052983
-0.0034229
-0.0061762
-0.0017131
0.0043122
-0.0049584
-0.0086496
0.0072364
0.0063219
-3.0e-7
-0.0076504
-0.0097554
0.0010783
0.0045019
0.0090164
0.0046906
-0.0041151
-0.0096689
-0.0001045
0.0087284
0.0014734
0.0057019
0.0008395
-0.0078836
-0.0059661
0.0027833
0.0065083
-0.0073802
0.0076261
-0.0063826
0.0093452
-0.0013121
-0.0082657
0.0095544
-0.0059204
-0.000924
-0.0022731
-0.0092547
-0.0016984
0.0031663
0.0062849
-0.0048536
0.0026836
-0.0057079
0.0044443
0.0034029
0.0083085
0.0065462
0.0094639
-0.0057565
-0.0024096
-0.0093828
0.0044582
0.0097551
-0.0088318
-0.0032484
-0.004815
-0.0012978
0.0024712
-0.0081583
-0.0008623
-0.0059598
-0.0020101
-0.0045888
-0.0084569
-0.0005996
-0.0001283
-0.0016023
-0.0018504
-0.0040606
0.0019521
-0.0009477
-0.003285
0.0026447
-0.0063853
-0.0066023
0.0079468
-0.0009189
-0.003526
-0.0076339
-0.0056487
-0.0075328
-0.0052764
-0.0068585
-0.0046313
-0.0037858
0.0040242
0.0058038
-0.0028909
-0.0090948
0.0009948
0.001596
0.0043932
-0.0018766
0.0034713
0.0032425
0.0085079
0.0084018
-0.0046901
0.0003892
-0.0033883
0.0086474
0.0087311
0.0088225
0.0062313
-0.0068107
0.0010038
-0.009063
-0.0060566
-0.0006758
0.006176
0.0063966
0.0069777
0.0028919
-0.0077014
-0.0027326
-0.0020189
-0.0048717
-0.0025647
0.002312
-0.0061364
0.0045248
-0.0034684
0.0036906
-0.0064467
-0.0021852
9.98e-5
-0.0005794
0.0048539
0.0044393
0.0026116
0.0098487
-0.0096615
-0.0077054
0.0040244
-0.0074792
-0.0018709
0.0059455
-0.0091611
-0.0032688
-0.0047353
-0.0085748
-0.0003198
-0.0038815
0.0055669
-0.0007878
0.0064848
-0.00013
0.0067411
0.0051359
-0.003331
0.0020701
0.0093305
-0.0082205
-0.0095738
-0.0064598
0.0057472
0.0027352
0.0046873
0.0008497
-0.0051766
0.007962
0.0061131
-0.0097513
-0.000569
0.001964
0.0011575
0.003608
0.0065474
0.0029443
0.0095906
0.0085193
-0.0058902
0.0091496
0.0066502
-0.0094298
0.0028193
0.0089861
-0.0082344
-0.0029055
0.0097456
0.0061063
-0.0034694
0.0070965
-0.0013006
-0.0016918
0.0076643
0.0098388
0.0028272
0.0014231
0.0068535
-0.0031437
-0.0094005
-0.0014099
0.0082977
0.0040476
0.003975
-0.0066199
0.0084387
-0.0034982
0.0049843
0.0085784
-0.0052292
-0.0041206
-0.0006667
0.0084474
0.0007746
-0.0057894
0.0020935
-0.005334
-0.0015544
0.0031483
0.0009856
-0.0082473
0.0054217
0.00974
-0.0011148
-0.0008439
0.0070313
-0.006838
-0.0076387
0.0091048
0.0062705
-0.0077653
-0.002706
-0.0002237
-0.0063301
0.0083791
0.0084225
-0.0006351
-0.0013573
-0.001945
-0.0002279
-0.008417
0.0051046
0.0062915
0.0052825
-0.0082645
0.0074269
-0.0054151
0.000698
0.0032332
-0.0046339
-0.0066633
0.0096174
0.0080878
-0.0075644
0.004647
-0.0078119
0.003739
0.0043343
0.0015441
-0.004061
-0.0014848
0.0060789
-0.0086379
0.0038619
0.0017339
0.0041637
-0.00306
-0.0044709
-0.0051597
0.0079761
-0.0004111
0.0004638
0.009341
0.0008952
0.0087324
-0.0011342
-0.0005115
0.0063079
-0.0064487
-0.0002261
-0.0034293
0.0055859
