0.0042583
0.0043611
-0.0022206
0.0074282
0.0087248
-0.0067621
0.0035152
-0.0001397
-0.0086918
-0.0069851
0.0096579
-0.0064286
-0.0001479
-0.0053506
0.0058844
-0.0035964
-0.006548
-0.0080755
-0.0014412
0.006756
0.009754
0.0081329
-0.0082017
0.0054718
-0.0048522
-0.003656
0.0092269
-0.0004531
-0.0059294
0.0046916
-0.0087175
0.0073577
0.0004557
-0.0081622
0.0024115
-0.0086458
0.0038829
0.0033488
0.0039909
0.0003204
0.0099045
0.008461
0.0048107
-0.0045336
-0.0042922
0.0088132
-0.0002853
0.0030789
0.0081416
0.0009998
0.0019979
-0.0045289
0.0096846
-0.0003634
-0.005972
-0.005023
0.0034512
0.0005826
0.0073162
0.0075602
0.0029301
0.0027576
0.0029075
-0.0007889
0.009215
-0.0016004
0.0078456
0.0002032
0.0060851
0.0069213
-0.0058524
-0.0042404
0.0030329
0.0051125
-0.0041863
-0.0013105
0.0040337
-0.0095034
0.009228
0.0086372
0.0001534
0.0078193
0.0082116
0.0060964
0.009125
0.0017684
0.0008217
0.0008348
-0.0063262
-0.0068884
0.002123
-0.0087022
-0.0052839
0.0014329
0.0069079
0.0093638
0.0085622
-0.006023
0.0040901
0.0017202
-0.0068607
0.0057374
0.0022744
0.007184
-0.0038455
-0.0008099
0.0095348
0.008547
-0.0063602
-0.0093305
-0.0028429
0.0049565
-0.0021418
-0.0024336
-0.0032584
-0.004395
0.0013023
0.0028417
0.0065719
0.0022694
-0.0002631
0.0063697
0.0023289
-0.0044036
-0.0007036
0.0080431
-0.0050397
0.0068031
5.36e-5
-0.0097565
0.0022429
0.0063018
-0.0024807
-0.0099424
0.0058504
-0.0057126
-0.0015146
0.0003465
0.0025549
0.005476
0.0076097
-0.0014609
-0.0005217
-0.0018017
-0.0046616
0.002226
-0.0062217
-0.0054897
0.0016602
0.0063465
0.005344
0.0020297
0.0016655
-0.0019702
-0.0045619
-0.0061349
-0.0063876
-0.0087752
-0.0010233
0.0063038
0.0040989
-0.009875
0.0063452
0.0052232
0.001413
-0.0070541
0.0088074
-0.0039944
0.0021416
-0.0017743
-0.0098414
0.0006826
0.0061161
0.0051927
0.0066001
-0.0036017
0.0081016
0.0032097
0.0010789
0.0016501
0.0041598
-0.0019343
0.0030451
-0.0018958
-0.0020055
0.0082571
0.0028661
-0.0091462
0.0067314
-0.0010558
0.0090187
-0.0041805
-0.0052417
-0.0023413
0.0096226
-0.0018645
0.0051814
0.0073131
0.002258
-0.0034704
-0.0086246
0.0076372
0.0012196
0.0086318
0.0082702
0.0093933
-0.0036176
-0.0084072
-0.0085863
-0.0067589
0.0035525
-0.009643
0.0043195
0.0015089
-0.0058027
-0.001137
-0.0068997
-0.0008414
0.0058932
0.0044674
0.0031868
-0.005823
0.0041543
-0.0011168
-0.0082936
-0.0090245
0.0093517
0.0044719
-1.51e-5
0.0051299
0.0072594
-0.0047994
-0.0095207
0.0045464
0.0063442
-0.0078239
0.0053582
0.0019821
-0.0022775
0.0054981
0.0011809
0.0066156
-0.0008038
6.0e-6
0.0084652
0.0087691
0.0021612
0.0076768
0.0028916
0.000397
-0.0035496
0.0038937
-0.0054756
-0.0048625
-0.0048937
-0.0037583
-0.001211
-0.0078255
0.0075059
-0.0070343
0.0024338
0.0047881
-0.0007927
-0.0007806
-0.0013249
0.0083072
-0.0054662
0.009787
0.0091896
0.0072139
0.003501
-0.0027355
-0.0053971
0.0044183
0.0004014
-0.00621
0.0026836
-0.0066086
-0.0047078
0.009964
0.0063544
0.004217
0.0055349
0.0016773
0.0005037
-0.0069076
-0.007879
-0.0064263
0.0093835
-0.0040498
0.0032203
-0.0075697
-0.0043027
0.0062596
-0.0035683
-0.0093912
0.0096102
0.0089143
-0.0011251
0.0064249
-0.0090979
0.0028787
0.0033417
-0.0068582
0.0015974
0.0026278
0.004294
0.0083134
0.0017825
0.000572
0.0013002
0.0035985
0.0050679
-0.0023146
-0.0076154
0.0092513
0.0011679
-0.0052492
0.0045275
0.0040916
-0.0079928
-0.0099833
-0.0050052
-0.0055711
-0.0061466
-0.0092049
-0.0089756
-0.0076033
-0.0086589
0.0072316
0.0031454
-0.0071914
0.0078332
-0.0028981
0.0038092
0.0093646
0.0082726
0.0046894
0.0005347
0.0041476
0.0084324
-0.0083694
0.008127
0.0056021
-0.0009448
0.002441
0.0097873
-0.0037316
-0.0030597
-0.0034754
-0.0020556
0.0090412
-0.0005541
-0.0018745
0.0064105
0.0008489
0.0075713
-0.0098403
-0.0067355
0.0074172
-0.0080939
-0.0052255
0.0025468
0.0068794
0.0062464
-0.0079142
-0.0034758
0.005295
-0.004165
-0.0014978
-0.0044088
-0.0098992
0.0048214
-0.0074419
0.0013195
0.0016813
0.005586
0.0056945
0.0013583
-0.0092529
-0.0071586
-1.14e-5
0.0094186
-0.0093045
-0.0044191
-0.0049111
0.0088007
0.0082633
-0.0067514
0.0091851
-0.0004602
0.0009335
-0.005
0.0078762
-0.00198
-0.0085427
0.0088219
0.0027668
0.0007267
0.0052641
-0.0094251
0.0025793
-0.005517
-0.0026086
-0.0089326
-0.002294
-0.007051
0.0041529
0.0039088
0.0081078
-0.0049344
0.0041549
0.0060876
-0.0085023
-0.0008664
-0.0014434
0.00981
-0.0027557
-0.0026497
-0.0002416
0.0001204
0.0014914
-0.0007541
0.005256
-0.0035853
0.00359
0.0080712
0.001946
-0.0078236
-0.0096172
0.0017225
-0.0067643
-0.0088151
-0.0047337
-0.0014923
0.0092599
-0.0014609
-0.0018442
-0.0039273
0.0073285
-0.0073843
0.0095893
0.0085635
0.0030067
-0.0002893
-0.0068173
-0.0064108
0.0066383
-0.0082287
-0.0036471
-0.0053996
0.0098214
0.0085109
-0.008991
0.0075258
0.0050429
-0.0036533
-0.0079883
0.0079534
-0.0038667
0.0049197
0.0071913
0.0039701
0.0031164
0.0053161
-0.0092032
0.0091217
0.0020124
-0.0028572
0.0037845
-0.002652
0.0081551
0.0032665
-0.0020038
0.0012693
-0.0033634
0.0062395
0.0098935
0.0065584
0.0016745
0.0043911
-0.0058667
-0.0007927
-0.0093583
0.0048348
0.0060767
-0.0085444
0.0003286
-0.0064516
-0.0093016
-0.0077577
-0.0019911
-0.0008811
0.0025992
-0.0090951
