-0.0054928
0.0002184
0.0069952
-0.0057008
-0.0065478
0.0011689
-0.0079244
-0.0064518
0.008259
-0.0009415
-0.0017793
0.0018147
-0.0013112
0.0047713
0.0025394
-0.0043369
0.0029939
-0.0078122
0.0004845
-0.0062708
0.009343
0.0040306
-0.0058528
0.0084902
0.0018133
-0.0035009
0.0041083
-0.0081091
0.0092286
9.09e-5
0.0084728
-0.0001504
-0.0024143
-0.0052548
-0.0061509
-0.0075892
0.0030394
-0.0010838
0.0018205
0.0050431
0.0062941
0.0062181
-0.0060583
-0.0018864
0.0053079
-0.0096358
0.0082054
-0.0035929
-0.0034923
-0.005594
-0.0099031
0.0074911
-0.0085784
0.0019726
0.0022277
-0.0041996
0.0057908
-0.0091967
0.0004983
-0.0048954
-0.0090075
-0.0073024
0.0097128
-0.0071581
-0.0098128
0.0097991
-0.0078823
0.0075989
-0.0037746
0.0055792
-0.0015657
-0.0047042
-0.0054876
0.0070899
0.0008698
0.0039894
0.0012495
0.005377
-0.0072174
0.0079609
-0.0019974
0.0076777
-0.0058776
0.0030088
0.007042
0.0058294
0.0060814
0.0040301
-0.0088888
0.0071371
-0.0010486
-0.0042808
0.0056616
-0.0054753
-0.0010531
4.51e-5
0.0073301
-0.0098934
-0.0084137
0.0084007
0.0021545
-0.0059597
0.0049484
-0.0056805
-0.0035244
-0.0040511
-0.0068418
0.0095597
-0.0029596
-0.0044144
-0.0081154
0.0043925
0.0059163
-0.0032492
-0.0029843
0.0050139
-0.0071294
0.0032194
0.0051113
-0.0047127
-0.0066497
0.0007922
0.0076478
0.0038207
-0.0036997
-0.0038419
-0.0088017
-0.0060201
0.0013877
-0.0040192
-0.002882
0.0023212
0.0061348
0.0016269
-0.0037525
-0.0047728
-0.0063607
0.0033726
0.007894
0.0006654
-0.0002076
0.0048105
-0.0069082
-0.0085827
-0.0056318
0.0064185
-0.0044984
-0.003573
0.0001224
0.0048691
0.0099138
0.0031458
-0.0039702
0.0002313
-0.0083298
0.0041699
0.00691
0.0059226
0.0008035
0.0092622
-0.0038295
0.0098105
-0.0078247
0.0047805
-0.0012704
0.004529
0.0087974
0.0021565
0.0012924
0.0094368
0.0066895
0.0058499
0.0002634
0.0082057
-0.0055457
-0.0042091
-0.0015656
-0.0020966
-0.0036938
-0.0059495
-0.0029537
-0.0061222
-0.0065648
0.0026958
-0.0059442
0.0068216
-0.0096041
-0.0077505
0.0030951
-0.0081263
-0.0066905
-0.0014085
0.006865
0.001414
-0.0095465
0.0092195
-0.0077324
0.0034201
-0.0048496
0.0004596
0.0009823
-0.002198
-0.009817
-0.0018657
0.0073978
-0.0058866
-0.0097253
0.0071281
0.0086133
-0.0002821
-0.0088873
0.0075553
0.0058314
2.05e-5
-0.0048566
0.0004949
-0.0090699
-0.0077278
0.0078365
0.0073261
0.0099252
0.0045684
0.0096884
-0.003667
0.0065867
-0.0051549
-0.0080745
-0.0047357
0.000257
-0.0016227
0.0015171
0.0020208
0.0075206
0.0053893
-0.0004732
-0.0099767
-0.0030737
-0.0089796
-0.0026535
0.0094496
-0.0043057
0.0009033
-0.0005433
0.0059703
0.0026162
0.0073551
0.0047708
-0.0086798
0.0017307
0.0093407
-0.0045528
-0.0070241
0.0063399
-0.0004206
0.0085003
0.0052132
-0.0004702
0.0046088
-0.0030335
0.0033194
-0.0009854
0.0096932
-0.0027009
0.0058254
-0.0008473
0.0088535
-0.0017808
-0.0045339
-0.0060686
-0.0010032
0.0016572
0.007394
-0.009199
-0.0017721
-0.0032709
0.005292
0.0072662
0.0068071
-0.0079413
0.007019
0.0030882
0.0081196
0.0046968
0.0039846
0.0036989
-0.0051931
0.0099774
-0.0014351
0.0086916
-0.0025545
0.0045951
-0.0068474
-0.0048533
0.0002518
0.0077461
-0.0033298
0.0044055
0.0078377
0.0061402
-0.0024903
0.0056791
0.0056128
0.0005994
-0.0018786
-0.0010532
-0.0005088
-0.000685
0.0093579
0.0077041
-0.0046281
-0.0097126
0.0024341
-0.0006787
0.0091695
0.0004579
0.0096324
0.0024887
-0.004331
0.0007336
0.0024539
-0.0097602
-0.0042587
0.0053595
0.0056646
0.0082303
0.0085155
-0.0098243
0.002651
-0.0070938
-0.0089645
0.0051908
-0.00984
0.0067359
0.0093399
-0.0014645
0.0055273
-0.0067605
-0.0019991
-0.0046405
-0.0050488
-0.0041616
0.0046618
-0.0002334
0.004106
0.0054062
0.0017981
0.0035283
-0.0069355
0.0059096
0.0093738
0.0089118
0.0099894
0.0032234
-0.006978
-0.0069608
-0.0044369
-0.0018351
0.008652
0.0039475
-0.0023586
0.0060059
0.0094068
-0.0006973
-0.0032488
0.0028311
-0.0029949
-0.0047059
-0.0028712
-0.0079368
0.0068855
-0.0064926
-0.0005482
-0.007117
-0.0020598
-0.0086641
0.0016046
-0.0005413
-0.0074238
-0.0072445
-0.006465
0.0076973
0.0029726
-0.000509
0.0067956
0.0080368
-0.006693
-0.0066624
0.001405
0.0032751
-0.0079797
-0.0025643
0.0001417
0.0014049
0.0099796
0.0090585
0.0081814
0.004333
-0.0041077
-0.007868
-0.0030428
-0.0019286
-0.0071361
0.0036296
0.002122
0.0078731
-0.0044629
0.0017005
-2.43e-5
-0.0078937
0.0071724
-0.00945
-0.000666
0.0024943
0.0067121
-0.0042587
0.0083802
-0.0055778
-0.0066199
0.0050536
0.0089204
0.0087555
-0.00802
0.0016545
-0.0043215
-0.0090836
0.0078904
0.0006671
-0.0007318
0.007787
-0.0087863
0.0019876
-0.0022391
0.0015517
-0.0012028
0.0038675
-0.0036961
-0.0094703
-0.0051942
0.0080086
0.0059513
0.0010837
-0.0046315
-0.0077918
0.0089928
0.0048034
0.0094466
-0.0075472
0.0075342
-0.008916
-0.0095725
0.0004134
-0.0022593
0.0049566
0.0063617
0.0013885
0.0092576
-0.0007769
0.0037397
-0.0066196
-0.0081911
-0.001268
-0.0099207
0.00278
-0.0009243
-0.0070266
0.002915
0.0045842
-0.003396
0.0090541
-0.0016349
-0.005584
0.0065862
0.0066305
0.0087585
0.0045563
-0.0075084
0.006252
-5.56e-5
-0.001972
0.0085331
-0.0098451
0.0011591
-0.003804
-0.0085555
-0.0073804
0.0087543
0.0033083
-0.0087206
0.0095271
-0.0020065
0.0021422
-0.0068734
-0.0023048
0.0017611
0.0060059
