-0.0044684
-0.007438
0.007215
0.0009094
-0.0034495
0.0056949
0.0059373
-0.0026594
0.0085973
0.0076089
0.0023929
-0.0067701
0.0023834
0.0093083
0.0013034
-0.0024255
0.0049829
-0.0027731
-0.009384
-0.0001341
0.0070355
0.0076425
-0.0009531
-0.001973
0.0009329
0.0075909
0.0015098
0.0063322
-0.0057685
-0.0033884
-0.0035378
-0.0020342
0.0059008
0.0067578
-0.0052869
-0.0085621
-0.0076022
-0.0069074
-0.0051359
0.003203
-0.0087407
0.0051256
-0.0062769
0.0095031
-0.0063604
-0.0024602
0.0060493
0.0041798
-0.0062494
-0.0030621
0.0059148
0.0021321
-0.0072844
-0.0077869
-0.0091577
0.0039862
0.0004141
-0.0096991
-0.0006066
-0.0057761
-0.0079194
-0.0014001
-0.0019888
-0.0031175
-0.0019162
0.0021474
0.0063122
-0.008797
0.0083842
0.0091389
-0.0076765
0.0093223
0.0094059
0.0083124
0.0071312
-0.0001044
0.0045316
0.0098145
-0.0028634
-0.0074515
0.0020026
0.002694
-0.0085195
0.0016767
-0.0067375
0.0019005
-0.0041124
0.0051109
-0.0076267
-0.0068349
0.0077932
0.0008787
0.0011631
-0.0065131
-0.0064066
-0.0086989
-0.0082484
-0.0079368
-0.0085033
0.0039648
-0.0010369
-0.0055597
0.005099
0.0068476
-0.0011177
-0.006229
-0.0015571
0.0016604
0.0018416
-0.0023393
0.0032847
-0.0096958
0.001425
0.0065938
-0.0089082
-0.0027107
-0.0034586
-0.0010088
-0.005717
0.007714
0.0032909
0.0027928
0.0053425
-0.0004023
-9.48e-5
0.009383
0.0078205
-0.0054072
0.0037575
-0.0006396
0.0090745
-0.0017098
0.002133
-0.0008981
7.2e-5
-0.0034933
0.0004134
0.0038999
-0.0076587
0.0089303
0.0020538
0.0030179
0.0062899
-0.0076921
-0.0092657
0.0095442
-0.0007288
-0.0012425
-0.0063981
-0.0099541
-0.0076679
-0.0035285
0.0088837
-0.0008621
-0.0054863
0.0019818
0.0015247
-0.0007531
0.008513
0.0013499
0.0033914
-0.0054912
-0.0062983
-0.005948
-0.0022003
0.0022268
-0.0043054
-0.0079666
-0.0024987
0.0061314
-0.0068801
-0.0030283
0.0096499
-0.0030377
0.0091594
0.009273
0.0062503
-0.0099369
0.0035253
0.006751
-0.0090437
-0.0003507
-0.0037937
-0.0050928
-0.0054738
-0.0015184
0.0017928
-0.0015936
-0.0043367
-0.0094266
-0.003822
-0.005774
0.0084547
-0.009483
-0.0091172
-0.0084681
-0.0068602
-0.00449
0.0037625
0.0051811
0.006409
0.003262
-0.008089
-0.0052467
-0.0093845
-0.0054426
-0.0075524
-0.0023314
-0.0095182
-0.0041173
-0.0019395
0.0010018
0.0028427
0.0078829
0.0034683
0.0075174
0.0066342
-0.0046093
0.0060122
-0.0083394
0.0076509
0.0033865
0.0014821
-0.0001318
-0.0030721
-0.0089006
0.006971
0.0057077
-0.0041285
-0.0045207
0.0016175
-0.0003338
-0.0037504
-0.0046643
0.0039009
-0.0063078
0.0048869
-0.0052086
-0.0059991
0.0063257
0.0079989
0.0015146
0.0018914
0.0061119
3.57e-5
0.0049903
-0.0035784
0.0019245
-0.0086252
0.0026964
-0.0023848
-0.008443
0.0017464
-0.0073665
-0.0082367
-0.0097785
-0.0096069
0.0077036
-0.0085248
-0.0007787
0.0019238
0.0057049
-0.0090758
0.0081083
-0.0073372
-0.0003134
-0.0031308
0.0027646
-0.0099402
0.0018031
0.007543
0.0059008
-0.0040685
0.0002272
-0.0051822
0.0070145
0.0049994
0.0082047
0.0086667
-0.0001257
-0.0036557
0.0066803
-0.0028291
0.0056265
0.0083393
-0.001996
-0.0011666
-0.009635
-0.0051085
-0.0053683
0.0022622
0.0056808
0.0006789
0.0035796
0.0089032
0.0058392
0.0074771
-0.0027683
0.0044196
-0.0077774
0.0065435
0.0097408
-0.0006995
-0.00168
0.0099851
-0.0010652
-0.005145
0.0051142
-0.0099047
-0.0091303
0.0084434
0.0079989
0.0065047
-0.0070852
-0.008209
-0.0097975
0.0068494
1.81e-5
-0.0049002
0.0006116
-0.0079547
-0.0008085
0.0088662
-0.006053
-0.0022126
0.0037093
1.59e-5
-0.0046686
0.007649
-0.0029023
-0.0052141
-0.0098802
-0.006345
0.0064921
-0.0013435
-0.0029786
0.0014189
-0.0074883
0.0083803
0.0081775
-0.0036516
-0.0085054
0.0091565
0.0068736
-0.0051044
-0.0036893
0.0004463
0.0048253
-0.0001219
-0.008446
-0.0050982
-0.0027074
0.0083671
-0.0097136
0.0084339
-0.001598
-0.009325
0.0023961
-0.0031936
0.003947
0.0071881
-0.0063076
0.0080021
-0.0018825
-0.0068167
-0.0053645
-0.0067678
-0.0076393
-0.0051332
-0.0069012
-0.0029917
0.0022266
0.0011102
-0.0020417
0.0068945
0.0045371
0.00202
-0.0085923
0.006336
-0.0086434
-0.0068741
0.0060049
0.0065415
0.0088167
0.0017009
0.0053074
-0.0018222
0.0006489
-0.0012136
-0.0049229
0.0080228
-0.001855
-0.0094374
0.0027544
0.0047809
-0.0025182
-0.0021031
-0.0057005
0.000153
0.0051715
-0.0035991
0.0005437
0.00368
0.0097841
-0.0027062
-0.000577
-0.0014396
0.0098533
0.0054969
0.006294
0.0069466
0.0001625
0.0062206
0.0043939
0.0010674
-0.0004673
0.0057146
-0.0038163
0.0037464
-0.0028111
0.005536
0.0067688
-0.0001728
0.001845
0.004244
-1.14e-5
-0.0089654
-0.0029771
0.0092024
-0.0052219
-0.002175
0.0004982
-0.0091789
-0.0043453
-0.0095341
-0.000822
0.0083711
-0.0081829
-0.0096289
-0.0085098
0.0093833
0.003475
-0.0078355
0.001618
-0.0063213
0.0087125
0.0098271
0.0080259
0.0064009
-0.0025563
-0.0036191
-0.0018701
0.0016841
0.0068838
0.0051483
0.0075512
0.0075313
0.005267
-0.0048548
-0.0070291
0.0049596
0.0079207
-0.0016839
0.0015675
0.0039834
0.0080254
0.0074611
0.0011463
0.0072432
-0.0048459
0.0041567
-0.0014036
0.0050399
-0.0079511
-0.0089003
-0.0075733
-0.0047669
-0.0013066
-0.0061539
0.0094292
-0.0023666
0.0061408
0.0006163
-0.0066644
-0.0009333
0.0083622
-0.0052024
-0.009794
-0.0049384
0.0057105
-0.0064734
0.0080094
-0.0028049
0.0026583
-0.0030981
