-0.0085866
0.0064165
0.0010296
-0.0089091
0.0049158
-0.0028627
0.0063985
0.0058275
-0.0045223
0.0099507
-0.0020194
0.0088831
-0.0003549
0.0012842
0.0039749
-0.0053392
0.0069078
-0.0067856
-0.0079468
0.0092629
0.0047059
0.0099984
0.0013158
0.0018208
0.0060966
0.0081187
0.0096739
-0.0012872
-0.0074669
0.0034105
0.0094939
0.0088161
-0.0099125
-0.0073745
-0.0066365
-0.005085
-0.0005165
0.0060546
0.0043195
-0.0021267
0.0018842
-0.0052015
-0.0089888
0.0038424
0.0066268
-0.0061398
-0.0062512
-0.0084345
0.0016044
0.0079724
-0.0012195
0.0021031
-0.0037043
0.0026501
0.004159
0.009736
-0.0075557
-0.0087013
0.0031352
-0.0019341
0.0073584
0.0089418
-0.0006306
0.0016256
0.0079723
-0.0088329
0.0071467
0.0063897
-0.0043928
-0.0020181
-0.0080057
-0.0001692
0.0075486
-0.0026742
-0.0070227
-0.0057778
-0.0026074
0.0028893
0.0008915
-0.0053651
-0.0021345
-0.0088565
0.0061548
0.0073999
0.0006692
0.0081164
0.0028214
0.0095205
0.0056883
-0.0096717
0.0012757
0.0005042
0.0080482
0.0073244
-0.0051366
0.0047999
0.0001865
0.0021363
-0.0012572
0.0058716
-0.0078167
-0.0015242
-0.0056816
0.0037856
-0.0008615
0.0025759
-5.14e-5
0.0019587
0.0074991
0.0075203
0.0080118
0.0029725
-0.0078622
0.0075661
0.0074441
-0.0056794
-0.0022089
-0.0070821
0.0006251
-0.000656
-0.0098363
-0.0092057
-0.0020388
0.0008459
-0.0008366
-0.0070109
0.0034944
-0.0002419
-0.0099198
-0.0076747
0.0023977
-7.79e-5
-0.0031688
-0.0071046
-0.0079527
0.0064223
0.0027953
0.0029855
0.0009835
-0.0056161
0.0041447
-0.00829
0.0059196
-0.0062348
0.0088632
-0.0063886
-0.0002144
0.0034202
-0.0045534
-0.0009976
0.0080082
0.0044347
0.0091461
0.0074152
0.0068423
-4.07e-5
0.0066092
-0.0073043
0.0050694
0.0099485
-0.007734
0.0089705
-0.0033475
0.0025075
-0.0060412
0.0057644
-0.0034902
0.0009357
-0.0062311
-0.0015921
-0.0063206
0.0040986
-0.0057546
0.0094483
0.0095062
0.0040856
0.0015725
0.004076
0.005538
-0.0036277
-0.0051908
0.0078725
-0.0031876
0.0031326
-0.0073107
0.0049
-0.0001375
-0.0002895
-0.0061406
-0.0076743
0.0083333
-0.0043311
-0.0018564
-0.0002443
0.0072427
-0.0084019
-0.0020761
-0.0016841
0.0035192
0.0051762
-0.0050815
0.0069697
0.0082581
0.0043472
0.0088297
0.0089731
0.0032905
0.0018483
-0.0001888
0.0015011
-0.0060745
-0.0049274
0.0059343
-0.0028366
0.0032267
0.0079035
-0.004348
0.0074487
-0.0063
-0.0046278
0.0001048
0.0041756
-0.0010574
0.007049
-0.0043803
0.0074442
0.0048671
0.0008178
0.0097457
-0.0046897
-0.0098408
-0.0023393
0.0032654
0.0023031
-0.0065408
0.0013038
-0.0072663
0.0054087
0.006379
0.0034274
-0.0099336
-0.0005671
0.0047716
-0.0058578
0.0028099
0.0042711
0.004807
0.0011712
0.0045371
-0.0068122
0.0090971
0.0089195
0.0036792
0.0057551
-0.0033973
0.0032831
0.0089726
0.0040508
0.0058685
0.0059095
0.0085828
0.0024538
0.0029877
0.0097592
0.0070785
-0.0097199
0.0033197
-0.00015
0.0028649
0.0076966
-0.0033259
0.0075756
0.0016897
-0.0039048
-0.0093215
0.0005325
-0.0069739
0.0084821
-0.0073446
-0.0092217
-0.0093209
-0.0015888
-0.0023321
0.0010465
-0.0006438
-0.0017977
0.0043805
0.0017251
-0.0041511
0.0005682
0.0096021
0.0055522
0.0051556
-0.0048259
0.0032678
0.002424
0.0041878
0.0056312
-0.0038422
-0.0033987
0.0097216
-0.0089445
-0.0073202
0.0008461
0.0054738
0.0092449
-0.0092296
0.0071394
-0.0023925
0.0074182
-0.000574
-0.0046222
-0.0002614
0.0057726
0.0045835
0.0061082
0.0049089
-0.0083582
0.0067183
-0.0074045
0.0067911
-0.0092158
0.0086612
-0.0023679
-0.0089624
-0.0076851
0.0024764
-0.0073565
-0.0064422
0.0061921
-0.0026315
-0.0002901
-0.0045139
-0.006365
0.0062277
-0.0051548
-0.002245
0.0099288
0.0079144
-0.0061332
0.0025846
0.0077876
0.0074963
0.0010837
-0.0032679
-0.0064543
-0.0021172
0.0097589
-0.000378
0.0072692
-1.0e-5
0.0083406
-0.0093506
-0.0061577
-0.0036198
-0.0015771
4.4e-6
-0.0060545
-0.0078838
0.0060643
-0.0072592
-0.0059212
0.0095227
0.0039017
0.0039638
0.0045034
0.0039001
-0.0005942
-0.0048969
-0.003618
-0.0039356
-0.0061908
0.0050729
-0.0024698
-0.0027952
-0.0042727
0.0081225
0.0070536
-0.0001675
-0.0055093
0.0071784
-0.0006644
-0.0051482
-0.0048063
0.0005713
-0.001483
-0.0068735
0.000576
-0.0085393
0.0092944
-0.0093417
0.0065426
-0.0049249
0.0040074
0.0091324
-0.0013703
0.0030693
-0.0059759
-0.0034166
0.0066573
-0.0034858
-0.0001843
0.0086111
-0.0090564
-0.0039065
0.0078692
0.0093405
0.0068469
0.0065237
0.0088592
0.0069296
-0.0047446
0.0065349
-0.0066902
-0.0051209
-0.0061995
0.0041005
0.0089043
-0.0005067
0.0018436
-0.0044007
-0.0074124
-0.0083843
-0.0065548
0.0051671
-0.0031148
0.0003497
0.0011944
-0.0051383
0.0036542
-0.0010025
-0.0024899
0.0044558
0.0007012
-0.0087053
-0.0023553
-0.0097768
-0.0062357
0.0090906
-0.0037747
-0.0051607
0.0035127
-0.0077385
0.0053468
-0.0021132
0.0061987
-0.0086363
-0.0055997
-0.0047683
-0.0041958
-0.0071241
-0.0064703
0.0061892
0.0060315
0.0007738
-0.0032171
-0.0003259
-0.0045431
-0.0028975
0.0068952
-0.0070939
0.009226
-0.0076918
0.00049
-0.0099665
0.0071401
-0.0049199
0.0008362
-0.0066882
0.000931
-0.0085968
-0.0067356
-0.0079905
0.0056754
-0.004756
0.0059473
0.0024144
-0.0022734
0.00447
0.0017106
0.0079375
-0.0018799
0.0003783
0.0076153
-0.0081897
-0.0009023
-0.0090526
0.0003708
0.0046207
-0.0071481
0.0020856
0.0048198
-0.0028714
-0.0013826
0.0095498
