0.0054556
-0.0014359
-0.0029924
-0.0048938
-0.0048453
0.0039302
0.0028103
0.0022177
0.0016926
0.0084951
-0.0089773
0.0057131
-0.0018373
0.0033031
-0.0043822
0.0022327
0.0057347
0.0038488
-0.0079755
-0.0052525
0.0070471
0.0047121
0.0066048
-0.0064378
0.0034986
0.0067184
0.0033603
-0.0056783
0.0070312
0.0034116
0.0031768
0.0044533
-0.0031947
-0.0060096
0.0070791
-0.005035
0.0009934
-0.0023194
0.0076052
-0.0097033
0.0046736
-0.0048972
0.0005344
0.0019652
0.0038577
0.0076171
0.0029811
-0.0048053
0.0001485
0.0038487
0.0072512
0.0056191
-0.0074835
0.0081984
-0.0028098
0.0089453
-0.005383
-0.003647
0.0004899
-0.0095181
0.0044916
0.0061943
0.008707
-0.0084826
-0.0098665
0.0022187
0.0093428
-0.0099503
0.0066667
-0.0084067
-0.001624
-0.0085983
0.0065001
-0.0047247
-0.0018949
0.0071408
-0.0079547
0.0033973
0.0042961
-0.00344
-0.0033397
-0.0031539
0.0007975
0.0024093
-0.0060153
0.0016099
-0.0080075
-0.0090157
0.0009121
0.00497
-0.0028507
-0.0046123
-0.0072613
-0.008087
0.0038708
-0.0015084
0.0077955
-0.0011167
-0.0085059
-0.0080529
0.0098774
0.0062376
-0.0070809
-0.0003837
-0.0098208
-0.0011387
-0.0068083
0.0024174
0.0091176
-0.0004109
-0.0060114
-0.0046284
0.0056573
-0.0001473
-0.0070081
-0.0065033
0.0089166
0.0039484
0.0022117
-0.0044519
-0.0011635
-0.0062406
-0.0015403
-0.0044199
0.0051748
0.0063142
-0.0050247
-0.007408
0.0037824
-0.0062511
0.0085316
-0.0050838
0.0040015
-0.0019401
-0.0091734
0.0066026
0.0039105
-0.002721
0.0066778
0.0075244
0.008781
0.0010411
0.0044488
-0.004025
0.0070801
-0.0093118
-0.0038278
0.0028299
-0.0044711
0.0022753
0.0053155
-0.0024842
0.003895
-0.0025316
0.0098461
0.0043415
0.0069368
-0.0057609
0.0099293
0.0061729
0.0076244
-0.0013101
0.0035274
0.0091854
0.006309
0.0060731
0.0041146
-0.0011524
-0.0055112
0.0004477
-0.0047044
-0.0029084
0.001375
-0.0052685
-0.0053549
-0.0071529
-0.0058252
0.0053756
-0.0060449
0.0060107
0.0071171
-0.0071872
-0.0037373
0.0062944
0.0015226
-0.0088024
0.0090941
0.0005708
-0.0085464
-0.0097558
0.0094228
0.0055592
-0.0048895
-0.0052472
0.0084611
-0.008406
-0.0013492
-0.0074769
-0.0088709
-0.0078494
0.0009443
0.0014528
0.0092046
0.0083838
0.0024439
0.0076415
-0.0073906
0.0047208
0.0035615
0.006381
0.0061154
-0.0055938
-0.0005325
0.009101
-0.0035084
0.0068583
-0.0087221
-0.0028485
-0.0062003
-0.0050743
0.0048157
-0.0057066
-0.0026255
0.0059021
0.0062194
-0.0008576
0.0050268
-0.0012982
-0.0058448
-0.0036934
0.0042391
-0.007985
0.0018506
0.0006955
0.0086729
-0.0097094
0.0093173
0.0027508
0.0078361
0.0090701
-0.0049619
0.005262
0.0059725
0.0046102
-0.0090492
-0.0067274
0.0064322
0.005987
-0.005388
-0.0043193
0.0061677
-0.0048731
0.0078736
-0.0050191
-0.0069824
-0.0044723
0.0044153
0.0084116
0.0022935
0.0007355
-0.004507
-0.0041129
-0.004117
-0.0029589
-0.005396
-0.0073153
-0.0012954
-0.0068082
0.0096318
-0.0062323
-0.002207
-0.0022844
-0.0022882
-0.0017984
-0.0043012
0.0042697
0.0012847
-0.0070812
-0.0038992
-0.0020006
0.0071923
0.0027222
-0.0018404
-0.0048014
0.0097262
0.0062133
0.0009708
0.0062342
-0.0052611
-0.0002426
-0.0075634
-0.0033884
-0.0018855
0.0024212
0.0048167
-0.0057532
0.0007982
-0.0008093
0.0090524
0.0094541
-0.0056354
-0.0058847
0.0007299
0.0067507
-0.0096224
0.0037002
-0.007551
0.0069166
0.0059237
-0.0026196
0.0055065
-0.0067441
0.0093795
-0.0036142
-0.0050712
-0.000221
-0.0053672
0.0052817
-0.0029093
0.0028871
0.0053114
-0.0094821
-0.0061746
-0.0083961
-0.0077863
-0.0017369
-0.0071082
-0.003922
-0.0034337
-0.004375
0.0034851
0.0088833
-0.0028228
0.0017308
-0.0064836
0.0045572
-0.0063755
0.0050013
0.0087297
0.0090691
-0.0086351
-0.0037125
0.0001447
-0.0005826
0.0002195
-0.0006048
-0.0005436
0.0044711
0.0029074
-0.0086719
0.0080101
-0.0008955
-0.0093884
-0.0062473
-0.0066545
-0.002301
-0.0020522
0.0040396
-0.0032094
-0.0070039
-0.0083242
0.0092094
0.0002173
-0.0029356
0.0086105
-0.0094524
0.0056367
-0.0032853
0.0042769
0.0073885
-0.0015057
-0.0040189
-0.0092257
-0.0018309
0.0053554
0.006461
0.0044258
0.0014243
-0.0035658
-0.0028653
0.004984
-0.0050023
-0.0049209
0.002901
0.0082246
-0.0028762
-0.0053703
-0.0054199
-0.0075514
-0.003836
0.0047343
0.0051804
-0.0007255
0.0026297
-0.0042929
-0.0024288
0.007099
-0.0085869
0.001242
-0.0079927
0.000624
0.0039855
-0.0057135
-0.0074047
-0.0096985
-0.008848
0.0039168
0.0010154
0.0040545
0.0075215
0.0040749
-0.0011484
0.0066823
-7.6e-6
0.0097784
-0.0052871
3.45e-5
0.0001866
-0.007041
0.0030472
0.0048521
0.0040029
-0.0042788
-0.0093812
-0.0032673
0.0093071
0.001612
0.0008695
0.0041978
0.0073832
0.0063437
0.0005737
-0.0053225
0.0091934
0.0037372
-0.0051571
-0.0030069
0.0006758
0.005671
-0.0089398
0.0011435
-0.0032288
-0.0098817
-0.0049084
-0.0088163
0.0077997
0.0012316
0.0009337
0.0002278
-0.0016642
0.0079566
-0.0044555
-0.0066389
-0.0036464
-0.0026825
0.0027512
-0.0092947
-0.0066131
0.0061987
-0.0093439
-0.0010313
-0.0074319
-0.0046968
-0.0021709
0.008444
-0.007805
-0.0055301
0.0098148
-0.0013379
-0.0073428
0.0082006
0.0048627
0.0024405
-0.0068913
-0.0043841
-0.0010845
-0.0083352
-0.0026164
-0.00741
-0.0071565
0.0008272
-0.0044043
-0.0089129
-0.0005628
-0.0022395
0.0014767
-0.0009843
0.0096202
-0.0022262
-0.0012868
0.0058733
0.0071532
0.007075
0.0065152
0.0040489
