-0.0059547
0.00795
-0.0042863
0.0066856
-0.00214
0.0035325
-0.0042308
0.005901
0.0009703
0.0074072
0.0042755
0.005
0.001088
0.0055485
0.0064924
-0.0095433
-0.0094954
-0.0016598
-0.0083437
0.004843
-0.0041181
0.0097787
-0.0044672
0.0012273
0.0071139
0.0072443
-0.0016208
0.0072095
0.000228
0.00634
0.0033982
0.0054879
0.0014042
-0.0064015
-0.0042861
0.0039395
0.001756
0.0055102
0.0063068
0.0067934
-0.0005872
-0.0023292
0.0003504
-0.002816
-0.0041517
-0.0045388
0.0082589
0.0097305
0.0058538
-0.0063032
0.0044241
-0.0064386
-0.0032194
0.0040471
-0.0061302
0.0042752
0.006388
0.0023796
0.0062588
0.0067119
0.0017578
-0.0036195
-0.0075836
0.0077366
0.0008842
0.0078323
0.009866
0.0038085
0.0046436
0.0039852
0.0045601
-0.0005482
-0.0030253
-0.002664
0.0016783
-0.0039752
-0.002853
-0.0094115
-0.005744
-0.0033434
-0.0062209
0.0065951
0.0003556
0.0019037
0.0080729
-0.0039898
0.0041408
-0.0087531
-0.0027421
-0.0083695
-0.0079878
-0.0010944
0.0070382
0.0054725
0.0095733
-0.0081376
0.0066181
0.0076967
0.0042559
-0.0083579
-0.0060207
0.0099866
0.0064395
-0.0001331
-0.0049995
-0.0067417
0.0087844
-0.0050654
-0.0016071
0.0065687
-0.0015457
0.0080866
0.0092746
0.0077045
-0.00598
0.0033654
0.0053792
0.000291
-0.003951
0.0009729
-0.0010875
0.0085141
0.0090175
0.0016075
0.0036312
-0.0027845
-0.0069959
0.0033527
0.0089782
-0.0036061
-0.0071165
0.0086587
-0.0042749
0.0082347
0.0039849
-0.0045777
0.0047094
0.0074231
-0.0025744
-0.0025211
0.0044443
0.0004101
-0.0061969
0.0066384
-0.0047977
0.0016785
0.001155
-0.0053147
-0.0015159
0.0057518
-0.0064735
0.0014332
0.0098574
-0.0099651
0.0026761
0.0081001
0.0050881
-0.0086418
0.008319
-0.0056828
0.0060082
0.0075815
-0.00184
-0.0006734
0.0099958
0.0090276
-0.004843
0.0089223
-0.0098263
0.0070462
-0.0086288
0.0020067
0.0010429
-0.0013564
-0.007359
-0.0021115
-0.0006324
0.0044278
0.0019014
0.0033067
-0.0071199
0.0071534
0.0005398
0.000496
0.0036023
0.0023052
-0.0029894
0.0013404
-0.005966
-0.0043547
-0.0031093
0.0007568
-0.0007947
0.0002133
-0.0010032
-0.000292
0.0041383
-0.0080729
0.0003285
-0.0090529
-0.0033893
-0.0045148
0.0099666
-0.0099674
0.0028507
0.0050112
-0.00628
-0.0039451
0.0092279
0.0063302
0.0064735
-0.0011859
-0.0074499
0.0067717
0.0051096
0.0048457
-0.0048113
-0.0092136
0.0074247
-0.0008822
0.0027671
0.002223
0.0074727
-0.001315
-0.0016108
0.007327
0.0055814
-0.0041826
-0.0088663
-0.0091231
0.0087897
-0.0055925
-0.0072821
-0.0041556
-0.0039623
-0.0055563
0.0068446
-0.0026773
0.0077561
-0.0068789
0.0082222
0.0020726
-0.0010923
-0.0018025
-0.0010969
0.0049429
0.0066671
-0.0020802
-0.0001313
0.0054823
0.0029415
-0.0048483
0.0088209
0.0039447
-0.0082518
0.0022486
0.0051877
0.0043049
-0.0053182
0.0033178
0.0002073
-0.005128
0.0038288
0.006974
-0.009591
0.0038764
-0.0094091
-0.0017884
0.0088445
-0.0040606
-0.005797
-0.0037112
-0.0008563
-0.0079685
0.0083453
0.0058178
-0.0028341
-0.0051842
0.0084898
-0.0091781
0.0074662
0.00622
-0.0073174
0.0095504
0.0015157
-0.0064628
0.0016492
0.001174
0.0024783
-0.0032305
0.0070115
0.0007321
0.0086882
0.0045251
-0.0045266
-0.0031271
0.0083674
-0.0023941
-0.0027316
0.0029322
-0.0065624
0.0054965
0.0045473
-0.0075931
-0.0074069
0.0018766
-0.0023489
0.0051821
0.0096287
-0.0031465
-0.005842
-0.0007618
-0.0013008
0.0075589
0.0089323
-0.0095883
-0.0097078
0.0058129
-0.0017731
0.0087402
-0.0028887
-0.0028056
0.0087899
0.0035859
-0.0035604
-0.0007867
0.0006497
0.0026127
-0.0064043
-0.0030518
0.0001767
-0.0059171
0.0019832
0.0017118
0.0075374
-0.0081269
0.0082015
-0.0003904
0.0042219
0.0023669
-0.0017732
0.002827
0.0066137
-0.0011879
-0.0094044
0.0087437
0.002737
-0.0019556
-0.0081163
0.0092343
-0.0044429
0.0081654
-0.0088881
-0.0068656
0.0048712
0.0092664
0.0010719
0.0058713
-0.0089245
-0.0088939
0.0071792
0.0068911
0.0043729
0.0095918
0.0010778
-0.009274
-0.0067697
0.0046172
0.0096649
0.0085428
0.0048145
0.0020918
-0.0027999
0.0051634
0.0018645
-0.0085452
0.00518
0.0049695
-0.0045641
0.0020391
0.0058108
0.0086387
-0.0024263
-0.002878
0.000594
-0.0067857
0.0065681
0.0029788
0.0040773
0.0052194
-0.005104
-0.0057836
0.0014701
0.0091954
-0.0041849
-0.000531
-0.0047719
-0.0069033
-0.008165
-0.0088471
-0.0073278
-0.0002673
-0.0011489
-0.0002995
0.0063719
-9.94e-5
0.0002582
0.0087327
-0.0071033
-0.0028098
-0.0017379
-0.0065759
0.0050419
-7.07e-5
0.0050858
-0.0052466
-0.004127
0.0039564
-0.0079432
-0.0078428
0.0034712
0.009183
-0.0016462
-0.007134
0.0075214
-0.0003267
-0.0071001
-0.000764
-0.0041795
-0.0056763
-0.0013885
0.0028894
-0.0073803
-0.0073857
0.0097229
0.0027802
0.0050684
-0.0068989
0.0096503
0.0095588
0.005323
0.0068167
-0.0091974
0.0011024
0.002377
0.0056618
-0.004098
0.0057917
0.002796
-0.0015679
-0.0012313
0.0085932
-0.0061619
-0.0019254
-0.0011621
0.004507
-0.0072084
-0.0022356
0.0080015
-0.006719
-0.0052374
0.0027663
-0.0078521
3.26e-5
-0.00058
0.0076353
-0.0044742
-0.0009525
0.0026828
0.0049959
0.0068728
0.0064706
-0.0054228
0.0043705
0.0051533
0.0010475
-0.0051716
-0.001911
-0.0096932
0.0094388
-0.004434
0.0077687
-0.0059581
-0.0048241
0.008563
0.0080273
0.0065985
-0.0017271
0.0081127
-0.003674
0.0010238
-0.0071676
0.0096779
-0.0076299
-0.0028689
