-0.007407
0.0077631
0.0081927
-0.0033307
0.002453
-2.41e-5
-0.0068097
-0.0070935
-0.0023251
0.004082
-0.0036562
0.0023617
0.0032388
-0.0034818
0.0008908
-0.000385
0.0004626
-0.000968
-0.0055075
-0.0051308
-0.0088335
-0.0048464
0.003863
-0.0017202
0.002784
0.0066069
0.006863
0.0043822
-0.0032085
0.0063301
0.0025553
-0.0048891
0.0075373
0.0048951
0.0020396
0.0044812
0.0010451
-0.005112
-0.0020309
0.0067385
-0.0043327
0.0026189
-0.0002334
0.0011801
-0.0090279
0.0073375
0.0087891
0.0082988
0.0070226
0.0066435
0.0092998
-0.0088009
0.0095382
-0.0003922
-0.0098946
0.0065089
-0.0086576
0.0074695
-0.0094176
-0.0068252
0.0098986
0.0081191
0.0051093
0.0073903
-0.003803
0.0003556
0.0075814
-0.0080361
0.0095662
0.0021344
0.0073278
0.0032601
0.0096044
0.0008377
0.0029515
0.0088213
0.0003989
0.0020255
0.0095737
0.0019
0.007645
0.0014575
0.0083364
0.0009595
-0.0028418
-0.0052014
-0.0050165
-0.0021353
-0.0015144
-0.0097225
-0.0012124
0.0078044
0.0047499
0.0052144
-0.0040547
-0.0016374
0.0094048
0.0042195
-0.0090068
0.0031285
0.0032804
-0.0058738
-0.006717
0.0081167
0.0050787
-0.0060179
0.0055345
-0.003493
-0.0081696
-0.0009513
-0.0005679
0.0095751
0.0064438
-5.98e-5
-0.0013178
-0.009791
-0.002318
-0.0020518
0.007047
0.0076153
0.0022942
-0.0012031
0.0043092
0.0078419
0.005712
0.003561
-0.0074977
-0.0065503
-0.0015437
0.0063754
0.0012351
-0.0054195
0.0083845
-0.0037983
0.0080514
-0.0060778
-0.0054429
0.0041073
0.0060751
-0.0037106
-0.0036737
0.0080131
-0.000932
-0.0049309
0.0045069
-0.0097831
-0.0092705
-0.0019871
0.005139
-0.0050177
0.0014164
-0.0045504
-0.0039922
-0.0085596
-0.0027222
0.0025185
-0.0065699
-0.0085448
0.0020042
-0.0019133
-0.0040329
0.0004958
-0.0045187
0.0054109
0.0074958
-0.0034681
-0.007005
0.0048062
-0.0059361
-0.0074791
0.0072039
0.0025812
-0.0013988
0.0052361
0.0047446
0.0085981
-0.0028796
-0.0075637
-0.0047615
-0.0057468
-0.0075505
-0.0024282
-0.0051704
-0.0045236
0.0092148
0.0073979
0.0090304
0.0047391
0.0037618
0.0064431
-0.0065113
-0.007857
-0.0018582
0.0023747
-0.0023057
0.0046469
-0.0096443
0.0045401
0.000296
0.001216
0.0072102
0.0049684
-0.0010092
-0.0098208
0.009458
0.0037055
0.0086449
-0.0021945
-0.0004517
0.0058461
-0.0077007
-0.004235
-0.0097595
0.0077933
-0.0064022
0.0088723
-0.0076632
-0.0075495
0.0048837
0.0038045
0.0052792
-0.0027098
-0.0081699
0.0022492
-0.002576
-0.0049173
0.0072357
0.0056968
0.0060085
-0.0005527
0.0028294
-0.003076
-0.0051556
-0.0031426
-0.0054946
0.0059641
-0.0086315
0.009028
0.0067958
0.0069381
-0.0056184
-0.0031229
0.0094277
-0.0033221
0.0004672
-0.0037175
-0.0030709
0.0029186
-0.003773
-0.0098013
-0.0015413
-0.0061934
0.006803
-0.0064279
0.0064665
-0.000347
0.0060772
0.0045854
0.0013885
-0.007493
-0.0065339
0.0087167
-0.0016494
0.0098533
0.009947
0.0026285
0.005978
0.0003122
-0.007079
0.00567
0.0084499
0.0087117
0.0034274
-0.0036882
0.009227
0.0074064
0.0005065
0.001966
0.0073147
-0.0004928
0.0001857
0.0002859
-0.0047386
0.0091598
0.0062101
0.0094117
0.0073263
0.0033072
0.0016984
0.00398
-0.0017392
0.0034786
-0.0075144
3.23e-5
0.0006136
0.005518
-0.0069861
0.0022763
0.0079027
-0.0057188
0.0006411
-6.49e-5
0.0051218
-0.0090361
0.0085198
-0.0066852
-0.0016518
-0.0037124
-0.0041234
0.0053408
-0.0045456
-0.0020599
0.0016018
0.0028446
-0.0079467
-0.0070708
0.001973
-0.004015
-0.0049703
0.0035865
0.0099146
-0.0075474
-0.006067
-0.0053068
0.0027464
-0.0055332
-0.008155
-0.0074813
0.0073497
0.0082627
-0.0047544
-0.0037718
0.0089101
-0.0063489
0.0090918
-0.0042702
0.0031423
-0.0029658
-0.0086476
-0.0054934
0.0084255
-0.0016732
-0.0030238
-0.0019824
-0.0046972
0.0024965
0.0088377
0.0065416
0.0057721
0.0005034
-0.0046328
-0.0083474
-0.0045159
-0.0026984
0.0018257
-0.0097032
0.0067321
-0.0027147
-0.0087154
0.0034776
-0.0067224
0.0034137
-0.0032417
0.0011732
0.0069255
-0.0008112
0.0099562
0.0081931
-0.0048045
-0.0027852
-0.0084778
-0.0083517
-0.0053274
0.0070622
0.0043641
-0.0073591
0.006099
0.0030534
-0.0029635
-0.0058797
0.0074206
0.0032248
0.0005271
-0.003713
-0.0041692
0.0098705
-0.0031246
-0.0098651
-0.0028165
0.004435
-0.0052313
-0.0033945
-0.0046392
0.0090097
0.0014528
0.0092057
0.0038306
-0.0042961
-0.0001895
0.0053796
-0.0056008
0.0034375
-0.008541
0.003543
-0.0092921
-0.0041045
-0.0095694
-0.0085993
0.0051727
0.0061199
0.0035497
-0.0003445
-0.0044394
-0.0064124
0.0078807
0.0031492
0.0082181
0.0047152
0.0066844
0.0060228
-0.0093207
-0.0020521
-0.0017202
-0.0018338
-0.0086884
-0.0093342
-0.0098575
-0.0080902
-0.0024999
0.0034226
0.0014837
0.0090364
-0.0097135
-0.0067421
0.0020269
0.0064994
0.0069051
0.0080335
-0.0090884
-0.008195
0.0063968
-0.0079065
-0.0051117
-0.0044215
-0.0097983
0.0025566
0.0075456
0.0060316
-0.0088953
-0.0065876
0.0074857
0.0033493
-0.0066963
-0.0085904
-0.0089039
0.0094417
0.0065875
-0.0052481
0.0070293
0.0031224
-0.0056544
-0.0059084
0.0019052
-0.0099178
-0.007563
0.0036441
0.0067686
-0.0079045
-0.0006915
-0.0072469
-0.0029172
-0.0049841
-0.0044382
-0.0047115
-0.0093229
-0.0093482
0.0093964
-0.0064354
0.0089874
0.0048898
-0.0036365
-0.0079892
0.0031863
-0.0046807
0.0002701
0.0081903
-0.0079448
0.0081255
-0.0063641
-0.0056177
-0.0066088
-0.0076828
-0.001384
0.0092249
0.0053632
