0.003056
0.0025301
0.0017767
-0.0028796
0.0091568
0.005106
0.0038893
0.0060803
-0.0082112
-0.0066179
0.0003529
-0.008862
-0.0074542
-0.0048889
0.00246
0.000869
0.0011119
0.0039406
0.0047131
0.0099389
0.0022253
-0.0074987
-0.0040685
0.0033434
-0.0094898
-0.0053711
-0.006243
0.0054159
0.002311
0.0076924
-0.0090497
-0.0083073
0.0026604
-0.0072337
-0.0019605
0.0025565
-0.0045444
-0.002685
-0.0003362
0.0070465
0.0096278
-0.0079882
-0.0036807
0.0057228
0.0085946
-0.0083885
0.0007067
-0.0056396
0.0010167
0.0062241
0.0050056
0.0051228
-0.0087887
-0.0044464
0.0093837
0.0016184
0.0094039
0.0023499
0.0021808
0.0023302
-0.00929
0.0069401
0.0092363
-0.0029108
0.0029768
0.0078591
0.0070267
-0.0016702
-0.001094
-0.0025161
0.0092119
-0.0075833
-0.0070492
0.0041245
0.006429
-0.0002823
-0.0037692
0.0059765
-0.0093895
-0.0053438
-0.0082584
0.0053021
-0.009642
-0.0080746
0.000376
-0.0062602
-0.008661
-0.0062625
0.0033064
0.0004159
0.0099015
-0.0036738
0.0069141
0.0085362
-0.0012153
-0.0042918
-0.0094442
0.004869
-0.0066674
-0.0003071
0.0062811
-0.0077098
0.0001736
0.0047569
0.0074168
0.0051334
-0.0021614
-0.0059608
0.0073505
0.0018558
-0.0090536
-0.004321
-0.0049783
-0.0037771
-0.0059978
0.0036477
0.0018787
0.0055555
-0.0033236
0.0092638
-0.0052935
0.0013796
0.0065265
-0.0067596
-0.00659
0.0089317
0.0036347
-0.0064232
-0.0044834
0.0065173
-0.0030743
0.0098643
-0.0054524
-0.000212
-0.00277
-0.0075053
0.0008299
0.0012631
-0.00421
0.0028594
-0.0066774
-0.0066167
0.0037827
-0.0025406
-0.0016207
0.0077699
0.0021977
0.0041282
-0.0020975
-0.0043021
-0.0059902
-0.0034716
-0.0097377
0.007748
0.0072388
-0.0021034
0.0013475
-0.0036477
-0.0096487
-0.0032535
-0.0094874
-0.0011248
-0.0095346
-0.0064359
-0.0039929
-0.0052637
-0.0015435
-0.0066785
0.006447
-0.0004585
-0.0048092
0.0051539
0.002056
-5.61e-5
-0.0019291
0.0040298
-0.0028374
-0.0067522
-0.0031541
-0.0097051
-0.0021855
0.0038603
0.0067991
-0.0015595
0.0068255
-0.0014723
-0.0012945
0.0097835
-0.0040142
-0.0069075
0.0022358
-0.0096626
-0.002745
-0.0086863
0.0042538
-0.0016706
-0.004968
-0.003052
0.0023466
0.0052568
0.0075615
0.0048135
0.0021004
-0.0001454
-0.0085301
-0.0097697
0.0056101
-0.0036395
-0.0023593
-0.0015788
-0.0029842
0.0023675
0.0054283
0.003418
0.0026341
0.0083074
-0.0094949
0.0070507
-0.0022284
-0.0001871
0.0072747
-0.0007597
0.0011949
-0.0080147
-0.0098811
0.0044125
0.0041518
-0.0083025
0.0061234
0.0092756
-0.0067752
-0.0090969
-0.0030756
0.0043837
-0.0062111
0.0038017
-0.0022659
-0.0049912
-0.0001869
-0.0021796
-0.0085716
0.0086137
0.0001964
0.0070424
0.0039301
0.0049354
-0.0011997
0.0004805
0.0025513
-0.0061343
0.0044305
-0.0053994
-0.0057939
0.0052205
0.0098501
0.0064537
0.0089577
-0.0002189
-0.0084985
0.0050472
-0.0051117
0.0056335
-0.0069002
-0.0022602
0.0038179
-0.0006664
0.0054099
0.0088584
0.0047215
0.0011817
-0.0094888
-0.0026361
0.0004438
0.0081794
-0.0053161
0.0031803
-0.0034927
-0.0075349
-0.0056787
0.0080801
0.0021522
0.0001197
0.0076002
0.0030469
-0.0082387
0.009177
0.003285
-0.0039541
-0.0075864
-0.0085773
0.0023957
0.0094496
-0.0047193
-0.0008446
-0.0036766
0.0024025
-0.004661
0.0003978
0.0011434
0.0028948
-0.0046347
0.0050851
0.0066657
-0.0040938
-0.0001202
0.0003862
0.0081542
0.0057468
-0.0024129
0.0057546
0.0063195
-4.89e-5
-0.0065484
0.0094254
0.0025234
-0.0095861
-0.0038113
0.0007456
0.0066618
-0.004261
0.0016247
0.0014358
-0.0067031
-0.0099985
-0.0030498
-0.0067277
0.0053403
-0.0052089
-0.00735
0.0065539
-0.0096132
-0.000408
-0.0064889
-0.0075895
0.003458
-0.0022686
-0.000231
-0.0006851
0.0012248
-0.0090645
0.0044319
0.0049867
0.0050566
-0.0091253
-0.0088077
-0.0084233
-0.007213
0.0020151
-0.0060553
0.0044304
-0.0029393
-0.0052541
-0.0090224
-0.0014347
0.0003122
-0.0019555
0.0070002
0.0045823
-0.0042051
0.0062427
0.0038348
0.0026718
-0.0024561
0.0096631
-0.003255
0.0065086
-0.0097172
-0.0070855
-0.009509
-0.0058253
-0.0040933
0.0010166
-0.0096766
0.0043461
-0.0014032
0.0015281
0.0009145
0.0057998
-0.0026584
-0.0084868
0.0037656
-0.0027748
-0.0082812
-0.0063347
-6.2e-6
0.0088495
-0.0015895
0.0090836
-0.0040698
-0.0095391
-0.0065319
0.001846
-0.0024843
0.0063713
-0.0032436
-0.0077399
0.0037226
0.0092382
0.0064334
0.0088229
-0.0077446
-0.008388
0.005006
0.0018113
-0.0012074
-0.0064123
-0.0099465
-0.0064913
0.0024041
-0.0048633
0.0071468
0.0018062
-0.0043908
0.0015054
0.0083262
-0.005211
-0.0044863
-0.0054729
0.0098898
0.0019057
-0.0048425
0.0070893
-0.0012843
0.0013595
0.0050499
-0.0079079
-0.0097018
-0.0057297
-0.0006878
0.006134
-0.0023714
0.0054161
0.0052751
-0.0043219
-0.0008536
0.0092725
-0.0060826
0.0095922
-0.0081755
-0.0084649
-0.0053316
0.0088893
0.0014952
0.0018504
-0.00556
0.0085817
-0.0052198
0.0058497
0.00112
-0.0084546
-0.0087942
0.0056257
-0.0055555
-0.0022359
0.0011571
0.0060618
0.0031482
0.0002563
0.0007608
0.0010181
0.0074592
-0.006251
-0.0055326
-0.0099896
-0.0078237
-0.0027589
-0.0091806
-0.0007609
-0.0094066
0.0091182
-0.0098181
-0.0015717
0.0008101
-0.0091602
0.0097616
0.0045618
-0.0023113
0.0085228
-0.0087865
-0.0035962
0.0034944
0.0063455
0.0090619
0.0064558
0.0026426
-0.0072978
0.0079399
-0.0011139
-0.0012427
-0.0057191
0.0007912
0.0023256
0.0041339
-0.0075165
-0.0079271
