0.0074709
0.0053564
-0.0043801
-0.0046167
-0.0055896
0.0067793
0.0032775
0.0064652
0.00744
0.0075897
0.0060378
0.0017495
-0.004787
0.0029646
-0.0059103
-0.0050237
-0.0041048
0.0047013
-0.0044544
0.0027689
-0.0052114
0.0017991
-0.0028686
0.0048049
0.0055671
0.0043498
-0.0062827
0.0010742
-0.002875
-0.0002795
-0.0048635
-0.0019546
0.0010886
-0.0053631
-0.0011341
-0.0090122
0.0093388
-4.22e-5
0.0005155
0.0021975
-0.0011091
-0.0072168
-0.0094127
-0.0009538
-7.73e-5
-0.0024153
-0.0080129
-0.0069433
0.0016346
-0.0094549
0.0018251
0.0074936
-0.0029965
0.0046853
-0.0056829
0.0012649
-0.0047257
0.0032721
-0.00417
-0.0098484
0.0060108
-0.0085789
0.0075516
0.0061383
0.0023571
-0.0025794
0.0081157
0.0023679
-0.0009035
0.0084215
-0.009595
0.0060636
0.0064402
-0.0071244
0.0048855
0.0046259
-0.0020833
-0.0057911
0.008422
0.0030344
-0.0090694
0.0004451
-0.0070945
-0.0018577
0.0058047
-0.0074376
0.0017415
-0.0064396
-0.0045258
0.0036306
0.0046678
0.0098228
-0.0051865
-0.0094304
0.0098456
-0.0003024
-0.0046462
-0.0073877
0.0038905
0.0003085
0.0080588
0.0046778
-0.0016073
0.0067235
-0.0029584
0.0028971
-0.0069619
-0.0050909
-0.004762
0.0059949
-0.0066769
0.0094107
0.0087332
0.0017948
-0.0098507
0.0004238
0.0020424
-0.0064767
0.0064513
0.0018424
-0.0044942
-0.0005901
0.0065794
0.0073177
-0.0086988
0.0052518
-0.0021149
-0.0055175
0.0092286
0.0032186
0.003052
-0.0092019
0.0099991
-0.0061668
0.0056014
0.0044154
-0.0025148
-0.0076849
-0.0071833
0.0054594
-0.0076643
-0.002528
0.0042126
-0.003869
-0.0059118
0.0021374
0.0016486
-0.0087668
0.0016043
0.0052101
-0.0061339
-0.0064258
-0.0072998
-0.0029645
-0.0063871
0.0066536
-0.0062738
-0.0089484
0.0004419
0.0037387
0.0017005
-5.04e-5
-0.0017503
-5.39e-5
-0.0023111
-0.0031606
0.0059742
-0.0081169
-0.0048487
-0.0086305
0.0040292
0.0091339
-0.0037221
0.000604
0.0055794
0.0043139
-0.0027314
0.0077877
-0.0038023
0.0032061
0.0032382
0.007911
0.0004812
0.0045732
-5.96e-5
0.0034415
0.0039509
-0.0097876
0.0058848
-0.0056141
-0.0055575
-0.0095723
-0.0011228
-0.0042509
0.0046544
-0.0078963
-0.0045633
0.0044084
-0.0099899
0.0040865
0.0021591
0.0091652
-0.0050368
-0.0003413
0.0076473
-0.001401
-0.009842
-0.0097779
-0.0034496
0.0018226
-0.0095144
-0.0083566
0.0040701
-0.005937
-0.0051398
0.0027404
0.0072382
-0.0069006
-0.0062281
0.0098625
-0.0077981
-0.0033983
-0.0035141
-0.0026709
0.0076693
-0.0093821
-0.0041026
0.0083975
-0.0083197
-0.0094432
0.007153
-0.0026196
-0.0055435
-0.0017124
-0.0006885
0.0099779
-0.0092145
-0.001553
-0.0057654
0.0043274
-0.0094692
0.0033149
-0.0084909
-0.0008237
-0.0064321
0.0028773
0.0097806
-0.0003848
0.0009735
0.0078933
0.0066989
0.0025491
-0.0017524
0.0010152
-0.0093401
0.0013595
0.0012794
0.0029974
0.0098658
0.0005107
-0.0052471
0.0066602
-0.0057328
-0.0059554
0.0001786
-0.0019909
-0.0009681
0.0037508
0.0090023
0.0028314
-0.0083766
0.006114
7.31e-5
-0.0007565
-0.0008137
0.004463
-0.0074205
0.0045022
-0.0079235
-0.0099173
-0.0017029
0.0078649
0.0072363
-0.0063939
0.0093574
-0.0050573
0.0007329
-0.0097425
-0.0039622
0.0049204
0.0069566
0.0075728
-0.0059921
-0.0048712
-0.0048381
0.0088389
0.0012185
-0.007501
-0.0070459
0.0026433
0.0060709
-0.0003281
0.0094223
-0.0003127
-0.0078932
-0.0039084
0.0040629
-0.0096318
0.0087865
-0.0012309
-0.0080006
0.0059323
0.0010178
-0.0021852
0.0094895
3.6e-6
-0.0081507
-0.0017644
0.0012724
-0.0094618
-0.0019576
0.0057389
0.0060354
0.0012376
0.0080964
0.0023763
0.0051482
0.0026394
-0.0090175
-0.0001287
0.0072914
0.0074954
-0.0059118
-0.0032084
0.0031696
-0.0024044
0.0093896
0.0050416
0.002816
0.0003854
0.0020755
-0.004312
-0.0055866
-1.98e-5
0.0033144
0.0068887
-0.0083356
0.0025433
-0.0095921
0.0034834
0.0055116
0.009784
0.0050088
-0.006414
0.0089036
-0.002438
-0.0027814
-0.0086942
-0.0069604
0.0017701
0.0076366
0.0029078
0.0049644
-0.0050646
-0.0066154
0.0012998
0.0031215
0.0087573
0.0010603
0.0062541
0.0020437
-0.0073677
0.0060179
-0.0096772
0.0041546
0.0041904
0.0072889
0.0017026
0.0094006
-0.0083902
0.00403
-0.0077817
-0.0092317
0.007294
1.9e-6
1.32e-5
-0.001851
0.0001091
-0.0004311
-0.0077159
-0.0012199
-0.0045956
0.0044974
0.0059594
-0.0015533
0.0037423
0.0099089
-0.0048784
0.0005122
-0.0099526
0.0095754
0.0085726
0.0088584
0.0072599
0.0078944
-0.0093228
-0.006135
0.0062627
-0.0080857
-0.0013985
-0.0018305
-0.0037014
-0.0092425
0.0070615
-0.0015411
0.0051069
-0.0011565
-0.0015196
-0.0048077
-0.0067488
0.0080975
0.0014813
0.0035269
-0.0074053
-0.0048606
-0.0029649
0.0087653
0.0032201
-0.0057121
0.0003954
-0.0078347
-0.0024368
-0.0046182
-0.0087067
0.0014116
0.0099231
-0.0003306
-0.0065245
0.0021278
0.0016755
-0.003842
0.008196
0.0073046
0.0090807
-0.0049817
-0.0054068
0.003271
-0.006788
-0.0044866
-0.0047063
-0.0076107
-0.0018367
0.0089843
-0.004919
-0.0007996
-0.0017705
-0.0037755
0.0072134
-0.0066267
0.0098645
0.0035129
-0.0083637
-0.007554
-0.0098676
0.0030759
-0.0040823
0.0091769
0.0010953
0.0068003
-0.0062249
-0.0061242
-0.005002
-0.0045815
-0.0013849
-0.0081858
0.0075303
-0.0004759
-0.0085763
-0.0079255
0.0074788
0.0001718
-0.007025
-0.0039429
-0.0017482
0.0010779
0.0031427
0.0086948
-0.0029887
0.0022172
0.0016571
-0.0092047
0.0041625
0.0016112
0.0063347
-0.0048667
