-0.0050974
0.001455
0.0097199
0.0007672
0.0034629
0.003878
-0.0086379
-0.0080907
-0.0025119
0.005579
0.0094161
-0.0020088
0.0074791
0.007878
0.000714
-0.0070324
0.0014115
-0.0038041
0.0086867
0.0064692
0.0077965
0.0065048
0.0071105
-0.0052056
-0.0019126
-0.0013856
-3.54e-5
-0.0055485
-0.0088891
-0.004544
0.0099979
-0.0021429
0.0084525
0.0047393
0.0065367
0.0010202
0.0040731
-0.0045324
0.0009158
0.0027297
0.0040745
0.0049578
0.0038642
0.005081
0.0082717
-0.0073872
0.0042937
0.0090883
0.0023219
-0.0068406
-0.008299
-0.0047983
-0.0042777
0.0018206
0.0072887
-0.00507
0.0075492
-0.0060137
0.0010183
-0.0050837
-0.0036834
0.0099157
0.0068261
-4.83e-5
-0.0025778
-0.0030678
-0.0046851
0.0078391
-0.004409
-0.0004567
0.0040542
-0.0037154
0.0034363
0.0079406
0.0057966
-0.002259
-0.0032722
-0.0058022
0.0091113
-0.0042809
-0.0089034
-0.0087573
0.0029014
-0.009814
-0.0058381
-0.0060844
0.0052077
-0.0076151
-8.09e-5
-0.0070177
-0.0033136
-0.008999
-0.0093534
0.0008561
-0.0086798
0.001397
0.0082967
-0.0058819
-0.001403
-0.0036713
0.0082255
-0.0001075
0.0056792
0.0023279
-0.0009551
-0.009111
0.0065614
0.0088542
-0.005337
-0.0065259
0.0015889
-0.0074854
-0.0045328
0.0037385
0.0067786
0.0017389
-0.0055871
0.0007511
0.0048967
0.0077048
-0.0052135
-0.0076224
0.000619
0.0082581
-0.0011327
0.0059315
0.0078582
-0.0042149
0.0032087
-0.0052838
-0.0085802
0.0020828
0.0025499
0.0018321
-0.0004839
-0.0092186
-0.0038332
-0.0005279
0.0084029
0.0027448
0.0033869
-0.0055563
0.0032054
0.0011915
-0.0075192
0.0081496
0.0053555
0.0024603
0.007375
0.0043568
0.0070229
-0.0013498
-0.0087515
-0.0042732
0.0035095
-0.0058815
-0.0053277
0.0003627
-0.0022164
-0.0094433
0.0057491
-0.0043457
0.0011501
0.0003795
0.001136
0.0054862
-0.006133
-0.0082441
0.0018104
-0.0040137
0.0052743
0.0021093
0.0026408
-0.0018862
-0.0024667
-0.0038933
-0.0092905
-0.0046444
-0.0020363
-0.0088389
-0.0044226
-0.0028461
-0.0054413
-0.0070424
0.0050369
-0.0015261
-0.0069529
-0.0011207
-0.0004818
-0.0020758
-0.0077548
-0.0091336
0.0094596
0.0040161
-0.0085928
-0.0047858
0.0010191
0.0049598
0.0018134
0.0054473
0.0088705
-0.0026862
0.0055951
-0.0051481
0.0089916
-0.0078918
-0.0001096
-0.0061823
-0.0038849
0.0029139
0.0076042
0.0021861
0.0094007
0.0055508
-0.009946
-0.0064877
0.0057682
0.0043426
0.005125
0.0036527
0.009736
0.0095688
-0.000163
0.0046556
0.0068638
-0.0021323
-0.0040916
0.0061463
0.0069627
-0.0084226
0.0087751
0.0079027
9.04e-5
-0.0071342
-0.0016406
-0.0033655
-0.0049503
0.0096592
-0.0091063
0.0078764
0.0065579
0.009497
0.007379
-0.0018748
0.000507
0.0022557
0.0055988
-0.0004007
0.0040116
-0.0037488
-0.0068405
-0.0023913
0.0053265
0.0077976
0.0068549
-0.0033157
-0.0059875
-0.001119
0.0090545
0.0067721
-0.0087054
0.0086394
-0.0040287
-0.0098947
-0.0024947
0.0091244
0.0038318
-0.0044325
0.0061151
0.0019843
-0.0086843
-0.0086717
-0.009271
-0.0068048
-0.0076089
0.0016315
-0.0090408
0.00205
-0.0034985
-0.0024905
0.0095843
0.0052058
-0.0016937
0.0033175
-0.0007201
0.005489
0.0056412
-0.0021822
0.0025722
-0.002931
0.0037362
0.0099641
-0.0020008
0.0064478
0.0004689
-0.0011531
0.0073397
-0.0042722
0.003648
-0.0031866
-0.004962
0.0040872
-0.0082368
0.0017696
-0.0046707
-0.0029763
-0.0033048
0.0081422
0.0009194
0.0054471
0.0009213
-0.0019131
0.0026707
-0.0090375
0.0041294
0.0073488
0.005029
0.0029829
-0.0038312
0.0067436
-0.0017993
0.003505
0.0077785
-0.003894
-0.0015545
0.0002135
-0.0006947
-0.0088779
0.008404
-0.0087697
-6.85e-5
0.0032352
-0.0029079
0.0083095
-0.0004034
-0.0040305
-0.0091509
0.0063242
0.0016517
-0.0060741
0.0085075
-0.0002831
0.0021666
-0.0043312
-0.0097864
0.0059711
0.0052846
-0.0026039
0.004413
0.0038798
-0.0063624
0.0092981
-0.0030484
-0.0092609
-0.0029426
0.0016276
-0.007491
-0.0071812
-0.0056797
-0.0052573
-0.0059282
0.0019846
0.0020977
0.003207
0.0070653
0.0026809
0.0033777
-0.0010223
0.0025404
0.0085213
-0.0038383
-0.0010972
0.0061194
-0.0016325
-0.0087333
-0.0041762
-0.0093191
-0.0016395
-0.0036965
0.0095479
0.0084097
0.0095771
0.0021151
0.0099869
-0.0098035
-0.0004069
0.0024875
-0.001875
0.0035567
-0.0038223
0.0007929
-0.0040755
-0.0066006
-0.0050377
-0.0075353
-0.0063905
0.0002351
0.0047727
-0.0068218
0.004501
0.0011675
-0.0080427
-0.0017783
0.0032025
0.0018817
0.0070709
0.0059893
-0.000156
-0.0033906
0.0003461
0.0072191
0.0015971
-0.0021999
0.0094131
-0.0084501
-0.0007148
-0.0009785
-0.0094202
0.0041792
0.0036795
0.0094134
-0.0036322
0.0086922
-0.0061258
-0.0010324
-0.0016796
-0.0091917
0.0023603
0.002116
-0.0040778
0.0022313
0.0077435
0.0003507
-0.0070762
0.0034781
-0.0071622
-0.0020142
-0.005083
-0.0080552
-0.007159
0.0026299
-0.0086756
-0.0016152
0.002556
0.0001511
-0.004759
0.0017175
-0.0087473
0.0059971
0.0060133
-0.0092867
0.008915
-0.0015684
-0.007928
0.0097439
-0.0050929
0.0057432
0.0033894
-0.0036418
0.0081238
0.0086258
0.0039306
-0.0059923
-0.0038665
-0.002719
-0.0031777
-0.0090233
-0.0044304
0.0006275
-0.0034382
-0.0096246
-0.0061913
-0.0035011
0.0089965
-0.0024059
-0.0001646
-0.0055657
0.0076079
0.0082814
-0.0040923
-0.0099717
0.0016973
-0.0037371
-0.0015443
0.0084029
-0.0074016
-0.007962
-0.0067524
0.0069213
0.0072783
0.0091794
0.0050558
-0.0079012
-0.0030579
-0.0012305
