0.0025329
-0.0094933
0.0040903
-0.0083656
0.0084344
-0.0021282
-0.004354
0.0082647
0.0050313
0.0031333
-0.0096112
0.0076378
-0.003101
-0.0039962
0.0049054
0.0027264
0.0041048
-0.0078514
0.0035984
0.0068947
-0.0085455
-0.0015717
-0.0035467
-0.0083257
-0.0037532
-0.0062237
-0.0074904
-0.0069329
0.0031033
0.0077813
-0.0048336
0.0009772
-0.0095888
0.0012165
0.0075937
-0.0038972
0.0081894
0.0046823
-0.0054472
0.0047609
-0.0061144
-0.0049759
-0.0059195
-0.0099742
-0.001847
0.0001505
-0.0043518
0.0039653
-0.0068046
0.004359
0.0093503
0.0033687
-0.0094711
-0.0058834
-0.0081223
0.0021636
0.0012096
0.0013677
0.0016952
-0.0058316
0.0067311
0.0087296
-0.0095387
-0.0016136
0.0026022
-0.0051351
0.0020488
0.0011037
-0.0061464
-0.0031978
0.0041466
-0.0007114
0.0081383
-0.0012754
0.0078579
-0.0055665
-0.002381
-0.0014419
-0.0049051
0.0055786
0.0082515
-0.0054175
-0.0036081
0.0076611
0.0014184
0.0021975
0.0013624
-0.0079121
-0.0021837
-0.0060686
0.0081484
-0.0050685
-0.0030747
0.0009304
-0.0070828
-0.0049994
0.0075646
-0.0099872
-0.0044652
-0.0031378
0.0059453
0.0055029
0.0024239
0.0092102
-0.0094634
-0.0087794
-0.0049684
-0.0018634
0.0040622
-0.0054902
0.0076514
0.0015775
0.0029048
0.0038753
0.0055673
-0.0021623
0.001404
0.0057098
0.006864
-0.0020896
-0.0036991
-0.0048278
-0.0056497
0.0036599
0.0011627
-0.0096942
-0.0035565
0.0049404
0.0052479
-0.0092751
0.0020626
-0.006383
-0.0061461
0.0040079
0.0027907
0.0044759
-0.0014486
0.0005603
0.008309
0.0004405
0.0061721
-0.0053666
-0.0032376
-0.009757
0.0001869
-6.21e-5
-0.0031929
0.0014969
0.0070541
0.0087399
0.0076523
0.0085787
-0.0097627
-0.0002469
0.0094742
0.003617
0.0094625
-0.0019375
0.0096367
-0.0058832
-0.0005215
-0.0087473
-0.0099744
-0.006058
-0.0008362
0.0014976
-0.0037298
0.0045669
-0.0069726
-0.0092434
-0.0039964
0.0025811
0.0014405
-0.0073699
-0.0079354
-0.0084308
0.0030046
-0.0020308
-0.0040261
-0.000217
-0.0029247
-0.0075726
-0.0073846
0.0032834
-0.0056352
-0.0011334
-0.0076356
-0.0033974
0.006178
0.006869
0.0056329
0.0041053
0.003825
-0.0007127
0.0024747
-0.0041886
0.0062198
0.009642
-0.0061326
0.0095127
-0.0046551
0.0003126
-0.0066005
0.0032848
-0.0043238
0.0016344
-0.003273
-0.0021373
0.0083612
-0.0075169
0.0056125
-0.0049667
0.0019684
-0.0048875
0.0030299
0.0098699
0.0095696
-0.0004612
0.0046973
-0.0022936
0.0021802
-0.0049297
0.0033675
0.0063893
0.0060123
0.0039579
-0.0061565
-0.0034099
0.0041868
0.0046699
-0.009501
-0.001011
0.0069246
0.0033501
0.0031052
-0.0038021
0.0029237
-0.0065635
-0.0001736
0.0082674
-0.0025772
-0.0046759
-0.0092845
0.0074013
0.0009356
-0.0044161
-0.0073422
0.0052867
-0.0083548
-0.0020866
0.0003543
0.0075556
1.17e-5
0.0049509
0.0088059
0.0091757
0.0048438
-0.0026503
-0.0010459
0.0008752
-0.0039686
-0.0035011
0.005317
0.0010941
0.0063288
0.0069916
-0.0030739
-0.0090929
-0.003099
-0.0087701
0.0029577
-0.0047608
0.0018852
0.009527
-0.0018348
0.00067
0.0020249
-0.0001999
-0.005223
0.0073888
-0.0068469
0.0001624
-0.0029978
-0.0083332
-0.0040474
-0.0094781
0.0008457
-0.0068164
-0.0096209
-0.0086694
-0.0036187
-0.000965
-0.0038788
0.0018733
-0.0024875
0.0066712
0.0095707
0.0071858
0.0051154
0.0011577
-0.0038366
0.0023019
-0.0098782
0.0041317
0.0022871
0.0060114
-0.0081601
0.002907
-0.0062866
-0.0086214
-0.0071463
-0.0027998
-0.0083222
-0.0090653
-0.0082646
0.0090228
-0.0053279
-0.0079905
3.26e-5
0.0035399
-0.0017072
-0.0034951
0.0017358
-0.0087763
0.0087774
0.0056623
-0.0025185
-0.0059251
-0.0085488
-0.0094171
0.0089835
-0.005864
-0.0097077
0.001893
-0.0043836
-0.0042217
-0.0081894
0.0058058
-0.0038046
0.0088454
-0.0096206
-0.0046552
-0.0042824
-0.0073773
0.0068561
0.0054245
-0.0015467
0.0035109
-0.0004121
-0.0052417
-0.0083884
-0.0062015
-0.0074774
0.005593
0.0054336
-0.0053137
-0.0090131
0.0061141
2.15e-5
0.0046614
0.0080441
-0.0068502
-0.0076763
0.0062948
0.0044603
0.0024974
0.0066134
-0.0030974
-0.0040546
-0.0027752
-0.007119
-0.0071921
-0.0096437
-0.0052426
0.0019538
0.0068902
-0.0024041
0.0092108
-0.0087105
-0.0055026
0.0059899
-0.0044624
0.0084628
-0.0017407
0.004049
-0.0021044
-0.0013715
0.0064777
-0.001683
-0.0097273
-0.005585
-0.0039687
0.0006525
-0.0020109
0.0029182
0.0028989
-0.0096106
0.0021014
0.0039989
-0.0010532
-0.0078538
-0.0060665
-0.0028551
-0.0016921
-0.0027241
-0.0039047
0.0025176
0.0060774
-0.0002197
0.0042502
-8.22e-5
-0.0085108
-0.0081987
-0.0083646
-0.0025469
-0.0042769
-0.0052802
0.0046703
-0.0084758
0.0060205
-0.0004416
0.0054759
-0.0088914
0.0061809
-0.0002774
-0.0023948
0.0042839
-0.0041521
0.0081246
-0.0098274
-0.001554
0.0043157
0.0025144
0.0054162
0.0006684
0.0042375
0.0090009
0.0007873
0.0086649
-0.0040293
0.0081401
0.0021612
-0.0058454
0.0077322
-0.0081744
0.0092645
0.0039122
-0.0091288
-0.0052285
-0.0040216
-0.0018771
-0.0063707
-0.009368
-0.000866
0.0071767
-0.0004602
-0.0035328
-0.0081954
0.0026647
-0.0002507
0.0082739
-0.0058877
-0.00212
-0.008394
-0.002255
-0.0031197
-0.0008901
-0.0036493
0.001019
0.0074956
-0.0025458
9.6e-5
-0.0019235
0.0067238
0.0013786
-0.0067719
0.0066324
-0.0017366
0.0013389
-0.0065082
0.0023526
0.0007073
-0.0029344
0.0059805
-0.0088272
-0.0010732
0.0036008
0.0028228
-0.0082256
-0.0054928
0.0096852
0.0009718
0.0030411
0.0031635
0.0073386
