-0.0095619
0.0024449
0.0002925
-0.0024033
-0.0036064
0.0015315
-0.0070552
0.0078158
0.0094129
-0.0016721
0.0038091
0.0086405
0.0071297
0.0052822
-0.0044692
0.0060527
-0.0006906
-0.0005989
-0.0086736
0.0029616
0.0080101
0.0073335
0.0058916
0.0054508
0.0054737
0.0006463
0.008752
-0.003277
0.0083187
-0.0081342
-0.008992
-0.0077478
-0.0003907
-0.0021726
0.0093471
0.0008425
-0.0006786
0.006906
-0.0044945
-0.0009795
-0.0021375
0.0025657
-0.0005988
0.0040844
-0.0053807
-0.0083226
-0.000287
-0.0088904
-0.0019495
0.0085388
0.002358
0.0010744
-0.0089157
0.0071551
0.0092213
-0.0076981
-0.0065092
0.0086448
-0.002332
0.0035804
-0.0023349
-0.0015712
0.0032727
0.0087508
0.002233
-0.0087447
-0.0027371
0.0058241
-0.0093956
0.0056315
-0.0051929
-0.0087046
-0.0048387
-0.0079794
0.0052139
0.0004398
-0.0078823
0.0058344
-0.0091434
0.0068278
-0.0078064
-0.0037636
0.0037936
-0.003587
0.0062189
0.0031058
-0.0061787
-0.0071356
-0.0084274
0.0052887
0.0002625
0.0087896
0.0057042
-0.002435
0.0067832
0.0075294
-0.0085109
-0.0033299
-0.0020071
-0.0056614
-0.009911
0.0018521
0.0024765
-0.0098832
0.004768
-0.0086598
0.004292
-0.0070731
0.005526
0.0070182
-0.0085837
-0.0026169
0.0077858
-0.0008929
0.0022883
0.0059409
0.0011024
0.0014424
0.0032824
0.0090619
0.0047945
-0.0033247
-0.0081013
-0.0092141
-0.0087178
-0.0099716
-0.0017084
0.0013032
-0.0046239
-0.009325
-0.0021725
-0.0092161
-0.0043537
-0.0070922
0.0026952
-0.0072254
5.72e-5
-0.0069197
0.0016728
0.0060609
-0.0095054
-0.0043936
-0.0094968
0.009181
0.008493
0.0069671
0.0073783
0.0093808
-0.0084933
0.0034757
0.0022216
0.0026953
-0.001141
0.0071898
-0.0045994
-0.0013723
-0.0080706
0.0018006
5.6e-6
0.0044867
-0.0005348
0.0016231
0.0009579
0.0050934
-0.0042882
0.0004165
0.0029958
-0.0024509
0.0079928
0.0033409
-0.0092493
-0.0043391
-0.0037809
0.0091855
0.001457
0.0026848
0.0052972
0.0071255
0.0087529
-0.0035218
-0.0017057
0.0040694
-0.0012911
0.0062376
-0.0010616
0.0010562
0.0039895
-0.0078464
-0.0060571
-0.0032355
0.0099702
-0.0013848
0.0048479
-0.0034503
0.0051415
0.0034228
-0.008601
0.0089208
0.0004884
-0.0070476
-0.0038473
0.0013243
-0.0041071
0.0035308
0.0089908
0.0004832
0.005568
-0.009756
-0.0054113
-0.0035676
-0.0083106
0.0009738
0.0025711
0.0074545
-0.0028337
0.0079594
-0.0047076
-0.0097775
0.00583
0.0087459
0.00127
-0.0006546
-0.0055039
0.0053964
0.0002956
0.0045331
-0.0063422
0.0074114
0.0028088
-0.0001091
0.0097687
0.0027631
0.009208
-0.0008696
-0.0059481
0.0054012
-0.0003503
-2.21e-5
0.0082343
-0.0005507
-0.0084615
0.0099086
-0.0083873
0.0064348
0.0037496
0.0039657
0.0007439
0.0015203
-0.0001155
0.0015916
0.0005434
0.0029014
-0.005052
-0.0040433
-0.006221
0.0094916
0.0065074
0.0039763
0.0099162
0.0049847
0.0059951
0.0065341
0.0009361
0.0040179
0.0082493
0.0090159
-0.009354
0.004286
-0.0083244
0.0064604
-0.0051961
-0.0036069
0.0047357
0.0009445
-0.0094677
0.0031173
-0.0048859
0.001537
0.0050696
-0.0046262
0.003684
0.0022647
-0.0032573
-0.0028223
0.0052441
-0.0038852
-0.0054181
-0.006372
-0.0026943
-0.0013
0.001764
-0.0061574
-0.0001131
0.0055063
0.000843
0.0096348
-0.0029801
-0.0083567
0.0095168
-0.0077203
-0.0025005
0.0082569
-0.0042493
-0.0016757
0.0031355
-0.0044363
-0.0086175
0.0095645
0.0045393
0.0049961
0.0028875
-0.0036678
-0.0029495
0.0045401
-0.0017747
-0.0030249
0.0073761
-0.0049878
0.0060498
0.0011787
-0.0039454
-0.0061392
-0.0088233
0.0024579
-0.0026751
-0.0053226
-0.0060436
-0.0059296
-0.003144
-0.0010267
0.0019679
-0.0060491
0.0092392
-0.0093639
-0.0072806
0.0059801
0.0029063
0.0028125
0.0066724
0.0003888
-0.0039447
-0.0058247
0.0027403
-0.0033315
-0.0052431
0.0066599
0.002309
-0.0002416
0.0099717
0.0096358
-0.008198
-0.0007766
0.0018362
-0.0010449
-0.0047588
0.0003786
0.0079294
-0.0062443
0.0043416
0.0062677
0.0074613
-0.0097206
-0.0033207
-0.0015223
-0.005957
-0.0038123
-0.0053957
-0.0047682
-0.0093712
-0.0087233
0.0097723
0.0040787
0.0059652
0.0081773
0.0043424
0.0010933
0.0050543
0.0053159
-0.0023544
0.0036985
-0.0058501
-0.0082994
-9.46e-5
-6.9e-6
-0.0065537
-1.35e-5
0.0016499
-0.0070597
0.0058925
0.0032606
-0.0031467
0.0095362
0.005844
-0.0002422
0.00498
-0.0020855
-0.0088235
0.0047996
-0.0054005
0.0072597
-0.0099295
-0.0038214
0.009926
-0.0035767
-0.0098882
0.0040579
-0.0028955
-0.0036748
-0.0046003
0.0013582
-0.0061363
-0.0072286
-0.0097414
0.0068803
0.0037783
-0.0029284
0.0018045
-0.0074801
0.0012265
0.0082261
-0.0025292
-0.0077071
0.0050498
-0.0091154
-0.0049226
0.0025298
0.005291
0.0086481
0.0002876
-0.0041376
-0.0039342
0.0051092
0.0083702
-0.004622
0.0021767
0.0056344
-0.0041063
0.0035446
0.0042474
0.0049427
-0.0079542
0.0008149
-0.0089123
0.0004444
0.0067075
0.007259
0.0046834
-0.0089121
-0.0037441
-0.0016572
0.0006391
0.0088142
0.0094815
-0.006573
0.009464
-0.0093766
0.0093067
-0.0077462
-0.0015716
0.0036934
0.0099963
0.0001147
-0.0010337
0.0035107
0.0061336
-0.0031691
1.2e-5
0.0085846
-0.0088133
-0.0080675
-0.0058434
-0.0083114
-0.0082805
0.0095878
-0.0083154
-0.0033119
0.0089548
0.0006625
-0.0071508
0.0027706
0.0039252
0.0098432
0.0061821
-0.0062926
-0.0046688
-0.0028239
0.0065433
-0.0037183
0.0060662
0.0041442
-0.0099891
-0.003997
-0.0018705
-0.0024239
0.0020987
