0.0013856
0.0069984
0.0066655
0.0095003
-0.0006999
0.0083067
-0.0067718
0.0087794
-0.0044497
0.0070629
-2.54e-5
0.0068155
-0.0098031
-0.0093475
-0.0083136
-0.0044503
-0.0055033
-0.0079188
0.0058867
-0.0048252
-0.0086674
-0.0085742
0.0093048
0.0086233
-0.0092986
-0.0030266
-0.0001539
0.007451
0.0015463
0.0002306
-0.0015839
0.0013241
0.0023369
0.0002078
-0.0013017
-0.0018944
-0.0061405
-0.0087277
-0.0098918
0.0005885
0.0069703
-0.0070014
-0.0012523
-0.0068294
-0.006734
0.0074375
-0.0037445
-0.0022963
0.0074282
-0.0052468
-0.006282
0.0061828
-0.0041785
0.0005728
0.0096777
-0.0057674
0.0028776
0.0058674
0.0052044
-0.0057217
-0.0047417
-0.0005372
-0.0049222
-0.0065524
-0.0090243
-0.0093817
0.0068217
-0.0071961
0.0002922
-0.0020782
-0.0055106
-0.0077498
0.0098728
-0.0073721
-0.0029304
-0.0043742
-0.0055747
-0.0098939
0.002429
0.0083584
0.007533
0.0071121
0.0017649
-0.0024634
0.0055505
-0.0012682
-0.0090403
0.0062588
-0.009979
0.0018627
-0.0079897
-0.0063543
-0.005967
0.0080704
-0.0061675
0.0057782
-0.0020505
-0.0075688
-0.0063607
0.0094618
-0.0036332
0.0047993
0.0013176
0.0054068
-0.001015
-0.0060703
-0.0056174
0.0091539
-0.0068278
0.0027753
-0.0001039
0.0088593
0.003134
-0.0047805
0.0056388
-0.0046177
0.0001114
0.0072375
0.0095336
0.0088119
-0.0059476
0.005654
0.0063449
-0.0059038
0.0066043
-0.0079763
0.0053094
-0.0017361
-0.0042441
0.0035495
0.0084797
-0.0097757
0.0076296
0.0081688
0.0014492
-0.0064366
-0.005102
-0.002898
-0.0005659
-0.0014627
0.0024631
0.0001578
0.0080106
-0.0068923
0.001368
-0.0047309
0.0036759
0.0053306
0.0068075
0.0071689
0.0005124
-0.0037284
0.0073154
-0.0030158
-0.0018456
0.0059823
0.008089
0.006363
-0.0055652
0.0016606
-0.0084444
-0.0072759
-0.0045796
0.0096509
-0.0086571
0.0047993
-0.0034054
-0.0045556
-0.0096721
0.0062623
0.0098457
0.0052559
0.0038664
-0.0088573
0.0032199
-0.0033346
-0.0092605
0.0088318
0.0023349
-0.0059992
0.0030093
-0.0051404
-0.001258
-0.0061485
0.006935
0.0052518
-0.0056501
-0.0007188
0.0012752
0.0020821
0.0087174
0.0091032
0.0096919
-0.005232
0.0089802
-0.0013498
0.0020076
0.0032917
0.0091441
0.0040278
-0.007547
-0.0027814
-0.0070227
0.004731
0.0053614
-0.0029641
0.0003958
-0.0014754
0.0077435
-0.0042819
-0.001799
0.0080757
0.0071109
0.0026183
0.0052884
-0.0006487
-0.0015242
0.0067213
-0.0033089
-0.0026146
-0.005769
0.0035942
-0.00832
-0.0078619
0.0015744
-0.00305
0.0079545
-0.0060511
0.0052522
-0.0039309
-0.0075895
0.0091662
0.0019279
-0.0090221
-0.0028657
-0.004088
0.0085173
-0.0033752
0.0042808
-0.00759
0.0042093
0.0086717
-0.0032608
-0.0042937
-0.0006707
-0.0015269
-0.0013205
-0.0017947
0.0011694
-0.0075231
-0.0040776
-0.0055112
-0.009407
-0.0013768
0.0078139
-0.0019113
-0.0012282
0.0088016
0.0016088
-0.008257
0.0025367
0.0007082
-0.0051683
-0.000248
0.0050979
0.0057167
-0.0075925
0.0020261
-0.0055343
0.0007855
-0.0066183
0.0017687
-0.0009079
-0.0012452
-0.0092862
0.0076043
-0.0050821
-0.0082998
-0.0083233
0.0041359
-0.0072531
0.0005472
-0.0088389
0.0041992
0.0048539
0.0040365
-0.0056756
-0.0074269
-0.0009383
0.0001764
0.00435
0.0037921
-0.0015975
-0.0033419
-0.0084478
0.0082098
0.0075797
0.0009864
0.0041992
-0.0055715
0.0080757
-0.0059134
0.0097546
-0.0029377
-0.0047283
-0.0079311
-0.0010257
0.0080774
-0.0087303
0.0019587
0.0080287
0.0054927
0.0068566
-0.0031942
-0.0041003
0.000729
0.0025213
0.00034
0.0049564
-0.0012801
-0.0098351
0.0072803
-0.0016775
-0.0018599
-0.0056097
-4.63e-5
-0.0022758
0.0045373
0.0023994
0.0016966
-0.0037449
0.0025162
-0.0033542
0.0063479
0.0077404
-0.0017414
0.0082706
0.0072679
0.0037035
0.0075265
0.0075041
-0.005415
-0.0012778
-0.0072862
-0.0016265
0.0014753
0.0038968
0.0053623
0.0038019
-0.0098411
0.0014594
-0.0048665
0.0044471
0.0028116
-0.007677
0.001838
-0.0019104
-0.0044658
-0.0062322
-0.0017313
-0.0045043
-0.0041458
0.0088912
-0.0021212
-0.0058607
-0.0015627
-0.0022735
0.0075152
0.0092866
-0.0092802
-0.0047287
-0.0010043
0.0058719
0.0072942
-0.0084117
-0.0019398
-0.0094034
0.00327
0.0028098
-0.0076072
-0.0053672
-0.0016876
-0.0025043
0.0095633
-0.00651
-0.0023928
0.0039238
0.009348
-0.007629
-0.005927
0.0089354
0.0092269
0.0024768
0.0093095
-0.0042484
-0.0015944
-0.0081501
-0.0036935
-0.0056107
0.0030991
-0.003388
0.0043732
-0.0090724
-0.0057501
0.00444
-0.0048985
0.005574
-0.0081528
0.0087626
-0.005432
-0.0092343
-0.0081221
-0.004394
0.0085625
0.0098109
0.0034991
0.0061081
-0.0077123
-0.0011991
0.0061612
0.0010066
0.0063177
0.0043899
-0.008922
0.0010698
0.0054291
0.002152
-0.0099951
0.007684
-0.0038919
0.0053403
0.0046936
0.0063394
0.0007765
-0.0070103
-0.0065193
0.0028033
0.0081084
-0.0083932
0.0006324
-0.00947
-0.0049957
-0.0017642
-0.0057592
-0.0012372
-0.0024957
-0.0008664
-0.0079705
-0.0078069
-0.0071806
0.0072935
-0.0068708
-0.0089211
0.0091608
-0.009772
-0.0011778
0.0021805
0.0061775
-0.0094498
-0.0023531
0.0039356
-0.0042496
0.0024497
-0.0040215
-0.0082516
-0.0004177
-0.0041289
-0.0098123
0.0072668
0.0075347
0.0016099
0.0065545
-0.0015772
-0.0062784
-0.0057512
0.0040111
-0.0075498
-0.0068553
-0.0024354
-0.001612
-0.0048057
0.0056017
0.0093925
0.0057312
0.0098535
-0.0065341
3.94e-5
0.0074003
0.0063116
-0.0027323
-0.0039309
0.000871
0.0035378
-0.0063348
0.0039347
