-0.0093935
0.0031128
0.0008316
0.0062603
0.0027562
-0.0046427
0.0024917
0.0049908
0.0045986
0.0084138
-0.0005986
-0.0034725
0.0014971
-0.0038487
0.0023056
-0.0016511
-0.008221
-0.000705
0.0086371
-0.000806
0.0022963
-0.0079294
-0.0060422
0.004624
-0.0063186
0.0055436
-0.0073596
-0.0099699
0.0083259
0.0077408
-0.0006523
-0.0007743
-0.0058519
-0.0045845
0.0046991
0.0041608
-0.0036331
0.0047474
0.0087233
-0.0015915
-0.0070039
0.0014678
0.0084699
0.0055827
-0.0044706
-0.0076582
0.0031975
-0.0007912
-0.0035201
-0.0091931
-0.0085061
0.0061439
0.0079411
-0.0077432
-0.0068794
-0.0074757
-0.0003926
-0.0042239
-0.0003015
-0.003107
-0.000963
0.0016044
-0.009308
0.0061154
-0.0046957
-0.0069683
-0.0005665
0.0051762
0.0091061
-0.0022681
-0.0003245
0.0046635
-0.0087099
-0.0074404
0.0008477
-0.0032642
-0.0041218
-0.0066408
-0.0096089
-0.0068894
-0.0073761
-0.0085643
0.0047745
-0.0094441
0.0048036
0.0020733
-0.0095081
0.0039803
0.0038606
0.0092525
-0.0048797
-0.0089739
0.0018705
0.0017832
0.0071609
0.0026134
0.0099253
0.0069213
0.0030052
-0.0074921
0.0005726
-0.0071326
-0.0004131
0.0098639
-0.0074152
-0.0015613
-0.0062529
-0.0036307
0.0074787
0.0065766
-0.0052792
0.0086605
0.0005654
0.0070323
-0.008486
-0.005795
0.0022124
0.0015913
-0.007388
-0.0068215
0.004869
-0.0080453
0.0072739
0.0036866
-0.0060246
0.0037047
-0.0076395
0.0038565
-0.0093271
-0.0092112
0.0027857
-0.0046207
0.0030588
0.0017212
0.0004836
0.0071027
0.0038107
-0.0067688
0.0026282
-0.001607
0.0006443
0.0058161
-0.0085311
0.0007107
0.0071501
-0.0035369
-0.0019648
-0.0091358
0.0048538
-0.0071266
0.0008978
-0.0050265
-0.0020783
-0.008487
-0.0004356
-0.004469
-0.0074244
0.0089242
0.004828
0.0012062
-0.0084853
0.0079078
0.0070922
-0.0038004
-0.0067569
-0.0028051
-0.0025899
-0.004811
0.0052181
-0.0020555
0.0017975
0.0086814
0.0015353
-0.0081761
-0.0085468
0.0096058
0.0081332
0.0086865
0.0005293
0.0071218
0.0053872
0.0094157
-0.0024838
0.0090518
0.0058425
-0.0056085
-0.0004311
-0.007638
-0.0020062
-0.0002583
-0.0001092
-0.002203
-0.0032255
-0.0074889
0.0025865
-0.008987
-0.0075399
-0.0073457
0.0065324
0.005237
-0.000503
0.0009269
0.0034051
0.0072982
0.0062049
0.0070162
0.0026461
-0.0094171
0.0038615
-0.0076936
-0.0098112
0.0057589
-0.0047169
-0.0094215
-0.0050203
-0.0099764
-0.0049617
-0.0042522
-0.009234
-0.0047055
-0.0076605
0.0065432
0.0062538
0.0005255
-0.0084413
-0.006318
-0.006153
-0.0053227
-0.0022236
0.0001759
0.0065992
0.0095915
-0.0082
-0.0090687
0.0043646
0.0082081
-0.0017227
-0.0071098
-0.0067455
-0.0014552
0.0074875
0.0037303
-0.0085151
-0.0094612
-0.0022124
-0.0060791
3.87e-5
-0.008486
0.0057997
-0.0076485
0.0039331
-0.005827
-0.0071716
0.000159
0.0082084
0.0011286
-0.0045118
0.0048315
-0.0048116
-0.0023837
6.12e-5
-0.0096426
0.0069756
-0.0018716
-0.000667
0.0075584
0.0014472
-0.0019748
0.0048821
0.008557
0.0058533
0.0045471
-0.006181
-0.0072021
0.0065246
0.0064099
0.004067
0.0076811
0.004226
-0.003767
0.0098657
-0.0091744
-0.0008719
-0.0088321
0.0087808
-0.0080221
-0.009175
0.0005152
0.0033492
-0.0016983
-0.0017953
-0.0016361
0.0072745
0.0008841
-0.0041846
0.0015873
0.0076663
-0.0098647
-0.0095698
0.0085144
0.0091801
-0.0076036
-0.0055974
0.0080925
0.0076479
0.0094574
0.0074938
-0.0094647
-0.0073083
-0.0039965
-0.0032782
0.0091706
-0.0001002
-0.0041816
0.0094037
-0.0075033
-0.0088635
0.0089834
-0.0099424
-0.0010557
0.0029076
-0.0011786
-0.006911
-0.0014885
0.0026294
-0.0001882
-0.0018526
0.0045415
-0.0081175
-0.0079648
-0.0028213
-0.0070048
-0.0096698
0.0098542
-0.0059709
-0.0033186
0.001205
0.0065726
0.004692
-0.0078645
0.0059603
-0.0028093
0.0054033
-0.0066231
-0.0050369
0.0063387
0.0053631
-0.0080161
-0.0072342
0.0020198
-0.0015983
-0.0029071
-0.0094827
-0.0045458
-0.0075771
0.005404
-0.0016786
-9.45e-5
-1.8e-6
0.0019176
0.0084381
0.0078943
-0.0017066
0.00592
-0.0037635
0.0008992
0.0067774
0.001935
0.0089345
-0.0032367
0.004066
0.0034451
0.0006359
0.0090452
-0.004755
-0.0006275
0.0097644
-0.0023888
-0.0064738
0.0042108
0.0058662
0.0091878
0.0033997
-9.68e-5
-0.0029511
-0.0077075
-0.0032018
-0.0022034
-0.0081028
-0.0033459
-0.0065654
0.0037007
0.0032094
0.0030106
0.0087022
0.0093785
-0.0059742
-0.0018372
-0.0081744
0.0071627
-0.0043844
-0.0007035
0.0074397
-0.0032488
-0.0048579
0.0013762
0.0072152
0.0094061
-0.0082493
-0.0021991
0.0067246
-0.0004901
-0.005257
0.0059981
-0.0036249
-0.0098572
-0.0040676
0.0053931
0.003751
-0.001003
0.003173
-0.0083606
-0.0077869
-0.0007627
-0.001884
-0.0015319
-0.0013727
0.0024661
0.0024265
-0.0030941
-0.0019524
0.0072814
0.0044073
0.0059992
0.006294
-0.0066767
-0.0095973
0.0088509
0.0029997
-0.0016551
0.0091977
-0.0027071
0.0048245
-0.00279
0.0074839
-0.0099595
0.0076524
-0.0035447
0.0016357
-0.004409
-0.002954
0.0055828
-0.0021988
0.0027882
-0.0074042
-0.006289
0.0095001
0.0083176
0.00409
-0.00958
-0.0014366
-0.0015992
-0.003717
-0.0095933
-0.0035591
0.0096321
-0.0056491
-0.0031288
0.0005179
-0.0081526
-0.0059003
-0.0003381
-0.0076727
0.0098463
-0.0072429
0.0051506
0.0026325
0.0034495
-0.0052954
-0.0068151
0.0028987
0.0071086
-0.0047419
0.0082364
0.0069665
0.0082273
0.008122
0.009949
-0.0023271
-0.00628
-0.0088501
0.0017413
-0.0045389
0.0023073
0.0050084
