0.0094271
0.0041494
0.0063738
-0.0081656
-0.0038813
0.0079296
-0.0019194
0.0080588
0.0017187
-0.0061429
0.0042765
0.0091658
-0.0097292
0.0028116
0.0092624
0.005399
-0.0074838
-0.0004304
0.0080411
0.0010246
-0.0011418
0.0035437
-0.0040845
0.0039067
0.000281
-0.0092551
0.003757
-0.007486
0.0024564
-0.00264
-0.0082153
0.0088877
-0.0013455
0.0051273
-0.0025557
-0.000354
0.0045093
0.0009679
0.0043828
0.0094905
0.0055169
0.0025411
0.0040029
-0.0010325
0.0077368
-0.0098503
0.0087364
0.006125
0.0033112
-7.58e-5
0.0090454
0.0057079
-0.006468
-0.0014758
0.0089974
-0.0021058
0.0026798
0.0046689
-0.0083934
-0.0036968
-0.001317
0.007814
-0.0067872
0.0022141
0.0032077
-0.0007901
0.0062916
-0.0042916
0.0014738
0.0010667
-0.0098284
-0.0044564
-0.0078575
0.0090504
-0.0068477
-0.0090449
-0.0013925
0.0073872
-0.0001371
0.0089036
0.0078829
-0.0063754
0.0060314
-0.000814
-0.0078082
-0.007592
-0.0054627
0.0043294
0.0058873
0.0061706
0.0093596
0.0085745
0.0034347
-0.0080614
0.0018199
-0.0025769
-0.0016463
0.007316
0.0005052
-0.0073313
0.0089833
-0.0048571
-0.0086665
0.0061463
0.0074203
-0.0033856
-0.0011357
-0.0024453
-0.0015174
-0.0082073
0.0009871
-0.0084035
-0.0018628
0.0034897
-0.0094139
-0.00755
0.0006094
-0.0077058
-0.0052774
0.0009624
0.0084707
-0.0039464
0.0079781
-0.0081215
0.0054688
0.005805
0.0050373
-0.0017796
0.001551
0.0025763
0.009825
0.0075513
-0.0079554
-0.0098804
-0.0027999
0.0044594
0.0034037
-0.0052586
-0.0057163
-0.002889
0.0053151
0.00822
0.0052493
-0.0022686
-0.0020416
-0.0037835
-0.0099766
-0.0071361
0.0059834
0.0031466
0.0066852
0.0094545
0.0017633
-0.0076122
0.0064218
0.0020165
-0.0011984
-0.0014424
0.0050532
0.0045439
0.0039374
0.0027727
0.0015429
-0.0017354
-0.0047455
-0.0084558
0.0056658
-0.0065234
0.0003757
0.009514
0.0027193
-0.0036321
0.0042494
-0.0091841
-0.0083242
0.0060762
-0.0055538
-0.0017844
-0.0023745
-0.0053968
-0.0071317
-0.0098974
0.002796
0.0013475
-0.0035182
0.006446
-0.0070715
0.0045061
-0.0020565
0.001258
0.0045408
0.0067517
-0.0019969
-0.0065184
0.0046081
0.0066147
-0.0012577
-0.0059095
-0.0080712
0.0046462
-0.0060363
-0.0081377
0.0034141
0.0068376
-0.0018864
0.005251
-0.0020438
0.0004035
-0.0098997
0.0010659
0.0089328
0.006211
-0.006438
-0.0044841
0.0088986
-0.0069006
0.0034555
-0.0095218
-0.0082921
-0.0065416
0.0016287
0.0084092
0.0074525
-0.0054624
0.008173
-0.0046727
-0.0034572
-0.0006291
-0.0074957
-0.0014006
-0.0098374
0.005316
-0.0016199
-0.0065555
0.0027073
-0.0049405
-0.0045202
0.0091939
0.006026
0.0055381
0.0004435
-0.0068492
-0.0031602
-0.0002423
0.0092518
0.007956
0.0048556
-0.0032039
-0.0010771
0.0002612
0.0075098
-0.0094738
0.0098236
0.0004978
-0.0059938
0.0030407
-0.0053536
-0.0079868
-0.0050383
-0.0077622
-0.001768
0.0059866
-0.0025821
-0.0099314
0.0057528
0.0029818
0.0050726
-0.0004016
0.0065671
-0.0070386
-0.002565
-0.0028865
0.0021407
0.0094771
0.0094267
-0.0098769
0.0076513
0.0026703
-0.002723
-0.0097332
-0.0083972
0.0085433
-0.0079735
-0.0022645
-0.0064478
-0.0005094
0.0045496
-0.0023913
-0.0036892
-0.0076019
0.0077412
0.0059282
-0.0013179
-0.0062399
0.0088164
0.0070453
0.0018531
-0.0002645
-0.0013137
0.0008556
0.0077996
-0.0078901
-0.0085632
-0.0090868
-0.002438
-0.0041226
0.002453
0.0055412
0.0039013
0.0080039
-0.0021419
-1.26e-5
-0.0051058
0.0045948
-0.0026769
0.0012569
-0.0001627
-0.0043745
-0.0020265
0.0047952
0.0009342
-0.0051017
-0.0006238
0.0082539
-0.0074193
0.0043715
-0.0086982
0.0082497
-0.008945
0.0059474
0.0080154
-0.0066411
0.0077608
-0.0082844
0.0037186
-0.0068662
-0.0011333
-0.0092586
-0.001513
0.0054461
0.005676
0.001156
0.0041807
0.0023153
-0.002693
-0.003006
0.000238
-0.0048404
-0.0098954
-0.0095672
0.009135
-0.0002111
0.0014575
-0.0092358
0.0078977
0.0026379
-0.0012989
0.0032966
-0.0051774
-0.0062229
0.0040357
0.0078386
0.0010408
0.0077608
-0.0026117
0.0054609
-0.0092777
0.0038751
0.0065835
-0.0035464
0.0024572
0.0091442
-0.006326
0.0067153
-0.0082665
0.0002129
-0.0072622
-0.0044883
-0.0084857
0.0060069
-0.0061073
0.0084721
0.0079396
0.0086759
-0.0005812
-0.0093436
0.0069143
-0.001986
0.0015462
-0.0016679
-0.0078791
-0.0021701
0.0012224
-0.0084341
0.0029265
-0.0058174
0.0050305
0.0079394
0.0067549
0.0080457
0.0060016
0.0010737
0.001946
0.0055884
-0.0002685
-0.0078738
-0.0089871
-0.0004086
0.0094552
-0.0049166
0.0002784
-0.0040862
0.0039355
-0.0055691
-0.0066227
-0.0060236
-0.0034275
0.0008873
0.0078735
0.0029993
0.0080829
0.0083206
0.0033085
0.0003756
-0.0045035
0.0025209
-0.0028484
0.0078492
-0.0072079
-0.0044635
-0.0030091
0.0030786
0.0093523
0.0087677
0.0069217
-0.0032789
-0.0082645
0.0061258
-0.0088491
-0.0098724
0.001249
0.0087277
-0.0090206
0.0038335
0.0058724
0.0032209
0.0012739
-0.0062923
0.0083537
0.0030043
0.0069284
-0.0047359
0.0042965
-0.0081899
-0.0093481
-0.0085571
0.0095025
-0.0059135
-0.0026352
-0.003301
-0.0001448
-0.0094788
-0.0024112
0.0089852
0.0032576
0.0030205
-0.003987
-0.0027204
-0.0016501
-0.0006887
-0.00642
0.0056425
0.0054072
0.0065386
-0.0027696
0.0089132
-0.0046535
0.006275
-0.0098248
-0.0081493
-0.0015942
0.0094757
0.004319
0.0031165
0.0065943
0.0050679
-0.0090226
-0.0095445
0.0080934
0.0056438
-0.0024431
0.0007881
-0.0068546
-0.0007919
0.0066368
