0.0013941
-0.005465
-0.0025289
0.0040331
0.0066044
0.0089479
0.0049103
-0.0028701
0.0010629
-0.0001935
0.0030272
0.0074609
0.0076819
-0.0072296
-0.0087877
0.0036291
-0.0014844
0.0064404
-0.0059374
-0.0081199
-0.0044486
-0.0011091
0.0044402
0.0014194
-0.0037871
-0.001043
0.00704
-0.0081908
-0.0033985
-0.008297
8.68e-5
0.0066615
0.0001607
-0.0018871
0.0057268
0.00925
0.0069037
-0.0039893
0.006789
0.0040698
-0.0053444
0.0037774
-0.0035945
-0.002575
-0.0003157
0.0024278
-0.0058848
-0.0021263
-0.0023764
-0.0074154
0.0037418
-0.0051369
0.0046749
0.0010158
-0.0022521
-0.0089572
0.0078606
-0.0028069
0.0071729
0.0067474
0.0076767
-0.0040298
0.0053166
-0.0018593
0.0076707
0.0093663
-0.000401
0.0040376
-0.0004153
-0.0046765
0.0083285
-0.0038761
0.0040697
0.0052399
-0.0092228
0.0050627
-0.0057301
0.0010747
0.006041
0.0016045
0.0084056
0.0041473
-0.0044572
-1.5e-5
0.0097822
0.0062309
0.008885
-0.0099548
0.0083657
0.0004609
-0.0030794
0.0092915
0.0020969
0.002081
-0.0044896
0.0048733
0.0079771
0.0016443
-0.0079711
0.0046569
-0.0072804
-0.0047727
0.0093505
-0.0029493
0.0008195
0.0099666
-0.0077134
0.0028573
0.0080334
0.0096508
-0.0041681
-0.0041461
0.0088206
-0.0045555
0.0047821
-0.0056982
-0.0016793
-0.005697
-0.0044262
-0.0094663
0.0096111
-0.0081686
-0.0040682
0.001761
0.0099554
-0.0031501
0.009236
-0.0014174
0.0029115
-0.0013208
-0.006118
-0.009507
-0.0073102
0.0033124
-0.0034394
-0.009552
0.0032661
-0.0020296
0.0002456
0.0055478
-0.0042629
-0.00463
-0.0017553
-0.0052719
-8.0e-5
-0.0062292
-0.0074997
-0.0057975
0.0082654
-0.0035562
0.0058134
0.0060948
-0.0037154
0.0036935
-0.0092904
-0.0056141
0.0027142
-0.0076085
0.0003932
0.0075931
-0.0097858
-0.0032765
-0.0059039
-0.0053645
-0.0028638
-0.0046472
-0.0043136
0.000993
-0.0032155
0.0031425
-0.0044647
0.0049615
0.0045843
-0.0099709
0.0059004
0.0057614
0.0003397
0.0042961
-0.0002097
-0.0060526
-0.0073425
-0.0015706
0.0011527
0.0099214
0.0034461
-0.0038373
-0.0015353
-0.0099324
0.0016017
0.0048986
-0.0008512
-0.0002268
0.0053139
0.0037439
-0.0025629
0.0063433
-0.0019054
-0.0013566
0.0036465
3.3e-6
-0.0023562
0.0006844
0.0076505
0.0021734
-0.004212
-0.0032283
-0.0098987
0.0055166
-0.0080363
0.0054148
-0.0083002
0.0096524
0.0046848
-0.0010402
-0.009275
0.0040445
-0.0008294
-0.0088019
-0.0089806
0.001622
0.0060231
0.0024179
0.0017507
-0.0009362
-0.0035134
0.0008634
-0.0091026
-0.0061161
0.0077482
-0.0014517
0.0052987
0.000558
-0.0046213
-0.0048361
-0.0016068
-0.0072502
-0.0020298
-0.0095161
-0.0013683
0.0019626
-0.0061682
0.0059895
-0.0012126
0.007647
0.0031851
-0.0058238
0.0061636
0.0025996
0.0005754
0.0008069
-0.0063022
0.001365
-0.003905
0.0098403
-0.0073738
0.0078612
-0.006961
-0.0026188
-0.0059528
0.0017915
0.000627
0.0090131
0.0042114
0.0074859
-0.0086551
0.0069803
-0.002203
-0.0060133
-0.005227
-0.0035917
0.0046585
-0.000278
0.0003543
0.0010196
-0.0017639
0.0075581
0.0087773
0.0086157
-0.0012935
-0.0035789
-0.0079355
-0.0023283
-0.009115
-0.0037212
-0.0012206
0.0086787
-0.0014658
0.0011019
-0.003872
-0.0031973
0.0013889
0.0014651
0.003059
0.0048258
-0.0058903
0.001994
0.007405
-0.0055939
0.0093003
0.0013584
-0.0043964
-0.0099955
-0.0070806
0.0045559
-0.0042979
-0.0058342
0.0041224
-0.001266
-0.0053695
0.0003012
0.0059224
-0.0085016
-0.0035918
-0.0051256
-0.0058454
-0.0004058
0.0053663
0.0047337
-0.006414
0.0074892
-0.009891
0.0043746
-0.0022791
-0.0046775
0.0079064
-0.0078111
-0.0032647
-0.0029263
0.0020978
-0.0049074
-0.0053976
0.0033146
-0.0020934
0.0052949
-0.0030986
-0.0099717
-0.0058098
-0.006909
0.0024253
-0.0060479
0.0008158
-0.0070583
0.0043135
-0.0049788
0.0004518
-0.0073273
0.0044077
-0.0027803
0.0091219
-0.0084466
0.006696
-8.72e-5
0.0034098
0.0070542
-0.002488
0.0061803
-0.0040441
-0.0084926
0.0011147
0.0057448
-0.0020107
0.0098405
-0.0049297
0.0096336
-0.0082666
0.0069842
-0.0016873
0.0036581
-0.0095765
-0.0031353
-0.006611
-0.0026417
0.008079
-0.0061089
-0.0073983
0.0041633
-0.001111
-0.001448
-0.0077327
0.0015658
-0.0026895
-0.0017519
-0.0027457
0.004727
0.0017252
-0.0023116
0.0064277
0.0078942
0.0086702
0.0008613
0.0068415
-0.0074005
0.0063428
-0.0076108
-0.0090133
-0.0082056
-0.0062766
0.0049918
-0.0068192
0.0096849
0.0027167
-0.0003652
-0.0009982
0.0087567
-0.0012207
-0.0093047
-0.0068286
0.0090769
0.0002128
0.0014383
-0.0068246
0.0047546
-0.0061837
0.0039263
-0.0034299
0.0023951
-0.0071027
0.0019884
0.0024933
-0.0068573
0.0012303
-0.0057381
0.0096261
0.0011322
-0.0068894
0.0058416
-0.0089472
0.0043968
-0.0042562
-0.002881
0.004621
-0.0099834
0.002369
0.0015332
0.00832
-0.0048734
-0.0050737
0.0091591
0.0060702
0.0042567
0.0091318
0.0006851
0.0015588
0.0035883
0.0050708
0.0006774
0.006707
0.0027532
-0.0002302
0.0090995
-0.0015263
-0.0056336
0.0086285
-0.0092442
-0.0085216
-0.0035924
-0.0021182
-0.0055741
0.0081301
0.0044626
0.0054792
-0.0010527
-0.0058879
0.0099305
-0.0098325
-0.0075064
0.0074791
-0.0011332
-0.0007457
-0.0096301
0.0016806
-0.0031486
-0.0085843
0.0036441
0.0033484
0.0094111
0.0051666
0.0035494
-0.0041439
0.0016258
0.0014984
0.0055361
-0.0016633
0.0019991
0.0033074
-3.74e-5
0.0080353
-0.0036331
-0.002381
-0.002567
-0.0005359
-0.0077387
-0.0099807
-0.0018058
-0.0025153
