-0.0008003
0.0078449
-0.0008268
0.006037
-0.0056837
0.0051359
0.008622
-0.0070221
0.0032361
0.0096629
-0.0069164
-0.0041574
0.0065142
0.0025126
-0.0024592
0.0028821
-0.0007265
-0.0034693
0.0087154
-0.0011969
-0.0047122
0.0041731
-0.0058315
-0.0035263
-0.0019479
0.0073225
0.0090266
0.0004825
0.0025324
-0.0051455
-0.0025573
-0.0060186
0.0018506
-0.0043775
0.0006823
0.0096638
-0.0064666
0.0069121
0.0004779
-0.0012739
0.0055751
-0.0093336
-0.0030114
0.0057071
-0.0008003
0.0077558
0.0051508
-0.0083821
-0.0029027
-0.0070685
-0.0069333
0.0066808
-0.0093041
0.0063194
0.0039297
0.0070281
-0.0085701
-0.006806
0.0078913
0.0031368
0.0016896
0.0009209
-0.0025489
-0.0021028
0.0010726
0.0003975
-0.0089527
0.0076094
0.0074229
0.0036483
-0.007741
-0.0056345
-0.007195
-0.0015916
0.0040854
-0.0069548
0.0026441
-0.0067221
-0.0056042
-0.0069213
0.0004756
-0.0062429
-0.0078321
0.0042369
0.0082756
0.0010897
0.0092699
-0.0039059
-0.0092157
-0.0088634
0.0004825
-0.0006425
0.0047697
-0.0028127
-0.0042155
0.0097168
0.0040951
0.0059053
0.0043651
-0.0007041
-0.0048631
0.0028404
0.0028485
0.0006089
0.0048406
-0.0070772
-0.0027972
-0.0020451
0.0021432
0.0038516
0.0005662
-0.0025998
0.0038985
-0.0044995
-0.0003524
0.0057957
0.0019196
0.0016254
0.0044457
0.0038739
-0.0004963
-0.0026525
-0.0067191
-0.0071517
-0.0096413
0.007884
-0.0019465
0.00541
0.0024985
0.0097148
-0.009136
0.005553
0.0046729
-0.0003488
0.0064687
0.004528
-0.0063387
0.0046462
0.0011597
-0.0056866
-0.0034547
-0.0010403
0.0038948
-0.0030268
0.0042174
0.0030803
0.001027
-0.007247
0.0082651
0.009227
-0.0093137
0.0007029
-0.003222
0.008705
-0.0019436
-0.0062114
-0.0013788
-0.0093482
-0.0004592
0.0012967
-0.0061403
-0.0024982
0.0098679
-0.0045257
-0.0070262
-0.0014746
-0.0005119
0.0059968
-0.0029903
0.00977
0.0040067
-0.0082523
0.0065554
-0.0097773
0.005842
0.0004335
0.0025922
0.0083059
-0.0083607
0.0080373
-0.0004495
0.0040886
-0.0075274
0.0056449
0.0078328
0.0045188
-0.0060079
0.0014681
0.0054665
-0.0061163
0.0056375
-0.0031023
0.0095933
-0.0061891
0.0002225
0.00553
-0.0092565
0.0065858
0.006284
0.0034633
0.0050562
-0.004522
-0.002815
0.0043582
-0.0077079
-0.0092478
0.008404
0.0074451
-0.0067575
-0.0034758
-0.0089174
0.0076409
0.0030054
0.0070946
-0.0039012
0.0054963
0.0078291
-0.0083738
0.0055387
0.0087614
-0.0051267
-0.0099415
0.0048756
0.0037665
-0.0081127
-0.0001149
-0.0057817
0.0080835
-0.0003124
0.0050764
0.0031178
-0.0039944
-0.0034365
0.0055425
0.0038212
-0.0089161
0.0081468
0.0078206
0.0088686
0.0074349
-0.0009526
0.0011458
-0.0005258
-0.0049054
0.007054
-0.0058082
-0.0050209
0.008501
-0.0085081
-0.0061407
0.0070818
-0.0080297
0.0060266
0.0073869
-0.0060641
-0.0060986
0.0037931
0.0018019
-0.0079219
-0.0030527
0.0082895
0.0094538
0.0077397
0.0049248
-0.0020485
-0.0011665
-0.0043972
0.0095565
0.0079098
0.0006018
-0.0093601
0.0091449
0.0020025
-0.0046721
0.0041215
0.0092367
-0.0077896
0.0050247
0.0075078
-0.007004
0.0055437
-0.0065758
0.0005803
0.0001305
0.0053102
0.0025971
0.0093389
0.0065972
0.0034313
-0.0064737
-0.0035302
0.0013765
0.0017181
-0.0082017
-0.0039298
0.00959
-0.0070833
-0.0029136
0.0063948
-0.0038941
0.00776
0.0046545
0.0026643
0.0086021
0.0097177
-0.008415
0.0017399
-0.0030287
-0.0007188
0.0029283
0.0083411
0.005328
0.0054289
0.0018884
0.0092192
0.0002972
-0.0099625
0.0020254
0.0020689
0.0083607
-0.0085855
-0.0054149
0.001238
0.0036602
-0.0013555
0.0019398
-0.0039575
-0.0021467
0.0025311
-0.0009121
0.0033252
-0.0040804
-0.0065042
0.0092882
0.0038213
0.0069037
0.0093579
-0.0055627
0.0076166
-0.0037858
-0.0059407
0.0093128
-0.0001538
-0.002868
-0.0051163
0.009902
0.0064291
0.0008803
0.0081809
-0.005671
0.0026789
0.0018668
0.0038415
0.0050057
0.0032531
0.0059098
0.0055869
-0.0019553
0.003014
0.0003048
-0.0039842
0.007614
0.0079245
-0.0038893
-0.005492
-0.0053452
-0.0027225
-0.0013165
-0.0034039
0.0088831
-0.0066128
0.0079797
-0.0085787
0.0029646
0.000705
-0.0062069
-0.0051987
0.005009
-0.0082206
0.0066604
-0.0027639
0.0091301
0.0017677
0.0093109
0.0021321
-0.0089665
-0.0073647
-0.0069968
-0.0048273
0.0025315
0.0029439
0.0041622
0.0030896
0.000566
-0.008131
0.0039412
-0.0037993
-0.0055998
-0.0038858
0.0056388
0.0052479
-0.0025246
0.0030501
0.0079372
-0.0027833
0.0085232
0.0097493
0.0004231
0.0074611
-0.0039386
-0.0046984
0.0054377
-0.0090094
0.0039452
-0.0002689
0.0058274
0.0007912
0.0066886
0.0070544
0.0074932
0.0026124
0.0065136
0.005431
0.0023097
0.0005585
0.0033806
-0.0076593
0.0049417
-0.0029897
0.0063375
-0.0029303
-0.0011834
-0.0033554
0.0077693
0.0033946
0.0049941
-0.0001283
0.0001617
-0.0019029
0.0015003
0.0091036
0.0045168
0.00093
0.0072361
0.0042168
0.0051099
0.005081
0.0023149
-0.0043387
-0.0089707
0.0052441
0.0022468
0.0046237
-0.00211
0.0085039
-0.0055056
0.0081611
0.0073652
0.0011589
-0.0050911
-0.008415
0.0006249
-0.0018566
-0.0084173
0.0072824
0.0063168
-0.004386
0.0024929
-0.0053725
-0.0054147
0.002703
-0.005647
0.0012323
0.0081955
0.0012586
-0.0022922
0.0032904
0.0048703
-0.0085689
-0.0056415
0.0066343
0.004313
0.0073383
0.001296
-0.0080736
0.0036619
-0.0018422
0.0088579
0.0029712
-0.0014259
-0.0045151
-0.0033669
-0.0009559
-0.008418
0.0035697
