0.0024317
-0.00243
-0.0091522
0.0019729
0.0014262
0.0005394
0.0083494
-0.0003887
-0.0008697
0.0013615
0.0045712
0.0095432
-0.0093943
0.0045007
0.0048176
0.0011436
-0.0039397
-0.0082181
-0.001926
0.0022299
0.0076655
0.0048246
-0.0012661
-0.0069563
-0.0015962
0.0062441
-0.004532
-0.0047974
0.0060143
0.0051793
-0.0085236
0.0011374
-0.0012048
0.0047182
-0.0042541
-0.0084097
-0.0021766
-0.0046825
0.0012295
0.0010462
0.0004178
0.0087379
0.0028832
-0.0059097
0.0093304
0.0053163
0.0041507
-0.0076475
-3.13e-5
-0.0063083
0.0007429
-0.0064738
-2.42e-5
0.0089354
0.0064416
0.0091642
0.0076497
0.0095767
-0.0015321
-0.009212
0.0061381
0.0012439
0.0001953
-0.0074306
-0.0091788
0.0049319
-0.0081818
-0.0052857
0.0097834
0.000478
-0.0078877
0.0064024
0.0092945
-0.0019028
-0.0099893
0.0082075
0.0040777
0.0044828
0.0043615
-0.0087739
0.0001912
0.0042694
-0.0030801
-0.001775
-0.0030542
0.0065632
-0.0076553
0.0081858
0.0072759
0.0074185
0.0030188
0.0016379
-0.0014257
0.0036532
-0.0040962
-0.0032976
-0.0008306
0.0044799
0.0082287
0.0079842
0.0031477
0.009536
-0.0039897
-0.0029021
-0.0030497
-0.006199
-0.0024362
0.0033833
-0.0049768
-0.0023852
0.0094631
0.0099339
-0.0050213
0.0095895
0.0081122
0.0066262
-0.0094602
-0.0018368
-0.0058864
-0.005578
0.0006762
-0.0032215
-0.008391
-0.0058689
-0.0053669
0.0060413
-0.0003835
0.0025737
0.0076533
0.0034623
0.0029555
-0.0080639
-0.0054715
-0.0077151
-0.0082677
0.0015159
0.0002673
-0.004867
0.0060941
-0.0038338
0.0070105
-0.0073479
0.0054897
-0.0005265
0.0028393
-0.0091411
0.0050309
-0.0064074
0.0026545
-0.0083896
0.0060081
-0.0063524
-0.0009528
0.002006
0.0040254
0.003508
-0.0087008
-0.00647
-0.0016857
0.0069469
-0.0098551
-0.0055815
0.0068924
-0.0004475
-0.0048466
-0.0061119
-0.0038079
-0.0040016
-0.0039225
-0.0021776
0.0001913
0.0064233
-0.0047882
0.0005768
-0.0051599
-0.002638
0.0070535
0.0095353
-0.009469
0.006597
0.000657
0.0060983
-0.0061078
-0.0014548
0.0073099
-0.0091537
0.0010142
-0.0050629
-0.0090571
0.0041748
-0.0052769
0.0065934
0.0067331
0.0029253
0.0041096
0.0057618
0.0057826
-0.0046854
0.0016308
0.005671
-0.0075444
-0.0091257
-0.0048132
-0.0041438
-0.0061646
0.007738
-0.0090782
0.006574
-0.0032069
-0.0044169
-0.0090603
-0.0012992
0.00526
-0.0094291
0.0020266
0.001655
-0.0095388
0.0018824
0.0066447
0.0037085
-0.0093282
0.0091856
-0.0096985
-0.0087136
-0.0034108
0.0026756
0.0081785
-0.0074509
-0.006339
-0.0023634
0.0031575
0.0050702
-0.002634
0.0011796
0.0099101
-0.0071578
-0.0062879
-0.0075077
-0.0054146
0.0019164
0.0094102
0.0082901
-0.0086443
-0.0042668
-0.0065741
-0.007102
0.0011181
-0.0030702
-0.0029572
-0.0078318
-0.0069964
-0.0078805
-0.0080478
-0.0020823
0.0046292
0.0036916
0.0050791
0.0060576
-0.0063723
0.0065211
0.0029365
-0.009639
-0.0093923
-0.0018572
0.0009303
0.0003527
-0.0011182
0.0072435
0.0077747
-0.0095897
-0.0086009
0.0083654
0.0050331
-0.0008668
0.0025513
0.0004183
-0.0036495
0.0072661
0.0038605
0.0039433
0.0098803
0.0001008
-0.0048498
0.0079153
0.00952
-0.0019035
0.0099649
-0.0052413
0.001813
0.0052539
-0.0032562
-0.0006183
-0.0051331
-0.0027514
0.0001302
0.0002608
0.0016533
0.0017288
0.0006463
-0.0011568
0.0042252
-0.0058687
-0.0064765
0.0017562
0.0039734
0.0066086
0.0043365
-0.002653
0.0012179
-0.0092736
-0.0069365
-0.0013497
-0.0011315
0.0074984
-0.0048585
-0.0025094
-0.0088765
0.0031705
-0.0009948
-0.0036965
-0.0068556
-0.0042099
-0.0086548
0.0033158
-0.0018944
-0.0014469
-0.0009814
-0.0063326
-0.0055366
0.0096332
-0.0078698
-0.0017648
0.0099333
-0.0056532
0.0047837
-0.009998
-0.005055
-0.0023759
0.0013067
0.0072467
0.0078981
-0.0068027
0.0051624
-0.0047849
0.0029704
-0.0052052
0.005321
0.0086864
-0.0037466
-0.0050476
-0.0066583
-0.0056819
0.0095288
-0.0042357
-0.0059221
-0.0081931
0.005848
4.28e-5
-0.0013906
0.007924
0.0002894
0.0065878
-0.0010634
-0.0071815
-0.0021576
-0.0082403
0.006384
-0.0019086
0.0050021
-0.0014392
0.0025703
-0.0040916
-0.0085578
0.0076376
0.0072542
0.0002209
0.000795
0.0087654
-0.000547
-0.0043536
0.0003937
0.0068417
-0.0079445
0.006311
-0.0007325
0.003697
0.0083724
-0.0053284
-0.0084919
-0.0074705
0.0071509
-0.005456
-0.0064738
-0.0080042
-0.0036228
-0.0029023
0.0048222
-0.0068605
-0.0005355
0.0013151
0.0007996
-0.0057165
0.0005077
0.0080219
0.0087013
-0.0008992
0.00557
-0.0031237
0.0079199
0.0003065
0.0041994
0.0032321
0.0054512
-0.0046508
-0.0004028
-0.0085258
-0.0067292
-0.0085646
0.0004227
0.004341
-0.0034495
-0.0077748
-0.0001742
-0.0032416
-0.003918
-0.0052521
-0.0063036
-0.0003282
0.0051541
0.0052213
0.0069279
0.0031078
-0.0089694
0.0080663
-0.0049287
0.0065725
-0.0084753
0.0088339
-0.0087316
-0.0028049
-0.0065351
0.0051961
0.0092772
0.006817
-0.004241
-0.0071169
-0.0071024
-0.0031089
0.000187
-0.003294
-0.008315
0.0051968
0.0044467
0.0027866
0.0085078
0.0008758
-0.0020099
0.005021
0.0059076
0.0060539
0.0033386
0.0071432
-0.0012656
-0.000208
0.0053825
0.007862
0.0044691
0.0078432
-0.0069734
-0.0024309
-0.0055347
0.0002631
-0.0059597
-0.00178
-0.005989
0.0018312
-0.0076179
-0.0055726
0.0003631
-0.006648
-0.0011331
-0.0092511
0.0047572
0.0060736
-0.0094661
-0.0043119
-0.0042747
0.0063262
-0.0055234
-0.0091289
0.0052246
-0.003038
-0.00328
-0.0089515
-0.0020194
