0.0097657
-0.0001548
0.0018144
-0.003106
0.0063116
0.0068486
0.0073832
0.0019648
0.0003538
-0.0044732
-0.0030755
-0.0001057
0.0083845
-0.0067095
-0.0067052
-0.0092808
-0.0009146
-0.0099466
0.0056052
-0.0059198
0.0061344
0.0008664
-0.0032085
0.0052411
-0.0035923
-0.002745
-0.0023463
-0.0037647
-0.0077162
0.0029188
0.0048294
-0.003201
-0.0002613
3.32e-5
-0.0080515
0.0062939
-0.0017056
0.0016183
-0.0034987
0.0075954
-0.0009691
-0.0003751
0.009936
0.003354
-0.0031393
0.0062062
-0.0031138
-0.0091303
0.0022569
-0.0074064
0.0002857
-0.0046945
-0.008384
-0.0028219
-0.003002
0.0074657
-0.0062889
0.0085187
-0.0059361
0.0045682
0.0040537
-0.0025486
-0.0020239
-0.0032836
-0.0036714
0.0076658
-0.0040241
0.0071521
-0.0096646
-0.0018948
-0.0047517
0.0096
-0.0052045
-0.0099899
-0.0043419
0.0050008
-0.00142
0.0077977
0.0083378
0.0047957
0.0026026
0.0088842
-0.0087754
-0.0022835
0.0053971
0.0027827
0.0094434
0.0047588
0.0003176
-0.0090943
0.0020794
-0.0088765
0.005186
-0.0056013
-0.0060902
0.0070847
-0.0029546
-0.0047718
0.0065792
-0.0065988
-0.0035564
-0.0050977
-0.0019114
-0.0021557
0.0076359
0.0038656
0.0014642
0.0068057
-0.0046339
0.0074524
-0.0005977
-0.0063865
0.0032164
0.0044897
0.0010086
-0.0034048
0.0067479
-0.0073208
-0.002354
-0.0058401
-0.0009655
0.0076615
0.0011525
-0.0061232
0.0058383
0.0019612
-0.0089553
3.93e-5
-0.0080006
-0.0027968
0.0007082
0.0042151
-0.0039016
-0.0037757
0.0066499
0.0038487
-0.0027804
0.0019121
-0.0087949
-0.0042446
-0.0096924
-1.26e-5
-0.002412
0.0092145
-0.0041996
-0.0018428
-0.0081686
-0.0055316
0.0051064
0.0053195
-0.0072124
-0.0025228
-0.0091165
0.0029661
0.002597
-0.0039949
0.0011789
0.0090036
-0.0055503
-0.0084552
0.0008687
0.0032099
0.0075469
-0.0043732
-0.0020554
0.0059284
0.009857
0.0016626
-0.0082822
0.0097709
-0.000459
-0.0059644
-0.0047596
0.0066289
-0.0097049
-0.0095501
-0.0040863
-0.0005866
-0.0074864
0.0079785
-0.0075913
0.0044529
0.0040613
0.0087013
-0.0048229
0.005209
-0.0027933
0.0045013
-0.0033991
-0.0093484
0.0008819
-0.0065047
-0.0028535
0.0069123
-0.0071509
0.0086144
-0.0021537
0.0060866
0.0080165
0.0033994
0.0041257
-0.0097382
-0.0042169
0.0085643
-0.005164
-0.0046848
-0.0055064
-0.0011307
-0.0079359
0.0035657
-0.0098744
-0.0057392
0.0085335
0.0050266
-0.0097839
-8.45e-5
0.0052753
-0.003848
0.0099472
0.0011917
0.0012034
-0.0025217
0.0035303
-0.0096017
-0.00865
0.0099908
0.0047522
0.0016753
0.0056322
0.0077844
-0.0099675
0.0078679
-0.002255
0.002399
-0.0041069
0.0085272
-0.0039389
0.0026192
0.0094698
0.0036712
-0.0083485
-0.0069504
0.0032732
0.0093599
0.0059538
-0.0027841
-0.0085182
-0.0085183
-0.0007329
-0.0058726
-0.0020919
-0.0047072
0.0094088
0.0045349
0.0050091
0.0014911
-0.0058125
0.0025978
-0.0086437
0.0041714
-0.0024688
0.0068483
0.0040884
-0.0036392
-0.0006754
0.0017291
-0.0045279
-0.0035889
0.0037529
-0.0077264
0.0049438
-0.0081526
-0.0070564
-0.0006725
0.0002751
0.0043166
-0.009713
0.0094374
0.0080625
-0.0024066
-0.0060576
-0.0084541
-0.0060227
-0.0090046
-0.0095175
0.0025482
0.0015513
-0.0084425
-0.0036454
0.0061021
-0.0007095
-0.0030583
-0.0079325
-0.0007696
-0.0027826
-0.0055756
0.0007934
-0.0049449
0.0010764
-0.0040406
1.82e-5
-0.0054826
0.0086179
-0.0075596
-0.0070787
-0.0094561
-0.001354
0.003332
0.0082034
-0.0035232
0.0013965
-0.0047135
-0.0094544
-0.0030591
0.0052566
-0.0092609
-0.0060701
-0.0093962
0.0046681
-0.0003928
0.0051538
0.0055175
-0.0005472
-0.0035528
-0.008512
-0.0041766
0.0033264
-0.001983
-0.0015485
0.0096972
0.0078289
0.004266
-0.0034292
0.0045938
-0.0042585
0.0005177
0.0013637
-0.0005884
0.0092836
-0.009688
0.0056375
0.0066586
0.0046245
0.0061261
0.0027163
0.0031084
0.0008738
-0.0084784
0.0061324
-0.0072517
-0.0073223
-0.0080709
-0.0076482
0.0099153
-0.0006673
0.0002676
-0.0067197
0.0034902
0.0039474
-0.0001355
-0.0038195
-0.0097811
-0.0043874
0.0073511
-0.0063529
0.0069079
0.0065405
-0.0054932
-0.0012703
0.0082373
-0.0039143
-0.0099486
-0.0097725
-0.0038457
-0.0003012
-0.0017969
0.0097879
-0.0057905
-0.005979
0.0007212
0.0072164
0.0009482
-0.006192
-0.005285
0.0022698
0.0011589
0.0008069
0.0088782
0.0031703
0.0056438
-0.0044009
-0.0092911
0.0012583
-0.009619
-0.0037806
0.0083739
-0.0075601
0.0097641
-0.00184
0.0011309
-0.0081236
-0.0021391
0.0089397
-0.0043028
-0.0052646
-0.0093269
-0.000179
0.0007416
0.0019753
0.0043954
0.0052723
-0.0060277
-0.0083259
-0.0093418
0.0083069
0.0083111
0.0082526
-0.0094959
0.0070676
0.0093378
-0.0069317
0.0010647
-0.0025328
-0.0013065
-0.0016088
0.0028924
0.0026121
-0.004088
-0.000384
-0.0003076
0.0062047
-0.0021355
-0.0089639
0.0028718
0.0081035
0.0029528
-0.0055029
-0.0083102
0.0059292
-0.0075344
0.009924
0.0085923
-0.0048803
0.0059979
-0.0048641
-0.0053055
-0.003642
-0.002489
-0.0038355
-0.00601
-0.0013604
0.001022
0.001146
0.0039253
-0.0059633
0.002884
-0.0047025
0.0025761
-0.0038025
-0.0059108
0.0011955
-0.0068625
0.0032712
0.0023559
-0.0012413
-0.0011659
-0.001439
-0.0007705
-0.0018865
-0.0093452
0.0026271
0.0079736
-0.0016396
0.0023836
0.0046616
0.0057975
0.0019168
0.0057627
-0.0062447
0.006549
0.0077787
-0.0010025
0.0006559
-0.0095573
0.0002331
0.0092076
0.0053281
-0.0083756
-0.0021798
-0.0062753
-0.0003862
0.0095996
0.0030119
-0.0079485
-0.0048154
