-0.0098555
0.0095257
-0.0071678
0.0046258
-0.0089102
0.0066242
-0.0064161
0.0007329
-0.0029714
-0.009483
-0.0020821
0.0094969
0.0064067
-0.0091184
-0.0097409
-0.0091365
0.0072064
0.0003072
-0.0045648
0.0047863
0.0058643
0.0007092
-0.0094709
-0.0037199
-0.008958
0.0092991
0.0052821
0.0063656
-0.0059468
0.0058611
0.0057338
-0.0098543
-0.001115
-0.0026001
0.0085284
-0.0026889
0.0052656
-0.002749
-0.0063444
0.0042239
-0.0040981
-0.0002087
0.0038154
-0.0049805
0.0057661
0.0008988
0.0043107
-0.004049
0.0055885
-0.0014482
-0.0010755
0.0038545
-0.0080082
0.0042767
0.0071621
-0.0046313
0.0086154
0.008505
-0.0011517
-0.0029132
5.25e-5
0.000943
0.0072243
-0.0090161
0.0087528
-0.002329
-0.0020335
-0.009343
0.0071974
0.0074675
-0.0005016
-0.0036435
0.0074046
0.007938
-0.0008253
-0.0048385
0.0051682
-0.0005282
-0.0009012
0.0072004
-0.0015651
0.0014214
-0.0063259
-0.0003281
0.0001674
0.0081175
0.0020479
0.0038283
-0.0063011
0.0094657
-0.0030443
-0.0048128
0.0042762
0.0021526
0.0072989
-0.006386
0.00024
-0.0033707
0.0061595
-0.0098386
0.0045522
0.0063575
-0.0015612
0.0062875
-0.0046095
0.0028112
0.0037225
-0.0029802
-0.0065729
0.0031125
0.0072151
-0.0037386
-0.0029078
-0.002244
0.0062045
0.0075802
-0.0084579
-0.0051515
-0.0079128
0.0063799
0.0067666
0.0085507
0.0092267
-0.0091698
-4.53e-5
0.0041148
0.005297
0.0023314
0.0064983
0.0024319
0.00607
0.0021668
0.0050923
-0.0081945
0.0093844
-0.0088739
0.0095563
0.0001793
-0.0074474
0.0081498
-0.0031882
0.0055918
-0.0047831
0.0054872
-0.004558
0.0051672
0.0050329
-0.00614
-0.0035653
-0.0004676
0.004228
-0.0072798
0.0037959
0.0095591
-0.0035272
-0.008579
-0.0069317
-0.0059271
0.0070563
-0.0031893
0.0024128
-0.0067467
0.0072006
-0.0058028
0.0092306
0.0080331
0.0032631
0.001184
0.0046012
-0.0035067
0.0081889
-0.0009026
-0.0055126
0.0059097
0.0034849
-0.0088034
0.0074138
-0.0082642
0.0049252
-0.0095427
0.0093875
-0.0015301
0.002374
0.0069862
-0.0079928
0.0048446
0.0097046
-0.008746
0.0041679
-0.002058
0.0099482
0.003529
-0.0044183
0.0026538
-0.0073486
0.0037405
-0.0047355
0.0022364
-0.006625
0.0022438
0.0012335
-0.0020436
0.0090688
0.0029081
0.0022499
-0.0068143
-0.0035426
0.0020688
0.0028074
-0.0018167
-0.0090741
-0.0068627
-0.0087639
0.0086258
0.0029924
0.0032973
-0.0020605
-0.0084941
-0.0099155
-0.0046211
-0.0048883
0.0059172
-0.0020036
-0.00688
0.0097365
-0.0064297
-0.0019479
0.0061648
-0.0052264
-0.0050201
-0.0012306
-0.0077916
-0.0071194
-0.0090564
-0.0044159
0.0094304
0.0023824
0.0087881
-0.007492
0.0043736
0.0054689
-7.99e-5
0.0082337
-0.0098897
-0.0084562
0.0020545
-0.0098356
-0.0055091
-0.0061571
0.0062278
-0.0086715
0.0094213
-0.0016059
-0.0025458
0.0012438
0.0006635
-0.009383
0.0058705
0.0012715
0.0065555
-0.0012563
0.0056553
0.0088501
0.0037018
-0.0013067
-0.002291
0.0020163
-0.006763
0.0001799
-0.0045479
-0.0047654
0.0067104
-0.0034128
0.0027082
0.0007445
-8.65e-5
-0.0080744
0.0005497
0.0022144
-0.0084189
0.0009774
0.0079678
0.0079341
-0.007162
0.0046879
-0.0044109
0.0023189
-0.006872
-0.0043293
0.0082275
0.009866
-0.0091283
0.0013807
-0.0055879
1.7e-5
0.001886
-0.0098059
-0.0027602
-0.0066386
-0.0089288
-0.0069336
-0.0024544
-0.0097353
0.0060427
-0.0032082
0.0066969
0.0071851
0.0056729
0.0017426
0.0090663
-0.0035962
0.0096314
-0.0087769
0.0019126
-0.0011269
0.0053953
-0.0068831
-0.0027915
0.0087611
-0.002646
-0.0070951
0.0088438
-0.0075547
-0.0024211
0.0070104
-0.0072025
-0.0018969
0.0046955
0.0031197
0.0019224
-0.0068771
0.0010899
0.0088183
-0.0087884
-0.0043882
-0.0086219
-0.0085583
0.0006718
-0.0086755
-0.00743
-0.0003418
0.0037864
0.0012337
-0.0017804
6.86e-5
-0.0062787
0.0060905
0.0006494
-0.0072305
-5.69e-5
-0.0087518
0.0099563
-0.0075806
0.0013663
-0.0061192
0.0085473
0.006104
1.3e-5
-0.0006384
-0.0023812
-0.005407
0.0043438
-0.0068216
-0.0072853
-0.0005852
-0.009293
0.0026185
-0.0018922
0.0043459
-0.0059831
-0.0074705
-0.0039881
1.53e-5
0.0070697
0.001186
0.0048173
-0.0031618
-0.0060407
-0.0008502
-0.0089536
0.0009566
0.0021624
-0.0004619
-0.0009088
0.0037028
-0.0009824
0.0062433
0.0007926
-0.0060035
-0.0067957
0.0047448
0.007618
-0.0048055
-0.0070758
-0.0032913
-0.0082253
0.0032776
0.0014345
-0.0086654
-0.0012599
-0.004208
0.0051955
0.003015
-0.0090957
0.0085621
0.0071703
7.75e-5
-0.0081997
0.0093112
0.0007259
-0.000585
-0.0015429
-0.0065717
0.0017269
0.0092147
0.0097033
-0.0050936
0.007479
0.0014361
0.0092615
0.004418
0.0040155
-0.0038458
-0.0023369
-0.0096362
-0.0056581
0.0049703
0.0082095
0.0019984
-0.0014378
-0.0066551
-0.0060007
-0.0042391
-0.0099845
0.0069642
0.0042904
0.0027663
-0.0056377
0.0066405
-0.0014094
0.0083266
0.0059888
0.0003721
0.002541
-0.0015084
-0.0035111
0.003137
0.0068011
0.0059833
0.0052455
-0.0026731
-0.0091329
0.0077464
-0.0071218
0.008674
-0.0061461
-0.0053363
-0.0079486
-0.0075248
-0.004409
0.0093867
0.0061962
-0.0079833
-0.0028187
0.0013597
0.0053721
0.0098289
-0.0090262
0.0041449
0.0020056
-0.0034568
-0.0098288
-0.006938
-0.0088989
-0.0032209
0.0091512
0.0001184
-0.0094528
0.0094423
-0.0040151
0.006099
0.0065835
-0.0015
0.0097726
-0.005731
-0.0018037
0.006613
-0.0018321
0.0003937
0.0052383
-0.0043423
0.0067751
-0.0087929
0.0053176
0.0004054
