-0.0097453
0.0081348
0.0083745
0.0013699
0.0050259
-0.0083603
0.009682
0.0098048
-0.0071427
0.0095296
0.0001928
-0.0083227
-0.005236
0.003376
-0.0023464
-0.001963
0.0029711
0.0022184
0.0063884
-0.0003129
0.0023117
0.0049203
0.0013234
-0.0007491
-0.0060364
0.0040839
-0.0028141
-0.0052592
-0.0048541
0.0079388
0.0029112
0.0086821
0.0069144
0.0037717
0.0019194
-0.0049924
0.0029698
0.008822
-0.0078911
-0.0033646
-0.0044292
0.0025101
-0.0089503
0.0034131
-0.0096633
-0.0034368
0.0031078
-0.0014387
-0.0010243
-0.0038316
0.009401
0.0085002
0.0004859
-0.0066672
0.009637
-0.0014442
0.0039944
0.0079683
0.0008394
0.0099016
0.0011617
0.0036644
0.0018599
0.0036467
0.0051919
-0.001557
-0.0083306
0.0077437
0.0018984
-0.0077013
-0.0090254
0.0022731
-0.0096451
0.0055342
0.0018517
-0.0066783
-0.0081966
-0.0050095
0.0059023
-0.0050231
0.0061361
0.0028504
-0.0029425
0.0024329
0.0036072
-0.0025662
-0.0046378
0.0087724
-0.0039958
-0.0043288
-0.0069251
0.0080905
-0.007644
-0.0042382
-0.0061873
-0.0068663
-0.0066206
0.0077098
0.0026793
-0.0075722
0.0056184
-0.0075298
0.0054395
0.0013343
-0.0050459
0.0020103
0.0069539
0.0016382
0.0081187
0.0014365
0.0050764
0.0070038
0.0094852
-0.0065246
-0.0008051
-0.0069767
-0.0036248
0.0076515
-0.0031968
-0.0080522
-0.006765
-0.0043384
-0.0074282
0.0046076
0.00849
0.0030682
-0.000796
-0.0025255
-0.0082204
0.0077305
-0.0063394
0.0065583
-0.0016211
-0.0069148
-0.0005388
-0.0013953
-0.0003737
0.0059384
0.0085025
-0.0084851
-0.0048289
0.0074021
0.0002395
0.000856
0.0055727
-0.0048639
-0.0089621
0.0062669
-0.0025345
-0.0077928
-0.0063606
0.0032268
0.005288
-0.0080844
-0.0028171
-0.0072282
0.0027045
0.0031156
-0.0036961
0.003345
-0.0028974
-0.0029087
0.0050187
-0.0038286
-0.0046896
-0.0021402
-0.0008332
0.0066192
0.0084742
0.0044604
0.0059517
-0.009259
-0.0039153
-0.0029767
-0.0065108
0.0011709
0.0056525
0.0028385
-0.0060453
0.0020067
0.0046103
-0.0066363
0.0034963
-0.0049906
0.0006441
0.0081799
-0.0063602
0.0080773
-0.0022076
0.008163
0.0065155
-0.0035264
-0.0025172
-0.0077043
-0.0077147
-0.0011464
9.39e-5
-0.0052835
-0.0040334
0.0064452
-0.0087756
0.0044755
0.0079987
0.0026763
0.0065631
0.003701
-0.0054495
-0.0027733
0.0049268
0.0007014
-0.0069594
0.009372
6.5e-6
-0.009362
-0.0068923
-0.0021093
0.0001731
0.0059905
-0.0076614
-0.0017529
0.0007475
0.0018823
-0.0044966
-0.0089439
0.0082674
0.0093892
0.0008388
0.00956
-0.0065293
0.0018445
-0.0085972
-0.004731
-0.0027368
-0.0017703
-0.0021462
0.0048165
-0.0094688
0.00812
-0.0093741
0.003331
-0.0041586
0.003654
-0.0018392
-0.001233
-0.0006827
-0.0094451
0.0099957
0.0065276
-0.0067353
-0.0084961
-0.0084711
0.0057432
0.0003253
0.0025966
0.0020296
-0.0092677
0.0022325
0.0092438
-0.0092808
0.0086673
0.006179
0.0003115
-0.0030329
0.007684
0.0072701
-0.0039526
0.00906
-0.0040467
-0.0026233
0.0019234
-0.0077272
-0.0022303
0.0087991
-0.0016877
0.0028991
-0.0024827
-0.0053106
0.0090697
-0.0019702
-0.002909
-0.0039552
-0.0024476
-0.0068147
-0.0036755
-0.0051776
0.0025222
0.0075776
0.0094813
-0.0077609
0.0013431
0.0024936
-0.002587
0.0036589
0.0089881
0.0085509
-0.0034972
-0.003521
-0.0033475
-0.00885
-0.0031894
-0.0003245
-0.0021451
0.0011049
0.0039397
-0.0024017
0.0050072
-0.007621
0.0022546
-0.0014131
-0.0086372
0.0060139
0.0077785
-0.006308
0.0098761
0.003336
0.0040934
-0.0006253
-0.0056696
-0.0091336
-0.0084673
-0.0034797
0.0051357
-0.0077349
-0.0090821
-0.0012775
-0.0095082
-0.0085734
-0.0029822
0.0033576
-0.0019196
0.0052389
-0.0004458
-0.0034433
-0.0062217
-0.0057675
-0.0025716
-0.0057388
-0.0034232
0.0022037
0.0017916
0.0048393
-0.0009891
0.0027045
0.0010188
-0.0065725
0.0039838
-0.0072508
-0.0027906
-0.0006712
-0.0035892
0.0034762
0.0095225
0.0073862
-0.0017473
0.0007305
-0.0072041
-0.0009204
-0.0053378
0.0087628
0.0093929
0.0059709
-0.0067901
0.0009472
-0.0064253
-0.003129
-0.0092654
0.0015567
0.0085791
-0.0040913
-0.0003996
-0.0060959
0.0087281
0.002195
-0.0048434
0.0087198
-0.0011572
0.0042185
-0.0043825
-0.0064999
0.0012219
0.0091436
0.0072248
-0.0019231
0.0052613
0.0084238
0.0001735
0.0039992
-0.0054207
0.0038383
-0.0040438
0.008878
-0.0090822
0.007242
-0.0048026
-0.0039917
-0.0049448
-0.0015288
0.0076252
0.008837
0.0003237
0.0096908
0.0079012
0.0055812
-0.0071842
0.0099359
0.0086466
-0.0053511
0.0071123
0.0002273
0.005342
-0.0021462
0.0037342
-0.0042796
-0.0089814
-0.006866
-0.0043022
-0.0039023
-0.0074604
0.003156
0.0048408
0.0051015
0.0054511
0.0046589
-0.008177
0.0069894
0.0002239
-0.0051948
0.0086682
-0.0049156
-0.0074898
-0.0064642
0.007527
0.0084047
0.0039591
0.0022615
-0.0071367
0.0023688
-0.0068198
0.0078114
-0.0007982
0.0056205
0.0012199
0.0040038
-0.0053815
-0.004502
-0.0037374
-0.0099905
0.0032078
-0.0064325
-0.0065827
0.0005493
-0.0005038
0.0053046
0.0084925
-0.0080461
-0.0024112
-0.0030897
-0.0055396
-0.0003791
-0.0086696
0.0069459
-0.0010954
-0.0064322
-0.0022613
0.0081868
-0.003491
-0.0018739
0.0067931
0.0059891
0.0040801
0.0092004
0.00719
-0.0039377
-0.0014889
-0.0027944
0.0030976
-0.0015196
0.0022385
0.0060075
0.0089481
0.0086824
-0.0087499
-0.0046015
-0.0035648
-0.0019697
-0.0035395
0.0031056
-0.0006795
0.0077863
-0.0057858
0.0045165
0.0048697
0.0025662
0.0079821
-0.0065684
