0.0056685
-0.0054136
-0.0077817
0.0055857
-0.0028291
-0.0035598
-0.0043079
-0.0060278
-0.0054645
0.0001728
-0.0006912
0.0081293
0.0079811
0.0032826
0.001126
0.0058209
-0.0079925
0.0076086
0.0038274
0.0008366
0.0063852
-0.0041533
0.0002105
0.001575
0.0084042
0.0059241
0.0035571
-0.0021514
0.0035291
-0.0067737
-0.0004826
0.0080212
0.0067827
-0.005129
0.006185
0.0069894
0.0059083
-0.0091578
-0.0061916
-0.003868
-0.0034051
0.0090067
-0.0020205
0.0057178
-0.009507
0.0041932
-0.0051883
0.0046096
-0.0030302
-0.0097117
-0.007138
-0.0048088
-0.0003075
0.0097961
-0.0058925
-0.0094672
0.0046762
0.0053981
0.0052458
0.0054122
0.0092168
-0.0050969
0.0078661
-0.0072305
-0.000144
-0.0076378
-0.0012443
-0.0095279
-0.0093044
0.0016383
0.0068562
0.0011067
0.0052056
0.0035672
-0.0024508
0.0037738
-0.0040337
0.0003774
0.0079369
-0.0089821
0.0093735
-0.0067696
0.0060999
0.0024557
-0.0081969
-0.0042724
0.0011417
-4.69e-5
0.0007873
-0.0090219
0.0069349
0.0068558
0.0039913
-0.0029666
-0.0054202
0.0012105
-0.0074578
0.0057445
0.0072873
-0.003745
-0.0047925
-0.009721
-0.0035404
0.0095611
0.0068922
0.001875
0.001812
-0.0039071
-0.0057065
-0.005196
-0.0078036
0.0070035
0.0030032
-0.0010522
0.0094463
0.0068605
0.0006967
0.0076432
-0.0002577
0.0093734
0.0009168
0.0061875
-0.0048523
-0.0023428
0.0003317
0.0079031
-0.0002992
-0.0044698
-0.0031341
0.0002269
0.0059596
-0.0062812
0.0096018
0.001242
-0.0056382
-0.0060588
0.0059036
8.46e-5
0.0044151
-0.006851
-0.0047379
0.001481
-0.006185
0.0082507
-0.00894
0.0073874
-0.0093915
0.0065495
0.0036258
0.0048018
-0.0089685
0.005497
-0.0059776
0.0090903
-0.00012
-0.0025759
0.0081937
-0.0003786
0.0053326
0.0001253
-0.0013114
-0.0040404
-0.0073604
0.0090928
0.00959
0.0010551
-0.0073388
0.0014898
0.0074622
-0.0036018
0.0078859
0.0053491
0.0005717
0.004551
-0.0039987
-0.0090698
-0.0068781
0.0094815
0.0006298
-0.0091231
0.0043549
0.0070757
0.0040989
0.0056109
-0.0002687
-0.0098252
-0.000403
0.0024588
-0.0044248
4.75e-5
-0.0025241
0.0097355
0.0043368
0.0065855
-0.0044518
0.0089105
0.0085402
-0.0075221
0.0041787
0.0025937
0.0066323
0.0039773
0.0012911
-0.0001139
-0.0001297
-0.0042322
0.0082177
0.009095
0.0045738
0.0011632
0.0057011
-0.0029077
0.0052252
-0.0016421
0.0062578
-0.0054665
-0.0051844
-0.0042169
-0.0086711
0.0049649
-0.000539
-0.0051982
-0.0098921
-0.0012125
-0.0008029
-0.0044137
-0.0041472
0.0075156
-5.24e-5
0.0003665
-0.0049457
0.0084254
-0.008694
-0.000906
-0.0043135
0.0059604
0.0085427
-0.0027225
-0.0032092
-0.002848
-0.0056226
0.0091108
-0.0033039
0.0040299
0.0070509
0.0064205
-0.0063536
-0.0030596
-0.0015046
0.0074257
-0.0060252
0.0003154
-0.0054086
-0.0014933
-0.0070335
-0.0065121
0.0017814
-0.0053064
-0.0017933
-0.0026855
-0.0051508
-0.0076275
0.0025798
-0.0072921
-0.0012535
0.0008596
-0.000679
-0.007998
0.0042426
0.0060835
0.004391
-0.0019821
0.0008416
-0.0038605
0.0054207
0.0069067
0.0027175
0.0079023
-0.0031845
0.000908
-0.0084557
0.0092971
0.0060852
-0.0081137
0.0010838
-0.0026019
-0.005559
0.0085222
-0.0032674
0.0053486
0.0027614
-0.0086597
-0.0060866
-0.006868
-0.000168
0.0012997
-0.008016
-0.0082435
-0.0077145
0.0045575
-0.0093261
-0.0038173
0.0036462
0.005637
-0.0013542
-0.0050041
7.29e-5
0.0092922
0.0053446
0.0040767
0.0027753
-0.0079157
-0.0008733
0.0087134
-0.006363
0.0034842
0.0088375
-0.0023377
-0.0068853
-0.0065893
-0.0093961
-0.0030609
0.0081254
-0.0036984
0.0023756
-0.0022096
0.0030581
-0.000416
0.0098832
0.0055599
0.0088016
0.0058061
-0.0089124
-4.81e-5
-0.0041455
-0.0041246
-0.0049911
-0.009453
0.008888
-0.0056559
0.0036152
-0.0031329
-0.0033706
-0.0061278
-0.0008503
0.00306
-0.0045283
0.0039155
0.0005712
0.007721
-0.0047895
-0.008033
0.0031089
-0.0005736
0.0055928
-0.0077573
-0.0075386
-0.002061
0.0031438
0.0081097
0.008221
-0.00124
-0.0025031
0.0006981
-0.0088096
-0.0022998
0.0022729
0.0088285
-0.0089426
0.0076874
0.0051864
-0.0053805
-0.0028884
0.0076971
-0.0089206
0.0062947
-0.0068772
-0.0033045
-0.0001561
0.007712
0.0060418
0.0043694
0.0009193
0.0094483
0.0072157
0.0061618
-0.0058637
0.0088114
0.0049714
-0.0092523
0.0018987
-0.0029527
0.0061977
-0.0052968
-0.0046725
0.0091232
-0.0057755
-0.0021373
0.0081551
-0.0090985
0.0078886
0.0065229
-0.0097337
-0.0072518
-0.0012341
-0.0023772
0.0091593
-0.0016921
-0.0053916
-0.0090638
0.0040606
0.000333
0.0085213
0.0003056
-0.0098063
0.0094095
-0.0030137
-0.0039169
-0.0012337
-0.0093972
0.0072
0.0063226
0.0095005
0.0016007
0.0084405
-0.0010026
-0.0065697
0.0048246
-0.0073995
-0.0038745
-0.0050758
0.0041839
0.0067911
0.0050262
-0.0032568
0.0095773
0.0060372
-9.79e-5
-0.0075471
-0.0046709
0.0025603
0.0071308
-0.0012693
-0.0035263
-0.0014137
-0.0075712
-0.0027438
-0.0031487
-0.0037999
-0.0033683
-0.002135
0.0053812
0.0052138
0.0085945
0.0039739
0.0075603
0.0066016
-0.0039575
-0.0014251
-0.0093268
0.0023381
0.0016377
0.0031023
-0.0047518
0.0092918
0.0064557
0.0033941
0.0022924
-0.0070544
0.0099772
0.005191
0.0034786
0.0045289
-0.0076826
-0.005129
-0.0024137
-0.0001893
-0.0081479
0.0002757
0.0009371
-0.0083077
0.0096852
-0.0056183
-0.0022336
0.005127
0.0098826
-0.005095
-0.0094818
-0.0063221
0.0037179
-0.0045925
-0.0083612
0.009499
-0.0067811
-0.0089481
