-0.0082522
-0.0089722
0.0030692
-0.0078029
-0.0052406
0.0020887
-0.0063702
-0.0093686
0.0007454
-0.0028044
0.0078413
-0.0016246
0.0093108
-0.0094094
0.0076217
-0.0068282
0.0074023
0.0003985
-0.0020164
0.0084955
0.0085439
0.0021631
-0.0087248
0.0023664
0.0058286
-0.0083483
0.0066177
-0.0088618
-0.0045078
-0.0056926
-0.0017351
-0.0073765
0.0018968
0.0030729
-0.0042241
-0.0001131
0.0099091
0.0031529
0.0012157
0.0074496
-0.0078806
0.0070928
-0.0073783
0.0076928
-0.0007063
-0.0049799
0.0012092
0.0027707
-0.0080034
0.0031165
-0.0061533
-0.0026746
-0.0038564
-0.0018439
0.0071189
0.0041826
0.0001219
-0.0029414
0.0072648
0.0094484
0.0039563
-0.0094761
-0.0006255
-0.0028234
-0.0015443
-0.0019732
0.0052584
0.0051008
-0.0074833
-0.0031543
0.0016578
-0.0046815
0.0042832
0.0046185
-0.0063884
-0.0037386
0.004618
0.0019398
0.0025993
0.0018433
0.0089484
-0.0079985
0.0006045
0.0002079
0.0031527
0.0047087
0.0046033
0.00216
0.0071615
-0.0090933
-0.0034879
0.0068452
0.0006929
0.0067544
-0.0014102
-0.0061248
0.0092975
-0.0061732
0.0003379
-0.0078267
-0.004913
-0.0048789
0.0016748
-0.0086137
-0.007237
0.0096055
0.0028337
0.0011308
-0.0049737
0.0036582
-0.0058805
-0.0079956
0.0016014
-0.0024035
-0.0099734
-0.0081043
-0.0087554
-0.0085821
-0.0068393
-0.0018186
-0.0067912
-0.0039829
0.0070901
-0.0034524
0.0036476
0.0023229
-0.0038763
0.0016764
-0.0058272
-0.0077158
-0.0009142
-0.0026442
0.0049754
-0.0001357
0.0027106
0.0085004
-0.0097794
-0.0089461
-0.0056654
-0.0064571
-0.0005144
-0.009335
0.0052002
0.0058719
0.004429
-0.0031661
0.0037638
-0.0007037
-0.0018134
-0.0001126
-0.0014513
-0.0025397
0.0056001
-0.0033684
-0.0024972
0.0043168
-0.0010744
0.0093107
-0.0053826
0.0032872
-0.0095512
0.0019787
0.0041306
-0.0077283
0.0028995
6.37e-5
-0.0053568
-0.0033555
-0.0087329
-0.0077102
-0.0011062
0.0015311
0.0057469
0.0055257
-0.0028396
-0.0033089
-0.0035493
-0.0042931
0.0027125
0.000636
-0.0062505
0.0074993
-0.0008355
-0.001263
-0.0056798
-0.0020424
0.0041559
-0.0031578
0.0089541
-0.005695
-0.0008514
0.0004174
-0.0088222
-0.0027701
0.0026847
0.0098126
-0.0016878
0.0049021
-0.0057814
-0.0050153
-0.0034537
0.0003901
0.0057807
-0.0088213
0.0053101
0.0046341
-0.0028011
0.0016478
-0.0005318
0.0010932
0.0003472
0.0076589
9.9e-6
0.0068418
-0.0025846
0.0072863
-0.0031463
-0.0064984
0.0015974
0.0015965
0.0042697
-0.0014316
0.0061635
-0.0098821
0.0088112
0.0099792
0.0045427
0.0050428
0.0077736
0.0097162
-0.0086594
0.0004335
-0.000199
0.0036331
0.0002754
-0.0070953
0.0060736
0.0028521
-0.0034358
0.0062541
-0.0019061
0.0029229
0.0059316
0.0067948
0.0037397
-0.0023344
0.0066868
-0.0092169
0.0054282
0.0056909
-0.005713
-0.0060322
0.0045776
0.0003465
0.0019572
-0.0091163
-0.0028454
-0.0077216
0.0033217
-0.0006022
0.0036818
0.0088796
0.00671
-0.0062199
0.0047427
-0.0094397
0.0021998
-0.0067861
-0.0036494
-0.0049886
0.0043354
-0.0098859
-0.0016386
0.0063464
0.0045221
-0.0003487
0.0060214
0.0081192
0.0072502
-0.0050632
0.0026555
0.0064547
-0.0011971
0.0043448
-0.0065261
0.0047306
0.0027029
0.0070465
-0.0065947
-0.0080507
0.0079145
-0.0060862
0.0035322
-0.003048
0.0064
-0.0050438
-0.0089086
-0.0029013
0.0095501
0.0073765
0.0011207
0.0095653
0.0074171
-0.0074598
-0.0086579
0.0089519
-0.0093969
-0.0043238
-0.0038368
0.0093501
-0.0096388
0.0038379
-0.0049505
0.0029697
0.0030162
-0.009309
-0.0048034
-9.72e-5
-0.003125
-0.002633
0.0016516
0.0071428
0.0055792
0.0079413
-0.0099806
0.0050737
0.0006197
0.007449
0.0033273
-0.0075003
-0.0085977
0.0071893
-0.0070861
0.0010917
0.0073273
0.0042097
-0.0084839
-0.0038733
-0.0088444
0.0017015
-0.0047307
-0.005307
-0.0021575
0.0066622
0.0079341
0.0081748
0.0078987
0.0028871
0.0042702
0.0069042
0.0071248
0.000695
-0.0031832
-0.0086796
-0.0074552
0.0014524
0.0023286
0.001778
0.0068986
-0.0014624
0.0008332
-0.0045357
0.0072116
-0.0056752
-0.0043016
-0.0016884
-0.0008434
-0.0071793
-0.008862
-0.005454
0.004442
0.0076731
0.0063288
-0.0062055
-0.000625
-0.005739
-0.008929
-0.00318
-0.0093919
-0.006294
-0.00536
0.0043008
-0.0028759
-0.0045583
0.0017432
0.0003742
0.0045999
-0.0055802
-0.0063734
-0.0089626
0.0058876
0.0081572
-0.0081758
0.0023111
-0.0051122
-0.0086952
-0.0095966
-0.0078345
-0.0061754
0.0087493
0.0049212
-0.0005667
-0.0083746
0.004344
0.0015423
0.0075425
-0.0057949
-0.0050771
0.0094386
0.0061173
-0.0033711
0.002483
-0.0041573
0.0074534
-0.0046099
-0.0071889
-0.0093224
-0.0050363
0.0048074
0.0077432
0.0049209
-0.0006385
-0.0009089
0.0046046
0.0051625
-0.0003496
-0.0079921
-0.0035229
-0.0086353
0.0005114
0.0063094
-0.0058993
-0.0097859
0.0024384
-0.0085074
0.0015429
0.0085366
0.0005168
0.0006261
0.0073962
0.0034509
-0.0006592
0.002475
0.0017513
0.0001663
0.0034871
-0.0035508
-0.0010713
0.0071531
-6.6e-5
-0.0056958
-0.0044765
0.0026051
0.0002817
-0.0073205
0.0086962
-0.0031959
0.0047584
-0.0071482
-0.0010182
0.0056188
-0.0088191
0.0082621
0.0015759
-0.0002037
0.0050411
-0.008573
0.0050181
-0.0042415
0.009761
0.0072538
0.009931
-0.0022272
-0.0097637
-0.0074165
-0.0052057
-0.007677
0.0013143
-0.0039952
-0.0085003
-0.0070675
-0.0097066
-0.0038446
0.0050735
0.0064523
0.0073157
9.2e-6
0.0097815
0.0091155
0.0025174
-0.0067282
-0.002355
0.0047597
0.0008991
-0.000987
