-0.0007432
-0.0056623
0.0035347
0.0034457
0.0066573
-0.0054527
-0.006552
0.0006538
-0.0057017
-0.0012093
0.0023996
0.0075824
-0.0022399
-0.0064545
0.0082842
-0.0063291
0.0017554
0.0059738
-0.0044345
-0.0088436
-0.0018804
-0.003352
0.0033505
0.0013305
0.009602
-0.0069923
-0.0056545
0.0022059
0.0020929
-0.0086321
-0.0046819
-0.0097691
0.0099345
0.0067657
-0.0068209
0.0033667
0.0071968
0.0018656
-0.0031338
0.0009604
-0.0026704
-0.0010557
-0.0040854
0.0037887
-0.0003612
-0.0027289
-0.0079305
0.0034503
-0.0098277
-0.0091533
-0.0018939
-0.0039096
-0.0015629
0.0063778
0.0081925
-0.0088473
-0.0054185
0.00556
-0.0093703
0.0066449
-0.0005895
-0.009965
-0.0042888
0.0050633
-0.0048378
0.0032669
-0.0020707
0.0081547
0.0088788
0.0048921
-0.0011735
-0.0048362
-0.0049288
-0.0053024
-0.0022478
0.0033067
0.0026923
-0.005908
-0.0029715
0.0054961
-0.0076524
0.0042728
-0.0023574
0.0074135
-0.0026099
-0.0017164
0.0084666
-0.0039729
0.0004816
-0.0022769
-0.0016468
-0.0023271
-0.0039257
-0.0059421
0.00084
0.0070538
0.0085875
0.0021724
0.0089597
0.0057526
-0.0019967
-0.0098883
0.0007183
0.0078621
0.008178
-0.0071912
-0.0088783
0.0091076
0.0010148
-0.0052003
-0.0024167
-0.0018669
0.0006871
0.0083234
0.0098755
0.0089232
0.0064128
0.0093068
0.0008599
-0.0050887
0.0059632
0.0042376
-0.0072786
-0.0072007
-0.0047686
0.0084941
0.001769
-0.0046489
-0.0005709
-0.0051503
0.0031955
0.0026015
-0.0020787
0.0035986
-0.0050336
0.0082917
-0.0085536
-0.0083791
0.0059428
-0.008152
-0.0075582
0.0004968
0.0015082
0.0075355
0.0079987
-0.0058966
0.0003615
-0.0002884
0.0064171
-0.0028528
-0.0059147
0.005416
-0.0040218
0.0041147
-0.0046689
0.006769
0.0006428
0.0012235
0.0017295
-0.0094925
-7.3e-6
-0.0077722
0.0009577
0.0028415
0.0099757
0.0018321
0.0017852
0.0021747
0.001385
0.0029031
-0.0001539
0.0005341
-0.0017028
0.0053725
0.0071779
-0.0090113
0.0059656
-0.0027637
-0.007498
0.0010132
-0.0070224
0.0057419
-0.0025945
-0.0014924
-0.0068633
0.0068717
0.0092106
4.24e-5
0.0008348
0.0055851
0.0098263
0.0039371
-0.0070434
0.003579
0.0054717
0.0016743
0.0022484
0.0011933
-0.0064717
0.0015134
-0.0042337
0.0067078
0.0041454
-0.0083752
0.0071324
-0.0004883
0.0094643
-0.001302
0.003647
-0.0006803
0.003636
-0.0004663
-0.0064803
-0.0089621
-0.0081383
0.0065707
-0.0047607
0.0031411
0.0033252
-0.00337
-0.0045552
0.0058383
-0.0058012
0.0020272
-0.0080706
-0.0084126
0.007485
0.000569
0.0008673
0.0020694
-0.0088056
-0.0014148
-0.0023259
0.0061237
0.0032028
0.0037342
0.0081244
0.0098181
0.0083295
0.0012005
0.0099856
-0.0032717
0.0094129
0.0093133
0.0022305
0.0057136
0.0002776
-0.0037598
-0.0045053
-0.0030472
0.0058621
0.002351
-0.0028707
-0.0088425
0.0002671
-0.0015711
0.0011635
0.0068106
-0.0047369
0.0099612
-0.0076444
-0.0075827
-0.0072241
0.0048681
0.0040826
0.0080175
-0.0016506
-0.003271
-0.0055739
-0.0096707
0.0048503
-0.0054709
-0.0052043
0.0041825
-0.0035308
-0.0057787
-0.0038632
-0.0004159
-0.0066669
0.0033885
0.0056542
-0.0045842
-0.0098763
-0.0061556
0.0071357
-0.0037079
-0.0025238
0.0041587
-0.0080272
0.0058564
0.0002427
0.002621
0.0031938
0.006436
-0.0018772
-0.0012516
-0.0011794
0.0065869
-0.0006878
-0.0099778
-0.0084928
0.0016512
0.0033915
0.0086957
-0.0032767
0.0092265
-0.0008965
-0.0059678
0.0079106
0.0007773
-0.0021241
0.0010029
0.005562
0.0048845
0.0074862
-0.0065096
-0.0029407
-0.0045515
0.0016262
-0.004721
0.0053676
0.0017042
0.0010907
0.0062633
0.0041094
-0.0066048
-0.0044726
0.0075954
-0.0067955
-0.0007736
-0.0062623
0.0014993
0.0098508
-0.004189
-0.0085853
-0.001846
-0.0081211
-0.0015422
0.0050229
0.0077324
-0.0015301
-0.0096603
0.0049382
-0.0007603
-0.0069383
0.0022547
0.0047185
0.0016753
-0.0046649
-0.003963
0.0059113
-0.0068202
0.0038491
0.0028559
-0.0076225
0.0062415
0.0030112
-0.0091919
-0.0056476
0.0009124
0.0007729
0.0090277
0.0076575
-6.63e-5
0.0029045
0.0038138
0.0033219
0.0095644
0.009913
0.009193
-0.0020202
-0.005214
0.004023
-0.0009935
0.0073899
0.0043902
-0.0010981
-0.0033424
-0.0016933
-0.0063154
0.0064347
0.0078549
0.0021336
-0.0077578
0.000116
-0.0077924
0.0004756
-0.0018855
-0.0098162
-0.0040503
0.0074169
0.0016678
-0.0018872
-0.0070327
-0.0046054
0.0059511
-0.0008988
0.0095906
0.0035345
-0.0073644
0.0055403
-0.0097841
0.0002079
0.0055546
0.0010809
-0.0022491
-0.0019643
-0.006071
-0.0008192
-0.0087067
0.0002662
-0.0049096
-0.0015993
-0.0052121
0.0068392
0.0016358
0.0001195
0.0085159
0.0077747
-0.0016478
0.0034837
0.0015909
0.0003305
0.0024475
0.0083477
0.0051478
0.0074862
-0.0087018
-0.0073806
-0.0083784
-0.0087098
0.0082826
0.0020416
0.0032679
-0.0043441
0.0027869
-0.0028783
0.0009236
-0.0063262
-0.0086976
0.0081778
-0.0027187
0.0059805
0.0071147
0.0072021
0.003219
0.0075457
-0.0011585
0.0038763
0.0074425
0.0039722
0.0042753
-0.0066877
-0.0003839
0.0074031
-0.0051132
0.0029774
-0.0062279
0.0024361
-0.000274
0.0080745
0.0097356
-0.0082162
0.0074887
-0.0050895
0.0038815
0.0078119
-0.000739
-0.0056583
0.0034403
-0.0098846
0.0002198
-0.00579
0.0023707
-0.0027474
0.0020917
-0.0089312
0.0058212
-0.0091369
-0.0053101
-0.0063545
0.0031653
-0.0055877
0.0005264
-0.0080821
-0.0043939
0.0081156
0.0069316
0.0060142
-0.0024439
0.0084519
-0.0067093
0.0041066
-0.0027555
0.0066569
