0.0038186
0.0021764
0.0063927
0.0074971
-0.0060873
-0.0006654
0.0023505
-0.0035579
-0.0011767
0.0097972
-0.0001058
-0.0042586
-0.0052581
0.0071774
-0.004815
-0.0024814
0.0007997
0.0079073
0.0040644
0.0072914
-0.0084587
-0.0009695
0.0003207
-0.0035975
0.0035741
0.0086464
0.0066954
-0.0037023
-0.0063186
0.0049599
-0.0082342
0.0018834
-0.005096
-0.005374
-0.0069434
5.77e-5
-0.0027392
0.0045488
-0.0009392
-0.0085504
-0.0004828
0.0024838
0.0044943
-0.0016955
0.0020057
-0.0039545
0.0010512
-0.0016354
-0.0080595
0.0067585
-0.0028176
-0.0039418
-0.000714
0.0066958
-0.0003847
-0.0019484
0.0029556
0.007818
0.0076387
-0.0062099
0.0092574
0.0029874
-0.0083829
0.00778
-0.0055206
-0.0049793
0.0047365
-0.0066328
0.0081458
-0.0047696
-0.0011036
-0.0079987
0.0054498
-0.0059973
0.0082494
-0.008997
0.0096921
-0.0032391
0.0008672
0.0062565
0.0099313
0.0078254
-0.0083517
-0.0068673
-0.0095072
-0.0070341
0.0036559
-0.0022983
0.0092522
-0.0079916
-0.0023627
-0.0003825
0.0048163
0.001163
-0.0050553
0.0036823
0.0020465
-0.0049357
0.0019822
-0.0007861
0.0001713
0.0026929
-0.0032807
0.0048312
0.0087338
-0.0046164
0.0077127
-0.0025819
0.0050075
-0.0095227
0.0091094
0.0013624
-0.0059273
0.0050204
0.0031296
0.0008249
0.0077142
0.0065431
0.0091622
0.0034653
-0.0042728
-0.0039104
0.0055558
-0.0007049
0.0007498
-0.0094566
-0.0044131
0.0041977
0.0050192
-0.003987
0.0077031
0.0053528
-0.0020337
-0.0078246
-0.0062529
0.001078
-0.0080953
-0.0065293
-0.0083668
-0.0045806
0.0081086
-0.0026539
-0.0045847
-0.0036623
-0.0048048
0.0050972
0.0012347
0.0052947
0.004863
0.0095821
-0.0033287
0.0006264
0.0072322
-0.0006362
-0.0087216
0.006677
0.0072073
0.0083942
0.0048656
-0.0079283
0.0068718
-0.0035612
0.0043459
0.0010138
0.0004526
0.0063089
-0.0097128
0.0045924
-0.0023338
-0.0071333
0.0071572
-0.0037681
0.003939
0.0008452
0.0071322
-0.0085086
0.0020811
-0.0092877
0.0075729
0.0037968
-0.009396
-0.008166
0.0075681
-0.0008851
0.0046724
-0.005115
0.0017876
0.0044015
0.0035578
0.001136
0.0065925
-0.0091237
-0.0034497
-0.000766
0.0084961
-0.0092293
0.0020809
-0.0047748
0.0084874
0.0002116
-0.0014813
-0.0043213
0.0016171
0.0074831
-0.0073514
0.0070583
0.0014801
-0.0050252
0.0088868
0.0051265
-0.0050741
0.0014116
-0.0024771
0.0054559
0.0039486
-6.54e-5
-0.0019789
-0.004077
0.0015081
-0.004665
0.00128
0.001419
-0.0005092
0.0047409
0.0049299
0.0004383
0.0007254
-0.0027304
0.0012687
0.0003324
0.0024844
-0.0014847
-0.008248
-0.000448
0.0086373
0.0015674
-0.0035864
-0.0024285
0.0036046
0.0038188
-0.0037573
0.0053133
0.0097943
0.0004434
0.0035967
0.0024416
-0.0069128
-0.0041355
0.0082224
0.0017642
-0.008397
-0.0025844
-0.002309
-0.0006584
-0.0060341
-0.0011481
0.0022053
-0.007141
0.0040315
-0.0096835
0.0067694
0.0024397
-0.0015643
-0.0058527
0.0084284
-0.0075678
0.001269
-0.0044627
0.0047102
0.0025407
-0.0095253
0.009515
-0.007721
0.0050073
0.0095684
-0.0015839
-0.0089966
-0.0020666
0.0030448
0.0081475
0.0089276
0.0081922
0.0090088
0.0083188
0.0037807
0.0050301
0.0070649
0.0016723
-0.00771
-0.0015062
0.0026022
0.0069932
-0.0056333
-0.008967
0.0039879
-0.0010847
0.0023946
0.0090042
0.0043372
-0.0087749
-0.0034689
0.0021766
-0.0007707
-0.0004088
-0.0019807
-0.0024396
-0.0011517
-0.0062579
-0.0004622
-0.0032035
-0.0016501
-0.007433
-0.0051959
0.0093388
0.0036804
0.0079056
0.0090959
-0.0016271
-0.0080893
0.0016327
0.0017491
0.0054467
0.008659
0.0067477
-0.009474
-0.0024167
0.0022781
0.0055025
0.0073665
-0.0047556
-0.0052916
-0.0027772
0.0029641
-0.0043857
0.0003379
-0.0091845
-0.0092434
0.0050374
-0.0036343
0.0027896
0.0006135
-0.0026209
0.0082493
-0.0075139
0.0014568
-0.0058137
0.004677
-0.0051023
-0.0024371
0.000373
0.0045974
-0.0081976
-1.03e-5
0.0038817
-0.0034132
0.0041077
-0.0041017
-0.0065728
0.0095603
0.0053411
0.0069318
-0.0071234
-0.0060365
-0.0066886
0.0083816
0.0069744
-0.0089511
0.004005
-0.0097806
-0.0061594
-0.0056032
0.005738
-0.0066802
-0.007006
-0.0088278
0.0036659
-0.0017509
0.002213
-0.008162
-0.0008271
-0.0081588
-0.0063148
-0.0048105
-0.0077096
0.008292
0.0084959
-0.0079757
0.0047159
-9.09e-5
-0.0073331
-0.0085246
0.0012322
-0.0076139
0.0045289
0.0083443
-0.0095845
0.005792
0.00374
-0.0042981
0.0012545
0.0036343
-0.0019313
0.0058922
0.0070183
0.0064919
-0.0031526
0.0087178
0.0023797
0.0076941
0.0084624
0.0061253
-0.0083179
-0.0058958
0.0013315
-0.0078047
0.009471
-0.0099663
-0.0049547
0.0083656
0.0067626
0.0054962
0.0055551
0.0047741
-0.0009558
-0.003531
0.0035771
0.0066734
0.0002222
-0.0018639
-0.0001069
-0.0091009
-0.008281
0.009625
0.009711
-0.0047569
0.0016706
-0.0034033
-0.0001151
-0.0059365
-0.0085991
-0.004155
-0.0008227
0.0021592
-0.0038346
0.0072837
-0.0042614
-0.0094989
0.0061218
0.0040449
0.0025972
0.0044967
0.0082358
-0.0065486
-0.0018134
0.0059585
0.0051576
-0.0099335
-0.0090204
-0.0074041
0.0036853
0.0036476
-0.0075467
-0.0024367
-0.0024436
-0.0013403
0.0019013
-0.009431
-0.0069967
0.0026326
-0.0084312
0.0036571
0.0044033
0.0014613
0.0091849
-0.0040517
0.0077151
-0.0048623
0.0045241
-0.0010694
0.0079338
-0.0068142
-0.0075402
-0.0019445
0.001048
0.0038923
3.38e-5
0.0099572
0.0010803
-0.0003666
-0.0046348
0.0034529
-0.0065188
-0.008579
-2.15e-5
0.0015449
