-0.0004127
-0.0082059
-0.0087929
-0.0021035
-0.000836
-0.005813
0.0064197
0.0096005
0.0094903
-0.0078075
-0.0064293
0.0021931
-0.0050148
-0.0011349
-0.0088218
0.0009986
0.0071437
-0.0057159
0.0006117
-0.006026
-0.0088827
-0.0067018
-0.005935
-0.0011892
0.0088232
-0.0027286
0.0086629
-8.91e-5
-0.0029173
-0.008521
-0.0059532
-0.0099113
0.008523
0.0016663
0.0004849
-0.0083928
9.78e-5
0.0047177
0.0006609
-0.002145
-0.0007361
0.0060157
0.009898
0.0059269
0.0010061
0.0008764
-0.006167
-0.005553
-0.0018114
-0.0078992
0.0096122
-0.0076636
-0.0076219
-0.0052009
-0.0062257
0.0053444
-0.0067804
-0.0060164
0.0070453
0.0022356
-0.009404
0.0032013
-0.0012123
0.0029229
-0.0020837
-0.0035936
-0.0084526
0.0088144
-0.0057478
-0.0066316
0.0053577
0.0097998
0.0093749
-0.0005971
0.007758
-0.0031273
0.0018789
-0.0060462
0.0062881
0.0087298
-0.0040376
-0.0070623
0.0035032
0.0030098
0.0017831
0.0021802
-0.0092191
-0.0025201
0.0068499
0.0021204
0.0042879
-0.0092866
-0.0049547
-0.004477
-0.0061048
-0.0028074
-0.0054343
0.0051885
0.0021764
0.0031722
-0.0040389
0.009039
-0.0004069
0.0068929
-0.0083881
-0.0011814
-0.0029017
0.0050013
0.0045229
-0.0035994
-0.0044269
0.0061395
0.003122
0.0026733
0.008965
0.0078235
-0.0084224
0.0089608
0.0015806
0.0022745
-0.0023898
-0.0060473
-0.0039065
-0.0078149
0.0052222
-0.0070529
-0.0076443
-0.0087247
0.0059577
-0.0078001
-0.0062599
0.0090606
-0.0091961
-0.007455
0.0005531
-0.0048588
-0.0031517
0.0011195
-0.001359
0.0019475
0.0092026
-0.0004244
-0.0051037
-0.006827
0.0022009
0.0053603
0.0051551
0.0016809
0.0019214
-0.0077415
0.0039983
-0.00323
0.005915
0.0036693
-0.0069721
0.0030835
-0.0029261
0.0051321
0.0062562
-0.0071542
-0.0031003
0.0033155
-0.0009803
0.0061989
0.0036316
-0.0052072
-0.0049502
0.0063507
0.0025298
-0.0021915
0.0015884
0.0021194
0.0048446
-0.0096769
-0.0011704
-0.0093628
0.0071238
-0.0021128
-0.002605
-0.008578
0.0040709
0.0025775
-0.0008436
0.007391
-0.0080017
-0.0090535
0.0055999
0.0040413
0.0085766
-0.0010156
0.0011516
0.0083478
0.0038297
0.0013687
-0.0003375
0.0053997
-0.0037097
-0.0002736
-0.0020356
0.00685
0.0022461
0.0005144
-0.0041676
0.0054148
0.0011764
-0.0022573
-0.0073986
0.0049534
-0.0006948
0.0046026
0.0039264
-0.0071431
-0.0081623
0.0089873
0.008158
0.0047546
-0.0092222
-0.0047978
0.009683
0.0076856
-0.0021694
0.0050036
0.0046828
0.0025782
-0.0048068
-0.0002836
-0.0044439
-0.0076786
0.0074767
0.0010585
-0.0087952
0.0052563
-0.0077344
-0.0055846
-0.0023447
0.0044148
0.0042014
0.0014261
-0.0017765
0.0047003
0.0021935
-0.0004014
0.000254
-0.0030495
0.0011625
0.0010696
0.0007213
-0.0082672
-0.0057199
0.0021867
-0.0070547
-0.0052777
0.0090758
-0.0092369
0.0088037
-0.0009394
-0.0088552
0.0032856
-0.0064514
-0.0017346
-0.00713
-0.0046124
-0.0002128
-0.0072662
-0.0073083
-0.0066472
0.0046995
0.0085143
-0.0025433
-0.0022996
0.0042956
0.0099097
-0.0009329
0.0095775
-0.0097525
-0.0036097
0.0027579
0.0097554
0.0093004
0.0015293
0.0069271
0.0073409
0.0020434
-0.0001527
-0.008192
-0.0055922
-0.0085585
-0.0059835
0.0011921
-0.0033089
0.0056354
-0.0086354
0.0017956
0.0061205
0.0031637
0.0064124
-0.001557
0.000321
0.0087549
0.007509
0.0027393
-0.0074232
0.0066081
-0.0053416
0.0072656
0.0098407
-0.0051702
-0.0095146
0.0045794
-0.0002416
0.0062051
0.0083024
-0.0030296
-0.0045639
-0.0019576
-0.0046375
0.0028895
0.005907
0.0033242
-0.0018623
0.0054188
0.0060248
-0.0086289
0.0062801
0.0075298
-0.002625
-0.0005217
-0.001788
-0.0060611
-0.0061354
0.0080184
0.0049038
-0.0059613
-0.0080698
-0.0094929
0.0042009
0.000988
-0.0068309
0.0033618
0.007013
-0.0004867
0.003621
-0.0043516
-0.0081682
-0.003954
0.001707
-0.0053797
-0.003091
0.0016967
0.0048756
-0.0077195
-0.0093315
0.0075375
-0.008708
-0.0037316
-0.0056963
-0.0065211
-0.008256
0.005973
-0.0077767
0.0096776
0.0081239
-0.0095519
-0.0018911
0.0040785
-0.0062089
0.0094133
0.0027109
-0.0092935
0.0080174
0.0031358
-0.0019992
0.0096538
0.0042083
-0.0068947
-0.0005615
-0.0073965
-0.0005741
0.0059425
0.0096035
-0.0011187
0.0064014
0.003087
-0.0025113
-0.0031445
0.0075285
-0.0047906
0.0015158
-0.0012068
0.0011347
0.0064104
0.0041034
0.0027904
-0.0098882
-0.0018325
-0.0088623
0.0024978
0.0075994
0.0051285
0.0026557
-0.0040707
0.0048739
-0.0027504
-0.0031314
0.0054189
-0.0061732
-0.0076715
0.0097394
-0.0065686
0.0046314
-0.0015143
-0.0087007
-0.0040059
0.0034383
-0.0092696
0.0095376
0.0014572
0.0068399
-0.0060444
-0.0054747
-0.0096453
-0.0095915
-0.0094694
0.0036105
0.0058785
-0.002591
0.0020321
-0.005293
-0.0017579
0.0099184
-0.0036537
0.002403
0.0084787
-0.0038666
-0.006155
-0.0095716
-0.0051055
0.002099
-0.0093214
0.0092008
0.0035859
0.0075892
-0.0077415
0.0057633
-0.0005487
-0.0019388
0.0075575
-0.002616
-0.0095051
0.0019523
-0.0095276
0.0060208
-0.0022021
-0.0043064
0.0086183
0.0084472
0.0042242
-0.0047257
-0.0009544
-0.0087437
-0.000419
-0.0041285
-0.0079667
0.000409
0.0012027
-0.0042473
-0.004336
-0.0024662
-0.0024632
0.0016808
0.0099811
0.0089649
-0.0010254
0.0064097
0.0054996
-0.0046487
0.0069439
-0.0009709
0.0005018
0.0032399
0.0064275
-0.0046899
0.0018883
0.0092774
-0.0017583
0.0006905
-0.0084344
-0.0019977
0.0047198
-0.0085413
0.0043055
-0.0054928
-0.0086373
0.0021893
-0.0052582
