-0.0067589
0.0070259
0.0082731
-0.0046689
-0.0084595
0.009958
0.0008281
0.0095254
-0.0088701
-0.0046356
-0.0090297
0.0077836
-0.0097226
0.0083939
-0.0022519
0.0009162
0.0089154
0.0022677
-0.0074919
-0.0035295
-0.0053928
0.0081118
0.0009507
0.0035783
0.0027483
0.0039943
0.007086
0.0058268
0.0097533
0.0030787
0.0046242
0.0043475
0.0043378
-0.0018302
0.0076714
-0.0073379
-0.0045839
-0.0084954
-0.0038923
0.0016066
0.007142
0.0096059
-0.0057616
0.0044853
0.0026709
-0.006132
0.0053205
-0.0077375
0.0017867
-0.0008855
-0.0006124
0.0029932
0.0018605
-0.0096385
-0.007881
-0.003746
0.0087133
-0.0060308
0.0075803
0.0086138
-0.0071506
-0.0009315
0.0062058
-0.0081445
0.0037542
-0.0025349
-0.0023203
-0.0076061
0.0095026
0.0027645
0.0063169
0.0031562
0.0005877
0.0095855
-0.0060448
0.0058949
0.007865
-0.0051786
-0.0096823
0.0013259
0.0075575
-0.0019089
-0.0007431
0.005505
-0.0014951
0.0010633
-0.004835
0.0079677
-0.0067245
-0.0040411
0.0034428
0.0069371
0.0097601
-0.0008198
-0.0055942
0.0023345
-0.0028105
0.0086843
-0.0058367
-0.0076522
-0.0010944
0.0066494
0.000477
0.0096106
0.0079622
0.0054214
0.0046818
-0.0077622
-0.0022899
0.0093324
0.0099949
-0.0067721
-0.0065829
-0.0041714
-0.0086019
-0.0058268
0.0030768
0.0031115
-0.0084035
-0.0007444
0.0086113
-0.0037845
0.0094782
0.0078932
-0.0072952
0.0014233
0.0063947
0.0072955
-0.0040733
-0.0026088
-0.001826
0.0012228
0.0072697
0.0049974
0.0064374
0.0098106
0.0061048
0.0012437
0.0075087
-0.0025293
0.0042056
-0.0027283
-0.0069765
0.0065764
0.007566
-0.0053629
-0.0030628
-0.0024067
-0.0068289
0.0063186
0.0019422
-0.002415
0.0053049
0.0075845
-0.0083193
0.0099232
-1.6e-5
-0.0034521
-0.0059509
0.0051478
-0.0063374
-0.0068898
0.0012832
-0.0084398
0.0053421
0.009394
-0.0031686
0.0024606
0.0024803
0.0060238
-0.0010814
-0.0085321
-0.0028536
-0.0026224
-0.0032159
-0.0022788
-0.0073347
0.0033556
0.008746
0.0012357
0.0025173
0.0005768
0.0028292
0.0074263
0.0060975
0.0014977
-0.0092064
-0.0082105
-0.0034919
-0.0077284
0.0089253
-0.0037359
-0.0075803
-0.0074746
-0.001269
-0.0081253
-0.0027211
0.0009559
0.00843
0.0001013
-0.0037055
0.0050071
0.0005971
-0.001082
-0.0093929
0.0038259
-0.0044784
-0.0030592
0.0055422
-0.0016908
-0.0051962
-0.0073212
-0.0041611
0.0001535
-0.0002774
-0.0013643
-0.0098761
0.0080502
0.0012726
0.0063346
0.007089
0.0029793
0.0016344
-0.0052816
0.0042591
0.0091455
0.0051901
-0.0059296
0.0090857
-0.0076161
0.005774
-0.0056242
0.0086182
0.0016551
0.0050108
0.0091816
0.002423
-0.0021382
-0.0064887
0.0025603
-0.0038236
-0.0056392
-0.0055736
-0.004881
-0.0074581
0.009193
0.0096589
-0.005956
0.0046368
0.0024823
-0.0044108
0.0079474
-0.0024614
-0.0046594
0.0010772
-0.0033929
-0.003249
0.0041651
0.0083559
0.0010105
0.0001054
-0.0077589
-0.009694
0.0049833
0.004143
-0.0039565
-0.0070711
0.0058415
7.89e-5
-0.0017872
0.0055161
-0.0058146
0.0079592
-0.0027765
-0.0010384
-0.0005932
-0.0009369
0.009575
-0.0090711
0.004689
-0.0074445
-0.000164
0.0056464
-0.0064974
0.0079629
0.0039189
8.3e-5
0.0075691
0.0067795
-0.0041887
-0.0063898
0.0009165
-0.002443
-0.0049761
-0.0006547
-0.0071982
-0.0051803
-0.0002029
0.0054915
-0.005498
-0.0010188
-0.0063766
0.0001275
0.002043
-0.0033514
-0.0062197
-0.0036868
-0.0022438
0.0043248
0.0030092
-0.0004831
-0.0076244
0.0059576
0.0015615
-0.001219
0.0058303
0.0082783
0.003662
-0.0036938
0.0030495
0.0085273
0.0062352
0.002497
0.0025097
-0.0014601
-0.000699
-0.0011707
-0.0073025
-0.009127
0.0099626
0.0037058
-0.0048526
-0.0068019
-0.0005817
0.0044342
-0.0051518
-0.0094234
0.0015227
0.0038401
-0.0020897
-0.0085515
-0.00767
0.0062895
0.0001828
0.0062217
-0.0004035
0.0061339
0.0085642
0.0090013
-0.0051182
-0.0085838
0.0066556
0.0053209
-0.0068912
0.0068344
0.0008087
0.0026025
0.0079104
-0.0027089
0.0018402
-0.0074378
-0.0087202
-0.0032365
0.0096062
0.0090819
0.0096576
0.0036302
0.0053924
-0.0013552
-0.0093353
-0.0008341
-0.0040603
0.0074373
0.0079477
0.0080509
-0.0032271
0.0051266
-0.0053128
0.0063149
0.0047697
-0.0024134
0.0095595
8.2e-5
0.0008162
-0.0070525
7.63e-5
0.0027232
-0.0036954
0.0022895
-0.007018
-0.0082805
0.0097172
0.0095058
-0.0006288
-0.0002542
-0.0076399
0.0079291
-0.0072743
0.0021065
-0.0019755
0.0006959
0.0097381
0.000519
0.0082871
0.0047372
-0.007137
0.0041884
0.0031689
0.0038279
0.0073186
0.003702
-0.0095068
-0.0087593
0.0005719
0.0048446
-0.0030786
0.0074587
-0.004121
-0.0011057
-0.0077493
-0.0056609
-0.0023242
-0.0062906
-0.0085848
0.0003401
0.0091264
-0.0043259
0.0030233
0.0034644
-0.0029215
-0.0029918
0.0091657
-0.006634
0.0029382
-1.0e-7
-0.0011141
-0.0092397
0.0024962
-0.0073017
0.0080487
0.0049288
-0.0059389
0.0069498
-0.0080761
-0.0084878
-0.0007744
0.0054809
-0.0010401
-0.0009409
0.0026881
0.0085126
-0.0032454
-0.008836
-0.0079066
0.009313
-0.0090781
-0.0087561
-0.000272
-0.0091499
0.0087981
0.0064205
-0.0093037
-0.0099981
0.0071472
0.007354
0.0064595
0.0092642
0.0013258
0.0065046
0.0067464
0.0051678
0.0070611
-0.0083727
-0.000839
-0.006158
-0.000324
-0.0069408
0.0038807
-0.0051794
0.007767
0.0067026
0.0019647
0.0078583
0.0006885
-0.0010726
-0.0031387
-0.0072821
-0.009164
0.0017734
-0.0007997
-0.0061337
0.0007582
0.0069972
0.0065222
-0.0073914
