0.0085876
0.0029318
-0.0099629
-0.0001872
0.0025922
-0.0063968
0.0070188
0.0020593
0.0014206
-0.0059675
0.0050122
0.0094922
0.0015551
0.0025143
-0.0038136
-0.0029712
-0.0056974
0.0049568
0.0037612
0.0019915
-0.0064288
-0.0090036
0.0046237
-0.0077787
-0.0081185
0.0056524
0.0023893
-0.0076536
-0.0096848
-0.005461
0.0008181
0.0062495
-0.0023957
-0.0050565
-0.0074061
-0.0026387
0.0086161
-0.0038258
0.0007906
-0.007751
0.006416
-0.0043577
0.0094969
0.002007
-0.0065502
-0.0067874
-0.0088875
-0.0049865
-0.0004864
0.0024951
0.0077108
-0.0003406
0.0088556
0.0014705
0.0054303
-0.0076957
0.0056647
0.0070908
-0.0002725
0.0067738
0.0097668
0.0063671
-0.0049644
0.0097412
-0.0046988
-0.0081204
-0.0063163
0.0082681
-0.0026361
0.0090523
-0.0099217
-0.0045475
-0.0033543
-0.0003519
-0.002916
-0.0024366
-0.0076114
0.0034646
-0.0008933
-6.74e-5
-0.005384
-0.0058731
0.0087694
0.0049889
0.0010728
-0.0017872
-0.0095976
-0.0040594
0.0028506
0.0054369
-0.0097071
-0.0071465
0.00624
0.0030962
0.0095109
-0.0016026
0.0035224
0.0034194
-0.00351
0.0033374
-0.0087689
0.0070511
-0.0081366
0.0016608
-0.0097859
0.0097423
-0.0089734
-0.0065879
-0.0059209
0.0045545
0.0084436
-0.0078362
0.000487
-0.0088903
0.0029592
-0.0012229
-0.0049187
0.0064715
-0.0081665
0.0018399
-0.0036713
-0.0018477
-0.0061545
-0.0081174
-0.0049962
-0.0015576
0.0062446
0.0032771
-0.0084176
0.0032044
-0.0077557
0.0001858
-0.0003361
-0.0088809
-0.0070668
0.0072297
0.0015161
0.0058777
0.0027925
-0.0099582
-0.0093237
0.0048448
0.0019866
-0.0018759
0.0056349
0.0014879
0.0057229
0.0008291
0.0045748
0.0023839
0.0091612
-0.0037627
-0.0004246
0.0093465
-0.0094929
0.0003493
0.0044703
0.0038498
-0.0025791
-0.0003931
0.0037461
0.009509
-0.0057223
-0.0022946
-0.0087604
0.0008907
-0.0033024
-0.009703
-0.0084744
0.0014383
0.0075132
-0.0058731
0.0013197
-0.002355
0.0081396
0.0088902
0.0055261
0.0006317
-0.004934
0.0070337
0.0062882
-0.003626
-0.0093213
0.003817
0.0043705
0.0052325
-0.0056946
0.0001676
-0.006782
0.0017857
0.0036714
-0.0062775
-0.0021614
-0.0035266
-0.0041791
-0.0020316
0.00137
0.0051092
0.0012872
-3.24e-5
-0.0053932
-0.0044287
-0.0085096
-0.001563
-0.0046989
0.0029961
-0.004852
-0.0099831
0.0040598
0.0079815
-0.0043118
0.0053139
0.0065843
-0.0023099
-0.0064987
-0.0080367
0.000247
-0.0047923
-0.003563
0.0092051
0.0087123
0.0012698
0.0003094
-0.0070906
-0.0038638
-0.0049389
0.0004978
0.0060501
-0.0039979
0.005317
0.0006345
0.0090251
-0.0053443
-0.0045553
0.008153
0.0047037
-0.0056503
-0.0059983
-0.0054185
-0.007936
0.006759
0.0098466
0.0042187
-0.0063992
-0.0035096
0.0099064
0.0009594
-0.000706
-0.0078722
-0.0002102
-0.0051699
-0.000389
0.0099276
0.0065362
0.0025992
-0.0045149
-0.0071013
-0.0046987
-0.0092542
0.0078277
0.0033814
0.0068169
-0.0099462
-0.0013436
-0.0070053
-0.0082612
-0.0039297
-0.0046364
-0.0027181
0.0090598
0.000313
0.0077129
0.009104
-0.0064011
-0.0015035
0.009599
-0.004213
0.0062965
-0.0038913
-0.005127
-0.0074704
-0.0049388
-0.0033047
0.004049
0.0035411
0.009545
-0.0005499
-0.0004729
-0.0026166
0.0010359
-0.0018297
0.0033693
-6.48e-5
0.0088726
0.0058514
0.0030035
0.0055653
0.0085884
0.006216
0.0092914
-0.0066742
0.0028088
-0.0001496
0.0051
0.0043068
-0.0030096
-0.0053516
0.0081824
0.006803
-0.0074735
-0.0079242
0.0063706
0.0099291
-0.0085144
0.0053877
0.0084359
-0.0041186
0.0017171
0.0060587
-0.0013689
-0.0052476
-0.0080409
0.004692
0.0066325
0.0061076
0.006381
-0.0035377
-0.009593
0.0023572
-0.009119
0.0097817
0.0092416
-0.003457
-0.0011114
-0.0099596
-0.0003114
-0.0029389
0.0087985
-0.0085525
0.001521
-0.0004654
-0.0088585
0.0023244
0.0064884
-0.0008029
0.0068191
0.0065932
-0.0005995
-0.0051865
0.0099433
0.0069378
-0.008125
0.0026339
-0.0091014
-0.0072691
0.0049678
0.0071408
-0.009648
-0.0076478
-0.0050697
-0.0066452
0.0047253
-0.0056722
-0.0046942
-0.0082218
-0.0087515
0.0006963
0.0063891
0.0037207
-0.0025061
0.0070324
-0.0027484
0.0015728
0.0060762
0.0090621
0.0052249
-0.0034657
0.0071732
-0.0062852
0.0093224
-0.0068742
0.0099733
0.007824
-0.0086084
-0.0021963
-0.0003165
-0.0055169
0.003915
0.0063404
-0.0063329
0.0044895
-0.001871
-0.0018666
0.0044039
-0.0019061
-0.0085273
-0.0040761
-0.0028866
0.0079025
0.0021867
-0.005822
0.0037294
-0.0021216
0.0069771
-0.0023384
0.0063104
0.006776
-0.0008042
0.0088734
0.0072086
0.0025768
0.0006597
0.0082374
6.2e-6
-0.0040206
-0.00126
-0.0082746
0.0076801
0.0067641
-0.0098511
-0.0017538
0.0050275
-0.0035799
0.0042389
0.0031581
-0.0041335
0.0031124
-0.008812
-0.0027125
0.0096761
0.0094672
0.0042081
-0.0004035
0.0031008
-0.0073033
-0.0016524
0.0051817
0.0068399
0.0091316
-0.0006906
-0.0022127
-0.0015773
0.00523
-0.0045048
-0.0014861
-0.0062258
-0.0013414
-0.0043619
0.0096147
0.000144
-0.0098547
0.0048169
0.0060005
-0.0015636
0.0010885
0.0044162
0.005257
-0.0043552
-0.0098101
-0.0048302
-0.0012152
-0.0036826
0.0089817
0.0010232
0.003531
-0.0054228
-0.0037289
0.0018151
-0.0014513
-0.0025392
0.0084528
0.0029673
0.0012727
-0.0053693
0.0030103
0.0091151
0.0090307
-0.0042372
0.0089631
-0.0073892
-0.0042581
0.0046032
-0.0068472
0.0010341
-0.0029649
-0.0052094
-0.0092942
-0.0073179
0.0069683
-0.0099686
0.0050401
-0.008265
-0.0074263
-0.0045544
0.0076002
