-0.0056647
-0.0016888
0.0021149
0.0091808
0.0086294
0.0060207
0.0008582
0.0033279
0.0001449
-0.00169
-0.0072922
0.0012905
-0.00637
-0.0055407
0.0066497
-0.0078722
-0.0014054
-0.0087518
0.0068061
-0.0054814
-0.007152
0.0022224
-0.0025474
0.0088856
0.0009902
-0.001348
0.0083199
0.0015159
-0.0083421
0.0021659
0.0052338
0.0033143
0.009428
-0.0032454
-0.0044703
-0.0058775
-0.0048339
-0.0070948
-0.0025206
0.0058112
0.006078
-0.0077381
-0.0029574
0.0083028
-0.0036337
-0.0048614
-0.0010042
0.0086625
0.0053979
0.0018994
-0.005439
0.0026065
-0.0033139
-0.0085593
0.0098894
-0.002445
0.0081779
-0.0015719
0.0082832
0.0077991
0.0057522
0.001445
0.0047721
0.0020843
-0.0007679
0.004115
0.0025771
-0.0007422
-0.0087658
-0.0013033
0.0067895
0.0002055
-0.0029863
-0.0064748
-0.0066701
-0.0069807
-0.0040533
-0.0093438
0.0049113
-0.0067999
0.0017752
-0.0003482
-0.0082223
-0.0025054
0.0014393
0.0068138
0.0070663
0.0056711
-0.0088494
0.0083786
-0.0075862
-0.0091309
-0.0055617
-0.0016801
-0.0041167
-0.001725
-0.0093639
0.0047402
-0.0067523
0.0052173
0.0031474
0.0034337
-0.0011364
-0.0028528
0.0020771
-0.0097285
0.005412
-0.0096285
0.0065657
-0.0065591
-0.0081465
-0.0009301
0.0058308
0.0029466
0.0097781
0.0069866
-0.0068508
-0.004978
0.0026887
-0.0009558
-0.002839
0.0043763
-0.0064275
0.0015187
-0.0008716
0.0037812
0.0027432
-0.0081397
-0.0098015
0.0048942
-0.0007257
0.0027199
-0.0037039
0.0036776
-0.0015046
-0.0090537
-0.0046228
-0.0054798
-0.0058617
-0.0019285
-0.0097608
0.0008426
-0.0077909
-0.0053258
-0.0058664
-0.001825
0.002522
-0.004863
-0.002027
-0.0055121
-0.0040678
-0.0010464
0.003269
0.0097677
-0.0091354
-0.0012857
0.0081058
0.0081983
-0.0046212
-0.0022668
0.0089352
-0.0016205
0.0067046
-0.0032998
-1.42e-5
-0.0061355
0.0029297
-0.0093893
0.0047726
0.0017493
-0.0012623
-0.0015683
-0.0001578
-0.0034418
-0.0003586
0.0006206
-0.0048995
-0.0031319
-0.00208
-0.0060927
0.0057182
-0.0018859
-0.0027908
-0.0019527
-0.0024951
0.0064156
0.0003994
0.0065687
0.0005639
0.0063353
0.0095698
-0.0048895
-0.0020435
-0.0022758
-0.0092951
0.0056349
-0.0086028
-0.0079997
0.0070286
0.0065288
0.0046104
-0.0029996
-0.0091962
-0.0076174
0.0037979
-0.0028565
-0.0021764
0.0068875
0.0079633
-0.0014793
-0.0080168
-0.0072247
0.0007375
0.0030371
0.0065837
-0.0064747
0.0013144
-0.0028265
0.0014113
-0.0093753
-0.0073342
0.00019
-0.0078089
-0.0045463
0.0090906
-0.0038315
0.001053
0.0014731
-0.0022776
-0.006092
-0.0056035
0.0026382
0.0086174
-0.000191
0.0073341
-0.0091629
0.0004218
-0.0065872
-0.0079497
0.0044775
-0.0013296
0.0073342
-0.007535
-0.0048118
-0.0077889
-0.0011109
-0.0078662
0.0072437
-0.0035498
0.0024827
-0.0009839
0.0035446
0.008559
-0.0014599
0.0077315
0.008156
-0.0088898
0.0058436
-0.0014624
0.0045194
0.001054
0.009504
-0.0038344
0.004733
0.0059754
0.0072524
-0.001527
-0.0096382
-0.0062248
-0.0051492
0.0038607
-0.0097704
-0.0043496
0.0092071
0.0072335
-0.0088088
0.0045335
0.0073079
-0.00349
-0.0059927
0.0065826
0.0022742
0.0022325
-0.0056708
0.0065909
0.0006441
0.006784
0.0091224
-0.0057703
-0.0054492
0.0085435
-0.0023451
-0.0007592
0.0013568
-0.0035328
-0.003481
-0.0046727
0.0060702
-0.000427
0.0027446
-0.0089111
-0.0044902
-0.0069579
0.0088799
-0.0038644
-0.0029015
-0.0094671
-0.0019623
-0.0047911
-0.0056462
0.0017728
0.0074235
0.0043185
-0.0062886
-0.0068644
0.0066166
-0.0017264
-0.00089
-0.0074161
0.0030659
0.0001442
0.0038777
0.0023841
0.0023998
-0.0084901
-0.005913
0.0077825
-0.0056066
0.0035138
0.0074235
0.0009459
-0.0035178
0.009485
-0.000714
-0.0075216
0.0035544
-0.0027382
-0.0005725
0.0084448
0.0079352
0.0035576
0.0065755
-0.0005008
-0.0038118
0.0055014
-0.0004538
-0.0011837
-0.003558
0.0012628
-0.00185
-0.0052877
-0.0021548
0.0083808
-0.0041009
0.0062595
-0.0075928
0.0028763
-0.0055542
0.0022789
0.0061212
0.005831
-0.0001952
-0.0013002
-0.0037021
-0.0054387
-0.0046628
0.0033622
0.0003589
-0.0052039
0.005046
0.0069703
-0.0070109
-0.0003968
-0.0044842
-9.77e-5
0.0068094
0.0053567
0.0027962
0.0016464
-0.0087066
-0.0059802
-0.0026743
-0.0078443
-0.0084219
-0.0028442
-0.0060388
0.0045851
0.0014216
-0.0028688
0.0015213
0.0063009
0.0068962
0.0038244
0.0091467
0.0054051
0.0028282
-0.0004115
-0.008883
0.0062403
0.0076513
0.0061385
-0.0001893
-0.0019136
0.0008308
-0.0057907
0.0094721
0.0008942
0.0022819
-0.0035832
-0.0007945
0.0038062
-0.0028012
-0.0018735
0.0090326
-0.0013419
0.0036817
0.0035276
0.0041342
0.0020398
0.0063769
0.0076494
-0.0073756
-0.0017237
-0.0029085
-0.0057589
0.0093252
-0.0071123
-0.0073988
0.0017076
-0.0081073
-0.004287
0.0019699
-0.007681
0.0026277
0.0007407
-0.0017595
0.001033
0.0077813
0.0021112
0.0007742
-0.0013509
-0.007169
0.0015945
-0.004168
-0.0010014
0.0042405
-0.0015723
-0.0073604
0.0095824
0.0033832
0.0074933
-0.003161
-0.0016469
-0.0093242
0.0017682
-0.0087022
-0.0014857
-0.0058756
-0.0041487
0.002687
0.0082196
0.0085548
-0.004401
-0.0036428
0.0044095
-0.0075333
-0.0065506
-0.006778
0.0035046
0.0002375
-0.0085159
-0.0092657
-0.003248
-0.0001179
-0.0014017
0.0077975
-0.0007526
0.0032923
-0.0032992
-0.0003378
0.0004658
0.0046717
-0.0038249
-0.0071915
0.0070772
0.0034843
-0.0024728
-0.0008561
-0.0071004
0.0060812
0.003049
-0.0032002
0.0084956
-0.0070056
0.0064475
