0.0022232
0.0074729
0.0061574
-0.0026939
0.0091847
-0.0041605
0.0001295
-0.0018923
-0.0015066
0.0091678
-0.0097319
-0.0005263
-0.0085506
0.003671
0.0003307
0.0088916
0.0087698
0.0039824
0.0026401
0.0072694
0.0044729
0.002015
-0.001762
0.0043089
0.0023022
-0.0073892
9.25e-5
-0.008993
-0.000828
0.0058275
0.0003971
-0.0077197
0.002079
-0.0032331
0.0072626
-0.0014172
0.0065362
0.0013353
-0.0099211
-0.0033389
0.0004095
-0.0020476
-0.0050428
-0.0088771
0.0094626
0.0084572
0.0019364
0.0041446
0.0096184
0.004867
0.0067854
-0.0074221
-0.0076114
0.0023022
0.0076426
0.0010836
0.006765
0.0047475
-0.002516
0.0061979
0.0049579
-0.0030147
-0.0027444
-0.008479
0.00338
-0.0047656
-0.0074273
0.0062742
0.0075074
0.00573
0.0005177
0.0094406
0.0077015
-0.0049478
-0.0061033
-0.0025113
0.0042876
0.0085124
0.0068236
-0.0025801
0.0051246
0.0069481
0.0011483
-0.0059308
-0.0091114
-0.0028385
-0.0096676
-0.0002412
0.0060383
0.0072652
0.00714
-0.0089847
0.0031199
0.0083909
-0.0045465
-0.0096155
0.00803
-0.0003234
-0.0023058
0.0069094
0.0090889
-0.0097249
-0.0081409
-0.0030925
0.0015656
-0.00308
-0.0074311
0.0063659
0.0061168
0.0066085
-0.005733
-0.0016638
-0.0083671
-0.0071461
0.0059166
-0.0061815
0.0019662
0.0091839
-0.0019635
-0.0077265
-0.0010569
0.0098903
0.0030879
-0.0009764
0.0010276
-0.0014226
0.0065951
0.0039025
0.0086992
0.0068721
-0.0037602
-0.0011169
-0.0063955
-0.0006116
-0.0003927
-0.0004169
0.0078281
0.0022199
-0.007429
-0.0028488
-0.0007463
-0.0093559
0.0037095
-0.0070953
0.0024557
0.0064642
-0.0015023
-0.0006064
0.0090886
0.0043846
0.0044417
-0.0004583
0.0017174
0.0060192
-0.0097693
-0.0004706
-0.006718
-0.009707
-0.0026378
-0.0058967
0.0027835
0.003353
-0.008002
-0.0038684
-0.0012877
0.003028
0.0049361
-0.0023986
-0.0067886
-0.0015983
-0.0032451
-0.0070919
0.0085254
0.0017883
0.0046859
-0.0004643
0.0089528
-0.0059982
-0.0041196
-0.0011673
0.003326
0.0019101
0.0098483
0.0084128
-0.0055673
0.0046691
-0.0054302
8.98e-5
-0.0035227
-0.0078244
0.0032421
0.0003722
-0.003739
-0.0089188
0.0008912
0.0084121
0.003172
0.008163
-0.0038987
-0.0058875
0.0025695
0.0047212
-0.0022368
-0.0060787
-0.0087859
-0.0048035
0.006372
0.0019038
0.0040127
-0.0069813
0.0093755
-0.002095
-0.0074254
-0.0080725
-0.0077659
-0.0086691
-0.0080435
-0.0074614
0.0084587
0.00704
-0.009699
0.0040374
-0.0042423
-0.0005494
0.0033945
0.0060664
0.0053559
-0.0093429
-0.0042208
0.003336
0.0087199
0.0095367
-0.0081436
-0.0091357
-0.005735
0.0021345
0.0068733
-0.0039974
-0.0014337
0.0030792
-8.95e-5
0.0075101
-0.007278
0.0084601
0.0027228
-0.0024316
0.002052
-0.0032942
0.0081733
0.0096999
0.0020018
0.0022346
-0.0091757
0.0087972
0.00804
-0.0035359
0.0023872
0.0031918
0.0040666
0.0076762
0.0071225
0.0054545
-0.0006303
0.0018068
0.0049434
-0.0038175
0.0089369
-0.0027128
0.0064399
-0.0021736
-0.0053816
0.0007937
-0.0072072
0.0008713
-0.0061088
0.0071943
-0.0035127
0.0065112
0.0043043
0.0055586
-0.0037226
0.0069989
-0.005596
-0.0045943
0.0082072
0.007745
-0.0040225
-0.0078804
-0.0035786
0.0092172
0.0072622
0.0032748
-0.008406
-0.000544
0.0053766
-0.009576
-0.0082696
-0.0025409
-0.0070852
-0.0044406
-0.0067541
-0.0049793
-0.0033755
-0.0097034
0.0028045
-0.0024702
-0.0086849
0.0043338
0.0071329
0.0091231
0.0072588
-0.0095335
-0.0080085
-0.0069086
-0.0040432
-0.0025718
0.0055709
0.0035895
-0.0051743
0.0011359
0.0083215
0.0092191
0.0068689
0.0032238
0.0012494
0.0039008
0.0006209
-0.0044016
-0.0003059
0.0004155
0.0050849
0.0013988
0.0039529
0.0053705
-0.0088824
0.0019254
0.0026134
0.0043172
0.0063009
-0.0011603
0.0058343
0.0007829
-0.000597
-0.0071255
-0.0027775
-0.0052363
0.0095572
0.004622
0.0026376
0.0075011
-0.0096738
-0.0024186
0.0035842
0.0057537
0.0021871
0.0028647
0.0036976
0.0017942
-0.0022759
0.0055265
-0.0076347
0.0057698
0.0062953
-0.0003942
-0.0048075
0.0035447
0.0046542
-0.007304
-0.00038
-0.002698
0.0065177
-0.002091
0.0044929
-0.0094208
-0.0081406
-0.008079
0.0002436
0.0068808
-0.0005145
0.0014693
-0.0080781
0.0052814
0.0030179
0.0015626
-0.0090719
-0.0067998
0.0061648
0.0076676
0.0038278
-0.0056692
-0.0078931
0.0040703
0.0085086
-0.0016884
0.0006459
0.0065062
0.0036272
-0.0068073
0.0017813
-0.0037456
0.0080087
0.0040804
0.0059724
0.0094137
0.002239
-0.0041467
0.0019929
-0.0057874
0.0046534
-0.0070586
0.0037966
0.0019581
0.0003581
-0.005011
0.0035996
-0.009873
0.0061241
0.0099523
0.0032809
-0.0018482
0.0062393
0.0032152
-0.0046608
0.0026129
-0.0068199
0.0076588
-0.0011731
-0.0035804
0.0024296
-0.0008173
-0.0028714
0.0062611
0.0024462
-0.0048008
0.0029312
0.009613
-0.0059229
0.0061793
-0.0002169
0.0020102
-0.0090876
0.0028468
0.0031708
0.0085139
-0.0062827
-0.0095399
-0.0057186
-0.0044085
0.0044963
0.0044203
0.0025452
-0.0005882
-0.0005901
-0.0085066
0.0082969
0.0004996
0.0098017
-0.0084028
-0.0037962
0.0014544
0.0048206
-0.0019246
0.0015723
0.0016433
0.0037478
0.0057974
-0.0095015
0.0012595
-0.0069832
0.0045984
0.0047108
0.007449
-0.0099393
0.0006172
0.0044968
0.0091856
0.0078352
-0.0043263
-0.0073751
0.0037733
-0.000622
-0.0008439
0.004037
-0.0093242
0.0016531
0.0038134
0.0034804
-0.0018542
-0.0046711
-0.0023302
-0.005029
-0.000582
-0.0058728
0.003433
0.0083328
