0.000652
0.0018958
-0.0031054
-0.0042159
-0.0013866
0.0040176
-0.0037449
0.0095777
0.0077905
0.0001196
0.0038435
-0.0039733
0.0050713
0.0076346
-0.0097903
0.0069868
-0.0075235
-0.0022409
-0.0035427
-0.0085783
-0.0016439
-0.0061335
0.008762
0.0070505
0.0030964
0.008954
-0.0045646
-0.0095525
0.0098911
0.0013476
-0.0014686
-0.0068308
-0.0089987
0.0020329
-0.0035472
0.0089545
0.0023348
-0.0060061
0.0065967
-0.0067
-0.0054837
0.0007477
-0.0019281
-0.0017867
0.0019515
-0.0033585
-0.0031525
-0.0089119
-0.0047071
-0.0037789
0.0096638
0.0050007
0.0074634
-0.0045592
0.0095378
-0.0022106
-0.0017816
-0.0016278
-0.0095938
-0.0012375
0.0084887
-0.0061276
0.0052535
0.0086606
0.0054553
-0.0045479
0.006119
0.0070877
-0.0058177
0.0073731
-0.0029401
-0.0093858
0.0052171
0.0024471
0.004282
-0.0042996
0.008253
0.0050379
-0.0039979
-0.0071674
-0.0029018
0.0004
-0.0015699
0.0087278
0.0043429
0.0034273
0.0048107
-0.0067328
-0.0029496
0.0036134
-0.0082344
0.0058186
-0.0032542
0.0008355
0.0055253
-0.0049997
0.0095114
0.0029122
0.0017634
0.0029565
0.0015888
0.0014115
-0.0012965
0.001756
0.0063331
-0.0092447
-0.0079515
0.0083826
0.0010052
-0.0075851
-0.0006376
0.005381
-0.0023317
-0.0026703
-0.0058536
0.0081215
0.0022523
0.0054917
-0.0063654
-0.0012677
-0.0090996
0.008501
0.0048136
0.0095634
-0.0055916
-0.005274
-0.0015206
0.0086053
-0.0057623
0.0096501
-0.0015949
-0.0023679
0.0043501
-0.0060938
-0.0075666
0.0086789
-0.0002422
0.0067994
-0.0005445
0.0048866
0.0044802
0.003174
0.002631
0.0080496
-0.0039479
-6.36e-5
-0.0022219
-0.003439
0.0036584
0.0049447
0.0050378
-0.009132
0.0052455
-0.0046485
0.0095868
-0.0090132
0.0002033
0.0044094
0.0073981
0.0054253
0.0077458
-0.0048248
-0.0096751
-0.0082018
-0.0084303
0.0090398
0.0071843
0.0008105
-0.0013329
0.0039733
0.0067798
-0.0033276
-0.0011499
-0.0045554
-0.0021542
0.0021642
0.0059066
0.0009616
-0.0056393
-0.0078183
0.0042159
0.005428
-0.0027414
0.0091771
0.0037044
-0.0065896
-0.0024243
-0.0024178
0.0028467
-0.0047812
-0.0090903
-0.0096204
0.0039902
0.0026098
-0.0010928
0.0033717
-0.0054237
-0.0093748
0.0069653
-0.0004764
0.0027316
-0.0047819
0.0020959
0.003841
-0.0040059
-0.0055989
-0.0022908
0.0039894
-0.004863
0.0028564
0.0022171
0.0037052
0.0085898
0.0029143
0.0092083
0.0019566
0.0019462
-0.000272
0.0075785
-0.008671
-0.0047779
-0.0066094
0.007051
0.0047997
-0.0093766
0.0095584
0.0041161
0.002537
8.27e-5
-0.0014571
0.0071922
0.0028444
-0.000584
-0.0050807
-0.0034628
-0.009211
-0.0090907
3.45e-5
-0.0096051
0.0001143
-0.0041294
-0.0049429
-0.0041112
-0.0083331
-0.0013124
0.006005
-0.008956
0.0003231
0.0049133
0.0055994
0.0092745
0.009495
-0.0010819
-0.0048185
-0.0066177
-0.0012032
-0.0045031
0.0026874
0.0088006
-0.0092355
-0.0092908
-0.0057768
-0.0021725
-0.0050466
-0.0024795
-0.0079103
-0.008401
-0.0002988
-0.0099025
0.0049695
-0.000341
-0.0025407
0.0034761
0.0070479
-0.0081029
0.0038041
-0.003465
0.0026554
-0.0026131
-0.0059506
-0.0056437
-0.007929
0.0033442
0.0029672
0.0062466
0.0059912
-0.0061254
-0.0056453
0.0042438
-0.0015472
-0.0078411
-0.0012421
-0.0017263
-0.0086804
0.0053845
-0.0083503
0.0052842
-0.0043221
-0.0024788
-0.0094614
-0.0092732
-0.0029451
-0.0032508
-0.0049694
0.0035741
-0.0001299
0.0018021
-0.0008348
-0.0013964
0.0040318
0.0068639
-0.008989
-0.0008594
0.0025363
0.0038341
-0.0048701
0.002662
0.0091199
-0.0093291
-0.0002752
0.0047833
-0.0012914
-0.0056944
0.0022218
-0.0001645
-0.0067946
0.0058413
-0.0038511
0.007318
-0.0070472
0.0074618
-0.0055793
0.003649
0.0079699
0.0072009
0.0031333
-0.0045608
0.0098863
-0.0079819
0.0033016
0.0010922
-0.0045734
0.0033715
-0.009361
-0.003174
0.0065773
-0.0009768
-0.005139
-0.0021139
-0.009879
-0.0085087
0.0049081
-0.006918
-0.0072249
0.0066549
0.0019429
0.0020265
0.0024503
-0.0081024
-0.0001475
0.0004633
0.0041125
-0.0001087
-0.0025207
-0.0062326
0.0036171
-0.004033
-0.0074043
-0.0078491
0.0094028
-0.0064885
0.0004832
-0.0040911
0.0034439
0.0094723
0.0035772
0.0056309
-0.0005223
0.004674
-0.0077341
-0.0019362
-9.07e-5
-0.001042
-0.0015254
-0.0080849
-0.0090108
-0.0035656
0.0045914
0.0047578
0.0047695
0.0082015
-3.26e-5
0.0044356
0.0019381
0.0066626
-0.0099785
-0.0031629
-0.0010069
0.0064493
-0.0095803
0.0026291
0.0019823
-0.0008391
-0.0049345
-0.0084236
0.0034872
0.007142
-0.0084369
0.008088
-0.0032439
0.0067383
0.006778
0.0060008
-0.0052112
-0.0034715
-0.0065509
0.0015972
-0.0067854
0.003567
-0.0046516
0.0088008
-0.0058948
0.0068391
-0.0050957
-0.0021578
-0.0069684
0.0096275
0.0083016
0.0097401
0.0040303
-0.0014345
0.0068151
0.009194
0.0037817
0.0030119
-0.0081103
-0.0034408
-0.0062363
0.007603
-0.0008974
-0.0028229
-0.003336
0.0076077
-0.007402
-0.0093401
-0.0029048
0.0074216
-0.0031196
0.0065188
0.0067225
-0.0054986
0.0076243
-0.0023937
0.0092768
-0.0019177
-0.007491
-0.003896
-0.0037175
-0.0085537
0.0017259
0.0099745
0.0080386
-0.0049903
0.0018939
-0.0026793
-0.0065195
-0.0021849
-0.0056014
0.0077358
-0.0076537
-0.0082088
0.008744
0.0025886
0.0047838
0.0066656
-0.0032251
0.0049192
0.0032275
-0.0062216
0.0054941
0.0029983
-0.009122
0.0060815
0.0029382
-0.0033635
-0.0094784
-0.0097451
0.0046356
-0.0059126
0.0097214
0.0056863
-0.0057931
-0.0087513
-0.0059546
0.0039347
