-0.0092907
-0.0039938
0.0006801
-0.0014807
-0.0003407
-0.0043438
-0.0052935
0.0002719
-0.0032982
-0.0060539
0.0008532
0.0086167
9.74e-5
0.0044299
-0.0032777
-0.0010705
-0.0064308
0.0012901
0.0039934
-0.0034537
0.0060335
0.0042451
0.0092146
-0.0041662
-0.0045252
0.0032844
0.0063173
0.003504
0.0048614
-0.0039509
0.0044223
0.0087563
-0.0097864
-6.66e-5
-0.0063431
-0.0060774
-0.006691
0.0096715
0.0088738
-0.0086086
0.0001446
-0.0056116
-0.0025624
-0.000231
-0.0027402
-0.0086343
0.006732
-0.0069363
0.0025465
0.0023654
0.0036107
0.008476
-0.0090515
0.0083816
0.00765
-0.0063903
-0.0034382
0.0051854
-0.0043343
0.008415
-0.0038564
0.0001881
-0.0013776
0.0022796
-0.003019
0.0082828
-0.0008123
0.0035973
-0.0041603
0.0020061
0.007998
0.0008423
0.0095166
0.0010899
0.0026671
0.0001005
0.005242
-0.0058619
0.00209
0.0065395
0.009761
-0.0050452
-0.0041665
0.0032224
0.0035692
0.0044977
-0.007152
0.0061855
-0.0033309
-0.0030915
-0.0082403
-0.0066166
0.0040733
-0.0069177
-0.0005682
0.0032582
0.0062784
0.0029398
0.0018409
-0.0093699
-0.0006884
0.0026496
0.0080223
0.0011239
-0.0075149
-0.0006771
-0.0002281
0.0086546
-0.0079847
-0.0018369
-0.009233
-0.0072223
0.000536
-0.00306
-0.0006962
0.0046708
0.0052524
0.007795
0.0072204
-0.0084582
-0.0030037
0.0044249
0.0011041
4.13e-5
-0.0095061
-0.0049363
0.004599
-0.0015709
-0.0085622
0.0026528
0.0035203
-0.0024577
-0.0008002
0.0017847
0.009079
-0.0045015
-0.0009967
-0.000329
0.0011978
0.0044181
-0.0078312
0.0031863
-0.0008292
0.0037676
-0.0075844
0.0022269
0.0087199
0.0014632
-0.0059142
0.0082465
-0.0058677
-0.0057827
0.0005351
0.0078492
-0.009192
0.0005724
0.0091468
-0.003054
0.0008741
0.0084961
-0.0081149
-0.0076904
-0.0049019
0.0045461
0.0062129
-0.0035927
0.0089642
0.0048039
0.0081985
0.0065203
-0.0074149
0.0059259
-0.0013678
0.001447
0.0036796
-0.0055095
-0.0045239
-0.0043932
0.0036442
0.0071012
0.004006
-0.0025136
-0.0008107
0.0025318
0.0076236
-0.0022198
0.0079636
-0.0056041
-0.0008822
-0.0072948
-0.0050126
-0.0054008
-0.0099937
0.0080691
0.0003887
-0.0073686
0.0045608
0.002242
-0.0024687
-0.0049327
0.0008094
0.0073179
0.0050318
0.0083843
0.0093453
0.0025851
-0.003767
-0.0045527
-0.0037592
0.0073788
0.0032078
-0.0047055
0.008506
0.0097302
0.0052237
-0.006415
0.0050083
0.0003011
-0.0039793
0.0060928
0.000333
0.0051766
0.0016057
0.0092693
-0.003273
0.0035018
-0.0055296
0.0027701
0.002398
0.006144
0.0061903
0.0022418
0.0015728
-0.0083106
-0.0063983
-0.0060711
0.007016
0.0068014
-0.0001456
-0.0083113
0.0019139
-0.006443
0.0038359
0.0022305
-0.0098342
0.0035328
-0.0072006
-0.0076011
0.0094078
-0.0076645
0.0084137
-0.0034682
0.002385
-0.0087774
0.0040726
0.004395
-0.0010764
-0.0003448
-0.0002804
-0.0098863
0.0070434
0.004407
0.0042805
0.0013426
-0.0090636
0.007978
-0.0056876
-0.0091707
-0.0059858
0.009076
-0.0003336
0.0065895
0.0014356
-0.0031957
0.0055329
-0.0090165
-0.000801
-0.0007415
-0.009877
0.0020825
0.0069487
-0.0016145
-0.0001699
-0.0013831
-0.0006533
0.0054963
0.0074389
0.0002638
-0.0061666
0.0005105
-0.0047114
0.0091807
-0.0031221
-0.0099034
0.0025381
0.0053738
-0.0041929
0.0036705
0.0051059
-0.0038116
-0.0097711
-0.0039453
0.0018141
0.0084281
-0.0067074
-0.0021015
-0.0054587
-0.0049379
-0.0042342
0.0060587
0.0049365
-0.0007587
0.0023315
0.0079779
0.0086253
0.0062805
-0.00613
-0.0011021
-0.005699
-0.0076074
0.0033347
0.0071446
0.0007855
-0.0023766
-0.0079411
0.009038
0.0003164
0.0021839
0.0068651
-0.0095019
-0.0093436
-0.006569
0.009744
-0.0041409
0.0003103
-0.0016005
-0.000176
0.0019805
-0.0028246
0.0041237
-0.0009291
-0.0045039
-0.0029419
0.0005793
0.0096094
-0.0042404
0.0093669
0.0023476
0.0070249
-0.005879
-0.0044846
-0.0099983
0.0014972
-0.007335
0.0092563
-0.0006434
-0.0011987
-0.0047352
-0.0006445
-0.0042926
-0.0097544
0.0022311
0.0043066
0.0073024
0.0065427
0.0041557
-0.004278
0.0068198
-0.0090175
0.002148
0.0035376
-0.0017296
-0.000213
-0.0040212
0.0023783
-0.0045991
0.0042478
0.0006253
-0.0067073
-0.002659
-0.0061689
0.0050268
-0.006998
-0.0027409
-0.0057108
0.0087997
-0.006344
0.0089637
0.0069728
-0.0038903
0.0010003
0.0032717
0.0093017
0.002951
0.0076085
0.0021692
-0.0046744
-0.0021997
0.001096
-0.0063639
0.0086307
-0.0054115
-0.005318
0.0043695
0.0070571
0.0011268
-0.001832
0.0069483
0.0089096
0.0068744
0.0047048
-0.0014076
-0.0056924
0.0081387
-0.0052091
0.0002123
0.0021549
-0.0016746
0.0058521
0.0049611
0.0061058
0.0037157
0.0054827
0.0094333
0.0040544
-0.0061175
0.0088631
0.0012376
-0.002025
-0.0016692
0.009339
0.0022128
0.0005222
0.003313
0.0065384
-0.0009076
0.0087987
0.0072618
0.0088874
0.0071504
0.0005649
-0.0021469
0.0071872
0.0063002
0.0006326
-0.0035888
0.0029184
0.0061041
0.0066648
-0.0070175
0.0095771
-0.0045407
-0.0047759
-0.000111
-0.0012101
0.0012499
-0.0039249
-0.006424
0.0026995
0.0060577
-0.0088969
-0.0026781
-0.0039704
0.0017257
0.0022446
-0.0039107
0.006091
0.008178
0.0013851
0.0036602
-0.0002078
-0.0032848
0.0053779
0.0004735
0.0014698
-0.002114
-0.0025428
-0.0035882
0.0016986
0.0012614
-0.0066281
0.0032345
0.0011516
0.0081441
0.0017384
-0.0093929
0.008739
0.0048174
0.0012283
0.0036429
-0.0024876
0.0016386
-0.0041691
-0.0029435
-0.0096165
