0.0055604
0.0098892
0.0082221
0.0081653
0.0020053
0.0059072
-0.0094239
0.000549
0.0076244
-0.0006891
-0.0015894
0.0050663
0.0087581
-0.0041337
-0.0055703
0.0018177
-0.005663
-0.0059818
0.0064285
0.0041837
-0.0078939
0.0024698
0.0004614
-0.0089086
-0.0053084
-0.0032802
0.0092849
-0.0047686
0.0013909
-0.0049848
-0.0079468
0.0075594
-0.0070067
0.0095795
-0.0075485
-0.0030489
-0.0007445
0.0004258
0.0077015
-0.0014979
0.0070413
0.0073502
0.0091474
0.0070413
-0.0052503
-0.0092499
0.00108
0.0096003
0.0019335
0.00269
0.0067492
-0.0071177
-0.0078975
0.0030203
0.007994
-0.0058721
0.00487
-0.0095867
0.002202
-0.0044468
-0.0066381
0.0024049
-0.0052078
0.0057227
0.0072849
0.0034663
-0.0035735
-0.0066862
0.0039498
0.006943
-0.0094136
-0.0036984
-0.0035264
0.0084547
-0.0023682
-0.003951
-0.0087189
-0.0073306
0.0027777
0.0080421
-0.0003744
0.0072686
-0.0041159
0.0024085
-0.0015696
0.0080158
0.0011155
0.0077798
0.0084896
-0.0027257
0.0039251
-0.0016911
-0.0005659
-0.0016759
-0.0094925
-0.0051841
0.0073317
0.0075721
-0.003167
-0.0094937
0.0004361
-0.0099788
-0.0044634
0.0098581
0.0035252
-0.0006135
-0.0076648
0.0003475
0.0054775
-0.0073414
-0.0062454
0.0034687
0.0095552
-0.0085606
0.0090247
0.0064837
-0.0065956
0.0024869
0.0066564
-0.0002693
0.0079913
0.0060395
-0.0063718
0.0019917
-0.0061161
-0.0060173
0.003423
-0.0060844
-0.0076921
-0.0078997
0.001959
-0.0049053
-0.0010123
0.0091327
-0.0037419
0.0017001
0.0007095
0.0002797
-0.001002
-0.004054
0.001681
-0.0060463
0.0021624
-0.0020858
-0.0080102
0.0091964
0.0056089
-0.0056578
0.006361
-0.0086711
0.004767
0.0023091
-0.0086944
0.0003842
-0.0094194
-0.0056882
0.0054154
-0.0092874
0.0091542
0.0024874
0.0033683
-0.008629
0.0036965
0.0010758
0.0031757
0.0027158
0.0009699
0.0062007
-0.0042713
0.0077105
-0.0013723
-0.0048552
0.0058458
0.0004559
-0.0086994
0.0068693
0.0045795
-0.0050177
-0.0018158
0.0076477
-0.0047619
0.0012664
0.0024887
-0.0022654
-0.003469
-0.0088173
-0.0071432
0.0014207
0.000916
-0.0086082
-0.0094609
0.0025742
0.009474
-0.0073962
0.006059
0.0086242
0.0047317
-0.0061398
0.0038218
-0.0026059
-0.0076839
-0.0026113
0.0044463
0.0089031
-0.0029008
-0.0081518
0.0089679
0.0095628
-0.0069534
0.0067977
-0.0076326
0.0012881
0.0034429
-0.0086331
-0.0074355
0.0020958
0.0062465
0.0030732
0.000659
-0.0009885
-0.0058165
0.0041556
-0.0005205
0.0030284
0.0099897
0.0064554
-0.0065822
0.0057937
0.0023253
0.0019801
-0.0030682
-0.0041746
-0.005629
0.0036646
-0.006899
-0.009448
0.0040514
-0.0059423
-0.0078343
-0.0004635
-0.002455
0.0096074
-0.0097269
0.0043925
0.0042081
0.0028513
0.0043986
-0.0016056
-0.0050735
-0.0086147
-0.0078739
-0.0072926
-0.0041156
0.0014923
0.0061487
-0.0063646
0.0027441
0.0041655
0.0096909
0.0083201
-0.0031899
-0.0025033
-0.0024875
0.0007328
0.0017264
-0.0081653
-0.0084227
-0.0080081
-0.0088426
0.0084427
-0.005027
-0.0018489
0.0044955
-0.0081364
0.0096086
-0.0026642
-0.0010306
-0.0083291
0.0083667
-0.0061717
9.59e-5
-0.0072888
0.0024197
0.0083523
-0.0031028
0.0095335
-0.0025489
-0.0079329
-0.0085764
-0.005463
-0.0001806
-0.0092496
-0.0047162
-0.0010768
-0.0059167
-0.0087588
-0.0060829
0.0053991
0.0047697
0.0019349
0.0061522
0.0030702
0.0068346
-0.005824
-0.0095479
-0.0062411
0.0031888
-0.0056404
0.0011595
0.0062102
-0.0025795
-0.0077079
0.0017394
-0.003347
-0.0073405
0.007697
0.0058481
-0.0073156
0.0089356
-0.0074407
5.2e-6
0.0034721
-0.0095499
-0.0014676
-0.005581
-0.0032412
0.000134
0.0011807
0.0045476
-0.0026717
0.0037468
-0.0067956
0.0081953
0.0072735
-0.0010893
-0.0024864
0.0085612
0.0007632
0.0060499
-0.0058319
0.0030003
-0.0034502
0.0088106
-0.0073767
-0.0070267
0.0052173
0.005556
-0.0082219
0.0071074
-0.0005844
0.005594
0.006194
-0.0054601
0.003189
-0.0091239
0.0097022
-0.009241
0.0082701
0.0045687
-0.0036513
0.0004087
-0.0084466
-0.0049602
-0.0084502
-0.002226
0.009393
-0.00268
-0.0036252
-0.0088473
-0.0065147
-0.0016336
-0.0006596
0.0024885
0.0013241
0.0065815
-0.005146
-0.0003513
0.0071302
-0.0054178
0.000355
0.00679
0.0033189
0.0008854
0.0006703
-0.0098387
0.0056545
-0.0051832
-0.00275
-0.0075497
-0.0060111
0.003272
-0.0019944
0.0062734
0.007279
-0.0058744
-0.0086687
-0.0001319
-0.003176
0.0032119
-0.0005343
0.0004772
0.0026121
-0.0049136
-0.0071654
-0.0074172
-0.0006585
0.0032462
-0.0046243
-0.0003916
-0.0064047
0.0051522
-0.0067938
-0.0098269
-0.0022417
-0.0067669
0.001688
0.0069627
0.0008358
-0.009505
0.0060341
0.0091322
0.0021713
-0.000692
-0.0084238
0.0084023
0.0093649
0.0022547
-0.0042421
-0.0065799
-0.0081165
-0.0019562
-0.002506
0.0053073
-0.0035858
0.0049209
-0.0063327
0.0049462
-0.0078822
-0.0021496
0.0020231
-0.0072341
0.0096111
-0.003366
-0.0017833
-0.0085757
-0.0016153
0.0062186
-0.0058551
0.0041035
-0.0011925
-0.0054728
-0.0022811
-0.0026731
-0.0082384
0.0071758
8.88e-5
-0.0077806
-0.0023562
-0.007596
0.0017916
0.0063787
0.0091567
0.006131
0.0017275
0.0079421
0.0044497
0.0043939
6.98e-5
-5.11e-5
-0.0072945
0.0047949
-0.001726
-0.0010232
-0.0054005
-0.0083438
0.0051264
-0.0056315
-0.0051143
-0.0059065
0.003594
0.0094124
0.005847
0.0071034
-0.0002095
0.0006027
-0.0024741
-0.0003741
0.0063104
-0.0014044
-0.0059405
-0.0094168
-0.0020924
0.0015648
-0.0044431
-0.0051173
