-0.0043182
0.0048102
0.0058618
-0.0061497
-0.0026016
-0.0085258
0.0064092
0.0012954
-0.0017208
0.0051327
-0.003829
-0.0071908
0.0090324
-0.0051615
-0.0032607
0.0084555
0.0063938
-0.0078894
0.0045798
0.0054761
0.008024
-0.0023739
-0.0090405
-0.0031764
-0.0009288
0.0037451
0.0050401
0.0099472
0.0060662
0.0045215
-0.0038324
-0.005934
-0.0013384
-0.0026846
0.0037797
-0.0053795
0.004162
-0.0084677
-0.0054513
0.0080858
-0.0075014
-0.0022067
0.0051699
-0.0043451
0.0064547
0.005265
0.0045029
0.0083146
-0.009646
-0.0010123
0.001311
-0.0058313
0.0096472
0.0089844
0.0048815
-0.0078426
-0.0075574
0.0055346
0.0074655
0.0054693
-0.0090143
-0.0081134
-0.0003811
-0.0066725
-0.0076467
-0.0034596
0.0017064
0.0064016
0.0048589
0.0070615
0.0081673
-0.0007833
0.0071943
0.0062725
0.001736
0.003943
0.0002122
0.0036005
-0.0065945
0.0051452
0.00661
-0.0014928
0.0067932
0.0023354
-0.0031922
-0.0063118
0.0061821
0.0024231
0.0017068
0.000592
-0.0037045
0.001734
0.0042666
-0.0034588
0.0059869
0.004669
0.0084658
0.0080878
0.0032534
-0.0055773
0.0034224
-0.0075276
-0.0093592
-0.0068743
0.0010261
0.0050166
0.0002653
0.0030262
-0.0001065
-0.0048196
0.0081272
0.001552
0.0093323
-0.0030096
-0.004164
-0.0099105
-0.0095503
0.0055919
0.0083807
-0.0061334
-0.001058
0.0099883
-0.0042094
-0.0033725
-0.0014738
-0.006055
-0.0020505
0.0035534
0.0020456
0.0049972
-0.0091523
0.0064621
-0.0015992
-0.0061669
-0.0083338
0.0007398
-0.0092039
0.0079094
-0.0013426
0.0001473
0.0057844
0.009455
0.0088332
0.0041299
0.0061626
0.0003922
-0.0024054
-0.0055161
-0.0026061
0.0035515
-0.0052731
0.0017484
-0.0015014
0.0065951
0.0013562
-0.0078953
-0.006618
0.0075248
0.0042067
-0.0086572
-0.0021673
-0.0091226
-0.0085091
0.0030928
0.0079837
0.000545
0.0062771
-0.0032718
-0.0026429
-0.0016269
-0.0006072
0.0088437
0.0016158
-0.0006449
0.0027343
-0.0011662
0.0028301
-0.004483
-0.0071568
-0.0097185
0.0074144
0.0012655
-0.0076727
0.0032493
-0.0028976
-0.0070368
-0.0066769
0.0097224
0.0025907
0.0052098
0.0086451
0.0013488
-0.0018159
-0.000795
0.0025402
-0.0034266
0.0028582
0.0030136
0.0015721
-0.000554
0.0029337
-0.0059393
-0.0055347
-0.0002453
0.0057484
-0.0043127
0.0049146
-0.0007049
0.000563
0.0086153
-0.0040861
-0.0054486
-0.0021387
-0.0069106
-0.0011533
-0.0040298
0.007191
-0.0029146
0.0002642
-0.0022608
-0.0017691
-0.0058247
0.0040954
-0.0051568
-0.0009994
-0.0010787
0.0032485
0.0008738
-0.0052632
-0.0050627
0.0098286
0.0065115
0.0072859
0.0081709
0.0073033
-0.0041881
0.0087805
0.006706
-0.0045767
0.0014832
-0.0034916
-0.0098747
0.0050284
-0.0011463
0.0029969
-0.0096828
-0.0093802
-0.0060452
0.002297
-0.0090675
0.0035638
0.0058569
-0.0050698
-0.0016632
0.0098094
0.0068459
-0.0010378
0.0059653
-0.0063772
0.0094332
-0.0085357
-0.0046318
-0.0066851
0.0007355
-9.08e-5
-0.0032791
-0.0047946
0.0045279
-0.0025333
0.005092
0.0030901
0.0014785
0.0037846
-0.0089464
0.0072294
0.0042372
-0.004886
-0.0034259
-0.0044511
0.0085004
-0.0070833
-0.0078631
0.0040341
-0.0007616
0.0059283
0.0083775
-0.0057677
0.0060122
-0.0015694
0.000919
0.0098715
0.0071655
0.0070233
-0.0014343
0.0050078
-0.0075981
-0.0067045
-0.0012693
-0.0002217
-0.0035838
-0.0041086
0.0019952
-0.0061456
0.0004582
-0.0019676
-0.0097745
0.0023289
0.0030387
-0.0036234
0.0071611
-0.0055722
-0.0047089
-0.0065861
0.0058818
-0.0008166
0.006547
-0.0044534
-0.001497
-0.0050713
-0.0085187
-0.0027357
0.0095975
-0.0021869
0.0089594
0.0061755
0.0046552
-0.0027868
-0.009517
-0.0015435
-0.0028515
-0.0013575
-0.001895
-0.0085444
-0.0016442
-0.0027722
0.0032283
-0.000459
0.0098162
0.0044975
-0.0009897
-0.0008327
-0.0079924
0.0078396
-0.0019081
-0.0029028
0.0098427
0.005872
-0.0034375
0.0078891
-0.0068662
-0.0097035
-0.0065642
0.0094673
-0.0005282
-0.0071817
-0.0015904
-0.0076648
-0.0057448
-0.0099771
-0.0061413
-0.0015019
0.0008253
-0.0040124
-0.0010107
0.0023297
-0.0072374
-0.0024439
-0.0061738
0.0021166
-0.0056034
0.0079053
0.0077528
-0.0064393
0.00947
-0.0048834
-0.0078554
-0.0032346
-0.0023205
-0.0001427
0.0027955
0.0089488
0.00752
0.0047038
0.0063827
-0.0048802
0.0048573
0.0082699
-0.0082761
0.0049358
-0.0013886
0.0098674
-0.0071702
-0.0069955
-0.0066731
0.0028415
-0.0078766
0.0073217
0.0054305
-0.0058692
-0.0012873
-0.004202
0.0023128
-0.0051752
0.0043739
-0.0094566
-0.0028876
0.0014543
0.0052137
-0.0043052
-0.0090097
-0.0043996
0.0028128
0.0009287
0.0013325
0.0079348
-0.0022919
0.0040112
0.0038042
-0.0048604
-0.0004171
-0.0067498
0.0027113
-0.0010149
-0.007107
-0.0068978
-0.0084164
-0.0064438
-0.0075133
-0.0035647
-0.0046635
-0.0020559
0.0051013
-0.0012952
-0.0077359
-0.0040551
-0.0013119
-0.0044945
-0.0043042
0.003129
0.0098134
0.0065532
0.0009962
-0.0041584
0.0070283
0.0018733
-0.0066446
-0.0005055
-0.001361
-0.0013235
-0.0086408
-0.0078456
-0.0055609
0.0014892
-0.0099987
-0.0018731
0.0018392
0.0023626
-0.0098107
-0.002466
-0.0052671
-0.0024433
-0.0028997
0.0080268
-0.0020494
-0.0027508
0.0054536
-0.0078273
0.0080211
0.0017074
0.0036837
0.0068246
-0.0005549
0.0077067
-0.0032183
0.0043354
-0.0002077
0.00207
0.0090264
-0.0010972
0.0071316
-0.0076708
0.0082014
-0.0013075
0.0075495
-0.0054916
0.0057987
-0.0027976
0.0007613
-0.0019271
0.0003466
-0.0063015
0.0031567
0.001862
-0.0066221
-0.0073046
