0.0081097
-0.0054183
-0.0045275
0.0062377
0.0009099
0.0060043
0.0072437
-0.005254
0.0019507
-0.0004298
-0.0005638
-0.0082145
0.0042654
0.0036223
0.0028504
0.0065286
-0.0025692
-0.0064905
-0.0049954
0.0031805
-0.0035401
-0.0084338
-0.0046777
0.0010712
-0.0057919
-0.0004381
-0.0018526
-0.0054789
0.0007372
0.0033429
0.004762
-0.0086335
-0.0094133
0.004594
-0.0034338
-0.0040589
0.0003157
-0.0041167
0.0023084
-0.0018672
-0.0023136
0.0009462
0.0036946
-0.0003486
-0.0090462
-0.0006128
0.0044128
-0.0049044
-0.0064253
-0.0005745
0.0053714
-0.0038535
-0.0069976
0.0040262
-0.0065346
0.0087261
0.0062666
0.0095769
0.0012849
0.0002206
-0.0054898
-0.0024335
0.0061216
8.14e-5
0.0073308
-0.0079693
-0.0044013
0.0072804
0.0014643
-0.0040263
0.0010142
0.0024444
-0.0085014
-0.0067893
-0.0003023
-0.0033425
-0.0078458
0.0045748
-0.0032325
-0.0012301
0.0096107
0.0086209
0.0044564
0.0052702
0.0071216
-0.0075573
0.0018712
0.0004353
0.0032369
0.0035748
-0.0027588
0.0093588
-0.0038859
0.0043772
0.004012
-0.0037617
0.0008771
0.0040166
-0.0020868
0.0039716
-0.0040256
-0.0044981
-0.0057238
0.0004474
0.0065832
0.0012035
0.0088236
-0.0023941
0.0029418
0.0021411
0.0092162
-0.0051634
-0.0012688
-0.0050937
0.0033668
0.0081805
0.0003174
-0.0062131
0.0073562
0.009462
0.0023391
0.0074928
-0.005023
-0.0050445
0.003702
0.0091252
0.0083131
0.0061267
-0.0028663
0.0051253
0.0056645
0.0005438
0.0040241
0.0047302
0.0053285
0.0034132
-0.0095095
0.0038273
0.0030819
0.0090752
0.0033769
0.008899
0.0073483
0.003508
0.0005674
-0.0030215
0.0015893
0.0067646
0.0089599
0.0089976
-0.0041055
0.0041065
-0.0010603
0.0025705
0.0041373
-0.0004221
0.0055177
0.0014753
-0.0020793
-0.0047268
0.0089704
-0.0079124
-0.0092463
0.0056307
-0.0043008
-0.0092504
-0.0076009
-0.0062084
-0.0045703
0.008387
-0.0085937
-0.0038186
-0.0097795
-0.0021273
0.0047882
0.005876
-0.0052619
-0.0003675
-0.0050372
0.0059375
-0.0046454
-0.0010429
-0.0015235
0.0054049
-0.0070827
0.005666
-0.0029984
-0.0059916
-0.0005186
0.0040854
-0.0039761
0.0033358
-0.0072718
-0.0067858
-0.0098477
0.0041203
0.0012654
-0.0026054
0.0078583
-0.0004216
0.0063
0.0042203
-0.006822
-0.0069197
0.0061513
-0.0071466
0.0060026
-0.0011941
0.0066941
-0.0029484
-0.0096007
-0.0026194
-0.0049214
-0.0075755
0.0091704
-0.0084706
0.0011889
0.0044334
-0.0074727
-0.0028307
0.0074817
-0.0094002
0.0025056
-0.0097288
0.0043695
0.0020209
-0.0001492
-0.0027141
0.0012261
0.007876
0.0040177
-0.0024409
-0.006409
-0.0002577
-0.0010442
-0.0054771
-0.0049114
-0.0015407
0.0016018
0.008155
-6.72e-5
0.0065245
-0.0068017
0.0018602
0.0035672
0.0025477
-0.0066199
-0.0062544
0.0019831
0.0013511
-0.0068278
0.003746
0.0011327
0.0084886
0.0035264
-0.0088723
0.0044774
0.0020128
0.0093185
-0.0080756
0.0083122
0.0093796
-0.0023712
0.0012883
0.0032854
0.0044804
-0.0046616
0.0083807
-0.0047352
0.0027821
-0.0064059
3.3e-5
0.0004277
-0.0094816
0.0082598
0.0045228
-0.0018697
-0.0036478
0.0011871
0.0051818
-0.0021359
-0.0043051
0.0031548
-0.0032621
-0.002793
-0.0036694
0.0011902
0.0006966
-0.0039765
0.0021946
-0.0037969
0.0008401
0.0071254
-0.0098047
0.0087906
-0.0033116
-0.000333
0.0048763
0.0002496
0.0080642
0.0059567
0.0043429
0.0011788
-0.0036859
0.0033194
0.0002459
-0.0047709
-0.0009684
-0.0076445
0.0084844
0.0026564
-0.0079575
0.007966
-0.0098101
0.0009312
0.0056926
0.0036824
-0.008086
-0.0064177
0.0025487
0.00139
0.0080548
-0.0017599
0.0012053
0.0063824
0.0087806
0.0094618
-0.0096343
0.0032975
-0.0042635
0.0049758
-0.0094778
0.0028534
-0.0003692
0.0052161
0.0067963
0.0009722
0.0078357
0.0044694
-0.0085714
0.0072309
-3.42e-5
-0.0060861
-0.0026228
0.0034373
-0.0002433
0.0035798
-0.0079293
0.0037298
-0.0058401
-0.0011651
0.0042906
0.0040941
0.001258
-0.0005287
0.0036988
0.0022149
0.0091636
-0.0029885
0.001983
-0.0018717
0.0020354
0.0091328
-0.0012747
-0.0016942
0.0096747
0.009828
-0.0003103
0.0014958
-0.0094526
-0.0090735
0.0070926
0.0099015
0.0014903
0.0082746
0.0072079
0.000562
-0.000902
0.0030171
0.0052336
0.0026218
-0.0053121
-0.0064079
-0.007541
-0.0053421
0.0045277
-0.0069383
-0.0072654
0.0087596
-0.003347
0.0012871
-0.0068086
0.0059873
-0.002402
-0.0004828
0.003276
-0.0025899
0.0027504
0.0076217
-0.0041544
0.0046636
0.005939
0.008959
0.009193
0.0067535
0.0006561
-0.0060983
9.96e-5
-0.0049233
-0.0053082
0.0093537
-0.0018185
-0.0064426
-0.001538
0.0084474
0.0031886
-0.007512
-0.0008483
0.0009778
-0.0075962
0.0071379
-0.0043163
0.0062912
-0.009785
0.002571
0.0056535
-0.006376
0.003373
-0.0061179
-0.0013352
0.0011808
-0.0095597
0.0090345
-0.0059865
-0.0048863
0.0026877
-0.009981
0.0029655
-0.0070509
-0.0037541
-0.00743
-0.0075649
-0.0054852
-5.71e-5
0.0034227
-0.0092196
0.0094951
-0.0078993
0.0080674
-0.0047795
0.0088845
-0.0044066
-0.0086402
-0.0089209
0.0019106
0.0044646
-0.0040431
0.0059565
-0.0096112
0.0097127
-0.0052083
-0.0051612
0.0047216
0.0061886
-0.0082338
-0.0061003
0.0004659
0.0038489
0.0037755
-0.0076505
0.0022488
-0.003109
0.0077314
-0.0064985
0.0028361
-0.0064015
-0.0062866
-0.0092685
0.004292
0.0018144
0.0020119
-0.0023742
-0.0052581
0.0040551
0.0056418
0.0005104
-0.0024982
0.0066612
0.0072441
0.0074009
-0.0023404
0.0034465
0.0064699
0.0064219
0.0084455
