0.0078328
-0.001043
0.0002849
-0.0077531
0.0020948
0.0019929
0.0012694
0.0090461
0.0095914
-0.0002645
-0.0020128
-0.0006393
-0.0062114
0.0007198
-0.0006111
0.0081163
-0.0090789
-0.0046878
0.0068797
0.0016512
-0.0009601
-0.0033456
-0.0017711
0.0086245
0.0068661
-0.0032882
-0.0004402
0.0029947
0.0086561
0.0090298
-0.0085548
0.0008948
-0.0021896
0.0041943
0.0067442
0.0039334
-0.0035158
-0.006879
-0.0097639
0.007185
0.007646
0.0078486
0.0036597
0.0018431
-0.0088105
-0.0036179
0.000752
-0.0012852
-0.0005371
-0.0025525
-0.0060896
0.0020209
-0.0041467
-0.0056781
0.0091696
0.0091997
0.0073634
0.0064127
-0.0043175
-0.0061695
0.0064497
-0.0081918
0.0067949
-0.0042451
0.0039569
-0.002043
-0.004519
0.0061056
-0.0081157
0.0095025
0.0009137
0.0087129
-0.0032588
-0.0022997
-0.0038886
0.0019487
-0.0045924
-0.0002353
0.004045
0.0020118
0.0043544
-0.0088162
-0.008469
0.000872
-0.0005685
0.002332
-0.0019369
0.0022457
-0.0068994
0.0072404
-0.0063376
-0.0056771
-0.0069948
0.0027345
0.0060744
-0.0055012
-0.0012995
0.0075237
0.0068038
0.0009826
-0.0089875
0.0064229
0.0058146
0.0065964
-0.0030125
-0.0029538
-0.0074451
0.0010192
0.0069864
0.0039711
-0.0081649
-0.0019202
-0.0021193
-0.0060515
-0.0075886
-0.0068362
0.0026532
0.0077154
0.0020662
-0.0039806
0.0075584
0.0026317
-0.0070041
0.0021178
0.0076418
-0.0034765
-0.0053423
-0.0093611
5.9e-6
-0.0001365
-0.0012265
0.0016512
-0.0022518
-0.0046719
0.0056686
-0.0009512
-0.0085242
-0.0084475
-0.0058551
0.0066731
0.000728
0.0003574
-0.0061716
-0.0077818
-0.0083983
-0.0092265
0.0041388
-0.0002225
0.0091705
0.0022602
-0.0080224
0.0018232
0.0018749
0.0095634
0.0075729
-0.0071428
-0.0016322
0.0069576
-0.0003522
-0.0049583
-0.0067179
-0.0092541
0.0090907
-0.0074491
0.0054109
-0.0030022
-0.000503
-0.0061603
-0.0076424
-0.000756
0.0030266
-0.0093239
0.0068055
-0.0043872
-0.0053449
-0.0084403
0.0091198
-0.0017888
-0.0038422
-0.0051842
-0.0035802
-0.0042411
0.0018906
0.004386
0.0049097
0.0022335
-0.0086276
-0.0036208
-0.0073008
0.0087539
-0.00597
0.0010308
0.0059941
0.0099285
-0.00452
0.0048828
-0.0010544
-0.0086885
-0.0050858
-0.0028429
0.0048592
-0.0001056
-0.0015704
0.0091195
0.0097816
0.0074239
-0.0076989
0.0028831
0.0072479
0.0085399
0.0007629
-0.0014194
0.000906
0.0059292
0.0015468
-0.0043924
0.0099897
0.0084281
-0.0037888
0.0038475
-0.0046956
-0.0036379
0.0039979
-0.0014503
-0.0040773
-0.0075812
-0.0093443
-0.0010346
0.0041505
0.0038733
-0.0015213
-0.0057269
0.0039459
-0.0096777
-0.002371
0.0081617
0.007614
-0.0005871
0.000377
0.0002192
-0.0098724
0.0066265
-0.0094729
0.0006898
-6.91e-5
0.0061491
-0.004724
-0.0001954
0.0088374
0.0052847
-0.0095824
0.0043715
-0.0042047
0.005085
0.0075659
0.0016476
0.0063346
-0.0075241
0.0082072
-0.0063736
0.0021745
0.0009171
0.0097328
0.0010289
0.0019505
0.0067657
0.0075662
0.0046346
-0.0095318
-0.000807
0.0050016
-0.0054723
-0.0029869
0.0088363
-0.0066858
0.0097107
-0.0034732
0.0015377
0.0009959
-0.0002712
-0.0053222
-0.0025584
-0.0006532
0.0078512
-0.0079101
0.0011097
-0.0043028
0.0050407
-0.0040255
0.009452
-0.0013722
-0.002563
-0.0024262
-0.0063457
-0.0044281
0.0033348
-0.0030376
-0.0053577
-0.0043468
0.0089729
0.0052379
-0.0063658
0.0034218
0.0054389
0.0023665
0.0038594
0.00691
0.0005482
0.001452
0.0032966
0.001351
-0.0002033
0.0050582
0.0040967
-0.00334
-0.0043438
0.0011516
-0.0024435
0.0092297
0.005212
7.45e-5
-0.008212
-0.00599
0.0025186
-0.008735
-0.006843
-0.0090314
-0.0022214
0.0055263
0.0032504
-0.0037146
-0.0046089
0.0025348
0.00152
0.0022378
-0.0060074
-0.0042517
0.0064785
-0.003173
0.004148
-0.0096072
0.0078188
0.0046795
-0.0075012
-0.0044252
0.0021824
0.0086148
0.0092532
0.0016162
-0.0053134
-0.0033877
0.0043446
-0.0095124
-0.0068629
0.0022677
-0.0043845
0.0022724
0.000789
-0.0058038
-0.0024719
0.0084842
0.0010351
-0.0063432
0.0010213
0.0033815
0.0069467
-0.0061225
0.0066507
0.00805
-0.0014739
-0.006038
0.0020577
-0.004953
-0.0057646
-0.0003177
0.0026607
0.0081395
-0.0029871
0.0093851
0.0025712
-0.0031454
0.0061229
0.0047359
0.0065137
-0.0094608
0.0022282
0.0062299
0.0010543
0.0013445
0.0021944
0.0036932
0.0030859
-0.0015071
-0.0055048
-0.0016898
0.006406
-0.0020529
-0.0056633
-0.0038778
0.006303
-0.0047598
0.0001709
0.0079782
-0.0013011
-0.0035119
-0.0052479
0.0056903
-0.0036642
-0.0051972
0.0008071
0.0089306
-0.0067276
-0.0041561
0.0090355
-0.0048571
0.0079516
0.0072922
-0.0021739
-0.0047864
-0.0080327
-0.0090353
-0.005003
0.008032
-0.0085121
0.0003416
-0.0018878
0.001969
0.0078762
-0.0027941
0.0057014
-0.0040199
0.0023218
0.0045175
0.0029902
-0.0086564
0.0076915
-0.0051383
-0.0014875
0.0058925
0.0040283
0.0030167
-0.0028302
-0.0054431
-0.0027603
0.0058861
-8.51e-5
0.0022066
-0.0039668
0.0030047
-0.0092596
-0.0005767
0.0039597
0.0036471
0.0012561
-0.0034716
0.0033087
0.001787
0.0067631
0.0053113
-0.0048106
-0.0073304
0.0039202
-0.007774
0.0091163
0.0063621
0.0043957
-0.0021884
0.0002873
0.0038214
-0.0071323
0.0051534
0.0043624
0.0052763
0.0005632
0.0096401
0.000671
-0.0077746
0.0087084
-0.0062992
-0.0076237
-0.008742
0.0042546
0.0016592
-0.0049232
-0.0098776
0.0097025
0.0023073
0.0063032
0.0063536
0.0023145
-0.0085453
0.0028707
0.0057348
-0.0032181
-0.0013467
