0.0051626
-0.0079207
4.12e-5
0.0096188
-0.0053226
-0.0089362
-0.0015856
0.0076967
-0.0022233
0.0013031
-0.0072023
0.0068076
0.0037483
-0.0014542
-0.0044839
0.0013483
0.0064475
-0.0071252
0.0043489
0.0073219
-0.0073014
0.0015138
-0.0014778
-0.007517
-0.0063219
-0.0074763
-0.0085032
-0.0089954
-0.0022742
-0.0062165
-0.00137
-0.0067789
0.0070363
-0.0043647
-0.0005694
-0.0024406
-0.0034896
0.008957
-0.0056807
0.0015896
-0.0074207
0.0053112
-0.0056043
0.0083572
-0.0077472
-0.0034303
0.0096904
-0.0062591
0.0098637
0.0030636
-0.00087
0.0055114
-0.0015628
0.0028195
-0.0028571
-0.0053446
0.0065037
-0.0084592
-0.0047697
-0.0048555
-0.0078984
-0.0028267
0.0010827
-0.0096847
0.0074846
-0.0003955
0.0030044
0.0050781
0.0006078
-0.0097214
-6.7e-6
0.0059918
-0.0093998
0.0041873
-0.0083164
0.0046391
0.0099577
0.0087785
-0.0057629
-0.0054146
0.0003841
0.0050951
-0.0070581
-0.0044824
-0.0063977
0.0090765
0.0048196
0.0048289
0.0010278
0.0045022
-0.0099562
-0.0049218
0.0078066
-0.0059817
0.0054687
0.0061896
-0.006182
0.0064531
0.0002539
-0.0077922
0.0016738
0.0042327
0.0014702
-0.0087493
0.0018057
0.0075781
-0.0056538
-0.0010904
-0.0073991
0.0037153
-0.0033348
-0.0007723
-0.009541
0.0064974
0.0022339
0.0088868
-0.0002209
0.0042823
0.0005749
-0.0065323
0.0031609
-0.0077116
0.0006595
0.0045112
0.0092143
-0.0058032
0.0046434
0.0072569
0.0053761
-0.0044422
-0.0084815
0.0074343
-0.0019123
0.0020857
0.0073956
0.006676
-0.0091793
-0.0039727
-0.0099653
-0.0022045
-0.0090374
0.0010493
-0.0053285
-0.0004072
0.0074709
0.005684
-0.0069834
-0.0004382
-0.0047772
-0.0001373
-0.0085637
-0.0025449
0.0049666
0.0043752
-0.003755
0.004477
0.0021207
0.0043094
-0.0039208
-0.0071508
0.0067317
0.0080201
0.0007082
0.000141
0.0064658
-0.009205
-0.0045422
-0.0016564
0.0077863
-0.0082773
-0.0071351
0.0047432
0.0045777
0.0016821
-0.0091249
0.0046943
-0.0018459
-0.0021608
-0.0015451
0.0088694
-0.0045827
-0.0018449
-0.0036264
-0.0060561
0.0095191
-0.0032518
0.0071371
-0.0051506
-0.0041485
-0.0047066
-0.0099656
0.0032137
0.0086166
-0.0006083
-0.0026236
-0.0051896
-0.0038425
-0.0043946
0.000489
-0.0098631
-0.0001354
0.003194
-0.0094945
-0.0067674
0.0093906
0.0050789
-0.0059202
0.0078002
0.0007753
-0.0074842
-0.0062916
-0.0022848
0.0083645
0.0039132
0.0010477
-0.0024363
0.0092471
0.0022295
-0.0011149
0.0052217
-0.0036133
0.003525
-0.0054502
0.0086149
-0.0022959
-0.0085976
-0.0072847
-0.0074095
-0.0061825
-0.0090394
-0.009281
-0.0032947
0.0052728
-0.0026327
-0.0019692
-0.0056078
0.0005413
-0.0049
0.0047177
-0.0017199
0.0071372
-0.0015189
-0.0042927
-4.91e-5
0.0043263
-0.0036001
-0.0088873
0.005016
-0.0051454
-0.0002475
-0.0081863
0.0095479
0.0073021
-0.004274
-0.0016978
-0.0029307
0.0004126
0.0077505
-0.0011464
0.0061837
-0.0044456
0.000485
-0.0087921
0.0051528
-0.0065087
0.0046256
0.0090581
-0.0083747
-0.0080104
3.66e-5
0.0077829
0.0031875
0.0095682
-0.0023405
0.0079423
0.0088772
0.0005165
0.0098576
-0.0039471
0.0030785
0.0069462
-0.0027888
-0.0037451
0.0007215
-0.0091418
-0.0023019
0.0094554
-0.0093216
-0.008257
0.0007275
-0.0068634
0.0042461
0.0076223
0.009306
-0.0016424
0.0054562
0.003533
-0.0078513
0.0007223
-0.0017519
-0.0095476
-0.0096223
-0.0087194
-0.0084945
-0.0023722
0.0006454
0.0013583
0.0065413
-0.0081309
-0.0036647
-0.0071235
-0.0082761
0.0063002
-0.0039953
-0.0058562
0.0097713
0.0018611
-0.0029369
-0.0083539
0.0034433
-0.0043313
-0.0046257
-0.008549
0.0070783
0.0033892
-0.0050656
0.0067609
0.002752
0.0095805
0.0038964
-0.0066533
-0.0062989
-0.0042785
0.0046922
0.0083205
-0.0020802
-0.0052376
0.0005085
-0.0023853
0.0034056
-0.0055746
-0.0052189
0.0076002
0.0022745
0.007025
-0.0083699
0.0012755
0.0019981
8.45e-5
-0.0016922
-0.0024376
0.0080366
0.007436
0.0099263
-0.009774
-0.0047613
-0.0065868
0.0036003
0.0002723
0.0026305
-0.0081139
-0.0006882
-0.0090277
-0.0073838
-0.0090765
-0.0002645
-0.0089445
-0.0013997
-0.0067527
0.004153
0.0036612
0.0081917
-0.0058509
-0.0049219
0.0097798
-0.0058172
0.0010046
-0.0004467
0.0060347
0.003829
0.0015798
0.0088499
0.0016959
-0.0006962
-0.0076642
-0.0088784
0.007946
0.0057415
0.0058346
0.002237
0.0007684
-0.0052912
-0.0098214
0.006224
-0.0027326
-0.0070741
-0.0027749
-0.0088886
0.0055049
-0.0049538
-0.0042963
0.0092727
0.0043243
-0.0030472
-0.0096893
-0.0016675
-0.0070995
-0.0036151
0.0052714
-0.0067668
0.0075472
-0.0085989
-0.0046904
0.009409
0.0086559
0.0050241
-0.0015059
-0.0001261
0.0083927
0.0056405
-0.0053795
0.0070809
-0.007595
0.0039696
-0.007487
-0.0095221
0.0087238
0.0090344
0.0005504
0.0088997
0.0034639
-0.0099289
-0.0083233
0.0083802
0.0086787
-0.0053738
-0.0013781
-0.0010116
-0.0006009
-0.0061589
-0.0065653
0.0076124
-0.0003171
0.0099687
-0.0055455
0.0037263
-0.0028557
0.0070297
0.0055696
0.0049021
-0.000677
-0.0050167
-0.003289
0.0084946
0.0005238
0.0012498
-0.0086454
-0.0057772
-0.0031785
0.0020976
0.0048562
-0.0077241
0.0060223
0.0085723
-0.0046562
0.0093453
-0.0064562
-0.0022778
-0.0049007
0.0063049
-0.002647
0.0088547
0.0079455
-6.68e-5
0.0094601
-0.0004664
-0.0024128
-0.0011585
0.0022124
0.0068878
0.0055655
0.0031658
0.0077439
-0.0002914
-0.0036226
-0.0069539
-0.005992
0.0040091
-0.0031216
0.0002643
0.0083094
-0.003459
-0.0051725
-0.0021901
-0.0029115
