0.0078083
0.0022524
1.84e-5
0.0081398
-0.0056127
-0.0096941
-0.0096654
0.0080118
-0.0097688
0.0022166
-0.0082965
0.0012705
0.005446
-0.0073775
0.0065211
0.0093729
-0.0063121
0.0041152
-0.0081211
0.0057139
-0.0082294
-0.00079
0.0019899
-0.0038525
-0.0071445
0.009477
-0.0088395
-0.0066074
0.0078341
-0.0028535
0.0075018
-0.0086233
-0.0011849
0.0017601
-0.0052591
0.0086242
0.007787
0.0094726
0.0003575
0.007019
0.0058
5.53e-5
0.0008569
-0.0035529
-0.0042586
-0.008853
-0.0017183
-0.0091473
0.0005833
0.0003376
-0.006439
-0.0027426
-0.0086828
-0.0013278
0.0075172
-0.0082276
-0.0088871
0.0046298
0.0002123
0.0073682
0.0028499
-0.0018645
-0.004123
-0.0066324
0.0009881
-0.0086799
-0.0091192
0.0020799
-0.0045275
-0.0013879
-0.0094043
0.0050231
-0.0094894
0.0016134
-0.0053999
0.0011007
-0.0015331
-0.0004139
-0.0014322
-0.0060804
0.0025922
0.0061552
0.0076684
0.0014702
-0.0051849
0.002162
0.0037935
0.0047469
-0.0031825
-0.0010938
-0.0014529
-0.0071981
0.0071841
0.0015923
0.0093482
-0.001823
0.0020008
-0.000661
-0.0014607
0.0088906
-0.0017127
-0.007037
0.0042395
0.0037117
0.0061527
0.0004266
-0.0093408
-0.0033049
-0.0049399
-0.007883
-0.0053169
-0.0030785
0.0013512
0.007938
0.0074231
-0.0005248
-0.0058974
0.005567
-0.006634
0.0036428
-0.0011346
0.0021275
-0.004353
0.0013441
0.0064328
-0.0045116
0.0086055
-0.0019868
-0.0089402
-0.0030951
-0.0026611
0.002957
0.0099589
-0.008905
0.0079942
0.0019141
-0.0079242
-0.0069801
-0.0070565
-0.0056729
0.0087285
0.0096138
-0.0016835
-0.009577
-0.0039359
0.0081275
0.0046633
-0.0032239
-0.006046
0.0041362
-0.0015566
-0.0044609
-0.0059207
0.0002995
-0.0067344
-0.0012717
-0.0006893
0.0030262
-0.0058014
0.0098242
0.0022674
0.0066087
0.0036554
-0.0045861
0.007524
-0.009962
-0.0035449
-0.0029384
-0.0013159
0.0034931
-0.005432
-0.0081625
-0.0086019
0.0008251
0.0055146
7.56e-5
0.0079852
0.0057757
-0.0036644
-0.008547
0.0077267
0.005925
0.0093727
-0.0011756
-0.0076904
0.0023781
0.0034167
-0.0043633
0.004072
-0.0074532
0.0027398
0.0091348
0.0041158
0.0069514
0.0098528
-0.0087175
0.0079592
0.0082263
0.0063204
-0.000964
-0.000148
-0.0012473
-0.0075398
-0.0091433
-0.0029347
-0.0011408
-0.0077338
-0.0075891
0.0092949
0.0003382
0.0067424
-0.0082822
-0.0046823
-0.0019
-0.0089792
-0.0036642
-0.0083708
0.005652
0.0015158
-0.0061971
-0.009337
-0.0019724
-0.0088589
-0.0048035
-0.006214
-0.0001338
0.0066988
-0.0025979
-0.0044172
-0.0099973
0.0024929
0.0094713
-0.0093205
0.0014991
0.0014936
0.0002366
-0.007591
0.0045788
-0.0049599
-0.0097902
-0.0083094
-0.0096174
0.0066875
0.0055572
0.0051102
0.0009031
-0.0091328
-0.0026608
-0.0019068
0.0079277
-0.0052835
-0.0094964
0.0037745
0.0016414
-0.0080691
-0.0027136
-0.0058937
-0.0048426
-0.0093912
0.0009095
-0.0034126
0.0021407
-0.0044852
0.0065965
-0.00795
0.0039485
0.0033027
-0.0056045
-0.0017171
-0.001613
0.0007497
0.0086437
-0.0053869
0.0040106
0.0037269
0.0079234
-0.0093295
-0.008922
-0.00125
-0.007606
0.001235
0.0045433
-0.0001709
-0.0062302
-0.0007566
-0.0080001
0.0085631
0.0025517
0.0027157
0.0021563
-0.0090393
-0.0076209
-0.0066728
-0.0013675
-0.0095607
-0.0078029
-0.0085741
-0.0052265
0.0049455
0.0032654
0.0074651
0.0089572
-0.0034533
0.0084375
-0.0062814
0.0006747
0.0065761
-0.0083461
0.0055456
0.0015889
-0.0081666
-0.002845
-0.0031136
0.0001864
-0.0024093
-0.0063224
0.007773
0.0077248
9.28e-5
-0.0056521
0.0099087
-0.0093553
0.0013086
0.0079431
-0.0085865
-0.0090122
-0.0048766
-0.0017965
-0.0030074
0.0015054
-0.007473
0.0054599
0.0033866
-0.00667
-0.0021816
-0.0088054
0.0066223
-0.0028282
0.0030685
0.0051923
0.0031647
-0.0087959
0.004114
-0.0062314
0.0085433
0.0059933
-0.0039861
0.0021877
-0.0059483
-0.0003088
0.008374
0.007321
0.0080104
-0.0027267
0.0097197
5.1e-5
0.0056803
-0.0009514
0.008587
-0.0032653
-0.0007211
-0.0032096
0.0088794
0.0073563
0.008067
-0.009033
0.0007337
-0.0087561
-0.0021958
-0.0082857
-0.0025059
0.0084462
0.0094884
0.0005991
-0.0077533
-0.0016683
0.0054399
-0.0026494
0.0042686
0.0032122
-0.0059285
-0.0014171
0.0047212
-0.0050397
-0.0058658
0.0084665
-0.0085184
0.0022976
-0.0003796
-0.0020392
-0.0069793
0.0025301
-0.0071744
-0.0084499
0.0053825
-0.0097895
-0.0087857
0.0071519
0.0083263
0.0095664
0.0034478
-0.0056172
-0.0099169
-0.0038867
0.0084916
0.0039411
-0.0027218
7.52e-5
-0.0074085
-0.0055837
0.009326
0.0012953
-0.0047375
0.0050037
0.0078566
-0.0026863
0.0032099
0.0037576
0.0065504
0.00057
0.0012561
-0.0036294
-0.0092735
-0.0002121
-0.0064695
-0.0064422
0.0079219
-0.0042325
-0.0072051
-0.0070582
-0.0044621
-0.0067431
-0.0021432
-0.0082556
0.0033745
0.0091872
0.0083821
-0.0056427
0.0034475
0.0043759
-0.0078223
0.009712
0.0083058
0.0060443
-0.0090086
0.0014277
0.006819
0.0019402
0.003878
0.0042216
0.0074888
-0.0002753
-0.0038594
0.0028345
-0.0032554
-0.002611
0.0046627
0.0047515
0.0065233
-0.0039169
0.0016179
0.0042382
-0.0072795
-0.000867
0.0080286
-0.0053611
0.003743
-0.0089653
0.0070886
-0.0045547
0.0062835
-0.003681
0.0094249
-0.0023618
0.0010201
0.0095067
-0.0053306
-0.0079372
0.0067523
-0.0025417
-0.0017872
0.0094126
0.0047062
-0.0035738
-0.0041224
-0.0018168
0.0090368
-0.0057224
-0.00438
-0.0054103
0.0072519
-0.0037496
-0.0051715
0.0025522
-0.006795
