0.0022321
0.0052876
-0.0070379
0.0053875
-0.0063106
-0.0032043
0.0049553
0.0006353
0.0041537
-0.005117
0.0011118
0.008663
0.000918
-0.0011578
-0.0007154
0.0080874
0.0041685
0.0059813
-0.0085045
0.0087974
-0.0042471
0.0074252
-0.0021042
0.0030198
0.0081629
-0.0030328
-0.0001593
0.0018282
0.007848
0.0024826
0.0091183
-0.0047793
-0.0053962
-0.0018798
-0.0047194
0.0009903
0.0076117
-0.0045742
0.0081379
-0.0045201
0.0025837
-0.0011688
0.0089851
-0.0027288
0.0096279
0.0097652
0.0098517
-0.0058604
0.0006228
-0.0038859
0.0056189
-0.0005329
0.0014357
-0.0065715
-0.0072672
0.0007321
0.0097359
-0.0096784
0.0074027
-0.0096345
0.0008497
0.0014735
0.0078192
-0.0036901
-6.95e-5
-0.0058178
-0.0029326
-0.0002792
-0.0084909
0.0085826
0.0008291
0.0084652
-0.0027396
0.001748
-0.0008712
0.0013569
0.0095206
-0.0032677
0.0027666
0.000303
0.0060187
-0.0078557
-0.0096534
0.0029362
-0.0063114
-0.0003433
0.0030103
0.0018509
0.0083183
-0.005726
0.0072347
-0.0035053
0.0019241
-0.001543
0.0021229
-0.0037597
0.0084726
-0.0004227
-0.0084612
0.0084678
0.0080568
-0.0023991
0.007412
0.0066701
0.0059775
0.0084078
-0.0073119
-0.0099877
0.008463
0.0064391
-0.0016311
0.0009286
-0.0024038
0.008397
0.0078222
-0.0065873
-0.0065352
0.0019482
-0.000223
-0.0012034
0.007433
0.0083122
-0.0074045
-0.0073034
0.0035753
0.0017526
0.0020686
0.0019372
0.0031767
0.0043783
0.005064
-0.0015455
0.0047046
0.0066264
-0.0079273
0.0081275
0.0076228
0.0022132
0.0042063
-0.0024028
-0.0025994
0.0070433
0.0060487
0.0079387
0.0074198
0.0086004
-0.0073522
0.0098289
-0.0045895
-0.0020195
-0.0066716
-0.000924
0.0054523
-0.0055481
-0.0067018
0.005453
-0.0082588
0.0062996
0.0091761
0.005966
0.0039558
-0.0092581
-0.0072413
0.0043253
-0.0092018
-0.005974
0.0061153
-0.0068128
0.0087432
-0.0082887
0.003737
-0.0002678
-0.0024499
0.0080372
-0.0057013
0.0086079
-0.0013125
-0.0094127
0.0004094
-0.0022317
-0.0014802
-0.0094523
0.0029641
-0.0017311
0.0040837
0.0067926
0.0082061
0.0057222
-0.0005162
0.0073432
0.0065143
-0.0082709
-0.0087141
-0.0092195
-0.0002711
0.0005393
-0.0073832
-0.0048889
0.0018426
-0.0095191
0.0050489
-0.0015956
0.0029011
0.0045309
0.0047975
-0.0030269
-0.0021674
-0.0069949
-0.0051131
-0.0046159
-0.008211
0.0014996
-0.0084757
-0.0003331
-0.003408
0.0093949
0.0096796
0.0035821
-0.0049659
0.0067772
-0.0080812
0.0082457
0.0054657
-0.0006802
-0.008497
-0.0094364
0.0075005
-0.00582
-0.0065067
-0.0051999
-0.0060386
-0.0014532
0.0007226
0.0042875
-0.0042384
0.0058567
-0.0007958
-0.0050186
0.0063284
0.0072208
0.0096246
-0.0066221
0.0092771
-0.0061527
-0.0078939
-0.0036955
0.0019232
-0.0084267
0.0047869
-0.0034073
0.0034508
0.0097588
0.0013429
-7.52e-5
-0.000754
-0.0096148
-0.0065796
0.0091728
-0.0079638
-0.0084616
-0.0086522
-1.7e-5
0.0012335
-0.0043356
0.0052893
0.0092597
0.0077183
-0.0004195
0.0033967
-0.0041019
-0.0024363
-0.0090547
-0.0034627
-0.0021382
0.0084478
0.0062037
-0.0063408
0.0096829
0.0050371
-0.0022514
-0.0010086
-0.0088561
-0.001678
-0.0064883
-0.0079133
0.0073638
0.0079447
0.0063455
0.0099607
-0.009491
0.0051424
-0.0045906
0.007674
-0.0019779
0.0014804
0.0085746
0.0033976
0.0014862
-0.0031685
0.0050647
-0.0072086
0.0001358
-0.0045545
0.0090345
-0.0083643
-0.0003837
0.0073965
0.0076821
-0.0041867
0.0013884
0.0034476
0.0054405
-0.0019992
0.0003277
0.0056254
0.002146
0.0085345
-0.0069642
0.0085558
-0.0041626
-0.0066511
0.0091287
0.0099204
0.0012691
0.0049211
0.0002471
0.0036159
0.0020306
0.0057768
0.0089325
0.0091628
-0.0094583
-0.0070867
0.0076606
-0.0001388
-0.000475
0.0030509
-0.006633
0.0084658
0.0061052
0.0069377
0.0025056
0.0049755
0.0084342
0.0030235
0.0016906
-0.0057242
-0.0093334
-0.0078291
0.007527
0.0001563
0.0019113
-0.007915
-0.0098136
-0.0015236
-0.0099688
-0.0068396
-0.0068856
-0.0042191
-0.0049785
-0.001195
-0.0035891
0.0010953
-0.0054107
0.0017066
0.0079771
-0.0040084
-0.0059778
-0.0005353
-0.0046988
-0.001229
-0.0093405
0.005487
-0.0011881
-0.0077844
0.0087296
0.0070503
-0.003515
0.0074703
0.0058546
-0.0036141
-0.0015777
-0.0070284
-0.0019258
-0.0029538
-0.0098885
-0.0081468
0.0082599
-0.0053396
-0.0028815
-0.0054435
-0.0044312
0.0033487
6.99e-5
-0.0078997
-0.0040431
-0.006826
-0.0037075
-0.0078742
-0.0030904
-0.0082999
-0.0075831
-0.0068846
-0.0042722
0.008736
-0.0028947
0.0055996
-0.0007035
0.0024945
0.0014711
-0.0075389
0.0047553
0.0075415
-0.0008492
-0.0056733
-0.005515
0.0081118
0.0031249
-0.0076595
0.0058476
-0.0061474
0.003391
-0.0082769
-0.002431
-0.0072501
-0.0080149
0.0086287
0.0011345
0.0052887
0.0092554
0.0093034
0.0018307
0.0018837
0.0061892
-0.0034603
-0.0012551
-0.0062199
0.0001931
-0.0080579
-0.0087937
0.005642
-0.0024854
-0.0043315
0.0097929
-0.0063509
-0.0086045
-0.0083074
-0.0068635
0.0015819
0.0030973
0.0076784
0.0011394
0.0052013
0.0080715
0.0008812
0.0046253
-0.0053217
-0.0038692
-0.0030471
-0.0090111
0.0018505
-0.003262
-0.0002651
-0.0040087
-0.0079505
-0.0012283
0.0073076
0.0075805
0.0065331
0.0025567
-0.0094554
-0.0052403
-0.0046641
-0.0075438
-0.0077275
-0.0030857
0.0085386
0.003069
-0.0034275
-0.0081502
-0.0021097
0.008018
-0.0057497
-0.0087862
-0.0054833
0.0065928
0.0083073
0.0087024
-0.0089037
0.009446
-0.0046133
-0.0052532
0.0071264
-0.0060231
-0.0006954
