-0.0032106
0.0001468
-0.000755
-0.0074757
0.0052674
0.00702
-0.0048779
-0.0093247
0.001942
-0.002508
-0.0025995
0.0095987
0.0033558
-0.001773
0.0043701
0.0042505
-0.0059748
0.0085937
0.0057922
0.0019303
0.0073553
-0.0004643
-0.0078634
-0.0080241
0.0092774
0.0089503
0.0008756
-0.002227
-0.0041509
0.0040578
0.0084568
0.0097506
-0.0021836
0.0060562
-0.0051711
-0.0027264
0.0041491
-0.0019249
-0.0027419
-0.0021436
0.0060542
0.0076305
0.000708
0.0099146
-0.0043317
0.0028021
0.0042378
-0.0033331
-0.0031266
0.0095269
0.0028545
0.0031147
0.002041
0.0071958
-0.0026173
-0.0039227
0.0093929
-0.0046953
-0.0005453
-0.0014553
0.0066796
-0.0019276
0.0018653
-0.0022128
0.0094527
0.0006617
0.0087017
0.0025914
0.0072168
0.0005216
-0.0082015
0.0070052
-0.0079706
0.0071647
-0.0095872
0.0077099
0.0096056
-0.0085362
0.0075491
0.0066906
-0.0090216
0.0079797
0.0003775
0.0050172
0.0017541
0.0095998
0.0022345
0.0099588
-0.0059185
-0.0034202
-0.0059202
0.0082817
0.0087628
-0.0052035
0.0070022
-0.0098022
-0.0066754
-0.0091467
0.0071756
-0.004868
0.0071191
-0.0063305
-0.0066249
-0.0036759
0.0088989
0.0057624
0.0091518
0.0015006
-0.0050792
0.0082935
0.0070793
-0.0009906
-0.0022306
0.005683
-0.0037979
-0.0053986
0.0057577
-0.0053672
-0.0053873
0.0012248
0.0026447
-0.0017081
0.0013801
-0.0043434
0.0004415
-0.0095634
0.0080763
-0.0092479
0.0062587
-0.0032037
-0.0020269
-0.0098771
-0.0098406
0.0084713
-0.0096611
-0.001965
-0.0041184
0.0051178
0.0036994
-0.0006616
-0.0085513
0.0039753
0.0064953
-0.0073442
-0.0064491
-0.0079238
-0.0076838
0.0012044
0.0099647
0.0045725
-0.001011
-2.74e-5
0.00891
-0.0027485
-0.0010652
-0.0058817
-0.0071185
0.0064035
-0.009806
-0.0037952
-0.0097152
-0.0053493
0.0042844
-0.0033046
-0.0001223
-0.0042112
-0.00854
0.0066321
-0.0082037
-0.0096132
-0.0037212
0.0066558
-0.0085503
-0.0054835
0.0001706
-0.0072869
0.0069789
0.0036638
-0.008332
0.0087396
-0.0063917
0.0080821
-0.0013077
-0.0081505
0.0048865
-0.0056354
-0.0009507
-0.0018523
-0.0016677
0.0029749
-0.0075509
-0.0010367
-0.0060174
0.0085488
-0.0002453
0.0079364
-0.0056534
-0.0069302
-0.0047723
-0.0005865
-0.0021253
0.0093773
0.0077432
-0.0036045
6.05e-5
0.0054938
0.0081099
-0.002862
0.0025609
-0.001833
0.0056062
-0.0028998
-0.0079539
6.85e-5
-0.0043361
-0.0098617
-0.0038705
-0.0049806
-0.0081508
-0.000928
-0.0009237
0.0053369
0.00584
0.0070146
-0.0055207
-0.0074358
0.0054874
-0.0043511
0.0037751
-6.19e-5
0.0059255
-0.0086342
-0.0058138
-0.0017085
-0.0087252
-0.0012365
0.0015843
0.0046085
-0.0041269
0.0031535
0.0017313
0.0095375
-0.0034446
0.0046414
-0.0030824
-0.0087744
-0.00482
-0.000784
0.0073507
-0.0079018
-0.0079209
-0.0050928
-0.0090061
-0.0077046
-0.0051032
0.001827
0.0037633
-0.0024462
-0.001967
-0.0070028
0.0097478
-0.0004599
0.008031
-0.0094067
0.007921
0.0030478
0.0002761
-0.0050287
-0.0056867
-0.003533
0.0080137
0.006913
0.0036825
0.0065921
0.0095766
-0.0062748
0.0068003
-0.0066105
0.0004648
0.0092259
-0.0007214
-0.0021994
0.0032084
-0.0073063
0.0063369
-0.0014232
-0.0037587
-0.0005962
0.0026806
-0.0089068
0.0038063
-0.003878
-0.0032996
-0.0009371
0.0084977
-0.0023575
-0.0088359
-0.00111
0.0097539
-0.0020644
0.0041153
-0.0019093
-0.0099479
0.0047375
0.0043301
-0.0056806
0.0023352
-0.0024448
-0.0055052
-0.0055188
-0.0079825
0.001718
-0.00638
-0.0089158
-0.0073643
0.0075517
-0.0084909
-0.0078345
-0.0069033
-0.0038669
0.005413
0.0045904
-0.001282
-0.0062043
-0.0076576
0.0053173
-0.0012634
0.0009215
0.0077613
0.0024524
-0.0020023
0.0097971
0.008682
-0.0037046
-0.0005981
-0.0086612
0.0080216
-0.0019497
0.0075741
-0.0072186
0.0080684
0.0017967
0.0005645
0.0065988
-0.008735
-0.0088896
0.0067762
0.0089696
-0.0055436
0.0045657
-0.000577
0.002101
0.0047749
-0.0009534
-0.0043658
-0.0080058
-0.0029616
-0.0089599
-0.0075154
-0.0060114
-0.0019645
0.0053203
0.0061458
0.0065812
0.008433
-0.0009437
-0.0005029
0.0044768
-0.0083434
0.0010276
-0.0085075
0.0069386
-0.0093685
-0.0031358
-0.0086794
0.008565
0.0032029
0.0060806
0.0092824
0.008408
0.007426
-0.0040066
-0.0010056
0.0001823
0.0013965
-0.0044638
0.0015581
0.0032917
0.0035856
-0.0005104
0.006588
0.0064089
-0.0008892
0.0089357
-0.0084193
0.0052411
-6.86e-5
-0.0049317
0.0058548
-0.0080448
0.0068385
-0.0040722
-0.0026325
-0.0062688
0.0067219
0.00117
-0.0037245
-0.0058148
0.0057102
-0.0087838
-0.0052126
9.76e-5
0.0050558
0.0053399
0.0007818
-0.0067826
-0.0001486
0.0068894
-0.0086724
0.0025389
0.0044443
0.0097943
-0.0059018
-0.006029
-0.0046674
0.0076691
0.0001134
-0.0068051
0.0096871
0.0015
-0.0021314
0.0017138
-0.0039868
0.0005455
0.0085931
0.0079644
-0.0084133
-0.00276
-0.0063317
-0.0068394
0.0006563
0.0073872
-0.0017251
0.006828
-0.0026435
-0.0051454
-0.0031901
0.0037079
-0.0009979
-0.003734
0.0036531
-0.0028422
-0.0015224
-0.0013598
-0.0026216
0.0011703
0.0002843
-0.0069117
-0.0067639
0.0004218
-0.0002923
-0.0028811
-0.008763
-0.0082323
-0.0081578
-0.0092033
-0.0030706
0.0089842
0.004831
-0.004815
-0.0017641
0.0008172
-0.0020523
0.0035873
-0.0073054
-0.0072764
0.009151
-0.0042159
0.0091354
-0.0089956
-0.0053366
-0.0059147
-0.0020287
-0.0091399
0.007943
-0.0002957
-0.0021013
0.0049197
-0.0035363
0.0031683
0.0015488
-0.0070147
-0.0058623
-0.007152
0.0090254
