0.002998
-0.0048341
-0.0036746
-0.0067586
0.0052125
-0.0059377
0.0073156
0.0025991
-0.0033052
-0.001032
-0.0070962
-0.0075256
-0.0046516
-0.0051526
-0.0039139
-0.0016866
-0.0008583
0.0099599
-0.0019816
-0.0053806
0.0035269
0.0054463
0.0068378
-0.0099019
-0.0076072
-0.0056034
-0.0013986
-0.0070849
-0.0064961
0.0066891
0.0030473
0.0025876
-0.0033137
-0.0036345
-0.0046876
-0.0080676
-0.0015872
-0.0065352
-0.0057051
-0.0039994
-0.0087704
-0.0079422
-0.0054998
0.0055873
-0.0064943
0.0093646
-0.0042621
-0.0020448
-0.0004798
-0.0020539
-0.0058029
0.0038485
0.0081163
0.0027655
-0.0040082
-0.0007736
-0.0085409
0.0006311
0.005879
0.0069438
-0.0059176
-0.0077904
0.0099844
-0.0074203
0.0027768
-0.0074339
0.0057629
-0.0073986
0.007191
-0.0033171
-0.0041613
0.0093853
-0.0061557
-0.0027485
0.0021375
0.0092121
0.0024757
0.0070256
-0.0014967
0.0092919
0.0008172
0.0051908
0.0014606
-0.0042564
0.0089919
0.0028929
0.0093356
-0.0030869
0.0027288
0.0081427
0.0076387
0.0070971
-0.0089764
-0.0093919
-0.0035493
0.0091791
0.0047086
0.0073482
-0.0052638
0.0058505
0.0037897
0.0090257
0.0083576
-0.0077044
-0.0078656
-0.0073747
0.0018261
0.0032018
0.0045334
-0.0086032
-0.0037938
0.0040308
-0.0018034
0.0086336
7.95e-5
-0.0085005
0.0036234
-0.0037556
0.0012016
0.0082799
0.005269
-0.0026181
0.0018413
0.0042068
-0.0005683
0.0038117
0.0007366
-0.0003458
0.0027292
0.0071639
-0.0016882
-0.0083533
-0.0029721
0.0025027
-0.0098237
-0.0083064
0.0001077
0.0049501
0.0024141
0.0010623
0.0080817
-0.0094329
-0.0017438
-0.0014784
-0.0016016
0.0064092
0.0079313
-0.0068874
0.0061382
-0.0009686
-0.0013894
0.0074406
0.0065109
-0.0097966
-0.0023112
0.0033183
0.009209
0.0048416
0.0085467
0.0058889
-0.0096694
0.0099788
-0.0044274
-0.0008699
-0.0024083
0.0021327
-0.0045459
0.0040095
0.0009931
-0.0081567
0.0093814
0.00418
-0.0011148
-0.0051869
0.0004743
0.006449
0.0015705
0.0035765
0.0097327
0.0083781
-0.0006852
-0.00503
0.0010894
-0.0097199
-0.0023853
0.0045234
0.008795
-0.0054023
0.0093235
-0.0012015
0.0059259
0.0004592
-0.0068266
-0.0091618
-0.0040872
-0.0008772
-0.0088851
-0.0031367
-0.0015738
-0.0076616
-0.0064484
0.0015713
-0.006956
0.0053934
-0.0047595
0.0082466
-0.0077414
-0.0053692
0.0082217
-0.0006099
-0.003999
-0.0009641
0.0056245
-0.0083122
0.0057585
-0.0087935
0.0050013
-0.0024093
0.0097999
-0.0022136
0.000691
-0.0075488
0.0011674
-0.0042301
-0.0071568
0.0010725
-0.0003739
-0.0068215
0.0045765
-0.008172
0.0075544
0.0093268
-0.009847
0.0096571
-0.0046343
0.0032348
0.0057037
0.0025633
-0.0059221
0.0067317
-0.004487
0.0091645
0.0097411
0.0001736
0.0023302
-0.001668
0.0027513
0.007399
0.0092665
0.0069449
-0.0022544
-0.0090274
-0.0031836
-0.0012718
0.008795
0.0078726
-0.0020658
0.0027773
-0.0056465
0.0051599
-0.0001431
-0.0047264
-0.0073076
0.0012455
0.0063781
0.00997
0.0055364
0.0074581
0.0007402
-0.0008484
0.0085633
0.0086624
0.0015968
0.0011807
0.000379
-0.0030538
-0.0075597
0.0063631
-0.0038114
-0.0090424
0.000171
0.0034095
0.0097176
0.0016224
-0.0002352
0.0068326
0.0094097
-0.0074422
-0.0073733
0.0088987
0.0017564
-0.0018099
0.0020276
0.008416
0.007648
-0.0071176
0.0098077
-0.0082557
0.0033473
-0.0042227
0.0041185
-0.0006782
0.0009263
0.004587
-0.0045794
-0.0042694
0.0086284
-0.0030818
0.0005917
0.0061052
0.0089462
-0.0006871
0.0099789
0.0068008
-0.0051433
-0.0089981
0.0021702
0.0033782
0.0079425
0.0093118
0.0004343
0.0038438
-0.0062768
-0.0086279
0.0090731
0.0040037
-0.0073254
-0.0039213
-0.001997
-0.009247
0.0009655
-0.0052876
0.0050669
0.0054765
0.0001143
-0.0016263
-0.0085917
0.0009846
0.0016578
-0.0070674
0.0062572
0.0055099
0.0033083
0.0006848
0.0042114
-0.0097521
-0.0081256
-0.0061877
-0.0087954
0.0026569
-0.0053082
0.0028283
-0.0075086
0.002086
0.009887
-0.0077158
0.0039616
-0.0057101
0.001033
0.0090296
0.008704
0.0022023
0.0028334
0.0051002
0.0010295
0.0038803
-0.0067646
0.0027044
0.0021366
0.0039918
0.004817
-0.0098943
-0.0022437
-0.0086111
0.0041117
0.0012793
-0.0029499
-0.0082359
0.0013082
0.009942
0.0013346
0.0082827
-0.0061458
0.0038027
0.0075645
0.0015141
0.0092328
0.0020792
0.0021863
-0.0042176
-0.0095958
0.0079652
0.0086763
-1.37e-5
0.0012568
-0.0050954
0.0009519
-0.0091829
0.0021825
0.0071122
0.0071131
0.0047598
-0.0011532
-0.0047279
-0.003882
-0.0098556
-0.0043426
-0.0040155
0.0068738
0.008029
-0.0033215
-0.003417
0.0001621
-0.0075384
0.0058954
0.005915
0.0024757
0.0069808
-0.0085556
0.0028593
-0.0096846
-0.0096704
0.0063126
0.0032827
0.0016497
0.0044226
0.0013216
-0.0049958
0.0006439
0.0086732
0.0042285
-0.0057688
0.0017472
0.0028289
0.0058808
-0.0027133
0.0039378
-0.0023524
-0.0029001
0.0090819
0.0097482
0.0060638
-0.0061118
-0.0081407
0.0041221
-0.0099785
-0.0013862
-0.0036806
-0.0012625
0.0030043
-0.0052143
-0.0094379
0.0014783
0.0080801
0.001933
0.0003706
0.0083963
-0.0021698
-0.0065956
0.0022836
0.0046071
-0.0079967
0.0023553
-0.0068868
0.0001734
-0.0052842
-0.0091977
0.0099364
-0.001948
0.0091245
0.0021056
0.0065474
-0.0064907
0.0043161
-0.0020512
0.003781
0.0050363
-0.0026432
0.0098479
-0.0027176
0.0053277
0.0016079
0.0090964
0.0064245
-0.0086951
-0.0084873
0.0002808
0.0032817
0.0084312
0.0004712
0.0045697
0.0002412
0.0032778
-0.0091118
0.0037669
