0.0034235
-0.0094072
0.0013111
-0.0054494
-0.0021293
0.0001856
-0.0039919
-0.009357
-0.00997
-0.0001085
-0.0032789
0.0069184
0.0027879
-0.0053413
-0.0007326
0.0036768
0.0074302
-0.0090677
0.0045024
-8.63e-5
0.0029817
0.0033217
0.0024959
-0.0057645
0.0073289
0.0004458
0.005551
-0.0015975
-0.0054983
0.0052687
-0.0019964
-0.0021051
-0.0024839
-0.0090131
0.0054027
0.0067943
0.0050658
-0.0054181
0.0070866
0.0085857
-0.0063188
0.0091086
-0.0069134
0.0044899
0.0005694
-0.0023784
0.0076785
0.0025624
0.0053653
-0.0061132
-0.0066602
-0.0016388
0.0080752
-0.0034495
0.0045638
-0.0002264
0.0013735
0.009205
-0.0048713
-0.0067155
0.0048685
0.0074317
0.0053251
-0.0009061
0.0005277
0.0014245
0.0035067
-0.0038579
-0.008385
-0.0005352
-0.0047229
0.0063872
0.0065015
-0.0094014
-0.0008321
0.0083737
-0.0047081
0.0010231
-0.0014899
-0.0005426
0.0030728
-0.0040318
0.0033333
0.0069726
-0.0072627
0.0076007
-0.0041849
-0.0081111
0.007653
0.0085824
-0.0028621
-0.0068295
0.0063477
-0.0059256
0.0092831
0.0046783
0.001144
0.0063033
-0.0011614
0.0029219
-0.0095457
-0.0060538
0.006407
-0.0055527
0.0003286
0.0036263
-0.0080377
-0.0020454
0.0077495
0.0053931
0.0016128
0.0031799
-0.0058556
0.0034977
0.0023231
-8.47e-5
0.008791
0.0090729
-0.0054526
-0.008643
-0.0001528
0.0010952
0.0093716
0.0044618
-0.0021226
0.0008658
0.0097074
-0.0053655
-0.0078249
0.0024761
-0.006792
0.0035137
0.0024956
0.0016162
-0.0012755
0.0033237
0.0074381
0.0028884
0.0087928
-0.0099306
0.0053506
0.0036209
0.0068162
0.0054695
0.0064667
0.0029439
0.0071281
0.0086431
0.0094695
-0.0050412
-0.0051266
0.002447
0.0098925
-0.0022174
-0.0034324
0.0052346
-0.0098429
0.0053295
-0.0040549
0.0013194
-0.0045594
0.0059298
0.0034895
-0.0047697
-0.0063261
-0.0036579
0.0098125
0.0033574
0.0066917
0.0027887
-0.0084223
-0.0016116
-0.0062426
0.0081738
-0.001747
-0.0028866
-0.0044649
-0.0034196
-0.0087148
0.0045619
-0.0067445
0.0051112
-0.0086222
-0.0079362
-0.0012742
-0.0026781
0.0076439
0.0086345
-0.0056645
-0.001563
0.008653
-0.008256
0.0056574
0.0026512
-0.001319
0.0033588
0.000349
0.0025254
-0.0065629
-0.0088311
-0.0068356
-0.0060662
0.0093668
-0.0013064
-0.0099069
-0.0017021
-0.0089625
0.0084941
-0.0083956
-0.0099847
-0.0074032
0.0030884
0.0035077
0.0029705
-0.0043313
0.0042944
0.0088758
0.0009309
0.006217
-0.0003879
-0.0086081
0.0051126
-0.0062043
-0.0098158
0.0005602
0.0045195
0.0048591
-0.0031453
-0.008131
0.0016283
0.0030716
-0.001047
-0.0001461
-0.0045735
-0.0019388
-0.0057961
0.0015748
-0.0043889
0.0065526
-0.0048891
0.0080011
-0.0076205
-0.0061317
0.0049688
0.0065062
0.0002828
0.0021961
0.0006062
0.0023789
0.0064178
0.0016872
-0.0011392
-0.0056504
-0.0021064
0.0072612
-0.0084815
-0.0058292
-0.0020871
0.0046025
-0.0042475
-0.0051116
0.0068143
-0.0067285
-0.004968
0.0041905
0.0049213
-0.0075564
0.0005714
0.0009413
-0.0067581
-0.0028703
0.0073448
-0.0055654
0.0086269
0.0022081
0.0098282
-0.0060557
-0.0085074
-0.0045619
-0.0084986
0.0023713
-0.009133
-0.0052252
0.0026672
-0.000222
-0.0071152
0.0032442
-0.0051655
-0.0046553
-0.0095735
-0.0059218
-0.0025217
-0.0038677
0.0047782
0.0080124
0.0086989
-0.0036133
-0.0052084
0.0090497
0.0034191
-0.0043549
0.0076197
-0.0039267
0.0009666
0.0004485
-0.0037795
-0.0093028
0.0065479
0.0092616
-0.0034198
-0.0069093
0.0051377
-0.0071341
0.0028861
0.0060489
0.0071719
-0.0048107
-0.0095977
-0.0011368
-0.001088
-0.0020016
-0.0096933
-0.0021358
-0.0019965
-0.0048851
0.0042176
0.0019845
-0.0062691
0.0060441
0.0029225
-0.0015137
0.0021857
0.0082853
-0.0047575
-0.0078419
0.0001323
-0.0026133
-0.0032801
0.0072743
-0.0090258
-0.0003112
-0.0017339
0.0090303
0.0018904
0.0070444
0.0067332
5.84e-5
0.0063125
-0.0007034
-0.0064409
0.004266
0.0020444
-0.0019277
0.009399
0.0019141
0.0027806
-0.0003115
-0.0030341
0.0082223
-0.0049106
0.0023543
0.0020742
0.0025638
-0.0017762
0.0001883
0.007385
0.0056827
0.0064079
0.0070437
0.0047201
-0.0079019
0.0096525
-0.0097726
-0.0064821
0.0020811
0.0027074
0.0099926
-0.0097838
-0.00284
-0.001574
0.0061825
0.0071873
0.0062494
0.0052117
0.0059994
0.0018153
0.0034615
0.0020207
-0.0074825
0.0049008
-0.0051585
-0.0027889
0.0019582
-0.0018699
0.0085801
0.0030356
0.0034122
0.0049467
-0.0057073
0.0073747
-2.53e-5
0.0021147
0.0012006
0.0055185
-0.0062205
-0.009624
0.0016599
0.0042506
-0.0010677
-4.97e-5
-0.0092651
0.0044431
0.0080775
0.003833
-0.0060666
-0.0001633
0.0033166
-0.0057924
-0.0022484
0.0044618
0.0020535
0.0003315
0.0061898
-0.0053491
-0.0035015
-0.007283
-0.0054012
0.0002451
0.0010145
0.0054577
-0.0088587
-0.0099033
-0.0019395
-0.0013077
-0.0006217
0.0094432
0.0010245
0.005383
0.0057653
-0.0091079
-0.0052113
0.0099244
-0.0001306
-0.0067805
-0.0077739
-0.0005649
-0.0097305
-0.0047513
-0.003457
0.0067109
-0.0042834
-0.0069648
0.0097293
-0.007956
0.0049696
0.0096803
0.0029411
-0.0083551
-0.0007218
0.0087625
0.0064642
0.0086312
-0.0051782
0.0035898
0.0061569
-0.004555
-0.0086914
0.0087521
-0.0095652
-0.0020413
0.0028024
0.0019755
0.0033663
-0.0025885
-0.0038304
-0.0082054
0.0094653
-0.0052787
-0.0068361
0.0074147
0.0060242
0.0038964
-0.005194
0.0080093
-0.0083685
0.0010437
-0.0077918
0.0020456
0.0027653
0.0076248
0.001784
-0.0063093
-0.0050803
0.0029727
-0.0045173
