-0.0020009
0.00385
-0.0071007
-0.0046701
0.0031351
-0.0075835
0.0025419
-0.0006572
0.0061019
-0.0081959
0.0067928
-0.0018135
0.0093092
-0.0032342
0.0038247
-0.0016394
-0.0098543
-0.003392
-0.0035508
0.0024819
0.0010716
-0.0079074
0.0015584
0.0028802
0.0062511
0.0023789
0.0011696
0.0047038
-0.0064593
-0.0063411
-0.0015157
0.0034766
-0.0097655
0.0074333
0.0076138
0.0027322
0.0046624
-0.0070468
0.0092678
-0.0030942
0.0093445
0.0022313
0.0034942
-7.64e-5
-0.0091983
0.0035733
-0.0005167
0.0026616
-0.0085418
-0.0035522
-0.0064669
0.008082
-0.0044691
-0.0017307
0.0069231
0.0098259
0.0093326
-0.0054696
0.0097979
-0.0049476
0.0080798
0.0059242
0.0055815
0.0060512
0.0024859
0.0069554
-0.0052944
-0.0003611
0.0054805
0.0035419
-0.0010015
0.0050486
-0.0015248
-0.0006055
-0.0039746
-0.0053227
0.0042997
-0.0015134
-0.0076624
-0.0013806
-0.0031341
-0.003515
-0.0064611
0.0052302
-0.0049606
0.0050814
-0.0067481
-0.0030534
0.0034979
0.0082967
-0.006089
-0.0019194
0.0018099
-0.0043523
0.0003144
0.0072654
-0.0084175
-0.0038894
-0.0075412
0.0049623
-0.0024742
-0.0029373
0.00444
-0.0073352
0.0097703
-0.0071049
-0.0074639
0.0088731
0.004043
-0.0079553
-0.0033162
0.0076077
-0.0006271
0.0062308
-0.0019948
-0.0065055
0.0018192
0.0037178
-0.0092074
-0.009963
-0.0056031
-0.0079485
0.000416
0.0065227
-0.0048469
-0.0010826
-0.0080388
0.0017943
-0.0079174
-0.0022172
-0.002074
0.0079609
-0.0092438
-0.0059531
-0.0003119
-0.0041046
0.0086304
-0.0036774
-0.0060398
-0.0030296
-0.0098595
0.0068924
0.0093765
0.0095762
-0.0018705
0.0096931
-0.0055613
-0.0050724
-0.0059388
0.0052197
-0.0035009
-0.0072561
-0.0026157
0.0030052
0.0062132
0.0020588
0.0074361
0.0001513
0.0006901
0.0064164
-0.0042276
0.0090747
-0.0078188
-0.0042487
0.0074972
0.0058196
-0.0042741
0.0087084
-0.007511
-0.0052575
0.0003079
-0.0034482
0.0050232
-0.0092191
0.0029287
-0.0055969
-0.0028397
9.83e-5
0.0085542
-0.0027106
0.0078373
-0.0091227
-0.00085
-0.0089571
0.0050753
-0.00063
-0.0046089
0.0012047
-0.0058025
0.0024117
0.0050229
-0.0028849
0.004734
-0.0073544
0.005655
0.0087247
-0.0065261
-0.0069078
-0.008446
0.007004
0.0082307
-0.002294
0.0090104
0.0040234
0.0068399
-0.0050985
-0.0089856
-0.0035924
0.0084119
0.0001808
0.0071737
-0.0049374
0.0045104
-0.0051115
0.0027779
0.0049855
-0.0021799
0.0036237
0.0023814
0.0096683
-0.0015537
0.0066848
-0.0005163
-0.0007416
-0.0039995
-0.0001785
-0.008642
-0.0068779
0.0051005
0.0028183
-0.0013798
-0.0045866
0.0090057
0.0085445
-0.0096384
0.0008133
0.0092744
0.0093852
-0.0075188
-0.0058142
0.0033416
-0.0025044
0.0023739
0.0083616
-0.0035725
0.0063238
0.0031893
-0.0015512
0.0025217
-0.0022442
-0.0050174
0.0093501
0.0033386
-0.0082432
-0.0086879
-0.0040056
0.0041512
0.0038701
-0.0023629
-0.0081546
-0.0083879
-0.0087025
0.0063791
-0.0028706
-0.0062213
0.0048329
0.0039192
0.0012796
-0.0016908
0.000974
-0.0048489
-0.0094202
-0.002859
0.0069718
-0.0056855
0.0090557
0.0091664
-0.0097292
0.0007838
0.0062666
0.0017678
0.0021219
-0.0095074
-0.0070526
0.0035435
0.0080048
-0.0064341
-0.0034378
0.0087703
0.003485
0.0089364
0.004398
-0.0015946
0.0003731
0.0070487
-0.0010927
0.0030891
-0.0012173
-0.0056732
-0.0021162
0.0063618
-0.007316
-0.0018399
0.0087367
0.0040288
-0.0025408
-0.0084035
-0.0051613
0.0062507
-0.0003998
-0.0006786
-0.0008324
-0.0092696
-0.0067922
0.0097698
-0.0021887
0.007751
0.0002251
0.0032747
-0.0097025
0.0083815
0.0072889
0.0094225
0.0010393
0.0023748
0.0086124
-0.0012842
0.008163
0.0081787
-0.0029244
-0.0006091
0.0031535
-0.0004011
0.0039093
-0.0030437
0.0079395
-0.0012187
0.0073292
8.05e-5
-0.0093562
0.0052969
0.0019654
0.0007225
0.0042968
-0.0090507
0.0047523
-0.0034252
0.0027216
0.0049643
0.0001665
-0.0080553
0.00266
0.0039897
0.003377
0.0066267
-0.0065449
-0.0060671
0.0036646
-0.0084752
-0.0068428
-0.0034893
-0.0093053
0.0023472
0.0029513
-0.0007579
-0.0005519
0.001944
0.0003587
-0.0043003
0.0075118
0.0009373
0.0064819
0.0090698
0.0098549
-0.0037531
-0.0063957
-0.0005977
-0.0025029
-0.0066221
0.0050428
0.0018545
0.0013824
-0.001814
0.0049012
0.0091383
0.0078513
0.0015832
0.0020183
-0.0095954
-0.0048552
-0.0017428
-0.0067587
-0.0041712
0.0087466
-0.0044728
0.0074309
-0.0051034
-0.0033841
-0.0002114
-0.001182
-0.005018
-0.0006624
0.0016838
0.0025699
-0.00883
0.0004676
-0.0032962
0.0090614
-0.0084805
0.0046896
-0.0057696
0.0012158
0.009771
-0.0010465
0.0034589
0.00293
0.007946
-0.0003568
0.0079792
-0.0036373
-0.0033804
0.0071704
0.0087291
0.003588
-0.0067694
0.0098677
-0.0005967
-0.0052546
0.008188
0.0092531
0.0041329
-0.0028999
-0.0063379
-0.0061053
0.0046139
0.0039486
0.0051134
-0.0084878
0.0026109
0.0037157
0.0066305
-0.0074541
-0.006324
0.0023435
0.0068058
0.0050009
0.0066284
-0.0022079
0.0037086
0.0050225
-0.0087087
0.0072443
0.0001489
-0.0055227
-0.0041825
0.0059844
-0.0062942
0.0062968
0.0018084
-0.0055512
0.0003573
-0.007115
-0.0011314
0.0042451
-0.0078583
0.0059593
0.0055826
-0.0031386
-0.0014043
0.0068522
0.0039991
0.0026923
-0.0097149
-0.0070415
-0.0039239
-0.0007862
0.001693
-0.0066164
0.0036485
0.0092413
0.0003088
0.0073165
-0.0019195
0.0018085
0.0062534
-0.0081497
8.4e-5
-0.0086732
0.0072954
0.0021999
-0.0083588
0.0070206
-0.0040886
0.0098884
-0.0051629
