-0.0036101
-0.0017081
-0.0006713
0.0070299
-0.0009765
0.0054709
-0.0021645
0.0086009
0.006867
-0.0047799
-0.0005159
-0.0032747
0.0042903
0.0001137
-0.0091726
-0.0046431
0.0006176
0.0052913
-0.0010497
-0.0031852
0.0069347
-0.0044684
0.0061271
-0.0072865
-0.0046717
-0.0063584
-0.0022251
-0.0082624
0.0008924
0.0033631
-0.0043117
-0.007746
0.0098612
-0.0067481
-0.0015274
0.0033837
0.0016818
0.0019257
-0.0027327
-0.0010701
-0.0043953
0.0045962
-0.001322
-0.0063207
-0.0017853
0.0045733
0.006098
0.0031658
-0.0038417
0.0026978
0.004704
-0.0004227
0.0096259
-0.0034828
-0.0095879
-0.0048492
0.0066818
0.0063142
-0.0021105
0.0021004
0.000107
0.0046052
-0.0092338
-0.0087124
-0.0071016
0.0017811
-0.0027558
-0.0015328
0.0046606
-0.0078151
0.0033574
-0.0053613
0.0005363
0.0056866
-0.0055429
-0.0094198
0.0068594
0.0032974
-0.0087053
-0.0089474
-0.0032054
0.009841
-0.0046657
0.0097493
-0.007978
-0.00529
-0.001495
0.0021366
0.0012698
0.0052959
0.0021863
-0.0068477
-0.0045626
-0.0048664
0.0012631
0.0052213
0.0051631
-0.0075825
0.0011485
0.0047178
-0.0066813
0.00686
-0.0071214
0.0028559
0.0027457
-0.0034189
-0.002492
-0.0063744
-0.0088932
0.0027043
0.0084715
-0.0014295
-0.0049621
-0.0091178
-0.0001415
0.0017991
0.0088816
-0.0018382
0.0096878
-0.0043744
0.0072278
0.0047006
0.0013537
-0.0009029
0.0055209
-0.005857
-0.0078415
-0.0049177
-0.0033976
-0.0091719
0.0012381
0.0079321
0.0007948
-0.0022492
0.0077918
-0.001679
-0.0071955
-0.0045893
0.0096008
-0.0058646
0.0004219
-0.0008876
0.0040341
-0.002351
0.006185
-0.0008977
0.000724
-0.0071133
-0.0092353
0.0017647
-0.0031786
-0.0099091
-0.007414
-0.0026591
-0.0018122
0.008942
-0.000106
0.0054171
-0.0057545
0.0033733
0.0033716
-0.0078523
0.0048765
-0.007165
0.0042298
-0.0025335
-0.0095577
0.0061738
-0.008395
-0.0068054
0.0020429
3.98e-5
0.0090695
-0.0028358
0.0040793
-0.0087015
-0.0038849
0.0037962
0.0099591
-0.0030522
0.0044075
-0.0080507
0.000819
0.0087639
-0.0081364
0.0058806
0.00643
-0.0099361
-0.0079866
-0.0072583
-0.0059854
0.0031477
0.0001018
0.0027614
-0.0031883
0.0058932
-0.0084816
0.0043301
-0.0012152
0.006411
0.0050646
-0.0075365
0.0068076
0.0055126
-0.0051761
0.0016723
0.0080487
0.0012322
0.0056818
0.0075703
-0.0075881
-0.007464
-0.0001677
-0.0043656
-0.006976
-0.0087423
-0.0031764
-0.0008215
-0.008221
-0.0076164
-0.0066709
-0.0020223
0.0077595
-0.0005832
-0.0082089
-0.0067712
-0.0050427
0.0076385
-0.0044839
-0.0017083
-0.0075364
-0.0019554
-0.0062493
-0.0009067
-0.0096558
0.009521
0.0084897
0.0020125
0.0050904
-0.0063503
-0.0054765
0.001752
0.0078076
0.0096823
0.0007878
-0.0067347
0.0043144
-0.0082694
0.0024971
-0.0027433
-0.0063563
0.0072877
0.0001028
0.0061309
-0.006325
0.0010671
-0.0055865
-0.0069577
-0.0063206
0.000526
-0.0056579
-0.0012151
0.0043794
-0.0025945
0.0084087
0.0065934
0.0046092
-0.0015274
0.0004016
-0.0023729
-0.0033779
0.0002988
-0.0051461
0.0045322
0.0006001
0.0062428
-0.0051685
0.0056682
0.0077437
-0.0041435
-0.0092516
-0.0066526
-0.0079465
0.0049206
-0.0036524
-0.0048495
-0.0003913
0.0084194
-0.0015191
0.0047192
-0.0082654
0.0027909
0.0018417
0.006433
0.0033556
0.0083927
-0.0002628
-0.0008843
-0.007123
0.0092649
-0.0081673
0.0013228
0.0052347
0.0083479
-0.0098608
-0.0046873
-0.0028639
-0.0059398
0.0020117
0.0017112
0.0073001
0.0088768
0.0048377
0.0065051
0.0075581
0.002707
-0.0090969
-0.0097882
-0.0080843
0.0095884
-0.0011548
-0.0046316
-0.0005814
0.0003151
0.0080205
0.0013686
-0.0003455
-0.0066704
0.0097686
-0.0003452
0.006339
-0.0065682
-0.004681
-0.0065203
0.0053811
0.001444
0.008708
0.0099869
0.0026963
0.0074639
-0.0093982
-0.00139
0.0041909
-0.0069529
0.0045337
0.0092601
0.0050008
0.0084468
-0.0070886
-0.0015238
0.0037617
0.0006009
-0.0033351
-0.0041653
0.0025265
0.0070898
-0.0058119
-0.0028874
-0.0063401
-0.0007836
0.0076279
-0.0039187
-0.0055147
0.0005999
-0.0093255
-0.0012546
0.001835
-0.0092763
0.0089551
-0.0089888
-0.0014518
0.0056073
-0.000677
-0.0098866
0.0098949
0.0006856
0.0053148
0.0098252
-0.0059465
0.0021682
-0.0015964
-0.0040709
-0.0020146
0.003671
-0.0030496
-0.0030199
-0.0075489
0.0089348
-0.0051436
0.0061118
0.0025635
-0.0037218
0.0077878
-0.0052068
0.0056852
0.0060197
-0.0086981
-0.0087169
-0.0026339
0.0021243
0.0081651
0.0017457
-0.0065078
-0.0034294
-0.0036623
-0.009909
-0.0013174
0.0095781
-0.0040622
-0.0072475
0.0045778
0.0095945
0.0089824
-0.0066779
-0.0028963
0.0039872
-0.0015369
0.007786
-0.00819
0.0048743
0.0026871
-0.0032871
0.007372
0.0022927
0.0095146
-6.94e-5
-0.0053825
-0.001952
-0.0078141
-0.0009542
0.000247
-0.0095624
-0.0042085
0.0014435
0.0095493
0.0084149
0.0085672
-0.0067574
0.0007356
0.0059593
0.0048918
0.0051884
-0.0051518
-0.0006047
0.0063211
0.0034412
-0.0095987
-0.009011
0.0015929
0.0056206
0.0084939
0.0069893
-0.0001252
-0.0097715
0.0035573
0.0012576
-0.0062061
-0.0037646
0.0024261
0.0022484
0.0027699
-0.0055139
0.0003495
0.0015235
-0.0068679
-0.0070515
0.0067946
-0.0004921
0.0085044
0.0092074
0.0002551
-0.0030229
0.0074437
0.0046816
0.005567
-0.0074956
-0.0087405
0.0070391
-0.0077242
0.0005097
-0.0023895
0.0091751
-0.007085
0.0057648
0.0089659
-0.0056936
0.0077119
0.0070875
0.0093011
-0.0089294
-0.0054349
0.0041168
0.0068417
-0.0019608
0.0004941
