-0.0005126
-0.006376
-0.0042989
-0.0061479
-0.0014224
-0.0019778
0.0058926
0.0052365
0.0072941
0.0046967
0.0018673
-0.0021117
0.0065502
-0.0089014
0.0041778
-0.0088763
-0.0005587
-0.0047779
0.0033417
-0.0018047
-0.0004828
-0.0007995
-0.0055396
-0.0068153
0.0088361
-0.0044621
-0.0014195
0.0001707
0.0076818
-0.0051582
-0.0091895
-0.008709
-0.0082579
-0.0025972
-0.0059596
-0.0039155
0.0064453
0.0074537
-0.0096302
-0.0031199
0.0061574
0.0059388
-0.0012834
-0.0032535
0.0006873
-0.00753
-0.0045285
0.0001406
0.0056993
-0.0079409
-0.000618
-0.0005048
0.0051592
-0.0069629
0.0048791
-0.0062347
-0.0036975
0.008555
0.007142
-0.0014672
-0.0093481
-0.0063275
0.0008027
-0.002625
-0.007331
0.0069661
0.0062575
-0.0016168
0.009355
0.0005041
-0.0004653
0.0020827
-0.0057346
0.0035329
0.0020402
0.007838
-4.4e-6
-0.0087531
-0.0062257
0.0024901
0.0013984
0.0087494
0.0054637
-0.0077083
0.0079568
0.0080499
0.0057702
0.0043453
-0.0020122
0.001778
-0.0009666
-0.0090437
-0.0087827
0.0066327
-0.0062413
-0.0010965
-0.0007403
-0.0053076
0.0021638
0.0003174
-0.0027206
-0.0076022
0.0049731
-0.0052261
-0.0013229
-0.0009437
-0.002172
0.0062621
0.0089156
-0.0043832
0.0008813
0.0075361
-0.0095715
0.0045438
0.0052992
-0.0035113
-0.0058436
-0.0010416
0.0079822
-0.0095434
-0.0083693
-0.0013547
-0.0060374
0.0039108
-0.0013478
-0.0022475
-0.009166
0.0060985
-0.0094824
0.0078275
-0.0082927
-0.0060998
-0.0039979
-0.0004094
-0.0052584
-0.001792
-0.0051248
0.0095565
-0.0020821
0.0070069
-0.0084847
-0.0018124
-0.0061136
0.003221
0.0092111
0.0097158
0.0092114
0.0002527
-0.0008797
-0.0027117
0.0061631
-0.0025925
-0.0011092
-0.0043616
-0.0076199
0.0055171
5.69e-5
0.0029596
-0.006795
0.0087806
0.0026819
0.0046982
0.0020441
0.0091859
-0.0087761
0.0075391
0.0031733
0.0079183
-0.0084847
-0.0098358
0.004481
-0.005606
-0.0017188
-0.0073836
-0.000248
-0.0084669
-0.0083284
-0.0053098
0.007331
-0.0011752
-0.0094685
0.0050731
-0.0082914
0.0087066
-0.0034549
-0.000701
0.0060722
-0.0059269
-0.0098172
-0.008307
-0.0088592
-0.0016002
0.0087234
0.0045308
-0.0099344
0.005047
0.0095845
0.004002
0.0068572
0.0032893
0.0009437
0.0077772
-0.0007383
0.0026785
-0.0068383
0.0005665
0.0042084
0.0087813
0.00049
-0.0029649
-0.0069487
0.00348
-0.0027232
0.0059497
0.0099179
0.0040224
0.0012993
0.0076392
0.0087632
0.0099584
0.0032185
0.0093245
0.0053568
-0.0046654
0.0033842
-0.0059813
-0.0094973
-0.0023585
0.0003905
-0.0005369
-0.0010995
-0.0080909
0.0007545
-0.004315
0.001861
0.0059959
-0.0048797
0.0025142
0.0079654
0.0049357
-0.0056581
-0.0057862
0.009382
-0.0033122
0.0030376
0.0055592
-0.0031991
-0.0048377
-0.0088349
0.0014757
0.0067801
-0.0083671
0.0098167
0.0032612
0.0038326
-0.0094129
-0.0076533
0.0006016
-0.0042415
-0.0073282
-0.0031257
0.0037557
0.0031034
-0.0086552
0.0076868
0.0075356
0.000227
0.005524
0.0058331
-0.0005187
-0.0043489
0.0055162
0.0012188
-0.0071267
-0.0048266
0.0083623
-0.0012107
0.0002589
0.0024196
-0.0043626
-0.0075901
-0.0095791
0.0091434
-0.0098381
0.0017094
-0.0022132
0.0062905
0.0028366
0.0074214
0.0086326
-0.003906
0.0005136
5.78e-5
-0.0094064
0.0044061
-0.0080683
0.008526
0.0044961
-0.0016949
0.007818
0.002775
-0.0049004
-0.0067884
-0.008716
-0.0024081
-0.0056604
-0.0021666
0.0089248
-0.0024372
-0.0032555
-0.0050995
-0.0034738
0.0032478
-0.0087241
-0.0043511
-0.007619
-0.001146
0.002477
0.0064595
-0.0063757
-0.0083162
0.0058774
0.0048074
0.0011093
0.0080491
0.0019352
0.0047516
-0.0057121
-0.0055449
0.0078549
0.0080276
-0.0039686
0.0080936
0.001707
0.0098464
-0.0017199
-0.0098925
-0.003816
0.0019348
-0.0083727
0.0025072
-0.0047201
0.009193
-0.0006742
-0.0095915
0.0032677
0.0010474
-0.0086852
0.00851
-0.0066167
0.0074662
-0.0037818
0.0033464
0.0054328
-0.001764
-0.0066415
-0.0021934
0.0098057
0.0088517
0.0031884
-0.0046205
-0.0048754
0.0059503
-0.0089155
0.0067725
-0.0052237
0.0094963
-0.0021938
0.0069754
-0.0088777
0.0009352
0.006143
0.0095588
0.0089626
-0.0059952
0.0038549
0.0035913
-0.0007662
-0.0099431
-0.0023966
0.0077215
0.0054991
0.0028849
0.0049709
0.0031627
0.0089727
-0.0046228
0.0084335
-0.0028515
-0.0007488
0.0026588
0.0039547
0.0059552
0.0081684
-0.0069896
-0.0080826
-0.0098935
0.0014018
-0.0021393
-0.0080412
-0.0041782
-0.0092128
0.0092481
-0.002345
0.0069285
-0.0060268
-0.0090596
0.0063807
-0.0076986
-0.0019554
0.0022772
-0.0081899
-0.0032435
-0.0031064
-0.0032847
-0.0016392
0.0093572
0.0021131
0.0010179
-0.0029124
0.0095379
0.0095768
0.0052261
0.0060807
0.0080681
0.0005284
0.0038093
-0.0044097
-0.0057596
0.0052926
0.0099752
-0.005572
0.0014313
0.0003381
0.0021379
-0.0041167
0.0014915
0.0026821
-0.0012802
0.0098114
-0.0082969
-0.0063934
0.0057205
-0.0047195
0.0039945
-0.0076728
0.0039316
0.0001575
0.0049793
0.0068267
1.97e-5
0.0059865
-0.0011832
-0.0018246
0.0035762
-0.0063834
-0.0059264
0.0046711
3.17e-5
0.0040739
-0.0094435
0.0035206
0.0042863
-0.0069106
-0.0002602
0.0050869
-0.0019841
0.0079584
0.0012223
0.002524
-0.0064988
-7.18e-5
0.0013158
-0.0073284
-0.0081627
0.0090405
0.0091713
-0.0058855
-0.0069645
-0.0081696
0.0077585
-0.0084623
0.0064371
-0.0051469
-0.0011071
-0.0021585
-0.0062019
0.0013479
0.006508
0.0096266
0.0070757
0.0082115
-0.0051813
0.0024293
-0.0063624
