-0.0056706
-0.0019184
-0.0079591
0.0042055
0.005279
0.0036221
0.0058662
0.0024674
-0.0028062
-0.0027358
-0.0022453
-0.0076493
0.0031213
0.0017041
0.0011142
0.0098702
0.0033126
-0.0024677
0.002184
-0.0020049
-0.0004223
0.00457
-0.0004037
0.0070823
0.0021739
0.0063555
0.0079051
-0.0018038
-0.0082092
-0.0031874
0.0026129
-0.0035306
0.0049356
-0.0044197
0.0012759
-0.0023338
0.0061964
-0.0080194
-0.0069959
-0.0059404
-0.0033291
0.0010162
0.0057199
-0.007088
-0.0085741
-0.0067785
-0.0028597
-0.0042259
0.0018292
0.0061642
-0.0058505
-0.0050052
-0.0068406
0.0047476
0.0033639
0.0096384
-0.0058067
-0.0082168
-0.0076928
0.0073249
-0.0061679
-0.0096386
0.0017629
-0.0079133
-0.0098211
-0.0033849
-2.04e-5
0.00183
0.0030374
0.0076727
0.0051678
0.0013452
-0.0041979
-0.0090745
0.0001895
0.0011868
-0.0090632
0.0028432
0.0007118
0.004621
-0.0051027
-0.0041193
0.0007665
0.0003921
0.0088124
-0.0003597
-0.0025891
-0.0038268
-0.0078744
0.0069664
-0.0013083
0.009851
-0.0019709
0.0028026
0.0008312
-0.0040051
-0.0063649
0.0058245
0.0098866
-0.0032653
-0.0090523
-0.0097314
0.0024391
0.0082314
-0.0056094
-0.0040535
0.0080356
-0.0021366
-0.0074667
-0.0031843
-0.0075367
-0.0011625
-0.0052834
0.0065557
-0.0026782
-0.0030213
-0.0062542
4.63e-5
-0.0041535
0.0048974
0.0016937
-0.0099892
-0.0025355
-0.0091403
0.0099204
0.0043857
-0.0045644
0.0070481
0.009579
-0.0098886
0.004964
0.0063803
0.0042079
-0.0051819
0.0058125
0.0062093
0.0061485
0.0083333
-0.0062832
-0.0056974
0.0076992
-0.0050901
-0.0049518
0.0086892
0.0073861
-0.0010837
0.008545
0.0009963
-0.0056915
0.001805
0.0026206
-0.0023055
0.0026372
0.005642
0.0057042
0.0048451
0.0070148
0.0012238
-0.0064409
0.0066247
0.0037666
0.0052437
-0.0046336
-0.0018047
0.0053546
0.0074592
0.0088123
0.007228
0.0042903
0.0048506
0.0053203
0.00749
-0.0007403
-0.0096615
0.0056655
-0.006006
-0.0070988
-0.0078835
-0.005831
0.0077884
-0.0097675
0.0071205
0.0066108
-0.0079238
-0.0084811
-0.0015499
0.0069577
-0.0033518
-0.0015354
0.0026009
8.17e-5
-0.0041723
0.007302
0.008391
-0.0036087
-0.0086367
0.0067991
0.0092821
0.0023941
-4.27e-5
-0.0026125
0.0086805
0.0083174
-0.0028686
0.0005177
0.0083973
0.0084912
0.0037068
-0.0022769
0.0035279
-0.0088364
-0.0005945
-0.003126
0.0066321
-0.0089641
-0.0031078
0.0058292
-0.000472
-0.0049856
0.0071729
-0.0033798
-0.0020956
-0.0005457
0.0011284
-0.0035973
-0.0016331
-0.0096398
-0.0080698
0.0071714
-6.25e-5
-0.0058765
0.0059685
-0.0051215
-0.0046546
0.0022613
-0.0043293
-0.00201
-0.0053822
-0.0024363
-0.008127
-0.0014451
0.0096726
-0.0024761
0.0073959
-0.0006619
-0.0085774
0.0055822
0.0064705
-0.0032941
0.0050338
0.000879
0.0015706
-0.003023
0.0063315
0.0029174
-0.0002859
-0.0002563
-0.0024154
-0.0067876
0.0044163
0.0090019
0.0030656
-0.0072981
-0.0029662
-0.004193
-0.0075314
-0.0038862
-0.0001394
-0.0033002
-0.0085813
-0.0002692
-0.0077206
-0.0036908
0.0093387
-0.0051127
0.0001682
0.003084
-0.0091173
0.0028818
-0.0047623
-0.0059587
-0.0065453
-0.0046076
0.0020568
0.0003229
0.0046981
-0.0089364
0.0042031
0.001657
-0.0085598
-0.0062367
0.0030734
-0.0076608
-0.002142
0.0015367
0.0030886
-0.0021612
-0.0096286
0.0018459
-0.0076033
0.0005554
-0.008343
0.0013718
-0.0030183
-0.0003923
-0.0064868
6.11e-5
-0.0045919
-0.0021754
0.0077136
-0.0036828
-0.0041267
0.0019175
-0.0073892
0.0047849
0.0034661
0.0081487
-5.17e-5
0.0076698
-0.000121
-0.0084405
-0.0089707
-0.0068396
-0.0046354
0.0011491
-0.0076663
-9.24e-5
0.0066298
0.0002309
-0.0091864
0.0045148
-0.0022216
-0.0098509
-0.0092312
0.0054874
-0.0072197
-0.007923
-0.002576
0.0005718
-0.0079221
-0.0011568
0.0075
-0.0039993
-0.0084895
-0.0033457
-0.0020054
0.0052666
0.0005283
-0.0077248
-0.0058704
-0.0013283
0.0055117
0.0025306
-0.0038191
-0.0012363
-0.0003825
-0.003413
-0.0069896
-0.009559
0.0004842
-0.0068192
0.0033009
-0.0059205
0.0031249
0.0092925
0.0019139
0.0060873
0.003725
0.0020734
-0.0004437
0.0006697
0.0058842
-0.0025221
-0.0031145
0.0053674
-0.0026438
0.0073483
-0.000213
8.68e-5
0.0014934
-0.0001662
-0.0023953
-0.0093692
-0.0097561
-0.0036762
-0.003721
0.0010398
0.0010846
-0.0045626
0.0084898
-0.0028369
-0.0018786
0.0088729
0.0066214
-0.0032453
-0.0081453
0.0047594
-0.0018726
0.0062318
-0.0088464
-0.0014908
-0.0027354
0.0054177
0.0056508
-0.0063701
0.0066379
0.0093328
-0.0093635
0.0033884
0.0022218
-0.0079496
0.0049957
0.000635
0.0046247
-0.0079586
0.003798
0.0090741
0.0082735
0.0011931
-0.0009506
-0.0027658
-0.0090932
0.0083887
-0.0023816
0.000176
-0.0065451
-0.0011157
-0.0021687
0.0073735
-0.0068241
-0.0001794
0.0016476
0.0096708
-0.0043804
0.0041339
0.004534
-0.0031907
0.0071929
-0.0045172
-0.0004178
-0.0028969
0.0004139
-0.0015186
0.0033346
0.0002067
0.0091592
-0.0088835
0.0059581
0.0057902
-0.008469
0.007036
-0.0047253
0.0012973
0.0027684
-0.0002093
-0.0002917
0.0020776
0.0019661
0.0071098
0.005821
-0.0086996
0.002537
-0.0088801
0.004778
-0.0083557
-0.0038262
0.0029801
-0.0038299
-0.0053505
-0.00372
-0.0029656
0.009677
0.005599
0.0080698
-0.0032354
0.0031281
0.0049543
-0.001302
-0.0004805
-0.0092719
0.000339
0.0002652
0.0029351
-0.0006171
-0.0078089
-0.0011939
0.0042863
0.0094916
-0.0055492
-0.0077473
0.0040254
-0.0096459
-0.0043774
0.0052629
-0.005521
