-0.0033348
-0.0041757
0.0048139
-0.0056238
0.0067363
-0.0052078
-0.0036697
-0.009976
0.003832
0.0049535
-0.0084015
0.006967
-0.0082967
-0.0081763
-0.0049145
-0.0052051
-0.0054385
0.0028713
2.7e-6
-0.0033619
0.0014563
-0.008204
-0.0041567
-0.0030176
0.0023701
0.00342
-0.000953
0.0031314
0.0013056
0.0010763
0.0022274
0.0099503
0.0062335
-0.0048831
0.0094666
0.0062354
-0.0017721
0.0026072
0.0050671
0.0009455
0.0047892
-0.0021442
0.0095635
0.0080981
0.0047921
-0.007274
0.0048845
0.0083552
0.00895
-0.0057274
0.0071382
-0.0046693
0.0073466
0.000828
0.0086891
-0.0099757
-0.002975
0.0033737
-0.0021118
0.0096866
0.0084387
0.0039002
-0.0093923
-0.0008331
-0.0043497
-0.0057981
0.0058548
-0.0008618
-0.0056344
0.0058978
-0.007833
-0.0017594
0.0091912
0.0038322
-0.0005606
0.0085423
0.0078534
0.0078881
0.0070735
0.0095396
-0.0023281
0.0081719
-0.0075575
0.0007241
-0.0050019
-0.0011984
-0.0056489
0.0059736
0.0090571
0.0040031
-0.0073698
-0.0081205
-0.0002864
0.0012857
-0.0076008
-0.0016767
-0.0043517
0.0018537
-0.005995
0.0018093
0.0044221
0.0035543
-0.009589
0.0031317
-0.0078558
0.0013574
-0.0035835
-0.0035513
0.0001142
-0.0002093
-0.0015264
-0.0036769
0.0019725
-0.0003439
-0.0090713
-0.0010233
0.0053677
-0.0051266
0.0073507
-0.0074786
-0.0028823
0.0035998
-0.0011314
0.0089293
-0.0056099
-0.005538
0.0061166
0.0053222
0.0046191
0.0009773
-1.27e-5
0.0074737
-0.0064544
0.0080477
0.0025634
0.0028158
-0.0023553
-0.0060156
0.0093945
0.0040043
0.0062337
0.0010455
0.0076
0.0085872
0.0093978
0.004907
0.0058876
0.0019907
0.0074161
-0.0054783
0.0022392
-0.0077564
0.0032248
0.0069664
-0.0012945
0.0055353
0.003184
0.0054762
-0.0040316
0.0088892
-0.0011332
-0.0035381
-0.0029141
0.0021271
-0.0079826
-0.005018
-0.009412
0.0045226
-0.0013552
-0.0065126
-0.0020499
0.0046632
-0.0041001
0.0033248
-0.0012347
0.0096182
0.0048746
-0.0069146
-0.0062809
-0.003957
0.0008682
-0.0021347
0.0071285
-0.0084786
-0.002858
-0.0094484
0.0053542
0.0013129
-0.0068677
0.0029724
0.0049952
0.0098239
-0.0073976
-0.0004206
-0.0047797
-0.0092377
-0.0006083
0.0017446
0.000999
0.0044458
-0.0091266
0.0019756
0.0046683
0.0042974
0.0088858
-0.0059114
0.0035045
-0.0079514
0.0027847
-0.00141
-0.0026751
-0.0075773
0.0040249
0.0058594
9.75e-5
-0.0056357
-0.0041582
0.0093966
-0.0003635
-0.0069971
0.0078438
0.0010387
0.0091651
-0.0019929
0.009568
0.0051475
-0.0077461
-0.0066037
0.0003251
-0.0005457
0.0023964
-0.0059713
0.0005449
-0.0020415
0.0004003
0.0032965
-0.0058662
0.0075237
0.0032446
-0.0029137
0.005092
-0.0052063
0.006158
0.0083384
0.0068063
0.0071564
-0.0062484
-0.0052366
-0.0099221
-0.0072515
-0.004936
0.0091977
0.0043131
-0.0020122
-0.0012005
0.0051956
0.0037992
0.0037762
0.0045996
-0.0041011
-0.0010353
-0.0041884
0.0078399
0.0044293
-0.0013554
-0.0059522
0.0099504
-0.0075841
0.0086449
0.002607
-0.0084606
-0.0056582
0.0061068
-0.0038918
-0.0069791
-0.0014741
-0.0016667
0.0015744
0.0090265
0.0018015
-0.0078976
0.0059157
0.0039856
-0.0002026
0.0099751
0.0049781
-0.0022809
0.0014787
-0.00376
0.0071489
0.007229
-0.0005527
-0.001093
0.0049105
0.0028634
-0.0094519
-0.0044617
-0.0020728
-0.001148
-0.0069319
0.0022248
0.0092141
-0.0079769
-0.0099592
0.0057307
0.0059801
0.0003792
0.0069279
0.0020202
-0.0020662
-0.0058464
0.001573
0.0063881
0.0032096
-0.0096444
-0.0074729
0.0023746
0.000966
0.0042676
-0.0052513
-0.0056031
0.0081451
-0.0093592
0.0041964
-0.0071541
0.0066389
0.0044335
-0.0040156
-0.0090377
0.0094352
-0.0063003
-0.0066325
0.0090379
0.0022646
0.0048095
-0.005596
-0.0042472
0.0044905
-0.0029633
-0.003921
-0.0003046
0.0060907
-0.0083848
0.0015158
0.0067024
-0.0074868
0.0037982
-0.0095948
0.0012861
0.0095166
0.0098052
0.0042358
0.0082196
-0.0042366
0.0038261
0.0060515
-0.0048777
0.0073233
-0.0073175
-0.0014473
-0.0071376
0.0079894
0.006388
0.0052849
-0.0030973
0.0058366
0.0026671
0.0092487
-0.0058301
0.0023442
0.0023198
-0.0031335
-0.0082912
0.0052049
-0.0024562
0.0061999
-0.0075721
0.0045103
0.0082467
0.0060563
-0.0081526
-0.0034036
0.000756
0.0054143
0.0034888
0.0033073
-0.0086434
0.0044573
-0.0007398
-0.0079593
-0.0043486
-0.00467
0.0001489
-0.0072673
-0.0001979
0.0061994
0.0027507
-0.0072222
0.0028788
0.0095198
0.0051522
0.0085237
-0.0049089
0.000174
0.0093665
-0.0006822
0.0024114
0.0078175
-0.0019016
0.0032061
-0.0049884
0.0032834
0.0033517
0.0062847
0.0059003
-0.0011578
0.0078203
-0.0087066
0.0047159
0.0055531
0.0059996
-0.0013844
0.0094938
0.0088891
0.0065582
-0.0020183
0.0031419
0.0075793
-0.0013606
0.0032014
0.008578
0.0051041
0.0092137
0.0062589
-0.0008544
0.0021377
-0.0096586
-0.0011335
-0.0009199
0.0027664
0.0021679
-0.0019366
-0.0016597
-0.0081728
0.0001819
0.0042843
-0.0077027
0.0075405
-0.0058663
-0.0085721
-0.0032682
-0.0059842
0.0064623
0.0096882
-0.0073158
-0.0094935
-0.006088
0.008489
-0.006883
0.0007105
0.0020733
-0.0089343
-0.0023072
-0.0025274
0.0019388
-0.0068021
0.0002641
-0.0041241
0.0037192
0.0042335
-0.0044893
0.0015048
-0.0034658
-0.0069258
0.0064029
0.0044227
0.0095243
-0.0097189
0.0057107
0.0048824
0.0086827
-0.0063234
-0.0070793
0.0086703
-0.004088
-0.0064537
-0.0062621
0.0081481
-0.0031237
-0.0001833
0.001137
0.0014045
-0.0057101
0.007178
0.0018166
