0.0005194
-0.0017541
0.003047
-0.0057391
0.0070354
-0.0061929
-0.0039513
-0.0041185
-0.0029995
-0.0050966
0.0086558
-0.0087676
0.0072209
-0.0097715
0.0076244
-0.0020202
-0.0097187
-0.0058778
0.0053503
-0.0038406
-0.006276
-0.001509
0.0095087
-0.0032813
0.004441
0.0046441
0.009457
-0.0012549
-0.000261
0.0066462
0.0049395
0.0059056
-0.0036529
0.0072937
-0.0092373
0.0059623
0.0008254
0.0072762
0.0035901
0.0049071
0.0081819
0.0047986
0.0052468
-7.78e-5
0.0003135
-0.0029631
0.0078
-0.0014551
0.0007504
0.0081313
0.0011283
0.0036349
0.003551
0.0086661
0.0098662
-0.0048345
-0.006817
0.0052078
-0.0007475
0.004386
4.08e-5
-0.0049154
0.0060424
-0.004422
-0.005904
0.0065589
-0.0078119
0.0057962
0.0031727
-0.0078566
-0.0060308
0.0051334
0.0058141
0.002223
0.0046359
0.0061148
0.0024145
0.0068996
-0.0012981
0.0039254
-0.002264
0.0086292
0.000919
-0.0029563
-0.0069906
-0.001142
0.0023727
0.0051464
0.0053057
-7.91e-5
-0.0088146
-0.0058809
0.0008864
0.0013775
0.0041309
-0.0045008
0.0090391
-0.008267
-0.0064686
0.0089167
-0.0065058
0.005529
-0.0006577
0.0063895
0.0030415
0.0097633
-0.0075278
0.0048854
0.0088156
0.0077286
0.0069919
0.0037248
-0.0093625
0.0077964
-0.0051948
0.0003304
0.0092537
0.0044342
0.0063042
-0.0042759
-0.0098715
-0.0069552
0.0061759
0.0056891
0.0070432
0.0030077
-0.00157
0.0075407
0.0085691
-0.0028781
-0.0095966
0.0004267
0.0073553
0.0094504
-0.0073744
0.0013243
0.0021185
-0.0034764
-0.0043749
0.0003181
-0.0096669
-0.0010844
0.0078344
0.0065817
0.0085801
0.0077961
-0.0078286
0.0085526
-0.0075868
-0.0089881
-0.0079866
0.0011561
-0.000352
0.0011625
0.0029075
0.0056535
-0.0041949
0.0075644
-0.0086871
0.0027256
-0.0066782
-0.0036606
0.004027
0.0023384
-0.0016478
-0.0015108
0.0099859
-0.0009407
0.0062527
0.0040526
0.0064734
0.0080673
0.0023553
-0.0099764
0.0081346
0.0024875
-0.0074895
-0.0014997
0.0043104
0.0023054
0.0007125
-1.45e-5
0.0086726
0.0060294
0.0035462
0.0080648
0.0040421
-0.0050373
-0.006853
0.0050113
0.0068002
-0.0055951
-0.0034294
0.0035473
-0.0071062
0.0004532
-0.0073527
-0.0068503
-0.0067397
-0.0059117
-0.0055391
-0.0024806
0.0050265
-0.0099024
0.0010187
0.0097444
-0.0027547
-0.0034262
0.0052852
0.0013479
0.0039208
0.0093957
-0.0064263
0.0011187
-0.0041338
0.0091454
-0.0020036
0.0098454
-0.0042263
0.0034607
-0.0081816
-0.0051619
-0.0056776
-0.0074507
-0.0087786
0.0082634
0.0079538
-0.000822
-0.0069545
-0.0047856
0.005162
0.009
-0.0028668
0.0061959
0.003959
-0.0094947
0.0090152
-0.0049332
0.0094031
0.0091428
0.0068637
-0.0004721
-0.0009563
0.0090917
0.0085361
-0.0068291
-0.0083657
0.0080214
-0.0026699
-0.0001862
-0.0041543
-0.0057603
0.0087499
-0.000199
6.68e-5
0.0093133
0.0071003
0.0031889
-0.0052475
-0.0045514
-0.0039613
0.0033335
0.0039487
-0.0060467
0.0076595
0.0033377
-0.0035481
-0.0064396
-0.0045042
0.0024332
-0.0007577
0.0025924
0.0099346
-0.0045944
-0.0069055
-0.0038537
-0.0057993
0.0057366
0.0052175
-0.0093273
0.0010311
0.0086465
-0.0073776
0.0003134
-0.0097511
-0.0062849
-0.0077046
0.0013192
-0.0090854
0.0062195
-0.0091002
0.008593
-0.0043388
-0.0050587
0.0028045
0.006255
0.0052069
0.0024834
-0.0028175
-0.0062974
-0.0009585
0.0094794
-0.0071628
0.0037032
0.0014851
-0.0018341
-0.0066679
0.0095699
0.0018255
-0.0058587
-0.0017742
-0.0074638
-0.0063786
-0.0042712
-0.0054213
0.0038105
-0.003146
0.0042663
-0.0049914
-0.0091878
-0.0028689
-0.0029463
0.0010853
-0.0044221
0.0091999
0.0019179
-0.0091616
-0.0011773
0.001408
0.0036242
-0.009207
-0.0092958
-0.0077626
-0.0027824
0.0049003
-0.0077363
-0.004908
-0.0014455
-0.0062244
0.0011819
-0.007541
-0.0089996
-0.002048
0.0027967
0.0022697
2.3e-5
-0.0091351
-0.0055357
-0.0010525
0.0049979
0.0089399
-0.0077987
0.0081813
-0.0027778
-0.0078589
0.0071782
-0.0032673
-0.0008799
-0.000806
0.0058042
0.0035692
0.007642
0.0055647
-0.0094227
-0.0001757
-0.0096373
0.0067912
0.004493
0.0026536
0.006321
-0.0048643
-0.0018224
0.0088517
-0.0055556
0.0004511
-0.0045753
-0.0058771
-0.0024333
-0.0003031
-0.0099541
-0.0022131
-0.0043289
-0.0098906
-0.0034459
0.0011662
-0.0082593
-0.0039588
0.0021123
0.0022755
0.0064111
-0.0052644
-0.0006213
0.0046876
0.0029002
0.0083635
0.0027
-0.0075333
-0.0002952
0.0004381
0.0084796
-0.0028531
-0.0045318
0.0016685
-0.0075948
-0.0056828
0.0066842
0.0076527
0.008535
-0.0071132
0.0021771
-0.0034503
-0.0009667
0.007037
-0.0043871
-0.0090194
-0.0033141
-0.0040193
0.004331
0.0003242
0.007146
-0.0018325
0.0033695
0.0040344
0.0097836
0.0092288
-0.0070737
-0.0028122
-0.0093717
-0.0052356
-0.0047397
-0.008521
-0.002912
0.0079737
-0.004859
-0.0027222
-0.0052879
0.0045979
-0.0061721
0.0078697
0.0088057
0.0051809
-0.00031
0.000527
0.0066329
-0.0079154
0.002663
-0.0063026
0.0014359
0.0076547
-0.0020547
-0.0008849
-0.0074821
0.0095234
-0.0081575
0.0044953
-0.0063187
0.0020831
0.0023204
-0.0041912
0.0069652
0.0040995
-0.0012868
-0.004767
-6.57e-5
0.0083506
-0.0026601
-0.0014317
0.0095048
0.0079598
-0.0021406
0.0077799
0.0016455
-0.0007786
0.0085516
-0.0047996
0.0083652
-0.00807
-0.0051435
0.0033641
-0.0042235
-2.21e-5
-0.009033
-0.0003503
0.0065572
0.0006018
0.003849
-0.0062922
0.0038615
-0.0005211
0.009714
-0.009702
0.0048893
-0.0069688
0.00201
0.0013473
