0.0031066
-0.009116
-0.0047518
-0.0050398
0.0025591
-0.0089284
0.0038731
0.0026499
-0.0047556
-0.0091412
0.0086592
0.0020615
-0.0052743
-0.0004606
0.0049653
-0.0078658
0.0036179
0.0029429
-0.0055164
0.003739
-0.0039884
0.0009024
-0.0016268
0.0034431
0.0034243
-0.0091721
0.0093344
-0.0039266
0.0028154
0.0030989
-0.0006824
-0.0086993
-0.0050042
-0.0010247
-0.008852
-0.0047666
0.0054967
-0.0069346
0.0067391
0.0066757
-0.0034124
0.0095915
-0.0031375
0.0065276
0.0026702
0.00244
-0.0004094
0.0018124
-0.0080652
-0.0050612
-0.0075748
0.0031284
-0.0024782
-0.0097306
0.0092155
0.0083272
0.0066956
-0.0030913
-0.0079528
-0.0075025
0.0045862
0.0029467
-0.0062926
-0.0079603
0.0017863
0.0096643
-0.0082777
0.0021818
0.0015658
0.0076742
-0.0021793
0.0001411
0.0091919
-0.0041283
0.0040658
0.0025103
-0.0086282
0.0073962
-0.0067363
0.0056134
0.0055575
-0.0050461
-0.0042572
-0.0082031
-0.0069755
0.0023318
0.0021928
-0.0061999
0.00429
-0.008717
0.0059395
0.0059664
-0.0028994
0.0054381
-0.0034772
-0.0063478
0.0084256
-0.0041321
0.0089586
0.0072757
0.0031244
0.0072337
-0.000191
-0.0017803
0.0014945
0.00096
-0.0060075
0.0047962
-0.0005292
0.0060449
0.008163
-7.01e-5
-0.0062184
-0.0005049
-0.0049332
-0.0004417
0.0066242
-0.0038303
0.0023207
0.0074613
0.0055328
0.003505
0.001077
-0.0010283
0.000539
-0.0011004
-0.0073541
-0.0097819
0.0075374
-0.0062277
-0.0016918
-0.0018442
-0.0006298
0.0012525
0.0051238
0.0086426
0.0063773
0.0077858
0.0075546
-0.0028552
0.0002594
0.0041222
-0.0014301
-0.0002272
0.0065064
-0.0027426
0.0017238
0.0045213
0.0008636
0.0030841
-0.0054512
-0.0073363
-0.003583
-0.0034936
0.0041115
-0.0049965
-0.0039124
-0.0088217
-0.0028194
0.0067661
-0.0041673
0.0030921
0.0037148
0.0020144
0.0082006
-0.0005025
0.0007263
-0.0041616
0.0079957
0.0074194
-0.0056174
-0.0088898
0.0055868
-0.0004768
0.0099848
-0.002282
0.0066279
-0.0042939
0.005991
-0.0095951
-0.0011141
0.0071167
0.0011932
-0.0010869
0.0080714
-0.0001577
0.0099956
0.0055949
-0.0098672
0.0085761
-0.0088434
0.0014963
0.0039256
-0.0092636
-0.0035279
-0.0035328
0.0035374
-0.0065505
0.008301
0.0093733
-0.0044531
0.0041292
0.0036078
0.0009775
-0.0001398
0.003161
-0.0087335
0.0052362
0.0055492
0.0007876
0.009205
0.0010877
-0.0043932
0.0060521
-0.009718
-0.0009294
-0.0060682
0.0038263
-0.0004785
0.0038648
-0.0077067
-0.0009564
-0.0029777
0.0034693
0.0039752
0.0031309
0.0074848
0.0036007
-0.0025831
0.0047366
-0.0018648
-0.0098414
-0.0046011
0.0028781
0.0022685
0.0017365
-0.0044665
0.0076178
0.0095177
-0.0083449
-0.0016853
0.006285
-0.008956
0.0067917
0.0091138
-0.0077452
0.0008389
-0.0063673
0.0091928
0.0052988
0.0031102
0.009293
0.0050021
-0.005513
0.0016224
-0.0078047
-0.004485
0.0090834
-0.0002073
0.0081362
-0.0091134
-0.0021995
0.0026445
0.0023413
0.0002923
-0.004555
-0.0017935
-0.0026519
-0.0097058
-0.0064514
-0.0069806
-0.0027268
-0.0084903
0.0003712
-0.0011891
-0.0024171
0.0034625
0.0022193
0.0053603
0.005266
-0.0037616
-0.0028529
-0.0097917
-0.0051185
0.0088492
-0.0049936
0.0060914
-0.0028644
-0.0080828
-0.0081574
-0.0030946
0.007171
0.0055709
0.0090141
-0.0051293
0.0071777
0.0029067
0.0068679
-0.0057566
-0.0021105
-0.0069577
0.0057927
0.0020941
0.001891
-0.0040036
-0.0090853
-0.0058043
-0.0064158
-0.0024418
0.0017649
-0.003067
0.0085742
-0.0021884
0.0007888
0.0068055
0.0082736
-0.0055763
0.0049405
-0.0029671
-0.00788
-0.008659
-0.0094915
-0.0002145
-0.0052301
0.0077553
0.0007706
0.0010233
-0.0037215
-0.002433
0.0093209
-0.0021814
-0.0010656
0.0026186
-0.0099134
-0.0028414
0.006296
-4.29e-5
9.46e-5
-0.0018797
-0.0059236
0.0033626
-0.0053165
-0.0095486
-0.0004364
-0.0030245
-0.0018102
0.0014738
-0.0079777
-0.0071733
0.0053832
-7.95e-5
0.0095573
-0.0005037
-0.0040752
-0.0088658
-0.0047861
8.28e-5
0.0064402
-0.0098471
0.0073649
0.0082582
0.0082615
0.0048383
-0.0007352
-0.0079338
-0.004536
-0.0034242
0.006696
0.0060339
0.0035625
-0.0051049
0.0043327
-0.0005523
0.0020031
-0.0010014
-0.0042711
-0.0005598
0.0064739
0.0010787
2.7e-6
-0.0050762
0.008982
0.0015049
-0.0078245
0.0047168
-0.0081712
0.0070117
0.0092339
-0.0052747
-0.0009587
-0.0020526
-0.0049372
-0.0055732
0.001193
0.0026677
-0.0085621
0.0069151
-0.0037998
-0.0072461
0.0003016
0.0094828
-0.0084106
-0.0041795
0.0039989
0.0095195
-0.0099032
0.0061739
0.0049314
-0.0052191
-0.006772
0.0051427
0.0065223
-0.0096567
0.0025389
-0.0095442
0.0017143
-0.005031
-0.0005035
-0.0089509
-0.0008211
-0.0096595
-0.0053491
0.0092197
0.0073732
0.0026212
0.0050844
0.0057778
-4.12e-5
0.0025675
-0.0004001
-0.0093381
-0.0094942
0.0019891
0.0035548
-0.0041769
0.0006169
-0.0044312
0.0077797
0.007194
-0.0017528
-0.003464
-0.0040028
-0.0058094
-0.0047661
-0.0005845
0.0063147
0.0098437
0.0067617
0.006295
-0.0090719
-0.0075215
-0.0060185
0.0032148
-0.0046008
0.0028913
0.0052103
0.0035425
0.0093412
0.0014122
-0.0001017
0.0044775
0.0029752
-0.0087707
-0.0057592
0.0076637
0.0085995
0.0060041
0.002751
0.0076137
-0.003912
0.0019111
-0.0090153
-0.0028773
-0.0069055
0.0083121
0.0027555
0.0091742
0.0011972
-0.0097913
-0.0076057
0.0060868
0.0076351
-0.0082808
-0.0058573
0.0069023
-0.0048027
0.0085481
0.0077014
-0.0042057
-0.0062159
0.0015329
0.0026682
-0.0021503
0.0073228
-0.0037111
