0.0065585
-0.0076887
-0.0051321
-0.0082888
0.0040381
0.0050819
0.0081048
0.0089313
0.0041676
0.0005268
0.0098824
0.0061194
-0.0055167
-0.0036112
0.0002794
0.007137
0.0060299
-0.0094754
-0.0042656
-0.0094687
0.0028926
0.0033231
0.0002309
0.0050133
0.0074524
-0.0004823
0.0085737
-0.0026341
-0.0069872
0.0098738
-0.0063244
-0.0020404
0.0078077
-0.0039356
-0.0023816
0.0039433
-0.0007534
-0.0025109
-0.0055229
0.009933
-0.0086129
-0.004055
-0.004608
-0.0041522
0.0016581
0.0042162
-0.0013869
-0.0068431
0.0054684
0.0018236
0.0073828
-0.0018411
0.0091774
0.0003012
-0.0018555
0.0068747
0.0063883
0.0072007
-0.0044977
0.0009116
-0.0024073
0.008072
0.0080935
-0.0090468
0.002617
-0.0088876
0.0067002
-0.0077766
0.0032338
-0.0046896
0.0073186
0.0082915
0.0015862
-0.0010856
0.005438
0.0066517
-0.0024018
-0.0026952
0.0077885
0.0020825
-0.0006128
0.000607
-0.0040101
0.0078822
0.0082056
-0.0009876
-0.009456
0.006386
-0.0059756
-0.0065553
0.0074415
0.0026449
0.0004042
-0.0065797
0.009088
-0.0049522
0.0014168
0.0006389
0.0047549
-0.0080588
-0.0070014
-0.0099784
-0.0099442
-0.0010689
-0.0012687
-0.0026183
0.0078569
-0.0012026
-0.0028163
0.0048441
-0.0002134
0.0094056
0.0098698
-0.0084941
0.0097584
0.0026758
-0.0021847
-0.0095938
0.0083849
0.005681
0.0022435
0.0050872
0.0039307
0.0043875
0.0003758
-0.0082139
0.0013145
0.0024819
-0.0096939
0.0083356
-0.0025668
-0.0067658
0.0096628
-0.0031028
-0.0006229
-0.009305
-0.0045439
0.0056331
-0.0083996
0.0088505
-0.0064923
0.0082322
-0.0089905
0.00703
0.0062701
-0.0041784
-0.0027541
-0.0088673
-0.0094556
-0.0047414
-0.0052494
0.0068682
0.0043486
-0.000983
-0.0056171
0.0059022
0.0087509
0.0030397
0.000468
0.0088555
0.0077421
-0.0017516
-0.0075154
-0.0002956
0.0052472
-0.0075803
0.0031352
-0.0065709
-0.007497
0.0065362
-0.0056983
-0.0070079
0.002715
-0.0003015
-0.0081678
0.0021759
0.0079483
-0.0077412
0.0095661
0.0089827
0.0016326
-0.0032141
-0.0046407
-0.0057062
-0.0064352
-0.0066446
-0.0069741
0.0038535
0.001861
-0.0057409
0.0030472
-0.0079603
0.0029715
-0.0001483
-0.0085153
0.0005379
-0.0059298
0.0016606
-0.0031178
0.0065572
0.0054612
-0.008172
0.008344
0.003297
0.0048976
0.0063162
0.0070541
-0.0061002
-0.0096404
-0.0057085
-0.0011783
-0.0082423
0.0036333
0.0079512
-0.0099193
-0.0018942
-0.003942
-0.0045389
-0.0019722
0.006678
-0.0017738
0.0087021
0.0086775
0.0023218
0.0068239
-0.007836
-0.0046026
0.007158
-0.0035274
-0.0006979
0.0045624
-0.0041336
-0.0026782
-0.0016807
0.0024044
-0.0056718
-0.0071211
-0.0002961
0.0011283
0.0014776
-0.0048987
0.0066551
-0.0016507
0.008121
-0.007543
0.0047976
0.0060497
0.001076
-0.0027331
-0.0074826
-0.0010125
-0.0019528
-0.0074452
-0.0056587
-0.0067158
-0.0048601
-0.0013443
0.0091629
-0.0077561
0.0062784
-9.83e-5
0.0055874
-0.0062135
0.0007768
0.0071966
0.0007254
0.0049529
-0.0084118
-0.0059926
-0.0038292
0.0013632
0.0012065
0.0005687
0.0055647
0.0048203
0.004261
0.0091084
0.0067226
-0.003582
-0.0077858
-0.0064693
0.0038154
0.0009091
-0.0024269
0.0070973
-0.0069978
-0.0030226
-0.0027543
0.0065373
0.0083975
-0.0048611
0.0010165
-0.0042985
-0.0030027
-0.0074964
-0.0054671
0.0036764
-0.009339
-0.0069437
-0.0009859
-0.0010238
0.0032833
0.000967
0.0099121
0.0061697
0.0005779
0.0059341
0.0099969
0.0078334
0.0085338
0.0014083
-0.0018451
0.000534
0.0077779
0.0054193
0.0085874
-0.0058781
-0.0019434
-0.0094823
-0.0031003
0.0047378
0.0079115
-0.005988
-0.007679
0.0066647
0.0093015
-0.0094177
0.0047368
0.0024887
0.0067394
0.0021523
0.0021973
-0.0067887
0.0088586
0.0013693
-0.0041299
-0.0088042
0.0037924
-0.0099868
0.0050196
-0.0040148
-0.0085892
-0.0017581
-0.0006834
-0.0036875
-0.0071844
0.0076833
-7.3e-5
0.0014095
0.0041223
0.0085382
-0.0012747
0.0042643
0.0076518
0.0008492
-0.0093214
0.0047438
0.0032614
0.0065963
-0.0042835
0.0093163
0.0084652
-0.0012297
-0.008962
0.0012666
0.000477
0.0004441
0.0064206
-0.0090569
0.00058
0.0071255
-0.0009079
0.009147
-0.0063391
0.0012659
0.0058885
0.0031299
0.0010966
0.0028195
-0.007528
0.0092109
0.0039642
-0.0086525
-0.0003311
-0.004327
0.0078625
0.0004893
0.0061332
0.0053197
-0.0025242
-0.0040309
-0.0024475
0.0017603
-0.0094818
-0.0067278
0.0040593
-0.0055844
-0.0070097
0.0011937
-0.006319
0.0002978
0.0096041
0.0036242
0.0048539
0.0011307
0.0059075
0.0063981
-0.0090408
-0.0001644
0.0092745
0.0051399
-0.0068285
0.0066387
0.0064852
-0.0006648
-0.0078933
0.0033443
0.0030245
-0.0004273
0.0055614
-0.0077189
-0.0070966
-0.0042929
-0.0015192
0.0070749
0.0005776
0.0085708
-0.001875
-0.0050001
-0.0083129
-0.0061109
0.0062333
-0.0024023
-0.0021988
0.00476
0.0001477
0.0076544
0.0042266
0.0010832
-0.0052935
0.0007265
-0.0062386
0.0017444
0.0069351
0.0006795
0.0060964
0.0061458
-0.000286
-0.0018149
0.0027542
-0.0076846
0.0049708
-0.0066019
0.0009316
-0.009768
0.0043947
0.0034717
0.0047245
0.0080675
0.0059951
0.0082343
-0.0090058
-0.0053063
0.0031701
-0.0087191
0.0094053
0.0061378
0.0068034
0.0001357
-0.0096186
-0.0077943
0.0019864
-0.0086708
0.00453
-0.0025936
0.0044973
0.0028558
-0.0070007
-0.0078149
-0.008236
-0.0049518
0.0047452
-0.0036319
-0.0066832
0.0082392
-0.0006523
0.0069992
0.0067303
0.0057414
0.0045166
-0.0066929
-0.0071875
0.0073561
-0.0030344
0.0022177
