-0.0075054
0.0020824
-0.003015
0.0055688
-0.003465
-0.0085229
-0.0035659
-0.0017041
-0.0040954
0.0082451
-0.0088857
-0.0077831
-0.0019073
-0.0037878
-0.0016599
0.0004374
-0.0091243
-0.0012346
0.0054901
0.0003427
-0.0028799
-0.0034801
-0.0099675
-0.000818
-0.0034807
0.0084673
-0.0048874
-0.0014837
-0.0036494
-0.0060744
0.0078009
0.008725
-0.0027733
0.0023635
-0.0010231
-0.0021445
0.00801
-0.0037967
0.000625
0.0024376
0.0022227
0.0015189
0.007246
-0.0054326
0.0013179
0.0089442
0.0047534
-0.0014369
-0.0010288
-0.0050197
-0.0091353
0.0081689
-0.0044329
0.0002887
0.0008383
-0.0091722
-0.0087186
-0.0066169
-0.0073209
-0.0023187
-0.0028707
-0.0070366
-0.008242
0.0093799
-0.0035415
-0.0004077
-0.0062748
-0.0037642
-0.0019759
0.0048266
-0.0090914
0.0078787
-0.001646
-0.0056275
0.0040655
0.0018404
0.0004068
0.0032382
-0.0022626
-0.0092225
-0.0050301
-0.0099092
0.0025066
-0.0079209
-0.0023604
0.002746
-0.0040366
-0.0022556
-0.0036707
-0.0089952
0.0096067
0.0073666
0.0045348
0.0048529
0.0037387
0.0004655
0.0001778
-0.0031834
0.0090286
0.0065753
-0.0078178
-0.0069448
-0.0086623
0.0032635
-0.0055105
0.0069445
-0.002237
0.000616
-0.003865
0.0028401
0.0058008
-0.0085177
0.0036583
0.0033636
0.0042268
0.0094786
0.004596
0.0024767
0.0067603
-0.0079596
0.0015172
0.0055667
0.0022901
-0.0096838
-0.0083585
0.0017243
-0.0019479
-0.0007299
-0.0033997
0.0060922
-0.0035397
-0.0042741
-0.0031937
-0.0055466
-0.0071944
0.0065737
0.0027713
-0.0058432
0.0069976
0.0013544
0.0049764
0.0081106
-0.0062806
-0.0027456
0.0076982
0.0066942
0.0075877
0.0024577
0.0070424
0.0037622
0.0042417
0.0067114
-0.0034171
0.0074777
-0.004433
-0.0035126
-0.0087775
-0.0066297
0.008304
0.0074885
0.0018397
-0.0052737
0.0019436
0.0030976
0.007741
0.00256
0.0077703
0.0054289
-0.0022086
-0.0026047
-0.0080039
0.0031426
-0.0072132
-0.002555
-0.0033058
0.0057243
-0.0009553
0.0035814
-0.0051849
0.0019391
0.0027491
-0.0064404
0.001645
0.0094148
0.0052179
0.0014663
-0.0037793
0.0099718
0.0009508
-0.0078969
0.0007808
-0.0008199
0.0074994
-0.0055191
-0.0061365
-0.008837
0.0024531
-0.0023898
-0.0030031
-0.0099648
-0.0058582
0.0098059
-0.0020953
-0.005412
0.0028191
0.0026581
0.003267
0.0086151
0.0082535
0.0019556
-0.0071152
0.0074839
0.0074675
-0.0020733
0.0017524
0.0067016
0.0001114
0.0096541
0.0016335
-0.0017781
0.0093725
-0.0026215
-0.0053024
-0.0053993
-0.0041842
-0.0057903
-0.0034839
-0.0078102
-0.0094517
0.0084248
0.009507
-0.003157
0.0060639
0.0099908
0.0064667
-0.0029823
0.0080297
-0.0031403
0.0089143
0.0061895
0.0029352
0.0062599
0.0056815
-0.0099018
-0.0014627
-0.0002477
-0.0067784
0.0092861
-0.0028964
-0.003887
0.0083666
0.0017328
-0.0017865
0.0003882
0.0028551
-0.0019192
-0.0001264
-0.0099887
0.0069748
-0.0055623
0.0071339
-0.0098657
0.0070281
0.0095003
-0.0068505
-0.0051314
-0.0067887
-0.0063247
0.0091117
0.0072767
0.0044309
-0.0066548
-0.0053387
0.0042112
0.0014948
0.0059375
-0.0094774
0.0055081
0.0097002
0.0065443
-0.0038492
-0.006618
0.0081861
-0.0005242
-0.0026326
0.0022694
0.006592
-0.0015309
0.0079201
0.0094027
0.0040614
-0.0076105
-0.0070846
-0.0005451
-0.0072968
0.0054759
0.0036199
-0.0027768
0.0098454
-0.0057106
-0.0092357
-0.0043683
-0.0084981
0.005135
-0.0033741
-0.0088873
0.0034348
-0.0096688
-0.0014386
-7.51e-5
-0.0028179
-0.0083987
0.0015413
-0.0039914
-0.004469
-0.0083227
-0.0088846
-0.0063881
0.000336
0.0002863
0.0080948
-0.0082225
-5.7e-6
-0.0073041
0.0033519
-0.0036485
-0.0073511
0.0041863
0.0016785
-0.0034174
0.003092
-0.0057523
0.0012654
0.0003087
0.0023328
-0.0099429
0.0005999
0.0045463
0.0066534
0.0097904
-0.004433
-0.0077995
-0.0025345
0.0007383
0.0075546
-0.0004879
0.0003671
-4.49e-5
0.0002418
0.0037148
-0.0067261
0.0035194
0.0097902
-0.0040169
0.0033569
-0.0009991
0.0045693
0.0058728
0.0065951
-0.0072253
0.0010749
-0.0058902
-0.0073114
0.0030718
-0.0002706
-0.0069086
-0.0017305
-0.003848
-0.0033863
0.0012819
-0.0026426
0.0033611
0.0040653
-0.0026273
-0.0026383
0.0093713
-0.0025019
-0.0061788
0.0002366
0.0005952
0.0093131
-0.0085298
0.008798
0.0028537
-0.009767
0.0094719
0.0014364
0.0097424
0.0069877
0.0046797
0.0096101
0.0080114
0.0013587
0.005888
0.0013177
-0.0005369
-0.006493
-0.0025171
0.0010857
-0.0082223
-0.0026475
0.0027116
-0.0030278
-0.0087575
-0.0094442
-0.0057191
0.0098013
0.0060518
-0.0098233
0.0019697
-6.33e-5
0.0040944
0.0089361
0.0060253
0.0010812
-0.002364
-0.005062
0.0014535
0.0066909
-0.003447
-0.0049629
-0.0071227
-0.0039537
-0.0043409
-0.0014556
0.006096
0.0025814
-0.005348
0.0069906
-0.0050464
-0.0024541
0.0002804
-0.0067536
-0.0090874
0.0023105
-0.0087429
0.0005102
-0.0071934
-0.0088224
-0.0097514
-0.0061527
0.0028626
-0.0067542
-0.0061299
0.0051004
-0.0037466
-0.0030464
-0.0099161
-0.0046803
-0.0084424
-0.009326
-0.0079032
-0.0018381
0.0007255
0.0065786
0.0092984
-0.0005017
-0.0078607
-0.0051226
-0.001118
0.005034
0.0073561
-0.0074624
0.0090046
-0.0045916
0.0054034
-0.0071907
-0.004752
-0.0098647
0.0089358
-0.0066873
0.0007986
-0.0046775
-0.0021299
0.0073422
-0.0064288
0.0051113
-0.0010953
-0.0049287
0.002236
-0.0095963
-0.0060361
0.0048197
0.0079351
0.0071311
0.0069894
4.54e-5
-0.0038287
-0.002866
0.0049397
0.0071108
-0.0001522
-0.0067683
-0.0068644
-0.0058746
