0.0095531
-0.0088097
0.0041588
0.0038639
0.0011591
-0.0083136
0.0022841
0.0035822
0.0099504
0.0014238
0.0068782
-0.0083564
0.006248
-0.008161
0.0006682
0.0004984
-0.0053769
-0.0090413
0.0049729
0.0033182
0.0093799
-0.0006328
0.0087598
0.0079527
0.0061253
0.0072207
-0.0094659
-0.0083751
0.0062289
-0.002027
0.0055843
-0.0023939
-0.0077968
0.0006358
0.0064308
-0.0094408
-0.0027436
-0.0073468
0.0023809
-0.0050221
-0.0002141
-0.0039392
0.0099057
0.0091548
-0.0079731
-0.0090941
-0.0052062
-0.0052523
0.0026324
0.0067549
0.0067862
0.007664
0.0029577
0.0034334
0.0098876
0.0028316
0.0053519
-0.0009186
0.0066028
-0.0027806
-0.0084654
-0.0066357
-0.0078854
-0.004863
-0.0068233
0.0060256
0.0059685
0.0037933
-0.0099438
-0.0046809
-0.0067254
0.0034833
-0.0042003
-0.0094121
-0.0057251
-0.0040685
-0.0004367
-0.0099198
-0.0023791
0.0078538
-0.0028176
0.0048417
0.0088719
0.000616
0.0091227
0.0010398
0.0061083
-0.003545
0.0021885
-0.0015978
0.0020567
0.0003308
0.002694
-0.0045711
-0.0091982
-0.0094278
-0.0065306
-0.005703
0.0020473
-0.0061753
-0.0023822
-0.0031914
0.0005009
0.0054995
-0.0088395
-0.0012145
-0.0009779
0.0037864
0.0043352
0.007254
-0.0094756
0.0044122
0.0081027
-0.006275
0.0028237
0.009633
-0.0043518
-0.0010254
-0.0004964
-0.0013006
0.0026041
-0.0063475
0.0082161
-0.0019456
-0.0055842
-0.0032976
-0.0088835
-0.0059117
0.0049629
0.0051998
0.0002968
0.0063855
-0.0099806
-0.0080561
0.0063655
0.0028771
0.0024831
-0.0062136
0.0074557
0.0082918
0.0022621
0.0084694
-0.0040054
-0.0099186
-0.0089468
0.0081261
0.0072256
0.0061243
0.006763
-0.009579
-0.0008545
-0.0013747
-0.0036037
-0.0014672
0.0085054
-4.2e-5
-0.0027126
-0.0012197
0.0065646
-0.0060256
-0.0090258
-0.0081419
0.0083607
0.0097569
-0.0031698
-0.0068976
-0.0010708
-0.0075491
0.0098023
0.0084633
-0.0025419
-0.0017594
-0.0095907
-0.0064721
-0.0048842
-0.0072919
-0.0074084
0.0011821
0.0071876
-0.0082389
0.0027169
0.0024261
0.0095093
-0.006011
-0.0010193
-0.000169
0.0011294
-0.0031861
0.000899
0.0043049
0.0022517
0.0083469
0.0001063
-0.0020497
-0.0001257
0.0052365
-0.0088399
-0.0092308
-0.0057635
0.0085567
0.003072
-0.006475
0.0024431
0.0054572
-0.0095737
-0.0072354
0.0053092
0.0040137
-0.0048789
-0.0051502
0.0077747
0.0044031
-0.0083956
-0.0034426
-0.0070102
0.001504
-0.0054311
-0.004827
-0.0068375
0.0082564
0.0065988
-0.0099447
0.007268
-0.0074731
-0.0072842
0.0098723
0.0007638
0.0062372
-0.0002048
0.0047791
-0.0059672
0.0039569
-0.006709
-0.0071506
-0.0016644
-0.0079888
0.0080158
0.0062847
0.0044429
-0.0062443
-0.0076133
-0.0033711
-0.0098027
-0.0067076
-0.003778
-0.0010125
0.0025617
-0.0056631
0.0046938
0.0028842
0.0082459
0.0050839
0.0088999
-0.0054012
-0.0078952
-0.0099622
0.0077017
0.0074374
-0.0064701
-0.0051161
0.0055617
0.0045612
-0.0074931
-0.0032692
0.0015253
-0.0050148
-0.0056559
-0.0046996
0.0030487
-0.0001147
0.0058102
-0.0021915
0.003181
0.007098
-0.0032445
-0.0043672
-0.0015759
-0.0021214
-0.008827
0.0043656
0.0026814
0.003141
0.0002902
0.0030482
-0.0009652
-0.0062252
0.0056575
0.0019313
0.0029488
0.0090407
-0.0091801
-0.005539
0.0083809
-0.0013882
0.0088023
0.0022445
0.0009242
0.007433
-0.0005749
-0.0002836
-0.0059189
0.0011672
0.0063043
-0.0061264
-0.0003946
0.007224
0.0026919
-0.0020749
-0.0011865
-0.0083832
0.0036964
0.0075868
-0.0026468
0.0023558
-0.0034778
0.0034949
-0.009482
-0.0023357
-0.0029396
0.0077096
-0.0002821
0.0079694
0.0059579
0.0021728
0.0058146
-0.0059972
-0.0034494
-0.0084421
-0.0048006
-0.0003373
0.0047224
0.0008522
0.0094932
-0.0021293
0.0068459
0.0054722
0.0022298
0.0075313
-0.0036801
0.0066498
0.0037607
-0.005942
-0.0042585
-0.005048
-0.0083875
0.008445
-0.0013401
0.0060799
-0.0091576
-0.0040315
-0.0013134
-0.0075012
-0.0030324
0.0047393
-0.0009469
0.003308
-0.0082645
-0.0030851
-0.004901
-0.0079971
-0.0069652
0.0066322
-0.0034239
0.005365
-0.0015261
0.0049841
-0.0098866
-0.0006919
-0.0032399
-0.0015061
-0.0055886
-0.0042798
0.0087991
-0.0089329
-0.0042729
0.0016808
0.0026906
0.001362
0.0091539
-0.0060574
0.00889
-0.0091218
-0.0061711
0.0012839
0.0068363
0.0091928
-0.0078406
0.0097384
-0.0032308
-0.0023693
0.0067063
0.0054144
-0.0022029
-0.0076688
-0.0079132
-0.004617
-0.0069453
0.0033215
-0.0099317
-0.0012787
-0.0017785
-0.0037664
0.0038674
-0.0043816
0.0086197
0.0076397
0.0036963
-0.0024191
-0.0045868
0.0069915
-0.0075512
0.0065213
0.0029781
-0.0087949
-0.0081066
0.0050159
-5.47e-5
0.0024126
-0.0069493
-0.0029536
-0.0096753
0.0060162
0.0036279
0.0038692
0.0012444
0.004138
0.0053774
-0.004207
0.0067025
-0.0030628
0.0050491
0.009657
-0.0034023
0.0074239
-0.0001333
-0.0027624
0.0085292
0.0045475
-0.0033992
0.0032264
-0.0098686
0.0086703
0.0078689
-0.0097442
0.0095975
0.0063154
-0.0090401
0.0082648
-0.0004581
0.0090802
-0.0082586
0.0003061
0.0082632
-0.007947
0.0071439
-0.0028655
0.0018554
0.002607
0.0091439
0.0058831
0.0042921
-0.0092287
0.0005043
-0.0035759
0.0081814
-0.0018602
0.0006424
0.0017535
-0.0062743
0.0035018
-0.0069632
0.0064849
-0.0053099
0.0053462
0.0054152
-0.0029187
0.0091023
0.0015798
-0.0035933
-0.0008721
-0.0013918
0.0001765
-0.0074813
-0.0051291
-0.0065585
0.0096964
0.0081981
0.0040758
-0.0028237
0.0073623
0.0013474
0.0005879
0.0013144
-0.002158
-0.0076816
