0.0010953
-0.0027358
-0.0076983
-0.0043344
0.0093134
0.0026452
-0.0066722
0.008813
0.0009834
0.007029
-0.0087702
-0.0013145
0.0084952
-0.0040328
-0.0034308
0.0044473
-0.0020081
0.0093364
-0.0076942
0.002303
0.0029803
-0.0085166
0.0023722
0.0021825
0.0028804
0.0020511
-0.0096027
0.003525
-0.007992
0.0033452
-0.0009219
0.0022571
0.0061246
0.002734
0.0078754
0.0070242
-0.0043095
0.0054501
0.0050798
-0.0059527
0.0005938
0.0077761
-0.0054554
0.0036634
-0.0036458
-0.0086777
-0.0094893
0.0098986
-0.0005912
0.0037868
0.0031244
-0.0055867
0.0038182
-0.006189
-0.0081799
-0.0094203
0.0006475
0.0033865
-0.0042344
0.0028248
-0.004672
-0.0043322
0.0050626
-0.0015345
0.0036926
-0.0024567
0.0046823
-0.0004973
0.0066056
0.003738
-0.0080464
-0.0005382
0.00437
-0.006128
0.0073458
0.0064302
0.0054243
-0.0013686
-0.0021914
-0.0021593
-0.0038653
0.0080545
0.0037072
-0.0059217
0.007218
0.0004933
-0.0030994
0.0094099
-0.0018854
0.0081971
0.0026311
0.0074273
0.0006932
1.4e-5
0.0089098
-0.0078895
0.0019614
-0.0065152
-0.0091348
0.0047121
0.0022091
0.0026453
0.0025251
-0.0073642
0.0020111
0.0086277
-0.0079251
-0.0053384
0.0085007
-0.0075195
0.0087072
0.0082245
-0.0077475
0.0055377
-0.0098215
-0.0035634
0.0069398
0.0027923
-0.0063729
0.00406
0.0047308
0.0047999
-0.0035147
-0.0035683
-0.0069437
-0.0058763
0.0046483
0.0037705
0.0042381
-0.0008878
-0.002325
-0.0002327
-0.0077543
-0.0060152
0.0051308
-0.0049484
-0.0016252
-0.0019354
0.0059613
-0.0088619
-0.0029889
0.0033435
0.0087305
0.0030272
0.0025305
-0.0020394
-0.0054526
-0.0017056
-0.0017094
-0.0030286
-0.0046813
0.005655
0.004063
0.0014529
-0.0072368
-0.0040544
-0.009441
0.0096445
0.0054063
-0.0055524
0.0045835
0.000114
0.0090367
0.008739
0.0072117
-0.0003114
-0.0068961
0.0050263
-0.0062866
0.0083599
-0.0071676
0.0056915
-0.0029449
-0.0059025
-0.0004571
0.0005365
-0.0060771
0.0033354
-0.0070476
-0.0003086
-0.0048667
-0.0010201
0.0077004
0.0023697
-0.0074708
-0.0012213
0.0032804
-0.0038767
0.0067156
0.0047416
0.0096235
-0.0039574
0.0018239
0.0063253
0.0018711
0.0048645
-0.0016718
0.0099374
-0.0086293
0.0008832
-0.0028275
0.0072143
-0.0060877
-0.0009453
0.006449
0.00722
-0.0002133
-0.000193
-0.0064985
0.0061612
-0.0024028
-0.0097149
-0.0093642
-0.0096823
-0.0014425
-0.0018479
-0.0079828
-0.0041862
-0.0046155
-0.0077463
0.0044955
0.0047972
0.0060887
-0.0079329
-0.0073637
-0.0002922
-0.0006922
-0.0068822
0.0090345
0.0021497
-0.0032261
-0.0095957
-0.0034948
0.0072705
-0.004634
0.0070248
-0.005229
0.0025981
0.0083564
-0.0086337
-0.0091722
0.0018764
-0.0085302
0.0076978
-0.0098265
0.0011329
-0.0058135
-0.0036838
0.0063298
-0.0009933
-1.32e-5
-0.0093
-0.0070934
-8.65e-5
-0.003891
-0.0035793
-0.0083418
-0.0040137
0.0080813
-0.0016256
-0.0061756
-0.0084685
0.0035194
0.0029509
0.0021106
0.0004469
0.0004837
-0.0031418
0.0061928
-0.0076274
0.0061924
0.0076332
0.0026043
-0.0065331
0.0079419
-0.0078377
-0.0051308
-0.0039524
-0.0068213
0.0085146
0.0098121
9.71e-5
0.0048042
-0.0071918
-0.0097756
-0.0091739
0.0059318
-0.0007405
-0.0008508
0.0053008
0.0060572
-0.0099973
-0.0097876
0.0084135
0.002766
0.0077115
-0.0033726
0.0069669
-0.00877
0.0053763
0.0051945
-0.007197
0.0050351
0.0035272
-0.0076769
0.0009914
-0.000842
0.0053303
-0.0027475
-0.0031896
0.0061017
0.0080389
0.001027
-0.0014903
-0.004029
0.0019533
0.0031352
0.0070334
0.0017287
-0.0064674
-0.0067067
-0.0048922
-0.0087921
0.0034615
0.008287
0.0039419
-0.0022339
-0.0058604
0.0024288
-0.0045038
-0.0010946
0.0007581
0.0031519
-0.0042783
0.008984
0.0092721
-0.0051506
0.0071167
0.0037273
-0.0095648
0.004746
-0.0052758
-0.0056842
0.0043996
-0.0034338
0.0041009
-0.0097244
-0.0029849
-0.0094512
-0.0028306
0.0051154
-0.0040449
0.0039742
0.0085524
0.0099667
0.0047229
-0.0067727
0.0059408
-0.0068798
0.0052065
0.006453
0.0029052
-0.0050617
-0.0011372
-0.0088337
-0.0035879
0.0043434
0.0003296
-0.0091986
-0.0092516
0.0092133
-0.0011468
0.0080999
0.0026598
-0.0072495
-0.0042375
-0.0051377
-0.0051571
-0.0082308
-0.0021704
-0.0092254
-0.0080527
-0.004277
0.0027199
0.009439
0.0053879
-0.0049121
-0.0068138
0.0030163
-0.0033517
-0.0035982
0.0081311
0.0021307
-0.0028462
0.0049932
-0.0082631
-0.0087533
0.0057759
-0.0040564
-0.0063759
-0.0027404
0.0049964
-0.0045002
-0.004779
0.0029436
-0.0014654
-0.0031946
-0.0090688
-0.003452
0.0092224
-0.0093974
0.0023284
-0.0089246
-0.0085122
0.0046058
0.0055064
-0.0091074
-0.0009362
0.0022861
-0.0075109
0.0044127
0.0067234
-0.0088633
-0.0084524
0.0049645
0.0085057
-0.0090203
-0.0006157
-0.0028505
0.0067777
0.0060284
0.0016562
-0.007231
0.0095404
0.0090772
0.0044476
-0.0034155
0.0022847
-0.0084991
-0.004955
-0.0099126
-0.009492
-0.0086248
-0.0006261
0.0044662
0.0053377
0.0040544
-8.9e-6
0.001654
-0.0095328
0.0057245
0.0097965
-0.0058101
0.0079259
-0.0090963
-0.0059864
-0.0074652
-0.002671
-0.0030298
-0.0037376
-0.0042874
-0.0028242
-0.0064417
-0.0066837
0.0082022
-0.0080073
0.0049574
-0.0042485
-0.0087903
0.0083957
-0.009489
0.0064899
0.0036464
-0.0050607
0.0087355
0.00136
0.0076747
0.0032321
-0.0016877
-0.0024458
-0.0050295
-0.0013781
0.0032728
0.0015595
-0.0065612
0.0022585
-0.0053557
-0.0012434
0.0045694
-0.008304
-0.0066056
-0.001092
0.0011801
-0.0092275
0.0066977
