0.0096616
-0.0002741
-0.0070629
0.0061813
-0.0084869
-1.1e-6
0.007364
-0.0058211
0.0084776
0.0094559
-0.004333
0.008775
0.0071157
0.0022815
-0.0021405
-0.0077628
0.0066641
0.0020155
-0.002588
0.0094617
-0.0085605
-0.0031861
-0.0084094
-0.0071483
0.0054332
-0.0022382
-0.0059091
0.0084453
0.0088548
0.0060941
0.0072548
-0.0031629
0.009555
0.0020991
-0.005206
-0.0004229
0.008219
0.0019977
-0.002988
0.0050141
0.0044485
-0.0064535
-0.0067451
0.0090614
-0.0089356
-0.0092802
0.0025924
0.0092227
0.0094205
-0.0057839
-0.0026385
0.0009917
0.0044839
0.0055142
0.00078
0.0095705
0.0058007
0.0046671
-0.0033235
0.0013913
0.0031521
0.00574
-0.009868
0.0010133
-0.0036328
-0.007079
0.0091992
-0.0077266
-0.0082235
0.0049826
0.0027658
-0.0058407
-0.0053719
0.0089778
0.001407
0.0027634
0.0012815
-0.0031717
-0.0047288
-0.0070366
-0.0037768
0.0039154
0.0074996
0.0055222
-0.0051243
0.0021929
-0.0088786
-0.0031161
0.003368
-0.0018089
0.0080038
-0.0047071
-0.0037146
-0.0082032
4.24e-5
-0.0090155
0.0093702
0.0055883
0.0063958
0.0099541
-0.0066955
0.0060487
0.0059257
-0.0093897
-0.0082754
-0.0040928
-0.003067
-0.0026751
0.0037579
0.0095229
0.0036048
0.0094951
0.0019027
0.0056016
0.0030924
0.0057911
-0.0079188
0.0003725
-0.0014697
0.0067219
-0.0041796
-0.0009289
0.0005579
9.88e-5
-0.0069635
0.0031643
0.0032368
0.0007234
-0.0067858
-0.0072627
-0.0004339
0.0065366
-0.0075007
-0.0084018
-0.0018277
-0.0052561
0.0026939
0.0044486
0.0042332
-0.0057679
-0.0039734
-0.008915
-0.0028097
0.0019514
0.0071218
0.0041911
-0.008694
0.0058355
-0.00617
0.0046583
-0.002442
0.0012843
-0.007419
0.0038541
-0.0006582
-0.0093135
-0.0005804
0.0077154
0.0074742
0.0069129
0.0041503
0.0046149
0.0078349
0.00309
-0.0074382
0.0027466
0.0001428
0.0060674
-0.0082884
-0.0091743
-0.0054854
-0.0022467
0.0001074
0.0065974
0.0083334
0.00015
0.0004119
-0.0085534
0.0037262
0.0079433
-0.0015688
-0.0037816
0.0026052
-0.0085867
0.0061968
-0.0093235
-0.0076982
-0.0043489
0.0005294
-0.0086837
-0.002237
0.0059649
-0.0046494
-0.0001298
-0.0084085
-0.007441
0.0034113
0.006998
0.0069414
-0.0062373
-0.0008435
0.0047956
0.0042691
0.0029066
-0.0004425
0.0056784
0.0073357
-0.0035493
-0.0034501
0.0046836
0.0001659
-0.0092138
-0.0071636
0.0094866
0.0098772
-0.0067696
3.6e-5
0.0014666
0.0092301
0.0031866
0.0012174
-0.0063766
-0.0085045
0.0039041
-0.0051744
-0.0016946
0.0042832
-0.0090857
0.0050009
-0.0021132
0.0097928
0.009527
0.0052374
-0.0064606
0.0084054
0.0074115
0.007123
0.0061715
-0.0095863
0.0039564
0.0064891
-0.0037491
0.0089369
-0.005645
0.007555
0.0061682
0.0024926
-0.0083861
0.0042836
-0.005594
-0.0099286
0.0063844
0.0010951
-0.0070422
0.0056616
-0.0048214
-0.0032463
-0.0055391
-0.0015899
-0.0097353
-0.0057269
-0.0053372
-0.0034718
0.0081057
-0.0037002
0.008196
-0.0094052
-0.0097855
-0.004881
-0.0026721
0.006692
0.0026109
-0.0080436
-0.0016296
-0.0054884
-0.007888
0.0085747
0.0017142
0.0045943
0.0089693
0.0089146
-0.0052538
-0.0063663
0.0007995
0.0016975
0.0058789
0.0087611
-0.0066689
0.0022036
0.0034764
0.0021138
0.0077589
0.0039911
0.0004984
-0.0087524
-0.0031239
0.0061718
0.0067194
0.0059934
0.0099835
0.0090609
0.0013413
0.0018409
-0.0055414
-0.0066952
-0.0062526
0.0016278
0.0034136
-0.0037463
-0.0091675
0.0012575
-0.0013761
0.0030956
-0.0075676
-0.0062557
0.0090115
-0.0084885
-0.0008944
0.0047307
-0.0071369
0.0057415
-0.005904
-0.0053739
-0.0095593
-0.0099755
-0.0076314
0.005433
0.0094964
-0.0006218
0.0045647
0.0055214
0.0012375
-0.0096392
-0.0045008
0.0081563
0.0055471
0.0008988
0.003286
0.0020521
-0.0099923
0.005703
-0.0076724
-0.0041066
-0.0055743
0.0018235
-0.006296
-0.007319
-0.0038419
0.0001506
-0.0090559
-0.0026075
-0.0047538
0.004861
-0.0092074
-0.0072036
0.0031002
-0.0083814
-0.0039882
-0.0013488
-0.006781
-0.0049417
-0.0052517
0.0093124
0.0030186
0.0090339
0.0008047
-0.000794
-0.0041265
-0.0017683
-0.00417
0.0099873
-0.0085866
0.0020181
-0.0061823
-0.0004992
0.0046249
0.0001459
0.0065502
-0.0038548
0.0001305
0.0012221
-0.0010729
0.0019511
0.0076676
0.0036902
-0.0047676
-0.0074293
-0.0063817
0.0015687
0.0007382
-0.0091881
0.0035696
-0.0077312
-0.0093358
0.0032591
-0.0042789
-0.0050406
0.0037235
-0.0039304
0.0019553
0.0054256
-0.0052355
0.0075484
-0.0061169
0.0051293
0.0008652
-0.008315
-0.0005839
-0.0058347
0.001079
-0.0022394
-0.0046181
-0.0058929
0.0027428
-0.002152
0.0050134
0.008306
0.0018136
-0.0072421
-0.0026421
-0.0045801
0.0005658
-0.0050536
-0.0069304
0.0027946
0.0085374
0.0085778
-0.0097341
-0.0061658
8.37e-5
-0.0096994
0.0033104
0.0080856
0.0070344
-0.0012246
-0.0023464
0.0014449
-0.0047253
0.0031408
-0.0031355
0.008166
-0.0038957
0.0086185
-0.0027973
0.0095112
-0.0036876
-0.0077571
-0.0047593
-0.00706
0.0010581
-0.0001572
0.0051284
-0.0068341
0.0057636
-0.0067921
-0.006008
-0.003931
0.0007334
0.0098882
0.0063238
-0.0023603
-0.0011635
-0.0019094
-0.0016316
0.0044115
0.0012256
-0.0027661
-0.0008234
0.0007053
0.0064616
-0.0071296
-0.0022948
-0.0056126
-0.0089141
-0.0093807
0.0058356
-0.0053346
-0.0057188
0.003174
0.0086578
-0.001938
0.0041328
-0.0017265
-0.0010741
-0.0084175
-0.0060983
-0.0051379
0.0018132
0.0022705
0.0050906
0.0093977
-0.0065972
-0.0003676
-0.0004929
0.0077635
