-0.0028642
0.008659
-0.004757
-0.0003582
0.0037348
-0.0087981
-0.0094619
-0.0062052
-0.002343
-0.0076161
-0.0016655
0.0040204
-0.0011448
-0.009221
0.005943
0.0030245
-0.0054144
0.0099703
-0.0032748
0.0095907
0.0053226
0.0083198
0.0001473
0.0059093
0.0046881
-0.0039196
0.0013465
0.0084702
0.008336
-0.0026088
0.0059456
-0.0070486
-0.0034065
-0.0059091
-0.0047058
-0.0096252
-0.0010425
0.0049463
-0.0012694
-0.0098687
-0.0032106
0.006988
0.0054442
0.0046116
0.0018429
-0.0019768
0.0083364
-0.0092042
0.0083896
0.0084762
0.0095752
0.0067559
-0.004446
0.0010589
0.0023297
0.0069601
0.0099183
-0.0089405
-0.0090731
0.0037648
-0.0018409
0.0041993
0.0044286
0.0038288
-0.0091098
0.0042864
0.0033724
0.0004347
-0.003352
0.0044442
0.0053481
0.0060576
-0.0072555
-0.0044258
-0.0085398
0.0048356
0.0004133
0.0093866
-0.0003286
-0.0055648
-0.0001155
-0.0085191
-0.0042119
-0.0098893
-0.0036021
0.0066753
-0.0027062
0.0072545
0.0042206
0.0071688
0.0014711
0.0015814
-0.0069248
-0.0019731
-0.0092004
0.0059861
0.0067777
-0.0098097
-0.009869
-0.000609
0.000103
0.0076129
0.0058787
0.0011705
-0.0093418
0.0048151
-0.001187
0.0066423
-0.004454
0.0019937
0.0029318
0.0074991
0.0038542
0.0023464
0.0005677
0.0072058
-0.0057303
0.006994
-0.008231
-0.0035055
-0.0020279
0.0074846
-0.0004203
0.0057358
0.0087
-0.004446
-0.0042624
-0.0011377
-0.0081057
-0.0027944
0.0043569
0.0099634
-0.008697
0.0074743
-0.0028758
-0.0016852
0.0077033
-0.0077963
-0.0028162
-0.001032
-0.0066733
0.0083846
0.009592
0.0086455
-0.0070201
0.0006477
0.005362
0.0038518
-0.0062262
-0.0099874
0.0080615
-0.0078927
0.0001323
0.0005202
0.0025653
0.0061364
-0.0096615
0.005288
-0.0071707
-0.0093679
0.0040057
0.0009197
-0.0021391
-0.0047213
-0.0064914
0.0038764
-0.0042317
-0.0089193
-0.0089585
0.0042501
-0.0074846
0.0053869
0.0018963
0.0091494
-0.0080885
0.003443
-0.0087412
0.0097833
0.0025903
-0.0013801
-0.0003821
0.0030469
0.0019541
0.0078616
0.0056058
-0.0010386
-0.0015008
-5.58e-5
0.0083988
-0.0023937
-0.0011233
-0.0050877
0.0071742
-0.0093394
-0.0042126
0.0031022
0.0083325
-0.0015023
-0.000259
0.0065448
-0.0049089
-0.0012409
-0.0009185
0.0086333
-0.0008452
-0.0002622
-0.0089173
-0.0026261
-0.0096819
-0.0033741
0.0017211
-0.0064629
0.0031841
-0.0054856
0.0083416
-0.0080336
-0.0026949
0.0025005
0.0012216
0.0030497
0.0097294
0.007855
-0.0079454
0.0059374
-0.0008979
-0.0040105
0.0048622
-0.0022617
0.0074215
-0.0025824
0.0051766
-0.0003133
-0.0045372
0.0037409
0.0037795
-0.0091
-0.0023437
-0.0010308
-0.0066837
-0.0006471
-0.0094301
-0.0017111
-0.0022497
0.0087447
0.0057631
-0.0006322
-0.0080731
-0.0079542
0.0036679
-0.000677
0.0091995
-0.002388
0.0025128
-0.0037579
-0.00711
-0.0079427
0.0038883
-0.0021562
0.0087998
0.009821
-0.005708
0.0016911
0.0083271
-0.00985
0.0060483
0.0073615
0.005226
-0.0056032
0.0021099
-0.0020384
0.0015922
-0.0054793
-0.0091302
0.0030467
0.0095864
0.0044131
-0.0020353
-1.69e-5
0.0014255
0.0034168
0.009775
-0.0027466
0.0050644
-0.0041995
0.0001166
0.0055747
-0.0091548
-0.0076227
-0.0042596
-0.0069655
0.0030528
-0.004418
-0.0028043
0.0028085
0.0004832
-0.0087985
-0.0022117
0.001975
0.003117
-0.0011534
0.0066539
-0.001978
0.0088193
0.0002813
-0.0049192
0.0036339
-0.0018477
-0.0047423
0.0011928
-0.0049839
-0.005543
-0.0078122
-0.0033337
-0.0090435
0.0023633
-0.0048055
0.0061531
0.0049324
-0.0098767
0.0011892
0.0007418
-0.0035189
-0.0066912
0.000589
0.0002892
0.0087541
-0.0027388
-0.0022795
-0.0090793
0.0024895
-0.0013502
0.0073818
-0.0076625
-0.0080679
-0.0038552
0.0069093
0.0033265
-0.000372
0.0049802
-0.0017807
0.000309
0.0014446
-0.0023043
0.0080485
-0.0070115
-0.0035027
-0.0090385
-0.0073959
-0.0096892
0.0099647
0.0043746
0.004816
-0.009821
0.0008999
-0.0070403
0.0033205
-0.0044154
0.0090505
-0.0095398
0.0064663
-0.0021237
-0.0054703
-0.0023728
-0.0026071
-0.0054523
0.004976
0.0021656
-0.0076585
-0.0074904
0.0003987
0.0013609
0.0011914
-0.0025727
0.0046174
-0.0091456
0.0062196
0.0061289
0.0044865
-0.0057658
-0.0067174
0.008897
-0.0012147
-0.0063655
0.0098917
0.0041347
-4.0e-7
-0.0091292
-0.0096242
-0.004392
0.0088162
-0.0062759
-0.0033731
0.0010157
-0.0081283
-0.0089216
0.0082691
-0.0059264
0.0089657
-0.0008982
-0.0026802
0.0018017
-0.0028004
-0.0065875
-0.0073351
-0.0034403
-0.0050316
-0.0059546
-0.0009798
-0.0024184
0.0003386
-0.004101
-0.0050424
0.00668
-0.003423
0.0019923
-0.0042109
-0.0056973
-0.0029697
0.0041192
0.0029505
0.0062548
0.0033614
-0.0040634
0.003229
-0.004173
0.0034406
0.0022405
-0.0033453
0.0084988
0.0018799
0.0089687
6.9e-5
-0.0053536
-0.0047085
-0.0082967
-0.0012569
0.0095589
0.0004881
0.0076338
0.0083594
0.0073071
-0.0072848
0.000663
0.0024374
0.0017185
-5.82e-5
-0.0097222
0.0071723
-0.0086619
-0.0016903
0.0019931
0.0006333
-0.0021435
0.009174
-0.005574
-0.0072785
0.0082795
0.0039662
0.0060299
-0.0037036
0.0037319
0.0077485
-0.0056815
-0.0062363
-0.0047892
0.0087809
-0.0012467
0.0043166
-0.0073233
0.0005499
-0.0054942
-0.0055777
-0.0009986
0.0034631
0.0042436
0.0041025
-0.0075098
-0.0069604
0.0006971
0.005664
0.0045675
-0.0008686
-0.0096617
0.0060464
-0.0068804
-0.005754
-0.0096356
-0.0094268
-0.0060975
-0.0013571
0.0013172
-0.005675
0.0036723
0.0004243
-0.0030377
