-0.0035608
-0.0007818
0.0041856
0.0063691
-0.0007762
-0.0014468
0.0050923
-0.0008391
-0.0042957
0.0093965
-0.0030749
-0.008656
-0.0039241
0.0079007
-0.0001195
-0.0049197
-0.0094052
-0.0004107
0.0088094
-0.0040473
0.0049551
-0.0056428
-0.0026421
-0.0042404
-0.0078778
-0.0034013
0.0093847
0.0082902
0.007142
-0.0049089
-0.0095455
0.0028239
0.0078208
-0.0089638
-0.0036558
-0.0058416
0.0062227
-0.006483
-0.0031787
-0.0054609
-0.0074355
0.0056102
0.0080091
4.42e-5
-0.0014686
0.0041193
-0.0014212
0.0023818
0.0002388
0.0085185
-0.0012913
0.0073036
0.002475
-0.0084112
0.0026264
-0.0018342
-0.0029563
-0.0074619
-0.0002131
-0.0051021
0.0061562
-0.0068277
-0.0089388
-0.0043233
0.0093428
0.0003809
-0.0080411
-0.0063265
0.009605
0.0016415
0.0080361
0.0006631
-0.001868
0.000842
0.0085989
-0.000356
0.0093305
-0.0075423
0.0055392
-0.0070255
0.0098946
-0.004267
-0.0083248
-0.0047629
-0.0094506
0.0042683
-0.0061366
0.0093106
0.0071554
0.003453
-3.35e-5
0.0013872
-0.0096946
0.0039892
0.0016152
0.0028981
-0.0020196
0.0063429
-0.0080327
0.0059427
-0.0068919
-0.0071225
0.0079935
-0.0042069
0.0053995
0.0068286
0.0067461
-0.002364
-0.007951
0.0043373
-0.0009131
0.0005902
-0.0009287
0.0076558
0.0087695
0.0068134
0.0051546
-0.0032491
0.0028484
-0.0096893
0.0013984
0.0003417
0.0041478
-0.0016577
0.0036816
0.001857
0.0092138
-0.0001883
0.0041102
-0.0055119
0.0035818
0.0035086
0.0060932
0.0048862
-0.0040383
-0.0019401
0.0031561
0.0007975
-0.0056835
-0.0051332
0.0058383
0.0064731
0.004419
-0.0029279
0.0051552
0.001774
0.0020063
-0.006156
-0.0073205
0.0026331
0.0039664
0.0074654
0.0005813
0.0077441
0.0077686
-0.0064348
-0.0099421
-0.007849
0.0095709
0.0048546
-0.0063278
0.0072717
-0.0046345
0.0050051
-0.0086888
0.0024042
0.0064449
-0.0008898
0.002544
-0.0084976
-0.0015986
-0.0028247
-0.0094277
0.0099593
-0.0099605
0.0031571
0.0022034
0.0041657
0.0062342
-0.0034714
-0.0009694
0.0070753
-0.0058191
-0.0049116
0.0057082
0.0033574
-0.003691
0.0071939
-0.0072273
-0.0048997
-0.0078977
-0.00441
0.0078215
-0.0073971
0.0098275
0.0038742
0.0031819
0.0041463
0.005559
0.0021683
-0.0072791
0.0066993
0.0017492
0.0076591
0.0067359
0.0030632
0.0093214
0.0055639
0.0060058
0.0093512
-0.009188
0.0087166
-0.0022652
-0.0036097
0.0037851
-0.0013042
0.0092902
-0.008563
0.007479
-0.002325
0.0097912
0.005209
0.0018569
-0.0059564
0.0024917
0.0085135
-0.0030702
-0.0089982
-0.0068949
0.0068287
-0.0059336
0.0035837
-0.006844
0.0062902
0.0074149
0.0064211
0.0039625
0.0081644
0.0057445
0.0028408
-0.004266
-0.0091944
-0.0067063
0.005649
0.0076136
-0.0024184
-0.0079171
-0.0010332
0.0004088
0.0016813
0.0066141
0.0033003
0.0030044
0.0065348
-0.0088383
-0.0042247
-0.0062661
0.0001494
0.0094201
-0.007726
0.0097165
-0.0029029
0.0080196
0.0022735
0.0075014
0.0020214
-0.0025395
0.0028323
0.0089398
-0.0079015
-0.005176
0.0098555
0.0066744
-0.0012007
-0.0015502
0.0074402
0.0039372
0.0024849
-0.0030509
-0.0091122
-0.0082034
-0.0098371
0.0079313
0.0084451
-0.0046116
0.0077962
0.0012339
0.0035258
-0.0018906
-0.0027331
0.0050431
-0.000578
-0.00999
-0.0078761
-0.0032075
0.0095573
0.0092806
0.0089654
-0.0017425
0.0066193
0.0057818
-0.0019891
0.0065289
-0.0006746
0.0040057
-0.0027577
0.0084838
0.0016149
-0.0016011
0.0036488
0.0039211
0.0055692
-0.0044469
-0.0080035
-0.0096573
-0.0033348
0.0051171
-0.0016702
-0.0031795
-0.0042817
-0.0004713
-0.0061087
-0.0045892
-0.0049846
-6.53e-5
-0.0030347
-0.0032251
-0.0003002
-0.0068683
-0.0089604
0.0061943
-0.0085636
-0.0005144
0.0076122
-0.003702
0.0026781
0.0055232
0.0002544
-0.0005542
0.0036597
0.0016608
0.0008476
-0.0062061
0.0032682
0.0059707
0.0017834
-0.0044112
0.0084023
-0.0063194
0.0063833
-0.0017729
-0.0032175
0.0080136
-0.005505
-0.0066614
0.00296
0.0078644
0.0024688
0.0080107
-0.0087027
0.0005576
-0.0069177
-0.0023775
-0.0021401
0.0060755
0.0053923
0.0038009
-0.0042339
0.0006191
0.0070605
0.0043078
-0.0090493
-0.0063041
-0.0016585
0.0006254
0.0001738
-0.0031799
0.0027091
-0.0027158
0.0016949
0.0060237
0.0055524
-0.0014768
0.0079359
-0.0069869
-0.0092262
0.000823
0.0026375
0.0090299
0.0038532
0.0065768
-0.0044716
0.0089386
-0.0016472
-0.0022483
-0.0045563
0.0099444
-0.0011706
-0.0008372
-0.0059927
-0.0040959
0.0050236
-0.0024649
0.0011057
-0.0034155
-0.0011223
-0.0027239
0.0081543
0.0056962
0.0054198
0.0067607
-0.0006396
-0.0071513
-0.009459
-0.0028675
0.0088733
-0.0072218
0.0060843
0.0043085
-0.0011851
0.0064434
-0.002933
-0.0053461
0.0027429
0.0082463
0.0017233
-0.0094728
-0.0016206
-0.0040889
0.0075326
0.0042135
-0.0059004
-0.0012607
-0.0086427
0.0015488
0.0021004
0.0081476
0.0058912
-0.0040775
-0.0032316
-0.0064874
0.0031312
-0.0025413
-0.0049146
0.0044159
0.0072915
-0.0052269
-0.0032447
0.0039544
0.0049154
-0.00222
0.0060738
-0.0041638
-0.003379
0.0035122
-0.0029346
5.79e-5
0.0082734
0.0033074
0.0057132
0.002991
0.000737
-0.0094788
-0.0034579
-0.0031405
-0.0040736
-0.0020567
-0.0086719
0.0050042
0.0070899
-0.0011363
-0.0049172
0.0073753
0.0002922
0.003778
0.0037899
0.0024338
0.0096877
-0.0082543
-0.0003697
0.0004167
0.0089667
0.0039736
-0.004662
-0.0030708
0.0078102
-0.0075467
-0.0020566
0.0021798
0.0071369
0.0093627
-0.0080025
-0.007457
-0.0067652
-0.0082153
