0.006391
-0.0015094
-0.0013019
0.0099675
-0.0079125
0.0044191
0.0013811
0.0055683
0.0099273
-0.006302
-0.0086172
0.0019816
-0.0085872
0.0066795
0.0093716
0.007984
0.0050309
-0.0076509
-0.0007318
-0.0038809
-0.0056795
-0.0096617
0.0080299
-0.0076506
0.0047731
0.0010543
-0.0054973
-0.0015322
-0.0088386
-0.0066155
0.0045875
-0.0001047
-0.0023926
-0.0047018
0.009319
-0.0047884
0.0044232
-0.0038362
0.0034003
-0.0021492
0.0059436
0.0020665
-0.0028796
0.0064017
-0.0096003
-0.0066553
-0.0007802
0.0041165
-0.0008094
-0.0097293
-0.0092778
0.0029765
0.0067867
-0.0074052
-0.0070194
-0.0071932
-0.0050759
0.0050745
0.0049123
-0.0072569
-0.0017311
-0.0010868
-0.0024912
-0.0092914
-0.0083319
0.0061599
0.0028963
-0.0010392
0.0061793
-0.0015618
1.14e-5
0.0050147
-0.0074178
0.0091345
-0.0088974
-0.0017761
-0.0087708
-0.0084275
0.0063858
0.0017582
-0.0071372
0.0058919
-0.0062242
-0.0061099
0.001324
-0.0052901
-0.0093513
0.0036466
-0.0094298
0.0018097
-0.007521
-0.0028497
0.0090233
0.0014427
0.0053985
0.0001491
0.0080872
0.0078576
0.0085803
-0.0014218
-0.0032127
0.0095063
-0.0065151
0.00049
-0.0078192
0.0040891
4.49e-5
0.0086057
-0.0062586
0.000889
-0.001507
-0.0035712
-0.0072951
-0.0054053
0.0077971
0.0046005
0.0085669
0.0047783
-0.0005015
0.0075725
-0.0036284
-0.003963
0.0037954
-0.0068617
-0.0086711
-0.0058617
-0.0088009
0.0062572
-0.0009594
-0.0011654
-0.006905
0.0066073
0.0068239
0.0028909
-1.84e-5
-0.0024651
-0.0036375
0.0010534
0.0031042
-0.0042386
-0.0088961
-0.0026238
0.0018595
-0.0095604
-0.0079719
0.004943
-0.0062887
0.0075054
0.0043842
-0.002473
0.0052598
0.0043512
0.000407
0.0022369
0.0008338
-0.0004246
0.0031991
0.0032346
0.0011965
-0.0029575
0.0054915
0.0002742
-0.0060172
-0.0039419
-0.0051144
0.0017337
0.0073661
-0.003861
0.0069539
-0.0015974
-0.0024634
0.0080693
-0.0043774
0.0029461
-0.008256
0.0020456
-0.0067891
0.0016125
-0.0018565
0.0045102
0.0073236
0.0071698
-0.0071862
0.0095408
0.0020877
0.0086087
-0.00871
-0.0009119
0.0058478
0.0045195
-0.0062792
-0.0030919
0.0014435
-0.009841
-0.00074
0.0070376
0.0089263
-0.0015265
-0.0035309
-0.0024065
0.0096995
0.0021348
-0.006745
-0.0039639
0.0019119
0.0083728
0.0003001
-0.0052087
-0.0079905
0.0006083
-0.0013686
0.0056535
-0.0068001
0.003549
-0.0068714
-0.0078913
0.0070239
0.0087702
-0.0069444
0.0065342
0.0019426
0.0035409
-0.006275
-0.0030439
0.0047196
0.0027495
-0.0008427
-0.0070562
-0.0077245
-0.0046071
-0.0049701
-0.0011953
-0.0033667
0.0037161
-0.0033635
-0.0002788
0.0075012
-0.0027438
0.0088989
0.0015125
0.0001809
0.0036778
-0.0082596
-0.0096881
0.0062025
-0.0093743
0.0069785
-0.0093439
0.005131
-0.0052121
-0.005889
0.0070178
-0.0086103
0.0059515
-0.0062687
-0.0058011
-0.0079429
-0.0026699
-0.0047522
0.0013636
0.0001849
-0.0065244
-0.0018999
-0.0077843
0.0043222
0.0035076
0.0098839
-0.0001239
-0.007643
-0.0098962
-0.0087551
-0.0033469
-0.0085735
0.0070802
0.0063776
0.0045397
0.0020644
0.0050896
0.0009703
-0.0030453
0.0071693
-0.0053077
0.0006826
-0.0069304
-8.17e-5
-0.0047369
-0.0046479
-0.0034142
-0.0072598
-0.0024766
0.0022892
-0.0081656
0.0096034
0.0056807
-0.0015297
-0.0072046
-0.0065974
-0.0062727
0.0004875
-0.0071995
0.0013535
0.0051193
0.0033235
-0.0045306
-0.0049969
0.0045955
0.0099112
-0.0023312
-0.0083683
0.0088256
-0.006277
-0.007227
-0.0075038
-0.0084107
-0.0046282
-0.003618
-0.0061468
0.006892
-0.0060528
0.0033524
-0.0045177
0.0037444
-0.0066411
-0.0073352
-0.0019302
-0.0029044
-0.0004258
-0.0004095
-0.0057593
0.0027902
-0.000701
-0.0062001
-0.0049706
0.002764
-0.0044153
0.0075288
0.0037883
-0.0050421
-0.0049445
-0.0052354
-0.0025001
0.0056798
-0.0048512
-0.0065174
-0.0077604
0.0021589
0.004068
-0.0062278
-0.0070986
-0.007811
0.0062389
-0.0051344
0.0016596
0.0076181
-0.0062576
0.0030247
0.0014327
0.0002564
-0.0007052
-0.0026252
0.0096646
-0.004541
0.0083669
-0.003861
-0.0094892
0.0024248
-0.0066794
-0.0047391
0.001773
0.0035677
0.0036284
-0.0045135
0.0035736
0.0009207
-0.006255
-0.0035042
0.0027686
-0.0020595
0.0080092
-0.0095126
-0.0096818
0.0017305
0.001644
0.0098675
0.003002
-0.009821
0.0007709
-0.0098581
-0.0043843
0.0089814
-0.0023214
-0.0081891
-0.0035657
0.006293
-0.0067784
-0.0096056
0.0087268
0.004584
0.008253
-0.0049023
-0.0049364
-0.0062727
0.0027793
-0.0088487
-0.0045308
0.0084299
-0.0039347
0.001846
-0.0030201
0.0010783
-0.0032603
-0.0028415
0.004753
0.0053304
0.0007468
-0.0009585
-0.0092319
0.0021529
0.0043105
-0.0005074
0.007787
0.0038248
-0.0046535
0.0040131
0.0022817
0.0016669
-0.004015
0.0032239
-0.0050229
-0.0084669
-0.0090358
-0.0051828
-0.0042444
0.0075953
0.0054249
-0.0046786
-0.0066125
-0.0077306
0.0089928
-0.0006473
-0.0017996
0.0041833
-0.0047214
0.0095101
-0.005062
0.0011822
0.0065391
-0.0076798
0.0088961
0.0010022
0.0057699
-0.0083535
0.0034823
0.0072245
0.0084725
-0.0014104
0.0032943
0.0073186
0.0030041
-0.0056874
0.0053634
-0.0099596
-0.0074089
-0.0064701
-0.0046855
-0.0006331
-0.0063399
-0.0052933
0.0065637
-0.0037015
-0.0039865
-0.0086428
-0.0038311
0.0079924
0.0025661
-0.0041631
-0.0059691
0.0024552
-0.004356
-0.0002136
0.0026022
0.0020969
0.00926
0.0047192
0.0075516
0.0014985
0.0079937
0.0003551
-0.0025954
0.009403
0.0045596
0.0073685
0.0019406
-0.0027578
-0.0033181
