0.0079506
-0.0070751
0.0076142
0.0070372
0.0080318
0.0059594
-0.0092486
0.0058925
-0.0099855
0.0074213
-0.0099989
0.0003094
-0.0035315
0.008143
0.0067389
0.004896
0.0076154
0.0003222
0.0026182
0.0078021
-0.0056696
0.0087849
0.0028833
-0.0032039
0.0013003
-0.0016389
-0.0063537
0.005092
0.0006581
-0.0039854
-0.0060887
0.0096984
0.00321
0.0050692
0.0065394
-0.0005007
-0.0007997
-0.0089091
-0.0053599
0.006342
-0.0091292
0.0084324
-0.0071439
0.0005833
-0.0050815
-0.0014323
0.0064631
-0.0046425
0.0093596
0.0002192
0.0066786
0.0019458
0.0013575
-0.0096052
-0.0016511
0.0021261
0.0017243
-0.0098836
-0.0015656
-0.0037914
-0.0021602
0.0009075
0.0020686
-0.0074615
-0.0048033
-0.0018758
-0.0092886
0.0094547
0.0042809
0.0015084
-0.0061074
0.0043996
-0.0033853
0.0069679
0.0034652
0.0014009
-0.0007983
-0.0059154
0.008454
-0.0029369
-0.0062057
0.0059348
0.000302
0.0011655
0.0047568
-0.0088179
0.002751
-0.0088025
0.0002214
-0.0028623
-0.0001696
-0.0080374
0.0031071
0.0024403
-0.0017478
-0.0068061
-0.0086434
0.0057673
0.0021272
-0.0085553
-0.0074657
-0.0001267
-0.0037208
0.0006205
-0.0008631
-0.0099621
0.0026367
-0.0018369
0.0033972
0.0088776
-0.0006355
-0.0055933
-0.0042258
0.0050829
0.0018945
-0.0011377
-0.0077807
0.0032088
-0.0062989
-0.0040939
0.0095446
0.0070638
-0.0059055
0.0055994
-0.0026904
-0.0071014
0.0012465
0.0064584
-0.0013086
0.0055444
0.0005847
0.0091028
0.0039756
-0.0029819
0.007599
-0.0088828
0.0089058
0.0076749
-0.001107
0.0078384
-0.002136
0.0069278
-0.0081143
0.0023599
-0.0032444
0.0030219
-1.72e-5
0.0010558
-0.0016191
0.0089596
-0.0018635
-0.0013382
-0.0082817
-0.0061085
0.0064538
-0.0065747
0.0038312
0.0038177
-0.0066724
0.0027687
0.0060567
0.0002449
0.0084451
-0.0085152
0.00906
-0.0012066
0.0088875
0.0086113
-0.00447
-0.002344
0.0029164
-0.0094437
-0.0084538
-0.0036664
0.0042557
-0.0073555
1.27e-5
0.0043399
0.0065836
0.0005411
-0.0051384
0.0037457
0.0044255
-0.0057021
-0.0055976
-0.007647
-0.0098141
-0.0025043
-0.0045877
-0.005611
0.008387
0.001491
0.0092708
0.0010065
-0.0068691
0.0050117
-0.009011
0.0078463
-0.0030618
-0.0038839
-0.0018703
-0.0063543
-0.0096851
-0.0092327
-0.0006449
-0.0043269
-0.0007624
0.0061488
-0.0051222
-0.0054708
0.0033566
-0.0034356
0.0082447
-0.0030663
-0.0083896
-0.007442
0.0059924
-0.0074655
0.008177
-0.0006742
-0.0067765
0.0068628
0.007845
-0.0058467
0.0033864
-0.0099331
0.0002557
-0.0008384
-0.0027467
-0.0086465
-0.0024145
0.0078609
-0.0058324
-0.0025641
0.0091142
0.0077515
-0.0080786
-0.0013209
0.0065123
0.009055
0.0037504
-0.0074811
0.006723
0.0050458
-0.0052843
0.0050216
-0.0020805
-0.0033953
0.0040967
0.0099947
0.000272
0.0020491
-0.0075214
0.0017039
-0.0057434
-0.0011499
0.0098766
-0.0033694
0.0010698
0.0095351
0.0094073
-0.0064931
0.0058614
-0.0043419
0.0087739
0.0007795
-0.009088
0.0013448
-0.0054974
0.0033455
-0.0011606
-0.0079002
0.0004433
-0.0011594
-0.0013283
-0.0056303
-0.0037972
0.0076552
0.0007431
-0.0018304
0.0038341
-0.0069208
0.0051368
0.0049458
-0.0088367
-0.0072601
-0.0014417
-0.0069856
-0.0048361
0.003223
-0.0085142
-0.000919
-0.0016887
0.0078876
-0.003278
-0.0054044
0.0091648
0.0077304
-0.0060319
-0.0055933
0.006222
-0.0003014
-0.0002332
0.0044961
-0.0077897
-0.0047948
0.0086653
-0.003975
0.0067854
-0.0018565
-0.0045653
0.0014393
-0.0067818
0.0059491
-0.0060592
0.0032483
0.0046486
0.0043841
0.007989
0.0023225
0.0039147
-0.0045247
-0.0089132
-0.0005882
-0.0070523
-0.009882
0.0070454
-0.0018891
-0.0061707
0.0088278
0.0041191
0.0051405
-0.0071033
-0.0068503
0.0032882
-0.003048
-0.0088419
0.0032511
0.0051429
-0.0034309
0.0054826
0.0088017
0.0058499
0.0044139
0.0031793
0.0030392
-0.0085328
-0.0001491
9.31e-5
0.0014034
0.0093145
0.0062307
-0.0080347
-0.0058821
-0.0089455
-0.0013474
-0.0017751
-0.0081037
-0.0048591
0.0057711
-0.0010543
0.0057931
0.007468
0.0082887
-0.0052449
-0.0095838
0.0006835
0.0010446
-0.0071179
0.0067751
0.0010391
-0.0050406
-0.0052462
-0.0019925
0.0041677
-0.0037087
-0.0049514
0.0086256
-0.0063407
0.0046349
0.007874
-0.0084241
-0.0033951
0.0073272
-0.0037627
0.0020897
0.0053847
-0.008663
0.0083071
0.0076654
-0.0012083
0.0084595
-0.0002323
0.0007246
0.0038052
0.006216
-0.0032593
-0.0063632
-0.0061806
0.0073263
0.0067341
0.0023531
-0.008744
-0.0078908
0.0033676
-0.0058003
0.0080162
-0.005229
-0.0038814
-0.0059462
-0.0094985
-0.0096498
0.0025949
0.0063458
-0.0098383
0.0036114
0.0081086
-0.0057301
0.0087183
-0.0049489
0.0045898
0.0096118
0.0033381
0.0024219
-0.0036375
0.0041321
-0.0038637
0.0026126
-0.0090203
-0.0004651
0.000733
0.0010598
0.0069493
-0.0050584
0.006483
0.0044501
-0.0065446
-0.0024069
0.0056668
0.0011928
0.0022036
0.0024902
0.0004746
-0.0083968
-0.0065105
-0.0058126
-0.0018634
0.0053728
-0.0013145
-0.0041954
-0.0056949
0.0066527
0.0093944
0.002783
-0.0034177
0.0038622
-0.0057486
0.0041302
0.0058394
-0.0095001
-0.0014773
-0.0039016
0.0073369
-0.0056064
0.0081947
-0.0030668
-0.0018575
0.0052303
-0.007869
0.0077072
-0.0035947
-0.0006207
0.0089648
-0.0072422
-0.0034781
-0.0016751
0.0059568
0.0058278
0.0071248
-0.0062832
-0.0079721
0.0003127
-0.0025792
0.0058363
0.0065552
0.0058184
-0.0089648
-0.0071682
-0.0063102
0.0007495
0.0036095
0.0008195
-0.0027933
-0.0080246
0.0054581
