-0.0040634
0.0099244
-0.0081885
-0.004825
-0.0022911
0.0030311
-0.0021099
0.0094161
-0.0094447
-0.000899
-0.0053444
0.0053684
-0.0058574
-0.0003629
0.0036321
0.006535
-0.0059208
-0.0019895
-0.000173
0.0072134
-0.0004942
-0.0086641
0.006711
-0.0013803
-0.0077662
-0.0054686
-0.0022737
0.0089765
0.0062885
-0.0015011
-0.0060646
-0.0097034
-0.0074122
0.0075424
0.005606
-0.008301
-0.009436
0.0051315
0.001385
0.0016053
-0.0016164
-0.0095492
0.0076705
-0.0068091
0.0082995
0.0083975
-0.0070679
-0.0028262
0.0024898
-0.0040624
0.0034498
0.0089836
0.0014346
0.0073029
-0.0090257
-0.0014215
0.0066551
0.0020372
0.0022502
0.0026901
-0.0001875
-0.0099877
0.0051351
0.0080397
-0.0027023
0.0050869
0.0065577
-0.0034327
-0.0096175
-0.0014839
0.0068064
0.0009198
0.0056637
-0.0018404
0.0038551
-0.0067582
0.0098242
-0.0023205
0.0020084
0.0063101
0.005913
0.0022856
-0.0024608
-0.0081464
0.0063462
-0.0090105
0.0060837
0.0017654
0.0055592
0.0018294
-0.0050465
-0.0011153
0.0031704
0.0064927
0.0079671
-0.008485
-0.0090721
0.0052069
0.0014806
0.0044852
-0.0076192
-0.0052185
-0.0071554
0.0037032
-0.0022117
-0.007166
-0.0079905
0.004568
0.0044381
0.0048217
-0.001826
-0.0017234
-0.0058354
-0.0060495
0.0007557
-0.0044395
0.0041364
-0.0066219
-0.0024648
-0.0024228
0.0003179
-0.0057419
-0.0099819
-0.0014401
0.0060284
0.0006571
-0.0004498
0.0055472
-0.0036138
0.0060353
-0.0069417
-0.0016115
0.0022533
-0.0024363
0.0021578
-0.0028978
-0.0015764
0.0069123
0.0099826
0.0045922
-0.0073696
-0.004676
0.0057029
-0.0045466
0.005871
-0.0027499
-0.000536
-0.0038074
0.0096059
0.008876
0.0007879
0.0011295
-0.0051497
-0.0032091
0.0060904
0.0022656
-0.0028961
0.0029313
0.0063711
-0.0086432
-0.0053211
-0.0037623
0.0041955
-0.0003013
0.0035032
0.0029362
0.0025763
-0.0010192
-0.0011814
0.0028379
-0.0056254
-0.002011
0.0019921
-0.0029145
-0.0011692
-0.0044328
0.0014117
0.0081483
0.0053751
-0.0042032
-0.0092265
-0.0081925
0.0087581
-0.0012731
-0.0009732
0.0036313
0.0067214
0.0058691
0.0024263
0.0051416
-0.0071001
0.0030053
0.0070797
0.0038334
0.0068853
0.004954
-0.0085569
-0.0002515
-0.009688
0.0024371
0.0088409
-0.0027678
0.0095113
-0.0073758
-0.0092762
-0.0073238
-0.0062108
0.0030501
-0.007981
-0.0036236
0.0005609
-0.001753
-0.0070921
0.0041314
-0.0040904
0.0092042
-0.0041452
-0.0039865
-0.0095608
-0.0028392
-0.0001427
0.006384
-0.0013088
-0.0019881
-0.0091356
0.0021147
0.009409
0.0030334
0.0035323
-0.006738
0.0084714
0.0099153
7.97e-5
0.0013713
-0.0069026
-0.0089048
-0.005196
-0.0047225
0.0032926
0.0098322
-0.0038931
-0.0060641
-0.0076844
-0.0054876
-0.0083958
-0.0086159
0.005176
-0.0058397
-0.0085878
0.0084112
-0.0049522
0.0073466
0.0012382
0.0085839
0.0090702
0.0093164
0.0040106
0.0094525
0.0074974
0.0028631
0.0042128
0.0001529
-0.0039921
0.0086901
-0.0027825
0.0016907
-0.0055534
-0.006047
0.0035891
-0.0089432
0.009213
-0.0002006
-0.0009213
-0.0076634
0.0065696
-0.0074238
-0.0031135
-0.0012297
0.0097226
-0.0070496
-0.0052051
-0.0077507
0.0026734
0.0034977
-0.0053978
-0.005491
-0.0082376
0.0077819
-0.0007248
0.0017099
0.0032601
0.0091183
-0.0050649
-0.0091898
-0.0067666
-0.0091254
0.0078274
0.0085051
-0.0001568
0.0089812
-0.0063214
0.0046597
0.0083629
0.0076177
0.0010499
0.0049655
-0.0076564
0.0006047
0.002706
0.0052151
-0.0004767
-0.0051902
0.0036041
0.0061316
-0.0055336
0.0086927
0.0084246
-0.0077958
-0.0021911
-0.0083011
-0.0092509
-0.0081341
-0.0042801
-0.0083938
0.0057822
-0.0006332
0.0046348
0.0041261
-0.0048894
-0.0001152
0.0064029
-0.0078422
-0.0020587
0.0065634
0.0073726
-0.002471
0.0093579
0.008375
-0.0038339
0.0075779
-0.0073231
-0.008794
0.0075702
-0.0038885
-0.0055506
0.0027192
0.0042068
0.009208
-0.0096348
-0.0014167
0.0051382
-0.0048195
-0.0074589
-0.0013957
-0.0075036
-0.0034693
-0.0027715
-0.0057929
-0.0092181
-0.0087008
0.006275
-0.008616
9.17e-5
-1.7e-6
-0.0093595
-0.0079539
-0.0027148
-0.0040167
0.0035716
0.005372
-0.0017758
-0.0077292
-0.0046668
-0.0066641
0.0003373
0.0002891
0.0071676
-0.0051076
0.0041284
-0.0095568
0.0040144
0.0098441
0.0082917
0.0065733
0.0053222
0.0057359
-0.0020431
0.0038036
-0.0066376
0.0072309
-0.0015286
-0.0024334
0.0095723
-0.0033951
0.0026298
0.0084192
0.0015602
0.0072967
0.0058026
-0.0093886
0.0026663
-0.0077764
0.0004462
0.0082297
-0.0046705
-0.0078925
-0.0071095
0.0052951
-0.0079637
0.0025835
-0.001637
0.0033306
0.0091926
-0.001885
-0.0062255
0.0030818
0.0031567
6.9e-6
0.0060776
-0.0077884
-0.0001814
7.07e-5
0.0063264
-0.0033865
0.0030109
-0.0043586
0.0021779
-0.0026244
-0.0066889
-0.0038673
0.0005301
0.0028742
0.0039039
0.0051129
-0.0079583
-0.0015441
-0.0019382
0.0079594
-0.0088048
-0.0044834
-0.0006677
-0.0070418
0.0069543
0.0032896
-0.0046498
-0.0068703
0.0022351
-0.0061184
-0.000449
-0.0051502
-0.0031846
0.0029699
-0.0005447
-0.0018168
0.0033608
0.0031511
-0.0036736
-0.0033382
-0.0069286
-0.0060094
-0.0059956
-0.0023418
0.0079807
-0.0066556
0.000113
0.0041413
0.0013941
0.0064191
0.0072107
-0.0028145
0.0057788
-0.0055482
-0.0040532
0.0032489
-0.0030516
-0.0037471
-0.0026226
-0.0093498
-0.0048394
0.0072048
-0.0019241
-0.0050858
0.0074149
-0.0086523
0.0014773
-0.004621
-0.0037832
0.0053202
0.0008713
0.0089266
0.0058082
0.0035374
-0.0024015
0.0005396
0.0021688
