0.0024499
-0.0059254
0.0072024
0.0071768
-0.0066343
-0.0067535
-0.0057671
-0.0017048
0.0040068
0.0090899
-0.0055352
-0.0092476
-0.001815
0.0069858
0.0079528
0.0086228
0.0044545
0.0081225
0.0090252
-0.0081353
-0.0010898
0.0080317
-0.009811
-0.0093002
-0.0089726
0.0079453
0.0080612
-0.0084757
-3.14e-5
0.0091932
-0.0003048
-0.0011254
-0.0022207
-0.0041401
0.0093871
0.0070653
-0.0079676
-0.0035938
-0.0067655
0.0038105
-0.0086547
0.0036637
-0.0058782
0.0012289
-0.0006465
-0.0071796
0.0014161
-0.0089731
0.0011939
0.0072583
0.0044423
0.0053123
-0.0038462
-0.0085155
-0.0041755
0.0067012
0.0084477
8.47e-5
0.007702
0.0012384
0.0004712
0.002996
0.007235
0.0071949
0.0089623
-0.0043586
0.0016195
-0.008334
-0.001428
-0.0081148
-0.0036604
-0.0048211
-0.0025887
-0.004284
0.0032569
0.0084983
-0.0018198
-0.0041506
0.0034852
0.0050989
-0.0094181
-0.0030133
0.0004318
-0.0092111
-0.0085559
-0.0029752
0.0025431
-0.0011981
0.0024111
-0.0030148
0.0058274
0.002788
0.0012665
-0.0081164
-0.0071005
0.0053115
0.0064727
-0.0089995
-0.0088054
-0.003906
0.0059247
0.0018393
-0.0019814
0.0076108
-0.0017927
-0.0066343
0.0051046
-0.0062427
-0.0078527
0.0096295
0.0085828
0.0026781
0.0077316
0.0052894
-0.0057769
-0.0010316
-0.0075765
0.0093993
0.0099882
-0.0040443
0.0083873
0.0092104
-0.0076149
-0.0021443
-0.0034554
-0.0075588
-0.0006985
-0.0022111
0.0031317
-0.0075508
0.0008923
0.0095709
0.0098299
-0.0046625
0.0036766
0.0028222
-0.0058699
-0.003149
-0.0076322
0.0011328
-0.0040937
0.0046852
0.0053145
0.0004478
-0.0047608
0.0032188
-0.0083258
0.0075993
-0.0037173
-0.00746
-0.0090608
0.0093646
0.0005882
-0.0023616
0.0008952
0.0043591
-0.0085219
0.0016868
0.006244
0.0077714
-0.008027
-0.0055969
0.0036936
0.006162
-0.0046423
-0.0054737
0.009138
0.0002973
-0.0040895
-0.0092092
0.0047202
-0.0094079
-0.0003363
0.0013867
0.0079909
-0.0042796
-0.0063202
0.0029119
0.0082683
-0.0031919
0.001824
0.0031678
0.0088284
-0.0053271
-0.0068049
0.0043744
-0.0088759
-0.0090508
0.0060917
0.0085942
-0.0099795
0.0089467
0.0059513
-0.0090304
0.0089033
-0.0020506
0.0016866
-0.0059318
0.007016
0.0050593
-0.0005562
-0.0087926
-0.0043398
-0.0072704
0.0089102
5.21e-5
0.0041769
-0.0014568
-0.0055771
-0.0036046
-0.0057543
0.0003015
0.0091075
0.0052323
-0.0047243
0.0034281
-0.0017922
0.0005942
-0.0011108
0.0037371
0.0062286
-0.0038421
0.0045084
0.0013457
-0.0036903
-0.0051466
-0.0033695
0.0080003
-0.0003048
0.0008688
-0.0064017
-0.0066782
-0.0071998
0.0050233
0.0022686
0.0039519
-0.0015249
-0.000611
0.0002751
0.0036618
-0.009793
0.0021075
0.0091095
-0.0016356
-0.0020463
-0.0068528
-0.0018237
-0.0071925
0.0092577
0.0002299
-0.0043643
-0.0015654
-0.0074169
-0.0052312
0.0094302
0.0012657
-0.0045443
0.0040686
-0.0021918
-0.0082327
0.0016558
0.0083028
-0.0049449
0.0053185
0.0099015
0.0054595
0.0020381
0.0097955
0.0007199
-0.0064634
-0.0039745
0.0001344
-0.002339
-0.0099663
-0.0051503
0.0062149
0.0073178
0.0084456
0.0050491
0.0016588
0.0055081
0.0047637
-0.0066606
0.0038545
0.0021343
0.0005204
-0.0084792
-0.005654
-0.0022608
-0.0050292
0.0048743
-0.0059577
0.0095972
-0.0091907
-0.0019239
0.0090149
0.0001647
0.008639
-0.0079549
0.0041951
-0.0013548
-0.0087937
0.0016874
-0.0079193
0.0043039
-0.0019802
-0.0049523
0.0017314
-0.0002042
-0.0039302
-0.0007138
0.0024012
-0.0020277
0.0019846
0.0053163
0.0091614
0.0043311
-0.0006198
0.0069531
0.0064813
0.0036872
0.0014492
0.0040965
-0.0028766
-0.0049383
0.0008285
-0.0044802
0.0002099
0.0037674
0.0011258
-0.0044233
0.0097262
-0.0008954
0.0008539
0.0042767
-0.0099795
-0.0084593
-0.0084411
0.005802
0.0053846
0.0043568
-0.0013877
0.0032159
-0.0039632
0.0023854
-0.0070314
-0.0087695
-0.0063871
-0.0042442
0.0053346
0.0045338
0.0042167
-0.0012582
0.0087083
-0.0072213
-0.0049021
0.0033166
0.0015617
-0.0002051
0.0098027
-0.0056794
-0.0050629
-0.0044311
0.0071052
0.0083284
0.0060758
0.0082275
0.0090514
0.0024489
0.0022493
0.004215
-0.0093633
0.0039194
0.0065442
-0.002143
0.008436
0.0057464
-0.0046142
-0.0029436
-0.0070721
-0.0051016
-0.0004552
0.0001459
-0.003144
-0.0001149
-0.0071046
-0.0051783
0.0014872
0.0015594
0.00071
0.0086305
0.0048724
-0.0062904
-0.0086494
-0.0075311
-0.005438
0.0036181
0.0063791
0.0004544
-0.0014593
-0.0017687
-0.0025933
0.0048283
-0.0028691
0.0051978
0.007651
0.0035242
0.0081753
-0.0053375
0.0064752
0.0053883
0.0097511
0.0089494
-0.0098226
-0.0067736
0.0081013
0.0082345
0.0065121
-0.0022433
0.0018556
-0.0085414
0.0056902
0.0044761
0.0014499
-0.0007624
0.008613
-0.0039022
0.0004778
-0.0007937
-0.0051615
0.0070475
-0.0050719
0.0024451
-0.0077759
-0.005647
0.0050875
-0.0045795
-0.0036835
0.0028796
0.0095188
-0.0097205
-0.0063315
-0.0001844
0.006311
-0.0032248
0.0018628
-0.008698
-0.0097989
0.0071191
0.0016446
0.0050768
-0.0055361
-0.0020446
-0.0075686
-0.000203
-0.0050504
-0.0014143
0.0059734
-0.0003595
0.0035192
0.0002161
-0.0098524
0.0045767
0.0029396
0.0005292
-0.0003482
0.006896
0.005081
-0.0036028
-0.0061548
-0.008713
-0.0075477
-0.003906
-0.0018238
0.0044053
-0.0058353
0.000987
0.0053783
-0.0006022
0.005863
0.0042941
0.00681
0.0046824
-0.0046563
-0.0017038
-0.0037113
-0.0088227
0.0030426
-0.0014678
0.0043146
0.0052249
0.0048349
-0.0019714
0.0001437
0.005452
