-0.0046138
-0.0018736
-0.0067714
0.0019184
-0.0018421
-0.0086825
-0.0057153
-0.0074919
-0.0028855
-0.0042521
-0.0032248
0.0099971
-0.003903
-0.0079332
-0.0059418
-0.0026087
0.0098908
-0.005514
0.0008147
-0.0003962
0.0026979
-0.0004042
0.0030531
-0.0099417
0.0058837
-0.0058681
-0.0073852
-0.0088776
0.0001574
-0.0060633
-0.0080807
0.0064167
0.0003509
0.0018709
-0.0002854
0.0016016
0.005793
0.004768
0.0083528
0.0092436
-0.009541
0.0098561
0.0030231
0.0001148
-0.0064714
-0.0023549
-0.0028872
0.0021448
-0.0074737
-0.0056588
0.0061382
0.0066886
-0.0017435
-0.0097832
-0.0042054
0.0004193
-0.0038376
0.0077864
0.0073291
-0.0027804
0.0079938
0.0095802
-0.0001281
0.0069547
0.0010184
-0.0075338
-0.006013
-0.0068261
0.0001632
-0.0084896
0.0097475
0.0034021
-0.0098133
-0.0041928
0.0009783
-0.0034922
-0.0084916
0.0062443
-0.0077093
0.0041219
0.0048673
-0.0037298
0.0018834
0.0017836
0.0001176
-0.0025715
0.000921
-0.0034697
-0.0021053
-0.0072416
0.00946
0.0038931
-0.0056133
-0.002371
0.0016733
-0.0055448
0.0099233
-0.0052789
0.0090366
-0.008924
-0.0094326
-0.0084949
0.0061536
-0.0092964
-0.0049297
-0.0011959
-0.0050856
0.0075443
-0.007589
-0.0043541
-0.003507
-0.0003503
-0.0095947
0.0063884
0.0047298
-0.0096468
0.003327
0.0010479
0.0083045
0.0080941
0.0068714
0.0093973
-0.0063314
-0.0080993
0.0069889
-0.0092545
0.0002116
-0.0087783
-0.0004745
-0.0096111
0.0053662
0.0011968
-0.0022345
0.0015051
-0.0019563
0.0071783
-0.0079067
-0.0008126
0.000142
-0.0048576
-0.0075461
-0.0013697
0.0075198
0.0034924
0.0053337
-0.0058898
-0.001967
0.0082646
0.0096131
-0.0037514
0.0074954
-0.000479
0.0046517
0.003662
0.0093304
-0.0031102
0.0026205
0.0061816
-0.0087179
0.005974
-0.0084863
0.0030009
-0.0040753
0.0027385
0.0055779
0.002056
-0.008666
-0.008315
0.0095868
0.0078125
-0.0097298
-0.0065195
0.0033612
0.0070696
-0.0009295
0.0075604
0.0033745
-0.0006184
0.0067842
0.006168
-0.0031167
0.000347
-0.0079535
-0.008805
0.0017753
0.007182
0.001231
0.0005835
-0.0069514
-0.0062523
0.0067303
0.001431
-0.007266
-0.0015054
0.0067771
-0.0054961
-0.0063052
-0.0067097
0.0070547
-0.0055286
0.0083839
-0.0022603
-0.0036793
-0.0025887
-0.0091421
-0.0090464
0.0011113
-0.0041412
0.0050263
0.002278
0.0052101
0.0059919
0.0063335
0.0061011
0.0065126
0.0002434
-0.0036867
-0.0094911
-0.0063145
0.0006178
0.0063931
0.0061802
0.0044017
3.21e-5
0.0046549
-0.0040293
-0.0099395
0.0063301
0.003685
-0.0036983
0.0078721
-0.001666
0.0003822
0.0012531
-0.0081801
-0.00058
0.0074572
-0.005421
-0.0090847
0.0058693
0.0009498
-0.0077847
-0.0009742
0.0082477
0.0090848
-0.007005
0.0084559
0.0078271
-0.0077063
0.0017286
0.0039043
0.0084002
0.0074013
0.0007742
-0.0076277
-0.002775
-0.0056388
-0.0060734
-0.0001333
0.0016422
-0.0008913
0.0078845
0.0001189
0.003725
-0.0050218
0.0046619
0.0054473
-0.0087538
0.001257
0.0070309
-0.007124
0.0062541
0.009879
0.0082742
0.0042436
0.0026734
0.0096334
-0.009137
0.0032377
0.0059503
0.0036689
0.0017592
-0.0018611
0.0039141
-0.0028761
0.0063618
0.0054119
0.0051867
-0.001872
0.0072371
0.0003932
-0.0061965
-0.0026468
0.0025395
-0.0058524
-6.88e-5
-0.0099652
-0.0090084
0.0060179
-0.0068674
0.007273
-0.0038003
0.0061967
-0.0083623
0.0087938
-0.0090386
0.0031823
-0.0028365
-3.4e-6
0.0087414
0.0085644
-0.0056782
0.0051045
0.0043687
0.0069845
0.0028851
-0.003712
0.0058376
0.0035267
0.007429
0.0043349
0.0060362
0.0055095
-0.0081252
-0.0009448
0.0081599
-0.0098139
-0.003061
-0.0097051
0.0091499
-0.0045999
0.0036692
0.0010551
0.0074802
-0.0017782
0.0098586
-0.0093488
0.0019712
-0.0052523
-0.0015164
-0.0075661
-0.0093177
-0.0050153
0.0024428
0.0020345
0.0061174
-0.0088626
-0.007528
0.0075694
-0.0077057
-0.0057185
0.0074012
-0.0084884
-0.005393
-0.0072874
0.0007433
-0.0061796
0.0061782
-0.0050386
-0.003128
-0.0019462
0.0025137
-0.006376
-0.0096057
0.0014792
0.0022374
0.0037996
-0.0027887
-0.0025135
-0.0005006
0.0052716
0.0038015
0.0091064
0.0099687
0.0096769
0.0035335
0.0099801
-0.000832
0.0041473
0.0019673
-0.0017088
0.0079595
-0.00096
-0.0086633
0.008123
0.0023829
0.0059838
-0.0094646
-0.0049188
0.0038489
-0.0086778
0.0010245
0.0040035
-0.0042149
0.0077436
0.0058115
-0.0026847
0.0001925
0.0061253
-0.0019945
0.0091093
-0.0056682
-0.0036925
-0.0044197
0.0005001
-0.00585
0.0066371
0.000169
-0.00677
-0.0060411
0.0064512
-0.0018689
0.0043737
0.0039668
0.0075706
0.0056259
-0.0053514
-0.0016369
-0.0080756
0.0001711
0.0075957
-0.0023088
0.0087747
-0.0088087
0.0002718
-0.0080246
-0.0082033
0.009609
-0.0088782
-0.0034049
-0.0027387
-0.0057636
0.0009928
-0.0066267
0.0030671
-0.0025702
-0.0026144
-7.2e-6
0.0070717
-0.0064429
5.4e-6
0.0002153
-0.0047658
-0.0072508
-0.0090471
-0.005112
-0.0080527
-0.0054119
0.0079659
-0.0031955
-0.0089834
0.0055605
-0.0014847
0.0066014
-0.0038195
0.0091653
-0.0069547
-0.0017726
-0.0005032
0.0063522
-0.0018438
-0.0017527
0.0067767
-0.0069614
-0.0078707
0.0072791
-0.0006721
0.0015541
0.0084587
-0.0071398
0.0064297
-0.0021976
0.0095797
-0.0040098
-0.0063514
0.0060443
-0.0054219
0.0033694
-0.0082623
-0.0003001
0.000811
-0.0070053
0.0038631
0.0061274
0.0008487
-0.0083706
0.0009361
0.0046177
-0.0015031
-0.0095813
-0.0077788
-0.0090656
0.005232
-0.0041747
-0.008558
