-0.0073895
0.0044553
0.0063225
0.0097195
0.0012742
0.0055236
0.0061412
-0.0097019
0.0012228
0.0063551
-0.0022797
-0.0078137
0.0043139
-0.0024247
-0.0052104
0.0062083
0.0023023
0.0023257
-0.0012486
-0.0061323
0.0059371
0.0021137
-0.0081817
-0.0071223
0.0006167
-0.0090422
-0.0012225
-0.0026289
0.0081488
-0.0072602
0.0069954
0.0036033
0.0062727
-0.0057464
0.0085732
-0.0019475
0.0049301
-0.0012057
0.0012251
-0.0018115
0.0066242
0.0033392
-0.0040331
-0.0006471
0.0028626
-0.0099417
-0.0069948
-0.0009475
-0.0012852
-0.0051634
-0.0010336
-0.0037113
0.008599
-0.0099268
0.0022116
0.0059946
-0.0003841
-0.0004577
0.0007926
-0.0049339
0.0031931
-0.0053085
0.0035417
-0.0091222
0.0039882
0.0014044
-0.001263
0.0093777
0.0036382
-0.0002575
-5.03e-5
0.0010406
0.0045813
0.000728
0.0073589
0.0029129
-0.0022361
-0.007621
0.0077571
0.0018372
-0.0036684
0.004296
-0.0063251
-0.0061058
0.0053448
0.0062613
-0.0007343
-0.0068056
-0.0052453
-0.0022571
0.0096428
0.0076793
-0.0081452
0.0026056
0.0060748
0.0069377
-0.0020612
-0.0044996
0.0038333
0.0069163
-0.0092482
0.003669
0.0068071
-0.0087744
-0.0064031
0.0051371
0.0096001
0.0048675
0.0053482
0.0053248
-0.0002905
0.0034065
-0.004927
-0.0043822
-0.0068378
0.0055897
0.0060684
-0.0055403
-0.0036413
0.0063639
0.0047992
0.0007073
0.008705
-0.005369
-0.0002532
0.0047279
0.0002858
0.0060032
-0.0017894
-0.0069883
0.0080353
0.0092289
0.0097072
0.0008363
-0.0099135
0.0051304
0.0051348
-0.0011418
0.0056008
0.002479
0.0077428
-0.0093323
0.0060835
-0.0085118
-0.0068352
-0.004164
0.0066849
-0.0099498
-0.0086208
-0.009562
0.0048389
0.0069771
0.0054704
0.0015573
-0.0072086
-0.003054
0.0028879
-0.0041083
0.0081242
0.0058749
0.0089721
0.0086941
-0.0095926
0.0073664
-0.0042569
-0.0089852
-0.0074313
0.0081166
0.0047115
-0.000144
-0.0040622
-0.0013944
-0.0093655
0.0014541
-0.0007035
-0.0066505
0.0095129
0.0084037
-0.0017854
0.0072935
0.0003917
-0.001372
0.0025079
0.0063108
-0.001585
0.0002638
0.0023793
-0.0061142
-0.0007059
0.0094284
-0.0073019
0.0054798
-0.0045723
-0.0076943
0.0078646
0.0067672
-0.0052287
-0.0010398
-0.002663
0.0033289
0.0083171
-0.0068813
-0.0099099
-0.0001638
0.0007905
-0.0068966
0.0063978
-0.0060233
-0.0009446
0.0012632
0.0089274
0.0042133
0.002149
-0.0037743
0.0073471
0.0009472
-0.00185
0.006293
-0.0037391
-0.0025217
-0.0057128
-0.0009294
0.0080802
-0.0054787
0.0047175
-0.0042859
0.0080212
-0.0071897
-0.0092334
0.0018529
-0.0019244
-0.0040959
0.0038177
-0.0069396
-0.0096428
-0.002064
0.0088864
0.0093971
-0.0053179
-0.001375
0.0094144
-0.0002048
-0.0080504
0.0053833
0.0082056
0.0081581
0.0006837
-0.0021713
-0.0021907
-0.003419
0.0013665
0.0043037
0.0093734
-0.005389
0.0046785
-0.0033705
-0.0039705
-0.0059639
0.0058137
-0.0052331
0.0072987
9.33e-5
0.0023715
0.0091179
-0.0011961
-0.0026889
-0.004109
-0.0042297
-0.0029755
-0.0002556
-0.0051311
-0.004997
-0.0048781
-0.0017082
-0.0009193
-0.0079364
0.007373
0.0086451
0.0056312
0.0096014
0.0059375
-0.0089128
-0.0090043
0.0034237
-0.0042705
0.0017915
-0.0015952
0.003917
-0.0098846
-0.0069251
-0.0031691
0.0085574
0.0099683
-0.003513
0.0007106
0.0030109
0.0092655
-0.0098918
0.009211
-0.0012105
0.0054147
0.002109
0.0086751
0.0076424
0.0010842
-0.0050546
-0.0069312
-0.006692
0.0060748
0.0072814
-0.0077408
0.0027489
-0.0066589
-0.0009662
-0.0003075
0.0013153
-0.0024363
0.0063346
0.0099069
-0.0014326
0.0084087
-0.0099987
0.0068072
0.0008686
-0.0068652
0.003582
0.0006899
-0.0090873
-0.0080387
-0.0055091
0.003569
-0.0022945
-0.0032834
0.0061023
-0.0012194
-0.0072147
0.0058578
0.0007766
0.0085919
-0.0091215
-0.0003723
0.0042731
-0.0083512
0.0004855
-0.0059438
0.0020182
0.006704
-0.0075489
-0.0044532
-0.00106
-0.0079045
0.0011309
-0.0012379
0.007389
-0.003898
0.0068506
0.0055359
-0.0084012
0.0084112
-0.003806
-0.0063049
0.0009269
-0.0010924
-0.0002025
0.0040773
-0.0057652
0.0013757
9.76e-5
-0.0020596
0.0026124
0.0005012
-0.0024584
-0.009316
0.0068731
-0.0071589
0.0011959
-0.0032497
0.0008021
0.009559
0.0030405
0.005383
0.0055438
0.004492
0.0052805
0.0016021
-0.0010419
-0.0014147
0.0012071
0.0069106
0.0030946
-0.0014699
-0.0015447
-0.0050885
0.0013876
0.0014046
0.0003975
-8.57e-5
-0.0094487
0.0033362
-0.0065535
0.0075446
-0.0041306
-0.0092436
-0.0071259
-0.0028227
-0.0012083
-0.0018827
0.006771
0.002525
0.0041389
0.0083925
0.0005596
0.0002931
-0.0097167
0.0091373
0.0088219
-0.0001748
0.0081875
0.0077746
-0.0099136
0.0008546
0.0055465
-0.0019241
-0.0061104
0.0067884
-0.0063581
-0.0014145
0.0055016
-0.0056308
-0.0004928
-0.0006601
-0.0028975
0.0061294
-0.0027216
-0.0087599
0.0043375
0.0030565
0.0082295
0.0023863
0.0048994
0.0039397
0.0086607
0.0083099
-0.0014861
-0.0059448
-0.003655
-0.0005236
-0.0081519
0.0061219
0.0018758
0.000475
-0.006634
-0.0016068
-0.0051092
-0.0014869
0.0065635
0.008987
0.0066619
-0.0047498
0.0061154
-0.0081174
-0.0061667
0.0042214
0.0044597
0.0033642
-0.0037766
0.0041632
-0.0097285
0.0009701
0.0052625
-0.0006047
0.0064004
-0.0030934
0.0087293
0.0096871
0.0033487
-0.0077436
-0.003767
0.0036284
0.0011022
0.0071108
-0.0040721
-0.0009306
-0.00133
-0.0080865
-0.0018314
-0.0025639
-0.0039845
0.0021764
0.0044153
0.0022135
0.0070445
0.0047991
-0.0047577
-0.0031438
