-0.006886
0.0031736
-0.0067057
-0.004652
0.0015711
-0.0079536
0.0009599
-0.0036747
0.0009908
0.004205
0.005222
0.0026737
0.0040406
0.0087818
-0.0005949
0.0026337
-0.0083998
0.0003951
-0.0085203
-0.0032196
-0.0072965
-0.0064824
-0.002808
-0.0068787
-0.0007422
-0.0088937
-0.0094721
0.0070425
0.0017933
0.0020688
-0.0075312
-0.0003258
-0.0004859
0.0031741
-0.0040335
-0.0074399
-0.0028343
0.0084517
-0.0036354
-0.0007181
-0.0088993
-0.0059761
-0.0051047
0.0029694
-0.0009641
0.0041702
-0.0027638
0.0096423
-0.0079687
-0.0015844
0.0021133
0.0008317
-0.0064248
0.0015674
-0.0070994
0.0008566
0.0012588
-0.0072313
0.0075978
0.001466
-0.0053442
-0.0027879
0.0052626
-0.0089769
0.0098777
-0.0067233
0.0019127
0.0099007
0.0032922
-0.0002797
-0.0081295
0.0098378
-0.0073606
-0.0078702
-0.0059696
0.0031303
-0.0037361
0.0021806
-0.0025633
0.0055406
5.2e-5
0.0049121
-0.0087516
-0.0003347
-0.0024417
0.0028221
0.0047509
-0.0028335
0.0002719
0.009668
-0.0095337
0.0071897
-0.0043431
0.0085566
0.0086105
0.0079996
0.0001058
0.0037747
0.0056239
0.0095717
0.0078834
0.0097031
0.0097904
0.0034556
-0.0018946
-0.0080888
-0.006615
-0.0005293
-0.0029916
-0.0041846
0.0033269
0.0077112
0.0089393
-0.0002562
-0.003028
0.0061784
0.0079615
0.009384
0.0079774
-0.0066897
0.0014558
-0.0065542
0.0071321
0.0023986
0.0034946
-0.0075274
-0.0068409
-0.0076951
0.0075686
-0.0058593
0.0032469
0.0046121
0.0076414
-0.0056926
-0.0070818
0.0072823
-0.0086208
-0.0096473
-0.0055663
-0.0071307
-0.004336
0.0036292
-0.0014896
-0.0011446
-0.0098613
-0.0041954
0.0037475
-0.0020563
-0.0088041
-0.0090538
-0.0076201
-0.0008289
0.0099082
-0.0034107
0.0042527
-0.0024165
-0.0071161
-0.003911
-0.0099726
0.0046355
0.0064102
0.0057443
0.0087632
0.006454
0.0082231
0.0068369
-0.0060555
-0.0097913
-0.009721
0.0067988
-0.0075407
0.0068297
0.0093515
-0.0039336
0.0043407
-0.0054522
0.0016708
-0.0033975
0.0018808
-0.0089376
-0.0092412
-0.0069377
-0.0076094
0.0037024
0.0072196
0.0003908
0.0094418
-0.0055922
-0.0086286
0.0066568
0.0039068
-0.0022797
-0.0046647
-0.0051683
0.0068581
-0.003583
-0.0070455
-0.0099651
-0.0040758
0.0041151
0.0068085
0.0060748
-0.0013493
0.0070741
0.0070476
-0.0041415
-0.0035361
0.0042907
0.0002376
-0.0028037
0.0005672
-0.0069986
-0.0025466
-0.0092815
0.0026743
-0.003863
-0.0055687
-0.0034175
-0.007802
-0.0041725
0.0007426
0.0036065
-0.0017474
0.000136
0.0048176
-0.0080439
0.0062523
0.0086206
-0.0029452
-0.0023768
0.0094642
0.0046696
-0.0075512
0.005885
0.0087152
-0.0092996
0.0075743
0.0069827
0.0085301
-0.0048624
-0.001399
0.000422
-0.0004933
-0.0092044
0.00474
0.0019848
0.0023281
0.0091329
0.0048063
-0.0051943
0.007518
-0.0055454
-0.0052072
0.0070887
0.0061934
0.0075687
-0.0026259
0.00239
-0.0004988
-0.0047363
0.0022033
-0.0009134
0.0076243
0.0014777
0.0099235
-0.0016289
-0.0076136
0.0075021
0.0047437
-0.0091007
-0.0055727
0.0024982
0.0094147
0.0014923
-0.0076893
-0.005815
-0.0075525
0.0061527
0.0019253
-0.0030308
-0.002992
-0.0083288
0.0086235
0.0061683
0.0089063
-9.12e-5
0.0027424
0.0043959
-0.009175
-0.0008858
0.0032841
0.0028446
0.0061245
0.004865
-0.0021071
0.0093795
-0.0013257
-0.0042519
-0.0010525
-0.0061943
-0.0098674
0.0044681
-0.0023118
-0.0059205
0.0017657
0.0009557
0.0005545
-0.0027913
-0.0021657
-0.00786
-0.009405
0.0068952
0.0008606
0.0088594
0.009907
0.0090005
-0.0046934
0.0096859
-0.0011936
0.0031499
0.0028271
-0.0008497
0.0056302
0.0063859
0.0071815
-0.0031217
0.0041578
0.0095989
0.0044115
-0.0093965
-0.0019717
-0.0058752
0.0075061
0.0071502
-0.0006978
-0.0054823
0.0048363
-0.0022372
0.0093169
-0.0074612
0.0065604
-0.0055728
0.0077204
-0.0057856
0.0076124
-0.007768
0.0086658
-0.0053416
-0.0058858
-0.0067639
-0.0087585
-0.0012463
-0.0094923
-0.0038647
-0.0093576
0.0067539
0.0010155
0.0026128
0.0010361
0.0095874
-0.0006597
0.0077242
-0.0039453
0.0027068
0.0097598
-0.007397
-0.0092594
-0.0025064
-0.0002283
-0.0090418
-0.0025909
0.0003347
0.0077471
0.002385
-0.0083219
-0.0011734
0.0032429
-0.0080379
-0.0008615
0.0091411
-0.0063115
0.0041474
0.0089651
-0.0097349
0.0061632
-0.0019598
0.003337
-0.0031793
0.0081329
-0.0051765
0.0035816
0.0091383
-0.001611
0.0033249
-0.0018499
-0.0095583
-0.0081882
-0.0001743
0.001366
0.0023771
-0.0037254
0.0072938
-0.0023365
-0.0028191
-0.0068428
0.0088707
0.0099235
-0.003806
-0.0039697
0.0024606
-0.0034706
0.0096157
-0.0057558
0.004112
0.0037601
0.0098648
0.0030737
0.0069947
0.0093393
-0.0099784
0.0030901
-0.0089173
-0.0013471
0.003885
0.0087345
-0.0029708
0.003364
0.0062482
0.0014471
-0.0050934
-0.0089349
0.0094938
0.0041115
0.0070968
0.0045811
-0.0031407
0.0007748
0.0002162
0.0009731
-0.0064695
0.008573
-0.0061749
0.0047373
0.0097298
0.0096841
-0.0089573
0.0030283
-0.0080021
0.0059013
0.0093279
0.0092435
0.0065036
0.0080119
0.0046909
0.0036177
-0.0078616
-0.0090499
-0.008774
-0.0047384
0.0005383
8.4e-5
-0.0010824
-0.0045536
-0.0037428
-0.0089991
0.0076764
-0.0004333
-0.0035571
-0.0043921
0.0019672
-0.0011102
0.0098151
0.0010891
-0.0041355
-0.0012663
-0.0069137
-0.0074162
-0.0086571
-0.0094626
0.0082881
-0.0068044
0.0091344
-0.0007074
-0.0006759
0.0091938
0.0015322
-0.0030962
-0.0084051
-0.0099097
-0.0062444
-0.0079047
0.0041166
0.0013359
0.005534
0.0044966
