0.0001617
-0.0029949
-0.0089011
-0.0042606
0.0003743
-0.0005481
-0.0066324
-0.002862
-0.0010591
-0.0037665
0.0009818
-0.0014491
0.0010493
-0.006299
-0.0068079
-0.0074295
-0.0071376
-0.0071929
-0.0013437
0.0022311
-0.0005913
-0.0005656
0.0026794
-0.004621
0.0047602
-0.0073225
0.0026048
-0.0069108
0.0027108
-0.0028489
-0.0077237
-0.0076601
-0.0090701
-0.0017265
0.0097926
0.0096139
0.0075391
-0.008422
-0.0030689
-0.0024269
0.0019074
-0.0063814
0.0006288
0.0026187
-0.0025135
0.0009316
-0.0034303
0.0086403
0.0060565
-0.0062522
0.0026064
0.0015508
0.0095514
0.0050984
-0.0043805
-0.0013733
0.0012217
-0.0018204
-0.0092627
-0.0031536
-0.0058728
0.0093544
0.0018038
-0.004744
-0.0005951
0.0081394
-0.0070149
0.0065643
-0.0030462
0.0039205
0.0016743
0.0041771
-0.0032002
-0.0039967
-0.0038158
0.0007645
0.0070318
0.003747
0.0037524
0.0073221
-0.0086079
-0.0001334
-0.007328
0.0019639
0.0057925
0.0059634
-0.0085676
-0.006978
0.0027707
-0.0022736
0.0027076
-0.0039195
0.0081095
-0.009129
0.0045671
-0.0086726
-0.0066887
0.0090064
-0.0012862
0.004799
-7.66e-5
0.0041811
0.0044426
-0.0040077
-0.0064428
0.0040794
0.0068521
0.005736
0.0092357
-0.0025983
-0.0067428
0.0031702
0.008198
-0.0055848
0.0016434
-0.0072567
0.0044825
-0.0079135
0.0040694
0.0066067
-0.0097833
0.0087188
-0.0045418
0.0092944
-0.0017107
0.0012386
-0.0005306
-0.0098925
0.0026783
-0.0018891
0.0066454
-8.56e-5
0.0054508
0.0013367
-0.0071263
-0.007024
0.001705
0.0065071
-0.0055167
-0.0086859
-0.0036988
0.0042872
0.0091665
-0.0018832
0.0033816
0.0021414
0.0070465
0.0091371
-0.0082616
0.0065485
-0.001759
-0.0006703
0.0014697
0.0074297
-0.0092949
0.0034111
0.0074675
-0.0017394
-0.0095381
0.0058789
0.0048833
-0.0095274
-0.0044303
0.0022907
-0.0097217
0.0010761
0.0071644
0.0033852
0.0005574
-0.0044519
-0.0078714
0.0055511
-0.0056608
-0.0025243
-0.0002587
0.0059605
0.0049912
0.0019831
-0.0016513
0.0066497
-0.0083889
-0.0027681
0.0033423
-0.0060095
0.0069457
0.0084881
0.001398
-0.0048883
0.0056952
-0.0074993
-0.0056804
-0.0034358
-0.0026396
-0.0090773
0.0045534
-0.0090171
0.00448
-0.0048252
0.0044478
0.0033889
-0.0064599
-0.007157
0.0060634
-0.0012322
-0.000927
0.0066065
-0.0083765
-0.003215
0.0006521
0.0011744
0.0083739
-0.0032327
-0.0040039
-0.0081951
-0.0060005
0.0052922
0.0001077
0.0032554
-0.0069664
-0.0097303
-0.0059915
0.0041952
0.0032558
0.0043221
0.0069168
-0.0062731
0.0017277
-0.0011343
-0.0037775
-0.000664
-0.0082179
-0.0061477
-0.00717
-0.0014687
0.0055026
-0.0048098
0.0004731
-0.0037017
0.0014546
0.00237
-0.0083212
-0.0035626
0.0055329
0.0082896
0.0041513
0.0022731
-0.007041
-0.0031617
0.0048088
0.008473
0.0052441
0.0096003
-0.0058664
-0.0093425
0.0020122
-0.004721
0.0043621
-0.0094288
-0.0068822
0.0040925
-0.0024268
-0.0005126
0.0034782
-0.0063885
0.0035267
0.0091584
-0.0043191
-0.0012178
0.0092186
0.008565
-0.0074397
0.0045854
-0.0082547
0.0021836
0.0019042
0.006158
0.0072187
-0.0081492
-0.0020176
-0.0097278
-0.009045
0.0093264
0.0043424
-0.0091871
-0.000147
0.0041664
6.84e-5
-0.0081597
7.41e-5
-0.0018313
-0.0028449
0.003368
-0.0016367
-0.0090489
-0.0051473
0.0031964
-0.0016022
0.007777
-0.0071015
-0.0019034
-0.0059903
0.0093762
-0.0009586
0.0052775
-0.0089407
0.0080822
-0.0018622
0.0053767
-0.0086459
0.0080532
-0.0083725
0.004771
-0.0057419
-0.0048244
-0.0010989
0.0068086
0.0005509
-0.0099382
-0.0095601
-0.0053573
0.0006799
0.0002432
-0.0063013
-0.0014954
-0.0067264
0.0061914
0.0005978
0.0042676
0.0043217
0.0081167
-0.0092266
-0.0043603
-0.0039423
0.0017101
0.0035646
0.0035459
-0.0038362
0.0057938
0.0066384
0.0014393
0.0075054
0.0061473
-0.0098466
0.0086395
-0.006038
-0.0051159
0.0022757
-0.0079786
0.0009906
0.008376
0.0059513
0.0042562
-0.0007271
-0.0057011
0.0071451
-0.0039413
0.0005018
0.006297
0.0069117
-0.0095931
-0.005853
0.0031555
0.0060909
0.0075396
0.0087706
-0.0062989
-0.0006657
-0.0041714
0.0097028
-0.0058399
0.0021312
0.0053431
0.0002077
-0.0059301
0.0052084
0.008983
0.0047833
0.0049696
-0.0017559
0.0087979
0.0099155
0.0086327
0.0058526
0.00493
0.0004456
-0.0083891
-0.0008973
0.0064535
0.0073107
-0.005658
-0.0005988
-0.0007753
0.0092444
0.0052343
0.0098761
-0.0021814
-0.0066697
-0.0019326
0.00437
-0.0003804
-0.0089432
-0.0009145
0.0041191
-0.0032386
0.0074404
-0.0093786
-0.004829
-0.0096946
0.0097935
-0.005247
-0.008621
0.0083981
0.0095272
0.0045039
0.008845
-0.0065104
0.0075709
0.0057393
0.0048299
0.0090218
-0.008925
-0.0086377
-0.0055406
-0.0024977
-0.0038553
-0.0054591
0.0007896
-0.0075922
-0.0065135
-0.0085869
-0.0045783
-2.95e-5
0.0082994
-0.0068104
-0.0048331
0.0021323
-0.0098628
-0.0025981
-0.0006756
0.0054423
-0.0045469
0.0039345
-0.0054128
0.0006069
0.0088796
0.0009173
-0.0029828
0.0077809
0.0033159
0.0069844
0.009482
0.0009129
0.0001939
0.0002235
-0.0083381
-0.0079952
0.0057883
0.0050655
-0.0051986
-0.0023957
-0.0034474
-0.0026958
-0.0013133
-0.0058962
0.0020999
-0.005991
0.0004965
0.008932
-0.0019576
-5.14e-5
0.0001421
0.0074397
-0.0015947
-0.002919
0.0034244
-0.0047882
-0.0002298
-0.0020174
0.008564
0.0058936
-0.0015071
0.0042577
0.0085914
-0.0048806
-0.0034584
-0.0062129
-0.0079063
-0.0086961
-0.0066084
-0.0043159
0.0040547
0.0008891
0.0051294
0.0036926
-0.0056902
