-0.0057774
0.0064116
-0.0087047
0.0061461
-0.0018277
0.0040993
0.0040866
-0.0032395
-0.0054472
0.0086134
-0.006486
0.0033078
0.0070295
6.52e-5
-0.0078105
-2.25e-5
0.0083101
-0.0079189
-0.0001087
-0.008184
-0.0057268
-0.0010262
0.0082771
0.0014223
-0.0011126
0.0043454
-0.0075639
-0.0071643
0.0022002
-0.0004993
0.0080824
0.0041319
0.0057449
-0.0053218
-0.0061269
0.0017918
0.0061391
0.0075374
0.0048063
0.0055767
0.0076444
0.0070134
-0.0015291
-0.0051838
0.0088908
0.001955
0.0039031
-4.14e-5
-0.0061849
-0.0062562
-0.0007347
-0.0094527
0.0052747
-0.0076394
-0.0082715
-0.0096074
0.0093615
-0.0019397
-0.001509
0.0020485
-0.0093279
0.0046995
-0.0096688
-0.0053956
0.0037361
0.0067853
0.0079614
0.0032573
0.0090284
-0.001868
0.0032687
-0.0079743
-0.0018138
-0.0092559
0.0037083
-0.0060271
0.0064527
-0.0001749
0.003331
-0.0051299
-0.0006978
-0.0034108
0.0059925
-0.0066681
0.0025253
-0.0093831
0.001942
-0.0084178
-0.0034868
0.0031342
0.0015919
-0.0013518
0.0094493
-0.000114
-0.0046136
-0.0034506
0.00253
0.0098753
-0.0014393
0.0029778
-0.0044586
-0.0026375
0.0049395
0.0004117
-0.0061457
0.0019028
-0.0058173
0.0062542
-0.0032128
-0.0032882
0.0043139
8.79e-5
0.0038505
0.0097124
-0.004342
-0.005999
0.0041305
0.0072333
0.0084328
-0.0047785
-0.0093523
0.0021884
-0.0078652
0.0015799
0.0027452
-0.0021329
0.0036394
-0.0061433
0.001508
0.0030312
0.00694
0.00866
-0.0081041
-0.0045639
-0.0011139
-0.0065556
-0.002219
-0.0043232
0.0059227
0.0035689
-0.0078306
-0.0024515
0.0085866
0.004695
0.0085895
0.0007125
0.0068212
-0.003507
-0.006096
0.0022957
-0.0047052
0.0058757
0.0036259
-0.0002294
-0.0055451
0.0033956
-0.0056282
-0.0040821
0.0035029
-0.0068304
-0.0063949
-0.008471
-0.0031209
-0.0035426
-0.0015717
-0.0083394
-0.0011543
-0.0044024
-0.0026926
0.0066716
0.0094016
0.0053259
0.0061078
-0.0027781
0.0037304
-0.0070173
-0.0071418
0.0065092
0.0062145
0.0019034
-0.0025681
0.002102
-0.0093273
-0.0087129
0.0061041
-0.0082897
0.00604
-0.005435
0.0064314
-0.0074687
0.0085253
0.0049685
0.0020422
-0.0059794
-0.009029
0.0015519
0.0056623
5.07e-5
0.0087991
-0.0043188
-0.0022724
-0.0040351
0.0004018
0.0020736
0.0005241
0.0050514
-0.005408
0.0061587
0.0060831
-0.0053286
0.0059293
-0.0029657
0.0020742
-0.005703
-0.000886
-0.0067761
0.000192
0.0027911
-0.0084222
0.0030151
-0.0048415
0.0060863
-0.0016395
-0.0038697
0.0084247
0.0024573
-0.0043486
-0.0010505
0.0031481
0.0012169
-0.0056061
-0.0017786
-0.0032518
0.0042563
-0.0042248
0.0038153
-0.003906
0.0086305
0.0042594
-0.0047515
-0.0064291
5.03e-5
0.0010265
0.0087665
0.0091917
-0.0098803
-0.0090462
-0.0035154
0.0055367
-0.0054079
-0.0076994
-0.0028399
-0.0086456
-0.0047571
-0.0046761
-0.0037751
-0.00154
0.0013998
-0.0028479
-0.0019911
-0.0007671
0.0004059
0.0027981
0.0037207
-0.008795
-0.0022694
-0.00727
6.31e-5
0.0093076
-0.0098886
0.0097092
-0.0083733
-0.0095211
-0.0014646
-0.0008256
-0.0015108
0.0021885
-0.001788
-0.0081164
-0.0010685
0.0060228
-0.0049976
-0.0029305
-0.0009665
0.0005473
0.0077659
0.0040509
0.0035129
-0.00654
-0.0056864
0.0071031
-0.0008978
0.0066557
0.0084336
0.0013299
-0.0068557
0.0041893
-0.0036683
0.0046252
0.0022245
0.0043914
-0.0029797
-0.0035361
0.001538
-0.0032448
-0.0027341
0.0086896
0.0049094
-0.000634
0.0025972
-0.0041003
-0.0002878
-0.0023689
-0.0026738
0.005084
-0.0056013
0.0031408
0.0075266
0.0097146
0.0097199
0.006553
-0.003859
0.0093818
-0.0086694
0.0058226
0.0031058
0.0067777
-0.000182
0.0079414
-0.0069654
0.0097083
0.004888
0.0033496
-0.0004463
-0.0095829
0.0019312
0.0045155
-0.0089862
0.0090632
0.0052011
-0.0002972
-0.008309
0.0021588
-0.0071466
0.0045128
0.0075312
-0.00961
-0.0094541
-0.0010419
-0.009324
0.0037718
0.0008567
0.0012433
-0.0041861
-0.003996
-0.0083268
0.0043269
-0.001859
-0.0071345
-0.0071912
0.0052152
-0.0084188
-0.003643
0.0091624
-0.0081238
-0.0010933
-0.0090777
-0.0066333
-0.0011955
-0.0060588
-0.0091077
0.0040817
-0.0088706
-0.003129
0.0011665
-0.0086956
0.0038319
-0.0004034
-0.0025273
-0.0040738
-0.0041435
0.0004315
-0.0088324
0.0077923
0.0029104
-0.0011307
-0.0033309
0.0073795
0.0023149
-0.0016596
0.0046122
-0.002383
-0.0077328
-0.0094296
-0.0045461
0.0026524
0.0096461
0.0097161
-0.0016463
-0.001388
0.0085646
-0.0010061
-0.0075434
-0.0005314
0.0028614
-0.0085835
-0.0057162
-0.0053769
-0.0080818
-0.0061255
-0.0069694
-0.0062073
0.0083821
-0.0074615
-0.0080276
-0.0074607
0.006027
0.0048805
0.0031512
-0.0018576
-0.0018191
-0.0035519
-0.0063343
-0.0096051
-0.0047938
0.0084275
0.0018034
0.0049336
-0.0063209
-0.006881
-0.000447
0.0021172
0.0042686
-0.0013132
-0.0068576
-0.0028342
0.0011445
0.0050072
-0.0026666
-0.0083209
0.0069053
0.0046708
0.0037534
0.0015139
-0.0038159
0.0071976
-0.0058074
-0.0022524
0.0086551
0.0089341
-0.003868
0.0038784
-0.0017999
-0.0038928
-0.0044569
0.0041865
0.0056243
0.0003873
-0.0045755
0.009995
-0.0096182
-0.0099633
-0.0044319
0.0076895
0.0004944
0.0001345
-0.0014216
0.0096758
0.0016655
-0.0071181
0.0063599
0.0049053
0.0073853
-0.0052988
-0.0048548
0.0026207
0.0022218
-0.0045183
-0.0039959
-0.0055994
-0.0057165
-0.0097989
-0.0005648
-0.0040437
0.0050984
0.0055994
0.007973
-0.0077716
-0.0086738
0.0021259
-0.0019853
0.0017923
0.0065398
0.005094
0.0007112
