-0.0091264
0.0006937
0.0060292
0.0055817
-0.0088645
-0.0012451
0.0086405
0.0056118
-0.0099284
0.0040586
0.0089376
-0.0054529
0.0030701
0.0082585
0.006068
0.0082469
0.0071017
0.0043875
0.0029972
0.0028973
-0.0073913
0.0025934
-0.0023488
0.0089351
-0.0009133
0.001189
-0.007641
-0.0082031
0.0063503
-0.0074826
0.0098678
0.0022765
0.005674
-0.0045496
0.0079247
-0.0061901
-0.0058921
-0.0004534
0.0034546
-0.0080018
0.005828
0.0099217
0.0049974
-0.0031273
-0.0073593
0.008807
0.0087157
0.0010438
0.0036169
0.0088005
-0.0018678
0.0073135
-0.0019241
-0.0006653
0.0078158
-0.0041351
-0.0011742
-0.0091188
0.0080859
-0.0075258
0.0038091
0.0065939
0.0063649
0.0065561
0.0078497
0.0063259
0.0052389
0.0005849
-0.0085608
0.0019272
0.0097008
0.0022599
0.0025899
-0.003561
0.0080628
-0.0006731
-0.008105
0.0087206
0.00763
0.0088308
-0.0083692
0.0011352
0.0018569
-0.0064486
0.0089272
0.0075388
-0.0091137
-0.0036236
0.0058821
0.0030734
0.0048647
-0.005634
0.0010333
-0.0050547
0.0028867
-0.0012301
-0.0026418
-0.0015443
0.0024262
0.0012118
-0.0049064
-0.0046799
0.0009098
0.0001434
-0.0005054
-0.0027248
-0.0057467
-0.0067552
0.0064317
0.0056013
-0.0050345
-0.0027763
-0.0017757
0.0013674
-0.0035535
-0.0056716
-0.0087841
-0.0047618
0.0026898
0.0012504
0.0027517
-0.0031049
0.0029634
0.0055923
-0.0002446
-0.0098357
-0.0085312
-0.0062838
0.0032124
-0.003176
0.0024298
-0.0065817
-0.0001778
-0.0058358
-0.0019008
-0.0043022
-0.0089542
0.0097117
-0.000775
0.0046421
0.0050534
0.0039988
-0.0080447
-0.0084702
-0.0055776
-0.0030041
0.0009659
0.004787
-0.005606
0.0061661
-0.0004116
-0.0077576
0.0061626
-0.0078556
-0.003782
-0.007013
0.002367
0.0022469
-0.0083953
-0.0097435
-0.0037538
0.0069185
-0.007624
-0.0035036
-0.0019511
-0.0062887
0.0003363
0.0080724
-0.0089208
-0.0085314
-0.0016317
-0.0062765
0.0078262
0.0089834
0.009974
0.0004225
0.0015
0.0060589
-0.0023335
-0.0012161
-0.0027972
0.0018282
0.0096851
-0.0065139
-0.0062549
-0.0032777
-0.0062475
-0.0082354
0.0085572
0.0014929
0.0057926
0.00191
-0.0041448
-0.0038147
0.0051221
0.0099567
-0.0088943
0.0001363
0.0010204
0.0022818
0.0095201
0.003134
0.0007558
0.0058251
0.0009325
0.00402
0.0086842
-0.0039648
0.0088224
-0.0080893
-0.0098955
0.0093551
0.0023946
0.009446
0.0019983
0.0005232
-0.0068254
0.0078626
0.0049663
0.0025426
-0.0095444
0.0087406
-0.005675
0.0025857
-0.0093238
-0.0051665
0.0097662
0.0002195
3.19e-5
-0.0033299
-0.0049643
0.0029065
0.0063494
-0.0059667
-0.001523
0.006461
0.0072334
0.0066512
-0.0061958
0.0077822
0.0025005
-0.0076794
-0.0037059
0.0008907
-0.0056393
-0.0061356
0.0087937
0.0079957
-0.0037169
0.0037735
-0.004955
0.0031409
0.0091438
0.0071667
-0.0044546
-0.0092105
0.0023788
-0.0092102
-0.000477
0.0020031
-0.0082556
0.0016395
-0.0091962
-0.0085343
-0.0090515
-0.0093026
0.0042329
0.0081833
-0.0068488
-0.0096636
0.0049369
0.0043267
-0.0064624
0.0085598
0.0065752
-0.0064135
0.0058333
0.0086184
0.0010101
-0.0050105
-0.0062858
-0.0070557
-0.0045264
0.0045378
0.0012718
0.0097404
-0.0010055
0.0086861
0.008453
-0.0071627
0.0099984
0.0001944
-0.0079386
0.0083262
0.0050167
0.0078047
0.0041907
-0.0015686
-0.0075319
0.000124
0.0090416
0.0003683
0.0007348
-0.0031215
0.0038882
-0.0004543
0.0063668
0.0026233
0.0099135
0.0061734
-0.0034115
-0.0089702
-0.0023095
-0.0099142
0.0068395
0.0012943
0.006439
-0.0017644
-0.0011553
0.0063122
-0.007042
0.0045744
0.0063792
0.0083449
-0.0085472
-0.0017967
-0.0091853
-0.001429
-0.0022244
0.0077927
-0.0067888
0.0070034
-3.67e-5
-0.0053613
0.0080762
0.0001404
0.0024259
0.0089331
0.0043298
0.0042437
-0.0039801
-0.0002026
-0.0039529
-0.0018829
0.0038539
0.0049023
0.0086021
-0.0036467
0.0049996
0.000531
-0.0094001
0.0074059
0.0042762
0.0022665
0.000576
0.0001193
-0.003248
0.0032228
-8.67e-5
-0.0032015
0.0024157
-0.0055552
-0.0064976
0.0086134
0.005994
0.0077201
-0.0046886
-0.0075202
-0.0012038
-0.0055336
0.0042257
-0.0038387
-0.0079825
0.0001667
-0.0005809
0.0002637
0.0038862
0.0041998
-0.0061872
0.0079479
0.0029299
-0.0014213
-0.0011846
0.0067624
-0.0016764
0.0001365
-0.0072196
-0.0001846
0.0084504
0.005208
-0.0076107
0.0063454
-0.0049731
0.0060658
0.0021397
-0.0010912
-2.03e-5
-0.0042449
0.001532
-0.004841
0.009135
-0.0089966
-0.008209
-0.0001082
0.0056257
-0.0010036
-0.0003723
0.0006277
-0.0021264
0.0031807
0.0040518
-3.99e-5
0.0017924
-0.0020199
-0.0065885
-0.0094058
0.0003708
0.0059946
-0.006091
0.0099023
-0.0089639
-0.0072357
0.0046629
0.0017592
0.0084852
0.0009655
0.0098389
-0.0062686
0.0009539
-0.0006957
-0.0013332
0.00042
0.0001502
-0.0004399
0.0073704
0.0038426
-0.0044397
-0.0086888
0.0023296
0.0002125
0.0073228
0.0084137
0.004739
-0.0018561
0.0011141
0.0099381
-0.0006109
-0.0071554
-0.0047038
0.0021615
0.0050362
-0.00346
-0.0054007
0.0017918
-0.0077246
0.0029296
0.0060871
-0.0064557
0.0032163
0.0003136
0.0065064
0.0027443
-0.0029154
0.003897
0.0012392
0.0090168
-0.0004179
0.0071676
0.0074381
-0.0054129
0.00357
0.0019022
-0.0011046
-0.009208
-0.004894
0.0053907
0.0034023
-0.0017949
-0.0024667
0.008638
-0.0011365
-0.0060317
-0.0084355
-0.0012401
-0.0089279
0.0054025
-0.0064099
0.0082637
0.0065362
0.0020495
-0.0084783
-0.00298
-0.0001777
-0.0038366
0.0054069
