-0.002893
-0.0099071
0.0028629
-0.0047433
-0.0077523
0.0035758
0.0010026
0.0045895
-0.0075412
0.0023287
0.0059722
-0.008851
0.0044912
0.0014766
-0.0014818
-0.0009666
0.0088436
-0.0019101
0.0021186
0.0043562
0.0056957
0.0018292
-0.0036247
-0.003388
0.0087363
-0.0081117
-0.0037101
-0.0037049
-0.0016685
0.0073169
0.0091004
-0.0029655
0.0085918
-0.0084136
-0.0024242
0.001382
0.007093
-0.0087638
0.0070641
0.0035703
-0.0065684
0.0081491
0.0052126
0.0086685
-0.0021841
-0.0021779
-0.0082276
-0.0004175
0.0021266
0.0033933
0.002978
0.002369
-0.0010054
0.0070057
-0.0021383
-0.0051921
0.0013481
-0.0096856
0.003521
0.0092298
-0.0099018
0.0063823
-0.0036093
0.0083707
0.0040913
-0.0078232
-0.0097307
-0.0045308
0.0089851
0.0034717
-0.0011039
0.0051149
-0.0015644
0.0089051
0.0005636
-0.003812
-0.0001396
0.0047059
-0.0024437
0.0001142
-0.0061273
-0.0074228
0.0032861
0.0054662
-0.0059709
-0.0054319
0.0044427
0.0002774
0.007826
-2.81e-5
-0.0050629
-0.0055098
-0.0019324
-0.001761
0.0004823
0.0069222
-0.0061968
-0.0037914
-0.00598
-0.002116
0.009771
-0.0069658
-0.0096727
-0.0085518
0.0092271
-0.0067558
-0.0003228
0.0020945
-0.0037376
-0.0024843
0.0069718
0.0014974
-0.0073305
0.0013532
-0.0083103
0.006028
-0.0020725
0.0021961
-0.0011807
-0.0058346
0.0034431
0.0079085
-0.0024213
-0.0052789
0.0061081
0.00519
-0.00157
0.0036272
0.0014807
-0.0064606
-0.0004976
0.0007254
0.0051094
0.0075447
0.0039244
-0.0070353
-0.0071067
-0.0022354
0.0055915
-0.0030478
-0.007653
0.0021925
-0.0097591
0.0051846
-0.0041412
-0.0010996
0.0080701
-0.0046227
-0.0089645
-0.0022456
0.0017763
-0.0030361
-0.0014398
0.0084458
0.0060098
-0.0003456
0.0047651
-0.0080351
0.0071824
-0.0038751
-0.0019402
0.0057175
0.0074825
-0.006504
0.0053793
-0.0080762
0.0036102
-0.0077684
0.0040126
0.0090057
-0.0081424
-0.0055474
-0.0095236
-0.0093424
-0.0008269
-0.0025262
-0.005177
0.0041772
0.0090567
0.0071023
0.0039379
-0.0017845
-0.0027514
0.0067801
-0.0013009
0.0093801
-0.000598
0.0079015
-0.0080915
0.004389
0.0063508
0.0015231
0.0074697
0.0072826
0.0085761
-0.007731
-0.0062474
-0.003524
0.0036354
-0.0052262
0.0047973
-0.0085508
-0.0092476
-0.0011516
0.0019093
0.0020998
0.0034133
-0.0037196
-0.0044301
-0.0044062
0.0003213
0.0071653
0.0019814
-0.0004805
-0.0074068
0.000446
-0.0018383
-0.0078429
0.0054622
0.0072301
-0.0041573
-0.0002728
-0.0019403
0.0092304
0.0081565
-0.0028659
-0.0097529
-0.0091591
-0.0036864
-0.0014325
-0.0002261
-0.0035292
0.0078823
-0.0040729
0.0024096
-0.0062949
0.0078935
0.0062272
-0.0029355
-0.0081716
0.0054664
-0.0069398
0.001894
-0.0028504
-0.004766
-0.0038697
-0.0077744
-0.0055022
-0.0080974
0.0007552
0.0037503
-0.0079372
0.0046819
-0.0081353
0.0048582
0.0067839
0.0086124
0.0067421
-0.0081526
-0.0019167
-0.0058677
-0.0029797
-0.0077884
0.005405
0.0004101
0.0065015
0.0051604
0.0026173
-0.0022986
-0.0029398
0.0043312
-0.0091438
-0.0042487
0.0037005
0.0024655
-0.0068
-0.0091847
0.00292
0.0015519
0.0037968
-0.0036655
-0.0077467
-0.0059044
-0.0085914
-0.0031637
0.0016848
0.0084948
-0.0003424
-0.0022258
-0.0018959
-0.0063576
-0.004341
0.0031729
-0.0028653
0.0016734
0.0067911
-0.0020775
0.0021651
0.0049938
-0.002686
-0.0040921
0.0014871
-0.0005993
-0.0095021
-0.0013485
0.003965
0.0015972
-0.0082998
0.0071673
0.0052141
-0.0095378
-0.0038061
0.0059583
-0.0060817
0.0059975
-0.004413
0.0086395
0.0052505
0.007932
-0.0020262
0.0017801
0.0052234
0.001457
0.0062505
-0.0093537
-0.0096276
-0.0048129
-0.0092697
-0.0044535
-0.0042733
0.0066534
0.0065786
0.0007235
-0.0008524
0.0066829
-0.0087236
0.0055693
0.0026578
-0.0013425
-0.0018921
-0.005302
-0.0037252
0.0045218
0.0082637
0.0011146
-0.0058808
0.0021316
-0.0050503
-0.0049759
0.0086141
0.0065677
-0.004965
-0.0058446
0.0055741
0.0013552
0.006774
-0.0080661
-0.0054786
0.0061837
0.0018422
0.0050897
0.0086128
-0.0094817
0.0064848
0.0021153
-0.0066833
0.0050874
0.0041575
0.0014323
0.0028643
-0.0018414
-0.0067445
-0.0044831
-0.002364
0.0092752
0.0018873
0.009417
0.0010499
-0.0007484
0.0004467
-0.0073788
0.0031913
0.0063776
-0.006642
0.0055179
0.00058
0.0028588
-0.0047135
0.0005301
-0.0049433
-0.0012473
-0.0047316
0.0010394
-0.0079671
0.0066707
-0.0064061
0.0035171
-0.0052022
0.0040504
-0.0031422
-0.0096594
-0.0077442
0.001148
0.0033475
0.0096182
-0.0095018
-0.0059942
0.0084277
-0.0061696
-0.0004059
-0.0008338
-0.0062899
0.0001781
0.0089012
-0.008549
-0.0039949
-0.002838
-0.0033936
-0.0061089
-0.000889
0.0051401
0.0057052
-0.0091631
0.0083582
0.0008399
0.0068161
0.0067431
0.0096452
0.0033887
-0.0095319
0.0088495
0.0010771
0.0092798
-0.0081713
-0.000577
-0.0083092
-0.0074105
-0.0081013
-0.007846
-0.00634
0.0038994
0.0087062
0.0037355
0.0030199
-0.0020537
-0.00469
-0.000791
-0.0022078
-0.0014849
0.0098207
-0.0008629
-0.0032044
0.0001496
-0.0019786
0.0053765
-0.0055167
0.004918
0.009016
0.0003973
0.0056609
-0.0011106
-0.0065555
0.0061396
0.0051266
-0.0028469
0.00911
-0.0084517
-0.0066531
0.0092763
-0.00593
0.0052952
-0.0043976
0.0034879
-0.0073862
-0.0040162
0.0087635
0.0088717
0.0014634
0.0066245
-0.0011303
-0.0068546
-0.0017336
-0.0021721
0.0004363
-0.0088077
0.0087281
-0.0068752
0.0060548
0.0014978
-0.0011853
-0.0001449
0.008306
0.0095338
0.0005379
-0.005035
