-0.0083914
0.0036488
0.0084727
0.0035859
-0.0047935
0.0007494
-0.00995
-0.0050559
-0.0020001
0.0079229
-0.0095539
0.0053636
0.0034131
0.0099616
0.0021414
0.0022867
0.0073922
0.0061337
-0.0005031
0.0082741
-0.0095972
0.0083082
0.001865
-0.0092525
0.0012732
-0.0037254
-0.0031079
0.0003542
0.0091359
0.0031999
-0.0034227
0.003869
-0.0097175
-0.0031699
-0.0050466
0.0073695
0.0066067
0.0035756
0.009857
-0.0078268
0.0062428
-0.0025018
-0.0087204
-0.0095727
0.0007169
-0.0011137
0.003934
-0.0020986
-0.0052687
0.0013129
-0.0059993
0.0086679
0.004547
-0.0092446
0.0015477
0.0093561
-0.006742
-0.0008483
0.0034
0.0071728
0.0045903
0.0040269
-0.0032885
-0.0079134
-2.17e-5
0.0088341
-0.0036395
-0.0092892
-0.0068169
0.0048218
-0.003962
0.0004621
0.0063616
-0.0016304
-0.0094967
0.0019584
0.0062218
0.0088658
0.0038466
-0.0031265
-0.0065359
-0.0046782
-0.0023822
-0.0044877
-0.0067973
0.0053044
0.0089928
0.0018724
0.0029028
0.0017573
0.0094884
-0.0061952
0.004973
-0.0083461
0.0012188
0.0071089
-0.009453
-0.0076517
0.0068792
-0.0069326
0.0050488
-0.0093716
-0.0029361
-0.0093839
-0.0054895
0.0015515
0.0066305
0.0023381
-0.0077736
-0.0027947
-0.0078786
0.0087294
-0.0096326
-0.0077153
-0.0084154
-0.0014094
-0.005302
-0.0094178
0.009104
0.0074782
-0.0072596
0.0060603
0.0037233
-0.0026052
0.0092838
0.006827
0.0027597
0.0080929
-0.0044484
-0.0092458
0.0051673
-5.68e-5
0.003541
-0.0009697
-0.0053846
0.0018136
-0.0085373
-0.0019357
0.0090417
0.0099832
-0.0080648
-0.008645
0.0058615
-0.0005092
0.0080907
-0.0018809
-0.0080309
0.0082822
0.0098416
-0.0067184
-0.0089064
0.006858
-0.000245
-0.0087654
0.0023354
-0.0021995
0.006268
-0.0027377
0.0005894
0.0048279
-0.0035543
-0.0023107
-0.0046799
-0.0078876
0.0040584
0.0091126
-0.0091557
-0.0080589
-0.0066383
0.0025682
-0.0096885
0.0087814
-0.0050839
0.0050297
0.009618
0.0096511
-0.0097692
0.0090168
0.008096
0.004219
-0.0063822
0.0059421
-0.0055134
-0.0018273
0.0087572
0.0099006
-0.0069651
-0.0023332
0.003004
0.0059739
-0.0071523
-0.0052325
-0.0087115
0.0079371
0.0082983
0.0085612
-0.0015259
0.0012052
-0.002169
-0.0014806
0.0029515
0.0085931
0.0046128
-0.0053452
0.0095931
0.0022058
0.0064067
-0.0038696
-0.0017563
0.0012252
0.004815
-0.0086778
-0.0037649
-0.0076041
-0.0001446
-0.0062617
0.0086957
-0.0096282
0.0006091
-0.0012068
-0.0024805
-0.0067178
0.0035669
0.0063485
0.0020963
-0.0015699
0.0002346
0.0089856
0.0058314
-0.0066842
-0.0098286
0.0044928
0.0012442
0.0046389
-0.0043441
-0.0077844
-0.007609
-0.0073104
0.0058246
-0.0092118
-0.0005781
0.0043539
-0.000409
-0.0047549
0.0074715
-0.0084856
0.0098035
0.0028354
-0.0046198
-0.0016063
-0.0036149
0.0012979
-0.0074322
0.0040746
-0.0066686
0.0017228
0.0069418
-0.0060739
0.0086783
-0.0074327
-0.0059292
-0.005724
-0.0067935
0.0004438
-0.0084161
-0.0035944
-0.0009485
-0.0046039
-0.0042679
0.0070155
-0.004159
-0.0026631
0.0012223
-0.0094161
0.0080805
0.0079798
0.0027557
0.0015215
-0.0083853
0.003241
0.0045062
-0.0081888
-0.0017474
0.0056498
-0.0061341
0.0097896
-0.0050532
-0.0099049
0.00704
-0.0067792
-0.0020346
-0.0026632
0.0074698
-0.006939
-0.0025265
0.0008393
-0.0063865
-0.0021497
0.0041262
0.0030947
-0.0075387
0.0029242
-0.0043512
-0.0026526
-0.00653
0.0086865
-0.0060856
-0.0037769
-0.0013781
-0.0037241
-0.0067629
0.0092144
0.0092678
0.0052899
0.0070938
-0.0016864
0.0038025
0.0024922
-0.0093586
0.0023744
0.0076396
0.002086
-0.0078971
-0.0083144
0.0088024
-0.0080901
-0.007833
0.0005977
-0.0055021
-0.0029093
-0.0018538
0.0044899
0.0016204
0.0071534
-0.0054962
-0.0071255
0.0084477
0.0007918
0.007411
-0.0072911
-0.0036179
-0.0068203
-0.0024245
0.0046706
0.0041953
0.0038979
-0.0023254
-0.0009428
0.0071827
-0.0071673
0.0038132
0.0083132
0.0069059
-0.0086971
0.0073003
0.0071834
-0.0020417
-0.0072235
0.0087994
-0.0036412
-0.0078827
-0.0087345
0.0084288
-0.0052269
-0.0059867
0.0053365
0.0082085
0.0010559
0.0005772
-0.0080914
0.0072142
0.0090665
-0.0015301
-0.0002511
0.0039337
-0.0013237
0.0039483
-0.0030355
0.0070158
0.0078895
-0.0060299
0.0066041
-0.0070181
-0.0036413
-0.006205
-0.0022808
0.0076894
0.0091487
0.0035546
-0.0088792
0.0056154
-0.0047941
0.0093404
0.0081877
0.0071844
0.0029631
0.0066185
0.0065611
0.0010872
0.0053983
-0.0038652
0.0025935
0.00219
-0.0089079
-0.0050742
0.0072869
0.0019992
0.0080805
0.002865
0.0078069
0.0022909
0.0037897
-0.0053196
0.0011202
-0.0014962
0.0039786
-0.0026126
0.0096693
-0.0054288
0.0094025
-0.0011999
0.0062654
0.0002117
0.0083016
-0.0083937
0.0023387
-0.0040641
0.0003703
-0.0028937
-0.0005448
0.0013598
0.008089
-0.0050151
-0.0019392
-0.0057324
-0.0055267
-0.003826
0.0069349
0.007255
0.0054864
0.0043653
-0.0010926
0.0007214
-0.009657
-0.0022547
0.0006505
-0.0066603
-0.0017111
0.0033177
-0.0091216
-0.0039623
0.0067852
0.0078072
0.0031019
0.0093185
0.006351
0.002846
-0.000609
-0.0002869
-0.0086474
-0.0005146
-0.0005356
-0.0039583
0.0027853
-0.0002974
-0.0016235
-0.0077735
-0.0032143
0.0084691
0.0088753
0.0024934
0.0043625
-0.0004601
-0.0072651
-0.0083293
-0.0079195
-0.0021324
-0.003106
0.0028423
-0.0076858
0.001361
-0.0026897
-0.0007988
0.0053351
0.0008801
0.0068743
-0.0045122
-0.0041585
-0.004852
0.0029959
0.0020275
-0.0002514
-0.0098666
0.0078281
0.007316
