0.0075109
0.0058832
0.008903
-0.0082871
-0.0017676
0.0046478
0.0063732
0.0039955
-0.0068784
0.0060682
0.0033577
-0.009198
0.0051075
0.002273
0.0077526
0.008483
0.0082015
0.0022965
0.0058668
0.0072686
-0.0027964
-0.0017957
-0.0019687
0.0007139
-0.007878
0.0083054
-0.0059124
-0.0033481
-0.0010719
-0.0006803
0.0051645
0.0014667
-0.0015909
-0.0096258
-0.0055992
0.0090698
-0.0039485
-0.0017809
0.0062137
-0.0037712
0.0062659
0.0053504
0.0083473
0.008029
-0.0027755
0.0048893
-0.006117
-0.0049309
-0.0051525
0.0047073
0.0023053
-0.0042694
-0.0089022
-0.0085282
-0.0040645
-0.0025843
-0.0078058
-0.0036163
-0.00735
-0.0030145
0.0049267
0.005045
0.0004855
0.0069168
0.0096746
-0.006543
0.0099281
0.0008911
-0.0072911
-0.008877
0.0097117
0.0079854
-0.0087537
0.0039716
-0.0039878
0.0061113
-0.0048452
-0.00832
0.0044917
0.0039208
0.0015988
0.0004112
0.0062406
-0.0025378
-0.0038793
0.0080519
-0.0090966
0.0036568
0.0025213
0.0054655
0.00937
0.0033808
0.0042864
0.0092499
-0.0015888
0.0070459
-0.0017906
0.0026005
-0.0036893
-0.0027024
0.0049354
-0.007548
0.0089962
0.0022239
0.0033145
-0.0046639
-0.0052452
0.0052473
-0.0041529
-0.0066853
0.0049288
-0.0093518
0.0060391
0.0008754
0.0094073
-0.0044217
0.0062896
-0.0015002
0.008427
0.0089707
-0.0077952
0.0046177
-0.0021832
-0.0021358
0.0081743
0.0004364
0.0076692
-0.0083285
-0.0024432
-0.0092082
0.0005117
0.0069425
0.0070798
-0.0051268
-0.0032334
0.0057836
-0.0025674
-0.0047447
-0.0037886
0.0094668
-0.0075943
-0.0027299
-0.0028711
-0.001945
0.0088272
0.0045097
0.0002012
-0.0057212
-0.0091134
0.0040053
-0.0005698
0.009167
0.007645
0.0065018
0.0071593
0.0003029
-0.0068104
0.001807
0.0012745
-0.0072725
-0.0014523
0.0086492
-0.0049535
-0.0028175
0.0068583
-0.006357
-0.0018153
-0.0001293
0.0032121
0.0055329
-0.0063088
0.0021313
-0.003619
-0.005474
-0.0059515
0.0044285
0.0041904
-0.0097694
-0.0003748
-0.0030919
-0.0005387
0.0094765
0.0050415
0.0016506
-0.0001637
0.0079048
-0.004508
0.0071827
-0.0025021
0.0019421
0.0050062
0.0022894
-0.0056666
-0.0040817
-0.0006463
0.0037311
-0.0044308
0.0056073
-0.0026077
0.0077424
0.0092729
-0.0040071
0.0026933
-0.0059495
0.0081975
-0.0078336
-0.0074214
0.008903
0.0090993
-0.0097364
0.0098152
0.0013438
0.0072882
0.0084003
0.0066687
0.0090794
-0.0007131
0.0092012
0.008684
0.0068618
-0.0013146
0.0025228
0.0005667
0.009485
-0.0068582
-0.0086909
-0.0021548
-0.0049534
-7.58e-5
-0.0065136
-0.0037733
0.0041689
-0.0006637
0.0051291
0.0011391
0.0091642
0.003556
-0.0071187
-0.0027637
-0.0090597
0.0075472
-0.0056964
-0.0042753
0.00313
0.0027488
0.0027592
-0.0079081
0.0027129
0.00693
0.0026925
-0.0011668
-0.0008955
-0.0046639
-0.0051242
-0.0005357
-0.0001787
-0.0085967
0.0021904
-0.0062647
0.003764
-0.0096638
0.0056173
-0.0061755
-0.0081544
-0.0077632
-0.0032472
0.00583
-0.0031423
0.0079396
0.0019638
-0.0047196
-0.0022211
0.0063579
-0.0038594
0.0049752
0.0038644
0.0014779
-0.0038705
0.0046879
-0.0066987
0.0054518
0.0087013
-0.0062176
0.0063747
-0.0025915
-0.0077483
-0.0004106
-0.0037499
0.002053
-0.0070401
0.0039429
0.0093148
-0.0078099
-0.0072897
-0.0070635
0.0096432
0.0059206
-0.0066229
0.0062161
-0.0041797
-0.0033587
0.001724
-0.0095542
-0.0029324
0.0099574
-0.0016913
0.0051098
0.0033373
-0.0002409
-0.0073201
-0.0003635
0.0082384
0.0028494
0.0086281
0.0001431
0.0021495
-0.0024667
0.0087873
0.0015368
-0.0001038
0.007866
-0.0077205
-0.0044731
-0.001333
-0.0022049
0.0073576
0.0082917
0.005446
0.0003016
0.0037926
-0.0063389
-0.0024581
-0.0019623
-0.0039837
-0.001391
0.0028573
-0.0029137
0.002666
0.0050523
0.0067869
-0.0028153
0.0057743
-0.0021337
0.0033256
-0.0030892
0.007363
0.0020849
0.0069996
-0.0002945
0.0095272
0.0009896
-0.0003519
-0.0029113
0.007348
-0.0024447
-0.0013692
0.0018355
0.0038222
0.0041583
-0.007533
-0.0077516
0.0093059
5.65e-5
0.0080083
-0.004674
-0.0060014
-0.005801
0.0058998
-0.0097606
-0.0014541
0.0086161
-0.0036104
0.0065126
0.0009386
0.0076529
0.0071311
0.0088624
0.0027659
-0.0028287
0.0005195
0.0020089
2.27e-5
-0.006265
0.0037758
0.0070787
-0.0052797
-0.0097398
0.0055631
0.0027427
0.0072525
0.0033429
-0.0074021
-0.0030017
0.0059734
0.008478
-0.0098649
-0.005115
0.0050066
-0.0010591
0.0070104
-0.005672
-0.005196
-0.0086575
0.0075707
-0.0045637
0.0071314
0.0064974
0.0042068
-0.0061483
-0.0057001
-0.007595
0.0005162
-0.0047429
0.0061879
-0.0027626
0.0034949
-0.0061365
0.0072428
-0.0017561
0.0043872
-0.0036935
-0.0035635
-0.0073545
0.0077228
0.0094133
-0.0095404
-0.003075
-0.0066066
0.0023657
-0.0039899
0.001495
0.0069153
0.005604
0.0023445
0.0079886
-0.0094612
-0.0074541
0.0021675
0.0096761
0.0005862
-0.0011011
-0.0072388
-0.0083272
-0.0047959
0.0098495
0.0062057
0.0008154
0.0020691
-0.0093921
-0.0013448
0.0064999
0.0073168
-0.0047896
0.0069388
-0.0064148
-0.0093024
-0.0049207
-7.28e-5
0.0076837
0.0003452
0.0036231
0.0072922
0.0038614
-0.0070189
-0.0026945
0.0060985
0.0023177
0.0085977
-0.0070568
-0.0044409
-0.0048433
0.0036485
0.0036386
0.0055237
0.0077115
-0.0032523
0.0028893
-0.0011527
0.0071602
0.0041823
0.0025353
-0.0078686
-0.0046041
0.009655
-0.0054035
-0.0030192
-0.0058292
0.0052794
0.0045003
0.0006569
0.0056048
-0.0031511
0.0011273
-0.0053836
-0.0096678
