0.0087135
-0.0061836
0.0020915
-0.0036441
0.0062883
-0.006446
0.0071093
-0.008419
-0.0086391
0.0076042
-0.0073846
-0.0091907
0.0095927
-0.0057141
-0.0064827
-0.0021197
-0.0023769
0.0056092
-0.0063078
-0.0049087
0.0008054
-0.0024968
-0.001499
0.000868
0.005082
0.0067275
0.0085595
-7.9e-6
-0.0099512
-0.000321
0.0050846
-0.0028088
-0.0059863
-0.0061186
-0.0071907
-0.0015449
0.0061365
-0.0069776
0.0050813
-0.007506
0.0015516
0.0054804
-0.0017336
-0.0046495
0.0046438
-0.0079132
-0.0086846
0.0064437
0.0040439
0.0090147
0.0096457
-0.0064204
0.0018502
-0.007872
0.0006982
-0.0025366
-0.0060593
0.0044427
-0.0056794
0.0023546
0.0009402
-0.0021254
0.0027711
0.0086399
-0.0010421
0.0042609
-0.0052914
-0.004957
-0.0098529
0.0036795
-0.0065629
0.0061327
0.0078242
0.0072696
0.0022812
0.0031194
0.0003764
0.0039689
0.0071352
0.0019242
0.0076971
-0.0047304
6.89e-5
0.0063092
0.0068739
-0.000577
0.0054201
-0.0098207
0.0085237
0.0070482
-0.0085102
-0.0017714
-0.0051555
-0.0062454
0.0053313
0.0002645
-0.0065718
0.0021039
-0.0057536
0.0087952
-0.0048789
0.0014152
0.0007483
-0.0073365
0.0062761
-0.0052536
0.0074753
-0.008242
0.0062526
0.0091502
-0.0047822
0.0049947
0.0084286
-0.004812
0.0081373
-0.0079197
-0.0080108
0.0088323
-0.0014706
-0.0026904
-0.0020927
0.0016103
0.0044635
0.0052328
0.0022484
-0.0061563
-0.003774
0.0049852
-0.0061533
0.0080479
-0.0001499
0.0030077
0.0078452
0.0025753
-0.0051639
-0.0035819
0.0093892
0.003372
0.0073824
-0.0025334
-0.0054163
0.0033299
-0.0009566
0.0001126
0.0025465
-0.0099108
0.008084
-0.000664
-0.0058214
0.0087946
0.0059712
0.0018737
0.0078731
-0.0042347
0.0068883
-0.009548
-0.0073602
0.0051128
0.0082524
0.0038167
0.0056659
-0.0012335
-0.0023312
-0.0016072
-0.0024052
-0.0049574
-0.0064233
-0.0053692
-0.0042071
0.0046847
-0.0026578
0.0084665
0.0083489
0.0056481
-0.0047636
-0.0011528
0.0030808
-0.0093022
0.0064113
0.0012687
0.0008086
0.0073882
-0.0031552
-0.0016218
0.0094389
-0.0046452
-0.0090931
-0.0063051
0.0046224
0.00288
-0.0084848
-0.0085722
0.0047858
-0.0016868
-0.0072586
0.0018968
0.0023852
0.0029369
0.0073649
-0.0042604
-0.0062511
-0.0025121
-0.0089234
-0.0090318
-0.0083055
0.005819
0.0059245
-0.0001297
-0.0014106
0.0045805
-0.007705
0.0055301
-0.0020543
-0.000316
0.0011959
-0.0066713
-0.0095534
-0.0058787
-0.0063987
0.0099311
-0.0025008
0.0032992
-0.0019539
-0.0041977
-7.02e-5
-0.002676
-0.0080552
-0.0082309
-0.0003675
0.0097521
0.0029202
0.0097294
-0.0029378
-0.0016163
-0.0013684
-0.0009517
-0.0004142
-0.0027222
0.0082159
0.0091902
-0.0060322
-0.0033021
0.0001056
-0.0079076
-0.0074468
0.0040763
0.0096956
-0.0033094
-0.0076541
-0.0059348
-0.0066273
0.0064938
0.0038396
0.0013853
0.0061309
0.0024434
-0.0047033
0.0075055
-0.0080373
-0.0038967
0.0099224
-0.0013742
0.0045331
0.0074115
0.0089418
0.000392
-0.0071724
-0.0013008
-0.0015274
0.008733
-0.0014779
0.0013655
-0.0001445
0.0093613
0.0001201
-0.0016652
-0.0077869
0.0040435
-0.0038945
0.0054246
-0.0002717
0.0022293
0.001565
-0.0055066
0.0050793
-0.0036849
-0.0042824
-0.0017056
-0.0029548
0.0080644
0.004653
0.0074947
0.00694
0.0019859
-0.0064068
-0.0081627
-0.0030571
0.0046445
0.0014122
0.001835
0.0010852
-0.0041037
0.0035546
0.000394
-0.0073419
-0.0022384
0.0061808
-0.0027061
0.00385
-0.0084942
-0.0058763
0.0050942
-0.00063
-0.0078763
0.0031936
0.0084701
0.0031671
0.0009584
0.003157
-0.0081866
0.0078881
0.0004995
-0.0034794
-0.0081104
-0.0086334
0.001845
-0.0074287
0.0056016
0.0026936
-0.0006074
0.0025425
0.0075389
-0.0062508
0.0032124
-0.0050127
0.0070949
0.0096849
-0.0019705
4.6e-6
-0.0083907
-0.0067373
-0.0054416
-0.0085564
-0.0098227
0.0004031
0.0018622
-0.0046763
-0.0003573
0.0057319
-0.00579
0.0030212
0.0025444
0.0023024
-0.0014796
0.0036675
0.0007746
-0.0080456
-0.0064713
0.0070646
-0.0035678
-0.0003672
-0.0024014
-0.0033913
0.0057357
-0.0074034
-0.0096573
0.0073251
-0.004488
-0.00725
0.0064285
-0.0027431
-0.0054054
-0.0066973
0.0037909
0.0097805
-0.0007066
0.0075378
-0.0061134
0.0002712
-0.0098145
-0.0007145
0.0092593
0.0089047
-0.0098104
-0.0052179
0.0016115
0.0029953
0.0049303
-0.0015351
0.0018996
0.000934
-0.008171
0.002248
0.0047372
0.0038234
-0.0011524
0.0091536
-0.0077379
0.0001371
-0.002649
-0.0072263
-0.0036336
-0.0011858
-0.0069513
-0.0009274
0.0064376
-0.0076638
-0.0012821
-0.0052226
-0.0080482
-0.0037012
0.0015424
-0.0031117
-0.003501
-0.0005262
0.002505
-0.0091186
-0.0008646
-0.0005201
-0.0068699
0.008701
-0.0076002
0.004632
0.0045956
-0.0005326
-0.0014069
-0.0047969
0.0026688
-0.009681
-0.0006885
0.0048404
-0.0008203
-0.0013603
-0.0033384
0.0094609
-0.0006115
-0.0014238
6.56e-5
0.0057028
0.0006095
-0.0028665
0.0071649
-0.0089971
-0.0059178
-0.0044637
-0.0071226
0.001633
-0.0014027
0.0053509
-0.0011853
-0.0062445
0.0014268
0.006784
0.0025517
-0.0087455
-0.0043217
-0.0076905
0.0053101
-0.0073855
-0.0041171
0.008689
-0.0002903
-0.0067986
-0.0070951
0.0005642
0.0006062
0.0040022
0.0015562
0.0082603
0.0055369
0.0068397
0.0052983
0.0065731
0.0043579
0.000297
0.0045697
0.0067022
-0.0034658
0.0043051
-0.0040473
0.002267
0.0015826
-0.008601
-0.0065672
-0.007083
-0.0033782
-0.0029599
0.0003748
0.0082655
0.00199
0.0030709
0.0067837
0.0023926
0.0098504
-0.0050457
