-0.0083598
-0.0073956
0.0042711
0.0036803
0.0012851
-0.0058704
-0.0062887
0.0017772
-0.0099263
0.0020974
-0.0078518
0.0089812
-0.0080652
0.0058207
0.006717
0.0011862
-0.0054319
0.0076861
-0.0091692
-0.0078583
0.0025756
-0.0082153
0.0072783
0.0028033
-0.0003279
0.0087633
0.0059337
-0.0023332
0.008625
-0.0042885
0.0025281
0.000976
0.0035818
-0.0066748
-0.0084558
0.0002763
-0.0050913
0.0028351
0.006274
0.0056484
-0.0092313
0.0090577
0.0039208
0.000396
0.0019216
0.0067235
-0.0074161
0.0074358
0.0010156
0.0044741
-0.0017267
-0.0003961
0.0063268
-0.0016045
-0.0018934
0.0086787
0.0069423
0.008424
-0.0034757
0.0043549
-0.0095304
0.0075631
-0.0035614
0.0027002
-0.0004058
-0.0006936
0.0082542
-0.0096834
-0.0013302
-0.009182
0.0072273
-0.0062132
0.0097017
0.0031657
0.0034993
0.003884
-0.0082975
-0.0044625
-0.0074674
0.0063199
0.0039865
0.0035989
-0.0096573
-0.0009396
0.0012753
0.0030804
0.0040168
-0.0083827
-0.0037829
-0.0045129
-0.0065972
-0.0055562
0.0060609
0.0095166
-0.009711
0.0014226
-0.0006895
0.0034075
0.0080642
-0.0040651
0.0043391
0.0053689
-0.0055655
-0.0087103
0.0081172
0.0096495
0.0053192
0.0041001
0.0098606
-0.0070679
-0.0043179
0.0071606
0.0039175
-0.0098077
-0.0050632
0.0091763
0.0050569
-0.0046135
-0.0051274
-0.005476
0.0076919
-0.0076706
-0.0056162
-0.0086757
0.0008568
-0.0039747
0.0078144
-0.0047903
-0.003718
-0.0086475
-0.0008599
-0.0077568
-0.0050868
-0.0075615
-0.0068919
-0.0056693
-0.0029029
-2.9e-5
0.0061416
-0.0061311
0.0014189
-0.0082178
-0.0035132
0.0098007
-0.0044672
-0.0093712
-0.0003728
-0.0076904
-0.0064673
-0.0004591
-0.0097791
0.0010311
0.0087363
0.0098443
-0.0032767
0.0053887
-0.0093421
0.0009415
-0.0034551
-0.0044149
-0.0086447
0.0067988
-0.0027542
0.007674
0.0018646
-0.0049332
-0.0049168
-0.0099835
-0.0042573
0.0027197
0.0025979
-0.0097893
0.0002257
0.0045085
-0.0093519
-0.0096423
0.0063417
-0.0015071
0.0063347
0.0002835
0.0077458
-0.0027682
0.001398
0.0052927
0.0033756
-0.0065442
-0.000287
-0.003565
-0.0087654
0.0004562
-0.0058928
0.0006544
0.0091993
0.0025524
0.0031524
0.0074069
-0.0042224
-0.0050154
-0.0002742
-0.0096152
0.0055105
0.0085014
-0.0033482
0.0054079
0.0035922
-0.0020139
0.0024407
-0.0039444
0.0035344
0.008899
-0.0051943
0.0084699
-0.0003484
0.001225
-0.0008198
-0.0082389
-0.0060104
-0.0009617
-0.0024354
0.0027518
0.0057238
-0.0063402
0.0028386
-0.0077609
-0.0026455
0.0093749
0.0079388
0.005895
-0.0079032
-0.003843
-0.005397
0.0069336
-0.0051984
0.0031554
0.0088966
-0.0023498
-0.0022207
0.0021703
0.0071121
-0.0073503
0.0039159
0.0075016
0.0007745
-0.0083093
-0.0071518
0.0008601
0.0068677
-0.0059448
-0.0055754
-0.0089366
0.0071587
0.0060035
0.0077269
-0.0007645
0.0071424
0.0022957
-0.006088
0.0055556
0.0097274
-0.0081544
-0.0003936
-0.0065252
-0.0061852
0.005547
0.0008885
0.0007435
0.0060484
-0.0085152
0.003708
0.0035319
0.0090251
0.0066963
-0.0028659
0.0009241
0.0049317
-0.0070012
-0.0075214
-0.0096882
0.0041328
0.0078678
0.0003224
-0.001833
0.0088878
0.0081881
0.0076379
0.0017571
0.0027859
-0.0039466
-0.0011808
0.0076013
0.0075844
0.0060903
0.009966
-0.0048607
0.0003897
0.0045116
-0.0008078
-0.0095299
0.0031851
-0.0094497
-0.0006919
0.0085023
-0.0089961
-0.0065107
0.0084592
-0.0056894
0.005629
0.0031794
3.17e-5
0.0057202
0.0091973
0.0073283
-0.0098557
-0.000405
0.0072086
-0.0018591
-0.0018308
0.0091677
-0.0070357
-0.0043682
0.0034082
0.0055885
0.000744
-0.0067033
0.0095628
-0.004528
0.0015779
0.0032533
0.0062205
0.0082614
-0.0035173
0.0027171
0.00552
0.0054803
-0.0019653
0.0003031
-0.0096991
0.0071123
0.0017938
-0.0071673
0.005141
-0.0072805
0.002866
0.0037532
0.0024855
0.0041148
-0.007336
-0.0021448
-0.0031669
0.0010604
-0.0037907
-0.0062759
0.0075742
-0.0020675
0.0060131
0.0089849
0.0033228
7.11e-5
-0.0066768
-0.0034132
-0.0061227
-0.0009755
-0.0024829
0.0006807
-0.0054804
-0.002673
0.0055226
0.0096722
-0.0070155
0.0058717
0.0027096
0.0081952
0.0067864
0.0003011
-0.005567
0.0082411
0.0078248
0.0017528
-0.0089055
-0.0069192
-0.0048317
0.0035756
-0.0012019
0.0078347
-0.0032256
-0.0069095
-0.0015038
0.0048119
-0.0076139
0.0039676
-0.0031244
0.0032345
-0.0069449
0.0081934
0.009911
0.0013111
0.0021267
-0.0048816
0.0057075
-0.0041616
-0.0067978
-0.0069348
-0.0003814
0.0087937
-0.0092246
0.0023353
-0.0029334
0.0019875
0.0097825
-0.0072586
0.0056658
0.0036445
0.0064896
-0.0091554
0.0039862
-0.0064821
0.0016523
-0.0060103
-0.0023777
-0.0017156
0.0003593
-0.0074823
-0.0083027
-0.0094866
-0.0053082
-0.0055403
-0.0080428
-0.0076227
0.0050154
-0.0091587
0.0003477
0.0025251
-0.0038981
0.0095311
0.0098009
-0.0039846
0.0054265
0.0023272
0.0088314
0.005143
-0.0086574
0.0049054
0.0094266
0.0079207
-0.002462
-0.0079716
0.0027184
0.0029611
0.0029414
0.0037533
0.0003597
0.0088705
0.0058215
0.0053833
-0.0010619
0.0019493
0.0021885
0.0039806
-0.0056547
0.009541
-0.007649
0.0025766
0.0011574
-0.0055457
0.0024064
0.0072452
0.0073449
0.0095654
0.0033289
-0.0055755
0.001871
0.0099872
0.0071534
0.0039269
-0.0074268
-0.0024874
-0.0027145
0.0010442
-0.0026818
-0.0049426
0.002843
-0.0038064
0.0009336
-0.0001019
0.0049407
0.0066684
-0.000716
-0.009499
-0.0013962
0.0035285
0.0085255
0.0048761
-0.0034657
-0.0043761
0.0099405
