-0.0060229
0.0019973
0.0017949
-0.008347
-0.0048901
0.0051197
-0.0023038
-0.0027599
0.0039813
-0.0002128
0.0079222
0.0010448
-0.0005649
-0.0015522
-0.0062684
-0.0032822
0.004189
-0.0037547
0.0028919
0.0076643
-0.0080097
0.0090813
0.004989
-0.0071858
0.003299
-0.0025529
0.0048413
0.0057306
0.0063984
-0.0040338
0.0076205
0.0086405
-0.005261
0.0098631
-0.0004875
0.0068118
0.0052755
0.0024435
-0.005058
0.0006668
0.0049891
-0.0060266
-0.0066193
-0.0053408
-0.0069746
0.0075481
0.0077923
-0.0099818
0.0041619
0.006842
0.0036761
0.0092692
-0.0083154
0.0039369
-0.0012448
0.0077041
-0.0027946
0.0040772
0.0091589
-0.0072181
-0.0045485
-0.0036512
-0.0076319
-0.0089881
-0.0036506
-0.0041922
0.0080569
0.0094789
0.0013338
0.0054932
0.0053933
-0.0078838
0.0035582
0.0094925
0.009449
-0.0010489
-0.0041376
0.0039037
-0.0097161
-0.0075132
-0.0076915
-0.0076712
0.0014189
-0.0009442
0.005599
-0.0037698
-0.0046747
0.0051885
0.0055288
-0.0055871
0.0009683
0.0061645
-0.0021739
-0.0053399
-0.0024846
0.0014447
-0.0082112
0.0071602
-0.0029858
-0.0041816
0.0056145
-0.0027771
-0.0063678
-0.0077192
-0.0003671
0.0046773
0.0047883
0.0063556
-0.0038007
0.0089593
-0.0086252
-0.0056952
-0.0028371
0.0086306
0.0052922
-0.0007184
-0.0039293
0.0041499
0.0049418
0.0032352
0.00825
-0.0099455
0.0013282
-0.0071256
0.0036269
-0.0026389
0.0006284
0.0072847
0.0074793
-0.0015942
0.0029225
0.0014008
-0.0094795
0.002219
0.0090687
-0.0057737
-0.0057434
0.0073453
0.0011745
-0.0031626
0.0056248
0.0007491
0.0038516
-0.0071172
0.0068936
0.0070921
-0.0080698
-0.0062972
0.0045366
0.0022528
0.0074892
-0.0039065
0.009612
0.0065819
-0.0044103
0.0019346
0.0050391
0.0023279
-0.0071901
-0.0060807
-0.0020708
0.0022391
0.0052449
-0.0068938
0.0085245
-0.0012988
0.0062267
-0.0009242
0.0098736
-0.0062361
-0.0036891
-0.0022413
0.0046456
-0.0029514
0.003713
0.0035495
-0.0038618
-0.0032172
0.0065943
-0.002798
0.0058668
-0.004782
-0.0059159
-0.0092922
-0.0006205
0.001486
-0.0071508
0.0066469
-0.0004801
0.0061853
0.003854
-0.0054203
-0.0011295
0.0096808
0.0096474
-0.0011356
0.0005775
0.0088892
-0.0031496
0.0004888
0.0088394
0.0075018
-0.0037568
-0.0058852
-0.0039201
0.0021229
0.0026187
0.006861
-0.0052649
-0.0023758
-0.0061348
-0.0031319
0.0016253
0.0034308
-0.0083098
-0.0039846
-0.0048878
0.0061079
0.0008891
-0.0002538
-0.0006386
0.0059626
-0.0069566
-0.0092921
-0.0035135
0.0096513
0.0081115
-0.0027857
0.0048825
0.0064203
-0.0085426
0.0035977
-0.006103
-0.0042206
-0.0070158
0.0088908
0.0073777
-0.0051568
-0.0091012
0.0034581
0.0047209
-0.0088608
-0.0031002
0.0081435
0.0096348
0.0015038
0.009192
0.0053998
-0.0098924
-0.0084539
-0.0008824
0.0031112
0.0059545
-0.0026447
-0.0054795
-0.0068118
-0.0059682
0.0072736
0.0082933
-0.0086383
0.0097846
0.0024623
-0.0005738
0.004977
-0.0063999
0.0035726
-0.0082264
-0.0082897
-0.0018947
0.0015768
-0.0049319
0.0022425
0.0069963
0.0036367
0.0078989
-0.0026091
0.0022568
0.0027891
8.24e-5
0.0046862
0.0009112
-0.0054643
-0.0032705
-0.0073314
0.0032373
-0.0093418
0.0015627
-0.0015052
-0.0033658
-0.001964
0.0096336
-0.0040455
0.0081342
0.0033993
0.0066001
0.0079887
0.0085456
0.0080219
-0.0044139
-0.0086158
-0.001488
0.0028026
-0.0024322
-0.0083908
-0.0039267
0.0085233
0.007738
0.0094585
-0.0043303
0.0033685
0.0054475
0.0084334
-0.0078859
-0.0005447
-0.0040017
0.0061223
-0.0064233
-0.0081405
-0.0048141
0.001216
0.0071638
0.0016774
0.0077731
0.0029784
0.0090903
0.0029415
0.0019818
-0.0030988
0.0010987
-0.0088799
0.0082756
-0.0045846
-0.002291
0.0068297
0.0067016
-0.0096365
0.0046328
0.0035145
-0.0034798
0.0010868
0.0025874
-8.84e-5
0.0058321
-0.000884
-0.0057079
0.0093757
0.0065611
0.0069537
-0.0026223
0.0032761
-0.0092718
0.0032022
-0.0010639
0.0002201
-0.0024085
-0.0066536
-0.0012325
-0.0078317
0.0080224
-0.0017846
0.0055414
-0.0082634
0.0088871
-0.0042741
0.0011572
0.0057881
0.0067316
0.0087116
-0.0015641
-0.0005017
0.0090383
-0.0088041
-0.0035593
0.0072944
-0.0019293
0.0081472
0.0023944
-0.0048114
0.0036081
-0.0023773
-0.0002588
0.0015189
0.0091945
-3.7e-6
-0.0083798
-0.009234
0.0029046
-0.0060163
-0.0017337
-0.0098294
-0.0077723
0.0036856
0.0029632
0.0023093
-0.0059877
0.0074667
-0.0029042
-0.0084443
-0.0085778
-0.0062984
-0.0050272
-0.0061088
0.0049291
-0.0011558
-0.0005113
0.0005873
-0.0032635
-0.0077151
-0.0029816
-0.002155
0.0026076
0.0042845
0.0016477
0.0092481
0.0013668
0.0090593
-0.0084193
0.0067113
0.0095598
-0.0047381
0.0068968
-0.0055993
-0.0084097
0.0020605
0.007948
-0.0077231
-0.0077192
-0.0026127
0.0073173
0.0042137
0.0095481
-0.0036689
-0.0096436
-0.0086385
0.0065985
-0.0026595
-0.0063554
0.0086775
0.0016298
0.0078377
0.0049745
-0.0092287
-0.0043382
0.0086674
-0.0020687
0.0099701
0.0008962
0.0012916
0.0023996
-0.0019028
-0.0093257
0.0088266
-0.0023849
0.0008543
0.0017293
0.0062125
0.0084365
-0.0006001
-0.0022565
0.0081325
0.0028292
-0.0029842
0.0008127
0.002805
-0.0061835
-0.0061762
-0.0059826
0.0058511
0.0066264
0.0065187
-7.99e-5
-0.0086094
-0.0020061
-0.0035867
-0.0064063
0.0033044
-0.0023235
0.0034745
0.0015033
-0.0087913
-0.0050548
0.0021412
0.0048419
-0.0057807
-0.0088891
0.0055833
0.0021829
-0.0027833
0.0012788
-0.007148
0.0083761
0.0045398
-0.0085621
-0.0035689
-0.0024972
