0.0042058
0.0076292
-0.0017082
-1.0e-5
0.0055258
-0.0090835
0.0081814
-0.0059109
0.0060906
-0.0006038
-0.0080443
0.0084286
0.009541
0.0042081
0.0070998
0.0013555
0.0015104
0.0028709
0.0050606
0.0042412
-1.68e-5
-0.0037831
-0.0052188
-0.0010393
-0.0007128
0.0062941
0.009898
0.0050283
-0.0023393
-0.001728
0.0012182
0.0033838
0.0004297
-0.0075871
-0.0074533
0.0057658
0.0020812
-0.0053465
0.0087998
-0.0073814
0.0034061
0.0001928
0.0093561
-0.0062377
0.001981
-0.0032109
3.72e-5
-0.0034096
-0.0079523
-0.0050369
-0.0039497
-0.0053366
-0.0038901
0.0009425
-0.0041815
0.0038021
0.005308
-0.0074418
0.0085261
-0.0030066
0.0025925
0.0099913
-0.0050654
-0.0075343
-0.0085799
0.0084784
-0.0001914
0.0065439
-0.0067352
0.0053197
0.0011174
0.0098855
0.0064639
0.0056083
-0.0097576
-0.0018517
-0.0083154
0.0003797
-0.0052832
0.0040148
0.0087358
0.0032932
-0.006191
-0.0008767
0.0088984
-0.0053961
0.0043201
-0.0016959
0.0016704
-0.0013182
0.006153
0.0036744
0.0020354
0.0093886
-0.0019268
-0.0084291
0.0077195
0.0007754
0.0032826
-0.0027381
-0.0012327
0.0070709
-0.0043489
-0.0007678
-0.0026789
-0.009108
0.0096303
0.0030066
0.0007831
0.0047452
-0.0084981
-0.008757
-0.0004021
0.0006554
-0.0041817
-0.0092794
0.0043901
0.0050714
0.0047492
0.0039626
0.0075303
-0.0093682
0.0024116
-0.0064071
0.0022
-0.0059239
-0.0004512
0.0065335
-0.0048477
0.0040081
-0.0070059
-0.009971
0.0042315
-0.0077447
0.0072942
0.0026502
-0.0015658
-0.0099606
0.0068561
0.0001026
0.005657
0.0053466
0.0084571
0.0002013
0.000138
0.0017991
-0.0002895
-0.0051596
-0.0093556
-0.0025638
-0.0001485
0.0044931
-0.0095362
-0.0008225
0.0020202
0.0034782
-0.005922
0.0076181
0.0009516
0.0003885
-0.0068015
-0.005656
-0.0022844
0.0083159
-0.0064381
-0.0056996
0.0006385
0.0028551
0.0065688
0.0075359
0.0064375
1.63e-5
0.0077691
0.006136
-0.0028834
-0.0013039
0.00244
0.0018318
0.0082022
-0.0082282
-0.0033416
-0.0095104
0.0074732
0.001487
0.0079848
0.0073552
-0.0032567
0.001957
-0.0065081
0.0034814
-0.0056093
-0.0012061
0.0074593
0.0015554
-0.0062087
0.009452
-0.009819
0.0013418
0.0097407
0.0011661
-0.0067622
-0.0013712
0.006042
-0.0055071
-0.0099712
0.0044095
0.0095341
0.0004842
0.0090043
0.0095063
0.0033426
-0.00126
-0.0023411
0.0010221
-0.0034749
0.0070353
0.0051794
0.0031761
-0.0011207
0.0005747
-0.0037754
-0.0061444
-0.0067876
0.0099272
0.0050983
0.0019879
0.0002498
0.006325
-0.0028327
0.0057367
0.0092802
-0.0068995
-0.0008736
-0.0080672
0.0003274
0.00311
0.0099959
0.0048916
0.0071892
-0.0006399
-0.0048893
-0.0099143
0.0097209
0.0090045
0.0076538
0.006427
0.0021919
-0.0049901
0.0090772
0.0047327
-0.0017267
-0.0097991
-0.0048736
0.0028671
-0.0008743
0.0027519
-0.0026359
0.0081357
0.0014167
0.0009028
-0.009605
0.0044381
-0.0078147
-0.0072951
0.0086085
-0.0040188
-0.0017831
0.0047425
-0.0079236
-0.0039436
-0.0082259
-0.0051008
-0.0028729
-0.0064841
0.0024593
0.0078939
0.0027304
-0.0076161
0.0099908
-0.0071845
0.0032132
0.0012794
-0.0036598
0.0068358
-0.0006362
-0.0040857
-0.0039814
-0.0002061
0.0060016
0.0062467
0.0005566
0.0010337
-0.006071
-0.0024968
-0.0047993
-0.0035867
-0.0064233
-0.0086324
0.0053845
0.0061319
0.0009444
0.0082827
-0.0038454
-0.0093617
-0.003692
-0.0005253
0.0066515
0.0093038
-0.0097476
-0.0048219
-0.0029186
0.0062108
0.0002759
-0.0008772
-0.0087678
0.0022314
-0.0042188
-0.006598
0.0021074
-0.0009867
0.0017506
0.0085105
-0.0069592
0.0087495
-0.0046534
0.0030965
-0.0015936
0.0058993
-0.0018925
0.0054513
0.006065
0.0070171
0.007413
0.0009788
-0.0006712
-0.0094061
-0.0035498
0.0043595
-0.006905
0.0014778
0.0065493
-0.0088779
0.0098302
-0.0045935
0.0039783
-0.0007664
0.0097505
-0.0012118
-0.0003588
-0.0021497
0.0017542
0.0052701
0.0039404
0.0074522
8.7e-5
0.0038248
-0.0093932
0.0057671
0.0099276
-0.0081078
0.0064839
0.0069404
0.002417
0.0009872
0.0092485
-0.0057286
-0.0037601
0.008128
0.0037561
-0.0042339
-0.0002381
0.0037716
0.0091997
-0.0086086
0.0081384
0.005061
-0.0094549
0.004499
-0.0036032
0.0015351
0.0065756
0.004091
-0.0036584
-0.0059259
0.0033506
-0.0041923
-0.0058976
0.0090933
-0.0043645
-0.0086418
0.0007301
0.0029887
0.003072
-0.0096085
0.0076761
0.0092389
-0.0083048
-0.0024144
-0.0030757
0.0059733
-0.007994
-0.0025304
0.0097924
-0.0005237
0.005393
-0.0033561
-0.0087469
-0.0006633
-0.0025775
0.006019
-0.0077984
0.004749
0.0055259
0.0069035
0.0005168
0.0027189
0.0081677
0.0032049
-0.0008527
0.0087247
-0.0011504
0.0091535
-0.0032952
0.0069363
-0.002424
-0.0046128
0.0024211
-0.0084585
0.0016401
-0.0012209
0.0003021
-0.007274
0.0019665
-0.0071559
-0.006026
-0.0012429
-0.004034
-0.0074304
0.0085696
-0.0072241
-0.008332
-0.0069519
0.0012782
0.001596
0.0022206
0.0038867
0.0092286
0.0075904
0.0091908
-0.0076717
0.0074042
0.0089822
-0.0056513
0.00763
0.0006603
0.0050568
0.0018249
0.0024364
0.0077848
0.0029544
0.0027247
-0.0002991
-0.0019857
0.0097645
0.0041163
0.0096359
-0.0063733
0.0072427
0.0052571
0.0045279
0.0087514
-0.0007426
-0.0006515
-0.0073508
0.0018763
-0.0084473
-0.0079814
0.0014148
-0.0065367
-0.0016274
-0.0011441
-0.0096191
0.0071388
2.65e-5
0.0063138
0.0083997
0.0007727
-0.0086527
-0.0048318
-0.0050871
-0.0022716
0.0057891
-0.0016486
-0.0082069
0.0085714
