-0.0040113
-0.0038633
-0.0054618
-0.0075351
-0.0021402
0.0003948
-0.0016434
-0.0017347
0.0086237
0.0089061
0.0042639
0.00191
-0.0036497
0.00965
0.0059084
-0.0018196
-0.0075024
0.0087014
0.0026308
0.0024964
0.0088357
0.0086791
-0.009159
-0.0006202
-0.0096961
0.006554
-0.0092796
-0.0062062
0.0033293
-0.0005351
-0.0051758
-0.001683
-0.0039577
-0.0042403
-0.0068784
-0.0063738
-0.0067288
-0.0060666
-0.0080359
-0.0075311
0.0037224
0.0052782
0.0016291
-0.0004608
0.0084037
-0.0034042
-0.007759
0.0012509
0.0032444
-0.0028379
-0.0008933
-0.0013294
-0.0029912
-0.0036391
0.0007088
0.00088
0.0076832
0.0017443
0.002892
-0.0008453
0.007732
0.0081172
-0.0041087
0.009383
-0.004087
-0.0001026
-0.005786
-0.0093617
0.0028776
0.0069057
-0.0080572
-0.0039246
-0.0024451
0.0084445
0.006784
0.0065483
0.003228
0.0064279
0.009278
0.0084368
0.0043421
-0.0002993
-0.0041469
-0.0006839
0.0042841
-0.002673
-0.0089258
-0.0011325
0.0093161
-0.00177
0.0028023
-0.0041372
-0.004221
0.0062362
0.0065112
0.0056114
-0.003832
0.0027649
-0.00281
-0.0097708
0.0047933
0.0009488
-0.0075459
0.0022215
0.0086728
0.0067657
-0.0002573
-0.0087801
0.0036674
0.0048598
0.009054
-0.0088468
0.0011404
-0.0057452
0.0029302
0.0002092
-0.0078081
-0.0029173
0.0002563
-0.0002292
-0.0033868
-0.0086853
0.0041651
0.0054594
-0.0025171
-0.0091367
-0.0006133
-0.0083406
-0.003334
0.0008464
0.0040225
0.0066496
0.0095188
-0.0026258
-0.0062603
0.0066466
-0.0019043
-0.0077846
0.0004319
-0.0001855
0.0008023
0.0031269
-0.0061329
-0.0073957
-0.0024669
0.0051525
0.0088245
0.0073052
-0.0088726
-0.0065892
0.0056346
0.0057747
0.0010898
-0.0069122
0.0016935
0.0076087
0.0094844
-0.0027932
0.0064913
0.0042475
0.0040624
-0.0031031
-0.0091419
0.0064065
0.0006229
0.007678
0.0053866
0.0058782
0.002785
-0.0054804
-0.0089909
0.000987
-0.0062152
-0.0028634
-0.0003382
0.0035156
-0.0057375
0.0001169
0.0055233
-0.0048269
0.0033064
0.0062702
0.0026025
0.0059399
-0.0002943
0.0044446
-0.0040547
0.004292
-0.0013394
-0.0079857
-0.0077847
-0.0041837
-0.0095711
-0.0022658
0.0098756
-0.0049375
0.0052907
0.0004664
0.0047393
0.0045541
-0.0094889
-0.0062828
-0.0050567
0.0037212
-0.0078674
-0.0011144
-0.003856
-0.0020483
-0.0086689
-0.0047366
-0.0024152
0.0033028
-0.004903
-0.0014825
-0.003425
0.0004265
0.002844
-0.003199
0.0038646
0.0071912
-0.0065081
-0.0033361
0.0060061
-0.0021116
-0.0058935
0.0018672
-0.009856
0.0077696
0.001784
0.0073584
-0.0003697
0.0003413
0.0069329
-0.0013404
0.0078842
0.0018833
-0.0075064
0.0025014
0.0053137
0.0019214
0.0051562
0.0099446
-0.0005013
0.0064655
0.0096116
-0.0043538
-0.0022421
0.0070199
-0.0088063
0.009276
0.0047306
-0.0029535
0.0029235
-0.005571
-0.0083083
0.0045409
-0.0062017
0.0001954
-0.0003538
-0.0066668
-0.0066556
0.0067132
-0.0066978
-0.0039655
-0.0032948
0.0057525
-0.00015
0.003833
0.0095622
0.0032
0.0080492
-0.0020753
0.009621
0.0029422
-0.0087613
0.0071007
-0.0096795
-0.0034211
0.0067447
-0.0089233
-0.0018475
0.0044281
-0.0089733
-0.0008248
0.0037632
-0.0023948
0.0044371
-0.0087141
0.0043112
0.0052349
0.0012636
0.0067219
-0.000547
0.0088446
-0.0017868
-0.0001926
0.002928
0.0051034
-0.0063784
0.0092075
0.0048544
-0.000835
0.0048238
0.0016079
-0.0085068
-0.0099938
0.0052358
-0.006894
-0.0010515
-0.0036522
0.0067558
0.0037944
0.0083254
-0.0068046
-0.0031024
-0.0081552
0.0046901
-0.0061814
0.0074626
-0.0007244
-0.0087864
0.0010847
-0.0042131
-0.009917
0.0043865
0.0069223
0.0095697
0.0005027
-0.0015229
-0.0064617
-0.0078565
0.0076514
-0.0035463
-0.0053884
1.21e-5
0.0079015
0.0021795
0.0003668
0.0060735
0.0079556
0.0025025
-0.0072037
-0.0002315
-0.0014016
-0.007353
-0.0024785
0.0018175
0.0091196
-3.7e-6
-0.0045534
0.0092066
0.0004092
0.0087621
-0.000185
-0.0064936
0.0003418
0.0093602
-0.0085499
-0.0091743
0.0094552
-0.0068421
0.0071302
-0.0049843
-0.0006344
-0.0045623
0.0062336
-0.0067352
-0.0053462
0.0078225
0.0024204
0.0047483
-0.005484
-0.0080136
-0.0035814
-0.001021
0.0026652
-0.0025883
-0.0003077
0.0069179
0.0014089
0.0074926
-0.0070409
-0.0032717
-0.0005773
-4.21e-5
0.0091533
-0.0098969
-0.0060501
-0.0077326
0.0073271
0.0046884
-0.0019558
-0.0015478
0.009071
0.0011556
-0.0014122
-0.0047923
5.6e-5
-0.0099949
-0.0017659
0.0027701
0.0050114
0.0051785
-0.0071766
-0.0058135
-0.0013307
-3.98e-5
0.0050735
0.0075137
-0.0012405
0.0002952
0.0065504
0.0061587
0.0011707
-0.0069781
-0.009494
-0.0060931
-0.0047128
0.0049498
-0.0055192
0.0061063
0.0027889
0.0062357
0.0080072
-0.0091131
-0.001308
-0.0046816
-0.0033004
0.0031492
0.0010141
-0.0053095
0.0036097
0.0017061
0.0034168
0.0066553
0.0071837
-0.0032817
0.0046556
-0.0007392
0.0051135
-0.0096809
-0.0077087
0.0097565
0.0063716
0.0074272
-0.0099328
0.0004446
0.0041559
-0.0019144
0.0041645
-0.0075464
0.0021578
-0.0022815
-0.0048734
-0.001335
-0.0068473
0.001049
-0.0041384
0.0003095
0.0091148
-0.0043051
-0.003887
0.002476
-0.0092686
0.0020898
0.0081383
0.0039707
0.0010599
0.0038711
-0.0059425
-0.0095335
0.0086751
0.0067813
-0.0062952
-0.0021556
-0.0086552
0.001969
0.0057179
-0.0035473
0.0049403
0.006798
0.0073068
0.0025957
0.0094262
0.0075866
-0.0046527
0.0010612
0.0012123
0.0091077
0.0072047
0.008293
0.0059324
-0.005211
0.0067605
-0.001706
