0.0054369
-0.009613
-0.0064757
0.0075594
0.0098165
-0.0081376
0.0073462
-0.0064349
0.0051682
-0.0078098
-0.0063502
-0.0030268
0.0047492
-0.0028256
-0.0050036
0.0099758
0.0054734
-0.0053213
-0.0046965
0.0012143
0.0098793
-0.0093723
0.0082486
-0.0044019
-0.0091123
0.0010365
0.0056829
0.0097304
-0.0043769
-0.0035251
-0.0041562
0.0024744
-0.0097348
-0.0024748
0.0089762
-0.0078005
-0.0056705
-0.0042422
-0.0019056
-0.00657
0.0071423
0.0042187
0.0053784
0.0050576
0.0057037
-0.0021133
0.005486
-0.0007113
-0.0050301
-0.0014547
0.0065959
-0.0027737
-0.0057822
-0.0091745
-0.006804
0.0005433
0.0042669
-0.0068637
-0.0045437
0.0093998
-0.0083813
-0.0089685
-0.0009293
-0.0022369
0.0016636
-0.0049957
0.0027139
-0.0006102
0.0067473
-0.0052273
-0.0082775
-0.0001533
0.0095341
-0.0038986
-0.0072852
-0.0016527
-0.0003847
-0.0048061
0.0013721
0.0077282
-0.007497
-0.0072664
0.0039248
-0.0068763
-0.0038984
-0.0075408
0.003581
0.0055632
-0.0063989
-0.0066841
0.0063045
0.006333
0.0025631
-0.0061436
0.0020132
-0.0009828
0.0049067
-0.0054118
-0.0040806
-0.0011044
-0.0020751
0.008115
0.0036591
0.0065122
-0.0027506
-0.0014863
-0.0081815
0.0097454
-0.0002771
-0.0041765
-0.0053727
0.0037163
0.00352
-0.0057322
-0.0086318
-0.0017977
-0.0074498
0.002574
-0.0048602
0.0082958
0.0070485
-0.0032579
0.0013291
0.0089452
0.0047171
0.0017857
-0.0034139
-0.0003009
-0.0080554
0.0018451
0.0064827
0.0073325
0.009248
0.004308
0.0087018
-0.0007883
0.0042179
0.0012169
-0.0042788
0.0073411
-0.0063382
-0.0021466
-0.0062509
0.0071546
0.0028404
0.0050939
0.0005292
0.0020846
-0.0033114
0.0084834
-0.0003903
-0.0092795
-0.0077575
-0.002745
0.0029325
0.0042102
-0.0097039
0.0007664
0.0097746
-0.0089989
-0.0055064
-0.0012071
-0.0096686
0.0063154
-0.0051683
0.0079538
-0.0084226
0.0045003
-0.0015524
0.0071282
0.0016886
0.0032195
0.0094592
-0.0090427
-0.0006397
0.0004085
0.0006892
0.0091535
-0.0004346
-0.0061345
-0.0049224
0.0029508
0.0087082
-0.0073465
0.0072225
-0.0095127
0.0045551
0.0081472
0.0087767
-0.0075561
-0.0030304
0.0032025
0.0035147
-0.0015728
0.0017116
-0.0089866
0.0034794
0.0080726
-0.0004482
-0.0035145
0.0032778
0.0012572
0.0049031
-0.0017238
0.0031678
0.0005572
-0.0054475
-0.0002772
0.0087738
0.0046534
-0.0069822
0.008088
-0.0037332
-0.0062537
0.0045764
-0.0077524
0.000463
0.0088886
0.0020848
-0.006694
-0.007197
0.001892
-0.0010256
-0.0097041
-0.0026248
-0.0015406
-0.0071765
0.0024244
-0.0088278
0.0046537
-0.0075072
0.0022392
0.0039535
-0.0067038
0.0026616
0.0056778
0.0050122
-0.0078654
0.0014598
-0.0052355
0.0054323
-0.0053723
-0.0082483
0.0061911
0.0031608
-0.0072236
0.0028385
-0.0099003
0.0093442
0.0098909
-0.006353
-0.0094161
-0.0065356
-0.0052561
-0.0097588
-0.0098743
-0.0033522
0.0063183
0.0088855
-0.0048141
0.0056815
0.0039335
0.004598
-0.0024652
-0.0069555
-0.0039582
-0.0044532
0.0066231
-0.0095292
-0.0035943
-0.0032372
0.0030179
-0.0034009
0.0005213
0.0029089
-0.0085101
-0.0022578
-0.0061583
0.0003651
0.008374
0.0098346
-0.0064826
0.0013544
0.008445
-0.0020801
0.0026363
-0.0042193
-0.0076761
-0.0059597
-0.0097973
-0.0055694
0.0063693
-0.0077711
-0.0037828
0.005972
-0.0037289
-0.0080605
-0.0009677
-0.0096124
0.007716
0.0059034
-0.0001452
0.0002276
0.0015532
0.0070522
0.0049444
-0.0020396
0.0025196
0.003277
0.0016424
0.0006683
-0.0044649
0.0029831
0.0073048
0.0075402
-0.0032813
-0.0077178
0.0009198
-0.0057714
-0.0051716
-0.0002361
-0.0034824
0.005753
0.0093924
-0.003804
-0.0015045
0.0096933
-0.0047379
-0.0093781
0.0066014
0.0091597
0.001513
0.0094766
0.0028059
-0.0017603
0.0054163
0.0031602
0.0051174
0.0030276
-0.0062958
0.0072009
0.0031367
-0.0018549
0.0022185
0.0027534
0.0029868
0.0055652
-0.0050049
0.0028093
-0.0006479
0.0024212
-0.0078907
0.0094265
0.007996
0.0084846
-0.0043185
-0.0046324
0.0005566
-0.0071735
-0.0025486
-0.0089135
0.0089063
0.0022807
-0.002549
-0.0023583
-0.0053339
0.0085911
0.0058007
0.0078718
0.0095949
-0.0003787
-0.0069611
-0.0054189
-0.0042128
-0.0047679
0.0037935
0.0038888
0.0091253
0.0073595
0.0065222
0.0062826
-0.0091098
0.0097086
-0.0094501
-0.0075562
-0.0030952
-0.0022307
-0.005738
-0.00496
0.0027829
0.0058878
-0.0025277
-0.0008583
-0.0057525
0.0056543
-0.0024203
-0.0038947
0.0037219
0.0040968
0.0037597
0.0054499
-0.0043638
0.0047474
0.0051877
0.002615
-0.0060349
-0.0052737
0.0034282
0.0007293
-0.0002362
-0.0031007
0.0055468
-0.0001844
0.0020221
0.0017743
-0.0008947
0.0038032
0.0044297
-0.0081694
-0.0021841
0.0046184
-0.0015019
0.0004251
0.0058691
-0.0068484
-0.0075271
-0.0007954
0.0022724
-0.0058248
0.0029712
-0.0090531
0.0004744
0.0081508
0.0029027
-0.0007827
0.004128
0.0024115
-0.0057407
0.0005095
0.005902
-0.0066897
0.0097703
0.0068003
0.0080292
-0.0042591
-0.0012129
0.000187
-0.0057254
-0.0094111
0.0059518
0.0069001
0.0079305
-0.0014393
-0.0080114
0.0003761
-0.0081156
0.0015132
-0.005697
-0.0026039
-0.0032651
-6.1e-5
-0.0021654
0.0053692
-0.0079102
0.0036227
-0.0090292
0.0035525
0.0045852
0.0052554
0.00749
0.0074188
-0.0087465
0.0037354
0.0035978
0.0054394
-0.0044521
-0.0062384
-0.0016618
-0.0091938
-0.0015955
-0.0072211
0.0055424
0.0001346
-0.0068082
-0.0020195
0.0010568
0.0046022
0.0046588
0.0029551
-0.0096083
0.0093224
0.0003375
0.0085063
0.0050842
0.0038809
