0.0079327
0.0065304
-0.0089977
-0.0021454
-0.0038262
0.0090364
-0.0065118
-0.0009892
-0.0043947
-0.0044459
-0.004848
-0.0056689
0.0008446
-0.0096877
0.0047288
-0.000266
-0.0093694
0.002932
0.0017939
0.0060543
-0.0046133
-0.0085111
0.0039247
-0.0019268
0.0054896
-0.005625
0.0095433
0.0084877
0.0086486
-0.0005428
0.0056812
0.003035
-0.0043991
0.0070833
-0.0046056
0.0009121
-0.0004101
0.0033012
-0.0051357
-0.0045295
0.0050062
-0.0001771
-0.0055856
-0.0045164
-0.0025133
-0.0011104
0.0015165
0.0054313
-0.0035859
0.0004163
-0.0031125
0.0052517
-0.004051
-0.0030451
0.0081288
-0.009934
0.0090109
-0.0077059
0.0085616
0.0030708
-0.0096032
0.0045597
-0.0074849
-0.0033964
0.0066458
-0.0058869
0.0091123
-0.0095628
-0.0091623
0.0046102
0.0016896
0.0072012
0.0086459
0.0092226
-0.0027563
-0.0058963
0.0092488
0.0090325
-0.0042964
-6.83e-5
-0.0074364
0.0013871
-0.0071325
0.0064551
-0.0036926
0.0005521
0.0031626
0.0019684
0.0035095
0.0019056
0.0015866
0.0090672
-0.0039049
0.0018869
0.0004681
0.0011232
0.0031041
0.0003247
-0.0056372
-0.0009728
0.0086426
0.002811
-0.0056288
-0.0056615
-0.0027171
-0.0071276
-0.0081854
-0.0066732
0.0071253
0.0014438
0.0031761
0.001233
-0.0075035
-0.0091033
-0.0044172
0.0069088
-0.0028904
0.0035334
0.0038524
-0.0025794
-0.0085165
0.0026886
0.0004089
-0.0099859
-0.0090715
-0.0012453
-0.0048262
-0.0036717
0.0084758
0.0013449
0.0036305
-0.008055
-0.0044134
-0.0003862
-0.0071814
-0.0098879
0.0038248
-0.0034533
-0.000511
0.0065519
-0.0047935
0.0083164
0.0029716
0.0077043
-0.0044649
-0.0022481
-0.0009348
0.0014595
-0.0016047
0.0062003
0.001713
0.0078579
-0.0060434
-0.0005658
0.0066801
0.0002176
-0.0092293
0.0077276
-0.00113
-0.0002927
-0.0016221
0.0011262
0.0051045
0.00638
-0.0002508
0.0067332
0.0094132
-0.0042141
-0.0052092
-0.0032009
0.0067533
0.0029337
-0.0079047
0.0098017
-0.0095407
0.0079313
0.0090304
-0.0008579
0.0085066
0.0013657
0.0049089
-0.0012295
0.0087411
0.0008034
-0.005366
0.0044786
-0.0056465
0.0077054
-0.0064212
-0.0020222
0.0062743
-0.0071958
0.0008829
-0.0069284
0.0095015
0.0006234
0.0087649
-0.0037841
-0.0043103
-0.0070522
0.0098556
-0.0065452
-0.0059008
-0.0063936
-0.0030608
0.0029511
-0.0090093
0.0027618
-0.005488
-0.0011251
0.0087546
-0.0020444
0.0059401
-0.0038435
-0.0044367
0.0049227
0.0096791
-0.0009624
0.0053911
-0.0042349
0.0041177
0.0003399
0.0055561
-0.0045129
-0.0079497
0.0083423
0.0026061
-0.0087686
0.0073849
-0.0005028
0.0009374
-0.003463
0.0098191
-0.0006191
0.0064535
-0.0080821
0.0099412
0.008101
0.0038123
0.0092537
-0.0041347
-0.0014171
-0.009558
-0.0065588
-0.0034681
0.0035922
0.0023797
0.0059352
0.0086592
0.0056871
-0.0017006
-0.0089501
-0.0076821
0.0020615
0.0073968
-6.3e-5
-0.004277
0.000739
-0.004781
-0.008645
0.0059001
-9.93e-5
-0.0014627
0.006251
0.0024842
0.0069636
-0.002493
0.0025372
0.0078641
0.0097384
0.0010349
-0.0095524
0.0042508
-0.0012129
-0.0073656
0.0030973
-0.0089245
-0.0051538
0.0090196
0.0012373
-0.0089011
0.0040893
0.0056889
0.0022761
0.0018271
0.0014303
-0.0048411
0.0071339
0.0034212
0.0094573
-0.0001173
-0.005761
0.0072841
-0.0069858
0.0007419
0.0013837
0.0092995
0.0071189
-0.002476
-0.0007199
0.0014822
-0.0046461
-0.0033281
-0.0095954
0.0050958
0.0073923
0.0088922
0.0082947
-0.0063375
-0.0011011
0.0023114
0.0010209
-0.008196
0.0064703
-0.0070921
0.0019629
0.0035884
0.0036019
-0.0038192
-0.0096498
0.0092103
0.0074653
-0.0076677
-0.0073386
0.0009367
0.0013399
-9.51e-5
-0.0041762
0.0061542
-0.0093439
0.0087266
0.0085218
-0.0022205
-0.004155
-0.0077562
-0.0044777
-0.0022629
-0.0028777
0.0016159
0.0072184
-0.0038084
-0.0051179
0.0046727
-0.0092111
-0.0021034
-0.0016912
0.0006138
0.0072936
-0.0089358
0.0004779
0.0064579
0.0021083
-5.78e-5
-0.0028012
-0.0027181
0.0045333
0.0077478
0.0096042
0.0089136
0.0088234
0.0084948
-0.0076456
0.0019318
-0.0070012
0.003537
-0.0058489
0.0058254
-0.0046647
0.0056019
0.0027635
0.0003437
-0.0039381
0.0086607
-0.0014583
0.0016813
-0.0095631
0.0073916
-0.0003622
0.0077214
-0.0019476
0.0037438
0.0022683
0.0008043
-0.0092492
-0.00044
-0.0079426
0.0047455
-0.0089179
0.0036549
0.0064045
-0.0085044
0.0059065
0.00524
-0.0024992
0.0043392
-0.000688
-0.00297
-0.0099582
-0.0025399
0.0047156
-0.0032348
0.009123
0.0075968
-0.0080003
0.0068054
-0.0001814
0.0027722
0.0009968
-0.0092157
-0.0062505
-0.006828
0.0082429
-0.0071438
0.0073925
-0.0043242
0.0098515
-0.0049028
0.0056959
0.00571
-0.0006837
-0.0017056
0.0059293
-0.0063209
-0.0002033
0.0079829
-0.0042236
0.0095834
0.0093487
0.0061216
0.0040069
-0.0012663
0.0060892
-0.0085661
0.0050565
-0.0018283
-0.0082527
0.0059621
-0.007436
0.0081991
-0.0013886
-0.0041745
0.0040472
0.004823
0.0026124
-0.0016295
0.0069623
-0.001636
0.0038668
0.0099378
0.0089055
-0.0013895
-0.004845
-0.0067847
0.0004002
0.0081076
0.0053129
-0.0041242
-0.007906
0.0077755
-0.0078902
-0.0019218
0.0072104
0.0057733
0.0004416
-0.0030732
-0.0096018
-0.0015001
-0.0062847
-0.008993
-0.0035858
-0.0042051
-0.0034545
-0.0096907
-0.0094076
0.0052774
3.19e-5
-0.0024187
-0.0052242
0.0045315
-0.0056373
0.0023037
0.0019172
-0.0095504
0.0058717
-0.0079797
0.0038009
-0.0083711
0.0083018
-0.006414
-0.0074204
0.0001787
-0.0025726
0.0094396
-0.0039767
-0.0084543
