0.0091464
0.0087836
0.0032728
0.0037969
-0.0045943
-0.0086353
0.0078312
-0.0084789
-0.0080948
0.0071319
-0.0033757
0.0096776
-0.0079618
-0.0076728
0.0075017
-0.0091248
0.0099833
-0.0037328
-0.0073663
-0.0008609
-0.0049896
0.0072546
0.007071
-0.0092728
-0.006279
0.0007495
0.0090183
0.0043352
0.0078071
0.0076631
0.002083
0.0002513
-0.0078534
0.0006721
-0.0022407
-0.0010287
-0.0056003
0.0024312
-0.004079
-0.0045482
-0.0007242
0.0031009
0.0053269
-0.000227
0.0008246
-0.0017748
-0.0009634
-0.0009388
0.0032862
0.0005837
-0.0021031
0.0055039
0.0094602
-0.0020589
0.0064991
-0.0006205
-0.0021526
0.0033103
0.0033247
0.0089727
-0.0004217
-0.0047542
0.0075588
0.0098097
-0.0021302
0.0024582
0.0031917
-0.0098722
0.0052175
-0.0088926
-0.0020386
-0.0085682
-0.0051933
-0.0011891
-0.0080255
-0.0056439
0.0087634
0.0006183
0.0022231
-0.0095987
-0.0085225
0.0084487
-0.008318
-0.0002689
-5.0e-5
0.0066893
0.0043077
0.0086676
-0.0090776
-0.0057328
-0.0002849
-0.0093237
-0.0068055
-0.0028419
0.0083874
-0.005143
0.0063421
-0.0016768
0.0067446
-0.0095054
0.0034128
-0.0018925
0.0073957
-0.0026395
-0.0045704
-0.006994
0.0009695
-0.0049336
-0.0088953
0.0050405
0.007258
0.0027782
-0.0016512
0.0007611
0.0052363
0.008848
-0.0011727
-0.0099998
0.0020412
-0.0076643
0.0093977
0.0026427
0.0058334
0.0049659
-0.0028511
0.0013867
-0.0099888
-0.0063108
0.0048718
0.0086838
0.0030111
0.0004148
-0.0087342
0.00695
-0.0063765
-0.0072619
-0.0042617
0.0030911
0.0058777
0.0052113
0.0066572
0.0075971
0.0066584
0.0030392
-0.0024311
0.0097953
0.0049448
-0.0072672
-0.0085335
0.0018609
-0.0041013
0.0066193
0.0092713
-0.0011945
-0.0073879
-0.0064274
-0.006564
0.0005471
-0.0039581
-0.0029809
-0.0048334
-0.0017008
-0.0038036
-0.0082563
0.0090139
-0.0044849
-0.005811
-0.009445
-0.0052135
-0.0009762
0.0037027
0.0029075
-0.0047208
-0.0074539
0.0010239
0.0031113
-0.0075237
0.0035556
-0.000251
0.0068075
0.0034466
0.0079422
-0.0085716
0.0035139
-0.0088245
-0.0007521
-0.006864
0.0070423
-0.005714
-0.0027229
-0.0040907
0.0036566
0.0040622
-0.0060017
-0.0068698
-0.0088619
0.0083495
-0.0014531
0.00707
0.0079144
-0.0078482
0.0088593
0.0036835
-0.0081206
0.006472
-0.0064754
0.0021401
0.0017331
-0.0037105
-0.0075606
0.0024741
-0.0055542
0.0042051
-0.0066815
-0.0057587
0.0001322
0.0017112
0.0011083
-0.0021306
-0.0094836
-0.0042126
-0.0052882
-0.0088749
0.0016136
0.005945
-0.0079312
-0.0096817
-0.003624
0.002672
0.0034549
0.0029012
-0.0056276
0.0067467
-0.0093806
-0.0035821
0.0079366
0.0049585
0.0029824
0.0012591
0.004569
0.0068655
-0.0039263
-0.0031138
-0.0059976
-0.0084845
-0.0062778
0.0094458
0.0050092
-0.005521
-0.0094625
-0.0029605
0.0089523
0.0063314
-0.0013409
0.0043895
-0.0057974
0.0023027
0.0027405
0.0072067
-0.007633
-0.0025049
-0.0048145
-0.0074006
0.0035207
-0.0018482
0.0078462
0.0089885
-0.0057283
0.0023273
0.0066819
0.0007642
0.0065816
0.0005142
-0.0035076
-0.0058012
0.0065509
-0.0090468
0.0070692
0.0017524
0.0098712
-0.0080487
-0.0020366
0.0076665
-0.0069867
0.0027382
0.0097528
-0.0060992
-0.0072376
0.0094712
0.0044754
-0.0028693
-0.0060967
-0.0085178
-0.0081816
0.0039662
-0.0032496
-0.007239
0.0076323
0.0029636
0.0062524
0.0002045
0.0063797
0.0028728
-0.0060419
-0.0014804
0.0092658
0.0022927
0.0049909
-0.0080875
0.0017408
0.0093116
-0.0014533
0.0052649
-0.0073423
-0.0095151
0.007704
-0.0087089
0.0088111
-0.0057436
-0.0077612
0.005388
0.0012642
0.0018354
-0.0097161
0.0025989
0.0004642
0.0061467
-0.0058995
0.006582
-0.0036759
-0.0037143
-0.0024574
-0.0040143
-0.0066508
0.0082531
-0.0031281
0.0013949
-0.0028013
-0.007055
0.0019384
-0.0011974
-0.0098969
0.0021893
-0.0088219
0.0069776
-0.0079245
0.0083561
0.0001311
-0.0099802
0.0094566
0.0062436
0.0063201
0.001667
-0.0078079
-0.0019535
0.0045662
0.0004158
0.0074799
0.0035029
-0.004312
0.0080543
0.0061455
-0.0081146
-0.0046314
-0.0080644
-0.0006101
-0.0024511
0.0010887
0.0093365
0.003808
-0.0048814
-0.0059685
-0.0042891
0.0093321
-0.0021153
-0.0034191
-0.0099632
-0.0050246
-0.0008252
-0.0072692
0.0024098
0.0070538
-0.0087112
-0.0028936
-0.0038511
0.00292
0.0015477
0.0004178
-0.0068497
0.0012742
-0.0054025
0.0060775
0.007227
0.003477
0.0067487
-0.0043732
0.0046934
-3.21e-5
-0.0072325
-0.0009979
0.0070515
0.0015089
-0.0091183
0.0012314
0.0061032
-0.0067425
-0.0008509
0.0013383
0.007112
0.0011453
-0.0044991
0.0072892
0.0079254
0.0046935
0.009439
0.0027186
-0.0059767
-0.0040975
0.0032787
0.0050608
-0.0003254
0.0070087
0.0066585
0.0052958
0.0045783
-0.0040351
-0.0068658
0.0008347
0.0063201
-0.0045349
0.0097371
0.0084185
0.0038249
0.0067947
4.77e-5
-0.0014956
-0.0092292
-0.0084772
-0.0003928
0.0014991
0.0010624
-0.0082418
0.0087354
-0.0087224
0.0015505
0.0089664
-0.0075582
-0.0013098
-0.0078509
-0.0052799
-0.0071018
0.0093877
-0.0043846
0.0040854
-0.0071201
0.0097972
0.0043441
0.0083541
-0.0058546
0.0086276
0.0054832
0.0046844
-0.0041179
0.004126
-0.0073749
-0.0089949
0.0041266
-0.0059658
-0.0043653
0.0054452
-0.0009001
-0.0019579
0.0045878
0.0001223
0.003567
-0.002748
0.0018009
-0.0045475
-0.007321
0.0051056
0.0061817
-0.007863
-0.0094017
0.0077966
0.0045609
0.0008915
0.0042776
0.0063798
0.0012132
0.0046365
-0.0045491
0.0008823
-0.0015689
0.0068412
-0.0012962
