-0.0032517
-0.0018087
-0.0089322
0.006299
0.0047768
0.0070236
-0.003874
0.0001783
0.0051339
0.0015231
0.0009268
-0.0070336
-0.0036547
-0.0046401
-0.0037472
0.009779
0.0030483
0.0056172
-0.0035176
0.0023403
0.0037803
-0.0043009
-0.0017386
-0.0043831
-0.0057314
-0.0049255
0.0005314
0.0076607
-0.0012225
-0.0087611
0.0049316
-0.0005693
-0.0067107
-0.0074799
0.0039275
3.38e-5
0.0029157
-0.0085207
0.0027858
0.0084202
0.0029183
0.0094618
-0.0016434
-0.0029876
-0.0034181
0.0090984
0.0012511
-0.004274
0.0072137
0.0085835
-0.0006814
-0.0056261
-0.0097584
-0.0039915
-0.0096217
0.0070223
-0.003969
0.0019526
0.0053978
0.002978
0.0046194
-0.0058898
0.0037688
-0.0013833
0.0062239
-0.0014808
-0.0080282
-0.0004862
0.0088215
0.0061179
0.0087186
-0.0011187
0.006581
-0.0025387
-0.0073545
-0.0022575
-0.0007038
-0.0073167
0.0076241
0.0084801
-0.0093446
0.0088456
-0.0021007
-0.0025363
0.0095094
0.0077459
0.0083529
0.0044545
-0.0096983
0.0045678
-0.0030429
0.00683
0.004136
-0.0060461
-0.0043712
-0.0082784
-0.0015468
-0.0058988
0.0057103
-0.0071224
-0.0052808
0.0002855
0.0036322
-0.0044168
0.000969
0.0041209
-0.0049069
-0.0046644
-0.0082425
0.0018226
-0.006305
-0.0030578
0.0002334
0.0042288
0.0090922
0.0037119
0.0004909
0.007674
-0.0086397
-0.0054889
-0.0042435
0.0028415
-0.0015798
-0.008663
-0.0065286
-0.002043
0.0035618
0.0088194
-0.0065701
0.0080177
0.0090122
-0.0066193
0.0090924
-0.0055668
-0.0035157
0.0021609
0.0045681
-0.006374
-0.0050081
0.0067057
-0.0058991
0.0070255
-0.0079915
-0.0031283
0.0068677
0.0070808
0.0025277
-0.000229
0.0018481
-3.34e-5
0.0042799
0.0078623
0.0081534
-0.0080734
-0.0032528
-0.0015183
-0.0083021
-0.00312
0.0093302
-0.0063702
0.0077097
0.007289
0.0037486
0.0054178
0.0077518
-0.0013746
-0.0060205
0.0090178
0.0092581
0.0058987
-5.91e-5
0.001245
0.0076442
0.0081962
-0.0087965
0.0060054
-0.002916
0.0059718
0.0026893
-0.0072909
0.0060601
-0.0002326
-0.0081071
0.002408
0.009561
0.0002669
-0.0078621
0.003679
0.0089355
-0.0020178
-0.0092663
0.0057049
0.0050468
0.008416
-0.0046099
-0.0083187
-0.0022573
-0.0015897
-0.0092115
0.0095792
0.007959
-0.0034787
-8.5e-5
-0.0013874
0.0037814
-0.0094389
6.53e-5
0.0065238
-0.0019055
-0.0038035
-0.0023934
0.007495
0.0037179
-0.0093714
0.0082982
0.0071997
-0.0028423
0.0051752
0.004444
0.0085466
0.0024923
0.0099697
0.0008777
0.0077969
-0.0012805
-0.009153
0.0030597
0.0078481
-0.0025192
0.0079761
0.0034561
0.0033918
-0.0050276
-0.0025498
0.0041368
-0.0063254
-0.0047058
0.006591
0.0002835
0.0043979
-0.0048764
0.0024043
-0.0022568
0.0038771
0.0005801
-0.0053465
-0.0082389
0.0027111
-0.006905
-0.0082555
-0.0050007
0.0045364
0.0099617
0.0096191
-0.0028464
0.008242
0.0062242
0.0074681
-0.0053147
0.0074444
0.0070228
-0.0007455
0.0097166
-0.0037852
-0.0026235
0.0023753
-0.00343
-0.0038965
-0.0019252
-0.0029629
0.0094809
0.0061031
0.009478
0.006109
-0.004523
0.0088836
0.001668
-0.0081952
0.0097496
0.0079972
0.0002717
0.0017504
-0.0019931
-0.0064321
0.0055907
-0.0039385
-0.0035116
0.007888
0.0045786
0.0032472
0.0033467
-0.0038123
-0.0099735
0.0067944
0.0056917
0.0002453
-0.0020956
0.0077634
0.0027119
0.0079819
-0.0092529
-0.0073878
-0.0005222
0.0037331
0.0013649
-0.0067724
-0.0080342
0.0097276
0.0032909
-0.0015445
-0.0017258
0.0039989
-0.0007592
0.0031543
0.0038901
0.0087775
0.0057128
0.00056
-0.0056309
0.0072901
-0.0015444
-0.0028994
0.0096898
0.0067606
0.0013162
0.0065772
0.0017102
0.0093424
0.0026241
0.0043813
-0.006021
0.0007996
-0.0032982
0.0062071
-0.0070275
-0.0094121
0.0037301
0.0071816
-0.0053072
0.0054037
0.0084441
-0.0052959
0.0024302
-0.0069166
0.0087987
-0.0070812
0.0029282
0.0023946
-0.002045
0.0083465
-0.0007043
0.0032114
0.009066
-0.001324
-0.0093878
0.0006181
-0.0029352
-0.0009619
0.0031083
0.0071148
-0.0042468
-0.0089783
0.0054414
0.0066897
0.0053028
0.004523
-0.0090476
0.0024131
-0.0060301
-0.0071418
-0.0057763
-0.0045529
-0.0020885
-0.0075618
-0.0094637
-0.0091314
-0.0008526
-0.0003118
0.0062628
0.001066
0.0092011
-0.0073247
-0.0084193
-0.0060343
-0.00422
-0.0029784
0.003797
0.0033355
-0.0043443
0.0075058
-0.0005108
-0.0033632
0.0086594
-0.0043063
-0.0008636
-0.0073845
0.0062359
-0.0091007
0.0083181
0.0022927
-0.0083811
-0.0063327
0.0005305
0.0036076
0.0004152
-0.0024391
0.0045471
0.0005752
0.007221
0.0069
0.0042386
0.0030306
-0.0095476
-0.0028443
-0.0062769
-0.0001911
-0.0043277
0.0077794
0.0008808
0.0070885
-0.0076573
5.48e-5
0.0036762
0.008439
0.0069419
-0.0094131
-0.0098355
-0.0086483
-0.0030965
-0.0082564
-0.0008656
0.0042998
0.0082091
0.0082396
0.0022887
0.0014248
-0.0053096
-0.00043
0.0056886
-0.0049554
0.0066191
0.0011874
0.0063948
0.0018655
0.0082565
-0.0008727
-0.0017682
0.0002125
-0.0075526
-0.0087283
0.0043338
-0.0010352
-0.009797
0.007809
-0.0063405
-0.0089471
-0.0029602
-0.0081055
-0.0071323
-0.0035997
-0.0048066
0.0044258
-0.0010017
0.0019454
0.0059644
0.0033722
-0.0007585
0.0048454
0.0014044
-0.0063888
-0.0046507
-0.009238
-0.0072085
0.0036351
-0.0070537
-0.0095434
0.0063996
0.0003385
0.0047207
-0.0033277
0.0068826
-0.0094381
-0.0008804
-0.003898
0.0055659
-0.0083068
0.0058092
-0.0091776
-0.0076875
0.0039169
-0.0048712
0.0056633
-0.0036309
0.0049897
-0.0006563
