0.0055654
0.0067248
-0.0013537
-0.0073814
0.0065085
0.0010588
0.0018897
0.0046608
0.0033048
-0.0030055
0.0016043
-0.0004031
0.0026786
0.002278
0.0068176
0.0031431
0.0058303
0.0084148
0.0007065
0.0078776
-0.0098016
0.0040262
0.0099537
-0.0016304
0.0051488
-0.0097818
0.0058595
0.0082433
-0.004685
-0.0088494
-0.0045372
0.0018134
0.0012872
0.0030613
-0.005838
-0.0041192
0.0067783
-0.0034543
0.007849
-0.0059263
-0.0022928
0.0038918
0.0017847
-0.0094394
-0.009898
-0.0025406
0.0055476
0.0017201
-0.0088653
0.0054617
0.0056806
-0.0018942
0.0032233
-0.0051412
-0.0079485
-0.002571
0.0037296
0.000397
0.0025553
0.0058947
-0.0009187
0.0052416
-0.0090788
-0.0032359
-0.0058868
0.0045471
6.09e-5
0.0079634
-0.0027066
-0.0083283
-0.0088458
-0.0058273
0.0049509
0.0044813
-0.0043705
-0.0011976
-0.0026973
-0.0004648
-0.0073549
-0.0056118
0.0003912
0.000815
-0.0024967
0.0076076
0.0011018
-0.0031319
-0.0032438
0.0018907
0.0074789
-0.008042
0.0089509
-0.007247
0.0021265
0.0042937
-0.0045473
0.0084502
0.0033199
0.0067246
-0.0008927
-0.0002905
-0.0096491
-0.0026427
-0.0080148
-0.0060616
-0.0016759
-0.0021854
0.0009666
0.0076979
-0.0046212
-0.0043432
0.0050492
0.0073913
0.0041002
0.0015983
-0.0033627
-0.0069874
-0.0045269
0.0076591
0.0083413
0.0060188
-0.005004
-0.0090721
0.008005
0.005969
0.0062242
-0.0088334
0.007353
0.0075276
-0.0083311
-0.0036158
-0.0039425
-0.0048032
0.0055611
-0.0071917
-0.0043973
-0.0068443
-0.0070389
0.0083217
0.0084163
-0.0066662
0.0033939
0.0036404
0.006573
-0.0045216
0.0065855
-0.0009566
-0.0015259
-0.0064228
-0.0069785
-0.0032072
-0.0038213
-0.009231
-0.0074314
-0.0091407
-0.008271
-0.0046057
-0.0032523
-0.0086137
0.0028378
-0.0084542
-0.0026144
0.0022055
0.004297
-0.0001858
-0.0065446
0.0024118
-0.0068185
-0.0076591
0.0088942
0.0046778
0.0090444
-0.0049532
-0.0089834
-0.0032561
0.0066512
-0.009582
0.007785
-0.0067287
-0.002648
-0.0071173
0.0045631
-0.0063661
-0.0039038
-0.00511
-0.0084387
0.008993
-0.0034125
0.0049625
0.0004717
0.0079801
0.0068284
0.0060621
0.0082046
0.0097541
0.0047341
0.0071118
-0.0052018
0.0097299
-0.0088086
-0.0077717
0.0034904
-0.0090787
0.0055662
-0.0013616
-0.0033737
-0.0019373
-0.0024743
-0.0080837
-0.0021781
0.0086875
-0.0051859
-0.0095041
-0.0007087
-0.0076156
0.0028736
0.005316
0.002126
-0.0093747
0.0037112
0.0045343
-0.0008384
-0.0074509
0.0086816
0.0065076
-0.0031339
0.0070853
-0.001919
0.0020689
-0.0014958
-0.0080277
0.0086352
0.0011548
0.0009149
0.0017001
-0.0055037
0.0046653
0.0097352
0.0050543
0.0056144
-0.0035377
0.0069867
-0.0080705
-0.0031768
-0.0061352
0.0091329
0.0055667
-0.0064656
-0.0076334
-0.0023035
-0.0037066
-0.00631
-0.0037347
-0.0008396
0.0098421
0.002001
-0.0092906
0.001579
-0.0078773
0.0063656
0.00532
0.0004251
-0.0022179
-0.0050663
0.0075326
0.0081527
0.0088018
0.0041652
-0.0096094
-0.0021131
-0.0057213
0.0066787
0.0094543
0.0081815
0.0007987
-0.0045671
-0.0059367
0.0007323
-0.0032043
0.0093724
0.0021815
0.0072798
-0.0027951
-0.0048847
-0.0011342
0.0043127
-0.0089476
-0.0049692
-0.009737
0.0087361
-0.0019485
0.0038999
0.0017733
0.0001718
-0.0095289
-0.0039081
0.006399
-0.0029323
-0.0051311
0.0035859
-0.0080385
-0.0021536
-0.0040153
0.0027793
-0.0098687
0.0011469
-0.0002696
-0.004659
-0.0089287
-0.0076235
0.0017648
-0.0088684
-0.0007706
-0.0051089
0.0094437
0.000464
-0.0034831
0.0054711
0.0083741
0.0050661
-0.004383
0.0096547
0.0031823
-0.0051397
0.0030387
-0.0045111
-0.0044289
0.0015851
0.0058244
-0.0096181
-0.0089883
-0.0029333
-0.0035127
-0.0022204
-0.0054447
-0.0095493
0.007951
0.0072185
0.0035143
0.002603
-0.0054655
0.0019159
-0.0080916
0.0049294
0.0050587
-0.0039866
0.0031938
0.009735
0.0065968
0.0088717
-4.18e-5
-0.0057895
0.002262
0.0063947
0.0048257
0.0092195
-0.0080979
-0.0010791
-0.0081903
0.0089802
0.0032353
0.0033738
0.0045171
0.0061314
-0.0073952
0.0010123
-0.007802
0.0006465
0.0049994
0.0083934
0.0017715
0.0072756
0.0027138
0.0057348
0.003001
0.0053798
0.0025067
-0.0086091
0.0012206
0.0053566
0.0064717
0.0006534
-0.0019199
-0.0059034
-0.0045567
-0.0031852
-0.0052042
0.0041407
-0.0070486
0.0042687
-0.0009003
-0.003551
-0.0031481
0.0038841
-0.0062378
-0.0035803
-0.0062664
-0.0015383
0.0004802
0.0072015
0.0036653
-0.0064634
-0.0021559
-0.0088704
-0.0044709
0.0025619
0.0023898
-0.0039095
-0.0021015
-0.0001564
0.00636
0.0028961
-0.0015987
0.0007759
0.0008854
-0.0069527
0.0094298
0.0004181
0.0031403
-0.0002852
0.0044267
0.0003987
0.0054338
-0.0065869
0.0093027
0.0016718
0.0082601
0.0032226
-0.0078509
0.0085827
-0.0021031
-0.0047801
0.0063911
0.0022631
0.0052494
-0.003298
-0.0037204
-0.0017145
0.0036687
-0.0067087
0.0016552
-0.0008149
-0.0043799
-0.0082879
0.0001514
-0.0023642
0.0064446
0.0004968
-0.0046116
-0.0042231
-0.0063223
-0.0001072
-0.0004351
-0.0008561
0.0082464
-0.0066607
0.007445
0.0032965
0.0015688
-0.0024074
0.005444
0.0051971
-0.0010873
0.0002892
-0.0014821
-0.0047266
0.0039753
0.0013802
0.0096049
-0.0014119
0.0057268
-0.0086866
0.0005088
-0.0010177
-0.00679
0.0022595
-0.0043818
0.0031953
0.0050044
-0.0038622
0.0022807
-0.0058306
-0.0088558
-0.0007665
-0.0072836
-0.0077048
-0.0053465
-0.0035789
0.0098454
-0.0065839
-0.0020362
-0.0027193
-0.0074762
-0.0007849
-0.006373
-0.0086003
