0.0046914
-0.0095103
-0.0006407
-0.0089307
-0.0040524
-0.0048594
-0.0066655
-0.0083583
0.0016511
0.0081156
0.0060865
-0.0076076
-0.0037213
-0.0024952
-0.0051777
-0.0019782
-0.0081319
0.0068273
0.002721
0.0055946
-0.0064644
0.0056748
-0.0018163
0.0036955
-0.0042156
-0.0097151
-0.0054169
0.0011593
0.0021865
-0.0035111
-0.0008649
0.0021808
0.0008859
-0.0041866
0.0049718
-0.0075824
-0.0035944
-0.0010919
0.0002826
-0.0007015
-0.0043432
0.0031074
-0.0084332
0.0065447
-0.002758
0.0084855
-0.0052647
-0.0073283
0.002797
-0.0028419
0.0033281
-0.002717
0.0095897
0.0051159
0.0043603
-0.0044419
0.0022204
-0.000262
-0.0014378
-0.0036513
-0.0038364
0.0086435
-0.0063575
0.0083198
0.0051629
0.0060371
-0.0006981
0.0065079
0.0051873
0.001559
0.0004105
-0.0074854
-0.0085833
-0.0079602
0.0075524
0.0070563
-0.0041842
-0.0064721
0.0093602
-0.0063644
-0.0095397
-0.0082335
-0.0012893
-0.0086523
-0.0094324
-0.0049347
0.0041234
-0.0023755
-0.0086415
0.0047778
0.0053689
0.0028422
-0.0058212
0.0086509
0.0050623
0.0016362
-0.0083961
-0.0038453
0.0016333
-0.0014971
-0.0062435
-0.0077573
0.005896
-0.0085301
0.0059968
0.0060892
0.008915
-0.0025761
0.0066687
-0.0023138
-0.0041108
-0.0089699
-0.004417
0.0059554
-0.0039762
0.0020197
0.0042547
-0.0060817
0.0050401
0.008101
-0.0034522
-0.0030828
-0.0053005
0.0034564
-0.0073576
0.0025465
-0.0087922
-0.0064975
-0.0027706
0.009698
0.0043049
0.0001569
0.005287
-0.0063818
-0.000118
0.0078274
-0.0061322
-0.0054333
-0.0033648
-0.0045641
-0.0056952
0.0082371
-0.0049967
-0.0022284
-0.0055948
-0.0013403
0.0062057
-0.0010276
-0.0068087
-0.0089399
0.0043028
-0.0023818
-0.0050631
-0.0004125
-0.0006319
0.0013987
-0.0037984
-0.0049877
0.0069946
6.49e-5
-0.0075602
-0.0035998
-0.0005025
0.0049288
0.0081337
-0.0065269
0.0024418
0.0096627
0.0004415
-0.0028849
0.0002764
0.0003822
-0.0097265
0.0097455
0.0075062
-0.0044225
0.0078701
0.004461
0.0056101
0.0094959
0.0047174
0.0004554
0.0009388
-0.0063258
0.0083876
0.0029211
-0.0090621
-0.0056659
0.0039465
-0.0055443
0.0063824
0.0099907
0.008265
-0.0057994
-0.0053412
-0.0045985
0.0092743
-0.0075768
0.0056033
0.0008049
-0.0050751
0.00899
-0.0031393
0.0096134
-0.0016738
0.0081475
0.0061214
-0.0004406
0.0020155
0.0082849
-0.0002987
0.0069781
0.0063904
0.0077824
-0.0027689
-0.0039576
-0.000484
0.0086827
0.0036434
-0.0071524
0.0069711
-0.0053504
0.0086094
0.008568
-0.0046673
0.000119
0.0017003
0.0084091
0.0052571
0.0051825
0.0070551
-0.0092577
0.0055456
-0.0013989
0.0005422
-0.0090946
0.0083994
-0.009131
-0.0073599
-0.0071211
-0.0085811
-0.0064796
-0.0064918
0.0025962
0.0081071
0.0065953
0.0052573
0.0039954
-0.0084308
-0.0077676
0.0033475
0.0044941
-0.0078453
-0.0044088
-0.006824
-0.0082364
0.0021314
0.0018755
-0.0033232
0.0042412
-0.0065892
0.0020034
-0.0029979
-0.0027573
0.004931
-0.0092759
0.0068029
0.0076358
-0.0001523
0.0012723
0.0071632
0.0017758
-0.0032085
0.0031196
0.0061877
0.0089077
0.0029115
0.0034041
0.0083374
0.0047349
-0.0014367
-0.0097217
0.0038719
0.0091366
0.0053558
0.000806
-0.0084839
0.0034835
0.0047672
-0.0032732
-0.0025911
-0.006808
-0.0099057
0.0004221
0.006829
0.0091087
0.0054156
-0.0039523
-0.0040528
-0.0028107
0.0076128
0.0089938
0.0087927
-0.002841
0.0033318
-0.0055781
-0.0095558
0.001996
-0.0023457
0.001836
-0.0049457
-0.0042779
-0.0083926
-0.0016102
0.0064738
0.0030203
-0.0038144
0.0004933
0.0033317
0.0060367
-0.0079463
0.0080621
-0.0083856
0.0052302
0.0061643
-0.0037989
0.0036411
-0.00126
0.0037663
-0.0009383
-0.0067019
-0.0004397
0.0040645
-0.0086924
-0.0008096
-0.00632
0.0014299
0.0069555
-0.0065245
0.0096324
-0.0097467
0.0005866
-9.36e-5
-0.009982
-0.0077207
0.0012961
0.0072037
-0.0004565
-0.0049013
0.0060062
0.0032328
-0.006548
-0.0089666
0.0024704
0.0055359
0.0071353
0.0044747
0.0034416
-0.0053434
-0.0006611
-0.0046733
0.0066868
-0.0087083
0.0059505
-1.47e-5
-0.0063508
-0.0017883
0.0020405
-0.0018351
-0.0080206
0.0097294
-0.0020718
-0.0002919
0.0012646
0.0069894
0.0024385
-0.004476
-0.0074339
0.0067354
0.0053415
-0.0045478
0.0074107
-0.0032346
0.0026861
-0.0026111
-0.0044593
0.0056753
0.0031819
-0.0046589
0.0048951
0.0037034
-0.0096451
-0.0093701
0.0083009
-0.0081231
0.0042015
-0.000329
0.009066
-0.0005114
-0.0074087
-0.0049888
0.0037441
0.0013016
0.0035837
0.0099192
-0.001907
-0.0068948
0.0044988
0.0035835
0.0005702
-0.0045484
0.0017394
0.0032901
0.0061941
0.0008436
-0.0079408
-0.0041375
0.0071582
-0.0027223
-0.0091063
0.002924
0.0007353
-0.009231
-0.0086614
0.0025113
-0.0027563
0.0077822
0.0022509
0.000223
-0.0092407
-0.0042759
-0.0004523
-0.002075
-0.0070347
-0.0004536
0.0057915
-0.0095489
-0.0043887
-0.0084421
-0.0016521
0.0089819
0.0091065
-0.0007198
0.0031516
0.0084865
-0.0088304
-0.0052555
0.0045307
0.00262
-0.0086035
-0.0099173
0.0048015
-0.0055419
-0.0071102
0.0052123
-0.001774
-0.0054338
0.0001975
-0.0084466
-0.0051715
-0.0006055
-0.0098166
0.0090471
-0.0068192
-0.0006509
-0.0038752
-0.0038613
-0.0026464
-0.0091862
-0.0097602
0.0013646
0.0009413
0.004274
0.0070307
0.0015917
-0.0035483
-0.003136
0.0078901
0.0017385
-0.0082439
-0.0062531
0.0042548
-0.006652
-0.0015515
0.0078271
-0.0011764
-0.0036486
0.0065614
0.0020027
0.0084065
-0.0018402
-0.0065521
-0.0028969
-0.0058286
0.0041498
