4.5e-5
0.0058851
0.0055992
-0.0029518
-0.0001762
0.0074028
-0.0071554
0.0056791
-0.0089243
-0.0067909
-0.0061954
0.0026574
0.0077251
-0.0083613
-0.0001529
-0.002573
0.001916
-0.0081826
0.0009111
-0.0054975
-0.0046723
-0.0058391
0.0049687
-0.0087299
0.0016992
-0.0001445
0.0029133
-0.0094619
0.0044489
-0.0043932
0.0004732
0.0044655
-0.0076088
0.0056863
-0.0008899
0.0090137
0.0078397
-0.0084621
-0.0048151
-0.0057629
-0.0028548
0.0051706
0.001307
0.0078037
0.000341
0.0085923
-0.0068403
-0.0035298
0.0081636
0.0057405
0.0063644
0.0051845
0.0069311
0.0037097
0.003754
0.0084444
-0.0050831
-0.0095069
0.0088795
0.0069434
-0.009341
-0.004937
-0.0020067
-0.0038563
0.0076292
0.0098585
-0.0037274
0.0077515
0.0071144
-0.0012835
-0.0013453
-5.53e-5
-0.0046522
-0.0041225
0.0022191
-0.0066777
-0.002321
-0.0051636
0.0018663
-0.0072063
0.0009487
0.0021768
0.0006096
0.0054269
0.0006946
-0.0051054
-0.0067105
-0.0009634
-0.0093111
0.000261
0.0095679
0.0027527
-0.0005285
-0.0086042
0.0091547
-0.0084678
0.0095391
0.006873
0.0019792
0.0070077
0.0037733
-0.0003078
0.0041717
-0.0022333
-0.008089
-0.0014188
0.0030012
0.0091307
-0.002342
-0.0015921
0.0064829
0.0033184
-0.0033594
0.0050337
0.0035452
-0.0006255
0.0042021
-0.0020672
-0.0051729
-0.0016738
-0.0004081
-5.01e-5
0.0050328
0.0097082
0.0028678
-0.0026477
-0.0007255
-0.0027986
0.0053302
0.0050646
0.0058617
0.0098499
0.0072773
-0.0030043
-0.0053817
0.003402
9.49e-5
-0.00654
-0.0006137
-0.0007837
-0.0051905
0.0053974
0.0057155
0.0025085
-0.0059318
-0.0047228
0.0018306
-0.0021333
0.0065556
-0.0011417
-0.0062454
0.0048302
0.0036781
0.0060789
0.0062809
-0.0025758
0.0014179
-0.0082592
0.0014847
0.0022269
-0.0092519
-0.0091325
-0.0016275
-0.008469
-0.0094527
-0.0015799
-0.0005794
0.001717
0.0011743
0.0051847
-0.0061741
0.0055563
-0.0038118
0.0091999
0.0089673
0.0046222
0.0050823
0.0050077
0.0096953
-0.005564
-0.0044581
-0.0087066
-0.0082989
0.0026
-0.0040316
0.0072924
0.0030466
0.0024948
0.0071208
0.0018891
-0.0078937
0.0051788
-0.0081021
-0.0052166
0.0003499
0.0045476
0.0023546
-0.0080073
0.0053575
0.003717
-0.00377
-0.00067
3.38e-5
-0.0041173
0.0009745
-0.0028455
-0.0017057
0.0045634
0.009412
0.0063319
-0.0072239
0.0014865
0.0006996
0.0028519
0.0049859
-0.0047823
0.0014712
0.009154
0.0029009
0.0056851
0.0028731
7.41e-5
0.0087425
0.0025785
-0.0061052
0.0037271
0.0097227
0.0026893
0.0033277
-0.0048064
0.0028104
0.0022111
0.0030512
-0.0088298
0.0035518
0.0025521
-0.0018588
0.0091461
-0.0024125
0.006024
-0.0030825
-0.0009619
0.0088253
0.000359
-0.006452
0.0083251
0.0010649
-0.0051292
-0.0039973
0.0035828
0.0057015
-0.0019401
0.0066767
0.006912
-0.0043188
0.0026655
-0.0079372
0.0010637
0.006493
0.0005673
-0.0038922
-0.0020856
0.0060011
-0.0069492
-0.0017698
-0.0087845
0.0045159
0.0067531
-0.0057726
-0.0004045
-0.0001392
-0.0070077
-0.0006767
0.0094406
0.0005607
0.0043125
0.0080526
0.0042942
-0.0072474
-0.0048137
0.0037762
-0.0047793
-0.0014554
0.0080266
-0.0061703
-0.0067906
-0.0098591
0.0098293
0.00716
0.0028534
0.0035334
0.0073308
0.0052203
0.0091928
0.0067419
0.0038473
0.0077571
-0.006763
-0.0060667
-0.002648
0.0052233
-0.0037483
0.0098194
0.000605
-0.0062764
0.0034052
0.0085944
-0.0046178
0.0068807
-0.0056303
-0.0060839
-0.0082678
0.0095448
0.0071141
-0.0025117
-0.0011
-0.0020084
0.0065004
0.0063606
0.0048906
0.0064613
-0.0092619
-0.001482
0.0081193
0.0073016
-0.0024637
-0.0013979
0.0039318
-0.0094533
0.0040584
-0.0061292
-0.0045354
-0.0003438
-0.0065694
0.0037518
0.0050803
-9.36e-5
-0.0021015
-0.0068995
-0.007876
0.0094302
-0.0027436
-0.008732
-0.0030084
0.0087638
-0.0029155
0.0077837
-0.008832
0.0026302
-0.0019109
1.3e-5
0.0011101
0.0063988
-0.004105
-0.0042856
-0.0038686
0.0074267
-0.0067799
-0.0036773
-0.0015344
0.0042603
-0.0095609
0.0097496
-0.0049544
0.0083617
0.0078755
-0.0084346
-0.0066003
-0.0004412
-0.0013694
0.0009469
-0.0016528
0.0076169
0.0007969
0.0007717
0.0091055
0.009132
0.0075827
-0.0045456
0.0055042
0.0058953
-0.0093446
-0.0047945
0.0009669
0.0048145
0.007815
-0.0082969
-0.0019014
-0.0023654
-0.0047626
0.006852
-0.0062961
0.0066824
-0.009455
-0.0048188
0.0050482
-0.0074402
0.0067131
0.0069113
0.0029802
-0.0062588
0.0061489
0.0085118
0.0065621
0.002041
-0.0007034
0.003933
0.0057356
0.0060667
-0.0050275
-0.0060798
-0.0074543
-0.0004363
-0.0018833
-0.0041098
0.0018244
0.0008669
0.0029309
-0.0015541
0.0061476
-0.0097474
-0.0058282
0.0047945
0.0080052
-0.008573
-6.99e-5
-0.000349
-0.0060323
0.0015206
0.005033
-0.0019959
-0.0015086
-0.0038052
-0.0012695
0.0036248
0.0080843
0.0034916
0.0097824
-0.0066251
0.0047087
-0.0066406
-0.0061113
-0.0092506
0.0047438
-0.0072091
-0.0042911
0.0051285
-0.0086057
0.005572
-0.0087389
-0.001259
0.0052262
-0.0083151
-0.0019497
-0.002024
-0.0036672
-0.0008594
0.0001307
-0.0092631
0.0047955
0.0045394
-0.0026236
-0.0010712
-0.0030321
0.0020987
0.0047424
-0.0069631
0.0039102
0.0060993
-0.0049378
-0.0019077
-0.0053133
0.003895
-0.0004916
0.0031081
-0.0023571
0.0085178
0.0072059
0.0086391
0.0034362
0.0071296
0.0005379
-0.005077
-0.0021641
-0.0002566
-0.0025045
0.0035104
0.0004256
-0.0097061
-0.0089394
-0.0058388
0.0004023
-0.0040269
0.0082313
-0.0095576
