0.0032696
-0.0022292
0.0081008
-0.0069512
0.0094785
-0.0004914
0.0046708
-0.0061502
0.0066319
-0.0002034
-0.0075068
-0.0089001
0.0004969
-0.0054881
0.0020853
-0.0079556
-0.0020071
0.0094683
0.0047747
-0.0079687
-0.0028313
0.0095435
-0.007298
0.0071709
0.0089735
-0.0071448
0.0058035
-0.0063992
-0.0050847
0.0013951
-0.0075625
-0.0038963
0.0004328
-0.0046598
-0.0008691
0.0033514
-0.0003045
-0.0068673
0.0091158
-0.0071862
0.0030801
-0.0039534
0.0008159
0.0036669
0.0036995
-0.0072248
0.0010713
-0.0027966
0.0092246
-0.0061792
-0.0053173
0.0059752
0.0038873
0.0072124
0.0082834
0.0049858
-0.0015199
-0.0008223
-0.0044195
-0.008581
0.0011951
0.0070199
-0.0003707
0.0082743
0.007731
0.0023089
0.005658
0.0048843
-0.0017806
-0.0001304
-0.0077628
-0.0075691
0.0089854
-0.0008326
0.003618
-0.0023659
-0.0068268
0.0008333
0.0051365
0.009696
0.0065664
-0.0051996
-0.0082045
-0.0035283
0.0087666
0.0084221
-0.0025389
0.0079037
-0.0083665
0.0016176
-0.0091888
0.0051411
-0.0004711
-0.0024975
-0.0060263
-0.007498
0.0075544
-0.0085301
0.003475
-0.0012488
-0.0058339
0.0047104
0.0073454
-0.0012642
0.0086362
-0.0061954
0.0065386
0.003053
0.0016585
0.0012273
0.0073635
-0.0043348
0.0012545
0.0011851
-0.0041158
0.0075448
0.000668
-0.0008589
-0.0012154
0.0070011
-0.0001046
0.0068829
-0.0023503
0.0071136
-0.0005201
0.0033255
0.0001677
0.0052874
-0.008166
-0.0039762
0.0046598
0.0085862
-0.0002074
-0.0084007
0.0007398
-0.0061864
0.0052556
0.0040867
-0.0031984
-0.0030677
-0.0092725
0.0075768
-0.0085438
-0.0059482
-0.0078404
0.0063626
0.0054717
0.0092804
0.0071566
0.0049133
0.0058361
-0.0021447
-0.0080552
0.0088783
-0.0042668
-0.0019099
0.0053528
0.0079446
-0.0007994
0.0018702
0.0082132
0.0057543
-0.0036656
0.0046509
0.0073426
0.0077883
0.00401
-0.005685
-0.0067971
-0.0079789
-0.0041812
0.0076798
-0.0066243
-0.0015951
0.0021473
0.0058371
0.0054521
0.0037788
0.0095834
-0.008239
0.0010542
-0.0015055
0.0052849
-0.0050697
-0.0048812
-0.0021697
0.0019567
-0.0007379
-0.0050538
0.0066069
-0.0078251
-0.004341
-0.0097418
-0.0098096
0.008093
0.0018617
-0.0029345
0.003897
0.0004916
-0.0048011
0.0006394
0.0089596
0.0032976
0.0008589
-0.0044884
0.0026392
0.0014417
-0.0053697
0.0087586
-0.0013123
-0.004279
-0.0059654
0.0006139
-0.0019482
0.003837
0.0099256
-0.0080834
0.0005921
0.0021262
-0.0085113
-0.0099982
0.0038408
-0.0012664
-0.0003469
-0.0065404
0.0006498
0.0089212
0.0022411
0.0063881
0.0099896
-0.0074289
0.0089213
-0.003818
-0.008008
-0.0018789
0.0073562
-0.0054023
0.0055692
0.0005444
0.0014223
0.0061008
-0.0020639
-0.0039584
-0.0099959
-0.0044215
0.0010482
-0.0024415
-0.0012113
0.0056651
-3.5e-5
-0.0033613
0.0023505
-0.0096352
-0.0034398
-0.0011269
0.0068297
-0.0057407
-0.0048609
-0.0012571
0.0006419
-0.0056191
-0.0085521
0.0055585
0.0042529
-0.0022684
0.0040856
-0.006948
-0.0091998
0.0098605
0.0054368
0.0094851
-0.0048397
-0.0051087
0.0016674
-0.0004985
0.0024761
-0.0036944
0.0057104
0.0053191
-0.0093188
0.0073382
0.0042143
-0.0047672
0.0034507
-0.0065521
-0.0083078
0.0039985
0.0053993
-0.0032018
-0.003669
0.0057279
0.0050598
-0.0039744
-0.0093045
-0.0069486
0.0061573
0.0097033
0.0096382
0.0017697
0.0036589
-0.0090494
-0.0005454
0.0058124
-0.0052933
-0.0045553
-0.0066602
-0.0088036
0.0079447
0.0061838
0.0004997
0.0080853
0.0009555
0.0051836
-0.0098118
0.0071924
-0.0085565
0.0099838
0.007684
-0.0061968
0.0037872
0.0080175
0.0024671
0.0097961
-0.0024821
-0.0086687
-0.0053091
0.0022025
0.0095217
0.0020674
0.0027621
-0.0077807
0.0044819
0.0017889
-0.0073223
0.0018423
0.0069569
0.0030402
0.0016382
-0.0081138
0.0025347
-0.0096549
0.0034625
0.0029942
-0.0076427
-0.0053362
-0.0006213
0.0092333
0.0016638
-0.0064219
0.004158
0.0013209
0.0078413
-0.0068495
0.0026291
0.0039662
-0.006287
-0.0056728
0.0088104
-0.0021589
0.001805
-0.0026175
0.0085945
-0.0065048
-0.0056973
0.0031874
-0.007926
0.0080929
0.0074652
-0.0083003
-0.0018811
0.0038117
-0.0020516
0.0009896
-0.0068912
-0.0015878
-0.0090686
-0.0053091
0.0026557
0.0059273
0.0018826
-0.0059756
-0.0080539
0.0018495
0.0089212
-0.0048567
-0.0074365
-0.0074321
0.0014311
0.0028758
0.0085452
0.0086818
0.0067772
-0.0066301
-0.0050019
-0.0064345
-0.0096974
-0.0035966
0.0080242
0.0003
0.0038745
-9.46e-5
0.005973
-0.0065194
-0.0002449
-0.0076672
0.0048195
0.0055382
-0.0086915
-0.0045875
0.0090585
0.0041468
-0.0051699
-0.00709
0.009005
-0.0048213
0.0033787
-0.0031577
-0.0017243
0.0042935
0.0054483
-0.0063532
-0.0043967
0.0075589
0.0025817
-0.0048588
0.0077696
-0.0083476
0.0060711
-0.005739
-0.0068908
-0.0052729
0.0089054
-0.0018955
-0.0046171
0.0020652
-0.0030703
-0.0045119
-0.0061345
-0.0065849
-0.0091608
0.0055499
0.0055321
-0.0022957
0.0093029
-0.0033288
-0.005212
-0.0085487
-0.0089636
0.0012883
-0.0060934
-0.0050115
-0.0058892
0.0031238
-0.0087048
-0.0011493
-0.0022996
0.0060799
0.0099115
-0.002349
-0.0068549
-0.0091151
0.0022559
0.0016898
0.0011289
-0.002163
-0.0054291
0.0039575
0.0059034
0.0087515
-0.0085789
-0.0089281
0.0027977
-9.23e-5
0.0032385
0.0059545
0.0036788
-0.0070284
-0.0077757
-0.009621
0.0024588
-0.0044688
0.0085791
-0.0029352
0.0057497
-0.0049917
0.0018272
0.0075038
-0.0039991
-0.0003589
-0.0083652
0.000847
-0.0027797
-0.0016348
-0.0043012
-0.000699
