-0.0067993
0.009251
0.0096317
0.0088048
0.0009045
-0.0068369
-0.0069691
-0.0008285
0.0046508
-0.0013865
0.0074361
-0.0030995
0.0085829
-0.0089062
0.0010364
0.0011617
-0.0003716
0.0053057
0.0001321
0.0016758
-0.0062234
-0.004604
0.0021097
-0.0013961
0.0050387
-0.0007554
-0.007168
-0.0092098
0.0009428
0.0025281
0.0053359
0.0003499
0.003944
-5.01e-5
0.004957
-0.0076166
0.0091237
-0.0016951
-0.0050242
0.0072688
-0.0009874
-0.001235
-0.0030654
-0.0007035
0.0009526
-0.0032005
-0.0085766
0.0017461
0.0096619
0.0057246
-0.0077948
0.0022113
0.0025561
0.0018535
0.0081684
-0.0089598
0.0073262
-0.0001798
0.0062473
-0.0064347
0.0080821
0.0045116
-0.004977
0.0051579
0.0004584
0.0025567
-0.0021473
-0.0001176
0.0050966
-0.0005197
0.003265
0.0064297
0.0022117
0.0006781
-0.0020582
0.0047838
0.0059561
-0.0095935
-0.0097651
-0.0022499
-0.0088553
0.0026505
-0.0079837
0.0024322
-0.0052484
-0.0057181
-0.0029939
0.0017747
-0.0054743
-0.003836
0.0020484
-0.0096549
0.0079963
0.0089585
-0.0087295
-0.0085749
0.0078553
0.0066541
-0.0085913
0.0084256
-0.0002312
-0.0074827
0.0029259
0.0045983
0.0072703
0.0076192
0.0007169
0.0020793
0.009346
0.0095574
0.0080102
0.0063109
-0.003278
0.0033813
-0.0067449
0.0043159
-0.0014125
-0.0096632
0.0008638
-0.0019991
-0.0064373
0.0028974
0.0023558
-0.0021235
-0.0033463
0.0006546
-0.0073957
0.0042864
-0.0061242
0.0067743
0.0087565
-0.0054919
0.001945
0.0017886
-0.0022679
0.0020511
0.0049849
0.0007195
0.0054597
-0.0049417
0.007029
-0.0068339
0.0027675
-0.0069634
-0.0034885
0.0087798
-0.0079972
-0.0094751
-0.0074574
0.0033215
-0.0018831
0.0052921
-0.0090751
0.0080236
0.0075997
-0.0047062
-0.0087641
0.0053041
-0.0075286
-0.0024516
0.0050922
-0.0025299
0.0064319
0.0084254
0.002991
-0.0010441
0.0084499
0.001003
-0.0033306
-0.0013147
0.0050955
-0.0006171
-0.0092893
-0.0098337
-0.0004542
0.0023212
-0.0001842
-0.0010983
-0.0032823
0.0012355
-0.003184
-0.0008992
0.0036811
-0.0057536
0.0071533
0.0065019
-0.0017853
-0.002593
-0.0096894
-0.004336
0.0016602
0.0047433
-0.0048157
-0.0073105
0.0058652
-0.0095445
0.0020543
-0.0001109
-6.2e-6
-0.0010449
0.0033388
0.0039044
0.0037511
0.0065286
-0.0038992
0.0074952
-0.0071478
0.0020984
0.0014336
0.0007202
-0.0001612
0.0030629
0.0006326
0.0009283
0.0015718
0.0015774
0.0002323
-0.0060417
0.0054568
-0.0041816
-0.0048572
0.0001392
-0.0052403
-0.0068845
0.0067011
-0.0026104
0.0097681
0.0037133
0.0011323
0.0038676
-0.0066733
0.0023998
-0.0043757
-0.0071042
0.0099365
-0.000132
0.0052889
0.0091757
0.0041731
0.0060971
0.0082122
-0.0015489
0.0045026
0.0074329
-0.0088578
-0.0015373
0.0068719
0.0024013
-0.0010859
-0.0095929
-0.00155
0.0069489
-0.0087051
0.0054191
-0.0092702
0.0001274
-0.0004754
0.0031653
0.0065382
0.0073387
-0.0017462
-0.0044678
-0.0090722
-0.0025242
0.003238
0.0075622
0.0057884
-0.0037701
0.0053432
0.0018601
-0.0027474
0.0095798
-0.0094994
0.0025655
-0.0053225
0.0086961
0.005899
-0.0036962
-0.0022459
-0.0034414
0.0016143
0.0053236
-0.0060106
0.0071612
0.0048825
0.0079382
0.0096272
-0.0077662
-0.00281
-0.0026521
0.0071753
0.0057202
0.0037851
-0.0080038
-0.0091971
0.0071902
-0.0053235
0.0072212
0.0048555
0.0035447
0.0080837
0.0028831
0.008508
-0.0069449
-0.0085544
-0.0088132
-0.0079952
0.0003609
-0.0014878
0.0030863
0.0093055
-0.0057495
0.0047728
-5.11e-5
0.0023199
0.0039599
-0.0074905
-0.0095949
-0.0015977
0.0048867
-0.0059863
-0.0067549
-0.003964
-0.0061341
-0.0094175
-0.0004397
-0.0014939
0.0045376
0.006914
0.0016511
0.004009
-0.0049369
0.0040007
0.0050524
-0.0024898
-0.0033952
-0.0005268
0.0044834
-0.0048879
0.0078165
0.0047897
-0.007388
-0.003538
-0.0022091
-0.0074263
-0.0072869
0.0099556
-0.0071465
0.0030161
-0.001642
0.0075564
0.0072344
-5.22e-5
0.0085894
-0.0071328
0.0093765
0.0046041
0.0038797
-0.0052362
-0.0068562
-0.0088685
-0.0060523
-0.0076645
-0.0087725
-0.0047944
-0.0083977
0.0090049
-0.0037065
-0.0099985
-0.0036282
-0.0073168
-0.0006073
0.0050536
0.0050449
0.0068574
-0.0077101
-0.0056274
0.0023142
-0.007186
0.0015561
-0.0034639
-0.0042354
-0.0007314
-0.0007139
-0.0099374
0.0078191
0.0094498
0.0060908
0.0082756
-0.0024726
0.0018159
0.0021459
-0.0014135
0.0030218
0.0065841
0.0067353
0.0018488
-0.0021357
0.0031038
0.0024364
-0.0048723
-0.0007339
-0.0055786
0.0012337
-0.0044583
0.0038887
-0.0058553
0.0090961
-0.0060633
-0.0054943
-0.0098759
-0.0096012
-0.0098288
0.005806
-0.0074733
-0.0057826
0.000586
0.0027486
0.0086013
0.0070666
-0.0009967
0.0099517
-0.0017809
-0.0021012
0.0076241
0.0001012
0.0059653
-0.0005249
-0.006292
-0.0053953
0.0020623
0.0018987
0.0049805
-0.0099197
-0.0029664
0.0035542
0.0052249
0.0086139
0.0075532
-0.0046197
-0.0012446
-0.0075602
0.0042995
-0.004819
0.0045683
0.0020173
0.0050053
-0.0027024
-0.0026174
-0.0023036
-0.0051853
-0.0007529
0.0091001
-0.0043605
-0.0073005
0.0013647
-0.0020202
-0.0077376
-0.0077342
-0.0048852
-0.0015961
-0.0030532
-0.0069181
-0.0012962
0.0016969
-0.0089364
-0.0068696
0.0031824
-0.0052091
-0.007384
-0.0076317
0.0074993
0.002126
0.0039212
0.0033282
-0.0022125
0.0074817
-0.0023017
-0.0020401
0.0069118
-0.0049992
0.0022937
0.0026796
0.0038249
0.0043668
0.0048872
-0.0055355
-0.0026918
0.0027089
0.0038594
-0.0018968
0.0063087
0.0078583
-0.0023391
-0.006108
