-5.22e-5
-0.0046817
-0.0090115
0.007638
0.0049486
-0.0095046
0.0060742
0.0092836
-0.0078307
0.0075487
0.0017928
0.0093428
0.007272
-0.0072838
-0.0018946
-0.0022511
0.0032884
0.0092045
-0.0091674
-0.0078397
-0.0034111
-0.0016414
-0.0047407
-0.0083948
0.0015108
-0.000851
-0.0093282
0.0099713
0.0022587
-0.007426
-0.0057905
0.0070567
-0.0006194
-0.0068943
0.002998
-0.0080537
0.0094661
-0.0081816
-0.0036256
0.0094452
-0.0087639
-0.0028084
0.0075923
0.0063402
0.0013602
-0.0053522
-0.0088957
0.0090407
-0.0039899
-0.0054331
0.0095692
-0.0071867
0.0093568
6.2e-6
0.0095135
0.0009323
0.0009569
-0.0036393
0.0076148
-0.0093498
-0.0088534
-0.0052826
-0.0043579
0.0069676
-0.00401
0.0070422
-0.0028181
6.3e-6
-0.0063333
-0.006989
-0.008944
-0.0098526
-0.0070911
0.0056034
0.0085881
-0.0008958
-0.0083797
-0.001238
-1.64e-5
0.0047905
0.0013312
-0.0059177
-0.0023935
0.0015637
0.0040284
0.0095885
0.0048147
0.001515
0.0038488
-0.0045616
-0.0013046
-0.0037902
-0.0024603
0.003917
0.0045015
-0.009857
-0.0063823
0.0058981
0.0062931
0.0068925
-0.0096797
0.0059953
-0.0055362
-0.0057778
-0.0013059
-0.0017055
0.0001801
-0.0033383
-0.0038253
-0.0066204
0.0065729
0.0072835
-0.0082873
-0.0020751
0.0011903
0.0036993
0.0032996
0.0033892
-0.0089933
0.0016892
0.0018798
0.0011493
-0.0035655
0.007078
-0.0043081
-0.0023448
0.0062479
-0.0028098
0.007147
-0.0063569
0.0070322
0.0054495
-0.0010428
0.0006165
-0.0020721
0.0049656
-0.0040149
-0.0039168
-0.0082067
0.0090419
-0.0089013
0.003625
-1.08e-5
0.0075012
-0.0086527
-0.0017077
0.0058518
-0.0084891
0.0091247
0.0063358
0.0092804
0.0011386
0.0018073
-0.005423
-0.0085701
0.0054325
-0.0041084
0.0059643
0.005704
0.0025133
-0.0083594
-0.0041043
-0.0036448
-0.0083407
0.000585
0.000242
-0.0019544
0.00135
0.0055812
0.0033937
0.0005968
-0.0084751
-0.0081986
-0.0007444
0.0045973
0.005844
0.0056139
-0.0086442
0.0033362
-0.0071798
0.0084034
0.0017286
-0.008539
-0.0002494
-0.0001953
-0.0019962
-0.0061497
-0.0067622
-0.0056768
0.0098424
0.0037731
-0.0015022
0.0020075
-0.0077827
0.0061614
-0.0065042
-0.0022841
-0.0094513
0.0028514
0.003907
0.0060771
0.0086736
0.0029901
0.0051591
-0.0011311
0.007045
-0.0097011
0.0078815
-0.0080955
-0.0070116
-0.0002902
-0.0082954
-0.0017018
-0.0003284
0.0088922
-0.0029949
0.0049211
-0.0035126
5.85e-5
-0.0066233
0.0003552
-0.0085827
-0.0070551
-0.0011654
0.0092713
0.0035234
-0.0090664
0.0041293
0.0066079
-0.0073575
-0.0012696
3.59e-5
0.0059423
-0.0067495
0.0042031
0.004913
0.0008732
-0.0025631
0.0046009
0.0034265
-0.0002907
0.0062558
0.0072493
-0.0015862
0.0043737
-0.0025826
0.0050379
-0.0034583
0.0001218
-0.000687
0.0021992
0.0060269
-0.0079449
0.0090895
0.0063606
-0.0077346
-0.0044245
0.0026388
-0.0081205
0.0089801
-0.0093619
-0.0019742
0.0096717
-0.0096686
0.0066596
-0.0019373
0.0052594
0.008407
0.0021575
0.0020232
0.003996
-0.0004209
0.009626
0.0087133
-0.0021105
-0.0004011
0.0058303
-0.0015403
-0.005381
-0.0029785
-0.0025722
-0.000623
0.0097348
0.0026285
-0.0092966
0.0016949
-0.006288
-0.00591
-0.0072215
0.0075758
0.0038937
-0.0078152
-0.0081144
0.0012402
-0.0026356
0.0013987
-0.0087457
0.0012245
-0.006474
0.0055424
0.0035257
-0.001414
0.0039311
0.0052743
0.0054829
0.002815
0.0017226
0.0014653
-0.0028419
0.0004405
0.0062989
0.0018473
-0.00211
0.007052
0.0040878
-0.0083773
0.0053963
-0.0079836
0.0002304
-0.0074376
-0.0088587
6.98e-5
0.0090461
-0.0088301
-0.0040551
-0.0056001
-0.0078841
-0.0069208
0.0045766
0.0053176
-0.0014203
-0.0059473
0.0054152
-8.32e-5
0.0097335
-0.0004097
-0.0082732
0.002998
0.0022993
-0.0012064
0.0048484
-0.0064589
-0.0096806
-0.0059802
-0.000968
0.0034807
0.0071971
-0.0086121
1.58e-5
-0.0038397
0.0062418
0.0090738
-0.0040776
0.0040318
0.0069808
0.0079268
-0.0069033
-0.0047605
0.0086546
0.0049445
-0.0008758
0.00636
-0.0073212
0.0044401
-0.0088835
-0.0093723
-0.0085755
-0.0026844
0.0065699
0.0015471
0.0065807
0.0058733
-0.00438
-0.0088187
0.0015361
0.0017986
-0.0052428
-0.0002156
-0.0059779
-0.0037938
-0.0036366
-0.0008526
-0.0090356
0.0014544
-0.00397
-0.0009376
-0.0063175
0.0083401
0.0015372
0.0021949
0.001744
0.0041845
-0.0089933
0.009709
0.005194
-0.0001563
0.0002414
-0.0040485
0.007171
-0.0097535
-0.0069559
0.0078002
0.0007865
-0.0063839
-0.0051173
-0.0012175
-0.0022863
0.0064252
0.0070397
0.0065514
-0.0087175
0.0036187
-0.0090246
-0.0059439
-0.0091669
0.0065505
0.0055743
-0.0023995
-0.0015909
0.0022602
-0.0065138
-0.0085335
0.0043997
-0.0060279
-0.0075054
-0.0051089
-0.004055
-0.0072392
-0.006525
0.0003068
0.0077602
-0.0046302
-0.0039231
0.0077909
-0.0038454
0.0041483
0.0059169
-0.0090536
0.0031238
0.0041273
-0.0058682
-0.0080108
-0.0094274
-1.27e-5
-0.0069245
-0.0014529
0.0062411
-0.0015494
-0.0017707
0.0035311
-0.0078501
0.0064751
-0.0085667
-0.0029516
-0.0009743
-0.0083884
-0.0026092
0.0043732
0.0094971
0.0011382
0.0013016
0.0023934
-0.0008407
-0.0097339
0.0018253
-0.0048586
-0.0054004
0.0059759
0.0037554
-0.0072374
-0.0003604
-0.0068651
-0.0029929
0.0015666
0.0081121
-0.0043467
0.0043481
0.0091747
0.0099596
-0.0091584
0.0083253
0.008596
0.0032686
0.0065009
-0.0097289
0.0077852
-0.0019824
-0.0030781
0.0020692
-0.0097749
0.0097607
0.0066817
-0.0063631
-0.0027724
0.0007331
