0.0068839
-0.008844
0.0063584
0.008891
0.0086955
-0.0019554
0.0076311
0.0035692
-0.0005719
0.0010762
0.0038174
0.0007261
-0.0026221
0.0057507
0.0032853
0.0045027
0.0006259
0.0015548
0.0010102
0.0049229
0.0040239
-0.0019632
0.0071088
0.0042172
0.0080459
0.0005336
-0.004974
-0.0098899
-0.0014649
-0.0078685
0.0046448
-0.0085899
-0.006157
0.0043923
0.0070283
-0.0075656
0.0051227
0.0087832
-0.0068876
0.0033056
0.0088467
-0.0030357
0.0081604
-0.001344
0.0015256
-0.0031346
-0.0025501
-0.0006824
0.0080138
0.0038166
0.0048362
0.0015512
0.0083176
-0.0006117
0.0047873
0.007709
0.0088846
0.0024588
0.0054425
0.0003186
0.0063272
-0.0053615
0.0037998
-0.0004093
0.007044
0.0079938
-0.0093578
0.0044183
-0.0023529
0.0025952
0.0033364
0.002275
-0.0006983
0.0083828
0.0048381
-0.006125
0.0008283
-0.0084408
0.0055274
0.0063114
-0.0072819
0.0041075
-0.0064664
0.0085621
-0.0076544
0.0082017
0.0087688
-0.0020846
0.0070384
0.00552
-0.002936
-0.0092055
0.0031069
0.008494
-0.0036436
0.0046798
-0.0051901
0.0097412
-0.0087864
0.0034724
0.0020747
0.0077679
0.0052308
-0.0036208
0.0084675
-0.0004014
0.0075033
-0.0039291
0.0052292
0.0019574
-0.0066854
0.0091319
0.0079088
0.0085545
-0.0083829
0.0048111
0.0097029
-0.0018873
-0.0012761
0.006478
0.0076751
-0.0098258
-0.0057977
-0.0038107
0.0072253
-0.0019907
0.0021075
0.0010284
-0.0036028
-0.0063978
-0.0073853
-0.0057938
0.0035366
-0.0018836
-0.0005453
-0.0099031
0.0063621
0.0066411
0.0015803
-0.0053653
-0.0015751
0.0065793
-0.0057647
0.0056631
0.0058112
-0.0043784
-0.0091812
0.0023258
0.0083364
0.00389
-0.0012109
0.0007158
-0.0065942
-0.0074144
0.0040984
-0.0094431
0.0075489
-0.0071522
0.0028607
0.0085848
-0.0009007
0.006754
-0.0010592
-0.0036698
0.0026294
-0.0091855
-0.0042445
-0.0041119
8.32e-5
-0.0064221
0.0040764
-0.0028325
0.0094041
0.0074853
-0.006815
0.0084731
-0.007579
0.0060313
0.0035782
0.0077742
-0.0042516
-0.0020654
-0.0014434
0.0046873
0.0060856
-0.0083888
0.0016623
-0.0047414
-0.0088307
-0.0023422
0.0086939
0.0002684
-0.0007704
0.0043194
-0.0056659
-0.0013326
-0.0090987
-0.0028794
-0.0038167
0.0084377
0.001976
0.0059275
-0.0087102
0.0005864
-0.0038229
0.008295
0.0034293
0.0031335
0.00767
-0.0038822
-0.0008297
0.0043053
-0.0007079
0.0027977
-0.004255
-0.0086312
0.002859
-0.0047403
-0.0021732
-0.0006817
-0.0011118
-0.007423
0.0033335
-0.0097832
0.0076302
-0.0009558
0.0094585
-0.004895
-0.0048271
-0.0051432
-0.0006105
-0.0024958
0.0080321
0.0047045
-0.0031146
-0.0094114
-0.0091593
0.0007394
0.0056975
-0.0042345
-0.0064982
-0.0072239
-0.0042758
-0.0005646
0.0096787
0.001887
-0.0049695
-0.0077004
0.001793
0.0076782
0.0042708
-0.0081016
0.0037067
-0.0042961
0.0071352
0.0076479
-0.0096528
-0.0084639
0.0085902
0.0027906
0.0059445
-0.0090472
0.0086236
0.0034613
0.0030858
0.0025478
-0.0036971
0.0055357
0.0076281
-0.0068425
0.0040526
-0.0098952
-0.0015325
0.0002663
0.0072266
0.0032715
0.002322
0.0074341
0.0002029
0.0036161
0.0090292
0.0079723
0.0014771
-0.0068659
0.0085158
0.0032178
0.002156
0.0024548
0.0081261
0.0088851
-0.0065382
-0.0044777
0.0025603
-0.000278
-0.0057069
0.0071909
0.0006681
0.0081818
0.003119
-0.0034108
-0.0068092
-0.0067203
-0.0029927
0.0001204
-0.0069966
-0.006075
-0.0056475
0.0069435
-0.0019312
0.0035164
-0.0061688
0.0093265
0.0043363
-0.0054118
-0.0035576
-0.0028871
0.0020646
0.0060336
-0.0049456
-0.006089
-0.007985
-0.0043119
0.0014272
-0.00278
-0.0005958
0.0017567
0.002251
0.0056493
0.0082285
0.0083913
-0.0090508
0.0022874
-0.0069246
-0.0017126
0.0088362
0.008451
-0.0002719
-0.0058354
0.0090854
-0.0021686
0.0094906
-0.0014593
-0.0079267
0.001164
0.00382
0.0090395
0.0094843
0.0099018
-0.0092317
-0.0019541
-0.0068233
0.0098156
-0.0024399
0.0009509
-0.0067698
0.0083479
0.0018831
-0.0088747
-0.0050487
0.0008971
0.008314
-0.0080538
0.0018332
0.007472
0.0041383
0.0031869
0.0034149
5.24e-5
-0.0023075
-0.0076507
-0.0019745
-0.0078316
-0.0076941
0.0041353
0.0024157
-0.0058689
-0.0051314
-0.0006399
0.0051032
-0.0046732
0.0060343
0.0036271
-0.0027077
0.0006622
-0.0090639
-0.0010827
0.0008775
0.0017911
-0.0077833
-0.0046028
-0.0089272
-0.004719
-0.0072845
-0.0018771
-0.0067654
0.0022271
0.0028558
0.0051491
0.0037893
0.0088608
-0.0058972
0.0070931
-0.0003316
0.0036563
-0.0096869
0.0011261
0.0076835
0.0031336
0.0032443
-0.0018183
0.0065357
-0.0016158
0.0093985
0.0013336
0.0077593
-0.0075558
0.0046739
-0.008
0.0099385
-0.0037604
-0.0068192
0.0053079
0.0020236
0.0074505
0.0048168
0.0084268
-0.0047188
0.0002737
0.0038098
-0.0081902
-0.0056206
0.0097731
0.0016645
0.0063112
0.0058961
-0.0035469
-0.0077278
0.0044201
0.009846
0.0059767
0.0062388
-0.0045097
-0.0085579
-0.0004395
0.0036914
0.0056057
-0.0053187
0.0019117
-0.0005946
-0.0086795
0.0059647
0.0037125
-0.0097318
0.0028623
0.0021691
0.0078784
-0.0040368
0.0040466
0.0001046
0.0075829
-0.0034957
-0.0055448
0.0097271
0.0061612
-0.0085085
0.0073573
0.0029056
0.0060914
-0.0064489
-0.009318
9.36e-5
-0.0065556
-0.0099416
0.0069543
-0.0099015
-0.0026781
0.0029765
-0.0061752
0.0024177
0.0007811
0.0041889
0.0087594
-0.0079023
0.0019596
0.0048856
0.0039569
-0.0044112
-0.0088402
0.0052058
-0.007227
-0.0090382
0.0096594
0.0052734
0.006954
-0.0075572
