0.0095725
-0.0090927
0.0022996
-0.0042373
-0.0069737
0.0038009
-0.0020388
-0.0085417
0.0068453
0.0081156
-0.0060227
0.0038839
0.0070556
-0.0066508
-0.0085366
-0.0063755
-0.0069691
-0.0047169
0.0078574
0.0058007
-0.0080345
-0.002042
-0.000794
-0.0020617
3.81e-5
-0.009968
0.0018108
-0.0099194
-0.0098316
-0.0099564
0.0065535
0.0018287
-0.0022555
-0.0084734
0.006797
0.0057329
0.0059064
0.0077795
-0.0078383
0.0046163
0.0087987
-0.0040578
0.0038569
-0.0081634
0.0003693
0.0021919
-0.0092257
-0.0048748
0.0071663
0.0026922
0.0067164
0.0023485
-0.0010412
0.0074376
0.0068997
0.0086307
0.0086513
-0.0053886
-0.0074036
0.0078179
-0.0082335
-0.0058494
-0.0073128
0.005086
0.004566
-0.0079531
0.0056409
0.0094575
-0.0049024
0.0088199
-0.0076963
0.0081257
0.0006151
-0.0082039
0.000816
0.0087893
-0.0096726
-1.64e-5
-0.007497
0.0059769
-0.0043679
-0.0033083
0.0090064
0.0035007
-0.0046556
0.009666
0.0068504
0.0045723
0.0023976
-0.0052009
-0.0071144
0.0075327
0.0098797
-0.0054075
-0.0019502
-0.0072375
0.0068691
0.0096657
0.0088812
0.0063876
-0.0015858
0.0019902
0.0091847
-0.0062394
-0.0035431
-0.0026929
0.0052403
0.0070731
-0.0039187
-4.05e-5
0.0080044
0.0026466
0.0077836
0.0079757
-0.009054
0.0029671
-0.0048661
-0.000505
0.0022071
-0.0014182
-0.0090268
0.0060173
-0.0022858
0.0071455
-0.0077049
-0.0009391
-0.0085277
0.0065555
-0.0073339
0.0036691
0.0083246
-0.0063624
-0.0016856
0.008137
0.005973
0.0012032
0.0033685
-0.0094867
0.0033294
0.0009166
0.0056723
0.0068067
-0.0093017
-0.0055374
0.00191
0.0073744
0.0082374
0.0011468
0.0018788
-0.0057681
-0.0074963
0.0041234
0.007615
0.0009839
0.0079081
-0.0029616
0.0020406
-0.0037014
0.0020279
-0.008207
-0.0019708
0.0081991
-0.0058789
0.0020944
0.0012603
0.0032344
-0.0046585
0.0042157
0.0070173
-0.0039486
0.0001206
-0.0053229
-0.0055311
-0.0026984
0.0069842
0.0038709
-0.0071274
0.0085353
0.0029394
0.0097393
0.0038316
0.0010696
0.0020635
-0.0066122
-0.0012493
0.0021027
0.0084159
0.0066958
0.0077939
0.0075899
-0.0020317
-0.0070406
-0.0080039
-0.0055114
0.0044876
-0.0089154
0.0056064
0.0033183
-0.0064508
-0.0023481
-0.0013913
0.0029708
-0.0021
0.0076957
3.71e-5
-0.0043759
0.006914
-0.0012249
0.0027758
0.0079162
-0.000605
0.0066067
0.0050688
-0.008737
0.0095279
-0.0027537
0.0075642
0.0074895
0.004616
0.0060389
-0.0008636
0.0018878
-0.0032026
0.0087858
0.0026052
-0.0091664
-0.0088116
-0.0092756
-0.0058804
-0.0055047
-0.0098933
0.0097423
-0.0092338
-0.0006225
-0.0053135
-0.0080539
0.0092389
-0.0087505
-0.0007776
0.0058412
0.0063721
0.0017526
-0.0041715
-0.0032935
0.0002319
0.0018038
0.0084831
0.0058374
0.0030872
-0.0042866
0.0054034
0.004812
0.0093798
-0.0020044
0.0099444
-0.0029626
0.0055631
-0.0072505
0.0025669
-0.0067414
-0.0098068
0.0069112
0.0097571
0.0087292
0.0002249
0.0077909
0.0011343
-0.0053096
-0.0035933
0.0055179
0.0068498
-0.0090181
0.0049359
0.004235
-0.0088101
0.009589
0.000157
-0.0099552
0.0080469
-0.0062122
0.0073181
-0.0050832
0.0039965
-0.0051072
0.0070555
0.0083483
-0.0079856
0.0011944
0.0063882
0.0082291
-0.0044492
0.0091163
-0.0049245
-0.0092866
0.00987
0.0092688
-0.0024163
0.0080235
0.0031507
-0.0097995
0.0021713
0.0077046
-0.0004548
0.0013362
0.0041004
0.0007748
-0.0022349
0.0013089
0.0072864
0.0074003
0.0018319
-0.002167
-0.0085451
0.002438
-0.0088256
0.0057774
-0.0011201
0.0004901
-0.008791
0.0014749
0.0036028
-0.0004077
0.0065513
0.0048187
0.0026583
-0.0080526
-0.0010729
0.0020126
-0.0043732
-0.0018905
-0.0052273
0.008277
0.0062363
-0.0018626
-0.0076983
0.0024513
-0.007908
0.0069304
-0.0035115
0.002433
0.0041014
-0.0075714
0.0087106
-0.0006933
0.0075087
0.0076218
-0.0013327
0.0073863
-0.0010463
-0.0099
-0.0017004
0.0069344
0.0092245
-0.001659
0.0002712
-0.0029099
0.0033691
-0.00631
-0.002424
-0.0029769
0.0084446
0.0029254
-0.0058732
-0.0005512
-0.0080015
-0.0026169
0.0010029
0.0029117
-0.0066226
0.0028501
0.0098908
0.0002928
0.0091294
0.0089413
-0.0016945
0.0072061
0.003475
0.0033487
-0.0064551
0.0040441
-0.0033608
0.0005079
-0.0076772
0.0033301
-0.0020986
0.003898
0.0078748
-0.0011348
0.0029355
0.0031014
-0.0001193
-0.0067767
-0.0045847
0.0012938
-0.0023336
0.0072601
-0.0001344
-0.0093303
0.0080368
-0.0035045
-0.0038376
-0.0035577
-0.0007837
0.0097171
0.0096837
0.0085646
0.0043388
0.0004082
0.0022577
0.0058849
-0.0010464
-0.0056161
-0.0027441
0.0013539
-0.0009283
-0.0075539
-0.0056363
0.0081706
-0.0051221
-0.0060111
0.0079319
0.009339
0.0047985
-0.0057472
0.0079792
0.0098796
0.0022131
-0.0071356
-0.004627
-0.0051253
-2.1e-6
-0.0058978
0.0092402
-0.0044199
-0.0001456
0.0024032
0.008995
-0.0016757
-0.0078882
-0.0090797
-0.0008226
-0.0056062
0.0027185
-0.0035265
-0.0083459
0.0033395
-0.0051797
0.0073653
0.0037377
0.0044856
0.0078045
-0.0098013
-0.0045254
0.0041572
-0.0015289
0.0088145
-0.003054
0.0076363
-0.0022069
-0.0062194
0.006001
-0.0036101
-0.0061
0.0030812
-0.0060311
-0.0096103
-0.0059343
-0.003216
-0.0085235
-0.0028243
0.0032892
0.0005316
-0.0077707
-7.73e-5
0.0074307
-0.001261
-0.0072992
-0.0018362
0.0033038
-0.0023458
0.0007314
-0.0070041
-0.0021407
-0.0073421
-0.0004113
0.0055037
-0.0085527
0.0039164
-0.000187
0.0085647
-0.0013231
0.009674
-0.0033419
0.0071923
0.0028113
