0.0005528
0.0074372
-0.0011112
-0.0005883
-0.0031374
-0.0025628
-0.0016718
-0.0014282
0.008376
-6.46e-5
-0.0052411
0.008484
0.0054615
-0.0006294
-0.0032623
-0.0017966
0.0085969
0.0077966
0.0071719
-0.0090847
0.0066341
-0.0088209
-0.0002986
-0.0097408
-0.0014818
0.0088105
-0.0057819
-0.0071355
-0.0096638
0.0053765
-0.0092325
0.0057405
-0.0084933
0.0040673
-0.0089979
0.0015178
-0.0018898
-0.0006283
0.0057031
-0.0014135
0.0058494
-0.0083991
-0.0049918
-6.04e-5
-0.0041265
0.0099854
0.0092367
0.0021058
-0.0099843
-0.0061926
-0.0070048
0.0035992
-0.0023183
-0.0034844
-0.0089643
0.0048409
0.0079037
0.0022923
-0.0082556
-0.0037618
-0.004324
-0.0020518
0.0047754
-0.0024502
0.0023389
-0.0024098
-0.0056671
0.0061126
0.0013066
-0.006189
0.0012606
0.0040013
0.0063258
0.0002214
-0.008419
-0.0001318
0.0019899
0.0018315
0.0058791
0.0059613
0.004717
-0.0019859
0.003359
0.0034631
-0.0057805
0.0020508
-0.0065499
-0.0039892
0.0082811
0.0016829
-0.0036948
0.0039787
-0.009492
0.0063806
0.004661
0.0008302
-0.0092697
-0.0094502
0.0047396
-0.0007422
0.0070998
0.0020424
-0.0007716
-0.0027883
0.0059143
0.0073565
-0.0091603
-0.0064201
0.00078
-0.0074018
6.6e-6
0.0076294
-0.000197
0.0074769
-0.0037811
0.0098963
0.0060499
-0.0016808
-0.0016027
-0.0046337
0.003836
-0.0074574
-0.0026189
-0.0010001
-0.005189
-0.0007454
-0.0097977
-0.0037446
0.0084164
-0.0003882
-0.0074609
0.0066369
0.0055184
-0.0009143
0.0058343
0.0083862
0.0059179
-0.000267
-0.0061095
0.0026261
-0.0066543
0.0024211
0.0041063
-0.009455
0.0045044
-0.0071227
0.0069558
-0.0091296
0.0050513
-0.0027549
-0.0002428
-0.007973
-0.0071786
-0.0095444
0.0015204
-0.0016974
-0.006775
0.0011143
-0.0001984
-0.0062711
-0.0038009
0.0056649
-0.0042752
-0.0015347
0.0078547
0.0080436
0.0051367
-0.0012597
-0.0059347
0.0088546
-0.0085278
0.0048033
0.0002406
0.0065671
-0.0050349
0.0014871
-0.0001075
-0.0010249
-0.0003812
0.0091782
0.007316
-0.0031455
0.0068966
-0.0070977
0.0084158
-0.0072042
-0.0053868
0.0010232
0.0074534
-0.0062045
0.001685
0.0077519
-0.0011004
0.006888
0.0025543
0.0098257
0.0039339
0.0083318
-0.0072021
0.001893
0.0036463
0.0018156
-0.0016163
0.0066483
-0.0021025
-0.0004157
0.0067626
0.0079775
-0.0099803
0.0039017
-0.0039888
-0.0031841
-0.0082291
0.0005141
-0.0024459
0.0032213
0.0042121
0.0005902
0.0012539
0.0064926
0.0076888
-0.0049319
-0.0074597
0.0016284
-0.0061569
0.0034526
-0.0019626
-0.0042679
0.0081215
0.0029954
0.0004841
-0.0082879
0.009271
0.0089701
0.0087862
0.0015665
-0.0068485
-0.0092336
0.0069414
-0.0005118
-0.0071563
-0.0058087
0.0072181
-0.0026058
0.0084239
0.00265
-0.0081781
-0.0043613
0.0080643
-0.0051838
-0.0039791
-0.005303
0.0073785
0.0078844
0.0087679
0.0070633
-0.0066277
0.0039835
0.0036758
-0.0067657
0.0063318
0.0064735
-0.0058676
-0.0031452
0.0032977
0.0031163
-0.0008853
0.0022409
-0.0039533
0.0087609
0.001728
-0.0079435
-0.0084181
-0.0048353
-0.00898
0.0077034
-0.0098987
0.0072519
-0.0052959
-0.0031542
0.0070753
-0.0049843
-0.0088325
-0.0012561
0.0093845
0.0064627
-0.0082162
-0.0075672
-0.0006526
-0.0087992
0.0088062
0.004832
0.005679
-0.001022
0.0085988
0.0094012
-0.0065111
-0.0068891
0.0021553
0.0094666
0.0034014
-0.0023691
0.0042978
0.0067844
0.0050174
-0.0024415
0.0052324
0.0076512
0.0074834
0.0009451
0.0093935
0.0038304
-0.0033994
-0.0058325
-0.0075342
0.0052407
0.0079595
0.0028776
-0.00235
0.0022117
0.0002712
-0.0039824
0.0088383
-0.0091412
0.009696
-0.0008477
-0.0089135
-0.0020662
-0.0010936
-0.0053118
-0.0092276
0.0090364
-0.0080499
0.0024923
-0.0037289
-0.0063726
-0.0022274
0.0067883
-0.0004872
-0.0098499
-0.001822
-0.0094158
0.00674
0.0095386
0.0045391
-0.0084571
-0.0035826
0.0023949
0.0044284
0.0017207
-0.0022061
-6.31e-5
-0.0062043
-0.0051328
0.0018187
0.007956
0.0082684
0.0020124
0.0007404
-0.0003773
0.0067846
-0.0025327
0.0035355
0.0023484
-0.0086996
0.0099761
0.0003505
-0.0011666
0.0003172
-0.0003647
0.008355
0.0076939
-0.007107
-0.0056366
-0.0016197
-0.0052685
-0.0089071
0.0046073
0.0052473
-0.0066023
0.0014086
-0.000949
-0.0020652
-0.0024007
0.0088311
0.0071912
0.0061366
-0.0032192
-0.00255
0.0037332
0.0049765
-0.0072846
0.0043913
-0.00348
0.0079209
0.0002109
0.0076833
-0.0012575
-0.0066147
0.0097447
-0.0091411
0.0007012
0.0020111
0.002461
0.0096964
-0.0055531
-0.0009706
0.008103
0.0093177
0.0016035
-0.0030646
-0.0048334
0.0066049
0.0034993
0.0005139
0.0084116
0.0014818
0.0052286
0.0099403
-0.0003296
0.0044231
0.0027556
-0.0044397
0.0013613
0.0034849
-0.0045044
0.0066478
-0.00096
0.0028
0.0062768
0.0026572
0.0017958
-0.0010601
-0.002834
-0.0003307
-0.0025344
-0.0089675
-0.0027468
0.0043905
0.0095734
0.0025955
0.0049833
-0.0037279
0.0091027
0.0085715
-0.0039323
0.0052482
0.0087663
0.0027307
0.0056278
0.009038
0.0009074
-0.0023863
0.0029538
-0.0091993
0.0043626
0.0065224
-0.0034201
0.0018264
-0.0068147
0.0067466
0.0049561
-0.0006397
-0.0090455
0.0020418
0.0005643
-0.0004537
-0.003271
-0.0011918
0.0005459
0.0057058
0.0033205
-0.005819
0.0029694
-0.0074873
0.008029
-0.0071385
-0.005791
-0.0056351
0.000237
-0.0004117
-0.0027374
-0.0005382
-0.0082046
0.0019938
0.0011115
-0.0060692
0.009926
0.0061969
-0.0089969
0.0080157
0.0034536
-0.0018329
-0.0057478
-0.0033303
