0.0028748
0.0056982
0.0002139
0.0015991
0.0002423
-0.009006
0.006348
0.0090669
0.0012821
-0.0062415
0.0079118
-0.0042937
-0.0048564
0.0078377
-0.0020164
0.0088655
-0.0097595
-0.0068893
0.0015419
-0.0004991
-0.0072569
-0.0041661
0.0071149
-0.0076846
0.0014555
0.0035749
0.0096443
-0.0064313
-0.0095787
0.0013896
0.0097829
0.005178
-0.0092147
0.0026817
-0.005599
-0.0073866
0.0075252
0.0075509
-0.0069372
-0.005025
0.0086769
0.0058206
0.0022499
-0.0036723
-0.0080032
-0.0025836
0.0004996
0.0066897
0.0072307
-0.0087758
0.0091782
0.0075434
0.0062565
-0.0072585
-0.0046078
-0.0023062
-0.0038021
0.0087762
-0.0041967
-0.0079143
0.00428
-0.006005
-0.0016761
-0.0025351
-0.001415
0.0002955
-0.0011231
0.0030811
-0.0057066
0.0060522
-0.0070586
-0.0087043
-0.0065861
0.0057275
0.0097148
-0.0035316
-0.0069947
0.0007253
-0.0007346
0.0013886
0.0022494
0.0057996
0.0074402
-0.0035317
-0.0031029
0.0014176
-0.0036897
0.009988
0.0096722
-0.0051781
-0.0031626
-0.0060309
0.0098882
0.0086648
-2.84e-5
-0.000875
0.0047445
0.0064366
-0.0061324
0.0068746
0.0044755
0.0008862
0.0015414
0.0005379
0.0034744
-0.0067438
-0.0098927
-0.0019474
0.0001987
0.005745
-0.0065501
-0.0079701
-0.009279
-0.0096379
-0.0092768
0.00438
-0.0020512
-0.0042116
0.0056615
-0.0038257
-0.0069079
0.0062516
0.0064052
0.0062347
-0.0009435
0.0049153
-0.0030522
-0.0018024
0.0060508
-0.0081223
0.0044838
0.0031258
0.0018865
-0.0095105
0.0043917
-0.0014405
-0.0005585
0.0071282
0.0088882
-0.0070245
0.0002066
-0.0071136
0.0034233
0.0074037
-0.0048501
-0.0027769
-0.0027446
0.0049517
-0.0013224
-0.0065855
0.0066131
0.0047222
0.0049802
-0.0036714
0.0035833
-0.0005948
0.0028549
-0.0030818
-0.000391
-0.0020531
0.0056303
-0.0042871
-4.1e-6
-0.0065614
0.0073949
0.003884
0.0040758
0.0008944
-0.0007115
0.0017248
-0.001534
-0.0052507
0.0085841
0.0010305
0.0085192
-0.0087768
0.005025
-0.0010223
0.0066554
-0.0021364
-0.0018842
0.007392
0.0093479
-0.0069827
-0.0058215
0.0077443
0.0076417
-9.56e-5
-0.0027618
-0.0006649
-0.000351
0.0095646
-0.0048583
-0.0094333
-0.0027748
-0.0095585
0.0077814
-0.0049443
0.002313
0.0042411
-0.0038334
-0.0073701
-0.0085518
-0.0037699
-0.0073012
0.0055863
0.0075877
-0.0038
-0.0095784
0.0060082
0.0033703
0.0053939
0.0004159
0.0077946
-0.0077897
0.0069731
0.0080282
0.0010376
0.0027657
-0.0096779
0.003326
0.0004974
-0.0041562
-0.0007375
0.0002964
-0.0050104
-0.008141
0.0081273
0.0077766
-0.005804
0.0069528
0.0067804
-0.0017272
-0.0030585
0.0018733
-0.0014326
0.0071677
0.005775
-0.0025507
-0.0046567
0.000975
-0.0096168
0.0059645
0.0092946
0.0019666
0.0026358
-0.0046133
-0.0051519
-0.006654
0.0086997
-0.0051941
0.0028974
0.0034351
0.0013846
-0.0099371
0.0068291
-0.0018508
-0.0084681
0.0069171
0.0098829
-0.0087927
0.0008475
-0.0024664
-0.0003886
-0.0050853
-0.0051585
0.0073877
-0.0084362
0.0072406
-0.0024595
-0.0002911
-0.0010839
-0.0069067
0.0007503
0.0078642
-0.0097185
0.0062969
-0.0050712
-0.0019248
0.0001052
0.003458
0.00127
0.0019008
-0.0041603
-0.0017811
0.0089046
-0.0075807
-0.0010311
0.0029089
0.0049103
0.0085268
0.0006204
-0.0016101
-0.0078953
0.0070594
0.0007551
0.0011034
-0.0069643
0.0066981
-0.0042076
0.0006789
0.0052422
-0.0049833
-0.0097477
-0.0036484
0.0098583
-0.0057757
0.0031961
0.0046072
0.0077788
-0.00684
0.0052147
-0.0029007
-0.0048491
-0.0082464
0.0084711
0.0057988
0.009349
0.0065281
-0.0006996
0.0014824
0.009713
-0.0008463
0.0080695
-0.0090685
-0.0029359
-0.0086768
0.003917
-0.0068418
-0.0018237
0.0033857
0.008774
0.0012284
-0.0078694
0.0002842
-0.0005725
-0.0074377
-0.0048804
-0.0096843
0.009584
-0.0068074
-0.0063788
0.000899
0.0005659
-0.0050801
-0.0099072
0.0037127
-0.0058835
-0.0006966
0.0003541
-0.0020131
-0.0078444
-0.0073708
0.0060179
0.0039711
0.0098925
0.0087535
-0.0013307
0.0068696
0.0003559
-0.0056297
0.000549
-0.0068696
-0.0009175
-0.0035532
-0.0079041
-0.0016167
-0.0037002
-0.0077012
-0.0030378
0.0019025
-0.0035446
0.0010904
-0.0091376
-0.0048764
0.0064299
-0.0017969
0.0023709
-0.0045092
-0.0091189
0.0012154
0.0024945
-0.0016217
0.0085788
-0.0003783
0.0029163
-0.0015624
0.0093945
0.0015115
0.0047939
-0.0008913
-0.0051343
-0.0075054
-0.0080874
0.009278
0.0023312
0.0018982
-0.0019696
0.0040271
0.0096434
0.0049703
-0.0056962
0.0087263
0.0039122
-0.0081538
-0.0005424
-0.0038269
0.0069263
-0.0097961
0.0096841
0.0008193
-0.0066521
-0.0069687
-0.0007359
0.007472
-0.0050804
-0.0057802
-0.0035758
0.0080605
-0.0007254
-0.0030087
0.0058226
0.0074976
0.0097189
-6.71e-5
-0.0001245
-7.08e-5
0.0003085
0.0003861
-0.0088495
0.0020635
0.0057673
-0.0070634
-0.0078285
0.005241
-0.0011187
0.0028737
-0.0015176
0.0026792
-0.0059803
-0.0026238
0.0012854
-0.004938
0.0080719
0.0065592
0.0003612
0.0075475
0.0086832
-0.0036914
0.0016486
0.004133
0.0008685
-0.0085377
0.0073524
0.0097448
0.0073415
-0.0093387
-0.0034086
0.0075121
0.0031073
0.0018571
-0.000734
0.0092065
0.0098082
0.0009794
-0.0093747
-0.0091424
0.0059754
-0.0003776
0.0009214
0.0038544
0.0087468
0.00048
-0.0085087
-0.0018874
0.0024034
0.0051167
0.0072173
0.0074887
0.0031924
0.0005014
0.0030961
0.0089998
-0.0007238
-0.0059195
0.0070392
-0.006582
0.0070969
0.0015456
0.0016539
-0.0044286
-0.0095595
-0.0053095
-0.0066648
-0.006723
