-0.0003862
0.0015315
0.003912
-0.0015098
-0.0068369
-0.007907
-0.0084123
-0.0062743
0.0002336
0.0062716
0.0051118
0.0058512
0.0066255
-0.0079998
0.0011104
-0.0010749
-0.0024677
-8.63e-5
-0.0008697
0.0042886
-0.0095572
-0.0058717
-0.0068175
0.0042148
-0.0033995
-0.0006305
0.0096725
0.0011406
0.0098643
-0.0088354
0.0013958
-0.0063652
-0.0085369
0.0033521
-0.0060681
0.009235
-0.0012217
0.0061739
0.0076851
0.0060575
0.0009154
0.005867
-0.0029297
0.0060757
0.0021395
-0.0077302
0.0076538
-0.0054076
0.0068235
-0.0047556
0.0091525
0.0010604
0.0067634
0.0080884
-0.0028077
-0.0043749
0.004592
-0.0077643
-0.0057526
-0.0010526
0.0079741
0.0024704
-0.0057559
-0.009355
0.0063702
-0.0098314
0.0081095
0.0011607
0.0091776
-0.0064277
0.0021492
-0.0041254
0.0016503
0.0010011
-0.0059491
0.009752
0.0095728
-0.0031262
0.0053151
-0.0056048
-0.0084653
-0.0015153
0.005338
0.0052503
-0.0008049
-0.0028802
-0.0069865
-0.0068683
0.0099715
0.0014272
-0.001597
0.0035353
-0.0093917
0.0084675
0.0051111
0.0020582
-0.0019145
-0.0061321
-0.0031462
0.0021732
-0.007491
0.0039663
0.0097538
0.0069505
0.0056115
-0.000638
-0.0038325
-0.0039286
0.0088538
-0.0080273
0.0040253
0.0065118
-0.0050479
0.0017607
-0.0066946
-0.0051892
0.0027217
0.0089407
-0.0060378
5.74e-5
0.0098318
0.003586
-0.0097026
0.0007656
-0.0012974
0.00088
0.007508
-0.001652
-0.0024339
-0.0050062
0.0060869
0.0023241
0.004126
0.0063876
-0.0074378
0.0097847
0.001261
-0.0007364
-0.0092093
0.005021
0.0053471
0.0047201
-0.0009498
0.0063774
0.0055855
0.0022849
-0.0099378
-0.0068737
0.0034441
0.0020238
0.0060516
0.0029376
-0.0003789
0.0042777
-0.005186
0.0083921
0.0006347
0.002393
0.0078008
-0.0075187
0.0011737
0.0020621
-0.0055859
0.0027537
0.0097526
-0.0092872
-0.0005979
-0.0015898
-0.0083629
-0.0022721
0.0002185
0.0005857
0.0051632
0.0054732
-0.0063811
-0.0053492
-0.0098121
0.0051094
0.0026171
0.0050881
3.64e-5
0.0058117
-0.0002405
0.0005194
0.0034617
0.0052894
-0.0022532
0.0083548
0.0097073
0.0062546
-0.0095385
0.0068044
-0.0075487
-0.0048425
-0.0050296
-0.0004233
0.0002111
-0.0043536
0.007916
0.0042231
-0.008562
-0.0096017
-0.0058588
-0.0025374
0.002136
0.0008667
-0.0063126
0.0078347
0.007962
0.0070452
0.0067417
-0.0077073
0.0062176
-0.0097713
0.0022359
8.76e-5
-0.0077279
-0.0058485
0.0025685
0.0014005
-0.0050975
-0.0038836
0.0041522
0.0006835
-0.0098946
0.0067097
0.0002455
0.0095197
-0.0006567
0.0099822
-0.0071017
-0.0096708
0.0086289
0.0017848
-0.0073923
-0.0012421
0.0015306
-0.0043147
0.0021832
0.0014401
0.0045329
0.0092347
0.005541
0.0010142
0.0085975
-0.004894
0.0023625
0.0055223
-0.0048738
0.0020271
-0.007121
0.0084602
-0.0014516
-0.0067074
-0.0010115
-0.0047108
0.0042136
0.001104
0.00046
-0.001209
0.009737
-0.0015278
-0.008856
0.0053592
0.001888
0.0054184
0.0022534
-0.0091156
-0.0026072
-0.0094684
0.0043033
0.0011309
0.0049932
0.0060564
0.0033494
-0.0060348
0.0076573
0.0079431
-0.0021549
0.002234
0.0045486
0.0065018
-0.0007207
-0.0043952
0.0036221
-0.0028088
0.0030103
-0.009732
-0.0023776
0.0032318
-0.0008747
0.0009011
-0.0006006
-0.0032747
0.003836
-0.0021474
-0.0019479
-0.0090002
0.0077643
-0.0098801
0.0043986
0.0050693
-0.0082139
-0.0051893
-0.0011015
0.0045192
-0.0096233
-0.006546
0.0064484
0.005221
-0.0097643
0.0044153
0.0084913
-0.0094473
-0.00871
0.009109
0.0079523
0.0022902
0.0085671
0.0075858
-0.0063118
-0.0064597
-0.0048711
-0.0012817
-0.0038435
0.0045977
-0.0044988
-0.0095857
-0.0086362
0.0054632
0.0068408
-0.0009772
0.0038222
-0.0019329
-0.0078178
0.0048819
0.0062108
0.0025566
-0.0073844
0.0039749
0.0028362
0.0092125
-0.0091321
0.0014487
0.0046352
-0.0013225
-0.0066435
0.0040996
-0.0011657
-0.0092903
0.0024602
0.0020934
-0.0073506
0.0023091
-0.0049764
-0.0004269
-0.0079057
-0.0013915
-0.0004861
-0.0089533
0.0092992
0.0016652
-0.0006686
-0.0034222
0.0056595
0.0056389
-0.0050819
-0.0060441
-0.0048825
0.0028357
-0.0091483
0.0043443
0.0081541
0.001268
0.0064937
0.0047053
0.0022123
-0.0080969
-0.0068037
-0.0062341
0.0030959
-0.0099566
0.002242
-0.0018138
0.0060214
-0.0033402
0.008613
0.0096329
-0.0070533
-0.0050996
0.0020039
0.00398
0.00034
-0.0077613
-0.0055166
-0.0088324
-0.0073064
-0.0071863
0.002789
-0.0017901
-0.0088001
0.0091185
0.0004583
0.0090888
-0.0040251
0.0057728
-0.001231
-0.0064154
0.0014321
-0.0058157
0.0001159
-0.0033283
-0.0048882
-0.0012463
0.0009125
-0.0098334
0.0062094
0.003982
-0.005535
0.0058733
0.0073231
0.0098712
0.0018783
0.0017724
-0.0037421
-0.0057119
0.0069908
0.0096788
0.0019228
-0.006493
-0.0098216
-0.0003031
-0.0063356
0.0023018
-0.0003944
6.68e-5
0.0029338
0.0070517
-0.0074867
-0.0072588
-0.0078929
-0.002822
0.0076516
-0.0074079
-0.0077682
0.0074973
-0.0041641
-0.0039953
0.0007182
0.0059679
0.0027487
0.0066543
0.0030124
-0.0076505
-0.007343
-0.0006667
-0.0090047
0.005258
-0.0085865
-0.0081995
-0.0088678
0.0004861
0.0033105
-0.0014809
0.007932
-0.0009922
0.0039365
0.0044912
0.0020627
-0.0089053
-0.006619
0.0074983
0.0008416
0.0055429
0.0034412
0.001043
0.0084993
0.0051669
-0.0025967
0.0005479
0.0055339
0.0058495
0.0026737
-0.0028099
5.73e-5
0.0023768
0.0067078
0.0015162
0.0023788
-0.0059267
0.0007811
-0.0030236
-0.0005903
9.72e-5
-0.003852
