0.0031519
0.0010478
0.0027976
-0.0045245
-0.0050652
-0.0025376
-0.0008452
0.0041059
-0.0037303
0.0057144
-0.0076077
0.0042829
0.0055823
0.0044397
-0.0082387
0.0026309
-0.0036928
0.0047002
0.0064892
0.0090098
0.002626
-0.0035278
0.0093704
0.0090881
0.0040849
-0.0066918
0.0028491
-0.0095782
-0.0090742
0.0064267
0.0075632
0.0004751
-0.0043864
-0.0010497
0.0055625
-0.0023283
0.0043742
-0.0086404
0.009858
0.0096039
-0.0091259
0.0052667
0.0065999
0.0087779
0.0011486
0.0057804
-0.0095197
-0.008
-0.0097968
0.0064296
0.0016954
-0.0061686
0.0032244
-0.0051975
0.0007983
0.0083966
-0.0018882
0.0083593
-0.0067173
-0.0049135
0.0058929
-0.0080751
0.0063471
0.0020183
-0.0085038
0.0028205
-0.0047408
-0.0037085
-0.005503
-0.0090164
-0.0087111
-0.0066992
0.0001774
0.004265
-0.0046197
0.0002722
-0.0033767
0.0051876
0.0045356
-0.0012484
0.0052096
0.005856
0.0096932
-0.0090546
-0.0018658
-0.0069525
0.0088626
0.0015392
-0.0031347
0.0051234
0.0009311
0.0040787
-0.0044031
-0.0011141
0.0005661
0.0081686
-0.0095469
0.0007325
0.0098235
-0.007416
-0.0095886
-0.0089687
-0.0041365
0.0060442
0.0009119
0.0045831
-0.0098301
0.0001165
0.0056051
-0.008345
-0.0069459
-0.008885
-0.0015721
-0.0086519
2.3e-5
-0.0077566
-0.0022827
0.0050988
-0.004713
-0.0084383
-0.0094911
0.0021399
-0.0090569
0.0073212
0.0012294
-0.0076673
0.0076212
0.0060872
0.0031581
-0.0029532
0.0081145
0.0015559
-0.0037899
0.0051035
0.002677
-0.0057069
-0.0011952
-0.0017289
0.0079403
0.0031195
-0.004664
9.01e-5
-0.0087936
0.0085047
0.0074891
0.0005575
-0.0066378
0.0033708
0.0047045
0.0095869
-0.0085472
-0.0072538
-0.004713
6.74e-5
-0.0089201
-0.0018784
-0.0097758
0.0033052
0.0017372
0.0036732
-0.0098523
-0.0056621
-0.0019203
0.0094313
-0.0083303
-0.0048412
-0.0084806
0.007434
0.001884
0.0079618
0.0081033
-0.0037852
0.0044468
0.0071758
-0.0039337
-0.0074369
-0.0001045
-0.0066014
-0.0063973
0.0051221
-0.0089397
-0.0094139
-0.0085239
0.0039251
-0.0098193
-0.0057391
0.0026967
-0.001697
-0.0066252
0.0054569
0.0044254
0.0070901
0.0096717
0.006709
-0.0016528
-0.0001927
0.0011718
-0.0066507
-0.0097941
0.0047211
0.0036592
-0.0078522
0.004257
-0.0044807
-0.0034944
0.0056744
0.0028864
-0.0029948
0.0086715
0.0085613
0.003503
-9.48e-5
-0.0008643
0.0095605
-0.0004106
0.0035126
-0.0026808
0.0014505
0.0003823
0.0024879
0.0009983
-0.0055433
-0.0066711
0.0068199
-0.0039801
-0.0089396
-0.0080176
0.0058317
0.0040487
-0.0071797
0.0002103
-0.0009522
-0.0092215
0.0024301
0.0046039
-0.0048032
0.0001927
0.0046028
-0.002725
0.0051484
0.0018879
-0.0029663
0.0029999
-0.0001112
-0.0076226
-0.0099185
0.0046561
-0.0008943
0.0007224
-0.0096868
-0.0025518
0.0055622
0.0098096
0.0049192
0.0016724
-0.0069044
0.0043268
-0.0029709
0.0066674
0.0004809
-0.0066999
-0.0067847
-0.0005062
0.0056587
0.0006623
0.007125
0.0031822
0.0029489
0.0086284
-0.0069269
0.0079295
-0.0047569
-0.0050378
0.0070002
0.0079731
-0.0097035
0.0067727
-0.0073714
0.0034937
0.0029125
0.0086865
-0.002377
-0.0054197
-0.007013
-0.0003146
0.0009964
0.0013585
0.0015635
0.0098308
-0.0027876
0.0006303
-0.0039256
-0.0087921
-0.0050945
0.005047
0.0089594
-0.005735
-0.0095517
-0.0089095
0.0009362
-0.0079782
0.0046274
-0.0091831
0.0094035
0.007578
0.004634
0.0068337
-0.0046736
0.0054839
-0.0065422
-0.0058012
-0.0096767
0.0059807
2.96e-5
0.0061674
0.0060481
-0.0080895
0.0049818
-0.0020302
-0.0032207
-0.0067077
0.0006985
-0.0062379
-0.0010145
-0.0013663
0.0013063
-0.0033646
0.0067788
-0.0078705
-0.0066525
-0.0067051
-0.0069562
-0.0025387
0.0031346
0.0050541
-0.0036134
0.0074923
0.0049297
-0.0025049
0.000238
-0.0083224
-0.0056551
-0.0022166
0.0040189
-0.0048189
-0.0046008
0.0063468
-0.0070791
-0.0071473
-0.0048539
-0.0016469
-0.0054478
-0.0099515
0.0044565
0.0035898
0.0075681
0.0038642
0.0079574
-0.0081303
-0.0051324
-0.0006153
-0.0067718
0.0056018
0.00848
-0.006481
-0.0022186
-0.0092727
0.0029632
0.0075849
0.0052319
0.0037247
0.009799
-0.0002747
0.0047257
-0.0074313
-0.0009781
0.0003681
-0.0099378
0.000645
0.0051607
0.0068845
-0.0052154
0.0089585
-0.0016488
0.003827
0.0052249
0.0056032
0.0009036
0.0099677
0.0024365
-0.0041174
-0.0007194
-0.0029888
0.0085939
0.0018383
0.0055382
0.0036016
0.0075185
-0.0013981
0.0061355
-0.0011585
0.0088217
-0.0049979
0.009046
0.0007603
0.0028944
0.006679
0.0061105
-0.0003974
-0.0028088
0.0003015
0.0007851
0.0037447
-0.0093245
-0.0088511
-0.0033038
-0.0097007
0.0076113
0.0093127
-0.0053417
0.0037422
-0.0013023
-0.0004181
-0.0022124
-0.0026163
-0.0061337
-0.0019323
0.0022323
-0.0064676
-0.0062712
0.003243
-0.0017923
7.33e-5
0.0069087
-0.0021019
0.0047024
0.0090759
0.0036509
-0.0087368
-0.0084044
0.0080194
-0.0098199
0.0021937
0.0066887
-0.0037397
0.0053186
0.0025643
0.0055718
0.0096664
-0.0014323
0.0039041
0.0070129
0.008579
0.0097843
-0.0017703
-0.0074262
-0.0086822
0.0092971
-0.0031699
0.0080465
0.0038908
-0.0029028
-0.0017802
-0.0091512
0.0052465
0.009674
-0.0030274
-0.0039701
0.0081796
0.0032693
-0.0024645
-0.0082309
-0.0061148
8.33e-5
-0.0065756
-0.0067943
-0.0085538
0.0006717
-0.0038536
-0.0026846
0.0027129
-0.0053013
0.0086862
-0.0060789
-0.0065519
0.008319
-0.0026324
-0.0060473
0.0045209
-0.0098915
0.0046782
-0.0006184
0.0011789
-0.0062148
0.0060325
