0.0092818
0.0001471
0.0055976
-0.0025626
0.0002059
0.0028554
0.002605
-0.0030883
0.0025977
0.0048676
0.0080928
0.0027135
0.0055647
-0.0015444
-0.0017592
-0.0038948
0.0032019
0.0078918
-0.0025198
-0.0041486
-0.0001344
-0.0086484
0.0079954
0.0060756
-0.0045889
-0.0038414
0.0092706
0.0069545
-0.0054212
-0.004687
0.0066366
-0.0068522
-0.0021821
0.0060115
-0.0046922
-0.0091631
-0.0081191
-0.0069515
0.0056617
0.0013047
-0.0029882
-0.0035147
-0.0044528
-0.0071699
-0.0037601
-0.0077538
0.000738
-0.00151
0.0060216
0.0064053
0.0098983
0.0036768
-0.0035575
0.0003815
0.0097397
-0.0078537
0.0091865
0.0083531
0.0007207
0.003914
-0.0039172
-0.0084031
-0.0040946
-0.0078007
0.002668
-0.005795
-0.008001
-0.0060088
0.0018415
-0.009014
-0.0094398
-0.0041092
0.009937
-0.0011414
0.0085537
0.0036062
0.0012964
-0.0046749
0.0054068
0.0091178
-0.0063766
-0.0096323
-0.0096374
-0.0031492
-0.0096437
-0.0097406
0.0067323
0.0001357
-0.0065306
-0.0016441
-0.0044431
0.000103
-0.0097131
0.0059444
-0.006141
0.0079267
0.0011614
-0.0049542
0.0048282
0.0079784
-0.0075836
0.001392
0.0035594
-0.0054711
-0.0056411
-0.0001269
-0.0034962
0.0088208
-0.0040493
-0.0072561
-0.0090819
-0.0039258
-0.0098861
0.0050321
-0.0021198
-0.0098958
0.0078961
-0.0007309
-0.0077782
-0.0077668
-0.0075599
-0.0040374
0.0054267
0.0065824
-0.0064612
0.0095919
-0.0054501
0.0005648
-0.0013698
0.0002094
-0.0054356
0.0021194
-0.0096614
-0.0055062
0.0001391
0.0045367
0.0056723
0.0087979
-4.22e-5
-0.0025077
-0.0079365
0.0037062
-0.0030233
0.009824
-0.000306
0.0016188
0.0053814
-0.0058557
-0.0064747
0.0001002
-0.0057769
-0.005544
0.0085186
0.0065493
0.0069637
0.0022969
0.0063323
0.0078817
-0.002798
-0.0037157
0.0024079
-0.0080163
-0.0068706
0.0031427
-0.0075808
0.0009374
0.00989
-0.0094949
0.001982
-0.0009811
0.0085968
-0.0064533
0.0049501
-0.0004375
-0.0002739
0.0017328
0.0043914
-0.0001246
-0.0018345
0.0091418
0.0025872
-0.0077644
0.0079756
0.0056075
-0.0094873
0.0076241
0.0027143
0.0062722
-0.0067568
-0.0003534
-0.0036727
-0.0087861
-0.0019641
0.0053013
0.0049058
-0.003683
0.008377
0.0077083
-0.0068066
0.0098276
-0.000831
0.0058158
0.0079454
0.0096665
-0.0014121
-0.0096293
-0.0047306
-0.0086979
-0.0025392
-0.0093097
-0.0058784
0.0083413
0.0070387
-0.0055233
0.0003844
-0.0066412
0.0005346
-0.0057147
0.0029065
0.0059013
0.0041471
-0.0068082
0.0061443
-0.0057424
0.0019122
-0.0071348
-0.0042968
0.004401
-0.0097369
-0.0052412
-0.0088432
0.0052348
-0.0071024
-0.000199
0.0051155
0.0080019
0.0029877
0.0045767
0.0032728
0.0056195
-0.0001831
-0.0025752
-0.0071023
0.0065189
0.0060559
0.0039911
-0.0071797
-0.0098928
0.0054466
0.0031345
-0.007402
0.0091956
-0.0080389
0.0005287
-0.0095831
-0.0058103
0.00128
-0.0006585
-0.0097956
0.0034394
-0.0031782
-0.0006798
-0.0068453
0.0068602
-0.0025078
-0.0036883
0.0045811
-0.0090214
-3.99e-5
-0.006444
0.003834
-0.0015744
-0.0097457
0.0062247
-0.0019644
-0.0089344
0.009256
-0.004754
0.0029578
0.0024054
-0.0050283
-0.0015553
0.002865
-0.0014239
0.0070554
0.0077438
0.007278
0.0091007
-0.0019537
-0.0030241
0.0007282
0.008616
0.0024453
-0.005906
-0.0090688
-0.0093982
-0.0020787
-0.0039773
-0.000931
0.0073128
-0.007574
0.0048503
-0.0034663
0.0084964
-0.0007923
-0.0072125
-0.0013845
0.0041231
-0.0030795
0.0086655
0.0091143
0.0086299
0.0038997
-0.003143
-0.0025044
-0.0018078
0.0019101
-0.0071033
-0.0079404
-0.0063543
0.0056227
-0.0018915
0.0021301
-0.0081073
-0.001043
0.0026061
0.0093414
0.0006653
0.0058257
-0.0002268
0.0085233
-0.0090731
0.0029887
-0.0089076
0.0037559
0.004584
-0.0069263
-0.0014065
-0.0075754
0.0050827
-0.0038216
0.0077806
0.0086479
0.0058019
-0.0045602
-0.0015908
0.0021767
0.0011907
-0.0012898
0.0095712
-0.0078145
0.0037677
0.0031709
-0.00465
0.0055955
-0.0090205
-0.0090512
0.0051226
0.0036564
0.0082542
-0.0065183
-2.4e-5
-0.0051073
-0.0098993
-0.006428
0.0088954
-0.0064284
-0.0013989
-0.0026254
0.0076308
0.0080794
0.0016925
0.0063001
0.0023397
0.0052387
0.0080292
-0.0072117
0.0008155
0.0087646
-0.0027128
0.0056561
-0.0044458
-0.0008252
0.0099507
0.0068984
-0.0081011
-0.0011209
0.0060047
0.0007144
0.0057494
0.0078799
-0.0022526
-0.0014185
-0.0088798
0.0057785
-0.0063503
-0.003508
0.0081268
-0.0005782
-2.2e-6
-0.0010736
0.0073873
-0.0013269
-0.0027978
-0.0067814
0.000958
-0.0073479
-0.0068319
0.008936
0.0029406
0.0047318
0.0080716
0.0019852
-0.0052214
-0.0002381
0.0068627
-0.0040884
-0.0045872
-0.001845
-0.0051288
-0.0032393
-0.0072964
0.0051919
-0.0001905
-0.0086253
-0.007925
0.002308
-0.0063347
0.006487
0.0080567
0.0073213
0.0026839
-0.0026982
-0.0054968
-0.0076949
-0.0068594
-0.0053196
-0.0068035
0.0097846
-0.0064992
0.0056824
-0.0085164
-0.0095699
-0.0063879
-0.0025454
-0.0085536
-0.0051392
0.0092796
-0.0018516
-0.0022426
0.0007466
0.0060717
0.002214
-0.006854
0.0099476
-0.0061219
-0.0061978
-0.0012008
-0.0011665
0.0081671
0.0045203
-0.0062769
0.0069976
-0.0058516
-0.003943
-0.0091256
-0.0002054
-0.0061209
0.0009532
0.0041313
0.0017647
0.0015431
-0.0045132
-0.0043827
-0.0088412
0.0019275
-0.0032856
-0.0094108
-0.0048467
0.0020709
-0.0076914
0.001475
0.0008872
-0.005669
0.0098362
-0.0003427
0.0042568
-0.0079882
0.0064796
0.0033619
0.0086054
0.0066002
-0.0024459
-0.0015357
-0.0038311
