0.0098092
0.0087249
0.007668
0.0059194
0.0040138
-0.0079988
-0.0071282
0.0009247
0.0030802
0.0053255
-0.0043629
-0.0007485
-0.0035783
-0.0048633
0.0093712
-0.0039843
-0.0038039
0.00509
0.0006641
-0.007752
-0.0098234
-0.0037845
0.0035636
-0.0015454
0.0069965
0.0067489
-0.0098018
-0.006856
0.0040026
0.0067408
-0.0024461
-0.0050656
0.006396
0.0073504
0.0011763
0.0051271
-0.0064193
0.0062815
0.0060764
-0.0099866
-0.0058319
0.0035446
-0.0032941
-0.005032
-0.0002539
-0.0087608
0.0005761
-0.0099935
0.0088134
-0.0058449
-0.0020251
-0.0072293
-0.0035798
0.0059395
0.0026151
0.0013898
0.0089297
0.0054734
0.0004116
0.0087562
-0.0014461
-0.0069388
0.0061618
-0.0050464
-0.0081434
-0.008283
0.0075372
0.0070467
-0.0044791
0.0018288
0.0023533
-0.0047598
-0.0076898
-0.0025136
-0.0004661
0.0076848
0.0045711
0.0072462
0.009436
0.0052033
-0.0053252
0.0084352
0.0081955
0.0076322
-0.0032763
0.0030131
-0.0043261
-0.0038909
0.0079202
0.0053537
-0.0042682
0.0022848
-0.0085718
0.0063581
0.0085986
0.005136
0.0007519
-0.0085848
-0.0045955
-0.001557
0.0057038
0.0046993
-0.0056893
-0.0098211
-0.0045474
-0.0066651
0.0044853
0.000523
0.0044971
0.0084506
-0.0006262
0.0079024
0.0017516
-0.0031073
-0.0090018
0.0022738
-0.0038775
0.0046805
0.0072631
-0.0095254
0.003376
-0.0059621
-0.0082283
-0.0059119
-0.0067677
-0.0058893
0.0044568
-0.0040093
-0.0035843
-0.0074045
-0.0056049
-0.0089152
-0.0071636
0.0011087
0.0017384
0.0072158
0.0032095
-0.0037194
0.0047336
-0.0028447
0.0042347
0.0010952
0.0075833
0.0045151
0.0024576
0.0097852
-0.0047328
-0.0021905
-0.0093074
0.0054094
0.0064444
-0.0069303
-0.0054088
0.0090383
0.0078138
-0.0042153
0.002553
-0.006052
0.0063996
-0.0071505
-0.0077134
-0.0078575
0.0006652
-0.0015913
0.0082535
-0.0049751
-0.0080716
-0.0035971
0.0098264
-0.0015253
-0.0088813
-0.0045634
-0.0012055
0.002002
-0.0007588
-0.0092695
0.0076332
-0.0045254
0.0046731
0.0076677
-0.001584
-0.0053242
-0.0093862
-0.0030111
0.0003196
0.0080829
-0.0077304
-0.0069212
0.0038604
0.0099861
0.0063716
-0.0013735
-0.0049404
0.0004048
-0.0091727
-0.0062654
0.006997
0.0078507
0.0031088
0.0094704
-0.0017408
-0.0015102
0.0024304
0.0016338
0.0014786
0.0059715
0.0035136
0.0083147
0.0099436
-0.0039044
0.0083787
0.0093348
-0.0057287
0.0006293
0.0042843
-0.0048876
-0.0003912
-0.0098315
-0.0082543
0.0012009
-0.0098541
-0.0092421
0.0037292
0.005451
0.0004274
0.0064404
-0.0026177
-0.0010937
-7.56e-5
6.34e-5
0.0015765
0.0028539
0.0075646
-0.0035254
0.0023454
0.0050417
-0.0064623
-0.0098963
0.0033151
0.0021574
0.0044856
0.0054678
0.0035504
0.0044894
-0.0003199
0.0094423
-0.0025401
0.0066044
0.0094586
-0.0069276
0.0015522
0.0020056
0.0010252
0.0078476
0.0038238
0.0071262
-0.0083511
0.0002833
-0.005614
0.0074774
-0.0083109
-0.0002458
0.0095194
0.0056605
0.006658
-0.0083248
0.0010097
0.0037097
0.0037348
-0.0015032
-0.0075531
-0.0070992
0.0010406
-0.005142
-0.0005928
0.0015604
-0.0058199
-0.0082158
0.006694
0.0042608
0.0058106
0.0092419
-0.0038111
0.0032245
0.0029006
0.0079713
0.0070138
-0.00926
0.0019169
0.0065457
-0.0004538
0.0009676
0.0091902
-0.0059876
0.0078548
0.0065985
-0.0086433
0.007565
-0.0027186
-0.0077551
0.0026679
0.0091904
0.00324
0.0041954
0.0080855
0.0078084
-0.0096261
7.88e-5
-0.0042888
0.0087966
0.0071419
0.0041247
-0.0090853
-0.006232
-0.0059244
-0.0055098
0.0086538
-0.000653
0.0001394
-0.0029156
0.0018085
0.0041481
0.009522
-0.0035681
-0.0007271
-0.009121
-0.0079716
0.005921
-0.0006042
-0.004244
-0.0063403
0.0098771
-0.0090098
-0.0099316
-0.0045307
-0.0012493
0.0063119
0.0072863
0.0017631
0.0086676
-0.0065384
-0.0005801
0.0007771
0.0074526
-0.0093293
0.0096771
-0.0028658
-0.00139
0.0020857
-0.0076004
-0.0047322
-0.0076624
-0.0054612
-0.0099176
0.0040243
-0.0099137
0.007401
0.0034216
0.0009443
0.0061835
0.0022531
-0.0017379
0.004422
0.0074837
-0.0085397
-0.0088986
0.0085437
-0.0020472
-0.0075828
0.006572
0.0009141
-0.0073041
-0.0084413
0.0012028
0.002926
-0.0044583
0.0009284
0.0004142
0.00546
-0.0054622
0.0030203
-0.0009949
-0.0021915
-0.0042677
-0.0025971
0.0001596
0.0010329
-0.0073226
0.0088246
0.0064082
-0.0095188
-0.0076875
-0.0099192
-0.0034611
0.0064186
0.0085903
0.0009746
-3.96e-5
-0.0090279
-0.0037584
-0.0035918
-0.003255
-0.0017912
0.0080621
-0.0078315
0.0033077
-0.0080897
-0.0085625
0.0075344
-0.0053514
0.0060933
-3.9e-6
0.0036992
0.0009156
0.0019141
0.0028921
-0.0088817
-0.0055753
0.0047909
-0.0016402
0.0070992
-0.000159
-0.0065149
0.0091661
-0.0087617
0.0026687
-0.0006775
0.0051845
0.0023175
0.0002763
-0.0057038
0.0024233
0.0002575
0.0047916
0.0046969
-0.007121
0.0009194
0.0024701
0.0050238
0.002514
0.0042926
-0.0072206
-0.0025941
-0.0037814
-0.001455
-0.00428
-0.0090914
-0.0056664
0.0052021
0.0099226
-0.0086286
0.0096973
0.0019118
-0.0054069
-0.0090143
0.0088998
0.0031833
0.009214
-0.0025273
-0.0051592
-0.0020355
-0.000305
0.0025977
-0.0003212
0.0086017
-0.0007289
0.001212
-0.00817
-0.0012854
-0.0083292
-0.0070738
-0.0018033
-0.0014247
0.0042473
-0.0031672
-0.009587
0.0094243
-0.0039285
0.0073246
-0.0005411
-0.0086917
-0.0018118
0.008926
-0.0079529
-0.0094404
-0.0071744
0.0080854
-0.0040005
0.0002628
-0.0044677
0.0001838
0.0091571
0.0023393
-0.0001532
-0.0093622
