-0.0077563
0.0098441
4.5e-5
-0.0090533
0.0005791
0.0061437
-0.0060228
7.01e-5
0.0057235
0.0014874
0.0018429
-0.0044146
-0.0034842
-0.0093882
0.0080244
0.0025852
0.0091358
0.0095405
0.0095065
-0.0054664
0.0074811
-0.0058936
-0.0063276
0.0046799
0.0016603
0.0004968
-0.0020866
-0.006007
-0.0034138
-0.0047822
0.0061736
-0.0039407
0.0046254
0.0042309
0.004749
-0.0004467
0.0061137
-0.0035286
0.0004398
-0.0032355
-0.004184
-6.5e-5
0.0081711
0.0038331
0.0023437
-0.0081962
-0.0065497
-0.0083489
-0.0094979
0.0002807
0.0007852
0.0037016
0.0040572
0.0032351
0.0062711
0.0001574
-0.0096956
0.0071765
-0.0036526
-0.004606
0.0080376
0.003371
-0.0048718
0.0069757
-0.0003855
0.0083087
0.0021093
-0.0080638
-0.0040765
0.0074134
-0.0079953
-0.0073339
-0.0005192
0.0037979
-0.0040028
0.0021787
0.005318
-0.0039275
0.0075254
0.0016719
0.0012606
0.0044598
-0.006046
0.0048049
-0.0037734
-0.0013168
-0.0002959
-0.0089379
0.0031257
6.28e-5
-0.0017435
0.0079688
-0.0068391
-0.0060166
-0.0060689
-0.0089398
0.0010616
1.7e-5
0.0041749
-0.0026643
0.0084747
0.0066483
0.0079992
-0.005786
-0.0061906
-0.0076759
-0.0068122
-0.0035086
0.0007996
0.0067735
0.0086248
0.0052629
-0.0088522
-0.0016658
0.0052819
-0.0075578
-0.0093009
-0.0062641
-0.0058521
0.0081121
0.0089997
0.0068222
0.0087284
-0.0098654
0.0026209
0.000776
0.0055185
0.0062987
0.0055706
-0.0001562
0.005889
0.0087023
0.0067101
-0.0086203
0.0039504
-0.0019406
-0.0078443
-0.0087889
-0.0079384
-0.0093134
-0.0060147
0.0040342
-0.0074084
0.0044168
-0.0042902
0.0082272
-0.0019586
-0.0026799
-0.0061099
0.0054339
-0.0070743
0.0094493
0.0074947
-0.0084334
0.0062793
-0.0002189
-0.0087783
-0.0042867
-0.0064045
0.0069218
-0.004927
0.0060714
0.0004079
-0.00235
0.0054753
-0.000415
-0.0032214
-0.0041539
-0.0031225
-0.0034024
-0.0097767
0.0028133
-0.0036707
-0.0032317
-0.0075031
0.0013631
0.0065289
0.0064824
0.0027646
-0.0074827
-0.0036759
0.0072355
0.0028637
0.0079673
0.0089118
-0.0082421
0.0073085
-0.0008119
-0.0025894
-0.0071723
-0.0014606
-0.0097074
-0.0022558
0.0040522
-0.0067425
-0.0066593
-0.0054128
0.0038742
-0.0031089
-0.0063523
-0.0081173
-0.0071386
-0.002169
0.0087788
-0.0053638
-0.0030792
-0.0026249
-0.0006007
-0.0014376
0.0014045
0.0012812
0.006305
0.0078193
-0.0082805
-0.0060159
0.0070958
-0.000912
0.0010557
-0.0097375
-0.0047181
-0.0086944
0.0098109
-0.0082713
-0.0027503
0.0069078
-0.0045982
-0.0073351
0.0080714
0.0058652
-0.0067152
0.0085319
0.0046665
-0.0079914
0.0003077
-0.0016747
-0.0076529
-0.0006204
0.0087438
0.0094155
-0.008324
-0.0011794
-0.0085137
0.0024397
-0.0070395
-0.0077662
-0.0011903
0.0026516
-0.009338
0.0023836
-0.0054316
0.0067518
0.0072998
0.0025784
-0.0001915
-0.0011899
-0.0098759
0.0028655
0.004806
0.0039146
-0.0086967
-0.0048093
-0.0052903
0.0034029
-0.0050543
0.0010798
0.0029741
0.0056785
-0.0021531
0.0095398
0.0086792
0.0075575
-0.0015024
-0.0015076
0.0038009
-0.0080507
0.0093364
0.0049748
0.0062803
-0.0055996
-0.0067225
-0.0075829
-0.0003516
-0.0004036
0.0012441
-0.0036559
-0.0009493
-0.0032728
-0.0019985
0.0023596
0.0090325
0.0074802
0.0011919
-0.0092403
0.0030817
-0.0085668
0.003376
-0.0010168
-0.0098818
-0.0061925
-0.0049561
-0.007037
-0.0045785
0.0094399
0.0007034
0.0069704
0.0084115
0.0026526
-0.0022343
0.0070044
-0.0032318
-0.0038264
-0.0087498
-0.00678
0.0018297
0.0049484
-0.0027838
0.0082325
0.0080546
-0.0083268
0.0056854
-0.0002739
0.0043914
-0.0009658
-1.92e-5
-0.0074483
-0.0056425
-0.0057986
0.0060573
-0.0011136
0.0041488
-0.0098747
-0.0009947
-0.0082938
-0.006627
0.0080291
-0.0028957
-0.000779
0.0010667
0.0081056
0.0057365
0.0073988
0.001332
0.0031637
-0.0008211
0.0011071
0.005372
-0.0062001
0.008311
-0.0025909
0.0066279
0.0061533
-0.0095073
0.0052174
0.0039353
0.0020553
0.0065684
-0.0006058
0.0029465
-0.0096207
-0.009545
0.0083384
-0.0097213
-0.007721
0.0010552
0.0048517
0.0029062
0.0070601
-0.0043172
0.0036648
-0.0070565
-0.0092785
0.0081663
-0.0068177
0.0061857
-0.0084277
-8.69e-5
-0.0081736
-0.00962
-0.004873
-0.0080009
0.0051418
0.000989
-0.0093351
0.0097155
0.0027584
-0.0056127
-0.0015253
-0.0027527
0.0019267
0.0072645
0.0081426
-0.0084943
0.0069723
0.0050478
0.0059846
-0.0077482
0.0084296
0.0020949
0.0005803
-0.0047825
0.0012065
-0.0004498
-0.0080813
-0.0019168
0.0020494
0.0062618
-0.0018259
-0.0057251
-0.0063268
-0.001115
-0.0092816
-0.0017463
-0.0076436
0.0053938
-0.0078933
-0.0086638
0.0086708
0.0004785
0.0026178
-0.0034586
-0.0028831
0.0023894
-0.0095447
0.008128
-0.0067615
-0.0039905
-0.0014945
0.0007091
-0.0066563
-0.0057197
0.0077151
-0.007103
0.0076859
0.0087215
0.0042272
-0.0047688
-0.005563
-0.0022538
-0.0091273
-0.0086672
-0.0098966
-0.00354
-0.0044898
-0.0079958
0.0097825
0.0090582
-0.004656
0.0089521
0.001143
0.0090753
0.0090362
-0.0005046
-0.0078021
0.0027676
-0.0010202
-0.0020857
0.0074223
-0.0093695
-0.0015179
-0.0029263
-0.0027046
0.0058523
-0.0037602
-0.0065117
0.0079752
-0.0061563
0.0044958
-0.0083292
0.0001693
-0.0073069
0.0054419
0.0070489
0.0022495
0.0018755
-0.0060541
0.0006846
-0.0050425
0.0083399
-0.0059657
0.0080267
0.0039985
-0.0092347
-0.0099792
0.0064056
-0.0031464
0.0063905
-0.0070965
-0.006031
-0.0061374
0.0058868
-0.0085574
0.0002425
0.0035704
0.0014093
-0.0020903
