-0.0012476
-0.0024897
0.0053585
-0.0060441
-0.0009506
0.0015723
-0.004943
-0.0002375
0.0083107
0.004591
-0.005056
-0.0026582
-0.0049259
0.003586
-0.0094568
0.0054946
0.0091886
-0.0048528
0.0073086
-0.0033373
0.0028709
-0.0062694
-0.0042608
-0.0078207
0.0076109
0.0008515
-0.0094323
0.0080869
0.0081948
0.0089105
-0.0062833
0.0032099
-0.0005914
-0.0074395
0.0050188
-0.001918
-0.0024275
0.0037433
0.0043165
-0.0043218
0.0099567
0.0020221
0.0078677
-0.0046038
-0.0043831
0.0033263
0.0058908
0.0077065
-0.0021455
0.0048602
-0.0095615
-0.0056666
-0.0069877
0.0013204
-0.0046808
-0.003587
-0.0047501
-0.0069438
-0.0067716
-0.0047685
-0.0086061
-0.0094388
0.0086989
-0.0058934
0.0023918
0.0067929
0.0095437
0.0077959
0.0038357
-0.002229
0.0007611
-0.0031195
-0.0023057
0.0031165
0.0099446
0.0013178
-0.0033062
-0.0027821
0.0093145
-0.0092504
0.0079593
-0.0086275
0.0003595
-0.0048767
0.0070357
-0.0026699
0.0043429
0.002777
0.0074653
-0.0005508
-0.0085234
-0.0011363
-0.0059859
-0.0068636
-0.0055803
0.0062416
-0.0029876
-0.0053482
0.0045623
0.0084555
0.0096504
-0.0073816
-0.0068794
0.0080299
-0.0028147
0.0037401
-0.001882
0.0022439
1.71e-5
0.0081167
0.0059158
-0.0021601
0.0098061
-0.0080873
0.0064252
-0.0073074
0.0092719
0.0039504
-0.0041106
0.0045501
-0.0047913
0.0064881
0.0016226
0.005516
0.0031143
0.0094999
0.0084377
0.0092027
0.0090636
-0.0088629
-0.0032593
0.0046085
0.0044954
0.008361
0.00112
0.0063927
0.0048332
0.0085083
-0.0058854
0.0005203
0.0065615
0.0092579
0.0092627
0.0099366
-0.0064715
0.0024646
-2.38e-5
-0.005378
0.0059041
-0.0051674
-0.0091181
-0.0090698
-0.0065079
-0.0047642
0.0099203
-0.0039397
0.0005256
0.0021606
-0.0024788
-0.0006319
0.0094662
0.0089635
0.0032655
-0.0080703
0.0024543
-0.0044244
-0.0070524
0.0032468
-0.0021411
0.0061312
-0.0033978
-0.0024535
0.0096754
-0.0058958
-0.0099446
-0.0073198
0.0078602
0.005165
0.0088009
-0.0041433
-0.0075191
0.0020266
-0.0020602
0.0060403
0.0016432
0.0031816
-0.0013008
-0.0055483
0.0009712
0.0042272
-0.0025544
-0.0075235
-0.0022307
-0.0034578
0.0042438
0.0097151
-0.0049188
-0.0032403
0.0079062
0.0082966
0.0094836
-0.0002875
-0.006417
0.0080157
0.009812
-0.0044037
0.0029037
-0.0076955
-0.0005363
0.001439
0.0070456
0.008693
0.0042931
-0.0067544
-0.0072193
0.003738
0.0032168
0.0094031
-0.0042602
-0.0092904
-0.0021219
-0.0073552
0.0099475
-0.0013008
-0.0020584
-0.0055355
0.0019986
0.0079735
-0.0084311
-0.0015971
-0.0071584
0.005063
0.0041032
-0.0036614
-0.0017287
-0.0095323
-0.0023566
0.0065002
0.0013294
0.0012621
0.0074339
-0.0067734
-0.0080135
-0.0086438
0.005719
-0.0046952
-0.0033165
-0.0024013
0.0049315
-0.0052283
-0.0080774
0.0070025
-0.0036664
0.0033274
-0.0007312
0.0099762
-0.003704
0.0089044
0.0014227
-0.0031987
-0.0068413
-0.0079347
0.0090017
0.0010126
0.0035
-0.0063936
0.0070442
0.0072529
0.0039981
0.0026065
-0.0013267
0.0080444
0.0064454
-0.0083165
0.0030957
0.0062165
-0.0082655
-0.0057742
0.0018159
-0.0074464
0.0084532
-0.0087951
-0.0023258
-0.0047952
-0.0052605
0.0080826
-0.0087807
0.0093826
-0.0064214
-0.0002087
0.0029286
-0.0079595
-0.0081589
0.0035564
0.0023075
-0.0087888
0.0068632
0.0071256
0.0041038
-0.0074215
-0.0008405
-0.0061404
-0.0068518
0.0020839
0.0002321
-0.0018813
-0.0061505
-0.0078017
-0.0020381
0.0086945
0.0075552
-0.0010821
0.0023243
-0.0052959
0.0012581
0.0030633
0.0030604
0.0001325
-0.0096052
-0.0086266
0.0018777
-0.0038487
-0.0067651
-0.008624
-0.0016565
-0.0074981
0.0096795
-0.0011772
0.0053267
-0.0047547
-0.0069377
-0.0079396
0.0073007
0.0060757
0.0036834
-0.003172
0.0062474
-0.0091589
-0.0039537
0.0025254
-0.0094091
-0.0034524
-0.004495
-0.0056856
0.0019997
-0.0090386
-0.0050529
-0.0062846
-0.0021373
0.0048304
0.004243
0.0004792
0.0032947
3.37e-5
0.0007063
-0.0003859
0.0013613
-0.007401
-0.0087133
0.0038808
0.0010246
-0.0016655
-0.0031319
0.0016375
0.0061847
-0.001457
-0.003448
0.0029379
-0.0067824
-0.0007318
0.0080839
0.0086162
-0.0050147
-0.0029336
-0.0088251
-0.0075067
0.0006845
-0.0019685
-0.0029039
-0.0082511
-0.0091847
-0.0017223
0.0050822
0.0094234
-0.0009956
-0.0054609
0.0079843
-0.0039898
-0.0043058
0.0069329
-0.0051744
-2.99e-5
-0.0096202
0.0008041
-0.0072492
0.0016417
-0.0095053
0.0036866
0.0062486
0.0044913
-0.009174
-0.0012219
0.0012745
-0.0005501
-0.0067016
0.0073406
0.0005515
0.0033668
-0.0001596
0.0020053
0.0022711
0.0019651
-0.0069212
0.0075995
0.0076627
-0.0063467
-0.0053175
-0.0061156
0.000606
-0.0032226
-0.0051574
-0.0088822
-0.0046272
0.0086399
-0.0078836
-0.002888
-0.0065705
0.0051491
-0.0027918
0.0009107
0.0034317
0.0007996
-0.0074853
-0.0043458
-0.0004334
-0.0017252
0.0034567
0.0087313
-0.0004482
-0.0081094
-0.0098801
-0.0060875
0.0023725
0.0075093
-0.007766
-0.0059074
-0.0076218
-0.0070867
-0.0005187
0.0061144
0.0001165
-0.0090491
-0.0095267
0.0010603
0.0088829
0.0001036
-0.0088187
-0.0032178
-0.0078538
0.0026465
-0.0081987
0.0078357
0.0002449
-0.001584
0.0001851
-0.0005158
-0.0018927
-0.0031963
-0.0019839
0.0057931
0.0098394
-0.0058773
0.0098724
-0.0018436
-0.0065627
0.0093867
-0.0076444
-0.0043197
-0.0089046
-0.0072891
0.0037922
0.002186
0.001736
-0.0011165
-0.009872
-0.0085956
0.0091825
-0.0024966
-0.0099648
0.0024352
-0.0007274
-0.005331
-0.0056144
-0.0002756
0.0029651
