-0.0041386
-0.0054905
0.0014715
-0.0018827
0.0039995
0.0069056
0.0004225
0.0089931
-0.0011659
-0.0034262
0.0076717
0.0026723
-0.0001777
-0.005199
0.0071843
-0.0051954
0.0052785
0.0011296
0.0034568
-0.0044495
-0.0016266
0.0080637
-0.0074275
-0.0062885
0.0059671
0.0011097
0.0024578
0.0099684
0.0074313
0.0002779
-0.0079626
0.0008996
-0.0006064
0.0010195
-0.003881
0.0085833
-0.0049231
0.0031012
0.0081838
0.0087334
0.0088122
-0.0089231
0.0059377
-0.0096511
0.0043221
-0.0028998
0.0009434
-0.0045014
0.0012218
0.0051463
-0.009087
-0.0046784
-0.0015818
-0.0038317
-0.0059293
-0.0078111
0.0011499
0.0067424
-0.0070773
0.0064588
-0.0037181
-0.0080563
0.0053825
0.0057944
-0.0060841
-0.0031205
-0.0099882
-0.0069393
-0.0098738
0.0024963
0.0079134
-0.0052111
-0.0088142
0.0037335
-0.000873
-0.0046508
0.0039753
0.0024421
-0.0028031
0.0059753
0.0092529
-0.0086841
0.0053511
0.0065647
0.0019293
-0.0089995
-0.0026327
-0.0009653
-0.0003076
-0.0036801
0.0018058
-0.0057543
-0.0067787
0.0099441
-0.0047778
-0.0065241
0.0073829
-0.0012451
-0.0028116
-0.0019947
0.0043628
0.0049776
-0.0028692
-0.0050935
-0.0028798
-0.0053879
0.0061859
0.003958
0.0057576
-0.0085251
-0.0056442
0.0019031
-0.0093587
0.0073985
-0.0011016
0.0039998
-0.0028417
0.0018895
0.0045363
-0.0082592
-0.0034484
-0.0011878
0.000315
0.0082606
-0.0049879
0.0084007
-0.000591
-0.0012485
0.0045477
-0.0022548
-0.0007682
0.0072602
-0.002904
0.0012618
0.0022151
0.0008436
0.0059685
0.0098457
-0.0045107
-0.0009703
0.0074272
0.0011188
-0.0098795
-0.0080955
0.007803
-0.0071138
0.0086205
0.0075535
-0.0023288
-0.0089728
2.47e-5
0.0033588
-0.0073566
-0.0087706
0.0078975
-0.0017321
-0.004958
-5.53e-5
0.0096125
0.0065173
-0.007322
-0.00221
0.0065575
-0.0043171
-0.004775
-0.0011657
-0.0020735
-0.0059201
0.0033526
-0.00742
-0.0050608
-0.0017717
-0.0030442
0.0022324
0.0078809
-0.0073524
-0.0082988
-0.008146
0.0029255
0.0021827
0.0081669
0.0055155
-0.0068575
-0.0074265
0.0030621
-0.0097445
0.0002742
-0.0089263
0.0044846
0.0026028
0.0080201
-0.0079872
0.0036876
-0.0049853
0.0085018
-0.0035047
0.008239
-0.0011863
0.0085736
-0.008237
-0.0055236
-0.0006683
-0.0055855
-0.0065444
-0.0018777
0.0085813
0.0083642
-0.0080157
-0.006307
-0.0028493
-0.0081407
0.0044959
0.004684
-0.0087553
-0.0092348
-0.0096895
-0.0043716
-0.0031208
-0.0059174
-0.0081655
0.0068573
0.0065192
0.0015203
0.0079821
-0.0097507
0.0073213
-0.0044573
0.0003916
-0.0093492
0.0003083
0.0073459
0.0045319
0.0029718
0.0059638
0.0004926
-0.0048629
-0.0098173
-0.0021145
0.0054862
0.0085789
0.0021311
0.0044874
-0.0026547
-0.0030728
-0.0023638
0.0022175
0.0038586
0.0064711
0.0035469
-0.0049168
0.0092433
-0.0031003
-0.0001234
-0.0034962
-0.0013387
-0.0097592
0.0003673
0.0053931
-0.0018902
0.0099749
0.0015718
-0.0070131
-0.0024876
-0.0058536
0.0064377
0.0040349
0.0097993
0.003041
0.0013589
0.005793
-0.0027112
0.0054504
-0.0073672
0.0059311
-0.0052758
0.0083223
0.0002032
-0.0049092
-0.0091895
-0.0087718
0.0096492
-0.0074989
-0.0047061
0.0025854
-0.0091604
-0.0022888
0.0055034
-0.0085533
-0.0016097
-0.0073234
-0.0021945
0.0023818
-0.0096471
-0.0052593
-0.0099777
0.0091906
0.0087231
0.009346
-0.0003742
-0.0014997
-0.0052441
-0.004446
0.0054406
-0.0017473
0.0075114
-0.0078635
0.0055986
-0.0090181
0.0017312
-0.0091136
-0.0082538
0.0065143
-0.0001971
0.0054097
-0.0035696
-0.0070045
-0.003468
-0.005249
0.001041
0.0099619
-0.0020103
0.0072413
0.0070732
0.0021544
0.0078535
-0.0022318
0.0068968
-0.0031638
-0.0094099
-0.0074689
0.0040749
0.0046141
0.001866
-0.0099238
0.0068913
0.0062656
0.0089084
0.0088816
-0.0010786
0.0083907
-0.0051589
0.0094116
-0.0084532
-0.0059047
0.0046314
-0.0091222
-0.003037
-0.0081027
-0.000556
-0.0072915
0.001669
-0.0027394
0.0052735
0.004272
-0.0023731
-0.0084695
-0.0035859
0.0052694
0.0087842
-0.0028075
0.0029557
0.0063405
-0.0079667
-0.0089197
0.001499
0.0048079
0.0089424
-0.0071916
-0.0091913
-0.0013167
-0.0015233
-0.0012835
-0.0059144
-0.0039835
0.0070929
-0.0099655
-0.0057537
-0.009456
-0.000373
-0.0042905
0.0004791
-0.0033546
-0.0060351
0.0038498
0.0080089
0.0034994
-0.0036136
-0.0033511
0.0011367
-0.0049483
0.0037507
-0.0070427
-0.0086835
-0.0013696
0.0008888
-0.0083039
0.008113
-0.0082388
0.0047177
-0.0061958
-0.0070714
-0.0004136
-0.0048852
-0.0045489
-0.0052763
0.0073937
0.0061737
0.0043376
-0.0005557
-0.0022022
0.0039169
-0.0003789
0.0097547
0.0088846
-0.0026403
-0.0093301
-0.000162
-6.53e-5
-0.0033655
-0.0017744
-0.0021242
-0.006733
-0.0028237
0.0003024
0.0068548
-0.0030998
-0.0005818
-0.0026972
0.0063175
0.0073254
-0.001487
-0.0062906
0.0067747
0.004568
0.0092034
-0.0073317
-0.005186
-0.0078802
-0.0005389
-0.0064975
-0.007434
-0.002942
-0.004371
-0.0012314
-0.0051585
-0.0001303
0.0007178
-0.0074312
-0.0013305
-0.0078191
0.007293
-0.0019943
-0.0059897
0.006336
-0.0043596
0.0087198
0.0086492
-0.0066698
0.0071396
0.0021406
-0.0009476
-0.0037861
0.0006792
0.0034943
-0.0089006
-0.0097188
0.0044508
0.0046815
0.0099156
-0.0074892
-0.0075687
0.0090006
0.009191
-0.001936
-0.0010437
0.0021163
0.0046034
0.0049186
0.0070347
0.0028842
-0.0082725
0.0041182
0.0057278
-0.0064015
0.0096095
-0.0024111
0.0047962
-0.0069236
-0.0026661
0.0046699
0.0066831
0.0032005
-0.0077189
-0.0079966
0.006766
