-0.0053821
-0.0039921
-0.005266
0.0008932
6.81e-5
0.0073169
-0.0073461
-0.0007987
0.0025108
0.0030348
-0.001151
0.0020786
-0.0038498
-0.0085749
-0.0084209
0.0078727
0.0041099
-0.0065217
-0.0007328
0.0001856
-0.0083799
-0.0073527
0.004372
0.0077401
0.0017318
-0.0056546
-0.0080695
-0.0082887
0.0018486
-0.0085438
-0.0088072
-0.0084177
-0.009704
-0.0014425
0.0051752
-0.0044241
0.0032962
0.0085371
-0.0034344
-0.0034812
-0.0006798
0.0075163
0.0069648
0.0017378
-0.0083032
0.008321
-0.0002754
0.0035392
-0.0092449
0.0027893
0.0022437
-0.0032346
-0.0012046
-0.0076579
-0.0080867
0.008168
-0.006263
0.0015228
0.0004673
-0.0033264
-0.0013416
0.0095067
-0.0049349
-0.0057811
-0.0085047
0.0022315
0.0082535
0.00616
0.0086632
0.0073096
-0.006894
-0.0044021
0.0019061
-0.001398
-0.0013349
-0.0034615
0.0081516
0.0013659
-0.0074093
-0.0020257
-0.0032437
-0.0045005
-0.0010836
0.0003993
0.009842
-0.007762
-0.0080062
0.0092264
0.0030095
0.0038085
0.0073807
0.0034468
-0.006466
0.0008985
-0.0061297
-0.0059884
0.0091759
-0.0077754
0.0082219
0.0007718
0.0085559
0.0030271
0.0066531
-0.0006694
0.0019982
-0.0059738
0.0008468
-0.0066325
0.006542
-0.0056037
0.0003132
-0.0082156
-0.0063943
0.0077708
0.0034834
0.0043749
0.0055049
0.0059238
-0.0029836
0.006537
-0.008699
0.0021432
0.0081495
-0.0090143
-0.0025961
0.0062375
-0.0052705
-0.0036697
-0.0030132
-0.0070217
0.0090367
-0.0089352
0.0099626
0.004426
-0.0072796
0.0049015
-0.0021202
0.0047724
-0.0069535
0.0097488
0.0050132
-0.0068124
0.00784
0.0022904
-0.0099624
-0.0019987
-0.0002978
-0.0085908
-0.0038254
0.0098839
0.0082996
0.0004521
0.0040928
0.0090793
0.0022001
0.0055418
0.0070313
-0.0022618
-0.0070482
0.0071471
-0.0094899
0.0082485
-0.0032995
0.0099594
-0.002825
0.0009935
0.00387
0.0078913
0.0096807
-0.008867
0.0016687
-0.009979
0.001041
0.0094947
0.0036959
0.0019831
0.0095049
0.0048942
0.0050838
0.0001112
-0.0084618
-0.0094973
-0.0046643
-0.0068327
-0.0029675
0.009825
-0.0049276
-0.0066253
-0.0002175
-0.0027934
0.0036275
-0.00657
0.0056084
-0.008947
-0.0060062
0.0043148
0.008561
-0.0020257
-0.0015018
0.0021765
-0.0008989
-3.06e-5
-0.0054328
-0.0005342
0.0011129
0.0071538
0.0096315
0.0024799
0.0073403
0.0001355
0.0032915
-0.0080457
-0.0061774
-0.0025181
0.0040437
-0.0005889
-0.0057599
0.0071577
1.74e-5
-0.0082791
0.0052862
-0.0046529
0.0056516
-0.0029468
-0.0045633
-0.0068608
-0.0050918
0.0048652
0.0053386
-0.0018761
0.0012435
0.007246
0.0037983
0.0086446
-0.0035016
0.0063804
0.0026061
-0.0043349
-0.0070353
-0.006136
-0.0056216
-0.0019975
-0.0064338
0.0083876
-0.009976
0.0057896
0.0055292
-0.0082732
-0.0014671
-0.0095076
-0.0057366
0.0061809
-0.0077643
-0.0086891
-0.0043377
-0.0093962
-0.0035624
0.0063018
-0.0009841
-0.0029964
-0.0089432
-0.0003082
0.0078679
0.0079826
-0.0070626
-0.0042643
0.0088264
-0.0056812
-0.0060615
-0.0098781
-0.0065392
-0.001991
0.0094484
-0.0002826
-0.0056034
0.0013283
0.0026546
-0.0003784
0.0062377
-0.0055519
-0.001136
0.0095503
0.0038203
-0.0095326
-0.007382
0.0054443
-0.002695
-0.0002425
-0.0070726
-0.006411
-0.0022683
0.0088949
-0.004206
-5.71e-5
-0.0046118
0.0057549
-0.0072479
-0.0037687
0.0093025
0.0072612
-0.0030388
-0.0034308
0.0027137
-0.0045302
-0.0049634
-0.0013681
-0.0010445
-0.0068988
-0.0001105
0.006738
-0.0083426
0.0012938
0.0039995
-0.0092151
0.0092425
0.0087748
0.0065946
-0.0077662
-0.0025419
0.0096913
-0.0053842
0.0025347
-0.0059746
0.006155
0.0080985
0.0092235
0.0050217
-0.0056825
-0.0013909
-0.0011434
-0.0064768
0.0042775
0.0049346
0.0037042
0.004541
-0.0041497
0.0028007
0.0086295
-0.0032239
0.0084027
-0.0073466
-0.0004142
-0.0020965
-0.0042611
0.0087527
0.0089686
0.0005849
-0.0060532
0.0097741
-0.0033768
-0.0039025
-0.0097878
0.0051053
0.0063786
0.0058045
-0.0045353
-0.00376
0.0054674
-0.0083076
-0.0043497
-0.0096861
-0.007904
0.0031434
0.0086756
-0.0045831
-0.006422
-0.003318
-0.0032825
-0.0017541
-0.0039653
0.0077866
0.0073646
-0.0094275
-0.007934
-0.0039105
-0.0071192
-0.0090041
-0.0065189
0.0085648
-0.0090422
-0.0049984
0.0068903
0.0041663
-0.0065668
0.0034657
0.0075179
-0.0031015
0.0049198
0.0004358
-0.0029974
-0.0071295
-0.0068398
0.0062077
0.0096083
-0.0036797
0.0009068
0.0040686
-0.0008477
-0.0098222
0.004578
0.0054501
-0.0053414
-0.0084723
-0.0032619
-0.0066151
0.0021064
-0.0058537
-0.0052391
0.0083117
0.0032649
0.0030372
0.004291
0.0060983
-0.0075226
0.005405
0.0072724
-0.008212
-0.0023738
-0.001465
0.0027954
-0.0047721
-0.0031937
0.0058884
-0.0044514
-0.0022843
-0.0058087
-0.0082843
-0.0031153
-0.0035304
0.0035938
-0.0046213
-0.0090182
-0.000791
0.0061925
-0.0014951
-0.00903
-0.0065476
0.0037292
-0.0017798
1.79e-5
0.006361
0.0005926
-0.0008508
-0.0077922
0.0044813
0.0077958
0.0037319
-0.0019166
0.0050119
0.0061881
0.0027423
-3.55e-5
-0.001415
-0.0049057
0.009034
-0.0073795
0.0005828
-0.0023627
0.000265
-0.0025724
0.0010006
0.0072675
-0.0040104
0.0065312
-0.0099233
-0.0003914
0.005359
0.0069319
-0.0089647
-0.0092327
-0.0004772
2.2e-5
-0.0077513
0.0092676
-0.0043176
0.0099181
-0.0084347
0.0093083
0.0009851
0.0018635
-0.0031344
0.002184
-0.0027067
0.0079278
-0.0064821
-0.0072906
0.0098348
-0.0027367
-0.0075254
0.0067377
-0.0036607
-0.0095849
0.0053623
-0.0079733
0.0055146
