-0.0043659
-0.0099109
-0.0069378
0.0079462
-0.002761
0.0087401
-0.0082614
0.007186
0.0089589
0.0023965
-0.0098671
-0.0035386
0.0084461
-0.0086911
-0.0031548
-0.0027743
0.000179
-0.0041121
0.00333
-0.0064617
0.0089629
0.0011349
-0.0009075
-0.00333
-0.0020403
0.0006243
-0.0096811
-0.008449
-0.0002666
0.003069
-0.0025273
0.0027553
-0.004649
0.0023237
0.0058968
-0.0084307
-0.0010876
0.0025602
0.0094794
0.0063166
-0.0077426
-0.0041956
0.0085077
0.0046691
0.0001274
0.00343
-0.0056131
0.0044856
0.0031413
-0.0030439
0.0090944
0.0042054
-0.0073587
-0.0079559
0.0007178
0.0067369
0.0048247
0.007031
0.009413
0.0047257
-0.0006796
-0.0096765
0.0004112
-0.0009692
-0.0019042
0.0093331
-0.008641
-0.0009133
-0.0081523
0.000213
-0.0049933
0.0072931
-0.009212
0.0076105
-0.0006052
-0.0026976
0.0070554
-0.0007704
0.0087353
-0.0010032
0.0033293
-0.0046379
-0.0054648
0.0041063
0.0032859
-0.0014141
-0.0001919
0.0067342
-0.0055898
-0.0006633
-0.009203
-0.0023783
-0.0073164
-0.0099346
-0.0085628
0.0011636
0.0041637
-0.0036875
-0.0019679
0.0063305
0.0086201
0.0014245
-0.0082993
0.0011133
0.0063367
-0.0075217
0.0051813
0.0071372
-0.0099636
-0.0051661
-0.0051803
0.0011283
0.0069086
0.009519
0.0081799
-0.0001907
-0.0056362
0.0056005
-0.0023735
-0.0065543
0.000483
-0.0039456
0.0046937
0.0033386
-0.0025621
-0.003801
0.0079068
0.0071495
-0.0090583
-0.0024009
-0.0075836
0.0091152
-0.0003745
-0.0064921
0.0049941
0.008503
-0.0026808
0.0024983
0.0044511
-0.0033059
-0.0019651
-0.0017006
-0.0008761
0.0016024
0.0067839
0.009061
0.0082805
-0.0023879
-0.0071656
-0.0010696
0.0087826
-0.0009607
0.0074591
0.0047095
0.0040763
0.0005721
0.0001696
-0.0034421
0.0052101
0.009871
0.0064396
0.0003515
-0.0078635
0.0003304
0.0076296
-1.29e-5
0.0084666
-0.0062817
-0.0055462
-0.009792
-0.0025352
0.0077149
-0.0071988
0.0040404
-0.0014845
0.0002607
-0.0041417
-0.0091869
-0.008175
-0.0011364
0.0075165
0.0049981
0.0072931
-0.0079852
-0.0030702
0.0084949
0.0080375
-0.0058014
-0.0099827
0.0043066
0.0090788
-0.0014191
-0.0013023
0.0017826
0.0073599
-0.0013258
0.0071891
-0.004524
0.0030837
-0.0038456
-0.0071721
0.0006025
-0.0034317
0.0055159
0.0004624
-0.0041103
0.002253
-0.0080328
-0.0059657
-0.0041026
0.0054625
0.0068079
0.0039267
-0.0075447
-0.0059484
-0.0031678
0.0008607
-0.0097234
-0.0028673
-0.0057528
0.0082315
0.0060998
0.0034893
0.0080326
-0.0072098
0.0016543
-0.0052621
-0.0073962
-0.0001547
0.0063051
-0.0057324
0.0026399
-2.05e-5
0.0086756
0.0094569
0.0066308
0.0036683
0.0067878
0.006448
0.009132
0.0080263
0.0089525
0.0040533
-0.007014
-0.0021236
-0.0023086
-1.31e-5
0.0034666
0.0044017
0.005023
0.0001725
-0.0074424
-0.0067864
0.0016492
0.007086
-0.0089147
-0.0095475
0.0034793
-0.003831
-0.0072302
0.0037857
-0.0037743
0.00601
0.0073385
-0.0067715
-0.0073755
0.0055647
-0.0059376
-0.0006415
-0.0086551
-0.0067759
-0.0082584
0.0098457
-0.0008399
0.0062285
0.008276
-0.008324
0.0089143
-0.0010835
0.0086182
-0.0011383
-0.0038806
-0.0087794
0.0016367
0.0050789
-0.0008512
-0.0015729
-0.0007012
-0.0037535
-0.001854
0.0075405
0.0065079
-0.00572
0.0009652
-0.0093327
-0.0085768
0.0007025
-0.0004399
0.0090369
0.0099141
-0.0040839
0.0075269
-0.0067249
-0.0049156
0.0057506
-0.0018741
-0.0069216
-0.0080186
0.0035299
-0.0040359
0.0048216
-0.0082501
-0.0040305
0.0062484
-0.0037816
-0.0013488
0.0051215
-0.0008359
0.0011324
-0.0077389
-0.0052106
0.0088222
-0.0063408
0.0093004
0.0018176
-0.0035485
-0.0074369
-0.0066872
-0.0090282
-0.0008951
0.0017052
-0.0023653
-0.0011209
-0.002701
0.0098175
0.0007497
-0.0030664
-0.0072018
0.0092965
0.0046018
-0.0038067
0.0085814
7.09e-5
-0.0048744
-0.0060862
-0.0033076
0.003431
0.0052028
0.0013032
0.007266
0.003685
-0.0079919
-0.0094844
0.0064768
-0.0043844
0.0045901
0.0052368
0.0092385
-0.0078271
0.0060647
0.0004667
0.0050522
0.0076197
0.0030308
0.0044725
0.0007155
0.0099259
0.0097656
0.0051798
-0.0038791
-0.003333
-0.0054925
0.0043593
-0.0079938
-0.0053251
-0.0007287
0.0057088
-0.0061092
-0.0004648
0.0022246
-0.0073694
-0.0050467
-0.0068383
-0.0057549
0.0034303
0.0095164
0.0076243
-0.0058411
0.0024952
-0.0030559
0.0077442
0.0021956
-0.0007448
0.0055105
-0.0099822
0.0052872
0.0026084
-0.0014083
0.0037703
0.0027234
0.0045101
0.0099795
-0.0054884
0.0010694
0.0076746
0.0061128
-0.0090866
0.0076147
-0.0057188
-0.0070389
-0.0071879
0.0061125
-0.0022814
-0.0045561
-0.0071414
0.0027013
0.0094056
-0.0080954
-0.0056564
0.0060003
0.0023843
-0.0063762
-0.0094868
0.0057375
0.0021082
0.0024732
-0.0018746
-0.0040492
0.0061648
0.0035705
-0.0065381
-0.001272
-0.0024371
-0.0069817
-0.0035577
-0.0083108
0.0028442
-0.0012565
-0.004509
0.0062667
0.0092124
-0.000712
0.009454
-0.0085305
-0.0083221
0.0019879
-0.0024446
-0.006812
-0.0017191
0.0049845
-0.0099847
-0.0037444
-0.0021182
-0.0065681
0.0041452
0.0018861
0.0009408
-0.0096832
0.0052781
-0.0001453
-0.003915
-0.0085669
0.0012011
0.0044092
0.0028189
-0.0019323
-0.0010981
0.0010686
0.0034429
-0.0016749
-0.0018861
-0.0030476
0.0043462
0.0087786
-0.0005852
-0.0067841
-0.0083355
-0.0042453
0.001134
0.0018506
0.0070215
-0.0041503
-0.0091813
-0.0046368
-0.0049655
-0.0056886
-0.0006771
0.0055579
0.0062962
-0.0001326
0.004955
-0.0002124
0.0060552
0.0010403
0.0024121
