0.0051587
-0.0070857
0.0011743
0.0036632
-0.0065095
-0.0018988
-0.0049452
0.0014923
0.0099927
-0.0050362
-0.0023472
-0.0074943
-0.0062235
0.0085032
0.0081943
-0.0053043
-0.0081719
0.001923
0.0055055
0.0082391
-0.0068997
-0.0085323
0.0078562
-0.0050513
0.0071079
0.0026378
-0.0087422
-0.0044718
0.0014609
-0.0014865
0.0039874
0.0060469
-0.0095032
0.0017196
-0.0041467
-0.0004928
0.0038335
0.007501
-0.0075182
-0.0050328
0.004307
7.95e-5
-0.0006067
0.0062045
0.004354
-0.0069746
-0.0020175
0.0035995
-0.0035586
0.0026866
0.009096
0.0089382
0.0091433
0.00505
0.0046841
-0.0020602
0.0052091
0.0015096
0.0024101
-0.0052346
-0.0078914
-0.0098403
-0.0017186
-0.0083169
-0.0090513
-0.0029623
0.0037716
0.0054553
0.0093327
-0.0018427
-0.0099639
-0.0010704
0.0009741
0.0001185
0.0050766
0.0084179
-0.0078348
-0.0096339
0.0032329
-0.0022742
0.0099788
-0.0098438
0.0095608
-0.0029238
0.0047017
-0.0051837
-0.0065933
0.0045929
-0.0002931
-0.0049831
0.0026728
-0.0073978
0.0057168
-0.0016952
-0.0066096
0.0066453
0.0038771
-0.0092505
-0.0021464
0.0055831
0.0008826
-0.0075573
-0.0089999
-0.0093652
-0.0094366
0.008495
-0.0030864
-0.002003
-0.0022513
-0.0038988
-0.0058792
-0.0017627
0.0016123
0.0038003
-0.0005375
0.0074167
0.0048364
0.0069714
-0.003461
-0.0017542
0.0013268
-0.0020378
0.0064696
0.0017852
0.0005814
0.0014485
0.0045714
0.0094387
-0.0072337
-0.005308
-0.0016379
0.0035913
0.0054771
-0.0008903
0.0093557
0.0054
-0.0059856
-0.0044969
-0.0069176
0.0020258
-0.0066213
0.002037
0.0036832
0.003268
-0.0087832
-0.000571
-0.0039362
0.0025496
-0.002234
-0.0074448
-0.0090615
0.0086064
0.0024619
-0.0029733
-0.0059481
-0.0054515
-0.0099057
0.0046832
0.0091506
0.0031754
-0.0051322
0.0071535
-0.00587
-0.0042181
0.0005298
0.002165
0.0010923
-0.0033577
-0.0004769
-0.0084265
0.0043362
-0.0009316
0.0007958
-0.0041498
0.0078192
0.0072232
0.0074597
-0.0058287
-0.0085565
-9.37e-5
0.0086407
-0.0016316
-0.0066505
-0.0001535
0.0073923
-0.0008912
0.0084285
0.0039918
0.0084608
-0.0074078
0.0053338
-0.0035293
-0.001503
0.0071327
0.0021381
0.0048473
0.0073054
0.0019522
-0.0051194
0.0016143
-0.00074
0.0005434
-0.0048888
0.0011317
-0.0055899
-0.0009916
-0.0012644
-0.0041714
0.0090064
-0.0033014
-0.0045821
0.0087902
-0.0053775
0.0019425
0.0024528
-0.0027051
0.0003567
-0.0043709
-7.41e-5
0.0051543
-0.0082993
0.0068945
0.0044888
0.00871
0.0002541
0.0024675
-0.0042304
-0.0048353
-0.0016779
0.0038854
0.0071484
0.0002935
-0.0095951
0.0051622
0.0010147
-0.0063959
0.0083234
-0.003253
0.0034769
0.0085273
-0.0016406
-0.0039571
0.0062707
-0.0042031
0.0018904
-0.0015057
0.0044577
-0.0069412
-0.0001402
0.0022233
-0.0084922
-0.0002668
0.0048456
0.0052383
0.0058652
-0.0016179
0.0075157
0.0035347
0.0051962
-0.0098495
0.0099785
-0.00803
-0.0036708
-0.0040011
-0.0007794
0.0037797
-0.0015134
-0.0021182
-0.0087689
0.005523
-0.0067378
0.0088102
0.0045232
-0.0066932
0.0076496
-0.0037434
0.0076972
0.008228
-0.0033347
0.0081136
0.000431
0.0084672
0.0046802
-0.0057499
-0.0051229
0.0057187
0.0085202
-0.0071878
0.0078744
-0.0072503
-5.7e-6
-0.0014198
0.0036124
0.0067533
-0.0083029
-0.0018479
0.0007298
0.0032114
-0.0053909
-0.0085892
-0.0008444
-0.0043864
-0.0059601
-0.0048866
0.0066204
0.0059263
-0.0054118
-0.0054297
-0.0070843
4.51e-5
-4.57e-5
0.0034802
0.0082354
0.0050913
-0.0034866
-0.0036887
0.0088886
0.0095488
-0.0030196
0.0025921
0.0092049
-0.0098321
0.0053296
0.001249
-0.0026045
0.0072151
0.0026989
-0.006163
-0.0088554
0.00799
-0.0049798
-0.0059136
-0.0081114
-0.0022482
0.0056991
0.0016135
-0.0007355
0.0032735
-0.0051975
0.0015607
0.0028061
0.0044641
0.0026281
0.0079722
-0.0041513
-0.0053131
-0.0019646
-0.009386
0.0060064
-0.0094222
0.001401
0.0062594
0.001795
0.0014795
-0.0013697
-0.0016121
-0.0088779
0.0045649
0.0063303
0.0068459
-0.0095444
0.0062852
0.0003156
0.0011159
-0.0013553
-0.0078238
-0.0058609
-0.0092754
-0.0049131
0.0058832
0.0021321
-0.0063198
0.0013169
-0.0022625
-0.0064232
-0.0079154
-0.0076054
-0.0078064
-0.0025903
0.0099868
-0.000499
-0.0071092
-0.0039127
0.0009522
0.0003637
-0.0002384
0.0092916
-0.0057367
-0.0083388
-0.0069982
0.0005989
-0.0049902
-0.0078388
0.0006642
-0.0045123
-4.76e-5
0.0065113
-0.005661
0.0024285
0.0094241
0.0056028
-0.0047255
0.0034535
0.0060512
0.0010069
-0.0055152
0.0001375
-0.003157
-0.0090491
-0.0084474
-0.0096115
0.0034783
0.0095856
0.001444
0.0069586
-0.0081841
-0.0051737
-0.0006131
-0.0072517
-0.0032964
0.0097613
-0.0074895
0.0084755
0.0079898
1.81e-5
0.0063622
0.0092889
0.0090444
-0.0014052
-0.0077483
-0.0080445
-0.0077983
0.0096752
0.0022037
0.0088395
0.0048221
0.0097664
0.0096335
0.0034148
0.0081385
-0.0007488
-7.05e-5
-0.0032058
-0.0052707
-0.0034835
-0.0087807
-0.0027179
-0.0071943
-0.0094357
0.0044304
0.0046177
-0.0094482
-0.0083495
-0.0008583
-0.0069642
-0.0032279
0.0095044
-0.008239
-0.0041205
0.0019933
0.0009535
-0.0007365
-0.0092598
-0.0006934
-0.00202
0.0005162
0.0040291
-0.0011134
0.0027807
-0.0076352
-0.0080337
0.0048257
-0.0060044
0.0013101
-0.0043334
0.005791
-0.0091883
-0.0086899
0.0084092
-0.0011246
-0.0009751
0.0074357
0.0019474
0.0083319
0.0028106
0.0078399
0.0075199
0.0092524
-0.0041497
-0.0063939
-0.0034024
-0.0085721
0.0069672
0.0050419
-0.0007018
