-0.007635
-0.0089522
0.0003616
-0.0039453
-0.0087955
-0.0073162
-0.0042127
-0.0027032
0.0078064
-0.009293
-0.0007571
0.0036904
-0.00567
0.0005603
-0.003885
-0.0063758
0.0057758
-0.0039471
0.000644
0.0079039
-0.0057257
-0.0085683
-0.004291
0.001685
-0.0092402
-0.0093557
0.0064146
-0.0073012
-0.0076852
-0.0022439
0.0016304
0.0024576
0.0002651
0.0084987
0.0077702
-0.000935
-0.0063617
0.008661
-0.0081098
-0.0016126
0.0044806
-0.0019773
0.0043963
-0.0036694
-0.0010296
-0.0017838
-0.0082734
-0.0095278
0.0034816
0.0023232
0.0082439
0.0098867
-0.0058584
-0.000589
0.0025508
0.0059425
-0.0092766
-0.0028099
-0.0071187
0.004769
0.004617
-0.0032041
0.0035542
-0.0025884
0.0042547
0.009402
-0.0064943
0.0017321
0.0071578
-0.0052032
0.0096027
0.0080081
-0.0059496
-0.0039289
-0.0056675
0.0018264
-0.0083324
-0.0071113
0.003829
-0.0031162
-0.002255
-0.0033858
-0.0020749
0.0085123
-0.001052
-0.0052725
0.0023236
0.0031661
-0.0086101
0.0090405
0.0033954
0.0097139
-0.0066679
-0.0038046
0.0097892
-0.0053077
-0.0010411
0.0031556
0.0027241
0.0082033
0.002447
0.002363
0.0039724
-0.0032673
-0.0041432
-0.0067715
-0.0092197
0.0026183
0.0027649
0.0062763
0.009033
-0.0057392
0.0081418
-0.0087455
-0.0022169
-0.0026361
0.0065766
0.0014412
0.003405
-0.0001285
0.0095338
-0.0052507
0.0060663
0.0084789
0.00754
-0.0034298
0.0063304
-0.0088788
0.0058525
-0.0021115
0.0051746
0.0008744
0.0031269
-0.0039511
0.0022884
-0.0042149
0.002836
-0.0067604
0.0050796
0.0074567
-0.0022927
0.0071706
-0.0031665
-0.0023258
0.0093208
0.0021791
0.0067244
-0.0016867
-0.0082035
-0.0095288
-0.0037462
-0.0070277
-0.0073624
0.0077777
0.0062036
-0.007799
0.0079864
0.0083195
0.0090836
-0.0055014
0.0037475
0.0039317
-0.0041858
-0.0035522
0.0087426
-0.0002616
-0.0042778
0.0030088
0.0045199
-0.0025058
-0.002639
-0.009419
0.0068135
-0.0068736
-0.0060779
0.0053613
0.0074528
-0.0041434
0.0053819
-0.0023331
0.0013354
0.0047087
-0.0006507
-0.0077704
-0.0032208
-0.0099624
-0.0047309
0.0028389
-0.0046563
0.0002074
-0.0065553
-0.0008758
-0.0010677
0.001512
-0.0081456
-0.0004367
0.0072997
0.0018192
0.000755
0.004445
0.0084966
0.0097214
-0.0071416
-0.0056005
0.0068233
-0.0071688
0.0077417
-0.0025419
-0.0065824
-0.0090726
-0.0026586
-0.0056724
-0.000859
-0.0060529
-0.0083439
0.0012836
-0.0072772
-0.0047912
0.000752
-0.009221
-0.0089201
-0.0074643
0.0052795
-0.0077952
-0.0042817
-0.0033975
0.0033047
-0.0070498
-0.0054271
0.0048582
-0.0078804
0.0017308
0.0001449
-0.0071722
-0.0016102
-0.0019719
-0.0017134
0.0063926
-0.0024227
-0.0099108
-0.0031836
-0.0012972
-0.006254
-0.0050447
0.0001841
0.0005636
0.0089244
-0.0004736
0.003507
-0.0051973
-0.0032522
-0.0098651
0.0041526
-0.0058878
0.0010005
0.0025362
0.0042786
0.0051681
0.0082292
-0.0082833
-0.0013389
0.0079908
-0.0085927
-0.0069376
-0.0055854
-0.0042399
0.0070958
-0.0090658
-1.96e-5
0.0072792
-0.0099029
-0.005073
0.0055905
0.0020463
0.0018933
-0.0045957
-0.0023678
0.008128
0.0076959
-0.0093238
0.0004057
-0.0060739
0.0017098
-0.0071249
-0.0006505
-0.0043104
-0.0053549
-0.0063214
0.0056552
0.0091043
0.0060106
0.0030665
0.0067821
0.0019764
0.0055545
0.0012262
-0.0030788
-0.0070166
-0.0064633
-0.0098173
-0.0094264
0.0010375
-0.001515
-0.0031488
-0.0003561
0.0027044
0.0084748
0.0047906
0.0063096
-0.0056107
-0.0004838
-0.0079633
-0.0038685
-0.0075992
-0.001377
-0.0095635
-0.0051203
0.0072512
0.0003117
0.0067912
0.0080105
-0.0018949
0.0020785
0.0054081
0.0043633
0.0083364
0.0067556
-0.0060363
0.0036923
0.0055114
0.0055903
0.0013709
-0.0003473
-0.0004675
-0.0005064
0.0011394
0.0036443
0.0053229
0.0011231
0.0092172
0.0048014
0.0042277
-0.0031332
0.0028035
-0.0093249
-0.0060302
0.0098083
0.0025948
-0.0014125
0.0036833
-0.0001385
-0.0062811
0.0018213
-0.0001576
-0.0060667
0.0069838
-0.004833
-0.0033446
0.0060419
-0.0006939
0.0098962
-0.0085044
0.0067538
0.0065049
-0.0082508
-0.0078227
-0.0052846
0.0069033
0.0017615
0.0080369
-0.0052346
0.0080442
0.0021957
-0.0054222
0.0058669
-0.0035237
0.0087594
0.0016619
0.0055452
-0.0025149
0.0049444
0.0092457
0.0042227
-0.0026834
-0.0065321
0.0011597
-0.0044683
0.0089498
-0.0013028
0.0002128
-0.0032889
-0.0005444
0.0001822
-0.007186
0.0091884
0.000185
-0.0019162
-0.0086233
0.0047911
0.004994
-0.0076579
0.0020043
-0.0026682
0.0039233
0.0063856
0.0050414
-0.0058972
-0.0023504
-0.0004254
0.0036717
0.0018597
-0.0003791
-0.0067098
0.0089701
0.0018229
-0.0035604
0.0079694
-0.0013242
-0.0067445
0.0015637
0.0085813
0.0086749
-0.0099993
-0.0043198
0.007512
-0.004283
-0.0006344
0.0021543
0.0005748
0.0003556
0.0055507
-0.0025384
0.0041661
0.004467
0.0075948
0.0003273
0.0028367
-0.0035128
-0.0055487
-0.0063496
0.0068096
-0.0064766
-0.0034271
-0.0037937
-0.002913
0.0075429
-0.0009841
-0.0065437
-0.0048481
-0.0008278
-0.0028406
-0.005743
-4.0e-5
0.0017065
0.0042372
5.12e-5
0.0052664
-0.0015779
0.0033346
-0.006419
-0.0015512
0.0001901
-0.0056389
-0.0051882
0.0086826
-0.0002495
0.0006182
-0.0039192
0.0026626
0.0059787
-0.0007295
0.009844
-0.005678
0.0094281
-0.0075795
0.008719
-0.0069964
0.0022683
-0.0088065
-0.007225
-0.0047023
0.0024649
-0.0054289
0.0075081
-0.0030688
-0.0025454
0.0044463
-0.0008039
0.0085856
-0.0066588
0.0025703
-0.0091731
-0.0085617
0.0044223
-0.0057098
