0.0084763
0.0011416
0.009448
-0.0005075
0.0089255
-0.0048832
-0.0044815
0.007898
-0.0085742
0.0084288
-0.0041717
0.0036944
-0.003175
0.0018288
-0.0073212
-0.0059429
-0.0090543
-0.0006807
-0.0058155
-0.0038268
0.0067732
-0.0045081
0.0069309
0.0082387
0.0082818
0.0040691
0.0037451
-0.0061308
-0.003081
0.0066111
-0.0092335
-0.0059539
-0.0049613
-0.0060888
-0.0096657
-0.0076074
-0.009615
-0.0018001
0.0082251
-0.0062708
0.0084035
0.0037927
-0.009373
-0.0065845
-0.0017947
0.0047575
0.0055707
0.001988
-0.0003053
0.0046199
-0.0036598
-0.0068479
0.0035392
0.0084249
-0.0079225
0.0054791
0.0058373
-0.0085205
-0.0061186
0.0092287
0.0036748
0.0035422
0.0073585
-0.0074676
-0.004984
-0.0069848
0.0050007
0.0093015
-0.0099419
0.0002969
-0.0023142
0.0031816
0.0041018
0.0089701
-0.0077561
0.0057716
-0.0094062
-0.0017351
-0.0089364
0.0046894
0.0023046
-0.0083924
-0.0080197
-0.0006539
0.0073502
0.0030595
0.0057919
0.0061989
-0.0052654
0.0020956
-0.0003251
0.006147
0.0010786
0.0080941
0.0048855
-0.0086543
-0.0055853
-0.0038201
-0.0091591
-0.0032672
-0.0056091
0.0038014
0.0058994
-0.0095355
-0.0067495
-0.000639
-0.0065249
-0.0042479
-0.0098119
0.0068095
0.0036551
-0.0070732
0.0071638
-0.0077925
0.0076917
0.0012772
-0.0016046
0.0013598
0.0077354
-0.0007292
0.008534
-0.0062729
-0.0087302
-0.004596
0.0011247
-0.0037442
-0.0054927
0.002791
0.0041163
-0.0095479
-0.0009011
-0.0020275
0.0034363
-0.0061186
-0.0044483
-0.0049967
-0.0074586
0.0012088
-0.0026482
0.0045613
-0.0038942
0.0057642
0.0098454
-0.0052365
0.006706
0.0031
0.0062162
0.0015674
-0.0096659
-0.0003227
-0.005069
-0.0080437
-0.0063911
0.00395
-0.0030725
0.008818
0.006848
0.0070367
-0.0050826
0.0007359
0.0040117
0.0051177
-0.0076353
0.000887
-0.0083206
0.0073293
0.0024357
-0.0092931
-0.0027194
0.007625
-0.0002642
-0.0015731
0.0096738
0.0083425
-0.0013728
-0.0037589
-0.0079357
-0.0054039
-0.0071342
0.0010756
0.0039279
0.0009299
0.0082786
0.0066101
-0.0061681
0.0090864
0.003191
-0.001469
0.0030107
-0.0056234
-0.0003284
0.0036385
-0.005662
-0.0048379
-0.0013642
-0.0083912
0.0067551
-0.0037572
-4.2e-5
0.0070286
-0.0021372
0.0034103
-0.0066387
0.0003261
-0.0030084
0.0056327
0.0046072
-0.0095969
-0.001397
-0.005882
-0.0091448
-0.008929
-0.0035813
-0.0042114
0.002755
0.0095687
-0.0056831
0.0025632
-0.0044293
0.0078359
-0.0040596
0.0002956
-0.0009554
-0.0062724
-0.0037563
0.0069182
0.005984
9.4e-5
-0.0028787
0.0064868
0.0094888
-0.0070304
-0.0030541
-0.0093233
0.0047694
-0.0093588
-0.0071425
0.0025622
0.0083343
0.0014952
0.0010658
0.0043234
-0.0052547
0.0061442
-0.0021392
0.0024553
-0.0097701
0.0043069
-0.0020674
0.0014821
0.0054292
-0.001506
-0.0006827
-0.0034384
-0.0096054
-0.0040302
0.0051523
0.0058188
-0.0043469
0.0083562
0.0063159
-0.0040433
-0.001414
0.0032571
0.0030972
0.0075957
-0.0028284
0.0014671
-0.0090947
0.0078158
-0.002492
0.0042791
-0.0032557
-0.0045089
-0.002985
-0.0073908
0.004624
-0.0014198
0.009381
-0.0006459
0.0055189
-0.0062845
-0.0011062
0.0008777
0.009353
0.0093876
0.0023989
-0.007518
0.0013426
-0.0066267
-0.0079007
0.0073537
-0.002237
-0.0025175
0.0061817
0.0025098
-0.0096448
0.0030949
-0.0013896
0.0075419
-0.0086912
0.0017188
0.0043959
0.0087363
0.0033815
0.0046781
-0.0002053
-0.001118
-0.0094059
0.0053799
0.0050504
-0.0074512
0.0064207
0.0076519
-0.0008462
-0.0003393
-0.0072686
-0.0003432
0.0047503
0.0011125
0.0030628
-0.0081346
-0.0099937
0.0032851
-0.0002595
0.0041873
0.0080687
0.0042859
-0.0065121
0.0011826
0.0041067
-0.0069092
-0.0028206
0.0084952
-0.0055149
0.0076306
-0.0090846
-0.0054294
0.0058715
0.0078865
0.0070269
-0.0087893
0.002696
0.008784
0.0078027
-0.00714
-0.0053462
-0.0047857
-0.0041693
-0.0077084
0.0041863
0.0077446
0.0013154
6.0e-5
-0.0006908
-0.0022434
-0.0021401
0.0027223
0.008494
-0.0061337
-0.0034175
-0.0088646
0.0062441
0.0072314
-0.0001167
0.001203
0.0098337
0.0017269
0.0079139
0.0023205
0.0007583
-0.002891
0.0036182
0.0066974
0.001282
0.0078148
-0.0087738
-0.0075438
-0.0044903
0.0086196
0.0034981
-0.0011268
0.0037948
-0.0036917
0.0095287
-0.0069402
0.0068591
0.0041094
0.0094853
-0.005094
0.0028948
0.0006062
-0.0073564
0.0070873
0.0022505
-0.008416
-0.0051078
0.0011812
-0.0034098
0.0037961
-0.0004121
0.0058258
0.0057452
0.0068607
0.0059107
-0.0058594
-0.0040576
-0.005292
-0.0093537
-0.0015354
0.0069952
-0.0093194
-0.0027558
-0.0049939
-0.0048504
-0.0026747
0.0043417
-0.0023438
0.0086607
-0.0067684
-0.0055275
-0.0001829
0.0042831
0.0062392
-0.003135
-0.0097123
-0.0064478
0.0096353
-0.0028043
-0.0019487
0.0073181
-0.0084773
0.0032174
-0.000896
0.0098841
-0.009831
0.0006847
0.0092574
0.0068622
0.0043149
0.0076062
0.0080773
-0.0047645
-0.0094392
-0.0073792
0.0023084
0.002625
-0.0067787
0.0013775
0.0010931
0.004783
0.0077181
-0.0023399
0.0003932
-0.0051517
0.0066034
0.0081145
-0.0003772
-6.64e-5
0.0058976
-0.0002285
-0.0052752
0.0001353
0.0040376
-0.004994
-0.0068183
-0.0010578
0.0007828
-0.0038304
-0.0097191
0.0061001
-0.0079557
0.00806
-0.0004464
-0.0033767
0.0031624
0.002312
0.0099984
-0.0041046
-0.0030109
-0.00995
0.0060679
-0.0049764
0.0073133
-0.009556
0.0018114
0.0026238
0.0025331
-0.0037891
-0.0047764
0.0087667
0.0041904
0.0098822
0.0084704
0.0078565
