0.0010117
-0.0095933
-0.0016999
0.0024194
-0.0032419
0.004813
0.0050971
0.0073479
-0.0019148
0.0072168
-0.0017349
0.0039764
-0.0093247
-0.0014619
0.0064553
-0.0023845
-0.0033477
-0.0040708
-0.0076401
0.0049249
-0.0032796
0.0041709
0.0013505
-0.0013235
-0.0046707
-0.0030423
-0.0088301
-0.0002397
-0.0076391
-0.0027101
0.0068236
0.0079167
0.0074975
-0.0036912
0.0015131
-0.0038525
0.0034715
-0.0012432
0.0076051
-0.0063905
-0.0068093
-0.0021907
0.0058023
-0.0026584
0.009993
0.0069314
0.0046338
0.0097686
-0.0095898
-0.0037854
0.0053046
0.0068433
0.0005296
0.0001204
0.0042436
-0.0054151
-0.0040381
0.0024539
-0.0030299
0.0024238
0.0072552
-0.001023
0.0097302
0.009401
0.0021841
-0.0029319
0.0036084
-0.0076485
-0.0036156
-0.0055825
0.0076105
0.0080135
0.0050548
0.0051005
-0.0008686
-0.0084922
-0.0082391
-0.0068001
0.008763
-0.0094261
0.0056972
-0.006586
0.0004464
0.0091484
-0.0029999
0.0039871
0.0054899
0.0067243
-0.0032827
-0.0037168
0.0016671
0.0044878
0.006811
-0.0003734
-0.0013801
0.0049593
0.0056263
0.008833
0.0001705
-0.006379
-0.0091785
0.0008421
-0.0020253
-0.0068268
-0.0022895
-0.0080325
-0.0069412
0.0074906
0.0042084
-0.0094074
-0.0009947
-0.001984
-0.0093461
0.0049345
-0.0034022
0.0051597
0.0095243
0.0007961
0.007429
0.007834
0.0030919
0.0004094
-0.007889
0.0086483
-0.0039757
0.0072499
0.0098086
-0.0061658
0.0030508
-0.002096
0.0066019
-0.0018195
-0.0083306
0.0003118
0.0030714
-0.0046719
0.0096337
0.0071191
0.0031532
0.0034204
-0.0037293
-0.0078336
0.0013078
0.0053256
-0.0080702
-0.0078844
-0.0040201
0.0099409
-0.0042562
-0.0009986
0.0080604
-0.0088566
-0.0084192
0.0057383
-0.0077678
0.0047317
-0.0036465
0.0017744
-0.0099902
-0.0027407
-0.0012106
-0.0037687
0.0076728
0.0082745
-0.0016092
-0.003297
0.0024768
-0.0033428
0.0019276
0.0097131
0.0098338
0.0086893
-0.0071084
0.0013289
0.0043909
0.0013703
0.0048856
-0.0096207
-0.0061662
0.0042036
0.0056744
-0.0054291
0.0018837
0.0044803
-0.0076722
0.0085831
-0.0034245
0.0043314
0.0099772
-0.0076753
0.0015892
0.0034356
-0.0079532
-0.008279
-0.008256
-0.0044384
-0.0047118
0.0050909
0.0031129
-0.0046679
0.003702
0.0059363
0.0027562
0.0052409
0.0032839
0.0046011
-0.0050381
0.0031325
0.0093808
-0.0059672
-0.0029137
-0.0010423
0.000456
0.0024234
-0.0027282
-0.0060551
-0.0052848
-0.0096802
-0.004953
-0.003903
0.0019312
0.0093088
-0.0042034
0.0058581
0.0033536
-0.0001522
-0.0017527
-0.0007743
-0.0018941
0.0077742
0.0077777
0.0020847
-0.0030097
0.0018396
-0.008603
-0.0084766
-0.0045522
0.0061352
-0.003515
-8.54e-5
-0.0070605
-0.0077798
0.009255
0.0012384
-0.0037232
0.0005985
-0.0060454
0.0044858
0.0004971
-0.0089391
-0.0003551
0.0080435
0.0064266
-0.0075455
-0.0049025
-0.0025757
0.0097013
0.0080897
-0.0014331
-0.0079548
-0.0036863
-0.0051742
-0.0036287
0.0090979
-0.0099491
-0.0013886
0.0012963
0.003561
-0.0028784
-0.0051863
0.0020662
0.0009728
-0.0095484
0.0075129
-0.0002029
0.0077667
-0.0075103
0.0040462
-0.0018921
-0.0090776
0.0070061
-0.0044848
-0.0070303
-0.0006819
-0.0054047
-0.0013372
-0.0073608
-0.0076444
-0.0046711
0.0092875
0.0006247
0.0007461
0.003837
-0.0044391
-0.0069475
-0.0066618
0.0090764
-0.0071488
0.0057516
0.0096657
-0.0050663
-0.0070395
-0.0051954
0.0079668
-0.0053525
-0.0041336
0.00176
0.004661
-0.0071436
0.0021563
0.0051072
-0.0010561
0.0052492
-0.0010232
0.0031488
-0.0087479
0.0073029
-0.0026493
0.0079537
0.0094756
0.0086844
0.0053446
0.0074253
0.0043106
0.0049477
-0.0015274
0.0041249
0.0094062
0.0046094
0.0065689
0.0030151
-0.0073779
-0.0030418
-3.98e-5
-0.0090697
0.0034769
-0.0060338
0.0060225
-0.0017527
-0.0039285
0.0017605
0.0009741
-0.0075258
-0.0060359
0.0030213
0.0053854
-0.0054917
-0.0042784
0.0060548
0.0004238
5.72e-5
-0.0040353
-0.0087369
-0.0022216
-0.0052047
-0.0075981
0.0058069
-0.0042286
-0.0043023
0.0068971
0.0087218
0.0051197
-0.0035611
-0.0021231
0.004146
0.0025783
-0.0018735
-0.0033053
0.0096283
-0.0061351
-0.0061771
0.0065859
0.0076059
0.002469
-0.0021482
0.0018264
0.0011959
0.0091836
-0.0021925
-0.002713
-0.003651
-0.007336
-0.0037379
0.0002678
-0.0073225
0.0098378
-0.0001444
0.0095439
-0.0056037
0.0077716
-0.0058112
-0.0031821
0.0096456
0.0023731
0.0011517
0.0026784
0.0014713
0.001157
0.0050416
0.0042907
0.0080821
0.0041929
0.0095327
0.0037775
0.0041179
-0.007823
-0.0051058
-0.0077518
-0.0098145
-0.0027482
-0.0027953
0.0017563
0.006755
0.0064454
0.0039798
0.0040156
0.0086003
-0.0033815
0.0094042
0.0084878
-0.0054855
-0.004902
-0.0084432
0.0090518
0.0036536
0.0026185
-0.0070137
0.0009666
0.0086266
0.0055759
-0.0071325
-0.0054349
-0.005999
0.0010467
0.0086508
-0.0072421
-0.0038545
-0.0002162
0.0055623
0.0024615
-0.0003721
-0.0040944
0.0038794
0.0090051
-0.0053636
0.0075573
0.0070664
-0.0037256
-0.0061656
-0.0018343
0.0032589
-0.0022944
-0.0045627
-0.0027362
0.0060167
0.0071846
-0.0056796
-0.0003252
0.0056912
-0.001973
-0.0008636
-0.0052513
-0.0048568
0.0073241
-0.0018029
-0.0077781
-0.0023433
0.0047652
0.0074206
-0.0039863
-0.008654
0.0065911
0.0067358
-0.0046972
0.00168
-0.0042601
-0.0097158
0.0077953
0.0054376
-0.0097536
0.000394
0.0076615
-0.0081247
0.0062837
0.0067461
-0.0061736
-0.0079651
0.0009505
0.0043414
0.0091241
0.004082
-0.0014114
0.0081791
-0.0081622
0.0034125
