-0.0003945
7.97e-5
-0.0033507
0.0075189
0.0054324
0.0013283
-0.0089259
0.0020085
-0.0069162
0.0079307
-0.0015519
-0.0047941
-0.0043953
0.0020957
-0.0059007
-0.0050399
0.0089681
-0.0030714
-0.0016323
0.0054318
-0.002655
-0.0038358
0.0072154
-0.0067153
0.0049116
-0.0014368
-0.0086633
-0.0067443
0.0072733
0.0039557
0.0005667
-0.0088856
-0.0055929
0.0003435
0.008666
0.0055843
0.0041803
0.0049329
0.0064055
0.0095496
-0.0029351
0.0065507
0.0082021
-0.0029419
0.0094671
0.0038915
0.008838
0.0048435
0.0087789
0.0007862
0.0068703
-0.0087141
0.0056913
-0.0065343
0.0069918
0.00182
0.0061941
0.003686
-0.0056865
-0.0098868
0.0008174
-0.0025938
0.0041168
0.0098769
0.0060151
-0.007532
-0.0039555
-0.0060047
0.0096705
0.0026885
-0.0067169
-0.003706
0.009673
-0.0091427
-0.0077917
0.004701
-0.0068234
0.0005202
0.0021574
0.0011238
-0.0034517
0.0080548
0.0068339
-0.007286
0.0049375
0.0072813
0.0031981
0.0060106
-0.0089954
-0.0055088
0.0014241
-0.0011203
0.009086
-0.0017469
-0.0048873
-0.0029053
-0.0085699
-0.0095592
0.0068996
-0.0073828
-0.0080443
-0.0061958
0.0008723
-0.0082478
-0.0047038
-0.0071346
-0.0048452
-0.0058412
-0.0074242
0.0015314
-0.0047429
0.0042751
0.0070018
-0.0078554
-0.0064775
0.000271
-0.0005306
0.0078319
0.0009585
-0.0085111
0.0009545
0.0046712
0.0058031
0.0093936
0.0026932
-0.0028123
-0.0013305
0.005566
0.0068742
-0.0074494
-0.0070364
-0.0023738
-0.0086877
-0.0048621
0.0080269
0.0077411
-0.0080972
0.0042537
-0.0099343
-0.0046002
0.0007773
0.00142
-0.0031742
0.0008482
-0.0020587
0.0079528
-0.0017853
0.0043434
0.0043793
-0.0098231
0.0087374
-0.0055655
-0.0019687
-0.0021635
0.0041782
0.0048368
0.0006128
0.0075943
-0.0067616
0.0037375
-0.0038655
-0.0043463
-0.0058836
-0.0073716
-0.0079918
-0.0008235
0.0098339
0.0046473
0.0030875
-0.0068051
0.0036518
-0.0098354
-0.008305
-0.004979
-0.0081958
0.0067266
0.0096036
-0.0084858
-0.0017288
-0.0078802
0.003336
-0.0080134
-0.0043711
0.0056622
0.0069797
0.0077072
0.0075207
-0.0066098
0.0083223
-0.0068501
0.0073564
0.0043389
0.0014631
0.0067708
-0.0083793
0.0001819
0.006667
-0.0020181
0.0060285
0.0025084
0.0076322
0.0043133
0.0034643
0.0041436
0.0052837
0.0021764
0.0096683
0.0015399
-0.0010711
0.0001031
-0.0039857
0.0042691
0.0081706
0.0059044
0.0040914
-0.0029047
0.0098777
0.0057454
-0.0042062
-0.0094845
0.0061103
0.0032503
-0.0004681
0.0041249
-0.0067392
0.0092318
-0.0046788
0.002815
0.0028341
-0.0031619
0.0082225
0.0065813
0.0043877
-0.0005776
0.0039832
-0.0041398
-0.0077886
0.002243
0.009312
0.006483
0.0053048
0.0013777
-0.0040879
-0.0056867
0.0020799
-0.0042491
0.0078591
-0.0066894
-0.0017922
-0.0052006
-0.001204
-0.0088251
0.0024643
-0.0066118
-0.0012307
0.003843
0.0071276
0.0022549
0.0028529
-0.0077625
0.0079511
-0.0090598
0.0062556
0.0026782
0.0025993
-0.000824
-0.0023671
-0.0093889
-0.0097529
-0.0062062
-0.0098505
-0.0032925
0.0050232
0.0025321
-0.003748
0.0052691
0.000493
-0.0061473
0.0067005
-0.0059447
0.0020298
-0.0084835
-0.0020085
0.0090421
-0.0050721
-0.0082328
-0.0072689
0.0008074
0.0006079
-0.006427
0.0027167
-0.0024666
-0.0002642
-0.0044757
0.0057538
0.0041298
-0.0022962
0.0038413
-0.0011946
-0.0057609
0.0029846
0.0028075
0.0039678
0.003398
0.0099166
0.0044245
0.0087568
-0.0062175
-0.0027374
0.0014998
-0.0091979
-0.0013578
0.0033924
-0.0011336
-0.0083349
0.0099459
-0.0082132
0.0026517
-0.0007361
0.0039601
-0.00572
0.0044844
-0.0097004
0.00349
0.0056735
-0.0097802
-0.002865
-0.008146
-0.0043107
0.0038848
-0.0094972
-0.0089088
-0.0097938
0.003492
-0.0099385
-0.0068072
0.0042613
0.0035579
0.006932
-0.0043392
-0.0005935
-0.0053055
-0.0086533
0.0080762
-0.002691
-0.005498
0.006065
0.0073921
0.0036375
0.0047064
-0.0050788
-0.0069732
0.0066163
-0.0080454
0.0082263
-0.0069735
0.0006517
9.84e-5
0.0004797
0.0080315
-0.0027209
0.0070967
0.0026481
0.0024725
-0.0057893
-0.0065216
-0.006988
-0.0080295
0.0095494
-0.0065738
0.002256
0.0093716
0.0056609
-0.0058939
0.0047559
-0.0084439
0.0068811
0.008534
-0.0004135
0.0081283
0.0038761
9.85e-5
-0.0008153
0.0021679
-0.0007178
-0.0097321
-0.0043861
0.0001279
0.0060247
0.0054126
0.0051072
0.0061222
0.0078048
-0.0041212
-0.0014729
-0.0016108
0.0074074
0.0096373
-0.0070331
0.0069446
-0.0051236
0.0035412
0.0021091
-0.0041943
0.0008646
0.0051829
-0.0092163
0.0098543
0.0097428
-0.008718
-0.0031972
-0.0051204
0.0054518
-0.007965
0.007451
-0.0013641
-0.0078807
0.0030841
-0.008459
0.002455
0.0040735
-0.0032528
0.0045432
0.0031516
-0.0094159
0.0039828
0.0093905
-0.0027221
0.0002408
-0.0017176
-0.0039013
0.006567
0.0096774
-0.0027419
0.006137
-0.0042454
-0.0044812
0.0075558
0.005399
-0.0016216
-0.0055473
-0.0045479
-0.008778
0.0016736
0.0097327
-0.0027852
0.0079832
0.0024157
0.0039238
-0.0027148
0.0037693
0.0017866
-0.0057182
0.0077952
0.0082736
-0.0038578
-0.0094458
-0.0039691
-0.0052105
-0.0031615
0.0027424
-0.0037538
-0.0059363
-0.0084086
0.0076259
0.0035623
0.0007554
0.0034972
0.0001454
0.0085281
0.0020456
-0.0090831
0.0008248
0.0071194
0.0047832
-0.0009519
0.0087211
-0.0008534
-0.0008915
0.0085231
0.0094833
-0.0013587
-0.0099212
-0.0007664
0.005586
-0.0038205
0.0065715
0.0009123
-0.0032015
0.0001969
-0.0042373
0.0081158
0.0093504
-0.0089547
-0.0032734
