0.0011826
0.0047805
-0.0074298
-0.0045071
-0.0024975
-0.0047807
0.0055561
-0.0055828
0.0047527
0.0079541
0.0090641
-0.0057929
-0.0038667
0.0045712
-0.0026328
-0.0097472
0.0003541
0.0011685
0.0036357
-0.0004449
0.0081327
0.0046155
-0.0014572
-0.0038698
0.0014164
-0.0015252
-0.0033343
0.0073085
-0.0022296
0.0014412
0.008163
0.0016695
-0.008241
-0.0010506
-0.0018797
0.0005938
0.0045562
-0.0034466
0.0022315
0.0028724
-0.0021606
-0.0013922
0.0048892
0.0079651
0.000138
0.0038793
-0.0077457
0.0040665
-0.007994
-0.0004752
0.0032273
0.0002875
0.0052564
-0.0084223
0.006129
0.0066991
0.0013295
0.0089797
-0.0053745
0.0054314
-0.0077968
-0.0076305
-0.0042515
8.84e-5
-0.0095891
0.0008563
0.0089349
-0.0096762
0.0003501
0.0066078
-0.0033363
0.0025786
-0.007852
-0.0045827
-0.0008307
-0.0024963
0.0001113
0.002808
0.0024671
-0.0014193
0.0044133
-0.0062211
0.0008292
-0.0067546
-0.0040479
-0.0019997
-0.0069914
0.0077644
0.0066151
0.0045603
0.0040557
-0.001489
0.0001088
-0.0002789
-0.0063404
-0.00915
-0.0099437
-0.006156
0.0091569
-0.002504
0.0069292
0.0083693
0.0022924
-0.0086918
-0.0030536
-0.0089803
-0.0063245
0.005505
-0.0012201
0.0010562
-0.0085712
-0.0035264
-0.0025967
-0.0029296
-0.0057976
-0.0041181
0.0038185
0.0084261
0.0028956
-0.0076229
0.0018778
0.0092913
-0.0062612
-0.0033441
0.0097169
-0.0050856
0.0039017
0.0009634
-0.0074847
-0.0066507
-0.0087319
0.0006535
-0.0044481
-0.009675
-0.0015095
-0.0055315
-0.0047935
0.0051161
-0.0080261
-0.0047193
-0.0077543
0.0099494
0.0093086
-1.6e-5
0.0001378
0.0040333
-0.000637
0.0042616
-0.003858
0.0004281
-0.0062311
-0.0031422
-0.0090573
0.0023163
-0.0027513
0.0008
0.0099244
-0.0038123
0.0046026
0.0050103
0.0058575
-0.0008279
0.0094039
-0.0036724
0.0051725
0.002776
0.0094223
-0.0055167
0.0023978
-0.0051767
-0.0052132
-0.0012372
0.0015997
-0.002935
-0.0093239
-0.0030941
-0.0018521
0.0076359
-0.0094432
-0.0030342
0.0069562
-0.0082683
-0.0045793
-0.002501
-0.0080045
0.0020384
0.0086133
-0.0053239
-0.00317
0.0089734
-0.0058537
0.0099452
0.0004878
0.0068619
-0.0050854
0.0080348
0.0098265
0.0062224
-0.0014764
0.0020762
-0.0009265
0.004429
-0.0097956
0.0094897
0.0035226
0.0041006
-0.0063418
-0.0040634
0.0014922
-0.0095577
0.0011249
0.0089958
0.0074761
-0.0015363
0.0068212
0.0070403
-0.0038131
0.0081954
-0.007645
-0.006992
-0.0094871
0.0045945
-0.0064357
0.0078253
-0.0059327
0.00474
0.006026
0.0048498
-0.0030204
-0.0024699
0.0050647
0.0064781
-0.0064291
0.0003028
-0.0001087
0.0020979
0.0063639
-0.0023262
-0.0035423
-0.0004166
0.0046945
-0.0066552
0.0076347
-0.0078874
0.0098267
0.0060889
0.0062512
0.0012306
0.0087221
0.0093239
-0.0059767
0.0066474
0.006505
-0.0066299
-0.0083492
0.0097864
-0.0020203
0.0038255
-0.0049031
0.0001765
0.0048507
0.0093265
-0.0019253
0.0030517
-0.001995
0.0002615
-0.0076989
0.0040772
-0.002067
-0.008858
0.0013937
-0.0023406
0.0073635
0.0062989
0.0091471
0.0015745
0.0084242
-0.0072005
0.0077937
-0.0096659
0.0062161
0.0086293
0.0072218
-0.0096953
0.0070791
-0.0042707
0.0023913
0.0063852
0.0058003
0.0056946
-0.005838
-0.0054922
0.0031779
0.0001922
-0.008809
0.009766
0.0076186
-0.0064088
0.0072523
-0.0080906
-0.0086542
0.0066672
-0.0084487
0.0057979
-0.0026002
0.0072022
0.0097233
-0.006257
0.0052351
0.0057305
0.0061012
0.0032641
0.0043874
-0.0067883
0.0074187
0.0063685
0.0038764
-0.0073891
0.0092191
-0.009772
-0.0049156
0.0092477
0.0065166
-0.0064624
-0.0075261
0.0053906
0.0097204
0.0046678
0.0079343
0.0060796
0.0056809
0.0004232
-0.0010379
0.0033871
0.0002482
0.0080931
-0.0080795
0.0041309
0.0095936
0.0013723
-0.0096005
0.006795
0.0017982
-0.0032191
0.0073494
-0.0033436
0.0038822
0.0017902
0.0049199
0.0001309
-0.0057731
0.0041719
-0.0003211
-0.0045779
-0.0033524
0.0083187
-0.0089669
-0.0036888
0.0052618
0.0037727
0.0061489
-0.0059243
-0.0002786
-0.0071929
0.0082479
0.0065208
0.0071601
-0.0078972
0.0045737
-0.000596
-0.0092005
0.0011086
0.0078141
0.0038619
0.0038773
0.0074881
0.001795
0.0004686
-0.0035055
0.0096704
0.000969
0.0033129
0.007323
-0.0001836
0.0042451
0.0054773
-0.0071422
-0.0026936
0.0023445
0.0057086
0.0041968
-0.0078324
0.0080015
-0.0013972
0.003
0.0020973
-0.0085484
0.00431
-0.0018588
-0.0060054
0.0015491
-0.0006936
0.0067717
-0.0023542
-0.000517
-0.0027537
0.0088591
0.0023525
-0.0007839
-0.0039245
0.0020947
-0.0056139
0.0069658
0.0054523
-0.0090388
-0.0038988
-0.0084815
-0.0012355
0.0076507
-0.0013454
-0.0047495
0.0035289
0.0040378
-0.0006372
0.0087168
-0.0022323
-0.0062302
0.0002318
-0.0031003
0.0012895
-0.0051374
0.0023294
0.0076371
-0.0035783
-0.0094145
0.0033785
-0.0099168
-0.009181
-0.0063039
0.0012924
0.00242
0.0082291
-0.0044477
0.0035649
0.0069522
0.0024567
-0.0028604
0.0087216
0.0060446
0.0058405
0.0090996
0.0067331
0.0069332
-0.008034
0.0048375
-0.0056107
0.0064623
0.0047177
-0.0003227
-0.0046448
0.0085604
0.0018634
-0.0096848
0.0045793
0.0020763
0.0021023
0.0045635
-0.0081892
0.0063824
-0.0096818
-0.0085807
-0.0042875
-0.0073418
-0.007241
0.004622
0.0093708
0.0044267
-0.0008544
0.004996
-0.0081863
0.0031243
0.0046537
0.0046928
0.0048551
0.0030463
-0.0047224
-0.0091887
-0.0090683
-0.0016934
-0.0050231
0.0067774
0.0084473
-0.005759
0.0003933
-0.0047613
