-0.0084242
0.0005922
-0.0009462
-0.0054165
0.0087084
0.0072481
-0.0007469
-0.0072625
0.0090166
-3.24e-5
0.0051794
-0.0052673
-0.0013144
-0.0066594
-0.0052316
0.0050689
0.0010185
-0.0005468
-0.0015858
0.0061113
-0.0062811
0.0074943
0.0004374
0.0002587
-0.0027593
-0.006433
-0.0063676
0.001911
0.0058144
0.0049974
0.0067675
0.0006347
-0.008555
-0.0083411
-0.0043209
-0.0033553
-0.0064096
0.0052199
1.72e-5
-0.0062516
0.0034943
-0.0014883
0.0019189
-0.0084944
-0.0002636
0.0022587
0.0057324
-0.0087974
-0.0049956
0.0048776
0.0021778
-0.0082179
0.0057751
-0.0002367
-0.0039372
-0.0045622
0.0040135
0.0048708
0.008853
-0.0020694
-4.09e-5
-0.0001135
0.0008558
-0.0054281
0.0099501
0.0068655
-0.003092
0.0096443
-0.0013801
-0.0021574
0.0076106
0.0088754
-0.0011356
-0.0039203
0.0014693
-0.0090017
0.0047123
-0.0095261
0.0099553
0.0009104
0.0005061
-0.0074733
0.0006399
0.0096892
0.003483
-0.0067658
0.0038738
-0.0033786
-0.00647
0.0012162
0.0054383
0.0077846
-0.0077183
-0.0081401
0.0056645
-0.0024949
0.0086931
-0.0022385
-0.0099566
-0.0026136
0.0091949
0.0021778
-0.0089294
0.0012463
0.0040455
-0.0018402
0.0002902
-0.0015031
-0.0062409
-0.0069671
-0.0035292
-0.0062309
0.0053577
-0.0068198
-0.0085926
-0.00625
0.004149
-0.00328
-0.0038741
-0.0071587
0.0048145
-0.0076703
0.008223
-0.0009987
-0.0024692
0.0072195
-0.0025768
-0.002851
-0.0058302
0.0094372
0.006405
0.0014178
0.0009861
-0.0008218
0.0003459
0.0017902
0.0063235
-0.0079815
0.0037783
0.004179
-0.0045303
0.0007022
-5.77e-5
0.0057229
0.0072893
0.0092048
-0.0051352
-0.0025253
-0.0018244
0.0022193
0.0004318
0.0038014
-0.0077625
-0.0085325
0.0006387
-0.0024448
-0.0042254
-0.0058308
-0.0079685
-0.0019315
0.0013751
0.0083934
-8.28e-5
-0.0016933
0.0040284
0.0074318
-0.0086455
-0.0078838
-0.0093229
0.0058141
0.0021444
-0.0010021
0.0023076
-0.0087226
0.0051518
0.0016547
-0.0027275
-0.0081871
-0.0086377
0.0040633
0.0040566
-0.0071715
0.0079427
-0.0031198
-0.0051677
0.004928
-0.0097819
0.0004098
-0.0041933
-0.0007798
-0.0049644
0.0083962
0.0017521
0.009467
0.0081725
-0.0074048
-0.0091976
0.0029636
0.0072646
0.0077461
-0.0062493
-0.009547
-0.0036969
-0.0079836
0.001173
0.0057675
-0.0034069
-0.0049808
0.0020739
-0.0024021
0.0089385
-0.0021154
-0.000145
0.0077201
0.0002184
0.0005174
0.0081695
-0.0098427
-0.0023517
0.0082841
0.0091127
0.0043946
0.0038396
-0.0097808
-0.0004674
0.0066909
-0.0018299
-0.0028112
-0.004147
0.0050883
-0.0045517
-0.0038748
-0.0032795
0.0064839
-0.0003188
-0.0090048
0.0003639
0.0008911
0.0082258
-0.00285
-0.0009557
0.004959
0.0030025
-0.0082097
0.0044286
-0.0013133
-0.0098004
0.0070916
0.0088066
0.0026202
-0.0057315
0.0049232
-0.0033328
0.0036608
-0.000685
0.0001495
0.0088086
0.0022116
-0.0039791
0.0058716
0.0055738
-0.0086585
-0.0018989
-0.0049636
0.0036579
-0.0023533
-0.0002475
-0.001921
0.0090141
0.0087594
-0.0011887
0.0070884
0.0073543
-0.0076476
0.008383
-0.0079523
0.0080999
0.0004954
-0.0012063
-7.78e-5
-0.0069409
-0.006187
-0.0072381
0.0062838
-0.0016791
0.0059315
0.0080496
-0.0085275
-0.0029767
0.0059702
0.0025477
-0.0025044
0.0049809
0.0066817
-0.0077345
-0.007437
-0.0085921
-0.0070701
-0.009106
-0.0025448
-0.0021464
-0.0075928
-0.0007162
-0.0057151
0.0046053
-0.0046421
0.0035045
0.0076811
0.0026844
0.000474
-0.007209
-0.0051139
0.0020575
0.0042694
0.0043434
0.002836
-0.0075262
-0.0040704
0.0047637
0.0083489
-0.006643
0.0092183
0.0047087
-0.0031141
0.0055527
-0.0080376
0.0085213
0.0055005
0.0081796
0.0043352
-0.0087316
0.0038749
0.0004469
0.0004392
0.0093007
-0.0003885
-0.0022652
-0.0066196
0.001399
-0.0055863
-0.0043596
-0.0026371
0.00931
0.0066985
0.0012912
-0.0014483
0.0033175
-0.0042866
-0.0021733
1.99e-5
0.0070568
0.0079506
0.0004039
-0.0006356
0.0003783
-0.0065172
0.0060544
-0.001999
-0.0050749
0.0019439
-0.0063162
0.0081711
-0.00839
-0.0018809
0.0087079
-0.0072642
0.0075592
0.0023892
-0.0048508
0.0058281
-0.0028983
-0.0001369
0.006742
0.0030322
0.0096161
0.0083782
0.0068688
-0.0012557
-0.0046552
0.0061427
0.0041417
0.0071814
-0.0041017
-0.0083645
0.0028273
0.0084831
-0.0081977
0.0001605
0.0034891
-0.0028198
-0.0063923
0.0079478
0.0012338
-0.0006642
0.0030581
0.000998
-0.0053016
0.0091071
-0.0096109
0.007982
-0.0092679
0.006102
0.0099111
-0.0076414
-0.0070637
0.0033984
-0.003492
0.0069502
-0.0027185
-0.0056244
0.0080712
0.0010613
0.0086844
7.47e-5
0.0098091
-0.0008664
-0.0062688
0.0023714
0.0033234
0.0050156
-0.0042909
-0.004995
0.0004473
-0.0037299
-0.0088131
-0.0006156
-0.0029851
-0.0083644
0.0001024
-0.0072594
-0.0095759
-0.0024105
0.0076026
0.0032869
0.0057274
-0.0018254
-0.000161
0.0002856
0.0014273
-0.0065309
-0.0026817
0.0064835
0.0096173
-0.0075564
0.0032086
0.0033047
0.0088557
0.0081696
-0.0075356
-0.0095949
0.0079269
0.0047778
-0.0045953
-0.0020635
-0.008885
0.0005648
0.0083501
0.0032855
-0.0083664
-0.0024165
0.0037795
-0.0017257
0.0040827
5.36e-5
-0.0091424
0.0053286
0.0014573
0.0038576
-0.0063091
-0.0070462
-0.0080619
0.003324
0.0086937
-0.0083632
-0.0041163
-0.0050004
-0.006989
-0.0046679
-0.0094991
-0.0065545
0.0064385
-0.0020666
-0.0022924
-0.0092035
-0.0088738
-0.0011177
0.0031592
-0.0053044
0.0004657
0.0038518
-0.0037806
0.0026846
-0.0066477
-0.0058255
0.0041314
