-0.0077634
0.0019973
-0.0050372
-0.0088035
0.0032324
-0.0094458
-0.0002851
-0.0038217
-0.0076032
-0.009718
0.0004335
-0.003932
0.0024719
-0.0032513
-0.006087
0.006431
0.0019017
-0.005589
-0.0090354
0.0099886
-0.0046514
0.0062439
0.0014714
-0.0082278
0.0091598
-0.0045064
0.0029924
-0.0002276
0.0004635
-0.0053656
-0.009956
0.0049221
0.0010316
0.0073205
-0.0064295
0.0076167
0.0096761
-3.95e-5
-0.0066614
-0.0032877
-0.0086439
0.0044611
0.0050858
-0.007404
0.0010064
-0.0010017
-0.0030421
-0.006609
0.0002336
-0.0060771
-0.005096
0.0050345
0.0047701
0.001276
-0.006101
-0.0021467
-0.0034746
0.0078222
-0.0017748
0.0029365
-0.0011309
-0.0081436
-0.0019451
0.0059463
-0.0094918
0.0039046
0.0089914
-0.0094368
0.0088446
0.0057112
0.0011995
0.0071037
-0.0019397
0.0030583
-0.0029905
0.001425
-0.0046074
-0.0029994
0.0081263
-0.0052404
-0.0080267
0.0093343
0.0079828
-0.0089331
0.0078218
-0.0016463
-0.0011217
0.0020954
-0.0084012
-0.0037954
-0.0073802
-0.0060355
-0.0082988
0.0016908
0.0084817
0.006905
-0.0093801
0.008169
0.0022947
-0.0048318
0.0048319
0.0087636
-0.0065041
0.0064916
-0.0074339
-0.001401
0.0053089
-0.0019623
-0.0046242
-0.0076845
0.002145
0.0071459
-0.0009872
-0.0002213
0.0051035
-0.0001393
0.0053604
0.0087755
-0.0089231
-0.0037727
-0.000771
-0.0029825
0.0017388
0.0068839
-0.0062539
-0.0084805
-0.0001446
-0.0009325
-0.0020931
-0.0072009
-0.0058408
-0.0021212
-0.0078495
0.0094906
0.0089203
0.0095714
-0.0027056
-0.0089615
0.0001469
-0.0012797
-0.0091489
0.0087442
-0.0055623
-0.0045619
-0.0029662
-0.0065167
-0.0060063
0.0067453
-0.0083302
-0.0017097
-0.0077478
0.000516
0.0087226
0.0051164
-0.0035214
0.0096117
-0.00657
0.0082631
0.0039855
-0.0019265
-0.0070204
0.0083129
0.0076124
-0.0032564
-0.001423
0.0088372
-0.0021612
0.0008227
0.001293
-0.0012861
-0.0049538
-0.0002327
0.0005988
0.0073572
0.0032973
-0.0005521
-0.0090077
-0.0095019
-0.0095873
-0.0010525
-0.0008905
-0.0074708
0.0010475
0.0023787
0.0030062
-0.0087903
-0.0036337
-0.0084798
0.008788
-0.008046
0.0070211
0.0085987
0.0034866
0.0078924
0.0018656
-0.0085436
-0.0093546
0.0051075
0.0004535
-0.0061616
-0.0019407
0.0056972
0.0089112
0.0019277
-0.009878
-0.0019986
-0.0080874
0.0058387
-0.0087233
0.0030394
-0.0086762
-0.0092599
-0.0071991
-0.0029379
-0.007602
0.0025675
-0.0081761
-0.007164
0.0065348
0.0023438
0.0038874
0.0016591
0.0023452
-0.0071668
0.0048089
0.002005
0.0039366
-0.0070218
-0.0062278
0.0065973
-0.0017301
-0.0063214
0.0028987
0.0054184
0.0086364
0.0087304
-0.007064
-0.0041987
0.0046289
-0.0096813
0.0086176
-0.0017944
-0.0022494
0.0044263
0.0006468
0.0015146
0.0044099
-0.0021836
-0.0037269
0.0093952
0.0073001
-0.0055295
0.0089588
-0.0003601
0.0006169
0.0014498
-0.008263
-0.0083407
0.0078793
-0.006443
-0.0088742
0.0027934
-0.0069651
0.006952
-0.0008264
-0.0016323
-0.0089387
0.0083796
0.0061885
-0.0065048
6.17e-5
-0.0053214
0.0021057
0.0015622
0.0048355
-0.00631
-0.0059909
0.0082562
0.0014897
-0.0036804
0.0022333
-0.0049025
0.0098206
-0.008322
-0.004901
-0.0069317
0.0025167
-0.0059754
-0.0055027
-0.0040958
0.0009528
-0.0095794
-0.0084225
-0.0073362
-9.18e-5
-0.0031408
-0.0072618
-0.0030874
0.0053379
0.0028754
-0.0068212
0.0088167
-0.0094105
-0.0056794
0.0054337
0.009442
0.0031608
0.0072219
0.0041792
0.009357
-0.0056784
0.0007361
0.0012405
-0.0017759
-0.0001285
0.0063286
-0.0080929
-0.0057505
0.0040691
-0.0055032
0.0053355
0.0049888
0.0046124
-0.005315
-0.0056721
-0.0006364
9.91e-5
-0.0078736
-0.0085727
-0.0032156
0.0089604
-0.0039188
-0.008736
0.0001666
0.0090012
-0.0049201
-0.0040857
0.0070159
-0.0014884
0.0067005
-0.0015068
-0.0039352
0.0081954
-0.0058627
-0.0049694
0.0032663
-0.0035109
0.0065575
0.0084331
-0.0039172
0.0022638
0.0065028
-0.0033604
0.0058193
-0.0084588
-0.0021008
0.0011183
-0.0031028
-0.0043445
-0.006797
-0.0067665
-0.0058954
-0.0018649
-0.0065049
0.0042903
0.0017296
0.0008079
0.0050459
0.0096945
-0.009618
-0.0064054
0.000134
-0.00394
-0.0095728
-0.0065089
-0.0032736
-0.0089482
-0.0013863
-0.005857
-0.0076615
0.0074666
-0.0035244
0.0098324
0.0083778
0.0034134
-0.0017793
0.0081297
-0.00258
0.0095626
0.003256
0.0088933
-0.0061015
0.0064126
0.003893
-0.0049735
-0.0037343
-0.0058613
0.005807
0.0086776
-0.004372
0.0019215
-0.0053747
-0.0027281
-0.0018682
-0.006027
0.0020705
0.0052408
0.0086853
0.0049026
0.0018912
0.0068696
0.0002925
-0.0024947
0.006546
0.0050875
-0.006805
-0.0058627
0.0088993
-0.0018232
0.0024864
-0.0069391
0.005186
0.0015972
-0.0037202
0.0086602
-0.0072487
-0.0099285
-0.0090706
0.0086861
0.0019493
-0.0009048
-0.0084976
-0.0015431
0.0070742
-0.0081187
0.0001178
-0.0013509
-0.0059831
-0.0068087
-0.0045485
0.0028628
0.0067806
0.00209
-0.0083624
-0.0011344
-0.0007247
0.0040458
-0.0052667
-0.0013432
-0.0007114
-0.0004051
-0.0066653
-0.0005691
-0.0024404
0.0056237
0.0010668
0.0091504
0.0044536
-0.0088133
-0.0093439
-0.0041927
-0.0004742
0.000818
0.0023993
0.0008381
0.0070881
0.0003481
-0.0083689
0.0049013
-0.0029179
0.0073407
0.0053683
-0.0071808
-0.0018451
0.0051539
0.0060933
-0.0059406
-0.0053181
0.0056878
-0.0087324
-0.0045809
0.0050524
-0.0038603
-0.0023566
-0.0046426
0.0016547
-0.0079764
-0.0089676
0.0073558
-0.0095445
-0.0036496
0.0095813
0.0040034
0.0050305
-0.0064543
