-0.0044807
0.0069672
0.0030247
-0.0084973
-0.0069236
0.0051654
-0.0001571
-4.72e-5
0.0075721
-0.0062895
0.0057366
-9.18e-5
-0.0020897
-0.0065937
-0.0028285
-0.0002686
-0.0097786
0.0083084
0.008433
-0.0026623
0.0020475
0.0059625
0.0048257
-0.0035202
0.0098479
-0.0074188
0.0072241
0.0022206
-0.0075494
0.0030997
-0.0061708
0.0018515
0.0076343
0.0059831
0.0032628
0.0039906
-0.0074667
0.0086093
-0.000324
-0.0090113
0.0016156
-0.0002931
0.0050291
-0.0062408
-0.0051409
0.0090133
0.0030381
0.009175
0.0002198
0.0082934
0.0070638
-0.0074087
0.0043633
-0.0064492
0.0048727
-0.0037229
0.009021
-0.0087432
0.0005115
0.009794
0.0079346
0.005505
-0.0098475
-0.0008047
-0.0039908
-0.0083269
0.0008674
0.002063
-0.0055734
-0.0044209
-0.0077312
0.002821
-0.0056547
-0.0072096
-0.0062631
0.0015757
0.0054468
0.007012
-0.0051526
-0.0044589
0.0019594
-0.003055
0.0083199
0.0029624
-0.0091648
0.0013448
-0.00179
-0.0040049
-0.0049172
-0.0071017
0.0050444
0.0073822
0.0037074
0.0045468
0.0071204
-0.009131
7.33e-5
-0.0069171
0.0072877
0.0013706
0.0035984
0.0089263
-0.0071905
-0.0087917
-0.0017733
0.002054
-0.0050391
0.0027515
0.0088114
-0.0096725
0.003254
0.0054007
0.0047783
0.0025539
-0.0061024
-0.0063424
-0.0020441
-0.0091297
0.0057766
-0.0044144
0.004869
-0.00634
0.006518
-0.0058269
0.0070349
0.0043653
-0.0018837
-0.0011001
0.005786
0.006921
0.0052187
0.0015213
-0.0081468
-0.0046235
0.0044595
0.0018464
0.0051841
0.0018297
0.0057104
0.0051343
0.0087032
-0.0008975
0.0045993
-0.0099155
-0.0031888
-0.0095472
0.0046671
0.0082986
0.0041251
0.0087615
0.0038672
-0.0009292
0.0098564
-0.0058848
-0.0014863
-0.0069737
0.0027026
0.0038601
-0.0083041
0.0039264
0.0030992
-0.005507
0.00516
0.0047948
-0.0078317
-0.003372
-0.0080754
-0.0045861
-0.0085424
-0.0006636
-0.0041234
0.0030644
0.0006503
0.0068694
0.0038791
0.0099156
-0.0001328
0.0084199
0.0015879
0.009436
-0.0082673
-0.0028044
0.003009
0.0034167
-0.0098269
-0.0008185
-0.0042632
0.0021717
-0.0079035
-0.0004571
0.0097885
0.0041386
-0.0036112
-0.0026819
0.0064933
-0.0032128
-0.0038595
-0.009163
0.0082952
0.0007478
-0.0085514
0.0043064
0.0025347
-0.0093028
-0.0028257
0.003869
0.0075471
0.0049855
0.0047955
-0.0066019
0.0016499
0.0018188
-0.0096409
0.0091909
0.0019131
0.0017809
-0.0066215
0.0095458
0.0009426
-0.0073299
0.0054775
-0.0069539
-0.0030206
0.0036045
-0.009217
-0.0008734
0.0061161
-0.0044391
-0.007368
0.000525
0.0070492
0.0063477
0.0029785
-0.0096409
-0.0089918
0.0038716
-0.0016106
-0.0042095
0.0067279
-0.0075297
-0.0006715
-0.0023468
0.0066462
0.0050312
-0.0011135
-0.0053299
-0.0053626
-0.003112
-0.006707
-0.007616
0.009836
0.0008351
0.0073837
-0.0006402
-0.0017595
-0.0047404
-0.0053149
0.0086247
0.0001981
0.0033047
0.0016379
-0.0093247
0.0065727
0.0074643
0.0012243
-0.0085382
0.0039261
-0.0009369
0.0092583
0.0011858
0.0089396
0.0027081
0.0054002
-0.0018879
-0.009557
-0.0051752
0.0040049
-0.0004668
-0.0072972
0.0032117
0.0042179
-0.0081913
0.0090547
-0.0041574
-0.0098281
-0.0046803
-0.0099757
0.0001148
0.0096135
0.005458
-0.0036557
0.0067353
0.005303
0.0019398
0.0081977
-0.0050095
-0.0087637
-0.0053186
-0.0079351
8.78e-5
-0.0021693
0.0095816
-0.0042496
-0.0094876
0.0076833
0.0090732
-0.0009414
-0.0090613
0.0043241
0.0005934
0.0037199
0.0020239
-0.0053899
0.0005375
0.008768
-0.000615
-0.003187
0.0086808
-0.0044523
0.0002982
0.0013969
6.82e-5
-0.0065096
-0.0022511
0.0076087
0.0043229
0.0028058
0.0090944
-0.0031777
-0.0089345
0.0032213
-0.0077908
0.0058721
0.008238
-0.0089001
-0.0041917
-0.0080366
0.0066358
0.0075702
0.0082149
0.0029977
0.0009269
0.0061035
0.003888
-0.0081057
0.0050888
-0.0095975
-0.0087147
-0.0041885
0.0077108
-0.0062915
-0.0096353
-0.0038326
-0.0021768
-0.0003066
-0.0009251
0.0075219
-0.0034619
0.0073668
-0.0047196
-0.0040117
-0.0023847
-0.0097931
0.0060765
0.0009585
-0.0098191
-0.0049853
-0.009006
-0.0043926
0.0017539
0.0073319
0.0091682
-0.0076214
-0.0004636
-0.00292
0.0092674
0.0057685
0.0063117
0.0098583
0.0076028
0.0088409
0.0076139
-0.009632
-0.0026233
-0.0024573
-8.54e-5
-0.0087614
-0.0033823
0.0085657
-0.0040327
-0.0070799
0.0043694
-0.0094776
-0.0096407
-0.0005469
0.0075075
-0.0041051
-0.0095824
0.0043484
0.0049429
0.0076619
0.0035576
0.0012532
-0.0022645
-0.002704
0.0037124
0.0056929
0.0011563
-0.0068292
0.0028492
0.0068465
0.0066293
0.0044203
0.0017524
0.007252
-0.0093743
-0.0043073
-0.0090803
0.0041824
-0.0062199
0.005191
-0.0020391
0.0030955
0.0059606
-0.0048075
-0.0060236
-0.0063007
0.0030339
-0.0061697
-0.0064424
-0.0006104
0.00825
-0.0031755
-0.0080184
-0.0077257
0.0078035
-0.0050019
-0.0049969
-0.0054682
-0.0087747
0.0003294
0.0005661
-0.003188
0.0046903
-0.0025954
0.0038083
2.37e-5
0.0008408
0.0029193
-0.0086287
0.0057584
-0.0050247
0.0099829
0.008272
-0.0010942
-0.0047387
0.0018851
0.0046974
-0.0017556
-0.0070647
-0.0053447
0.004719
-0.0094138
-0.0072776
-0.0054336
-0.001627
-0.0066304
0.0041646
0.003263
0.0043364
-0.001881
0.0019587
0.0027175
-0.0056031
-0.0004478
0.0016883
-0.0057619
0.0031565
-0.0075533
-0.0015799
-0.0014412
0.0010565
0.0064336
0.002679
0.001168
-0.0074748
-0.0083694
-0.0030615
-0.0062248
-0.0088811
0.0081323
-0.0066492
-0.0089203
0.0031389
0.0009249
