0.0082167
-0.0088692
0.0025945
-0.0049158
-0.0076235
0.0009872
-0.0063616
-0.0069684
0.0054563
-0.0012816
-0.0076705
-0.0058208
-0.0026996
-0.0033652
-0.0008448
0.0095179
0.0037743
0.0068271
0.0007321
0.0095124
-0.0052202
0.0081374
-0.0042271
0.0017613
-0.0087333
0.0037534
-0.00993
-0.0060315
0.0086587
0.0090839
-0.0080775
-0.0051821
0.0034622
-0.007846
0.0005045
-0.0070532
0.0038117
0.0011342
0.0099974
-0.0014044
0.0040424
0.003484
-0.0073767
0.0036722
0.0050613
0.0065469
-0.0007789
-0.0009995
0.0042929
-0.0090295
-0.0025962
-0.0007535
0.0038108
0.0060807
-0.0002194
0.0023647
0.006089
0.0005191
-0.0063597
0.0042342
0.0022376
-0.0024861
-0.0056563
0.0020479
0.0069731
0.0026806
0.0033501
-0.0007184
0.0068024
-0.0064825
0.0090188
0.0016071
0.0098848
0.0081429
0.0033855
-0.0015532
-0.004653
0.0083603
-0.0071379
0.0096427
0.0027973
0.0010958
-0.0075589
-0.0028788
-0.0082674
-0.0068734
-0.003609
-0.0032973
0.0042583
-0.0005809
0.0058812
-0.004813
-0.0089871
0.0044157
0.0012346
0.0022503
-0.0020764
0.0053913
-0.0031225
-8.57e-5
0.0016721
-0.0038381
0.0085659
0.0049662
0.0026692
0.0080005
-0.0014513
0.0051623
-0.0076561
0.009974
0.0077313
-0.0089586
-0.0051019
0.0019603
-0.0082792
0.0089028
0.0084867
0.0027435
-0.0015335
-0.003931
-0.0073797
-0.0049659
0.0014344
0.0030238
-0.0088168
0.0011186
-0.0057119
0.0058204
-0.0038367
-0.0064152
-0.0067163
-0.0058169
0.0060022
0.0069867
-0.0011698
-0.0007123
-0.0061974
0.0016061
-0.0012323
0.0051705
-0.0024251
-0.0022228
-0.0054905
0.0085558
-0.0073426
-0.0093015
4.28e-5
0.0012954
0.0087277
-0.0056909
0.0066693
0.0007468
0.0090472
0.0091218
0.0052786
-0.0014443
-0.0088435
0.0094874
-0.0094641
-0.0039361
-0.0037159
-0.0067708
-0.002386
-0.0039191
-0.0005555
0.007887
-0.0018259
-0.0085806
-0.0041803
0.0002292
0.0080482
-0.0093593
-0.006968
-0.0016074
0.0064772
0.0013746
0.0072972
0.0095674
0.0014009
0.0068981
-0.0067546
0.0099226
0.0016581
-0.0074263
0.0060554
-0.0050148
-0.006312
-0.0005377
-0.0019164
-0.000644
0.0024033
-0.0075443
-0.0097592
0.0061507
0.0020171
-0.004354
0.0033626
-0.0082428
-0.0024797
0.0050458
-0.0062438
0.001507
-0.006153
-0.0014354
0.0069824
-0.0050178
0.0005509
-0.0001475
-0.004411
0.0043449
-0.0082589
-0.0080858
0.0023556
0.008863
0.005767
7.81e-5
0.0027026
0.0082982
-0.006733
-0.0039572
0.0062439
-0.0045404
0.0063934
-0.0089027
0.0037063
0.0071497
-0.0010532
0.0089135
-0.0068926
0.0073249
0.0075757
0.0026803
-0.0034052
-0.0044107
0.0027815
0.0040287
-0.008134
0.0048126
0.0012664
0.0079663
0.0011936
-0.0073464
-0.0047883
-0.0044015
-0.0072964
-0.0079077
0.0065092
-0.0088725
-0.0054482
-0.0086529
0.0010785
0.0082549
0.0010957
0.0059153
-0.0095027
0.0018958
0.0026368
3.36e-5
-0.0031929
-0.0086807
0.0083864
0.0091049
-0.0002582
-0.0079746
0.0022568
-0.005261
0.0054062
-0.0063437
0.0087614
0.000353
0.0014601
-0.008799
0.0058975
0.0055946
0.0063269
0.0052093
0.0022231
0.0080522
-0.004929
0.0014053
-0.0011181
0.0092564
-0.0047267
-0.002182
-0.0099366
0.0053842
-0.0035943
0.0067124
0.0060101
-0.0020273
0.0009734
0.0033829
-0.0003989
-0.0016719
-0.0050033
0.0057055
0.0066542
0.0021177
0.0039545
-0.0064538
-0.0003798
0.0038802
-0.0041595
0.0051472
0.0024618
-0.0093304
-0.0095472
-0.0055777
-0.00321
-0.0027173
-0.0011757
-0.0074187
0.0098268
-0.0090468
0.0081154
-0.0034827
-0.0038961
-0.0073444
-0.0077679
0.0018087
-0.0053215
0.003062
0.0093604
0.0086031
-0.0053915
0.0078922
-0.0005157
0.0086691
0.004063
-0.0059455
0.0062925
-0.0005295
-0.0030887
-0.0086044
-0.0070277
-0.0099086
0.0085148
-0.009744
-0.0042138
0.0074549
0.009912
-0.00923
0.0064795
-0.0003406
-0.0076373
0.0049742
0.0035886
0.0049788
0.0031182
-0.0055441
-0.0093378
-0.0022676
0.0035415
0.0005011
0.006331
0.0043864
0.0066232
0.009612
-0.0057363
-0.0039041
0.0024666
-0.0091029
0.0021159
0.000638
-0.0083976
-0.0075911
0.000692
0.0016162
0.0033877
0.0039938
0.0035381
0.0088706
0.0034383
0.0067328
-0.0035215
-0.0010162
-0.0036296
0.0045504
0.0050083
-0.0053104
-0.0078017
0.0068034
0.0026187
0.0092405
0.0045246
0.001489
0.0014196
-0.0077103
-0.0050129
0.0084232
-0.0073601
-0.007172
-0.0050701
-0.001081
-0.0067969
0.0032223
0.0066867
-0.0034719
-0.0075478
0.0047826
-0.0057216
0.0088517
-0.0086311
-0.0078255
0.003202
0.0060142
0.0007428
0.0049797
0.0002985
0.0008904
0.000983
-0.0047368
0.0059796
0.0092577
0.0052718
-0.005879
-0.0036367
-0.0081662
0.0023947
-0.0057061
0.009243
-0.0060244
0.0083605
0.0043612
0.0006752
-0.0043462
-0.0073847
-0.0078746
-6.7e-6
-0.0017078
0.0075373
0.0080313
-0.0052826
-0.006707
0.0029066
0.0080733
-0.004056
0.0078743
0.0070616
0.0048828
0.0067479
-0.0009985
-0.0010116
0.0006388
-0.0095125
-0.004724
0.0084565
-0.0004693
0.0035844
0.0023835
0.0007716
-0.0064223
0.0090714
-0.0030848
0.0011648
-0.006431
0.0046988
0.0063959
0.009529
0.0091779
-0.0033284
-0.0065807
0.0058925
-0.0013069
-0.0085306
-0.0035715
0.0018108
-0.0085046
-0.0078277
-0.0064969
-0.007029
0.0070345
0.0045865
-0.0082437
0.000895
-0.001424
-0.0080941
0.0093262
-0.0063384
0.0011737
-0.0079334
-0.0092704
0.0013257
0.0007291
-0.0053321
-0.0014356
0.000281
-0.0041203
-0.0002146
0.0023532
-0.0018426
-0.0003179
-0.0082528
-0.0007701
0.0048109
