-0.0058774
-0.0055336
0.0088993
0.0037854
0.0095576
-0.0050095
0.0003522
-0.0030809
0.0086985
0.0050106
-0.0088151
-0.0080423
-0.0070691
-0.0056681
0.0080781
0.0078055
0.0007437
-0.0086038
-0.0097965
0.0068473
-0.0049882
-0.0024986
-0.005141
0.0046918
-0.0088611
-0.0058526
-0.002717
-0.0089374
0.0029154
-0.0040525
0.0041159
-0.003181
0.0035056
0.0032257
-0.0095198
0.0028243
-0.0020741
-0.000903
-0.0010662
-0.003463
0.0003492
-0.0095096
-0.0058111
0.0045878
0.0023333
0.0082632
0.0051437
0.0030383
0.0081937
0.0015126
0.0070191
0.0098168
-0.0073293
0.0062845
0.0033936
-0.0089424
-0.0042189
0.0022182
-0.0023397
-0.0065153
0.0066384
-0.0088793
-0.00403
-0.0098355
-0.0034583
-0.00699
-0.0072014
-0.0025389
-0.0098462
-0.0061147
-0.0014604
0.0062539
0.0071315
-1.08e-5
0.0084765
0.0016014
0.0038326
0.0093737
-0.0029998
0.0013991
0.0095667
-0.0009128
0.0060904
-0.0049457
0.0019498
0.0030444
0.0025879
-0.0075105
0.0055003
-0.000814
0.003145
0.0080963
-0.0097552
-0.0004172
-0.0047298
-0.0045055
-0.0099676
-0.0037358
-0.0093264
0.0012268
-2.73e-5
0.0061701
0.0056017
0.0010767
-0.0095448
-0.0086925
0.0091499
-0.0085776
0.0024917
0.0010745
-0.0031805
0.0049683
-0.0022874
-0.005383
-0.0034853
0.0067788
0.0056128
-0.0025548
0.0050568
0.0011227
0.0098522
-0.0053921
0.0061263
0.0015338
-0.0065373
0.0028492
-0.0092368
0.0011198
-0.0033043
0.0038293
-0.0011506
0.0079353
-0.0081051
-0.0089641
-0.0034464
0.0053516
-0.0002904
-0.006076
-0.0063578
-0.006091
-0.0079245
0.0089608
0.0043438
0.0095728
-0.0004177
-0.0094188
0.0038658
-0.0033881
-0.0086717
0.0050812
0.0054797
-0.0076215
0.0050856
0.0058885
-0.000577
-0.0057112
-0.000128
-0.0075262
-0.0020856
-0.0011095
-0.0028088
0.0011252
0.0033462
-0.0099524
0.0034116
-0.0084202
-0.0044816
-0.0070557
-0.0067128
0.0080789
-0.0012398
0.001719
0.0005249
7.65e-5
-0.0039644
0.0054001
-0.0098369
0.0017766
-0.0084065
-0.0067739
0.001169
0.0014647
-0.0056665
-0.0009246
0.0007293
-0.0051148
-0.0090122
-0.0050459
-0.0037936
0.0038279
0.0099719
-0.0044578
0.0075982
0.0046902
-0.0010169
0.0010991
0.0050698
0.0042449
0.0086492
-0.0024481
-0.0063648
-0.0060605
0.0087357
-0.0064102
0.0083633
0.0083934
0.0010241
0.0050542
-0.00836
0.000848
0.0089468
0.009131
-0.0085432
0.0042389
-0.0093112
-0.0062821
-0.0071546
-0.001674
0.0083473
0.0079867
0.0076346
0.002053
0.0041014
-0.0002116
-0.0028742
-0.0010232
0.0063005
-0.0080647
-0.0025578
0.0031625
0.0066457
0.0085838
-0.0070014
-0.0007344
-0.0053065
-0.0060663
0.0051716
-0.0056258
0.0016629
0.0058907
0.0022717
0.0027105
-0.005501
0.0007917
-0.0089601
-0.0093754
0.0012987
0.0045899
0.0082351
0.0005061
-0.0023891
0.0059076
-0.0099044
0.0017909
-0.0010416
0.0053655
0.0066645
-0.0068651
-0.0098576
0.0066028
-0.0037973
0.0032177
-0.004187
0.0017771
-0.0099464
0.0088276
0.0005167
-0.0056615
-0.0077771
0.0070003
-0.006098
-0.0006804
0.0012687
-0.0022759
0.009958
-0.0088765
0.0002
0.0054106
-0.0073768
-0.0083305
-0.0093981
-0.0002003
-0.0070701
0.0045146
0.0080265
0.0052373
0.0027568
0.0095191
-0.0005634
-0.0093811
0.0032806
-0.0084593
-0.0021884
0.0067222
0.0028416
0.0062437
0.0049809
-0.0093305
0.0089629
-0.0024976
0.0059992
-0.0053692
-0.0019773
0.0033525
0.0061562
-0.0091977
0.0091017
-0.0059937
-0.0090845
0.0058028
-0.0004319
-0.0021106
-0.0086116
0.0036384
-0.0083267
0.0088087
0.0094012
0.0056484
-0.0017778
-0.0091391
-0.0082833
-0.0020731
0.0039168
0.0071847
0.0003934
0.0024996
0.0066672
0.008903
-0.007272
0.0073108
-0.0068849
0.0019513
0.0053605
-0.0030074
0.0013658
-0.0060292
-0.0027448
0.0012365
0.003321
0.0013768
0.0094665
0.0062293
0.0067722
-0.0076116
-0.0013443
0.0093471
-0.0077542
-0.002617
-0.0045974
0.0002253
-0.0052811
-0.0035693
-6.0e-7
-0.0073737
0.0046606
0.0028004
-0.0016694
0.0030556
-0.0013543
-0.0041679
0.0006845
3.96e-5
-0.0007587
-0.0015942
0.0096316
0.0077579
0.0059779
-0.0028005
0.0090597
-0.0046429
0.0057905
0.003829
-0.0082915
0.0064293
0.0071867
-0.0020444
-0.0044018
0.0015596
-0.0042252
-0.0074389
0.0091685
-0.0016818
-0.0094616
-0.0068326
0.0022882
0.0008991
-0.0066598
0.000453
0.0050667
-0.0062548
-0.0026191
-0.0029971
-0.0049081
-0.0003741
0.008716
-0.0048435
0.0050375
0.0065397
-8.79e-5
-0.0092759
0.0004568
0.0083576
0.0023099
-0.0012225
-0.0060345
7.72e-5
0.0025062
-0.0017444
0.0016142
0.0004314
-0.0016338
0.0076492
-0.0090698
0.0053656
-0.0055838
0.0052535
0.0088442
-9.2e-6
-0.0025235
-0.0054683
0.0036547
0.0007562
-0.0036912
-0.0019577
0.002704
-0.0071653
0.0086218
0.0016543
0.0054804
-0.0050025
0.0060721
-0.0041553
0.0029892
0.0002561
-0.00483
-0.0023462
0.0040801
0.0020702
0.0095349
-0.0098872
-0.0020647
0.0019611
0.005363
0.0011862
0.0041421
-0.0072239
0.006244
0.0006822
0.0048935
0.0059348
-0.0071555
0.0049234
0.0059298
0.0075253
0.0056224
0.0092329
0.0055992
0.008477
-0.0095677
-0.0002709
-0.0010528
0.0061227
-0.0014075
0.0092147
-0.0065303
-0.0064585
-0.0095674
-0.0041015
-0.0089388
-0.0038466
-0.0026668
-0.0027547
0.0074249
-0.0064376
-0.004964
0.0046632
-0.0027015
0.0065441
0.001225
-0.0097387
-0.0080926
0.0043352
-0.0094309
0.0088059
0.0094522
-0.0068735
-0.0012405
-0.0093724
0.006334
-0.0015165
0.0063104
-0.0041073
0.0014988
0.0063554
0.0097972
