0.0072019
-0.0008614
0.0094907
-0.0099673
0.0047375
-0.0010767
0.0045145
0.0087334
-0.0005813
-0.0043235
-0.0064445
-0.0034831
0.0079127
0.0038421
0.0004578
-0.0025956
0.0064264
-0.0058866
-0.0045722
0.0089142
-0.0040715
0.0013558
0.009596
-0.007012
0.0067914
0.0081203
0.0077837
-0.0011766
0.0081109
-0.0063477
0.0012236
-0.0002479
-0.0036333
-0.0030806
-0.007138
0.0014214
-0.0069555
-0.0023258
-0.000547
-0.0084663
0.0023646
0.0030427
-0.0041498
0.0084097
-0.0055569
0.0067036
-0.0065292
0.0083373
0.0018016
0.005919
0.0044317
0.006795
0.0016542
0.0043961
0.0097069
-0.0017581
-3.94e-5
-0.0056747
0.0003344
-0.0099119
0.0093575
0.0024591
0.0007446
0.0094999
-0.0065597
0.0010505
0.0032192
-0.0059812
0.0099373
-0.009868
-0.0090235
-0.0056
0.006537
-0.0011195
0.0040186
0.003548
0.0011896
0.0094056
-0.0077003
0.006496
0.0017328
-0.00137
-0.002875
-6.63e-5
-0.0020191
-0.00309
0.0090969
0.0091488
0.0064692
-0.0028186
0.0001046
-0.0075974
-0.0035427
0.0097815
0.0054566
0.0079333
-0.0091888
-0.0097072
-0.008674
-0.0035681
-0.0066213
-0.0054894
0.008956
0.0049523
0.0008013
-0.0063823
0.0036929
-0.0066807
-0.0080286
0.0019801
0.0058124
-0.0055305
-0.004379
-0.0051815
0.009317
-0.0088527
0.0042873
-0.0023541
-0.0070741
-0.0020525
-0.0045263
0.0087425
-0.0073071
0.0016438
0.0050336
0.0097463
0.0059081
0.0062574
0.0049659
0.006336
-0.0073877
-0.0077139
-0.0098969
-0.0021116
-0.000325
0.0045556
-0.0042788
0.0073256
0.0076471
0.006429
-0.0015407
0.0006287
0.0002709
-0.0008693
0.0050455
0.0094632
0.0085699
-0.0070211
0.0032098
-0.0015099
0.0068891
0.0062542
0.0018531
0.0019165
-0.0048025
0.0071111
0.0025218
0.0019668
0.0085645
-0.0079243
0.007202
-0.000436
-0.0057477
0.00953
0.004579
-0.0069426
0.0072964
-0.0067884
-0.0030616
0.002268
-0.0010814
-1.17e-5
-0.0042853
-0.0065832
-0.0047385
-0.00499
-0.0035435
0.0091536
-0.0024105
0.0059219
-0.0052061
0.0014414
0.0042184
0.0074508
0.0063565
0.0064667
0.0052037
0.004535
-0.0020624
-0.0098048
-0.0077812
0.0066996
-0.0055444
0.0046076
0.0094449
0.0098764
0.0045043
0.0072277
0.0051619
0.0040019
0.0093261
-0.0062927
-0.0008255
0.0061474
-0.0073163
0.0083375
0.0066354
-0.001222
-0.0067682
0.0024402
-0.0066684
-0.0034742
0.007283
0.0042234
0.0003635
-0.0085432
-0.0073107
-0.0088327
0.0002971
0.0021315
-0.0034604
-0.0035738
0.0040017
-0.0067399
0.0094179
0.0019687
0.0020176
-0.0001147
-0.0031775
0.0057733
-0.0048185
-0.0011063
-0.0094594
0.0092802
-0.0048143
8.5e-5
-0.0018362
-0.0059492
-0.0086069
-0.0007358
-0.0095603
-0.0095599
-0.0042659
0.0058957
-0.0062984
0.0009677
-0.0035199
0.0028468
-0.0083941
-0.0033674
-0.0030524
0.0076475
-0.0049384
-0.0028728
0.0065595
0.0068058
0.0075534
0.0035546
-0.0076029
-0.0035212
0.0006874
0.0038878
0.0044061
0.0030003
0.0041031
-0.0059637
0.0082386
0.0083151
-0.0080286
0.0038278
0.0052186
-0.0021506
-0.002848
-0.0081842
-0.0041772
0.002536
-0.0002185
-0.00826
0.0095159
-0.0020949
-0.0009587
-0.0015757
-0.0027173
0.0033986
0.0099507
-0.008749
-0.0006311
0.0024056
0.0045658
-0.0082921
-0.0098183
-0.0007939
-0.0006571
-0.0087933
-0.008435
0.006145
0.0085307
0.0025141
0.0015455
-0.0038145
0.0068808
0.0065215
-0.0007596
-0.0007523
0.0027116
0.0081571
0.0036163
-0.0071708
-3.39e-5
0.0096689
0.0040026
-0.0083914
0.008392
-0.0016775
0.0034518
1.92e-5
0.0013944
0.0061345
0.0055507
0.0006327
0.0022826
-0.0036
-0.000207
0.0092398
-0.0014237
-0.0074501
0.0064669
0.0076696
0.0053926
-0.0011615
0.0090484
0.0095111
0.0063905
-0.0022404
0.004965
-0.0021563
0.001281
-0.0042605
-0.0027389
0.0056768
0.0030672
-0.0055824
0.0007185
-0.0027219
-0.0080363
0.0015195
-0.0007898
0.0048177
0.0022651
-0.0059335
0.0099442
-0.0020977
-0.0026611
0.0038732
-0.003874
-0.0045085
-0.0073295
0.0015821
-0.0086485
-0.002133
0.0001473
0.0085372
0.0021436
0.0094682
-0.0039945
-0.0093945
-0.0050338
-0.0051315
-0.0073044
0.0092608
-0.006541
-0.0047446
0.0028223
-0.0010352
0.0085694
-0.0055113
0.0091886
-0.0019725
0.0013144
-0.0035391
-0.0080124
-0.0038471
0.0047031
-0.0078898
0.0022612
0.0020224
0.0028581
0.0037115
-0.0089451
0.0095793
0.0017772
0.0012534
0.0093523
-0.0039275
-0.0082136
-0.0047843
-0.0045104
-0.0037773
-0.0079888
-0.004416
0.0013787
0.0076345
-0.0092094
0.0094155
-0.0013899
0.0060091
-0.0017886
0.0028209
-0.0031748
-0.007265
-3.59e-5
0.0066948
0.0037849
0.0028985
0.0066399
2.55e-5
0.0083084
-0.0017683
-0.0079258
0.0068196
-0.0061967
0.0047484
-0.0082669
-0.006439
0.0091226
-0.0073548
0.0067424
0.0077717
0.0020291
0.0098365
-0.0071783
0.0077839
-0.007253
-0.0090312
-0.0048719
-0.0080356
-0.0080575
-0.0032009
-0.0048691
8.71e-5
0.0081441
-0.0048467
-0.0006285
0.0095503
0.0043177
-0.0055882
-0.0033237
-0.0054222
0.0080308
-0.0032757
0.0044731
-0.0031848
-0.0002871
0.0078158
0.0013673
-0.0028358
-0.0085507
0.0037547
-0.0066754
0.0083566
0.0070664
0.0027983
-0.0031723
-0.0068381
0.0043
-0.002496
-0.0081838
0.0045781
0.0087035
0.0019319
0.0055708
0.007943
-0.0013567
-0.0044542
0.0037142
-0.0077771
0.0021533
-0.001447
0.0024246
0.0002277
-0.0079943
-0.0056434
0.0081401
0.0034952
0.0037483
0.005288
-0.0083392
0.0075863
0.003738
-0.0002534
0.0060103
0.0092099
-0.0073529
0.0087915
-0.0069432
