0.002581
-0.0025364
0.0068839
0.0055359
-0.0086176
0.0013
-0.0049578
0.0025465
9.11e-5
0.002747
0.0031248
0.0014296
0.0006299
-0.0087104
-0.0022719
-0.0096706
-0.0047131
-0.0010227
0.0094674
0.0026686
0.0011812
-0.0096406
0.0064412
0.0028647
0.0070847
0.0014536
-0.0047937
-0.0065018
0.0024625
-0.0017014
-0.0007226
0.0
-0.0027135
0.0077269
-0.0087205
0.008654
-0.0007194
-0.009121
-0.0057145
0.0077587
0.0050464
0.0030718
-0.0080781
-0.0006305
0.0001786
0.0010194
0.0061826
-0.0042937
0.0021514
0.0048889
-0.0008759
0.0042276
0.0075573
-0.0096242
-0.0086057
-0.0008829
0.0040694
-0.0094706
-0.006862
-0.0018153
0.0016093
0.0081045
-0.0022365
0.0017368
0.0069514
0.0071512
-0.0088313
-0.0014934
0.0035864
0.0082963
-0.0061226
-0.0059396
-0.0030706
-0.0074974
-0.0022661
0.0096891
0.0050924
0.0013297
-0.0051024
-0.0032947
0.0038391
0.008293
0.0038958
-0.0070766
-0.0039748
-0.0071287
0.0070586
-0.0011499
-0.0096928
0.0058496
0.0067826
0.0002216
-0.0048238
0.007663
-0.0099358
-0.0030797
-0.0020995
-0.0075223
-0.0085495
-0.0082675
0.009203
0.0081415
-0.007958
-0.0034129
-0.0066236
-0.0053295
0.0042183
0.0014288
-0.0097931
0.0073134
0.0070395
0.0031145
0.0051565
-0.0022238
0.0051675
-7.97e-5
-0.0075485
-0.0036678
-0.0010451
0.0004061
-0.0041634
0.0027791
-0.0060802
0.0083347
-0.0082392
-0.0005706
0.0021481
0.0022671
-0.004878
0.0036996
0.0016996
-0.0074477
-0.0086854
-0.002892
-0.001074
0.0033167
0.0051147
-0.0018656
0.0044523
-0.0089607
0.0089583
0.0085698
-0.0041528
0.0083221
0.0032527
-0.0053268
2.74e-5
0.0044564
-0.004933
0.0092311
0.0054905
-0.0031174
0.0035229
0.0077919
-0.0036597
0.0032773
0.006423
0.001786
-0.0051665
0.0055494
-0.0008812
0.0035493
-0.0071944
0.0017078
-0.0026251
0.007019
0.001344
-0.0001681
-0.0004656
-0.0087897
-0.003989
-0.0058576
0.0045888
0.0041423
0.0065026
0.0088342
-0.0062789
-0.0023868
-0.0056662
-0.0009205
0.0044324
-0.0067179
0.0081909
-0.0049822
-0.0033939
0.0084116
-0.0044338
0.0004115
-0.0062449
0.0074921
-0.0015346
-0.0057515
-0.0011381
-0.0046794
-0.0073843
-0.0094565
-0.0040782
0.0032872
-0.0059369
-0.0035812
0.0079896
0.0042006
0.0041123
0.0071122
0.0061032
0.0040861
-0.008986
0.0046823
-0.0080795
0.0011238
-0.0021138
0.009739
-0.0062025
0.0075634
-0.0003573
-0.0089316
-0.0079109
-0.0006057
-0.0023662
-0.0010517
0.0053846
-0.0006503
-0.0023624
0.0082696
0.0043335
-0.0043698
0.0058171
-0.0042035
0.0032484
-0.0094938
0.0028717
0.0028359
-0.0041537
-0.00761
-0.0082542
0.0072454
0.0063363
-0.0012011
0.0021465
-0.0023244
0.0020622
-0.0092218
0.0039701
0.0087755
0.0003406
0.0030837
-0.0051995
0.0014958
0.0086885
0.00921
-0.0006497
0.0077379
0.0016242
-0.0050464
0.0032185
0.0088385
-0.0037474
-0.0043148
0.0074736
0.0091531
-0.0022324
6.24e-5
0.0095632
0.0062183
0.0032916
0.0036984
-0.0073482
-0.0037604
-0.0012334
-0.0009795
-0.0070529
0.0048865
-0.0066439
0.0072465
-0.0030873
0.0065297
-0.0082383
0.0065806
-0.0080921
-0.0052435
0.0054363
0.0008997
-0.009354
0.0031666
-0.0030099
-0.0043296
0.0032284
0.0071201
0.0073765
-0.0078508
-0.0063818
-0.0094795
0.0010428
0.0042417
-0.0003311
0.0014223
0.0040809
-0.0068258
-0.0087231
0.008728
0.0035525
-0.00568
-0.0010552
-0.0035458
-0.00941
0.008466
-0.0020867
0.0046193
0.0099967
0.0019926
0.008467
0.008509
-0.0073969
0.0035745
-0.009717
-0.0068481
-0.0086004
-0.0097734
-0.0084627
0.0010613
-0.0091193
-0.0097084
0.0079405
-0.0060759
-0.0021599
-0.0004624
0.0001823
-0.0034082
0.0087627
0.0023429
0.0064442
0.007875
0.0066221
-0.0071267
-0.0051302
0.0088995
-0.0072526
0.005435
-0.0060984
-0.0091663
0.0031712
0.0064723
0.0006419
0.0059221
-0.0040106
0.0025434
-0.0094921
-0.0052544
0.0061709
0.0041972
0.0094171
0.0035964
-0.0035867
-0.0064648
-0.0082143
0.0085825
0.007242
-0.0025129
-0.0062923
0.0071055
-0.0094445
-0.0018529
-0.0028179
0.0086836
-0.0048895
0.0088042
-0.005861
-0.0078288
-0.0087074
0.0083375
-0.0024848
-0.007652
0.0039979
0.0087734
-0.0082753
0.0073794
0.0091489
0.0045115
0.0089168
0.007726
-0.0095544
0.007217
0.0036176
-0.001049
0.0003105
0.0094496
0.0061082
0.0082922
0.0008447
-0.0009192
0.0045197
0.0021762
-0.0019544
0.0033258
0.0088598
-0.002524
0.0051351
0.0030788
0.0062131
0.0062459
0.0027388
-0.0054606
0.0070905
0.0075777
-0.009026
0.0005392
-0.0092012
-0.0086594
-0.0030071
-0.0074994
0.0049185
0.0057877
-0.0065671
-0.0017684
0.0029396
-0.0087207
0.0077802
0.0024398
-0.0026529
-0.0060554
0.0032578
0.0030264
-0.0016622
0.0008932
0.0018941
-0.0047427
-0.0084691
-0.0007796
0.0036068
-0.0075555
0.0026813
-0.0084929
0.0069855
0.009963
-0.009604
-0.0034034
-0.0022027
-0.001366
-0.0083418
0.0066017
-0.0043805
-0.0066234
-0.001324
0.0029222
-0.0047615
-0.0063974
0.0007229
-0.0060134
0.0035969
0.0035467
-0.0086647
0.0019185
-0.0006006
0.0078806
0.0011847
-0.007409
-0.0011506
-0.0044249
0.0060279
0.0050094
-0.0058592
0.0011843
0.0026498
-0.0031174
0.0011331
-0.0017605
0.0096936
-0.0077476
-0.0010231
-0.0015079
0.0014928
-0.0072371
-0.0086064
-0.0063389
0.0098812
-0.001607
-0.0090377
0.0033892
0.0098613
0.0008088
-0.0088798
-0.0076189
0.0065512
0.0016147
0.0022834
-0.0062209
0.0026511
0.0087763
0.0010483
-0.0059242
-0.0072866
-0.0096337
0.0088198
-0.0078174
0.0001896
