-0.0037097
-0.0047787
0.0053073
0.0068564
0.003257
-0.0052509
-0.0034167
-0.0079307
-0.0027963
-0.0042972
0.0022292
0.0011452
-0.0045864
-0.0026039
0.0026626
-0.0040486
-0.0018974
-0.0028095
-0.0011034
-0.0085876
0.0038693
-0.0013956
-0.0029411
-0.0062512
-0.0082671
0.004052
-0.0082918
-0.001336
0.0066269
-0.0040118
0.0056704
-0.0062479
0.0030032
-0.0029108
-0.0043913
-0.0093236
-0.006234
0.0044726
-0.005615
0.0086762
0.0036643
0.0020673
0.0015985
-0.0025283
-0.0016211
0.0036919
-0.0033566
-0.006255
0.0026666
-0.0012331
0.0051154
-0.003535
-0.0094624
0.0019636
0.0079399
-0.006006
-0.0044968
0.009399
-0.007205
-5.05e-5
0.0038728
-0.0095311
-0.0099802
-0.0055932
-0.0030382
-0.0031276
-0.0052684
0.0045749
0.0031571
-0.0007853
0.0048691
-0.0089215
-0.0051296
0.0001628
0.0099525
0.0079661
-0.0052326
0.0069804
-0.0004524
-0.0071855
0.0077744
0.0032594
0.0024338
0.0068582
-0.0028424
0.0008312
0.0031165
-0.0029187
-0.0009965
0.006095
0.0039149
0.0044436
0.0018332
0.0042197
0.0087401
0.0065707
0.0073687
0.0023086
-0.0032799
0.0065388
-0.0061803
0.0079119
-0.0083445
0.004308
0.0008924
-0.008377
-0.0087217
0.0040702
-0.0046721
0.0001885
-0.0089264
0.0077521
-0.0081052
-0.0087868
-0.0044441
0.0037066
0.0070797
0.0022338
-0.0086056
0.0063159
-0.0081651
-0.0036964
0.0032237
-0.0036884
-0.006667
-0.0071107
-0.0025468
-0.0079096
0.0027665
0.0016507
-0.0070485
-0.0052176
-0.001046
-0.0024202
0.0077331
-0.0041633
-0.0052031
0.0061334
-0.0047177
-0.0082462
0.003993
0.0012758
0.0007996
-0.0028938
0.00273
0.000744
-0.0065208
-0.0094655
0.0051641
0.0056149
0.0051983
0.0071292
0.0036779
0.0085665
0.0072153
-0.0048003
0.0036207
0.0029601
0.0028056
-0.0040799
-0.0055282
0.0081246
0.0061247
0.0017711
-0.0028513
0.0009918
0.0095881
0.0026211
0.0012677
0.0077584
0.002081
0.0070885
-0.0068165
0.0096618
0.0076537
0.0056112
-0.0092166
-0.0068957
-0.0005122
-0.0002391
-0.00505
-0.008522
-0.0019806
-0.0064879
0.001146
-0.0039538
0.0032374
-0.0007101
-0.0088676
-0.0003015
0.00304
-0.0068108
-0.0040921
-0.0054173
-0.0096584
-0.0030147
0.0017754
0.0052903
0.0091049
-0.0049715
-0.0057014
-0.0072945
-0.0010787
0.0002675
0.0044123
-0.0021205
-0.0012036
-0.0036102
-0.0056809
0.0041981
0.0088543
-0.0032866
-0.0071327
0.0064853
0.0028146
0.0006503
-0.0096981
0.0049239
0.0073158
0.0060682
-0.0032328
-0.0099776
-0.0093109
0.0012718
-0.0056772
-0.008658
0.0019976
-0.0073335
-0.0065283
0.0045584
0.0097281
-0.0032167
-0.0090827
-0.0022975
-0.0090561
-0.007715
-0.008276
-0.0026447
0.0002646
-0.005981
0.0024835
-0.0019436
-0.0032984
-0.0001801
-0.0023421
0.0088451
0.0048772
-0.0063224
-0.0061902
0.0038288
0.0005681
0.0060981
0.0079377
-0.0033921
-0.001005
0.0057161
0.0065137
0.0069465
0.0063975
0.0055053
0.0083829
0.0093476
-0.0043135
0.009179
0.0026623
-0.0054238
0.0098056
-0.0050841
0.0015034
-0.0035616
-0.0042343
0.0080895
-0.0058257
0.0043378
-0.0088625
-0.0085574
0.0094413
0.0001672
-0.0077744
-0.0009692
-0.0073893
-0.0016199
0.0050059
0.0041291
-0.0082283
0.0035581
-0.0036943
0.0067662
-0.0078761
0.0067013
0.0010968
0.0038638
-0.0005842
-0.0039359
0.0088395
0.0048123
-0.0080839
0.0099517
-0.0010085
-0.0019984
0.0003892
-0.0095641
-0.0029513
0.0080508
0.0042376
0.007583
0.00616
-0.0020805
0.0095773
-0.0051717
0.009077
0.0017465
-0.0087439
-0.0046643
0.0084784
0.0036491
0.0068495
0.0006689
-0.0069477
0.0064514
0.0016183
-0.0046094
0.0094041
-0.0027667
-0.0036311
-0.0020791
-0.0072278
0.0003954
-0.0046277
0.0090972
0.0028981
-0.0076336
-0.000212
-0.0092627
0.0017598
-0.0049839
-0.0053829
0.0094515
0.0001735
-0.0005911
0.0041544
-0.0093042
-0.0077786
0.0048283
-0.0055086
0.0022199
0.0020413
0.0039729
0.0048837
-0.0047208
-0.0004585
0.0007695
0.0090794
0.0034052
-0.0017563
-0.0096511
-0.0082574
-0.0063416
-0.0026398
-2.5e-6
0.0072725
-0.002004
0.0031952
-0.0048935
0.0095619
0.0015646
-0.0096624
-0.0026667
-0.0039477
-0.0087962
0.0054027
-0.009083
0.0029889
-0.0093728
-0.0024726
0.0074944
-0.0040369
0.0094815
-0.0053332
0.0017526
0.0036749
-0.0063697
-0.0019722
-0.004435
-0.0013413
-0.0097382
-0.0030984
-0.0066363
-0.000745
0.0096511
-0.0029567
0.0055685
0.0005828
-0.0042937
0.0044499
0.0002349
-0.0028159
0.0045303
-0.0008016
-0.0050266
0.005067
-0.0029472
-0.000134
0.0097021
-0.0028119
0.0095889
-0.0016716
-0.0088426
-0.0028635
-0.0015631
-0.0066185
-0.0055724
-0.0002205
0.0036975
-0.009209
-0.0020206
-0.0024803
-0.0097754
0.0074076
-0.0059527
-0.0083135
0.000766
0.0001695
-0.003671
0.002752
-0.0055663
0.0024186
0.0008494
0.0071228
-0.0096353
-0.003321
0.0046715
0.0010689
0.0048534
0.006647
0.00433
-0.0088174
-0.0053026
0.0058876
0.0047957
-0.0098699
-0.0020485
0.0015264
-0.0085755
-0.0029586
0.0008806
-0.0050125
-0.0061246
0.0012234
0.0007079
-0.0069255
-0.0011072
0.0046987
-0.0071324
-0.0072063
-0.0008896
0.0086824
0.0069012
0.0022636
-0.0042963
0.0006
0.0082257
0.0006157
0.0064049
0.0084152
0.0012925
-0.0064363
0.0018059
0.0032088
-0.0027733
-0.0023014
-0.0073401
0.0060458
0.0063329
0.0019751
-0.0097157
-0.0017832
-0.0021245
0.0091762
0.0031228
-0.0013957
0.0015315
0.0024343
-0.0028573
0.00173
-0.0020437
-0.0016644
-0.0074616
-0.0023612
-0.0091955
-0.006058
0.0058381
0.0095409
0.0004186
-0.0086869
