-0.0085769
-0.0068245
-0.007881
0.007046
0.0047395
-0.0008952
0.0024574
-0.0009707
0.0018721
-0.004159
0.0062431
0.0086733
0.0088969
-0.0032154
-0.0099785
-0.00485
-0.0049541
0.0034711
-0.0007119
-0.0079143
-0.0023655
-0.0007062
-0.0054591
0.0025745
-0.003467
0.0030449
-0.0084589
-0.0098383
0.0086743
0.0022412
0.0039271
0.0059697
-0.0059412
0.0083288
-0.0005754
-0.00636
-0.0081316
0.0042427
-0.0022978
-0.0066802
0.0049244
0.0027432
0.0084713
0.0080097
0.0031917
-0.0016653
0.0011016
-0.0083713
-0.0082174
0.0011954
-0.0069265
0.0012952
0.0022429
-0.0064403
-0.0054647
0.0027312
-0.0011656
0.0070849
-0.0088578
-0.0005298
-0.0025215
-0.0078722
0.0043115
0.004267
0.0025303
0.0040066
-0.0008738
-0.0042147
-0.0078876
-0.00308
0.0027517
-0.0095994
-0.0093681
-0.0089762
-0.00698
-0.0068698
-0.0068154
0.0059293
-0.0066115
-0.0088561
-0.0071451
0.005768
0.0024465
0.0077456
0.0076458
-0.0007102
0.0067932
0.0058524
0.0029647
0.0091876
0.0056834
-0.0038671
-0.005416
-0.0005576
-0.0097726
-0.0040844
-0.0037511
0.0043103
0.0074218
0.0017374
0.0088246
-0.0097671
-0.003958
0.0002785
0.008399
0.0073564
-0.0068362
-0.0050499
-0.0033049
0.0073931
0.0085187
-0.0071802
0.0088935
0.0091428
-0.0081131
0.002639
0.0062726
-0.008263
0.0037505
0.0012107
0.0090123
0.0049275
-0.0052324
0.007983
0.0037379
-0.0075132
-0.003459
0.0026309
0.0008855
0.0021281
0.0018688
-0.0025304
-0.0002168
-0.0019851
-0.0095528
0.0014621
-0.0004377
0.0091514
0.0059523
-0.0013999
0.0080242
-0.0031365
0.0006013
-0.0063462
-0.0082319
-0.0018943
-0.0087459
-0.004973
0.0010358
-0.0085114
-0.0094039
-0.0065837
-0.0075255
0.0011411
-0.0019756
-0.0023579
-0.0097311
-0.0094322
-0.0028806
-0.0022006
0.0079869
0.0096946
-0.00086
-0.0068889
-0.0043701
-0.0094722
-0.0063363
-0.0034232
0.0017961
-0.0068335
1.4e-5
0.0006571
0.0016155
-0.0060571
0.0059117
0.0072613
0.0057238
0.0072296
0.0016005
-0.0091076
0.0010877
0.0011081
0.0038072
-0.0030697
0.0008939
-0.003433
-0.0036943
-0.0020387
0.0084672
0.0011919
5.24e-5
-0.0040316
0.0076744
-0.0075596
0.0071888
0.0063823
-0.0077891
-0.0053301
0.0019298
-0.0095513
-0.0046848
0.0098267
-0.0028558
-0.0058112
-0.0086913
0.0093298
0.0029794
-0.007555
-0.0046738
0.0024296
-0.0092966
-0.0044524
0.0047117
-0.0065648
0.0086556
0.0029586
-0.0081463
-0.003621
-0.0096626
-0.0077368
0.0062818
0.0007906
-0.0061076
0.0064333
-0.0085961
-0.0033015
-0.0001825
0.0079824
0.0082973
0.0008423
-0.0091105
0.0069419
-0.0087093
-0.0029951
0.0026367
-0.0021891
0.003662
-0.0072181
-0.009358
-0.0071332
-0.0002496
0.0038589
-0.0021091
-0.000797
0.0061087
-0.0085137
0.0047484
-0.0062592
0.0057533
-0.0091187
0.0040006
-0.0074731
-0.0080649
-0.0070588
0.0038963
-0.0007494
-0.0008631
0.0070017
0.0053153
-0.0014629
-0.0079269
0.0093578
0.0001462
0.0085681
0.0040958
-0.0059376
0.0063716
-0.0030304
-0.004316
-0.0038266
0.0090632
-0.0010761
0.0005247
-0.0044571
-0.0044545
-0.0028196
-0.009256
0.0006589
0.0061123
-0.0055447
0.0053948
-0.0047197
0.0094379
-0.0037784
0.0097003
0.0001698
0.0006657
-0.0068624
-0.0046925
-0.0075437
0.0037302
-0.0057787
-0.0019313
0.009919
0.0057076
0.0085287
-0.0074207
-0.0050185
-0.0088327
-0.0010713
-0.0082119
-0.0071934
-0.0035866
0.0094833
0.0056422
0.0055786
-0.0067737
0.0043532
-0.0099725
0.0014594
0.0078004
-0.0001477
-0.0064528
0.0057356
-0.0041659
0.0077936
-0.0001791
0.0062907
0.0071372
-0.0043943
-0.0015703
0.0013763
0.0032385
0.0076262
0.0093316
0.0055768
0.009734
-0.0074997
0.001528
0.0001831
-0.0094327
0.0018235
0.0002149
-0.0020566
-0.007019
-0.0002164
-0.0064146
-0.0077874
-0.0065797
-0.0082886
-0.0034604
-0.0083921
-0.0069491
0.0039925
0.0015007
0.00804
0.0072021
-0.0026682
0.0008793
0.0092374
0.0012466
-0.0047989
-0.008473
-0.0036689
0.009674
-0.0059899
0.0037541
0.0092128
0.0035944
-0.007291
-0.0019891
-0.0037922
0.0017331
0.0037375
-0.0050429
0.0060933
-0.005236
0.0042115
-0.0085302
-0.0041363
-0.0006859
-0.0012033
0.000166
0.0095822
-0.0070663
-0.004354
0.0067442
0.0015634
-0.0044287
0.0020439
0.0048864
-0.0057961
-0.0059257
0.0090304
-0.0055082
0.0002512
-0.0092194
0.0006197
0.0020051
-0.0010131
-0.0088616
-0.0068891
-0.0014809
-0.0049764
-0.0068998
-0.0015654
-0.0075276
-0.0072144
0.0080712
0.002106
-0.0017979
-0.005883
0.0022317
0.0042603
-0.0060741
0.0075269
0.002647
-0.0093336
-0.0087995
0.0042442
-0.0010993
-0.0085395
-0.0035213
-0.0054644
-0.0038466
-0.0050803
-0.007408
-0.0069934
0.0049379
-0.0071138
-0.0054094
-0.009826
0.0076805
-0.007172
0.0079243
0.0026314
0.0079729
0.0054794
-0.008711
-0.0076016
-0.007606
0.0013334
-0.0089522
-0.00538
-0.0043625
-0.0092675
-0.0074304
0.0011851
0.0068167
0.0018722
0.0062307
-0.0063857
0.0011548
0.0052654
0.0047209
0.0069227
0.0023619
0.0034559
-0.0069219
-0.0076399
0.0004437
0.0085068
0.0020578
-0.0090036
-0.0071056
-0.0081314
0.0068861
0.0008509
-0.0027935
-0.0072736
-0.0004439
-0.0083393
-0.0020077
-0.0069852
-0.0083235
-0.0086501
0.0013911
-0.0007667
0.0093597
-0.0086623
0.0084427
-0.0004452
-0.0010222
0.0081566
-0.0089235
0.0040054
-0.0074948
0.0020902
0.0043636
0.0031518
0.0048482
0.0064147
0.0028508
-0.0084572
-0.0051124
-0.0018352
-0.0038664
-0.0034838
-0.0037896
0.0048268
-0.0048833
0.0018562
-0.002571
-0.0045238
-0.0014849
