-0.0053511
-0.0042305
-0.009318
0.0067009
-0.0031844
-0.0096583
-0.0063017
-0.0046892
0.005989
-0.0086657
0.0051039
0.0017985
-0.0082636
0.0060906
0.006008
0.0091059
-0.005434
-0.0028645
-0.0048695
0.0040104
0.0036137
-0.0009986
0.0070361
0.0009879
0.0022535
-0.0050644
-0.0012763
0.0070081
0.0022812
-0.0006664
0.0025211
-0.0035188
-0.008432
-0.00337
-0.0003957
0.0066403
0.0027134
-0.0042264
-0.0032343
0.0020733
-0.0064964
-0.0097713
0.0018586
-0.0076441
-0.0053504
-0.0075984
-0.0064219
0.009548
-0.00243
-0.0060546
-0.0094851
-0.008048
0.0097082
-0.0031426
0.0019481
-0.0014925
-0.0038223
-0.003389
0.0094886
-0.007438
-0.0042964
-0.0075617
-0.0043151
-0.0035244
-0.0051773
-0.0030445
0.0043323
0.003492
0.0003663
-0.0069769
0.0084686
-0.0086872
0.0014863
0.0068007
0.0074725
0.0083192
-0.0039829
0.0099663
-0.0080079
0.0087691
0.0013228
-0.0069952
0.003575
0.0001654
-0.0033312
-0.0070598
0.008971
0.0089691
0.0034289
-0.0002619
-0.0003436
-0.0056351
0.000553
-0.0007131
-0.0006054
-0.0020738
-0.0003428
0.0016137
-0.0016595
0.0024781
0.0073853
0.0022608
-0.0026531
-0.0051607
-0.0013809
0.0022907
0.0068002
0.0061783
-0.0044555
0.0070047
0.0080618
0.0035232
0.0030698
-0.0078557
0.0076345
0.005888
0.0032363
-0.0094725
-0.0054101
0.0054739
-0.0025206
-0.0038588
-0.0072268
0.0093743
-0.0076979
0.0056189
-0.0041403
0.0045573
-0.0059582
-0.0030845
0.0080275
-0.0039044
0.0036605
0.0013185
0.0012187
0.0034319
-0.0073563
-0.0074948
-0.006534
0.0003599
-0.0080623
-0.0014154
0.0093506
-0.0098507
0.0096327
-0.0018009
-0.0040575
0.0020972
0.0081961
-0.0025157
0.0002548
0.0098066
-0.0084022
-0.0037114
0.0010129
-0.0086283
-0.0039144
0.0013569
0.0051049
0.005114
-0.0027299
-0.0087999
-0.0098128
-0.0061789
0.0009476
0.0082246
0.0080102
-0.0009668
0.0005478
-0.0014867
-0.0066949
-0.0056275
-0.0063171
-0.0015308
-0.0050505
0.0080538
-0.0020258
-0.0026613
0.0033023
0.0071921
0.0062609
-0.002142
-0.0050963
-0.0021359
-0.0037742
-0.0058715
0.0059591
-0.0073298
-0.0096092
-0.0045687
-0.0001332
-0.0083305
0.0073599
-0.0028485
0.0014984
-0.0022505
0.0059493
0.0094104
0.0048752
-0.0054426
0.0091234
0.0094473
-0.0077369
-0.0028544
-0.0083967
-0.0090741
0.0077539
0.0031782
-0.00495
0.0032135
-0.001833
0.0015682
0.0086116
-0.0037733
-0.0089302
-0.0052135
-0.0094162
-0.0022309
-0.0004626
-0.0051836
0.0072638
-0.0006826
0.0034756
-0.0067183
-0.0049661
0.0095891
-0.0003742
-0.0092826
-0.0086143
-0.0010487
-0.0030758
0.0046339
-0.0052988
-0.0038303
-0.0041343
-0.0029248
0.0014807
-0.0092787
-0.001418
-0.0061219
-0.0084431
-0.0051945
0.009399
0.0071465
-0.0052876
0.0072934
0.0060207
-0.0050966
0.0040121
0.008405
0.0020597
-0.0030493
0.0092173
0.0066408
0.0041285
0.008768
-0.0078345
-0.0065227
-0.0094051
-0.0016041
-0.0005954
-0.0052191
-0.0062228
0.0041596
-0.0048272
0.0094391
-0.0095352
0.0007716
-0.0027908
-0.0020608
-0.0081593
-0.0012618
0.00705
0.0019082
0.0059486
0.003865
0.0050768
-0.0002988
0.0087347
0.0047002
0.002988
-0.0044085
0.0054252
-0.008064
0.0074383
0.0049924
0.0055523
0.0025482
-0.0091801
-0.0044579
-0.0022408
-0.0015211
0.0036816
-0.0004053
0.0012067
0.0030711
-0.0068944
0.0053742
-0.0087717
-0.0019453
0.0095243
0.0033041
-0.0060928
0.0027531
-0.0045137
-0.0070739
-0.0009013
-0.0012426
-0.009755
-0.0093012
0.0073056
0.0020138
0.003418
-0.0044958
0.0091303
0.0022119
-0.000241
-0.0098167
0.0028587
0.0096695
0.0078807
0.0026026
-0.0025002
0.0035761
0.009247
-0.0069848
-0.0074275
-0.0009254
-0.0002697
-0.0022876
-0.0081679
0.0087372
0.0057475
0.0029166
0.0001828
-0.0031884
-0.0066882
0.0090591
0.004473
-0.0095258
0.0094006
-0.0074434
0.0085722
0.0053372
-0.0052115
0.0041572
-0.0027222
0.0038454
0.0015212
-0.0002726
0.0049897
-0.0012329
-0.0099496
-0.0099541
-0.0046197
0.00692
0.0066743
0.0046538
0.0021678
-0.0098636
-0.0084029
-0.0065232
0.0083057
0.0065276
-0.0004702
0.0002835
0.0095614
-0.0039427
0.0007144
-0.0074855
-0.0057903
-0.0083594
0.0054306
0.0098807
0.0041012
0.0066826
0.0035171
-0.0002171
-0.0089349
0.0076977
-0.0020968
0.0046956
0.0097818
0.0094163
0.0004501
0.0009834
0.0035127
-0.0060659
0.00965
-0.0034795
-0.0028421
0.0017282
0.0035245
-0.007582
-0.004476
-0.001299
0.0062636
0.0003004
-0.0011045
-0.0010619
0.0069172
-0.0051979
0.0024047
-0.0006921
-0.0092739
0.0068887
-0.0069751
-0.0091139
-0.0038563
0.0050957
-0.0077282
0.0012426
0.0080371
0.0043461
-0.007296
-0.0053892
0.0015952
0.007392
0.0066372
0.001904
-0.0047897
-0.0013516
0.0028785
-0.004827
0.001108
-0.0018812
-0.0024932
0.0086333
0.0018609
0.0090841
-0.0023987
-0.0098104
-0.0049127
-0.006979
0.0081636
-0.004379
-0.0032092
0.0058105
0.0044388
0.0002454
-0.0025845
0.0091763
-0.0079272
0.0063628
0.0046037
0.0042304
0.0035188
0.0067719
-0.0068946
-0.0065075
0.0043216
-0.0068369
0.0013322
0.0068614
-0.0043752
0.0042558
0.0020311
-0.0031528
0.0047085
-0.0028828
-0.0016747
0.0051538
-0.0079029
0.0075925
0.0018659
0.0057382
-0.0016956
-0.0036827
0.0076133
0.0022802
-0.002522
-0.0065973
0.003322
-0.0086207
0.0010059
-0.0024801
-0.0092602
0.0029004
-0.0010242
-0.0014812
0.0078094
-0.0004263
0.0084969
-0.0085758
0.0023058
0.0034615
-0.0081435
0.0011023
0.0008005
-0.0021557
0.0048734
0.0065859
-0.0010346
0.0025591
-0.0003568
