0.0045237
0.0082238
-0.0003864
0.0033418
0.0079261
0.0054807
-0.0085073
0.0063766
-0.0058637
0.0040835
-0.0002552
0.0058676
0.0075232
0.00906
0.0080073
-0.0021405
0.0004228
-0.0033366
-0.0060521
-0.0092399
-0.0094343
0.0072844
-0.0050074
-0.0094501
0.0018613
-0.003052
0.0034206
-0.0070573
0.0091245
0.0034261
-0.00518
-0.0040894
-0.0006038
0.0080843
0.0053887
0.0056911
0.0073737
-0.0023857
0.0048114
-0.0021454
0.0004035
0.003175
0.0031054
0.0006886
0.0048097
-0.0086439
-0.0052879
-0.008814
0.0028678
0.0070117
0.0077893
0.0031834
0.006045
0.0089446
0.0029588
0.0034685
-0.0083514
0.0008376
0.0097466
-0.0020991
-0.0087438
0.0059305
-0.0048811
-0.0080847
-0.0054581
0.0020794
-0.0064483
0.0094938
-0.0031337
0.0084266
0.0043483
0.0096154
-0.003293
0.0033585
0.0016519
-0.0049805
-0.0056281
-0.0097471
-0.0053941
0.0002794
0.0032208
0.0037024
-0.0093441
0.0049627
-0.0050254
-0.0008197
0.0052493
7.91e-5
0.0092392
-0.0071928
-0.0005036
-0.0067914
0.0020656
0.0099798
-0.0070222
0.0091415
0.0092974
-0.0099685
-0.000649
0.009621
-0.0077846
0.0033022
0.009665
-0.0034117
-0.0009222
0.0086861
-0.0097896
-0.0084202
-0.0013448
0.0040246
-0.0088097
-5.29e-5
0.0030043
0.008232
0.0080597
0.0079852
0.0092052
0.0092978
0.0041579
0.0086848
0.0056624
0.0087612
-0.0065408
0.0097333
-0.0016713
-0.0078722
-0.0015226
-0.0039628
-0.0037761
0.0004249
0.0046173
0.000814
-0.0092955
-0.0052514
-0.0078195
-0.0075718
-0.0082062
-0.0017609
0.0047834
-0.0007967
-0.0014991
0.007933
0.0013436
-0.0052143
0.0038725
-0.0021887
-0.006346
-0.0082741
0.009494
0.0007336
-0.00878
0.0095
-0.0032047
0.0070088
-0.0082904
0.004004
0.0006818
0.0014666
-0.007565
-0.001194
0.0054105
-0.0087597
0.0044237
0.0067639
-0.0037599
-0.0026071
0.0085265
-0.0064535
0.0048869
-0.0056199
-0.0076902
-0.0033403
0.005636
0.0059936
0.0012018
0.0005059
0.0048125
-0.0034115
-0.0068247
4.13e-5
-0.000126
-0.0037581
0.0017593
0.0016232
-0.007762
-0.0073981
-0.0046567
-0.00347
0.0024652
-0.0025494
-0.000904
-0.0088164
-0.0037888
-0.0035183
-0.0003944
0.0057814
-0.0067285
0.0029198
-0.0053749
0.0019697
0.0045261
0.007356
-0.0077711
0.0093467
0.003441
0.0024886
0.0071092
0.0041958
-0.0015541
0.0051106
0.0018578
0.0050997
0.0087212
0.0086815
-0.0037809
-0.004551
0.0057625
0.0097236
0.0063239
0.0045224
0.0084055
0.00816
0.0062601
0.0010011
-0.0054491
0.0075873
0.0020846
-0.0075911
-0.0087702
-0.0072315
-1.98e-5
0.0014795
0.0053307
-0.0088463
0.000324
-0.0009308
0.0018665
-0.0067888
0.005847
0.0073342
-0.0032795
0.0094328
-0.0058124
-0.0046267
-0.0012799
-0.0026788
-0.0023569
0.0080295
0.0064967
0.0017042
0.0086117
0.0098027
-0.0070237
-0.0004346
-0.0089694
-0.0069588
-0.0022183
0.0002636
-0.0096478
-0.0052978
-0.0024706
0.0068689
-0.0089664
0.0076468
0.0033105
0.0011953
0.0093698
0.0098546
0.0096991
0.0024662
0.0034388
-0.009383
0.0052474
-0.0057535
-0.0084907
-0.0068492
-0.0022906
-0.0029189
0.0035567
-0.0058851
-0.0089153
-0.0056844
0.0013437
0.0020467
-0.0091689
-0.0074665
-0.0095205
-0.0085709
-0.0009606
-0.0017245
-0.0027065
0.0027786
-0.0075554
0.0008746
0.0035443
-0.0001655
0.0033189
0.0098026
0.0041408
-0.0005093
-0.0081242
0.0035224
0.0004009
0.0003339
-0.0045778
-0.0022925
0.001533
0.0025606
0.0085059
-0.001558
-0.0011485
-0.0004121
0.0078007
0.0037039
0.0090471
-0.0070606
0.005691
0.0067827
-0.009569
0.0025934
0.0025942
-0.0044879
-0.009856
0.0024313
-0.0015645
0.0089952
-0.0086271
0.0079704
0.0079908
0.0016125
0.0027415
-0.0056029
-0.0096927
-0.0004766
0.0035238
-0.0029001
-0.0098672
0.0035161
0.0078296
-0.0020511
0.009162
-0.0031591
0.0099062
0.0066474
-0.0010521
-0.0099116
-0.0021549
0.0066248
-0.0026264
0.002347
-0.0074182
-0.0050049
0.0045581
0.0004936
0.0078339
-0.0005086
0.00214
0.006599
0.0054775
-0.0064038
-0.0096604
-0.0086047
0.006346
-0.0012413
0.0085095
-0.0020687
-0.0020294
0.005646
-0.0042579
-0.0098622
0.0049845
-0.0010454
-0.0010549
-0.0075858
-0.004109
-0.0047415
0.0013003
0.0010261
-0.0019194
-0.0074975
-0.0061861
0.0088729
0.0082287
0.0008471
0.0010994
-0.0042402
0.0076849
-0.005718
-0.0063454
-0.0031799
-0.0052922
0.0033207
0.0031578
-0.0010155
-0.0003176
0.0065181
-0.0068738
-0.0070718
-0.0010181
-0.0082879
0.0046665
0.0044568
-0.0026229
0.007806
-0.0078478
-0.0068786
0.001591
-0.0098951
-0.0004912
0.0053664
0.0034812
0.0058165
-0.002958
-0.0006442
0.0019684
0.0094677
0.0071118
0.0020791
0.0028544
0.0018271
0.00572
0.000113
-0.0074438
-0.008309
-0.0001935
-0.0060583
0.0093979
-0.0049031
-0.0045523
0.0076285
-0.0077992
-0.003572
-0.0084215
0.0016794
0.0052026
0.0018364
0.0050323
0.0032787
-0.0091965
-0.0028935
-0.0065878
-0.0011675
-0.0058785
-0.0052601
-0.0003447
-0.0017965
-0.0003847
0.008824
0.0034902
0.0063428
-0.0024253
0.0010098
-0.006485
-0.0065781
0.0060389
0.0021671
-0.0052066
-0.0088294
-0.0077923
0.005089
0.0005566
-0.0022666
-0.0004467
-0.0030666
-0.0049438
-0.004467
-1.1e-5
-0.0075122
-0.0029418
-0.0029512
0.0063108
-0.0069936
-0.0020233
0.0008155
0.0074128
0.0069449
0.0030347
-0.0030918
0.0020169
0.0038248
-0.0076375
0.0025675
0.0039764
-0.0080002
0.0028713
-0.007565
-0.0013143
-0.0058365
-0.0030686
-0.0059987
0.0041951
0.0087403
-0.0086354
0.0057989
6.69e-5
