-0.0065375
0.0091216
0.0025131
-0.0083235
-0.003214
-0.0084546
0.0014464
0.0095072
-0.0093002
-0.0077945
-0.0074348
-0.0094875
-0.0009446
0.0083572
0.0073496
-0.0021191
-0.0015375
0.0008125
0.0023691
-0.0030122
0.0080329
0.0096727
0.0043473
0.0073341
0.006297
-0.0032168
-0.0089746
0.0072955
-0.0012142
0.0056773
0.0022183
-0.0013312
-0.0053733
0.007654
0.005651
-0.0010732
-0.0024991
-0.0032395
0.0002317
-0.0052391
0.0085334
0.0070646
-0.0063263
0.0061495
0.0018542
-0.001163
0.0066135
-0.0075466
0.0036932
0.0043272
0.0024943
-0.0015329
-0.0072951
-0.0045637
0.0062858
0.0092974
0.001189
-0.0033531
0.0021522
0.0041653
0.0043239
0.0086376
-0.0069989
0.0025844
0.0036274
0.0044554
-0.0071969
0.0093256
-0.0044087
-0.0056795
-0.0011968
-0.0046289
0.0051662
-0.0089794
-0.0052219
9.75e-5
0.0003887
-0.0056425
-0.0016591
-0.0024748
0.0009511
-0.0087632
-0.0092522
-0.0028842
0.0011406
-0.0067945
0.0066893
0.0059103
0.0004745
-0.0041895
0.0010867
0.0091682
-0.0069255
0.0056863
-0.0012829
0.0019034
-0.0078793
-0.0029514
0.0075152
-0.0029586
-0.0081059
-0.0093793
-0.0071045
0.0085282
0.0075957
-0.0013077
-0.0071093
0.0078019
0.0091342
-0.0046081
0.0020684
-0.0094203
0.0011042
0.0067963
0.0008573
-0.0096078
-0.0040427
0.0058576
0.0055592
-0.0030585
-0.0096462
-0.005245
-0.0030917
-0.0016969
0.0045916
-0.0038328
-0.0090244
-0.007325
-0.002664
-0.0042271
0.0041349
0.0039164
-2.97e-5
0.0016465
0.0041282
-0.0099727
-0.0065834
-0.0044937
-0.0085757
0.0042812
0.0070398
0.005644
0.0052317
-4.58e-5
0.0072242
0.0011705
-0.0047697
-0.0044063
0.0041882
-0.0040926
0.0086354
-0.0059505
-0.0097572
0.0077498
0.0020849
-0.0079529
0.0030727
0.0056232
0.0052498
-0.0094371
-0.0082311
0.003794
0.0029502
-0.0080827
0.0040489
0.0015269
-0.0043236
-0.0013526
0.0065415
-0.0059431
-0.0039912
0.0014449
0.0063428
-0.0002403
-0.0082401
0.007993
0.0075322
0.0045845
-0.0031753
0.0030496
-0.0001057
0.0070398
0.0071918
-0.0049455
-0.009786
-0.0055215
-0.0027887
-0.0059608
-0.0055938
0.0034574
-0.0024719
0.0094196
-0.0028959
0.0067228
0.0055689
0.0078636
0.0074541
0.0001589
0.0035546
-0.0057507
-0.0023555
-0.0043466
0.0082115
0.0038662
0.0092926
0.0075045
0.0075088
-0.0046707
-0.0046577
-0.0029421
0.0016524
-0.0021442
0.0044881
0.001398
-0.0002965
0.0019794
0.0065594
-0.0009702
-0.0058366
0.005934
0.0078648
-0.0039795
0.0073055
0.0050898
0.0023615
-0.0076776
0.0094915
-0.0018257
-0.0042577
0.0003508
-0.0081092
0.0099406
-0.0030589
0.0025728
7.94e-5
-0.0046589
0.008335
0.0034479
1.33e-5
0.0005528
-0.0054095
-0.0088495
0.0050572
-0.0033575
0.0028629
-0.0022226
0.0025434
-0.0086634
0.0078983
-0.0014428
0.0024903
-0.0043782
0.0031996
-0.0027434
-0.0037585
-0.0074427
-0.0001688
-0.0034455
-0.0021413
-0.0070798
0.0072855
0.0081323
0.0047643
-0.0009268
0.00771
-0.0040761
0.0015429
0.0067387
0.0068836
-0.0006783
0.0040849
-0.0070797
0.0010578
-0.0081952
0.0095201
-0.0055726
0.0066137
-0.0033676
-0.0001552
0.0056522
-0.006148
-0.0046843
0.0056624
-0.0043415
0.0056802
0.0057425
-0.0065979
-0.0032894
-3.54e-5
0.002065
0.0010536
0.0040688
0.0002367
-0.009577
-7.21e-5
-0.0094252
0.0013322
0.0060577
0.0011218
0.0067522
-0.006017
-0.0035629
0.0012845
-0.0065422
0.0058083
0.0046305
0.0052333
-0.0084471
-0.0028705
-0.0094964
0.00308
-0.0023239
0.0047987
-0.0091422
-0.0019192
-0.0082262
0.0028277
0.0085973
0.0084013
-0.008586
-0.0025438
0.0061338
-0.0004763
-0.0042479
0.0007871
-0.0033427
-0.0006097
-0.0038711
0.0007304
0.0063723
0.0059346
0.0033385
0.0042866
-0.000242
0.0033356
0.006453
0.0041957
0.007143
0.0041947
-0.0047867
0.0077543
0.0079555
0.0069056
0.0059126
0.0050334
0.0080961
0.0011617
0.0072307
-0.0026308
-0.0086891
-0.002733
-0.0040193
0.0068934
-0.0064387
0.0091037
0.0035467
0.0028627
-0.0088141
0.0052177
0.0017326
0.0052768
-0.0027621
0.0019711
-0.0073263
-0.0088395
-0.0079545
0.0041353
0.0009148
0.003658
-0.0095357
0.0089337
-0.0043957
0.002989
-0.0088364
0.0043113
-0.0058698
-0.0001981
0.0009049
-0.0037794
0.0053434
-0.0090356
-0.0091789
-0.0015914
0.0094522
-0.0051867
-0.0019054
-0.0017355
0.0057767
-0.0040598
-0.007954
-0.0003538
0.0051695
-0.0083086
-0.0082834
0.0042205
-0.0053173
0.0050465
-0.0072105
0.008791
-0.0051329
-0.005501
-5.85e-5
-0.0044572
-0.0029415
0.0023836
0.0071993
-0.0021587
0.0048341
0.0025824
-0.0022159
-0.0010117
-0.0002616
-0.0030101
0.0040703
0.0039589
-0.0029013
-0.0051463
-0.005547
-0.005501
0.0039737
-0.0011619
0.0078992
0.0082372
-0.0043172
-0.0048812
-0.0015434
-0.0086007
0.0041179
-0.0035761
0.0049751
0.0043233
-0.0095957
0.0096715
-0.0059365
-0.0068118
0.0063243
-0.0007107
-0.0056622
-0.0002897
-0.0067064
0.0081215
-0.0031746
-0.0029731
0.0089824
-0.0082677
0.0089711
0.0021567
0.0019794
0.0019963
0.0001368
-0.0005882
0.0080787
0.006014
0.0032339
-0.0071099
-0.0027946
-0.0042868
0.0088348
-0.005237
-0.0091139
0.0071879
-0.0051943
-0.0054121
-0.0086964
-0.0093348
-0.0077977
0.0065349
0.002379
0.0077611
-0.0075335
-0.0026542
-0.0062506
0.005329
0.0094497
0.0054073
-0.0043905
-0.0062603
0.0054599
0.0073668
-0.0076958
-0.0061634
-9.25e-5
0.0021386
0.0033728
-0.0083502
0.0063774
-0.006066
0.0070028
0.0026891
-0.0065984
0.0050072
-0.0016905
0.0027849
-0.0084348
-0.0050418
