0.0078986
-0.0042738
-0.0041471
-0.0071385
0.0090984
0.0023104
-0.0038826
0.0068213
0.0098563
-0.0034366
-0.0042672
-0.0038125
0.0097919
-0.0074507
-0.0017274
0.0069943
0.0074935
-0.0011503
-0.0013228
0.0047095
0.0090715
-0.0059014
0.0060192
-0.0080377
-0.0005709
-0.0042908
-0.0050598
0.0072385
-0.0031621
0.0090923
0.0095136
-0.004251
0.0057649
0.0091518
0.0066228
0.008508
0.0034119
-0.0010351
-0.004938
-0.0044339
0.0027668
0.0095746
-0.0074175
-0.0097902
0.0090301
0.0049896
0.0076307
0.0038324
-0.0072959
-0.0078118
0.0061056
-0.0048235
-0.0076725
-0.0051386
-0.0074307
-0.0031067
0.0045407
-0.005337
-0.0015456
-0.0066986
-0.0045584
-0.0027972
-0.0058939
0.0090532
0.0079655
-0.0088963
-0.0034075
-0.0060137
0.0050162
0.0035588
-0.0081303
-0.0058003
-0.000898
0.0068708
-0.007508
0.0063568
0.0049894
0.0010414
-0.0049116
0.0009209
0.0084572
0.0031478
0.0052663
-0.0092068
-0.0028165
0.0097221
-0.0083247
0.0090518
-0.0036971
0.0019133
0.0015924
0.0034345
-0.0053963
0.0083545
0.0099178
0.0097247
0.0066372
0.000155
-0.0032009
0.0041312
-0.0080307
-0.0034658
0.0044987
0.0049607
-0.001827
0.0002883
-0.0046298
0.0011188
-0.0096731
-0.0046224
-0.0095963
-0.0080581
0.0094025
0.0025044
-0.0037865
0.0063554
0.0091534
0.0047993
0.0075356
0.0081635
0.009475
-0.0022647
0.0028134
-0.0044109
-0.0004338
-0.0055986
0.0080208
-0.0037335
0.0091073
0.0098769
-8.1e-5
0.0012973
-0.0023955
-0.0099108
-0.0022519
-0.0093565
0.0016633
-0.0051462
0.0006754
-0.0042468
0.0086613
0.0058077
0.0060833
0.0039177
-0.004282
0.0028836
-0.0036461
0.0050347
0.0059509
-0.0030489
-0.0024248
-0.000531
0.004006
-0.0046578
-0.0034149
-0.0014443
-0.0087081
-0.0094611
0.0036133
-0.0035219
-0.0036837
0.0018859
0.0076117
-0.0073393
-0.0025576
-0.0044612
0.0065334
0.0012565
-0.002115
0.0045584
-0.0021637
-0.0038462
0.0024799
0.0031582
-0.003302
-0.0003852
-0.0062978
-0.0094984
0.0061819
0.0088089
-0.0030676
-0.0011127
-0.006271
0.0025347
-0.0076394
0.0020833
-0.0036309
0.0034654
0.0044256
-0.0038014
0.0080384
0.0016871
-0.0092615
0.0090425
0.0007794
-0.0007408
-0.0037696
-0.0091946
0.0004733
-0.0053464
0.0071972
0.000878
-0.007281
0.0095114
-0.0011495
-0.0010506
0.0076188
-0.0047106
-0.0030364
0.0050118
0.0021345
-0.0008058
0.0094721
0.0053574
-0.0007154
-0.0097408
-0.0020437
0.0050761
-0.0035704
-0.001337
-0.0028239
0.0093245
-0.0004953
0.0033977
0.0065027
-0.0008784
-0.0034097
0.0048168
0.0010549
-0.0046718
0.0064008
0.0011723
-0.0021429
0.0007322
0.0006976
-0.0088538
-0.0034999
0.0017794
0.005625
-0.0031869
-0.0040705
0.0060394
-0.0070013
-0.0025786
-0.0062004
0.0088051
-0.0074495
-0.0081021
0.0076575
-0.0046513
-0.0053358
-0.0018155
0.0096356
0.0089874
0.0066471
-0.0031598
-0.0078449
0.0052943
-0.0057189
-0.0046587
0.0042487
0.0054601
0.0050884
-0.0009552
0.0023779
-0.0087924
-0.0071638
-0.005148
6.67e-5
-2.38e-5
-0.0075591
0.0059507
0.003924
-0.0008943
0.0063557
0.0064749
-0.0066764
0.0054377
-0.0017396
0.0001549
0.0099319
-0.0058216
0.0057268
-0.0050655
0.0060788
0.0084553
0.0034666
0.0071946
-0.0023793
0.0006784
-0.0084115
0.0081053
-0.0055169
-0.0069192
-0.0011624
-0.0039604
-0.0096005
-0.0063635
-0.0037275
0.0097714
0.0071512
-0.0092423
-0.008018
-0.0077412
0.008777
-0.0099337
-0.0035334
0.0002207
-0.0085755
0.0007456
-0.0016539
0.0069342
-0.008687
-0.0025127
-0.0041814
-0.0075707
0.0078429
0.0059632
-0.0065566
0.0099282
-0.0025503
-0.000586
0.004386
-0.009024
-0.0034159
0.0014018
-0.0014572
-0.0014616
0.0066965
-0.0076163
0.0005296
0.0052808
-0.0037511
-0.0048459
0.0053267
0.0001981
-0.0060779
-0.0075669
0.0034694
-0.0077754
0.0064552
-0.0069289
-0.0042489
-0.0093501
-0.0058015
0.0078695
-0.006467
0.0030381
0.0029116
0.0061542
-0.0004525
0.0006515
-0.0006981
-0.0045896
-0.0055584
-0.0098486
0.0065782
0.0013371
-0.0080172
0.0060088
-0.0023903
-0.0039091
-0.0090164
0.0036038
0.0025016
-0.0041343
0.0053512
-0.0077448
-0.0022716
0.0029994
0.0051051
-0.0071349
-0.00716
-0.0065597
-0.0001809
0.0088595
-0.0013145
0.000184
0.0069589
-0.0002085
-0.008019
-0.007799
-0.0008132
-0.0057579
0.0009461
0.0062506
0.0025659
0.0017691
0.0022922
0.0091355
-0.0046138
0.0085009
0.007555
0.0096211
0.0025843
0.0076344
0.004376
-0.001121
-0.0057915
-0.0012522
0.0073181
-0.0058179
0.0044667
-0.0055869
-0.0081576
0.0098173
0.0076112
-0.0083519
0.0053038
-0.0002955
0.0058615
-0.0084379
0.0047046
-0.0069467
0.0080163
-0.0024243
0.0029728
-0.0022574
0.0037943
0.0085251
0.0025546
0.0058499
-0.0096207
0.0042999
-0.0073074
0.0013881
-0.0011379
0.005929
-0.0057466
0.0048494
0.006241
-0.007892
0.0017949
0.0057363
-0.0003521
-0.0088663
-0.0040583
-0.00766
-7.22e-5
-0.0014805
0.003125
0.0039655
0.0093372
-0.0036454
0.0008424
0.0054574
0.0008366
0.0056754
-0.0068548
-9.91e-5
-0.0087377
0.0023216
0.0009301
-0.0069059
-0.0084265
0.0085938
-0.0066158
0.0039854
-0.0094742
0.0009853
0.0007605
0.0031773
0.0047116
0.0077799
-0.0025517
0.0096791
-3.9e-6
-0.0033563
0.0081005
-0.0028385
-0.0085849
-0.0001398
0.0058129
0.0012969
0.0015227
0.0036135
0.0065768
-0.0018743
0.0064054
-0.0052975
0.0030388
0.0043077
0.0026045
0.0021292
-0.0045129
0.0048848
-0.0081863
-0.0040897
0.0071281
0.0014606
-0.0018775
0.008231
-0.0049873
0.0056935
-0.008393
