-0.0061564
-0.0065026
0.0063257
-0.0063914
0.0054251
0.0008163
0.0061669
-0.0015705
0.0090082
-0.005786
-0.0047608
0.0067556
-0.0050102
-0.0078563
0.0099989
-0.0026757
-0.001179
0.0003811
-0.0070675
0.0077634
0.0057941
-0.0096865
0.0029266
0.0078163
0.0057191
0.0082533
-0.0062362
-0.0020433
-0.0047589
-0.0054467
0.0072132
2.67e-5
0.0012232
0.0052521
-0.007986
0.000697
-0.0058144
-0.0013174
-0.0022464
-0.0014266
0.0023701
0.0057904
-0.0033977
-0.0037472
0.0087757
-0.0092473
-0.0042374
0.0094177
0.0080018
-0.0074237
0.0008525
0.0007568
0.0062488
0.0036919
0.0035889
0.0010164
0.0077385
0.0016033
-0.0036454
-0.0098789
-0.0041668
-0.007232
-0.0015856
0.0048587
0.0074586
0.0097137
0.008785
-0.0041969
-0.0092031
-0.0009546
-0.0079481
-0.0017264
0.0055582
-0.0032229
-0.0044773
-0.0066078
-0.0048945
-0.0064058
0.000999
0.0086333
0.0052045
-0.0042546
0.0093446
-0.00626
-0.0089394
0.005574
0.005812
0.0002459
0.0057677
0.0037636
-0.0039254
-0.006718
-0.0092635
-0.0013787
-0.006499
-0.0096143
0.0031044
0.0090441
-0.0091414
-0.0087415
-0.0068247
0.0052476
-0.0098718
0.0085116
-0.0045128
-0.0076008
0.0004832
0.0075947
0.0061199
0.0064282
-0.0080343
0.0040095
0.0069896
0.0048323
0.0015394
-0.0024841
0.0064829
0.0031959
0.0020654
0.0033953
-0.0063803
-0.0049867
-0.0099329
-0.0077856
5.69e-5
-0.0022094
0.0086948
0.0043659
0.0026338
-0.0090185
-9.33e-5
-0.0039799
-0.0014024
0.0024229
-0.0085774
0.0071184
-0.0033795
-0.0039063
0.0042059
-0.003282
0.0092705
-0.0086344
-0.0082258
-0.0029094
-0.0054702
0.0032364
-0.0089868
-0.001816
-0.0038265
-0.0056267
0.0081935
-0.0094311
0.0095221
0.0094182
-0.0011751
-0.0066962
-0.0077231
0.001264
0.001756
-0.0020617
0.009589
0.0079785
-0.0009786
-0.0015332
-0.0032237
-0.0067532
-0.005557
-0.0044458
-0.0062154
0.006523
0.0016239
-0.0007704
-0.0031432
-0.0055347
0.0035907
0.0067197
-0.0009432
-0.0067515
-0.008433
0.0008857
0.0075085
-0.0035518
-0.0086426
-0.0071041
0.0088981
0.0094117
0.0083164
0.0004792
0.007085
-0.0014754
-0.0035712
0.0040168
-0.0076689
-0.0084468
0.0047862
-0.0097887
-0.0032581
-0.0013175
-0.005136
-0.0060017
-0.0046811
0.0032097
0.0026858
-0.0050885
0.0093807
0.0074309
-0.0055447
-0.0038496
0.0074527
0.0051151
-0.0016842
0.0080469
-0.0073254
0.0064233
0.0011352
-0.0002647
-0.0098337
0.0037992
0.0061788
0.0067668
-0.0028496
0.0021487
0.0079575
-0.0006342
0.0062991
0.0054167
0.0027864
0.0038023
-0.0063797
-0.0058182
0.0080532
-0.0072574
-0.000134
0.0003274
-0.0043895
0.0013441
0.0056605
-0.0094052
0.0015235
0.0097454
-0.0017302
-0.0046902
0.0030728
-0.001984
-0.001337
0.0036095
0.0090822
0.0019957
-0.0057942
0.003841
-0.0060611
-0.0033666
0.0079794
-0.0069699
-0.0059881
0.0002986
-0.0016571
0.0083297
-0.0050951
-0.0081466
-0.0072971
0.0083267
-0.0041716
-0.0022158
-0.006799
-0.0046354
0.0058958
-0.003364
0.0091668
0.0010251
-0.0029187
0.0012255
0.0037024
-0.0097907
0.0078764
-0.007464
-0.0029511
0.0098061
-0.003572
-0.0066726
-0.0075202
-0.0008521
0.0093087
-0.0073474
0.0058618
-0.0088131
-0.0026558
-0.0031616
0.0022436
-0.0058185
-0.002215
-0.0079265
0.0006172
0.003051
-0.0035108
0.0079441
0.0064513
0.00484
-0.0054529
0.0077023
0.0005272
0.0047593
0.0098029
-0.0062282
0.0007362
-0.0040108
-0.0049846
-0.0040135
0.0016425
-0.0095128
-0.0051075
-0.0063325
0.0079305
0.0067735
0.0098229
0.0017277
0.0088338
0.0061
0.0091518
0.009913
0.0058831
-0.0026655
0.0009863
0.0098492
-0.0092282
0.0007248
-0.0003192
-0.0049515
0.0030257
0.0018784
-0.0095704
7.98e-5
0.0087299
-0.0084657
-0.0036323
-0.0079723
-0.0078421
-0.0020198
-0.0060459
0.0057971
0.0072214
-0.0026696
0.0098158
0.0058045
-0.0021535
-0.0071578
0.0002946
0.0024068
0.004047
-0.0014391
-0.0010322
-0.0037509
-0.0034997
0.0050797
0.0036952
0.0018134
-0.0018118
-0.0060598
-0.000577
-0.0086575
-0.0060984
-0.0045828
0.0048935
-0.0063989
0.0079707
0.0060842
-0.0038852
-0.0090553
-0.0051039
-0.0018326
-0.0096337
-0.0091744
0.0065832
0.0068198
-0.0036681
0.0076482
-0.0011555
0.0018715
-0.003733
0.0051455
-0.0025532
-0.0091669
-0.0020532
-0.0096099
0.003085
-0.0082673
0.0080082
0.0025053
0.001633
0.0016876
-0.0009029
0.005367
0.0005836
0.0098664
0.0026082
0.0039098
0.0024884
0.0070961
-0.0010311
0.0029859
0.0029929
0.0009126
0.004651
-0.0006601
-0.0096297
0.0057874
-0.00463
0.0076479
0.0012308
-0.0088468
0.0071175
0.0057173
0.0008811
-0.003545
0.0005471
9.26e-5
0.0091826
-0.0091667
-0.0084731
-0.0047174
0.0041835
0.0097881
0.0044717
-0.0087606
-0.005033
0.0098284
0.0025778
0.0054592
0.0068396
-0.0051601
0.0039775
0.0009018
-0.0092305
0.0067769
0.003262
-0.0079331
0.0045684
-0.0081001
0.0053296
0.0025658
-0.0090188
-0.0019674
0.0030048
0.0091326
-0.0038377
-0.006394
5.78e-5
0.0071484
-0.0018341
-0.0088186
0.003138
0.0081463
-0.0087652
-0.0034986
0.0028355
-0.0096531
0.0022304
-0.0069436
0.0023343
0.006204
0.0085919
0.0086505
9.43e-5
-2.05e-5
-0.0085878
0.003101
-0.0096996
-0.008331
0.0075664
-0.0046934
0.0079918
0.0055427
-0.0084399
-0.0058087
-0.0030225
0.0023249
-0.0089337
0.0081111
-0.003215
-0.0017172
-0.0070862
-0.0004285
-0.0038558
0.001081
-0.0087755
-0.0094328
0.006255
-0.0045993
0.0041002
0.0016662
0.0023934
0.0058449
7.29e-5
-0.0046083
-0.0089507
