-0.0096808
-0.0061716
0.0083584
-0.0023571
0.0024479
-0.0060953
0.0063518
-0.0028986
0.006148
-0.0087434
-0.0071831
0.003549
-0.0093009
-0.0035656
-0.00066
0.0002111
0.0002286
2.0e-5
0.007794
0.0024731
0.0055005
0.005472
0.0064543
-0.0007971
-0.0002625
-0.0023064
0.0026136
-0.0080812
0.003189
-0.0079785
0.0097649
0.0082828
0.006661
-0.005421
-0.0023631
0.0080716
-0.0078241
-0.0055291
0.0065342
-0.0052677
0.0086796
0.0007448
0.0017211
-0.0026069
-0.0026407
0.0018426
-0.0057853
-0.0044772
0.0033685
0.0091584
0.0072908
-0.003851
0.0062761
-0.0054966
-0.0054623
0.0099815
-0.00415
-0.0090895
-0.0058178
0.0036546
0.0043122
-0.0014656
0.0098357
0.0076443
-0.0042195
0.0084459
0.0097275
-0.0014631
0.0042198
-0.0099187
-0.0045105
0.0026709
-0.0025947
0.0055748
-0.0047998
0.0017529
0.0066623
-0.0048587
-0.0041096
-0.0011876
0.0040087
0.0001076
-0.0037697
0.0022435
-0.0044363
0.0002515
0.0056963
-0.0018252
-0.0081785
-0.0049862
-0.0026956
0.0069622
-0.0087167
0.0080684
0.0027943
0.0036375
0.0036746
-0.0063477
0.0035615
-0.0076557
-0.0052213
0.0077344
0.0095778
-0.0085803
-0.0082779
-0.0056021
0.003779
-0.0063858
0.0012946
-0.0092783
-0.0041317
-0.0093014
-0.0095038
0.0004228
-0.0051117
0.0013537
-0.0010538
0.00977
0.0030291
-0.0007026
0.0027375
-0.0085985
0.0014419
-0.0086684
0.0099618
0.0015321
-0.0034808
-0.0062833
0.0051783
0.0079055
-0.0040117
0.0004061
0.0030421
0.0025925
0.0085667
-0.0043092
0.0052581
0.0005135
0.0015069
-0.005993
-0.0086603
0.0032261
0.0081413
-0.0039348
0.0020683
-0.0009072
0.003335
5.91e-5
-0.0018325
0.0047824
0.0062816
-0.0018234
-0.0013388
0.0099877
0.0077806
0.0095341
-0.0020029
0.0073723
0.0001005
0.007079
-0.0048581
0.0054328
0.0001464
0.0008931
-0.0092705
-0.0071212
0.0041121
-0.009068
-0.0054326
-0.0067451
-0.0009858
0.0001303
0.0031688
-0.002101
4.2e-6
0.0062877
-0.0015064
-0.0060502
-0.0082529
-0.0089068
-0.0012232
-0.009795
0.0064913
0.0058247
0.007624
-0.0057893
-0.0098719
0.0026554
-0.0054249
0.007202
-0.0057974
0.0096478
0.0095913
-0.0044185
-0.0023904
0.0080712
0.0007571
-0.0071283
-0.0021469
0.007443
-0.0058267
-0.0023598
0.0067806
0.0009553
-0.002236
-0.0069072
-0.0086985
-0.0029369
-0.0009149
0.008558
-0.0065186
-0.0013745
-0.0003955
-0.0075211
-0.002544
-0.0095151
-0.0008813
-0.0050582
0.0006108
-0.0032291
-0.0002952
-0.0021228
-0.0059967
0.005961
-0.0047851
-0.0016968
-0.0069726
0.0049074
-0.0023699
0.0088736
-0.0008834
0.0053085
0.0034304
-0.0007801
0.0068895
-0.0099353
-0.0098933
-0.0047816
0.0020387
0.0076897
0.0054254
-0.0030684
0.0043956
-0.000941
0.0042841
0.0011793
-0.0002781
-0.001753
0.0051699
0.0053725
-0.0009914
0.0018017
0.007993
-0.0042953
0.0041783
-0.0048497
-0.0032867
-0.007685
0.0010413
-0.0011557
-0.0073389
0.0044288
-0.0030208
-0.005137
0.005688
0.0016911
0.0092267
-0.005317
0.0081995
-0.004351
-0.0070658
0.0031557
0.0025626
0.0094458
0.0055999
0.0023778
-0.0054315
0.0056068
-0.0070572
0.0086664
0.0054526
-0.0083478
-0.0007136
-0.0073913
-0.0049591
0.0032944
0.0077331
0.0064985
-0.0037855
0.005173
-0.0064648
0.0041795
0.0010828
-0.0017945
-0.0042682
0.0094094
-0.0052627
-0.0001269
0.002472
0.0060158
-0.0071069
0.0050686
-0.0027083
-0.006928
0.0087098
-0.0039103
0.0090015
-0.005765
0.0011579
0.0062906
-0.0017217
-0.006598
0.0009823
-0.0049078
-0.0083537
-0.0012178
-0.0017336
0.002949
-0.0008161
-0.0007813
0.0074194
0.0090646
0.0082383
0.0049891
0.0097938
-0.0065752
0.0051318
-0.000429
-0.0086871
-0.0023438
0.0026113
0.0091302
-0.0024777
0.0050096
-0.0067739
0.0091239
0.0056225
-0.0019644
0.009608
0.0025024
2.08e-5
0.0002423
-0.0014787
0.0023751
-0.0019215
-0.0004013
0.0070695
0.0096955
-0.0045907
-0.0009276
-0.0097501
-0.0046089
0.0035027
-0.0068909
0.0074707
-0.0057155
0.006766
0.0073934
-0.0090631
-0.0097333
-0.0078031
-0.006958
0.003323
0.0052225
-0.0091895
-0.0066261
0.0057526
0.0030882
-0.0030304
-0.0043478
-0.0020043
-0.0045785
0.0087016
-0.0086764
0.0070638
-0.002044
-0.007884
-0.0007544
0.0087955
0.006317
0.003858
-0.0054445
0.0071492
0.0057244
0.0030508
0.0081016
0.0062591
0.0003904
0.0047682
0.0070022
0.0065976
0.0093288
-0.0089598
0.0095816
-0.0044927
0.0070375
-0.0035131
-0.0076554
0.009309
0.0076213
-0.0069211
0.0076975
-0.0077549
0.0045584
0.0091579
0.0004277
0.0049064
0.0018275
-0.0036033
-0.0074739
-0.0051829
-0.002927
0.0090995
0.0068444
-0.0089483
-0.0036783
-0.0028012
-0.0085974
0.006453
0.0008596
-0.003325
-0.0041356
-0.0062678
0.0019178
6.08e-5
0.0003992
0.0057512
0.0029343
0.0017349
-0.0031125
-0.0076396
0.0008582
0.0021396
-0.0073532
0.0018988
0.0010625
0.0096582
-0.0045074
0.0002221
0.0015542
0.0039017
-0.0059151
0.0057866
-0.0071444
0.0058336
-0.0018047
0.002492
-0.0042348
0.0024351
-0.0023268
-0.0041793
0.0078257
-0.005544
0.0029406
0.0060802
0.0014303
-0.007308
0.00817
-0.0094379
-0.0067295
-0.0005853
0.0049856
-0.003885
-0.0086592
0.0083446
0.0050022
-0.0045802
-0.005183
0.0093371
0.0085415
-0.0041436
0.0086434
0.0078323
0.0063442
0.0064587
-0.0004486
0.0049419
0.0042357
0.008679
-0.0005432
0.0070865
-0.0068432
0.0001845
0.0076583
-0.0010413
-0.0010568
0.006414
-0.0092478
0.0090091
0.0075193
0.0055032
0.0097982
-0.0049597
0.0048915
-0.0047298
