0.0031839
0.00753
-0.0017822
0.0006436
0.0046283
0.0087673
0.0029528
0.0061279
0.0016802
0.0019797
0.0098334
0.0004542
-0.0057899
0.0036375
-0.0029644
-0.0059689
-0.0062445
0.0027302
0.0069449
0.0048913
-0.0041342
-0.009093
-0.0076448
-0.0029519
-0.0092848
0.001057
0.0051362
-0.0080824
-0.0093507
-0.0030516
-0.0034943
-0.008273
0.0092906
0.0038899
-0.0061097
0.0035652
0.0070584
0.0076635
-0.0038074
0.0042813
0.0026106
0.0063361
0.0094751
0.0015141
-0.0046109
-0.0088759
-0.0071057
-0.0021656
0.0067959
0.0045565
0.0027045
0.0027079
0.0004285
0.0011032
0.0091531
-0.0054648
-0.0061074
-0.0053199
0.0026259
-0.0023343
0.0049475
-0.0034268
-0.0002668
0.0056059
-0.0091229
-0.0094779
-0.0029038
-0.0090397
0.0011886
0.0058498
0.0021391
-0.0033707
-5.8e-5
-0.0031162
0.0084582
0.0010697
0.0028174
0.0092653
-0.0066281
-0.0034824
-0.0095516
-0.0021615
-0.0052305
0.0029262
0.0076881
-0.0008284
-0.0026376
0.0042175
0.0047134
0.0096134
-0.0017484
-0.0088916
0.0045569
-0.0089938
0.0087565
-0.0038009
-0.0059741
-0.0077362
0.0032644
-0.0032509
0.0090939
-0.0098458
-0.0014906
0.0089414
0.0016118
-0.0078164
-0.00091
-0.0075133
-0.0058065
0.0062785
0.006269
-0.0004498
0.0045413
0.009591
0.0084744
0.0075376
-0.0033805
-0.0092279
0.0077391
0.0034061
-0.0019315
-0.0045363
0.0075879
0.0090714
0.0053298
0.00818
0.0057622
0.0095276
0.002457
0.002261
0.0091358
-0.0092635
0.0084584
0.0076678
-0.0029234
0.0031526
0.0076196
0.0005528
0.0019238
-0.0063376
0.009959
-0.0083026
-0.0002933
-0.0026608
-0.0021516
-0.0029558
0.0060326
0.009051
0.0025387
-0.0036578
-0.0077111
-0.0099078
0.0093087
-0.0056901
-0.0036379
0.0035969
-0.0026485
-0.0057222
0.0040593
0.0054416
0.0082342
0.0032314
-0.008984
-0.0031733
0.006076
0.0017113
-0.0099075
0.0013797
0.0018203
-0.0023326
0.0075882
0.0006278
-0.0061052
-0.0027526
0.0064889
-0.0093672
0.0094751
0.0056744
0.004053
-0.0006656
0.0025601
1.54e-5
0.0044335
0.0084821
0.0065325
-0.0058566
0.0059654
0.0019999
0.0029307
0.0011073
-0.001961
0.002185
0.0079312
0.0020227
-0.0095345
-0.0005762
0.0022317
0.0075195
0.0061272
0.0086
0.002542
0.000801
0.0013703
0.0078344
-0.0071904
-0.0023756
0.0058531
0.0073419
-0.0074359
-0.0038738
-0.0068899
-0.0008576
-0.009222
0.0019423
-0.0007671
0.0067874
0.0096372
0.0057449
0.0073312
0.0067589
0.0099208
0.0041813
0.0025102
-0.0057225
0.0099255
0.0003171
0.0035253
0.000803
-0.001249
-0.0051892
0.0065354
-0.0063499
0.0099359
-0.0043592
-0.0071263
0.0017492
0.0061108
0.0015927
-0.0098769
-0.0012135
-0.0093031
0.004157
-0.0041903
-0.0027627
0.0049021
0.0095058
0.0068112
0.002061
0.0096824
-0.0066378
0.0034453
-0.00152
-0.0016098
0.005088
-0.0096608
-0.0022337
0.0079472
-0.0040349
-0.0019098
0.0041291
0.0063404
0.001314
0.0070572
0.0014862
0.0069533
-0.0002316
0.0021018
0.0044119
0.0065566
0.0003639
-0.0061769
-0.0008482
-0.0023408
0.0054116
0.0014485
0.0094048
-0.0092429
-0.0010015
-0.0091117
0.006456
-0.0042983
0.0045862
0.004509
0.0099699
0.0043954
0.0066865
0.0013552
0.0067945
-0.0080402
-0.0027143
-0.0081473
0.0009952
-0.0050025
-0.0030528
0.0095802
0.0047388
0.0036028
0.0069153
-0.0064699
0.0080582
0.0079012
-0.0028171
-0.0049763
0.0020341
-0.008002
-0.0032351
0.0099966
-0.0068733
0.0060605
-0.0086863
-0.0006152
-0.0022222
0.0091857
-0.0063934
-0.0092805
-0.0042681
-0.0046031
-0.0097013
0.0015787
0.0029798
-0.0048847
0.0003264
0.0072006
0.0026592
0.0048229
0.0090791
0.0035902
-0.0080259
0.0016292
0.0008717
0.0059039
-0.0026695
-0.0077162
-0.0094449
0.0033447
0.008063
-0.0032042
0.008414
-0.0009264
0.0069672
0.0018758
-0.000745
-0.0017083
0.0038432
-0.0091569
0.0081768
-0.0030839
-0.0012439
-0.0038501
-0.007004
-0.0034971
0.0010018
-0.001859
-0.0008375
0.0091143
0.0042438
0.0004426
-0.0084759
0.0033775
-0.0083791
0.0029198
0.0023907
0.0008411
0.0038388
-0.0062835
-0.0005527
-0.0001444
0.0029302
0.0090864
-0.0029587
0.0076977
-0.0013517
0.0099215
0.0036634
0.0038636
0.0027012
-0.0026497
-0.0073809
-0.0012267
-0.0096596
-0.0025008
-0.0047684
-0.0099307
0.0038583
-0.0077782
-0.007788
-0.002596
-0.0034949
0.0004585
-0.006011
-0.0028301
-0.0058824
0.0010832
-0.0045928
0.0007236
-0.0090051
-0.001247
0.0037882
0.0083763
0.0084932
0.0093029
0.0067012
-0.0006247
0.0073152
-0.0073369
0.0037911
-0.0081482
0.0024874
-0.004112
-0.0019755
0.0047351
-0.0079596
0.0016661
0.0080965
-0.0020909
-0.0093843
-0.0044306
0.0005862
0.005716
-0.0034646
-0.0025981
-0.0084372
0.0013195
-0.0098294
0.0053215
0.0037278
-0.0082909
0.0085936
-0.0037692
0.005735
-0.0052706
0.0060407
0.0081005
-0.0033008
0.009186
0.0095899
-0.0067334
0.0046029
0.008041
0.0078452
-0.0032493
-0.0030746
0.0097649
0.0051337
0.0067214
-0.0095913
-0.0037514
-0.0090214
0.0090091
-0.0091594
0.0054172
-0.006166
0.0061933
0.0079703
-0.0036329
0.0066666
-0.0053387
0.0012022
0.0031471
-0.0033499
-0.0085841
0.0098589
-0.0080713
-0.0028371
-0.003203
-0.0096773
-0.0046652
-0.0052774
0.0032282
0.0026128
0.001449
-0.0026287
0.008653
-0.0095544
-0.0010246
0.0027859
0.0012062
-0.0093067
-0.0016886
0.0010371
-0.0094565
0.0047105
-0.0057782
-0.0081753
0.0046083
0.0040503
0.0054119
0.005599
-0.0010003
-0.0015168
0.000657
0.0057444
0.0012202
0.0003358
-0.0064463
