-0.0086299
0.0021439
0.0032595
0.0043422
-0.0073054
0.0050849
-0.0053282
0.0041734
0.0002894
0.0024787
-0.0098033
0.0086533
-0.0015027
-0.000713
0.0029134
-0.0096379
0.0031588
0.0093542
0.0017589
0.0072977
0.0025664
0.0013018
0.0015734
-0.0002895
-0.0094411
0.004931
0.0051048
0.0067595
-0.003722
0.0042418
-0.0042089
0.0065136
0.0029437
0.004641
-0.0009306
0.00336
-0.0002629
0.0099456
0.0070896
-0.0052237
-0.0079125
-0.0069967
-0.0042687
0.0044179
0.0071251
-0.0039604
-0.004913
0.0088375
0.0091535
-0.0008867
-0.0040607
-0.0065385
0.0006317
0.0032993
0.0050045
0.0066102
-0.0011103
0.0025149
0.0014166
-0.0082286
-0.0056346
-0.005506
-0.0064733
0.0037857
-0.0013847
-0.0054098
-0.008398
0.0037035
-0.000162
-6.39e-5
0.0048376
-0.0079356
0.0041169
-0.0013785
-0.0063153
-0.0032327
-0.0021847
-0.0096164
0.0002909
0.0054276
0.0079334
0.0094051
0.003582
-0.0058519
-0.0066677
-0.0097317
0.0043575
-0.009534
-0.0029932
0.0031743
0.0073653
-0.0006292
0.0048571
-0.0044987
-0.0099854
-0.0069873
0.007303
-0.0041641
-0.0029118
0.0065995
-0.0034605
-0.0089909
-0.0007084
0.0048602
0.0090262
0.0003858
0.0014218
0.0011802
0.0015451
-0.0011662
-0.008944
-0.0007375
-0.0015856
0.0030596
0.0029689
-0.0066695
-0.00325
-0.0082497
-0.0078991
-0.0010005
0.0024055
0.0068451
-0.0053283
7.46e-5
0.0060949
-0.0024696
0.0062539
0.0099676
0.0085093
-0.0012545
0.0070419
0.0043657
-0.0012277
-0.0097646
-0.003771
-0.0025229
0.0025711
-0.0045744
0.002673
0.0097469
0.0011705
-0.0013685
0.009593
0.0099884
0.0086593
-0.0060044
0.005959
0.0068497
0.0066485
0.0005673
0.0082347
-0.0039191
0.0032469
-0.0032604
0.0066868
0.0001599
-0.0032067
0.0046267
-0.0004304
-0.0067621
0.002104
-0.0041986
0.0063469
0.0084004
0.0086754
-0.0094816
0.0051235
-0.0051535
-0.0037841
0.0061187
0.0015806
0.0096711
0.004093
-0.0060539
0.0079389
0.0072615
-0.0074582
0.0010501
-0.0042256
-0.0084814
0.000556
-0.0038828
0.0009579
0.0009425
-0.002221
0.0044796
0.0081652
-0.0020656
0.0057982
0.0032256
-0.0014205
0.0052213
-0.0076527
0.0003489
-0.0013652
-0.0084928
-0.0047762
-0.0057168
0.0087689
-0.0051473
-0.0030434
0.0079738
-0.0095537
-0.0064784
0.0040125
-0.0002456
-0.0034881
-0.0056959
0.0054584
0.005911
-0.0070053
-0.003118
0.0003338
0.0010448
0.0003064
-0.0013287
0.0029521
-0.0094532
-0.0024431
-0.0007419
-0.0080366
0.0019662
0.0092331
-0.005173
-0.0078171
0.0089014
0.003981
-0.0071297
0.0099245
0.0008749
0.0061598
-0.0065572
0.0055078
-0.0098773
0.0018888
-0.0074199
0.0094475
0.0035197
0.0018574
-0.0023608
-0.0095759
-0.0007714
0.009337
0.0095198
0.008873
0.0009822
0.0056156
-0.0024603
-0.0095781
-0.0063516
-0.0047145
0.0021173
-0.0063862
0.0092268
-0.0028754
-0.0067174
0.0037083
0.0035823
0.0024654
-0.0029317
-0.0097333
0.0075307
0.0068684
-0.0057511
0.0073041
0.0035899
0.0060918
-0.0012038
0.0052846
-0.0061429
5.74e-5
-0.0001638
0.006926
0.0095363
0.0097175
-0.0049578
0.0020643
0.0028207
-0.0067861
-0.0062949
-0.0009603
0.00403
0.0020777
0.0097829
-0.001419
-0.0065738
-0.0079211
-0.0069502
-0.0058337
-0.0074801
-0.0063689
0.0077175
-0.0092985
-0.0014338
0.0063537
-0.0001881
-0.0013734
0.0032289
-0.0018699
-0.0087057
0.0021491
-0.00826
0.0083239
0.0049692
0.0053056
-0.0076156
-0.0023742
0.0002567
-0.0008047
0.0064168
-0.0064674
0.0017391
0.0059855
0.008532
0.0013848
0.0091306
0.0050468
-0.0067039
-0.0051676
0.0042771
-0.0085965
0.0034359
0.0075371
-0.0018737
0.0028365
-0.0006431
0.0031871
0.00622
-0.00208
0.0072154
-0.0012232
-0.0028856
0.0024148
-0.00595
-0.0005762
0.0064214
0.0053034
0.0074072
0.008572
-0.0056059
-0.0006372
-0.00955
0.0046447
0.0075971
-0.000414
-0.0048185
-0.0086388
-0.0073672
-0.0061897
0.0013228
-0.0006978
-0.0007369
-0.0086045
-0.0090681
0.0037701
0.0006534
-0.0041143
-0.0066706
0.008306
-0.0079274
0.0042505
0.0086267
-0.006022
-0.0044297
0.0034183
0.0017574
0.0074164
3.7e-5
0.0091224
0.0027303
5.92e-5
-0.0038602
0.0037579
0.0022248
0.004894
-0.0084348
0.0027939
0.0028583
0.0086972
0.0011732
-0.0094372
0.0069552
-0.0001871
-0.0011607
-0.0014556
-0.0010743
0.0021523
0.006787
-0.0099263
0.0014687
-0.0037054
-0.0068062
0.0050309
0.0082334
0.0072986
-0.0096205
0.0007163
0.0006742
-0.0036095
0.0014867
-0.0003299
-0.0040965
0.007002
-0.0085558
-0.0042881
-0.0045204
-0.003485
0.0010886
-0.0007191
0.0082883
-0.0097318
0.0048439
-0.0074061
0.0093634
0.001036
0.001383
0.0040391
-0.0071952
-0.0072277
-0.0075363
0.0040629
0.0033564
0.0086715
-0.0006926
0.0019282
-0.0080188
-0.0081029
-0.0012733
-0.0021841
-0.0096912
0.0099602
0.0083124
0.0078911
0.0019152
-0.00201
-0.0050589
-0.0086254
-0.0031506
-0.008634
-0.003225
-0.0066666
0.0063266
0.0056972
-0.0069562
-0.0096626
-0.0041565
-0.0092861
-0.0014374
-0.0068942
0.0053182
0.008892
-0.0010931
0.0089455
-0.0001626
-4.83e-5
0.0012053
-0.0041569
-0.0026034
0.0046459
-0.0072782
-0.0050807
-0.0077712
0.0093977
-0.0045229
-0.0045075
-0.0053963
0.0052647
0.0034349
-0.0019797
-0.0031197
-0.0058357
-0.0093109
0.0076712
0.0074692
-0.0079355
0.0024122
0.0051711
-0.0003364
0.0097583
-0.0071762
0.0054561
-0.0027972
0.0040571
0.0083338
-0.0063694
-0.0078043
-0.0033737
0.000323
-0.0045763
-0.0085253
-0.001891
-0.0093668
0.0036375
0.0010916
0.0098557
