-0.0005155
0.0055851
-1.94e-5
0.0063467
-0.0049917
-0.0015176
0.0037906
-0.0054244
-0.008388
-0.0030049
-0.0049664
0.0046797
0.0056318
0.0043504
-0.0006462
0.0018894
0.0028239
0.0093942
0.0037734
0.0015679
0.0077529
0.0095561
-0.0015253
0.0065671
-0.0059308
0.0
-0.003357
-0.0049235
-0.0074493
-0.0091941
0.0003333
0.0053962
0.0027247
-0.004925
-0.0042179
0.0045947
-0.0065474
0.0039002
-0.0082114
0.001508
0.0086381
-0.0091389
-0.0064456
-0.0041861
0.0084212
-0.0083844
0.0078923
-0.0018386
0.0043064
0.0081554
-0.0067411
0.0020425
0.007786
-0.0068968
-0.004462
-0.0086553
0.0044281
-0.001383
0.0075556
-0.005521
-0.0021965
-0.0006506
-0.0029937
0.0076077
0.0022641
0.0013904
-0.0039983
-0.0083752
0.002717
0.0057551
-0.0082206
0.0063704
0.0046769
0.0044938
0.0051902
0.0026659
0.003635
0.006923
0.0028638
0.0005941
-0.0019782
-0.0055411
0.0060924
0.000513
0.0027734
0.0044321
0.0052577
0.0078136
0.0019316
-0.0018027
0.0023364
-0.0047818
-0.0060252
-0.0053878
-0.0002164
-0.007009
0.007861
-0.0047304
-0.0085089
-0.0072701
-0.004712
0.0042597
-0.0049746
0.0084558
0.0049205
-0.0059289
-2.13e-5
0.0044236
0.0061657
-8.32e-5
-0.0031623
0.0097136
0.0053018
0.0052519
-0.0072636
0.003811
-0.0053297
0.0030051
0.0047305
0.0059147
-0.0023672
-0.0033801
-0.0057324
-0.0018244
-0.0018352
-0.0077457
-0.0096196
0.0070742
-0.0068931
0.0068241
-0.0034355
0.008516
-0.009092
0.0069897
-0.0046807
0.0034723
-0.0042565
0.0081259
-0.0097291
-0.0043942
-0.0092792
-0.0071594
-0.0042433
0.0057493
-0.0041472
0.0070585
-0.0009016
-0.0051121
0.0019996
-0.0084052
0.0096329
0.0032587
0.0091032
0.0028555
-0.0015384
-0.0007992
0.008023
0.0050382
0.0062334
0.0097569
-0.0078449
0.0040366
-0.0074378
-0.0090263
-0.0042976
0.0072295
-0.0080445
0.009247
0.0011662
0.0051831
0.001163
-0.0010683
0.0035556
0.0027346
-0.001687
-0.0032949
-8.84e-5
0.0080855
-0.0048304
0.003104
0.0038339
0.0087144
-0.0006493
-0.002935
-0.0014928
-0.009399
-0.008872
0.0038496
0.0062912
0.00837
-0.0065634
0.0022907
0.0060257
-0.004495
0.0044095
-0.0026227
-0.0082977
0.0009083
0.0053139
-0.0094152
-0.0023877
-0.0007152
-0.0069853
-0.0090731
-0.0051813
0.0033252
-0.0086054
-0.0068932
0.0085075
0.0049768
0.0010646
0.0072651
0.0029978
0.0068103
0.008906
-0.002756
-0.0098097
0.009257
0.0062355
0.0041016
0.0039965
0.000792
-0.0093752
-0.0056563
-0.0037942
0.0023098
-0.0039358
0.0029463
0.0054774
0.0073793
-0.0060779
-0.0066015
-0.0086787
-0.0009061
-0.0039903
0.0071658
0.0064548
-0.0086215
0.0071034
-0.0099876
-0.0073514
0.004473
0.0027307
-0.0039709
0.0030476
0.0087722
-0.0093334
-7.88e-5
0.0097796
-0.0002725
0.0096041
-0.0067884
-0.0086495
0.007065
-0.0046536
-0.0094928
0.0039711
0.0026694
0.0083384
-0.009845
0.0081147
0.005762
-0.009935
-0.0045351
0.008808
0.0085372
-0.0038815
-0.006789
-0.000759
-0.0098732
-0.007762
-0.0041024
-0.0096759
-0.0011378
-0.0073865
0.0092646
0.0061259
0.0082883
0.0056515
-0.0032622
-0.0041644
-0.0007879
-0.0071273
-0.0004163
0.0002378
-0.0030021
0.0001855
0.0087396
0.0084849
-0.009013
-0.0087463
-0.0095285
0.0052172
-0.0097523
0.0050808
-0.0098376
0.007631
-0.0056937
0.0077323
-0.0095022
-0.0082669
-0.0034718
-0.0005365
0.0075775
0.003937
-0.0022551
0.0003041
0.0001813
0.0051238
-0.0065819
-0.0094845
-0.0040946
-0.0036438
0.0041671
-0.0044607
0.0080903
-0.0053294
0.0090081
-6.64e-5
-0.0042794
-0.0070372
0.0048495
-0.0066675
0.0075033
0.0089895
0.0069503
0.0008495
0.0021072
-0.0072808
-0.0055749
-0.0059382
-0.0059365
0.0069924
-0.0016526
0.007158
-0.0093499
-0.0066339
0.0087026
-0.0043225
-0.0063409
0.0043323
-0.004729
0.0059466
-0.0058093
0.0012687
-0.0075936
-0.0049798
-0.0036793
0.0046014
0.0085065
-0.0064528
0.0043091
-0.0064884
-0.0095203
0.0019091
0.0035784
0.0024357
0.0086955
0.0098104
-0.0020298
-0.0068619
-0.0089533
-0.0036485
0.0016081
0.0064976
0.0088978
-0.0081702
-0.0091419
0.0034295
-0.0044231
0.0049609
0.0026376
0.0007323
0.0012078
-0.0080704
0.0037755
0.0018313
-0.001236
0.0041128
0.0030378
0.0067265
-0.0089644
0.0091072
0.0090309
0.0008871
0.004774
-0.0014587
-0.0055852
-0.0017987
0.0012677
0.0028101
0.0084903
-0.0074933
0.008127
-0.0096174
0.005047
0.0089114
-0.0022207
-0.0059244
0.0011567
-0.0016389
0.0014888
0.0068547
0.0054918
-0.0034403
0.0005078
-0.0060684
0.0031907
-6.03e-5
0.0018173
0.007468
-0.0092669
0.0004757
0.0009977
-0.0005861
0.0087819
-0.0010637
-0.0019159
0.0023402
-0.0046872
-0.008297
-0.0038352
-0.0093213
-0.0003712
-0.0068303
0.0085063
0.0068868
0.0075128
0.0012007
0.0028839
-0.0089868
0.0014834
-0.0022804
0.0005309
0.0091533
0.0078121
0.0081417
0.0045217
0.0086858
0.0097786
-0.0079953
0.0060804
-0.0061466
0.0079784
0.0094849
-0.0067691
0.0008334
0.0065051
-0.0072538
-0.0009316
-0.0029767
-0.0060407
-0.0045401
-0.0001233
0.0062249
-0.0038792
-0.0010697
0.0066753
-0.0069897
0.0018177
0.002899
0.0031033
-0.0038872
-0.0069085
0.0042984
0.0063849
0.00128
-0.0048759
-0.0053209
0.0087126
-0.001055
-0.008106
0.0007293
0.0035377
0.0024375
-0.0033752
-0.0042351
-0.005909
0.0099994
0.0078902
-0.0068034
-0.0045393
0.0086595
-0.0081202
0.0092736
0.0069209
-0.0097532
-0.0029302
0.0065031
-0.0042182
0.0023502
0.0012528
0.0002814
-0.0066591
0.002402
