0.0084573
0.0005255
-0.0019757
0.0011893
-0.0088306
-0.0006803
0.0060379
0.008936
-0.0012086
0.0065456
-0.0069556
0.0054856
-0.002604
-0.0031337
0.0032092
-0.0067657
-0.0018943
0.0023635
0.0097576
-0.0097879
0.0093319
-0.0060733
-0.0079268
0.0064235
-0.0085617
0.0032592
0.0060294
0.0047345
0.0098888
-0.0099746
-0.0077143
-0.0011148
-0.0040091
-0.005312
-0.0044232
-0.000636
-0.0092827
-0.0054665
0.0088904
-0.0022985
-0.0078763
-0.0042736
0.0083505
0.003584
-0.0046052
-0.0033288
0.0036087
0.0046
0.008719
0.0067595
0.0033905
0.0043418
0.0028682
0.0086435
-0.0076615
0.0048914
-0.0087037
0.007264
-0.0027233
0.00549
0.0002184
-0.0097233
0.0061604
0.0013327
9.12e-5
-0.0070109
-0.0099367
-0.0031164
-0.0036325
0.0017224
-0.0039566
0.0008821
0.0077794
0.0088019
7.54e-5
0.0045145
-0.0082867
0.0031861
-0.0098299
-0.0036821
-0.0037669
-0.0056721
-0.0027094
0.0053241
0.0051058
-0.004666
0.0093603
-0.0060602
-0.0027081
0.0007727
0.0094555
-0.0091884
-0.0087988
0.0024867
0.0031267
0.003463
-0.0075588
0.0067225
0.0090293
5.66e-5
0.0014947
0.000209
-0.0044085
-0.0094722
-0.0022104
-0.0043749
0.0045351
-0.0037073
0.0048547
0.0082879
-0.0097233
0.0077822
0.0034497
0.0056208
-0.0008991
-0.0028881
-0.0072365
0.0053464
-0.0091595
0.0031484
0.0074004
-0.0060006
0.001163
-0.0037497
0.0061092
0.0061156
0.0006211
0.0006482
-0.0035114
-0.0072283
0.007251
-0.0029675
-0.0035762
0.0062385
-0.0086884
-0.0032667
0.0025631
0.0034786
0.0076694
-0.0095385
-0.0089583
0.0040471
0.0081039
-0.0018482
-0.0051067
0.0010695
0.0073858
-0.007085
0.0069698
-0.0059729
0.0074595
-0.0047611
-0.0027638
0.0099296
0.0003739
-0.0006611
0.0048116
0.0070825
0.0066997
-0.0077712
0.0015154
-0.0073132
0.0090312
-0.0014686
-0.0032336
-0.00719
-0.0032953
-0.0084736
0.0003786
-0.0028996
-0.0094742
0.0049804
0.0051915
-0.0084148
-0.0020142
0.0053117
-0.007247
-0.0059278
-0.0002459
-0.0029555
0.0062109
-0.0051902
0.0057473
0.0021704
0.0024502
0.0098045
6.0e-6
-0.0069493
-0.0040175
0.0070524
0.0093508
0.009808
-0.0034095
-0.001682
0.0048431
-0.0033061
0.0013819
-0.0050156
-0.0098364
0.0029945
0.0070187
-0.0055874
-0.0020142
-0.0081426
0.0031029
-0.0010934
-0.0092924
0.0071757
0.0027534
-0.0087286
-0.0008327
0.0018227
0.0001867
0.0087274
-0.001177
-0.0068637
-0.0026676
0.0088267
0.0052767
0.0089998
-0.0016609
0.0059702
0.0067437
-0.0023339
0.0047945
0.0089632
-0.0020637
0.0093706
-0.0048996
-0.0058354
0.0034292
-0.0040564
-0.0081532
0.0067759
0.0046745
-0.0034739
0.0022773
0.0066942
0.0091159
0.0070841
0.0020943
-0.0021143
0.001084
-0.0091792
0.0097106
-0.0034764
0.0057473
0.0028523
0.0023005
0.0095769
0.0051656
-0.0015718
-0.0047985
0.0083587
-0.0094434
0.009534
0.0026518
0.0018696
-0.0077198
-0.0072266
-0.0071701
-0.0073627
-0.00609
0.0067821
0.0089468
0.0071871
-0.0084862
0.0062308
0.003353
2.8e-5
-0.0031586
0.0064954
0.0072756
-0.003865
0.0044226
0.0066988
-0.0052347
-0.0043286
0.0062824
-0.0017045
0.0014791
0.0089579
-0.0027798
-0.0035882
0.005164
-0.001754
0.0049512
0.0098475
0.0067479
0.008569
-0.0085315
0.0087004
0.0018453
-0.0015253
-0.0078825
-0.0015258
0.009461
0.006321
0.0099727
0.0018024
0.0095424
-0.0087615
0.0002428
0.0008506
0.00865
-0.0099027
-0.0092088
0.0001525
-0.0062962
0.0082714
0.0053244
0.0056358
0.0001102
-0.0019111
-0.0021418
0.008845
0.0004875
-0.0097949
-0.0021787
-0.0090061
0.0087028
0.0005189
0.0065365
0.0041625
-0.0096852
-0.0057108
-0.0075025
0.0085289
-0.0084146
-0.0024011
-0.0012919
-0.0004042
0.0001199
0.0054504
0.0054523
0.0054023
0.0066203
0.0074902
0.00247
-0.0077356
-0.0019267
0.0044216
-0.0079443
0.0028231
0.0068404
3.22e-5
0.0037538
-0.0013589
-0.000839
0.0010774
0.0086096
-0.000774
0.0079164
0.0056373
0.0051054
-0.0097745
-0.0061726
-0.0073654
-0.0014866
0.0099345
-0.0071324
0.0002688
-0.0081393
-0.0031669
-0.0056164
-0.0029227
-0.0024018
-0.0016111
-0.0055035
0.0088265
-0.0006566
0.0097038
0.0024104
0.0014353
-0.0070996
-0.0014847
-0.0076327
0.0060732
-0.0079742
-0.0058365
0.0032026
0.0011103
-0.009973
0.009583
-0.0072536
-0.0052199
0.0072006
0.0042073
0.0028395
-0.0063752
-0.0046897
-0.003648
-0.006505
-7.12e-5
0.0043472
-0.005984
0.0050413
0.005089
-0.0077276
-0.0088051
-0.0006242
0.0029088
0.0032536
-0.0019398
0.0083068
0.0055855
0.0083292
-0.0008391
0.0045299
-0.0093988
-0.0083249
0.0066114
-0.0080883
0.0069297
-0.0064998
0.0009546
-0.0072866
-0.0005439
-0.0073749
-0.0030858
-0.0057911
0.0076727
0.0053837
0.0072788
0.0087029
-0.000596
-0.0081235
0.006098
-0.0079515
0.0055499
0.0070268
-0.0098158
0.0033596
-0.0038296
-0.0015304
-0.0019493
-0.0049927
0.0054328
-0.0061727
-0.0038219
0.0016404
-0.0069216
-0.0080407
0.0032361
-0.0047912
-0.0055818
0.0037182
-0.0029171
-0.0061356
-0.0043794
-0.0015175
0.0069917
-0.0007001
-0.0051171
-0.0016971
0.0098395
-0.0089241
0.0062799
0.0005407
-0.006583
0.0041128
-0.0038158
0.0043985
-0.0081445
0.0073469
0.0014519
-0.0096748
-0.0014462
0.0057711
0.0027293
-0.0017987
-0.0039738
-0.0008921
0.0091709
0.0024982
-0.0091859
0.0065121
-0.0077949
0.00294
0.0050791
0.0023376
-0.0040944
0.002646
0.0080579
0.0085921
0.0033062
-0.0059084
0.0090687
-0.0014841
-0.0079089
0.0067133
0.0003045
0.0003853
-0.0015014
-0.0076365
