-0.0008323
0.0017947
-0.0093112
-0.0063535
-0.0072806
0.0059125
0.0083018
-0.0068631
-0.0099509
0.0031243
-0.0057486
-0.0065974
-0.0009094
0.0044933
0.0033446
-0.0096531
-0.0068059
-0.0070034
0.0058522
0.0005111
-0.0074875
-0.0089067
0.0033348
0.0031213
0.0004928
0.00135
0.0042255
-0.0057412
0.0018283
-0.0033695
0.0005448
-0.0087431
-0.0039445
0.0024242
-0.0049509
-0.0007437
-0.0070401
0.0007491
-0.0019231
0.0011796
-0.0019502
-0.0089814
-0.0067801
0.0005586
0.0094009
-0.0051272
0.0049938
-0.0025196
-0.0054
0.0061488
0.0019154
0.0037599
-0.0007035
0.0046124
0.0069639
-0.0093631
-0.0015686
0.0042875
-0.0024587
-0.0020083
-0.0095729
-0.0087783
-0.0023886
0.0050288
-0.0073539
-0.0059249
-0.0076117
0.0036497
0.0009815
-0.0029605
0.0027802
0.008248
-0.0087306
0.0005827
0.0052518
0.0035675
-0.0007504
0.004264
-0.009553
0.0096918
0.0030644
-0.006675
5.26e-5
-0.001583
-0.007103
-0.0052931
0.0087723
0.0085374
0.0058441
0.0039688
-0.0015478
0.0085592
0.0094509
-0.0025485
0.0053767
-0.0087833
0.003111
0.0023374
-0.0080073
-0.0026578
-0.0054296
-0.0025909
-0.0057655
0.0013488
-0.0029782
-0.0043401
0.0003382
-0.0023688
0.0011487
-0.002101
-0.0004803
-0.0058184
-0.0064032
0.0048867
0.0011467
0.0043633
-0.007961
0.0042546
0.0074719
-0.0010428
0.0059695
0.0056325
-0.0092326
-0.0002806
0.0012298
-0.0028088
0.0062223
0.0026361
-0.0093779
4.24e-5
-0.0092947
0.0049245
0.0070409
0.0017772
-0.0003586
-0.0099481
0.0089058
-0.0064652
0.0074943
-0.0015846
-0.0041588
0.0059736
0.0010324
0.0004743
0.000671
-0.0017299
0.0066099
-0.0043716
0.0078064
0.0040473
0.0041728
-0.0015133
0.007435
0.0082024
0.0064322
-0.0009481
-0.0073373
-0.0070382
0.0061352
0.0061713
-0.0099945
0.0004937
-0.0051422
-0.0066838
0.0001342
-0.0083038
0.0080949
-0.0080074
0.0018478
-0.0037612
-0.0029931
-0.0022118
-0.0053885
0.0097721
-0.0036882
-0.0016435
0.001712
-0.0082289
0.0082181
0.0058717
-0.0004297
0.0074687
-0.0085951
-0.0029474
-0.001475
0.006092
0.009709
0.0010517
0.0096995
0.0037576
0.0024967
0.0086098
-0.0025895
0.0083827
0.008863
0.00612
-0.0088135
0.0016123
-0.005255
0.0010025
0.0057981
-3.57e-5
-0.0037033
0.0067909
-0.0098292
0.0008006
0.0017366
-0.003484
0.0051516
-0.0057827
-0.0087769
-0.0024259
-0.0083883
0.002665
-0.006835
-0.0093044
0.0019442
-0.0047283
-0.0034387
-0.0063962
-0.0073179
0.0072141
-0.0023048
-0.0019236
-0.0008574
0.0005713
0.0035956
0.0065501
0.0020804
0.0019042
-0.0080311
-0.000767
0.0078914
0.0066265
-0.0008351
0.002455
0.0071409
0.0032029
-0.0095671
-0.0054695
-0.0066962
0.0071691
-0.0095929
0.0098295
0.0006646
-0.0034777
-0.0052728
-0.007263
0.000366
0.0053821
-0.0049636
0.0061975
0.0044958
-0.0025049
-0.0077769
-0.0013587
0.0040692
0.0097237
-0.007899
-0.0002016
0.009565
0.0032091
0.0033734
-0.001831
-6.09e-5
-0.0064047
0.0044324
0.0047732
0.0091756
0.0030272
0.0039424
-0.0021642
-0.0073345
-0.0063701
0.002842
-0.0098371
-0.0017752
0.0011626
0.0075108
0.0006399
0.0023759
-0.0055118
0.0033074
0.0018372
0.0013313
-0.0057668
0.0074362
0.0091809
0.008569
-0.0039724
-0.0023785
0.0004288
0.0044245
0.0046764
0.0072382
-0.0041426
0.003214
-0.0052543
-0.0036298
0.0063094
-0.0031338
-0.0038371
0.0096976
-0.0088099
-0.0039932
0.0009293
0.0087326
0.0014206
0.0036113
0.0027532
0.007457
0.007436
-0.008769
-0.0098481
-0.0047778
0.0038208
-0.0009131
-0.0049675
-0.0039025
-0.0074073
0.0043843
-0.000347
0.0057798
0.0033032
-0.0051836
-0.0022563
-0.0078985
0.002555
-0.0016296
0.0058063
-0.0074884
0.0030248
-0.0017538
0.0087987
-0.0087284
-0.0005017
0.0089049
0.0027625
0.0034769
-0.0032366
0.0012162
-0.0078543
0.0023139
-0.0071832
0.0055718
-0.0034022
0.0073907
0.0071938
0.0072448
0.0049527
-0.0031219
0.0029056
-0.0085376
-0.005186
-0.0039897
0.0031491
0.0049119
-0.0072885
0.0007299
0.0072558
0.0097956
-0.0055403
-0.0049476
-0.0010331
-0.0069183
-0.0008314
-0.000979
0.0049138
0.0051797
-0.0052884
-0.0067945
-0.0070936
-0.0030407
0.0026431
-0.0049157
0.0017233
0.0041758
7.19e-5
-0.0043446
0.0074316
0.0066048
-0.0065997
-0.008035
0.0017448
0.0072083
-0.0006382
-0.0071729
-0.0037097
0.0044381
-0.0014105
-0.0033288
-0.0051881
0.0059505
0.0091433
0.0041881
0.0090395
-0.0061747
0.006896
0.0026861
-0.006299
0.0078784
-0.0040024
-0.0094294
-0.0034508
-0.0087886
-0.0069775
0.0087996
0.0010852
0.0040037
0.0053723
-0.000203
-0.0052609
-0.0010053
-0.0051534
0.0088751
0.0061019
-0.0001169
-0.0038121
-0.0049635
-0.0081656
0.0091723
0.0006325
0.0011817
-0.0062577
-0.0073044
0.0053325
0.0009478
0.0064798
0.0021486
1.64e-5
0.0060505
-0.0022158
0.0050157
-0.0040364
0.0014801
-0.0006617
0.0061078
0.0036629
-0.0049285
-0.0046095
-0.0011093
-0.009825
0.000213
-0.0017631
-0.008606
0.0092118
-0.003393
0.0063544
-0.0016333
-0.0034779
-0.0069567
-0.0090886
0.0068762
-0.001986
-0.0093897
0.0086575
0.004769
0.0066514
-0.0045954
-0.0033207
0.0084169
0.0071726
0.0053068
-0.0094465
0.0040513
0.0031393
0.0047434
-0.0007286
0.0007761
0.0090787
0.001261
-0.0029122
-0.0059101
0.0037279
-0.0036733
-0.0015938
-0.0092744
-0.0087396
-0.0048945
0.0054971
0.0073341
0.009579
0.0069665
-0.0051801
-0.0023775
0.0022348
-0.0054309
0.002236
-0.0073578
-0.0077681
-0.0021521
0.0095318
0.0047623
0.0052097
-4.59e-5
