0.0065926
0.0094428
0.0040486
0.0001409
0.0066641
0.0052416
0.0094156
-0.0037983
-0.0098642
-0.0021107
-0.0030995
0.0027529
-0.0047275
-0.0024818
-0.0091883
0.009317
0.0016377
-0.0037442
0.0075581
-0.0043389
-0.0031146
0.0067571
-0.0039462
-0.0046061
-0.0083846
0.0042399
-0.00134
-0.0041368
-0.0021391
0.0077562
-0.0030117
0.0060563
0.002097
0.0085639
0.0010039
0.001424
-0.0066547
-0.0030105
0.0084652
0.0085178
-0.0076913
-0.0059741
-0.0006125
-0.0026043
0.0080149
-0.0037407
0.00562
-0.0072653
0.0001169
0.0074739
-0.0092563
0.0070174
-0.0070157
-0.001156
0.0094527
0.0094884
-0.0042408
0.0002836
-0.0090096
-0.003256
0.0086689
0.0030013
0.0019656
-0.0082777
0.0070575
0.0067795
0.0052831
-0.0067418
0.002636
0.0059233
-0.0088237
-0.0084776
-0.0032241
-0.0013117
-0.0094678
0.0057715
-0.0078488
0.0091462
-0.001973
-0.0039402
-0.0036432
-0.004953
-0.0089399
-0.002774
0.006457
-0.0089548
-0.0078959
-0.0034632
-0.0088803
-0.0067057
0.0031782
-0.0045691
0.001411
-0.0012972
-0.0064772
-0.0019487
0.0011348
0.0020245
0.00395
0.008192
-0.0034199
0.0080926
0.0009323
-0.0010827
-0.0034665
-0.0080966
-0.0018337
-0.0042884
-0.0037208
-0.0079167
-0.0069242
-0.0003419
-0.0049322
-0.0094566
0.0090517
-0.0076362
-0.008647
-0.0040826
0.0044645
0.0079046
-0.0068136
0.0002739
-0.0022795
0.0056027
0.0005294
0.0025438
0.0076022
-0.0099293
-7.5e-6
-0.008846
-0.0046819
-0.0096041
-0.0013949
0.0032366
-0.0024551
-0.0036772
-0.0069637
0.0076314
0.0070676
-0.0099605
-0.0018607
-0.0001626
0.0094494
-0.0019112
0.0081384
0.0001182
0.0060904
0.0061838
-0.0047606
0.0047466
-0.0066921
0.002135
0.0007688
-0.0019184
-0.0074459
-0.0088022
0.0055094
0.0017422
0.0087242
-0.0065182
0.0061142
-0.0047081
-0.0001954
-0.0098436
-0.0054849
-0.0047294
0.006713
0.0072944
-0.0088149
0.0036439
0.0042977
-0.0083979
-0.0038198
0.0087728
-0.0037105
0.0024153
0.006457
-0.0009218
0.0055266
-0.0065981
0.0028568
0.0037555
-0.0039626
0.0033838
0.0078389
0.0046011
0.0052259
-0.002359
-0.0075903
-0.0012135
-5.15e-5
-0.0083344
0.0038012
0.006634
0.0022065
0.0022156
0.0070314
-0.0007981
0.0044253
-0.0049193
0.0023991
-0.0059416
0.0021591
0.0071304
0.0012895
0.005902
-0.0062235
-0.0090066
0.0030002
-0.0090583
-0.0007015
0.0039824
-0.0057617
0.0090637
0.0098583
-0.0071952
0.0011817
0.0056712
-0.0028564
-0.0012366
-0.0006329
0.002001
-0.0027521
-0.0044669
0.0049314
-0.0050944
0.0058986
0.0080725
0.0047191
-0.0002201
0.0088604
-0.0032018
-0.002536
0.0095461
-0.0065904
0.0068779
-0.0044491
0.0079522
0.0034241
0.0087186
-0.0074985
0.0021463
-0.0049085
-0.0013911
0.0061845
0.0078334
0.0082586
-0.0020715
0.0082603
0.0086028
0.009328
-0.0051953
0.005776
-0.0016703
0.0064684
-0.0095787
-0.0011722
0.0044145
-0.0072246
0.0050759
-0.0085469
-0.0079743
-0.0069407
0.0090995
-0.0080247
0.0014176
0.004425
-0.0031545
0.0052035
0.0008336
0.0007444
-0.0044181
0.0056379
-0.0081867
0.006773
0.0003029
0.003443
-0.0023709
0.0081617
0.0006062
0.0026841
0.0013506
0.0079371
0.0013367
-0.0005561
0.0001295
-0.0016752
-0.0041456
-0.0070154
0.006952
-0.0020252
-0.0072316
-0.0005138
-0.0054119
-0.0008828
-0.0090702
-0.0007434
-0.0072742
-0.0049496
0.0074496
0.0073237
0.0065887
-0.0072601
0.0098006
0.0052858
-0.0055942
0.0053798
3.03e-5
-0.0061074
-0.0092004
0.003343
0.0030131
0.000389
0.0091289
-0.0013759
0.0093818
-0.0069315
0.0032325
0.0031882
0.0037763
-0.0044918
0.004002
-0.0007911
-0.0009499
0.0075382
-0.0064495
0.0041477
-0.0059785
0.0033006
0.0092378
-0.0021588
0.0044401
0.0093867
0.0038313
-0.0028145
-0.000845
-0.0022761
-0.0020462
-0.0010863
0.0012683
-0.0093983
-0.0062132
-0.008106
-0.0017729
0.0097848
-0.0053563
-4.61e-5
0.0003932
0.0053596
0.002598
0.0047974
0.0063798
0.0088694
0.0029365
0.0005726
0.0096155
-0.008196
-0.0099528
0.0019144
-0.0037751
0.0008788
0.0029173
-0.0002738
-0.0051093
0.0034459
0.0068663
-0.0052094
-0.005066
-0.0090476
0.0001775
0.0047007
-0.0071326
0.0097254
0.0086395
0.0012853
-0.0084155
0.0035319
-0.0006382
0.0092884
0.0087448
0.0027982
0.0011603
0.0037653
-0.0010821
0.0038432
0.0040165
0.0069169
-0.0018752
-0.0078255
0.0037555
-0.0025262
0.0017665
-0.0099509
0.0023175
-0.0011164
-0.0066876
-0.0060031
-0.0058643
0.0017178
-0.0045934
0.001382
0.0083284
-0.0069809
0.0087719
-0.0076976
0.0027235
-0.0022976
-0.0015475
-0.0012909
-0.0045837
-0.0072586
0.0066863
0.0039537
-0.0018651
0.0008849
-0.0036361
-0.0082155
0.002359
-0.0058344
-0.003081
-0.0079352
-0.0028461
-0.0033081
0.0099421
-0.0039776
0.0098553
0.0056088
-0.0051331
-0.0065968
-0.0036476
0.0034026
0.0069934
0.0090361
-0.0083946
-0.0098639
-0.0052645
-0.0057806
0.0099981
0.0092135
-0.0041992
0.009278
-0.0057705
-0.007297
0.0045165
0.0068962
0.0020327
-0.0038212
0.0094785
-0.0049522
-0.0014215
0.0037403
-0.0044704
0.0011415
-0.0064586
-0.0073243
-0.0090441
-0.0021433
0.0090364
-0.0030523
0.0048702
-0.0074473
0.0014651
0.0060734
-0.0057501
-0.0015042
-0.0008493
-0.0059377
0.0047819
0.001443
-0.0015407
-0.001755
-0.0091166
0.0004658
0.004521
-0.0060942
-0.0030154
0.0052159
-0.0017843
0.0088196
0.000907
0.0087427
0.004305
-0.0002569
-0.0027003
0.0030871
-0.000599
-0.0075451
0.0011305
0.0094171
0.0016154
-0.0007154
0.005852
0.0086517
-0.0063291
0.0035792
