0.0052479
-0.0082425
0.0067976
0.0050563
0.0043313
-0.0038983
-0.0041374
-0.0001126
-0.0055448
-0.00443
0.0087347
-0.0035646
-0.0081373
0.0064491
-0.0020644
0.0031142
-3.87e-5
0.0009667
0.0098947
0.0053353
-0.0016312
-0.0052842
-0.0006863
-0.0084383
-0.0081957
0.0050607
-0.0030773
-0.0035472
-0.0047647
-9.18e-5
-0.0035768
0.0041053
0.005884
0.0013022
0.0005069
-0.0055145
0.0079307
0.008944
-0.0099729
-0.0009267
-0.0050962
-0.0037667
-0.0097129
-0.0037397
0.0047133
-0.0066928
0.0064485
-0.006633
-0.0047858
-0.0038483
-0.0096434
0.0060941
-0.0050888
0.0043181
-0.0083813
-0.0026327
-0.0009813
0.0051761
-0.0008761
-0.0009919
1.94e-5
0.003389
-0.0049746
0.0089338
-0.0036967
-0.0057061
0.0001363
-0.0055136
-0.0081256
0.0033038
0.0040926
0.0006577
0.0063544
0.0079111
-0.0016118
-0.0044881
0.0076252
0.0059471
-0.003216
0.0074677
0.0033299
-9.77e-5
0.0007473
-0.0031324
0.0087816
0.0095388
0.0032828
0.0038855
0.002229
0.0055379
-0.0033951
-0.0054371
0.0074708
0.0068008
0.005946
0.003006
0.006757
0.0064945
0.00925
-0.0097237
0.0096177
-0.0038887
0.0010712
0.006435
-0.0074133
0.0017936
0.0074312
-0.0028702
0.0030838
0.0002426
0.0031929
0.0075129
-0.0044103
-0.0013914
-0.0060494
-0.00057
0.0041783
-0.0028852
0.0047284
0.0079212
-0.0053041
-0.0084617
0.0001066
0.0019044
-0.0096277
-0.0011901
0.0001325
0.0071172
0.0076897
0.0048116
-0.0066722
-0.0086223
0.0070945
0.0028643
0.0022257
0.002286
-0.0078807
0.0083907
-0.0093392
0.009799
0.0049297
2.08e-5
0.0011316
0.0048417
-0.008078
-0.0090636
0.0067648
-0.0054238
-0.0075971
0.0034999
-0.0053791
-0.0077295
0.0090995
-0.0088264
0.0098366
-0.0041221
-0.0043127
-0.0057594
0.0074797
-0.0099362
-0.0093474
0.0008529
-0.0017421
0.0048867
-0.0019565
0.0067464
0.0071705
0.0002982
0.0036918
-0.0011849
0.0064551
-0.0007152
0.0090131
-0.0091821
0.0021725
-0.0028987
0.0025623
0.0003202
-0.0085115
0.0080914
-0.0064223
0.0079468
0.0048247
-0.0062999
0.0075053
0.0076029
0.0032078
-0.0008419
-0.0095372
-0.0094506
-0.0081554
-0.0099771
-0.0087833
-0.0044724
0.0075043
-0.0026178
-0.008862
0.0046412
-0.0090302
0.0049038
0.0088494
0.0096271
0.0052401
-0.009734
0.0048135
0.0087443
0.0044664
-0.0070754
-0.0034273
-0.0073579
0.0057727
0.0046004
0.0066764
-0.0054106
0.0012171
0.0065011
-0.0049463
0.0022806
-0.0053829
-0.002271
0.0069239
0.0099863
0.0061402
-0.0017201
0.0079818
-0.0092305
-0.0047414
-0.0065962
0.0027005
0.0035618
-0.0099985
-0.0046495
0.007988
-0.0091675
0.0010203
0.0003804
-5.03e-5
0.0083117
-0.0096035
-0.0021536
0.0016871
0.0070379
-0.0050829
0.0099392
-0.0096649
-0.0086374
-0.0038954
-0.002258
-0.0088271
-0.0069105
-0.0075722
0.0066505
0.0076622
0.0026057
0.0023737
0.0047331
-0.0043156
-0.0068251
0.008094
0.0012101
0.0099748
-0.0048475
0.0041314
-0.0033151
0.0008437
0.0043216
-0.0010511
0.0041538
0.0001836
0.0062299
-0.0080473
-0.0027886
0.0067617
0.0061172
0.0098494
0.0014281
-0.0004675
-0.0065897
0.0013878
-0.0045454
-0.0080516
-0.0083523
0.0064714
0.0052583
0.00153
0.0013511
-0.0089238
-0.0063884
0.0060246
0.0072718
0.0092351
-0.0083989
-0.0012333
0.0073119
-0.0037751
0.0032812
0.0015415
0.0094535
0.0050895
0.0062068
0.0067418
0.0078425
0.0017306
-0.0062923
-0.0015839
-0.0001642
-0.0040296
0.0059518
-0.0052925
-0.0064894
-0.0049063
-0.0091466
-0.00344
-0.0081663
0.0048995
0.0006171
0.0057219
0.0060613
0.000373
-0.0021757
0.0039059
-0.009108
-0.00831
0.0071585
-0.0081251
0.0037555
0.0090011
0.0002083
-0.0004702
-0.0065327
-0.0077401
0.0056835
-0.0082642
-0.0044401
0.0081728
0.0089617
-0.002641
0.005592
0.0017379
-0.0074647
0.0020358
0.0099028
-0.0056252
0.0006594
0.0087178
-0.0095908
-0.0052764
-0.0069202
-6.52e-5
-0.0064684
0.0051309
0.0024624
0.0026457
0.0029973
-0.002424
0.0078065
0.0099901
-0.0051614
0.0076217
0.0036957
0.003723
-0.0040608
0.0096525
-0.0034976
-0.0083224
-0.0096123
0.0087287
0.0054549
0.0041721
0.0027905
-0.0063661
0.0068201
-0.0008253
-0.0057646
0.0015611
-0.0059121
0.0017549
-0.0098424
0.0059429
0.0075503
0.0091955
0.0058587
-0.0086632
0.0025609
-0.0085333
-6.77e-5
0.0086102
-0.0062247
0.0006421
0.0047701
-0.0059229
-0.0066129
-0.0040417
0.0013502
-0.0094757
0.0089
0.0086222
-0.0078881
0.0096057
0.003537
-0.0036184
0.0061498
-0.0026685
0.0029857
0.0031756
-0.0071603
0.0074257
-0.0006651
-0.0042954
0.0084951
-0.0040464
0.0096348
-0.0030572
-0.0013732
-0.0008239
0.0050659
-0.0063158
-0.0002036
0.0073772
-0.00578
-0.0066488
0.009323
-0.0072408
-0.0092512
-0.0078299
-0.0013951
-0.0079959
0.0003297
0.0087548
-0.0010648
-0.0031863
-0.000275
-0.0011181
0.0091955
0.0063856
0.0061508
0.0043069
-0.0021579
-0.0095828
-0.0088157
0.0085239
0.0093865
0.0089079
-0.0068057
0.0042552
0.0049817
-0.0071303
-0.0028776
-0.0061145
-0.0071069
0.0084833
-0.0051875
0.0098695
0.0048338
-0.002299
-0.0024797
-0.0030871
-0.0055162
-0.000372
-0.0072456
0.0058112
-0.008932
0.0075999
-0.000397
-0.0051
-0.0079168
0.0001464
0.0097876
0.0091585
0.0003397
-0.0024413
0.0016846
-0.0086861
-0.000986
-0.0055786
-0.0064255
0.0037586
0.0064006
-0.0097115
0.0061009
0.0039938
0.0078577
0.0025127
-0.0023731
0.0048411
0.0004144
0.0048207
-0.009474
-0.0036523
0.0078071
-0.0023818
0.0053013
-0.0097294
-0.0086668
0.0050832
