-0.0073337
0.0041178
-0.0048467
-0.0075889
-0.0007266
0.0055656
-0.000882
0.0086888
0.0022786
0.0013405
-0.0069528
-0.0034028
0.0009064
0.0061298
-0.0058299
-0.0077218
-0.0076039
0.0043878
0.0053931
-0.0043739
-0.0075825
-0.0038501
-0.0055191
0.006992
0.0062657
0.0083095
0.0039433
-0.0011362
-0.0050478
-0.0054858
0.0027987
0.0078707
-0.0012736
-0.0003777
0.0098461
0.0078433
-0.0016558
-0.0048368
-0.0049684
-0.000269
0.0083394
-0.0087197
-0.005243
-0.0083257
-0.0019638
-0.0019034
0.0035925
0.0098564
-0.0046048
-0.0099451
-0.0007257
-0.0081597
-0.0015615
-0.005177
-0.0047458
0.0090342
0.0083996
0.0072027
-0.0013942
-0.0034431
0.0001155
-0.0008818
-0.0018909
-0.001929
0.0087901
0.0095991
0.0020333
-0.0061872
0.0043531
-0.0011083
-0.0057352
-0.0046152
0.0077172
-0.0099455
0.0069926
0.008638
0.0091391
-0.0046202
-0.0054721
-0.0098065
0.0084153
-0.0043063
0.0016613
0.0033176
-0.005035
-0.0086214
-0.0057322
0.0009531
0.0061346
-0.0074476
-0.0043036
-0.0011059
0.0051839
-0.0062898
0.0006227
-0.0024311
-0.0081543
0.0043694
-0.003182
0.0052919
0.0080229
-0.003278
-0.0030232
-0.0019506
-0.0093246
-0.0080853
-0.0093295
-0.0050269
0.0065723
0.0001916
0.003552
0.0048747
-0.0073457
0.0081178
0.0066946
-0.0055262
-0.0027552
0.0041069
0.0007398
0.0045661
-0.0020832
0.0045341
2.72e-5
-0.002921
0.0017526
-0.0095883
0.0054979
0.0008527
0.0024981
0.0061785
-0.0080761
-0.0068843
-0.0070539
0.0098498
0.0074238
-0.0098108
-0.0044135
-0.0011366
-0.0081766
0.0039986
-0.001879
0.0082059
0.003726
-0.0094709
-0.0025447
0.0052061
-0.0074953
-0.0098374
-0.0090955
-0.0030866
-0.0077422
-0.0080833
0.0032442
-0.0096074
-0.0087542
0.0062383
-0.0084063
-0.0005388
0.0030072
0.0041637
-0.005992
-0.0065819
-0.0085351
-0.0065387
-0.0086815
-0.0015281
0.003745
0.0013
0.0046897
0.0047537
0.003832
0.0051119
-0.0008131
0.0022908
-0.0086982
0.0066412
-0.0006087
0.0013905
0.0045095
0.0070665
0.0076211
-0.0093837
-0.0051768
0.0029621
0.0075616
0.0026429
0.0090772
-0.0087488
-0.0070899
0.0031785
0.0012545
-0.0009168
-0.0016999
-0.0092698
0.0033506
0.00847
-0.0034111
-0.0003114
0.0016306
-0.0074857
0.0059999
0.0004944
-0.0021905
-0.009481
-0.0090747
-0.0043854
0.0019494
-0.0081758
0.006484
0.0032179
-0.0058872
-0.0044479
-0.0064372
-0.0008516
-0.0042185
0.0001543
-0.0081118
0.0035098
0.0019507
-0.006441
-0.0075949
0.0027251
-0.0075571
-0.0028752
0.0077485
0.0034043
-0.0065209
-0.0019428
0.0065689
0.0062475
-0.0005414
-0.0092086
0.0019927
0.0072672
0.0020454
0.0010748
-0.0075531
-0.0021913
0.0048555
-0.0068593
0.0033762
0.0041599
-0.0010179
0.0061147
-0.0069777
0.0022243
-0.0046697
0.0099764
0.0013541
-0.006024
0.0013841
-0.005941
0.0084903
0.0089882
0.0057747
-0.0030616
-0.0027242
-0.0012515
-0.0019077
-0.0034407
0.0025506
0.0014292
0.0094475
-0.0080837
-0.0003375
-0.0045232
-0.0046574
0.0048026
0.0064607
0.0011148
0.0089806
-0.0044838
0.0087203
-0.0004959
-0.0011499
0.0086734
-0.0023254
-0.0033368
0.0005805
0.0068951
-0.008961
0.0022
0.0071156
-0.003765
0.0081363
0.0053029
0.0012542
-0.0025682
-0.0036181
0.0026371
-0.0003232
0.0031468
0.0051432
0.0071152
-0.0076471
-0.0002096
0.0012857
-0.0085392
-0.00022
-0.0034904
0.0006484
0.0083435
-0.0004455
-0.0064015
-0.0055859
0.0009629
-0.0073872
-0.0031232
-0.008504
-0.0040996
0.00592
-0.0087793
0.001009
0.001779
0.0005976
0.0017204
0.0056083
0.0028342
-0.0084711
0.0043266
0.0089222
-9.13e-5
0.0024907
0.0070614
-0.0043034
0.0019304
0.0047832
-0.0017484
-0.0095641
0.006391
-0.008763
0.0027754
0.0023725
-0.001482
0.0070767
-0.008517
-0.0029733
0.0020567
-0.001402
0.0096712
0.0095813
-0.0021988
-0.0002281
0.0090152
-0.0062681
-0.0059999
0.0039228
-0.0046345
0.0035076
0.0009593
0.0022446
-0.0017654
-0.0023953
0.0091753
0.0096249
-0.0017425
-0.0033911
-0.0007312
-0.0053798
-0.00092
0.00699
0.0006709
-0.0037486
0.0070149
-0.0026148
-0.0066144
0.0012272
0.0039448
-0.0054116
0.0073463
-0.0053842
-0.0006277
-0.0041029
-0.00183
-0.0067959
0.001807
0.0026984
0.0079417
-0.0033591
0.0046935
-0.000696
-0.0058386
-0.0090662
-0.004738
-0.0055501
0.0066143
0.006561
-0.0055703
0.0049494
0.000165
-0.00593
-0.0002832
-0.0001423
0.0017168
0.0046657
0.0004032
-0.0086815
0.0042875
-0.0040611
-0.0096309
0.0069541
-0.0077259
0.0057154
0.001397
-0.0005094
-0.000491
0.0035699
-0.0048342
-0.0064605
-0.0064477
-0.002121
-0.0063077
-0.0012465
0.0023396
-0.0051223
-0.0029884
0.0025145
-0.0022457
0.0022961
0.004394
0.0033807
-0.003514
-0.008426
0.0072532
0.0094303
-0.0047833
0.0086176
-0.004233
-0.0016164
-0.0051505
0.0012293
0.0032386
0.0039755
0.0029569
-0.0024852
-0.0042463
-0.0009596
0.0073105
0.0027009
0.0008172
-0.0071029
0.00057
0.004494
-0.0005312
-0.0071037
0.0097234
-0.0063182
0.0076914
-0.0077955
-0.0026647
-0.0045285
0.0097091
-0.0066659
0.0001623
-0.0016784
0.007426
-0.0085445
0.0032481
-0.0057944
-0.0087645
0.0029511
-0.0002188
0.0079427
-0.0070223
0.0086251
-0.0059217
-0.0024464
-0.0098086
-0.0062435
-0.0061885
0.0071382
0.0048624
-0.0074657
-0.0091935
-0.0043973
-0.0098711
-0.0003952
-0.0085749
-0.0098331
0.0008898
-0.0083376
0.0024562
-0.0040071
-0.0075349
0.0045887
-0.0035436
-0.0096531
0.0076627
0.0013801
-0.0087559
0.0076457
-0.003597
-0.0082054
0.0007181
-0.0082261
