-0.005611
-0.0085763
-0.0077272
-0.0020458
0.0052868
0.0015382
0.0054462
0.0037876
-0.0003281
-0.0051309
-0.0072968
0.0084246
0.00131
0.0066322
-0.0098621
-0.0019556
0.0043171
-0.0049236
0.009886
0.0053204
0.0096679
0.0049675
-0.0022706
-0.0064855
0.0053568
-0.0065581
0.003262
-0.0061932
-0.0047505
0.0024721
0.0094507
-0.0069798
0.0035939
-0.0022609
-0.0058899
0.0049513
0.0043017
0.0042153
0.0033979
-0.0074458
0.0004692
-0.0017744
0.0075844
-0.0008433
-0.0032811
0.0041443
0.006928
-0.0084539
0.0050799
0.0060022
0.0002785
0.0031073
0.0012533
0.0013725
0.0054879
0.0034861
0.0059607
-0.0091223
0.009153
-0.0090897
0.0069411
-0.0094171
0.0084117
0.0060271
-0.0097053
0.0021667
0.0015573
-0.005668
-0.0098951
-0.007994
0.0011325
0.0085769
0.0098529
0.0054889
0.0031771
-0.0042636
-0.0094391
0.0016955
0.0015966
-0.000467
0.0056617
-0.0079237
0.0014932
-0.0014003
-0.0015457
-0.0080857
-0.0027968
0.0070154
-0.0074032
-0.0087998
0.0048372
0.0075711
0.0036456
0.0040515
0.0040972
-0.0007425
0.0010357
0.0082907
4.8e-6
-0.0068491
0.0044275
0.0019608
0.0019627
0.0059482
0.000897
-0.0061491
0.0046339
0.0095854
-0.0014834
-0.0057662
-0.009867
7.36e-5
-0.0083292
-0.0058908
0.0096735
0.0003079
-0.0041304
0.0042422
-0.0067788
0.0082082
0.0097273
-0.0029258
0.0083393
-0.0043028
-0.0006659
-0.0016304
-0.00095
-0.0032233
-0.001009
-0.0049625
0.0042547
-0.0042675
-0.0098179
-0.0037417
0.0077293
0.004597
-0.0022682
-0.0047696
0.0065327
-9.18e-5
0.0067869
-0.0091453
0.0019423
0.0059265
0.0080843
-0.0097184
-0.0081985
0.0076804
0.0093082
0.0085192
-0.0022681
0.0020263
-0.0092773
0.0086786
-0.006481
-0.001687
0.0005305
0.0005122
0.0056628
0.0047515
0.0018274
0.0072946
0.0005439
-0.0060533
0.0008952
-0.0076543
-0.0084511
-0.0011164
0.005959
-0.0046955
0.0075916
-0.0064238
0.0097546
-0.0075638
0.0072385
-0.0029173
0.0066807
0.0079156
0.001733
-0.0056679
-0.006465
-0.0042626
0.0045024
-0.0029364
0.0060823
0.0039382
-0.001138
0.0029374
0.0008912
-0.0093695
-0.0051522
-0.0083342
-0.004286
0.0021874
-0.0078234
-0.0071417
-0.0072627
-0.0072028
-0.0013254
0.0008774
0.0033746
-0.0079608
0.006561
-0.0045981
0.0050361
0.0075867
-0.0050563
0.0017802
-0.0034256
-0.0034127
0.0018486
0.0062178
0.0098219
-0.0029949
0.0038643
0.0060273
0.0086356
0.0035692
0.0055875
0.008357
0.0076781
0.0066423
0.0033082
0.0090054
-0.0098366
-0.0036958
-0.0063751
-0.0054161
-0.0022674
0.0033445
0.0001605
-0.0048627
0.0034248
0.0089544
0.0081179
0.0015186
0.0044324
-0.0088438
-0.00336
0.0057574
0.0001245
0.0081708
-0.0028367
0.0052775
0.0093642
0.0077339
-0.0088935
-0.0044138
0.007914
-0.0069397
-0.0076209
0.006003
0.0034803
0.0059586
0.0045834
0.0022945
-0.0028137
-0.0041485
0.0013414
-0.0032834
-0.0095557
0.005572
0.0026113
0.00657
-0.0030179
0.0058957
-0.0001084
-0.0003531
-6.62e-5
0.001023
0.0072891
0.0082961
-0.0053698
-0.0008375
0.0029589
0.0089351
-0.0025464
0.000496
0.0084555
0.0065049
-4.6e-5
-0.0007153
0.0041451
-0.0024389
-0.0056031
-0.0054239
-0.0003158
0.00457
0.0049933
-0.000717
-0.0002988
0.0011007
0.0005129
-0.0089687
-0.0073863
0.0098523
-0.0067778
0.0060634
0.0053724
-0.0087439
-0.0014103
0.0025715
-0.0022407
-0.0081778
-0.0036133
0.0037393
-0.0092684
-0.0032265
-0.0025441
0.0020265
0.0080421
0.0051248
0.0043378
-0.004432
0.0075623
0.0043939
0.0005733
-0.0075866
-0.0053815
0.0026912
-0.0044835
-0.0089958
-0.000611
-0.0015857
-0.0076087
-0.0008893
-0.0094984
-0.0030689
0.0098477
-0.0028621
0.0021883
-0.0020872
0.0091239
0.007611
-0.0078572
-0.0013856
0.0022198
-0.0088789
-0.007717
-0.0055114
-0.0059423
0.0090073
0.0065485
-0.0034229
0.0032284
-5.65e-5
-0.0016636
-0.0003963
-0.0002243
0.0095492
-0.0044301
-0.0078194
-0.0049754
0.0024253
-0.0010521
-0.0019338
0.008214
-0.0064525
0.0045552
0.0076354
0.0036498
0.0082446
-0.0049152
0.0043384
-0.0060274
0.0084899
-0.0068343
-8.43e-5
0.0028716
0.0066379
0.0099267
0.0075236
0.0044667
0.0082163
-0.000695
0.0052471
-0.0007805
-0.0048501
-0.0034585
0.00416
-0.000826
0.007369
-0.0017565
0.0085212
-0.0011471
-0.0086196
-0.0076079
-0.0087819
0.0076028
0.0088267
-0.0070006
-0.0047415
-0.0024474
-0.0027873
-0.0021898
0.009117
-0.0009975
0.0064383
-0.0007864
-0.0003147
0.0082951
0.0036692
-0.0015817
-0.0085849
-0.0078735
0.0068696
-0.002828
-0.0059903
-0.0099048
-0.0062453
-0.003553
0.0024042
0.0061341
-0.0055789
-0.00306
0.0002641
0.0094109
0.0061129
-0.0054643
0.0072703
0.0098043
0.0032548
0.0014202
-0.0092319
-0.0070428
0.000721
-0.003269
-0.0057482
0.0037557
0.0022004
0.0093873
0.0030162
0.0084799
-0.008059
-0.0090283
-0.0073919
0.0054387
0.001939
-0.0085712
0.0043798
-0.0087228
0.0085013
-0.0018489
-0.000577
0.0006907
-0.0032529
0.0075014
0.0089953
0.0032964
-0.0020908
0.0074126
0.004041
0.0087058
0.0097663
-0.001204
-0.0029636
-0.0021181
-0.0020458
0.0075963
0.0068941
-0.0091272
0.0022503
-0.0076935
0.0002624
0.0051263
-0.0068793
-0.0094637
0.0075272
-0.0025585
-0.0043546
0.0041989
-0.0038246
0.0075373
0.0031107
-0.0027251
0.0072517
0.0034126
-0.0004222
0.0058463
0.0024245
0.0064825
-0.0003305
-0.0004429
-0.0013328
-0.0099209
-0.0079805
0.0029737
0.0092501
0.0020122
0.008953
-0.0038057
-0.0057052
-0.0011778
0.0038304
-0.0061781
