0.0056637
0.0033491
0.0095093
0.0071272
0.009047
-0.0023101
0.0051943
-0.0080687
0.0089663
0.0003156
-0.0026461
-0.008918
-0.0076587
-0.0073454
0.0008731
0.0009434
0.0023491
0.0023755
-0.0043534
-0.0067132
0.0086367
-0.0012789
-0.0022133
0.006388
0.0058817
0.0092178
0.0062294
0.0023807
0.0010815
0.0001041
0.0008326
-0.0082289
-0.0018309
-0.0003176
-0.0089367
0.0075343
-0.0035344
0.0006284
-0.0031041
0.006477
0.0035881
-0.0045285
0.0078032
0.0024285
0.0024486
8.2e-6
-0.0044718
-0.008258
0.009205
-0.0031978
-0.0092583
-0.0018762
0.0083476
0.0074544
0.0054294
0.0088133
-0.0032907
0.0050871
0.0092965
-0.0053545
-0.0070252
-0.0061934
-0.0080121
-0.0067907
-0.0075019
0.0048457
-0.009369
-0.0083378
-0.0003907
-0.0067354
0.0080458
0.006934
-0.0031286
0.0065093
0.0022063
-0.0018361
-0.004474
0.0054509
0.0053213
0.0080778
0.0011322
-0.0014947
-0.0059404
-0.0010341
0.0021317
0.0073427
0.0005077
-0.0090755
-0.0012572
-0.0051974
-0.0056995
-0.0097832
0.0054817
0.0087534
-0.0039944
0.0081346
-0.0046964
-0.0097323
0.0010874
0.0025455
-0.0045995
-0.0029824
-0.0013477
-0.0088175
-0.0011072
0.0096794
-0.0001676
0.0046369
-0.0031237
-0.003031
-0.0043344
0.0009184
-0.0072719
0.0069352
0.0036846
0.000678
0.0052772
-0.0014854
-0.0068169
0.0083976
0.0095421
0.0009107
-0.0059538
0.0052387
0.0090971
-0.0099394
-0.0059287
0.0017583
-6.93e-5
0.0002677
0.0075861
-0.0034005
0.0098016
0.0010242
0.0039205
0.0033259
0.0099963
0.0065353
0.0083498
-0.0016565
0.0077257
-0.0023809
-0.0090316
-0.0030353
0.0045918
0.009221
0.008629
-0.0011992
0.002665
0.0097055
0.0058453
0.0074296
-0.0050433
0.0085385
0.0061999
0.0007113
0.0095133
0.0077278
0.0006789
-0.0083122
-0.0059827
0.0010418
0.0010461
0.0096472
0.0098141
0.0086597
-0.0010618
-0.0091989
-0.003571
0.0050571
0.0034899
-0.0068551
0.0005873
-0.0054437
-0.0063045
-0.0047511
-0.0043284
-0.0007545
0.0067503
-0.0029272
0.0031727
-0.0046246
-0.006818
-0.0081826
0.0004838
-0.0076259
0.0018114
-0.0082278
-0.0009451
-0.0092093
-0.0028293
0.0051904
0.0030445
-0.0023449
-0.0040971
-0.0099576
-0.0079167
0.0066956
-0.0054694
0.0001856
0.0019431
-0.0014347
0.0014409
0.0042899
-0.009092
0.0067768
0.0086278
0.0060553
-0.0018738
0.0010626
0.0067214
0.0091234
-0.0003487
-0.0054904
0.0008477
0.0014023
-0.0095607
0.0011294
-0.0030515
-0.0012396
-0.0022495
0.0027717
0.0005045
0.0016787
0.0084427
0.0063721
0.0022346
-0.0091838
-0.0060073
0.0045209
0.0016434
0.0076698
0.0094887
-0.0007671
-0.0097254
0.0039084
0.0008418
-0.0023965
0.0083964
0.0068898
1.62e-5
0.0087413
0.0092799
-0.0049143
0.0086119
-0.0077525
-0.0089805
-0.0066305
-0.0018044
0.0001344
0.0002537
0.0050359
-0.0012403
0.0065465
-0.0098177
-0.0072685
0.0025452
-0.0077469
0.0054868
0.0021495
0.0083483
-0.0041446
-0.0057473
0.0088148
-0.0060875
0.0044566
3.77e-5
-0.003347
0.0074869
-0.0098607
0.0077477
0.0075364
-0.001564
-0.0089263
-0.0085125
0.000333
-0.0042025
-0.0046659
-0.0054147
0.0096036
0.0079809
-0.0048534
0.0090548
-0.0012815
-0.0076418
0.001471
0.0093987
0.0001568
-0.0068645
-0.001362
0.0024782
0.0045939
-0.0007323
0.0046787
-0.0001464
0.0051162
-0.0095792
0.0078166
0.0071133
0.0083791
-0.006711
-9.02e-5
0.0025094
-0.0098866
0.0019847
-0.0079597
0.0029814
-0.0012483
0.0078328
0.0096782
0.0036203
-0.0063854
-0.0018065
0.0029751
-0.0006484
0.0004297
-0.0044695
-0.0048418
0.0064805
-0.0064098
0.0061705
0.0035339
0.0099114
0.0044797
-0.0078632
-0.0091421
0.0009704
-0.0027446
-0.0036035
-0.0008978
-0.0098584
-0.0049876
-0.0069768
0.0024186
-0.0063288
0.0046966
-0.0014161
0.0018748
-0.0047199
-0.008164
0.0090042
0.0054136
-0.0013714
-0.0036866
-0.0026652
0.0016113
0.0049748
-0.0049262
0.0037738
-0.0003577
0.0061434
-0.0031845
0.0066922
-0.0039312
-0.0058268
0.0037092
0.0021493
0.0006523
0.0090883
0.0023333
-0.009295
0.0048383
-0.0007291
-0.0060109
-0.0053941
-0.0059408
0.0091445
-0.0024363
-0.0093572
0.0086841
0.0030335
-0.0082691
-0.0090142
-0.0022649
-0.0069487
0.0017262
0.0081498
-0.0049041
-0.0048144
-0.0028078
0.0046974
-0.0086596
-0.0095764
-0.0074027
-0.0029838
0.0095338
-0.0095619
0.0058397
-0.0013975
0.0027819
-0.0088764
0.0034697
-0.0015772
0.0014794
-0.008419
0.0011849
0.004778
0.0057021
-0.0050015
0.001702
-0.0086255
-0.003619
0.0063081
0.0050057
0.0096712
0.0061015
-0.0082771
-0.0070426
-0.0007595
0.0056831
0.0036755
-0.0003865
0.0015677
-0.0085477
0.0014371
0.0071137
0.007189
0.0001098
-0.0029173
0.0018069
0.0053425
-0.0052205
0.0073361
0.0002884
-0.0073621
0.0030582
0.0085264
0.0058635
0.0009991
-0.0076109
-0.0068791
0.004161
0.0054431
-0.0064361
-0.0018798
-0.005042
-0.0054588
-0.0074499
0.000889
-0.0054409
0.0071445
-0.0026841
-0.0012453
0.0087481
-0.0082576
0.0011304
-0.0055659
-0.0070432
-0.0004762
0.008516
-0.0083455
0.0003722
-0.0087542
-0.0069093
0.0041048
0.0026497
0.0014517
0.001025
-0.0047861
-0.0045159
0.0059448
0.0056899
0.0087126
0.00553
4.06e-5
-0.0051779
-0.0052836
-0.0059926
-0.0060701
-0.0082264
-0.0065205
0.0011685
0.0099938
0.0043778
-0.007176
-0.0041144
0.0002307
0.0094885
0.0034731
0.0084702
0.0077046
0.0014733
0.0080147
-0.0071196
0.0040021
0.0088073
0.0001264
0.0005025
-0.0027539
-0.0081163
0.0048152
-0.0072438
0.0090729
0.0039067
-0.0098531
