-0.0092205
-0.0037408
-0.0058208
5.97e-5
-0.004833
0.0051823
-0.006637
-0.0047241
-0.0037908
-0.005423
-0.0079465
-0.0075322
-0.0072925
0.0052212
-0.0029963
-0.0070667
-0.0053281
-0.001262
0.0060658
-0.0094595
0.0052968
0.0069527
-0.0096365
-0.0024774
0.0051629
0.0067371
-0.0023464
0.0096188
0.0054183
-0.0043189
-0.0011125
0.0018627
-0.003698
0.0040667
0.0016039
-0.0085073
0.0091181
-0.0061212
-0.0014006
-0.008698
-0.0099217
0.0058879
-0.0010069
-0.0061779
-0.0038742
-0.0040435
-0.0062528
-0.0039028
0.0070727
0.0040208
-0.0030814
-0.0019038
-0.0090343
0.0065013
0.0088281
-0.0026512
0.0073366
-0.0089171
-0.0052298
0.0096207
-0.0020479
0.0017694
-0.0056197
-0.0004975
0.006402
-0.0002191
-0.0075178
-0.0002312
0.0063061
-0.0056471
-0.0057669
-0.0069771
0.006092
-0.0006453
-0.0026868
-0.0063226
-0.0002301
0.0028869
-0.0096908
0.0084504
0.0063079
0.009061
-0.0079552
-0.0097774
-0.0081814
-0.0041419
-0.008334
-0.0092987
-0.0036892
0.0075886
-0.0091963
-0.0034228
-0.0020994
0.0029899
0.0033548
-0.0080389
-0.0002047
0.0002275
-0.0008215
0.0047701
0.0068353
0.0037414
0.0050754
-0.0095096
-0.0054419
-0.0037444
-0.0075384
0.0044079
-0.0063735
-0.0072589
-0.0020177
-0.0014316
-0.0070273
0.0062605
-0.0093366
0.0018101
0.0029331
0.0058854
0.0066124
0.0073835
-0.0024369
-0.0052983
-0.0034666
-0.007376
-0.0037816
-0.006354
-0.0053729
-0.0063612
0.0019686
0.0083567
-0.0054163
0.0074005
-0.00322
-0.003186
-0.0022008
0.0031416
-0.0050994
0.0087367
-0.0050018
-0.0045346
-0.0022421
0.000426
-0.0050067
-0.0016056
-0.0050155
-0.0073592
0.0071574
-5.5e-6
0.0009617
-0.0074585
-0.005738
0.0048445
0.0042509
-0.0025444
-0.0016552
0.0011228
-0.0029785
0.0060807
0.0018198
0.007749
0.0006246
-0.006319
-0.0031365
-0.0063894
-0.0040803
0.0009064
0.0027229
-0.0064458
-0.0061247
0.0035531
-0.0019745
0.0096441
-0.0053206
-0.009637
-0.003583
-0.0042364
0.0031041
0.0026568
0.0071376
0.0081458
-0.0093284
-0.0024576
-0.0031481
-0.0062311
-0.0046616
-0.0015405
-0.008558
0.0067872
-0.0005024
-0.0067356
-0.0001233
0.0049648
0.0052749
-0.0017611
0.0042349
-0.0046846
-0.0050619
-0.0087723
0.0096571
-0.0061696
-0.0033005
-0.0043701
0.0015235
-0.0088284
-0.0086251
0.0003166
0.0068864
0.0085115
-0.0032663
0.0097537
-0.009836
0.0045346
0.0063356
-0.0053738
0.0061294
-0.0040731
0.006878
-0.0032064
6.5e-5
-9.25e-5
-0.0037824
0.0091523
-0.0097449
-0.0051603
-0.0069607
0.0012588
-0.003256
0.006517
0.0040464
0.0043655
0.0079162
0.0081769
-0.0060074
0.0073808
0.0002073
0.0004336
-0.0012253
0.0096284
0.0061736
-0.0023214
0.0046452
-0.001156
0.0080083
0.00722
0.0079739
-0.0060071
0.0090854
-0.005487
-0.0056883
-0.0062104
0.0019355
-0.0092212
0.0012766
0.0019093
0.0020757
0.0001864
0.0076947
-0.0090092
0.0016267
-0.0008518
-0.009904
0.0064881
-0.0088201
0.0095785
-0.0001591
0.0018482
-0.0056867
-0.0099234
0.0089778
-0.0057959
-0.0021277
-0.0054425
0.0097522
0.0062403
0.0013867
0.0013168
0.0044932
-0.0061678
0.0015263
-0.0098187
0.0079158
-0.002319
-0.0023357
0.0092793
-0.0055463
0.002799
0.0040936
-0.0015798
0.0067152
-0.0018689
0.0077133
0.0006179
0.0046262
-0.0020313
0.0013723
0.0047269
-0.0072595
-0.0036727
0.0047019
-0.0005649
-0.0035587
-0.0004532
-0.0095128
0.0037061
-0.0038994
-0.0007968
0.0032959
-0.0082133
-0.0049943
-0.0088154
0.0071243
0.0034552
0.0012222
0.0085171
0.0057214
0.0067815
0.0009619
0.0075327
0.0064349
-0.0062352
-0.0047289
0.0041843
-0.0098034
-0.0002103
-0.0033126
-0.0052144
-0.0051509
-0.0069826
-0.0088613
0.0026503
0.0073394
-0.0040208
-0.0063001
0.0082285
-0.0004147
-0.0065707
0.0029049
0.0043331
-0.0013961
0.0046353
0.0055353
-0.0022865
0.0002107
0.0085836
0.0084555
-0.0048862
0.0087538
0.0014423
0.000122
-0.0082293
-0.0064045
-0.0043667
0.0011885
-0.0005756
-0.0066167
-0.008404
0.0075652
-0.0076644
0.009031
0.0031309
-0.0090537
-0.0012138
0.001844
0.0054728
0.0051373
0.0050353
-0.000304
0.0042031
0.0017326
0.0088881
0.0090515
-0.0004348
0.000679
0.0001802
-0.0027861
-0.0004753
0.003955
-0.0019047
0.0045736
-0.0091276
-0.0030295
-0.0068091
0.006822
-0.0092639
-0.003056
0.0055882
-0.0024423
0.0031949
-0.0032643
0.0090757
-0.0096551
0.0003503
0.0012473
0.0017992
-0.0037771
0.0040381
0.0042736
0.0019403
-0.0069556
0.0049413
0.0097677
0.0078722
0.0021626
-0.0069239
-0.0035726
0.0018707
0.0074051
-0.0056566
-0.0038004
0.0069008
-0.0073085
0.0028753
0.0033933
-0.0008873
-0.0002992
0.0053774
0.0038811
0.0046664
-0.0091365
0.0002849
-0.0082249
-0.0018049
0.0092403
-0.0087324
0.0006564
0.0053868
0.0059085
0.0092837
-0.0006741
-0.0040004
0.0066761
0.0056775
0.0073217
0.0032376
0.0081222
-0.0068922
-0.0049438
0.0056277
-0.003606
-0.0028824
-0.0043198
0.0073293
0.0099313
-0.0062403
-0.0051035
0.0071927
0.0010321
0.0018082
0.0062483
0.0033406
-0.003936
0.006036
0.0051945
-0.0076082
0.0097694
0.0015794
-0.0067904
-0.0086179
-0.0004448
-0.0014178
0.0008537
0.0005197
0.0058775
-0.0096531
0.0074162
0.0015934
-0.0069457
-0.0062528
-0.0022771
0.0069142
-0.0030986
0.0068144
-0.0071765
-0.0052141
0.0027421
0.0061941
-0.0045027
-0.0020121
0.0083864
-0.0095591
0.0018575
-0.0035096
0.0041286
0.0018664
0.0097417
0.0038068
0.0087161
0.0046553
-0.0018177
0.0064006
0.0039045
-0.0088324
0.0095194
-0.0007449
0.0033383
