-0.0017912
-0.0061893
-0.0091803
-0.0077161
-0.0079427
0.008719
0.001928
-0.0038412
-0.0072838
-0.0065789
-0.0003011
-0.0093314
-0.0088233
0.0084746
0.0046862
-0.0021022
-0.0003957
-0.0051831
-0.0004974
-0.0016855
-0.0038963
0.0031337
-0.0058429
0.0034249
-0.0009892
0.0040256
0.00641
0.0038757
-0.0043211
0.0046482
0.0063898
-0.0016063
0.0061761
0.0017947
-0.0096453
-0.0045969
-0.0023395
0.005628
0.0050483
-0.0066397
-0.009445
-0.0018437
0.0011744
-0.0016941
-0.0062092
0.0087773
0.0010636
0.0082048
0.0088747
0.00415
0.00847
0.0071106
-0.0059837
-0.0010267
0.0083723
-0.0086958
-0.0017664
-0.0060233
-0.002017
0.0080653
-0.0062143
0.0090675
0.0083098
0.0059284
0.0052087
0.0083998
-0.0090959
0.0080693
-0.0082685
-0.0003767
-0.0001118
0.0040706
-0.0093764
-0.0012836
0.0023251
0.0085868
0.0088538
0.0060877
0.0080339
0.0001192
0.0012457
0.0038813
0.0096341
0.0067142
0.0048437
-0.0073253
-0.0054758
-0.0018477
-0.0009263
0.0027266
-0.0043837
0.0054684
-0.0077285
0.0013119
0.0091207
-0.0007836
-0.0009124
-0.0069182
0.0086148
0.0064529
-0.0088981
-0.0022023
0.0051501
-0.007503
0.0012044
0.0043692
-0.0098021
-0.0045641
0.0032782
-0.0061005
0.0042051
0.0021096
0.0086232
-0.0019767
0.0023339
-0.0075475
-0.007148
-0.0066098
-0.0097333
0.0023799
0.0026391
0.0063456
-0.0071003
-0.0054891
0.0090526
0.0034967
0.0075438
-0.0010473
-0.0062252
0.0047027
0.0010114
-0.0035644
0.0059672
-0.0045662
-0.003524
-0.004055
-0.0039505
-0.0081829
0.0025254
0.0040198
-0.0087287
-0.0032896
-0.000484
0.0052952
0.0019389
0.0047918
-0.0050171
0.0090489
0.003731
0.0054539
0.0086737
0.0058742
-0.0042639
-0.0076461
-0.0052231
-0.001256
-0.0096998
-0.0070559
-0.0006046
0.0087827
0.0061627
-0.008938
0.0080302
0.0099286
-0.0039026
-0.0006306
-0.0099899
-0.003521
0.0081663
0.0018748
0.0032117
-0.0039838
0.0032774
-0.0092078
-0.0097735
-0.000197
-0.0058911
0.00593
0.0023906
-0.0058038
-0.0002409
0.0042345
-0.0096416
-0.0077876
0.0099112
0.0054603
0.0048184
0.0060757
0.0026612
0.0098825
-0.009093
0.0011547
-0.0028029
0.0082968
-0.0029814
0.0039927
-0.0044742
0.0013559
-0.0096509
-0.0088997
-0.0027528
-0.0070628
-0.0090171
0.0039683
-0.0016958
0.0060369
0.0069354
0.0089366
-0.0023267
-0.0064017
0.0098876
-0.0047951
-0.0069789
-0.0087692
0.0080415
-0.0012572
0.004015
-0.0027416
0.0031107
0.0072738
-0.0075496
-0.0089942
0.0095895
0.0040697
-0.0093345
-0.0042911
0.008558
-0.0021613
0.0053903
-0.0057424
0.0071729
0.0055211
-0.0001921
-0.0039487
-0.0077698
-0.0068185
-0.0080057
0.0012596
-0.0061405
-0.0084877
-0.0044609
0.0073344
0.0072382
0.0083633
0.0035633
0.0097975
-0.0053558
0.0038705
-0.007081
-0.002709
0.0008477
-0.0004111
-0.0053504
0.0090784
-0.0004462
-0.0087675
0.0097467
-0.0042811
0.0095966
-0.0083495
-0.0098187
-0.0076491
0.0033781
0.0029175
-0.007897
0.002357
-0.007788
0.000884
0.0040574
-0.0002087
0.00308
0.0053781
0.0077736
-0.0084355
0.0044807
-0.0090895
0.0069891
-0.0091319
0.0078354
3.59e-5
0.0041135
0.004561
-0.0099474
0.0076137
-0.0034523
-0.0039967
-0.0018429
0.0067046
0.0066548
-0.0017841
0.0027554
-0.0081299
0.0012702
0.0068357
-0.0071999
0.008176
-0.004108
0.0024144
0.0080207
0.0020296
0.0003457
0.0052199
-0.0086927
0.0001887
-0.0055574
0.0099411
0.0001029
0.0089218
0.0091149
0.0018176
-0.0048763
0.0015642
-0.0009661
-0.00321
-0.0062153
0.0067149
-0.0033219
-0.0073348
-0.0097553
-0.0077461
0.0069516
-0.0017668
0.0047812
-0.0058846
0.0070256
0.0098453
7.48e-5
0.0027497
0.0033221
-0.0028245
-0.0087392
-0.0046545
-0.0090542
-0.0088091
-0.0059057
-0.0012652
-0.0052094
-0.0028675
0.0023337
-0.0040375
-0.0038517
0.0071548
0.0047757
-0.0060419
0.001259
-0.0043662
0.0043967
0.0090498
0.0092213
0.0009875
0.005372
-0.0034928
-0.0080453
0.0021593
-0.0075742
-0.0008162
0.0041767
-0.0067297
-0.0042555
0.0022118
0.0047254
-0.0004341
0.0049596
0.0015765
-0.0014858
-0.00598
-0.0027765
0.0014146
-0.0025754
-0.0059857
-0.0029236
-0.0037726
-0.0059939
-0.0030484
-0.0085698
-0.0067922
0.0048881
-0.006576
0.008318
-0.0019067
0.0072552
0.0003296
-0.0082202
-0.0068889
0.0071803
0.0011442
0.0064354
-0.0065549
0.0012434
-0.0005958
-0.0024382
-0.0088691
-0.0089347
0.0099238
-0.0090736
0.0062263
0.0036712
-0.0016531
-0.0011123
-0.0001352
0.005153
-0.0064936
0.0077755
-0.0014923
0.0068352
-0.0074912
-0.0088586
-0.0027904
-0.0063826
0.0034697
-0.0049468
-0.0041611
0.0092804
0.0065515
-0.0052645
-0.0063891
-0.003082
0.001195
0.008837
0.001826
0.0098973
-0.0037794
-0.0082652
0.0070391
-0.0013567
-0.0092843
0.007707
-0.0063711
-0.0072157
-0.0094971
-0.0077971
0.0050609
-0.0094291
0.00442
-0.0046836
-0.0005967
0.0071515
-0.0071128
0.0050269
0.0024406
-0.0088486
0.0030034
-0.0084979
0.0078841
0.0040983
-0.0047256
-0.004365
-9.94e-5
0.0011378
0.0081483
0.0068864
-0.0059231
0.0003012
0.0072601
-0.0057176
0.0004092
0.0089594
0.0090726
-0.0040157
0.0087458
-0.0077835
0.0050146
-0.008842
0.0066873
-0.0014965
0.0057005
0.0055164
-0.0063718
0.0046993
0.0025157
-0.006491
-0.0078644
-0.0029073
-0.001137
-0.0062253
0.0088079
0.0002439
-0.0080281
-0.0023979
0.0091687
0.0017795
-0.0014513
0.0038983
-0.0075689
0.0080515
-0.0086371
0.0074113
-0.0076598
-0.0042063
-0.007736
0.0017728
-0.0070513
0.0021417
0.0089146
-1.44e-5
