-0.002084
-0.0058354
-0.0010709
-0.0062695
-0.0085374
-0.0074779
-0.0042742
0.0044069
0.0034254
0.0069238
0.0009271
-0.004391
0.0061821
0.0065669
0.0081638
0.0019678
-0.0054965
-0.0076585
-0.0071891
-0.0024082
0.0082354
0.0026559
0.0090943
-0.0078514
-0.0082753
-0.0068134
-0.0068132
0.0060353
0.0073705
-0.0060464
0.0096509
0.0074009
0.0066578
-0.006768
-0.0027919
-0.0080095
0.0003304
-0.0004995
-0.0066708
0.0013354
-7.63e-5
0.0077716
0.007239
-0.0072102
-0.009603
0.0017143
-0.0083334
0.0082035
-0.0096587
-0.0038456
-0.0017401
-0.0068195
0.0056607
-0.0092306
-0.0097169
-0.0087364
0.0018926
0.0075353
-0.0093409
0.004153
-0.0040698
-0.0071103
-0.0005873
0.0067425
0.0061276
-0.0024163
0.0088096
0.0046057
0.0008977
-0.0089189
0.0053604
-0.0039973
0.0008212
-0.0009819
0.006523
0.0088263
-0.0075898
0.0088087
-0.0090912
-0.0019343
0.0048728
0.0044368
-0.0098327
0.0047779
-0.0063731
0.0078014
-0.0004029
0.0057618
-0.0013559
0.0094146
-0.0064146
-0.0096056
0.0029624
-0.0060568
0.0052804
-0.0044522
0.0055593
-0.0038737
0.0039179
0.0087548
-0.0054969
0.004782
0.0078161
-0.0024697
-7.5e-6
0.0076141
0.0088501
0.0076336
0.004817
-0.006103
0.0015861
0.0006067
0.00183
-0.0024218
-0.0018041
0.0048171
0.0038426
-0.0094242
0.0059869
0.0072789
0.0051749
0.002242
0.0054086
-0.0052946
0.0079197
0.008575
0.0096752
0.0094084
0.0058943
0.0061759
-0.0067597
-0.0073785
0.0087676
0.0075795
0.0074057
0.000997
-0.0090356
-0.003389
-0.0007677
0.0038917
2.2e-6
-0.0016802
-0.0043743
-0.0017297
0.0083524
-0.0039995
-0.0019825
0.0057129
0.0044215
0.0071881
-0.0063891
0.0040044
-0.0022671
8.3e-5
0.0077797
0.0003008
1.41e-5
-0.0001537
1.2e-5
-0.0026118
-0.0085926
0.0094027
-0.0039047
0.0048012
0.0009951
-0.0097799
0.006105
-0.0097385
-0.0063024
-0.0055942
0.0029369
-0.0035192
0.0015253
0.0001958
-0.0009712
0.0071145
0.0001812
0.0053118
-0.0099106
0.0032824
-0.0051708
0.0087402
0.0034161
-0.0021845
-0.0076999
0.0079391
-0.0075431
0.0006168
-0.0005333
-0.0016818
0.0016154
-0.0070251
-0.0037407
-0.0010076
0.0097748
0.008753
-0.0023189
0.0057056
0.0051901
0.002505
-0.0041021
-0.006659
0.001221
0.0082431
1.82e-5
0.0073333
-0.0055822
-0.0002012
-0.0036279
-0.0017692
-0.0012107
-0.0045168
0.003742
-0.0063035
0.0037984
0.0092602
-0.0077757
0.0026051
0.0047756
-0.0082299
0.0036587
0.0080844
9.65e-5
-0.006455
0.0040197
0.0081048
-0.0098365
-0.0089518
-0.0095049
0.0036192
-0.0052248
0.0071129
-0.0011965
-0.0081319
0.0062895
0.0065034
0.0043777
0.0069931
0.0055726
0.0086321
-0.0087491
0.004736
-0.0012435
-0.0077771
0.0085246
0.0052413
0.0010091
0.0051192
0.0089936
-0.0087012
-0.0084198
-0.0098415
0.0089595
0.0067677
0.0032167
0.0031974
0.0015244
0.0034629
-0.0071748
-0.0094914
-0.0089298
-0.0076075
-0.0090136
0.0025031
-0.0015897
-0.0007302
0.0076938
0.0027785
0.0059834
0.0052594
0.0078032
0.0019062
0.0028074
0.0044663
-0.0060655
0.0068142
0.0098263
-0.0016266
-0.0009034
-0.0077387
0.0016135
0.007643
0.0086952
-0.0070394
0.0030974
0.0013401
-7.2e-5
-0.0076095
-0.0071598
0.0008856
0.0034334
0.0001536
-0.0043229
0.0063704
0.0025975
-0.0009637
0.0061476
0.0066894
-0.0045421
0.0038584
0.0057219
-0.0057224
-0.0069948
0.00018
0.007493
-0.0006599
0.0062153
0.0052884
0.0056993
-0.0048445
-0.003854
0.0028964
-0.0006768
-0.000357
0.0085712
-0.0017902
-0.005867
-0.0039019
0.0013953
0.0013051
0.0087284
0.0046311
0.0037404
0.0081612
-0.005747
0.00272
-0.0067347
0.0044439
-0.0037097
0.0010366
-0.0021342
-0.0003498
0.0009789
-0.0043865
-0.0024462
0.0077473
0.0008716
-0.0019728
0.0032548
-0.0054343
0.0034653
-0.0086247
-0.0031073
-0.0051804
0.0077916
0.0039215
0.0099022
0.0067807
-0.0007837
-0.0008932
-0.0010357
-0.0066644
-0.0095528
0.0017383
0.0036018
0.0006686
0.0006061
-0.0002691
0.0049509
-0.0022871
0.002063
0.0003292
-0.0002505
0.0024558
0.005913
0.0067798
-0.001297
0.0097091
-0.004311
0.0095741
-0.0099704
0.0017098
-0.0009089
0.0039382
0.0078783
0.0098989
-0.005409
-0.0099453
-0.0073502
-0.0075274
0.0010931
-0.0053458
0.0065312
-0.0007088
-0.0035337
0.0098853
0.0052652
-0.0052141
0.0018898
-0.0045765
-0.0089829
-0.0049222
-0.0077023
0.0067459
-0.0071057
-0.0006258
0.0039116
0.0091398
-0.0085521
-0.0007695
-0.0091765
-0.008185
-0.0032065
0.0063806
-0.0078072
0.0070814
0.0036993
-0.0047315
0.0025288
0.0068307
0.0068378
0.0052609
-0.0095159
0.0057196
-0.0093937
-0.0084147
-0.0028522
0.0035908
-0.0087036
-0.0032838
-0.0092122
0.0051574
-0.0055093
-0.0042389
0.0034912
-0.0072183
-0.0089617
0.0076094
0.0046377
0.0072997
-0.0090745
0.0032412
-0.0077681
-0.0041762
0.0016874
0.0012633
0.0079213
0.0045649
-0.0003237
-0.0093197
0.0007795
-0.0093132
-0.009713
0.0058309
-0.0073065
-0.0061673
0.0007821
1.25e-5
0.0008117
0.009019
0.0014643
0.0068233
-0.0075146
0.0080149
0.0008288
0.0099932
0.0014185
-7.63e-5
-0.0042815
5.42e-5
-0.0090972
-0.0035686
-0.0038571
0.0089167
0.0059162
0.0095737
0.0079766
-0.0075086
0.0042692
0.0031662
0.0072712
-0.0035424
0.0089702
0.0087579
-0.0055423
-0.0053932
0.0020465
-0.0044816
0.004082
0.0007548
-0.0039128
0.0083474
0.0083015
0.0079419
0.0070028
-0.0094691
0.0029426
0.0055812
0.0031386
-0.0034646
0.0002361
-0.0091173
0.0032022
0.0088227
-0.0083708
