0.0096841
-0.0062239
-0.0008755
-0.008688
-0.0095227
-0.0066116
0.0082473
-0.0036392
0.0010221
0.0036526
-0.0056979
-0.0074907
-0.0062715
0.0027256
-0.002671
0.0037975
0.0040817
0.0058438
0.0016756
0.008406
-0.0018337
0.0058343
-0.0055269
-0.0021636
-0.0097256
-0.0016118
0.0095147
0.0049496
0.0098776
0.0018678
-0.0096524
0.0089324
-0.0012855
0.0006974
-0.0090444
-0.008783
-0.0047712
-0.0041081
-0.0071202
0.0017142
-1.13e-5
0.0076552
0.0034478
-0.0065724
0.0045262
0.0043636
-0.0093491
0.0079155
-0.0083976
0.0019187
0.0086026
-0.0018638
0.000541
-0.0012871
0.0093178
0.0022818
0.0066672
-0.0082272
0.0009013
-0.002323
-0.006173
0.0031354
0.0078742
-0.0005861
0.0080626
0.0033788
-0.0066427
-0.0080117
0.007231
0.0097576
0.0071803
-0.0066829
0.005675
-0.0056602
0.0092355
0.0071462
0.0044892
0.0018153
-0.0014502
0.0086296
-0.0073863
0.0009372
0.0047076
-0.0081693
-0.0063275
0.0085982
-0.0075031
0.0015345
-0.0065889
-0.0085813
-0.0075336
0.0056534
-0.0046971
-0.0031034
0.0063468
-0.0080365
0.0069356
0.0093836
0.0089743
0.0058949
0.0017929
0.0091178
-0.0059505
-0.0045187
-0.0085896
0.0007768
-0.0006267
0.0089071
0.0039774
0.0080843
0.0009042
-0.0074176
-0.0005664
0.0054596
-0.0033467
-0.0029592
-0.0015952
0.0091702
-0.0041302
-0.0097801
0.002667
0.0071046
0.0063456
-0.0023212
0.0080462
-0.0067463
-0.003874
0.0020159
0.0062283
0.0044646
-0.0042942
-0.0084898
-0.0064276
-0.0046759
-0.0050874
-0.003732
0.0083409
-0.001552
-0.0039633
0.0038717
3.58e-5
-0.0074365
-0.0033274
-0.0063429
0.0058359
-0.0032473
-0.0048513
-0.0059812
0.0059191
-0.0008882
-0.0016773
-0.0061252
0.0086893
0.0044953
-0.0048079
-0.0097384
-0.0097212
0.0090561
-0.0049801
0.0023993
-0.0035101
0.0012299
-0.0092012
-0.0013523
0.0079728
0.0081744
0.001908
-0.000159
-0.0020044
0.0092775
-0.0012692
0.0070842
-0.0043587
0.0016697
-0.0047712
0.0023055
-0.0063772
0.0011909
0.0036406
-0.0063705
-0.0031512
-0.0023192
0.003252
0.0082945
0.0004457
-0.0076056
-0.0054671
0.0038072
0.0094373
0.0050307
0.0015195
-0.0031775
-0.0094927
-0.0010387
0.006273
-0.0062256
0.0080653
0.0095042
-0.0050665
0.0057874
0.0004624
-0.008134
0.0077614
0.0057384
-0.0099844
-0.0055373
-0.0069584
-0.0029394
0.0048905
-0.0063296
0.00867
0.0035618
0.003003
0.0047971
-0.0083916
-0.0062799
-0.0058988
0.0033407
0.0058987
-0.0001622
-0.0077029
-0.0056851
0.0033511
-0.0052515
-0.0063423
-0.0017037
-0.0047136
0.0054385
-0.0034903
0.0050269
0.0029366
0.0011307
0.0051969
0.0002211
-0.0090203
-0.0032572
-0.0033558
-0.0044002
0.0030855
-0.0020413
-0.004221
-0.0077352
-0.0060078
-0.0081996
0.005836
0.0084804
0.0022615
0.0007527
0.0045831
0.0036193
-0.0096208
0.0032477
0.0064751
0.0078708
-0.0041209
-0.007926
-0.0005283
0.0036612
7.74e-5
0.0004222
0.0022648
-0.0069852
0.0035752
-0.0036454
-0.0076234
0.0084384
0.0017399
-0.0019486
0.0085345
0.0060951
-0.0022997
-0.0090145
-0.0021334
-0.0020664
-0.0013142
-0.0061866
-0.0047749
-0.0021276
-0.0071549
-0.0070666
0.0021578
-0.0060366
-0.000393
0.0036652
-0.0036431
-0.0097812
0.0045823
0.0059295
0.0014154
-0.0045666
0.0016682
0.0056258
0.0013872
0.0072107
-0.0031986
0.0053897
-0.0007337
-0.0034443
0.001796
0.0076574
0.0098066
-0.0014432
0.0048393
-0.0078842
-0.004574
-0.0019869
-0.0032597
0.000285
-0.0038331
0.0026496
-0.0063196
-0.0098248
0.0090343
-2.77e-5
0.0041081
-0.0011189
-0.0083844
0.0050775
-0.007647
-0.0027705
0.0034086
-0.0003495
0.0026689
-0.0088539
0.0010297
-0.0057164
-0.0066212
0.0034371
0.0043051
-0.0018944
0.0032776
-0.0064594
-0.0014774
0.0032535
-0.0067962
-0.0049681
0.0053205
-0.0054365
-0.00064
-0.0045483
-0.0088636
0.0068408
-0.006595
-0.0044909
-0.0033344
-0.0028822
-0.0018901
-0.0071938
0.0031785
0.0089862
-0.0086779
0.0059569
-0.0073718
0.0058725
-0.0030062
-0.0020231
-0.007117
0.0079079
0.0085791
0.0056955
-0.0080154
0.0052892
0.0016445
0.0078481
0.0033935
0.0010318
0.0070623
0.0095018
-0.0029642
-0.0082347
-0.0096325
-0.0051473
0.0030179
0.0033132
0.0052052
0.0075326
0.002181
-0.0092681
0.0014671
-0.006843
0.007552
-0.001367
0.0095425
0.0084721
-0.0066553
-0.0007602
0.0082745
-0.003424
-0.0087887
0.0062291
0.0081932
0.0036617
-0.008537
-0.0036433
-0.0038699
-0.0023393
0.0060224
0.001177
0.0082235
0.001145
0.005929
0.0087941
-0.0025856
0.0018812
-0.0016481
-0.0012755
-7.77e-5
0.0063003
0.0073729
0.0099115
0.0018982
-0.0034771
-0.0035938
0.007959
0.0061157
0.0056732
0.0061818
0.000784
0.0084064
-0.0099153
-0.0088388
0.0070639
-0.0064538
0.0072635
0.0090918
-0.0058332
0.0059889
0.0078366
-0.0026355
0.0078661
-0.0070254
-0.0078882
-0.0030175
-0.0014823
0.0070686
0.003803
-0.0026654
0.0094248
0.0061507
0.0028809
0.0094868
-0.0097952
-0.0017887
-0.000556
-0.0038285
0.0079445
0.0033372
-0.0054362
-0.0022868
0.0026763
0.0048293
-0.0019578
2.49e-5
-0.0071152
-0.0035068
0.004866
0.0048413
-0.0070114
-0.002489
-0.00747
0.0044564
0.0091213
-0.0079622
0.009817
-0.0001773
-0.0090579
-0.0001103
0.0068306
0.0041208
-0.0059898
0.0054681
-0.0055746
-0.0021994
-0.0009284
0.004768
-0.0050604
-0.0036838
-0.0085475
0.0083413
-0.0043483
-0.0048406
0.007072
0.0005235
-0.0059544
0.0028661
0.0052127
-0.006225
0.0038935
0.004783
0.0071631
-0.0082248
-0.0029772
0.0040294
-0.0039299
-0.0032645
