0.0052689
0.0060228
0.0095035
-0.0026197
-0.0058194
0.0037939
0.0063172
0.0065197
-0.0044167
-0.0001612
0.0099171
-0.001403
-0.0008378
-0.0081784
0.0076603
-0.0002992
0.0047794
-0.004974
0.0097154
0.0032813
0.003197
0.0032998
-0.0087139
0.0007911
0.0069055
-0.0048593
0.0032965
0.0044355
0.0051575
0.0016935
-0.0030444
0.0015242
-0.0031087
-0.0094941
0.0031183
0.0090616
0.0045177
0.0029152
0.0024745
0.0070714
0.000972
-0.0036287
-0.0008841
0.0003702
-0.0016418
-1.75e-5
0.0027339
-0.0069899
0.0039201
0.0061254
-0.0007701
0.009135
-0.0058777
0.0010985
0.0023749
-0.0097842
-0.0082754
-0.0063511
0.0096016
-0.0038914
0.0060762
-0.00826
0.0057734
0.0015224
-0.0075142
0.0080589
-0.0040319
0.0026232
0.0008226
-0.0073424
-0.0071782
0.0008193
0.0005387
0.0061228
0.0052439
0.00541
-0.0090168
-0.0006742
-0.0063937
-0.0013316
-0.0066246
0.0006604
0.0085678
0.0065522
0.0045317
-0.0070547
0.0034914
-0.008764
0.0065441
0.0071597
0.0067831
0.0051114
-0.0087133
0.0012307
-0.0075741
-0.003972
0.002353
0.0007192
0.0014769
0.0003116
0.008372
-0.0022834
-0.0053752
-0.0020195
0.0075423
-0.0078078
-0.0019007
0.0088051
0.0065952
-0.0044734
0.0002577
-0.0056275
0.0086215
-0.0021133
-0.0092423
-0.0067454
0.0083303
-0.007105
0.0032373
0.0043552
0.0038824
0.003562
0.0017424
0.0081379
-0.0013561
0.0001196
0.0048592
0.0061491
0.0008641
-0.0042292
0.0047127
0.0083373
-0.0097284
-0.0070009
-0.0039912
0.008276
-0.0036819
0.0039192
-0.0064146
-0.0053829
0.0047273
-0.0090835
-0.0011462
0.0065952
-0.0077024
0.0017635
-0.0047019
0.0083522
0.0087871
-0.0022152
-0.0068053
0.0083553
-0.0088125
-0.000346
0.0081182
0.0049092
0.0025309
0.0075631
-0.003736
-0.0042538
0.0089729
-0.0019786
-0.0087069
-0.0055352
0.0014359
-0.0098577
0.0083697
-0.0069755
-0.009192
-0.0075734
-0.006419
0.0053332
0.0087934
-0.0001984
0.0024026
-0.0037286
-0.0091946
0.0013349
-0.0048935
-0.001632
-0.0038536
0.0076367
0.0035095
0.0058982
0.0018191
-0.0009032
0.0061503
0.0024853
7.88e-5
0.0066322
-0.0011947
0.0021143
-0.0022852
0.0045034
0.0018824
0.0084102
0.0084087
0.0005972
-0.0091621
0.0058003
0.0043903
-0.0088589
0.0079143
-0.0018852
0.0055883
-0.0014901
-0.0070651
-0.0041117
-0.0064273
-0.0040595
0.0038104
-0.001933
-0.0064512
0.008957
-0.0015869
-0.0049897
0.003945
-0.0012334
-0.0076958
0.0042332
-0.0022672
0.0006876
0.0015243
0.0050764
0.0071079
-0.0076818
0.0051777
0.0038974
-0.0055643
0.0011725
-0.0054113
0.0040569
0.0044788
-0.0001711
-0.0089319
0.002989
0.0065381
-0.0012046
-0.0021483
0.0094491
-0.0019101
0.000662
-0.002826
0.000823
0.0091486
-0.0018698
0.0095225
-0.007217
-0.0062423
0.004055
0.000112
0.001141
-0.0018269
-0.0096394
-0.0020971
-0.0031663
0.0087348
0.0091074
-0.0060702
-0.0080312
-0.0051603
0.0081233
0.0080342
-0.0019348
0.0072973
-0.0005191
-0.0056579
0.0009383
-0.0054052
0.0014704
0.0097598
-0.0009407
-0.0014591
-0.0079856
-0.0051575
-0.0084976
0.0079484
0.0073232
0.0020635
-0.0007305
-0.0036591
-0.0095789
0.0013596
0.0020586
0.0044215
-0.0073357
0.0082308
-0.0084489
0.0034645
-0.0013163
-0.0067014
-0.0059635
0.0003883
0.0008386
0.0038956
-0.0029514
0.0036219
0.0048647
0.0032422
-0.002706
-0.0034971
0.0067381
-0.000273
-0.0085327
0.0045137
-0.0075492
0.0087047
-0.0048844
-0.0055489
-0.0019921
-0.0048782
0.0005203
-0.0072442
-0.0038162
-0.0063845
-0.0070218
0.0016158
0.0061479
0.0005132
-0.0066918
-0.0066953
0.0042971
-0.0077414
0.0059124
0.0078121
0.0018887
0.0032736
-0.0034399
-0.0091903
0.0070496
0.0002579
-0.0071746
0.0059773
-0.0084981
0.00193
-0.0010937
-0.0065672
0.0061213
0.0006847
0.0090491
-0.0029824
-0.0016013
0.0093681
0.0041566
0.0041001
0.009736
0.0097992
-0.0015552
-0.0026737
0.0084054
-0.0035309
0.0015494
6.74e-5
0.0097255
0.0059054
0.0033372
0.0091408
-0.0056597
0.0016556
-0.0065379
-0.0005468
0.0024038
-0.0076815
-0.0078209
0.0036312
0.0014935
0.001351
-0.0079843
-0.0002528
0.0067666
0.0083937
-0.0075068
0.0049182
-0.002621
-0.0030359
-0.0093548
7.24e-5
-0.0044733
-0.0047721
-0.0071891
0.0036686
-0.0003077
-0.0006657
0.004167
0.0072934
0.0088263
0.0041796
-0.0030327
0.005068
-0.0099533
0.0081707
-0.0081359
-0.0038861
0.0003697
0.0051502
-0.004491
0.0030357
0.0038936
0.0010447
-0.0080083
-0.00777
0.0006809
0.0081255
-0.0037811
0.008208
0.0083716
0.0088561
-0.0014125
-0.007138
-0.0097359
0.0062893
-0.0026505
0.0027394
0.0089342
0.0055785
0.0040234
-0.0076002
-0.0011256
-0.0015393
0.0097446
0.006049
0.0077381
-0.0022923
-0.0022225
-0.0059944
-0.0065434
-0.0006116
0.0092035
-0.0011139
-0.001192
0.0028667
-0.0067213
-0.0021271
0.0043439
0.007644
0.0068354
-0.0021338
-0.0054461
0.0041659
0.0018888
0.0036571
0.0049254
0.0030189
-0.0098029
-0.001008
-0.0084235
0.0086091
0.0022516
-0.0054211
-0.0095815
0.0065218
-0.0072933
0.0005783
0.0058649
-0.0021001
-0.0013717
-0.001239
0.0092194
0.0063862
-0.0064734
0.0063505
-0.00668
-0.0065336
0.0084899
0.0048906
0.0018341
0.0091812
0.0021044
-0.0009775
-0.0034106
-0.007296
-0.0009834
-0.0063705
-0.0020003
-0.0047717
0.0023162
-0.0040484
-0.006881
-0.0019478
0.0028026
-0.0041474
0.0010585
-0.0072388
0.0027645
0.0098407
0.0085115
0.0049174
0.0033692
-0.0003001
0.0076589
-0.007198
0.0048687
0.0059267
0.0096084
0.0053497
