-0.0020115
0.0043664
0.0007986
-0.0021234
-0.0062409
0.0024004
-0.0089865
0.0029501
-0.008104
0.0059329
-0.0017888
-0.0068841
-0.0089868
-0.0020728
0.0074793
-0.0013605
-0.0058927
-0.0033025
-0.0026868
0.000643
-0.0086474
-0.0093577
-0.0053564
-0.0013791
0.0063202
-0.0031356
-0.008896
0.0099761
-0.0081046
-0.0089202
-0.0004642
-0.0080437
0.0028719
0.0057113
-0.0024651
0.0068726
-0.0085213
0.0072515
0.0004554
0.0098793
0.0090315
-0.0048945
-0.0061742
0.0031706
0.0068065
-0.0097872
-0.0069938
0.0030095
-0.0093737
0.0055751
0.0035185
0.0006885
-0.0097279
0.0097079
0.0032385
-0.0087817
-0.0078852
0.0016286
-0.0064593
0.0005886
-0.0006446
0.0071886
0.004482
0.008735
-0.0084404
-0.0012193
-0.0081494
-0.0067457
0.0067534
-0.004837
-0.0014975
0.0063535
-0.0053629
-0.0061263
0.0054975
-0.0023307
-0.0066823
-0.0019162
-0.00646
0.0027367
-0.0022059
-0.0035966
0.0036453
-0.0081533
0.0046394
0.0092804
-0.0034221
0.0022834
-0.0042376
0.0002445
0.0020093
-0.0020533
0.0032058
-0.0024982
0.0050441
-0.0084601
-0.0016144
0.0079722
0.003854
-0.0055991
0.0048858
-0.0084956
0.0078136
-0.001883
0.0021449
-0.0026471
0.0037354
-0.0060525
0.0051514
-0.0052984
-0.0051944
0.0027191
-0.0065202
0.0086047
-0.0004316
0.0018987
-0.0006733
-0.0065637
0.0077759
0.0059488
0.007979
-0.000418
0.0015696
-0.0095525
-0.0042964
0.0086495
0.0054326
-0.0041728
-0.0066059
0.0066099
-0.0082941
-0.0058198
0.0012996
0.0006162
-0.0031674
0.0072004
0.0007646
0.005291
0.0005773
0.0039666
0.0078882
-0.0001225
-0.0078539
0.0080997
7.46e-5
0.0008441
0.0011368
-0.0035018
-0.0008079
-0.0068575
-0.0025129
0.0080432
-0.0038057
0.0092484
0.0046559
-0.0067817
0.0073551
0.0001048
-0.0065961
0.0018842
-0.006844
0.0004064
-0.0011395
0.0006713
-0.0094819
0.0037654
0.0074975
0.0059005
-0.0001625
0.0057029
0.0084427
-0.0031205
0.0015094
-0.0095971
-0.0078546
0.0009852
0.0079848
-0.0056944
-0.0099097
-0.001957
-0.0037412
-0.0099758
0.0079506
0.0030377
-0.0050353
-0.0038007
0.0079926
0.0091115
0.002509
0.0012714
-0.0084997
0.0091145
0.0099835
-0.0053816
0.0030239
0.0067002
-0.0082599
0.0068182
-0.0015132
0.007595
0.004415
-0.0039128
-0.0018452
0.0005692
0.0079068
-0.0033953
-0.0031663
0.0016428
-0.0098557
0.0083625
0.0088181
0.0089032
-0.0037672
0.0063716
0.0049281
0.007731
0.0078193
-0.0057782
0.0080268
0.0069826
-0.0059458
-0.0032282
0.0027461
0.0041276
-0.0023455
-0.0011541
-0.003049
-0.0052471
-0.0037216
-0.0077294
0.0017757
0.0032772
0.0099282
-0.0021505
0.0036761
-0.0013132
0.003668
0.0031387
-0.0036776
9.86e-5
0.0033346
-0.0087717
-0.0081941
-0.0006895
-0.0020989
0.0072916
0.0030573
-0.0029912
0.0037658
-0.0087163
0.0058126
-0.0022311
0.0021016
0.0099144
-0.0086511
-0.0032192
0.0075354
0.0011659
-0.0008759
-0.0063297
-0.0073129
-0.0081226
-0.0022925
0.0010899
0.0091179
-0.0048139
-0.0098118
-0.0065506
-0.0010294
-0.0045241
-0.0089276
-0.0037075
-0.0038795
0.0038377
0.001989
0.0006167
0.0041132
0.0088813
-0.0075649
-0.0001717
-0.001392
-0.0080424
0.0073434
0.0043702
-0.0060785
0.0081381
-0.0024682
-0.0048183
0.0079415
-0.0078284
-0.0040312
-0.0007357
-0.0083372
0.0022229
0.0078597
0.0030947
-0.0051637
-0.0079737
0.0066829
-0.0062928
-0.0075169
0.0044298
-0.0005874
-0.0088838
0.0074437
-0.0083594
-0.0071759
-0.0046206
-0.0033515
0.0038688
0.0073937
-0.0095529
-0.0091355
-0.004545
-0.0085509
-0.0090343
0.008959
-0.0008804
0.0046068
0.0026113
0.0026055
-0.0059347
0.002567
-0.0015003
0.0028077
-0.0034533
-0.0070074
0.0006269
-0.0039667
0.00998
0.0043145
0.008935
0.0009082
-0.0037309
0.0065607
-0.0036839
-0.0067039
0.0064971
-0.0025836
-0.0031332
0.007876
0.0046188
-0.0022526
0.0050242
-0.0046596
0.0014007
-0.0030465
0.0074782
0.0070677
0.004202
-0.0020269
0.0006616
-0.00754
-0.0043858
-0.0041785
0.0055252
0.0097838
-0.007593
0.0059838
-0.0036376
0.0078343
-0.0002435
-0.0096964
-0.00607
-0.0099392
-0.0067334
0.0055957
0.0099631
0.0045359
0.0058587
0.0010633
0.0012857
0.0076544
-0.0098914
0.0010659
0.0054006
0.0060645
-0.0024716
-0.0061647
-0.0019834
0.0090106
0.0025338
-0.0098783
-0.0075793
0.001309
-0.0058753
-0.003203
-0.0098819
0.0009767
0.0001606
0.0053856
0.0022198
0.0065215
-0.0010051
-0.0069307
-0.0026428
0.004331
-0.00782
-0.001426
0.0020577
-0.0016374
0.0092438
0.0058557
0.001254
-0.0038786
0.007568
0.0098934
0.0013175
-0.008982
4.49e-5
-0.0083389
7.38e-5
-0.0009366
-0.0057271
0.0017438
0.0058835
0.0074747
-0.0095522
0.0034209
-0.0040349
-0.0006307
0.008533
-0.0020374
-0.0016945
0.0021811
0.0090708
-0.0045163
-0.006139
-0.0015051
0.0066795
0.0020455
0.0084371
-0.0097232
-0.0045328
-0.0092673
-0.0087114
-0.0037831
-0.0075458
0.0054092
-0.0087877
-0.0089068
-0.0010744
0.0029203
0.00239
0.0047163
0.0096239
-0.0068737
-0.0096411
0.0084949
0.0069756
-0.0097504
-0.0025828
0.0025836
0.0061638
-0.0001552
-0.0003547
-0.0001913
0.0027787
-0.0049764
0.0091322
0.0050184
0.0029037
-0.0041626
0.007112
-0.0019464
-0.0074392
0.0014967
0.0080378
-0.0020203
0.0086934
0.0017841
0.0022352
0.0046592
-0.0053355
-0.0027043
-0.0068462
-0.0009748
0.0003626
-0.0075752
0.000862
0.0009168
-0.0089734
0.0025352
-0.0076226
0.0038091
-0.0075163
0.0015771
0.0021146
-0.0063471
0.0095531
0.0086603
0.0093817
-0.0069261
-0.0036485
-0.0001046
