-0.0037975
-0.0092633
-0.0094131
-0.0022893
0.0010183
0.0077047
0.0067875
0.0025539
0.0037399
-0.0052301
0.0030872
0.0018362
0.0010736
-0.0010449
-0.0030561
-0.0088875
0.0013563
0.0079462
0.0074473
-0.0079333
-8.19e-5
-0.0016048
-0.0036004
0.0080808
-0.0027902
-0.0071275
-0.0097412
-0.0067776
0.0024373
-0.0072294
-0.0016009
0.0090912
0.0085625
-0.0017479
-0.0002755
0.0031738
-0.0050538
-0.0060303
0.0029232
0.0046458
0.0033639
0.0017154
0.0046004
0.0061638
0.0061923
0.0020716
0.0036869
0.0098908
0.0012447
-0.0058931
-0.0001024
0.0065354
0.0075253
0.0028925
-0.0028081
0.0001248
-0.0045912
0.0088287
0.0006136
0.0073343
0.0078678
0.003421
-0.0059579
-0.0021343
0.0083532
-0.009607
-0.0064886
0.0069894
-0.0012135
0.0075759
-0.0045434
0.0016209
0.0022785
0.0087883
-0.009483
0.0094292
0.00834
-0.0053418
-0.0038021
0.0087968
-0.0078037
0.0006782
0.0056577
-0.008742
0.006522
0.0047498
0.0088478
-0.0048206
-0.0086474
-0.0079738
0.006493
-0.0003869
0.0061154
-0.00287
-0.0075719
0.0059868
-0.0026682
-0.0058079
0.0002161
-0.0040407
-0.0086429
-0.0029227
0.0033594
-0.0020283
0.0007715
0.0077296
0.0058429
-0.0066459
-0.0039768
0.0037784
-0.009765
0.005891
0.0034918
0.0037315
0.008173
-0.0091139
0.0031508
-0.0017407
0.0035211
-0.0018471
0.0062914
0.0054102
0.0042709
0.0087952
-0.000353
0.0085692
-0.0051283
0.0097119
-0.0057799
0.0062348
0.0092258
-0.0007063
-0.0043454
0.0091904
-0.0065336
-0.0075238
0.00247
-0.0044638
-2.58e-5
0.0043433
-0.0018
0.0067861
-0.0099794
-0.0078714
0.0071601
-0.0086626
0.0034303
0.003939
0.0077475
0.0039139
0.0067166
0.0042804
0.0063126
-0.005624
-0.0018181
-0.0083612
0.0075874
0.0007869
0.0041553
-0.0078972
-0.0073705
-0.0032178
0.0090385
0.00444
-0.0020138
-0.0041829
-0.0060621
0.0005973
0.0035115
-0.0065273
0.003755
-0.0051065
0.0010386
-0.008323
-0.0025957
-0.0035532
-0.0098647
0.0055229
-0.002267
-0.0099491
0.0098647
-0.0069325
-0.0026234
0.0001236
0.0069863
0.005622
-0.0015061
0.0071631
-0.0082952
-0.0017276
0.0003848
0.0003872
0.0092789
-0.0041275
0.0094157
0.0050185
0.0037616
0.0084676
-0.0013154
-0.0012846
0.009128
0.0015786
0.0044783
-0.0079387
-0.0026185
-0.0023011
0.0094223
-0.0072147
0.00787
-0.0008966
-0.0046914
0.007816
-0.0080007
0.0050651
0.0011582
0.0098812
-0.0039328
-0.0057877
-0.0089412
0.0069328
0.0023242
-0.0059541
0.0040677
0.0010187
-0.0071316
-0.0075559
0.007013
0.0015581
-0.0042159
0.0064175
-0.0079513
-0.0085968
0.0085045
-0.0047057
-0.0035173
-0.0005589
-0.000553
-0.0014133
0.0074924
0.0063335
-0.006669
0.0043672
-0.0050292
-0.0036962
-0.0035049
-0.0064303
-0.0016694
-0.0072035
0.0040097
0.0048184
-0.0094466
-0.0007224
0.0029143
0.0082791
0.0050908
-0.0073322
-0.0083543
0.0052837
0.0038082
-0.0049688
-0.0079114
-0.006972
-0.0034878
-0.0094136
0.0052143
-0.0063634
-0.0038333
3.1e-5
0.0026221
0.0025686
0.0026623
-0.0024793
0.0012861
0.0023102
0.0077613
0.0053325
-0.0013896
-0.0060182
0.0004554
0.0022415
-0.0051218
-2.02e-5
0.0047438
0.0090356
0.003747
-0.0004445
0.0020901
-0.0077849
3.99e-5
-0.0022585
0.0081955
0.0059884
-0.002594
-0.0029339
-0.0055866
-0.0053952
0.0032614
0.0078192
0.0080338
0.0064687
-0.0053234
-0.0048099
-0.0057598
-0.0090974
-0.0098445
0.0031633
0.001218
0.0033321
-0.0052531
0.0026361
-0.0034679
-0.0096053
-0.0096926
-0.0047859
-0.0080117
0.0012532
-0.0081777
0.0024261
0.0028519
-0.007242
-0.0004017
-0.0093309
-0.008189
-0.0068874
0.0050039
0.002841
0.0005065
-0.009126
-0.0054192
0.007674
-0.0082512
0.0002885
-0.0089408
-0.0019691
-0.00954
-0.0079529
0.0098287
0.0007193
0.0011116
0.0049487
0.0086526
0.0094391
0.0090443
-0.0004132
0.0032612
0.0041583
-0.0024631
-0.0032211
-0.0085897
-0.0015886
-0.0060328
-0.0055138
0.0097833
0.0021431
0.0019779
0.0076282
-0.0089116
-0.0049818
-0.0064116
0.0030097
-0.0043708
-0.0068564
-0.0077195
-0.0049371
6.6e-6
-0.0096301
0.0064591
0.004341
-0.0035831
0.0047515
0.0075594
0.0038089
0.0090884
0.0082062
-0.0061832
0.0080457
-0.0043158
-0.0079317
-0.0015734
0.0083342
0.003562
-4.45e-5
-0.0012732
-0.0027401
0.0047523
-0.007864
0.0097899
0.0013169
0.0054678
-0.0064797
0.0033971
0.0013294
0.004512
-0.0042172
0.0019944
-0.0040501
-0.0011637
-0.0058549
0.0072563
-0.0066169
-0.0058249
0.0017337
0.0010136
-0.0043272
-0.009783
0.0085297
0.0062217
0.00842
-0.0080915
0.0040536
0.0060028
0.0002754
-0.0021153
-0.0038645
0.0084681
0.0062402
-0.0007699
0.0099331
-0.0071951
-0.0077306
-0.0082337
-0.0034002
0.001312
0.0009938
0.0033032
-0.0018437
0.0011386
0.0010696
-0.0077191
-0.0012659
-0.0033895
0.007622
-0.0078641
0.0027996
-0.0017207
-0.0064382
0.0026219
0.0051568
0.0012538
-0.0089014
-0.0048079
-0.0092867
0.0040052
-0.0076522
-0.0021106
-0.0051926
0.0058768
0.0099616
-0.0096782
0.0027797
0.0022031
-0.0079599
-0.0016494
0.009261
-0.0053279
-0.0099575
0.0006363
-0.0048785
-0.0051574
-0.0023207
-0.0034377
-0.0082994
0.0004347
0.0092674
-0.0054611
-0.0021251
-0.0034593
-0.0004591
-0.0026836
0.0079359
0.0092287
0.0078402
-0.0059905
-0.0099964
0.0055259
-0.0042535
0.0049989
-0.0052037
0.0011149
0.0058412
0.0065466
0.0065649
0.0098666
-1.22e-5
0.0050174
-0.0045178
0.0046649
-0.0029237
-0.0086789
0.0003426
-0.0069214
-0.0080904
-0.0037224
0.0062477
-0.0013178
