-0.0007042
0.0085474
0.0098413
0.0059208
-0.0092272
0.0095627
0.0026724
-7.58e-5
-0.0033302
-0.0054026
0.0007182
-0.007127
0.0001784
0.0088754
-0.0044853
0.0066872
-0.0093748
0.0012764
0.0005287
0.0077996
0.0096948
-0.007177
0.0048747
0.0036917
0.0027412
0.0063551
-0.0079132
0.0090354
0.008227
-0.0098074
-0.0093853
-0.006541
0.0070626
-0.0092154
0.0055727
-0.0022093
0.0032867
-0.0063878
-0.0099341
0.0068426
-0.0009397
0.0076898
-0.0091788
-0.0092179
-0.0095746
-0.0026814
0.0098757
-0.0083274
-0.0077019
0.0019569
0.0026912
0.0023559
0.0027845
0.0046127
0.0046997
0.0053476
0.0079036
0.0066616
0.0062772
0.0001883
-0.0044538
-0.0057597
-0.00681
0.0061999
0.009401
-0.000211
0.0038139
0.0023791
0.0070106
-0.0062996
0.001075
-0.0053441
-0.0082795
0.0055573
-0.0076054
0.0007165
-0.007381
-0.0048978
0.0004566
-0.003695
-2.24e-5
-0.0074821
0.0014157
-0.0078443
-0.0036443
0.0024069
-0.0054293
-0.0045953
0.0022983
-0.0026399
-0.0049582
-0.0077099
0.0017618
-0.0040095
-0.0012002
0.0030239
-0.0075428
-0.0079545
-0.0072355
0.0006619
-0.0043637
0.007987
0.0095493
-0.0077495
0.0054273
0.0083735
0.0083451
-0.0043624
0.008398
-0.0016554
-0.0029168
0.0032822
-0.0033786
-0.0098818
0.0078512
-0.004704
-0.006573
0.005677
0.0062679
-0.0052049
-0.0017952
-0.0090246
0.0039559
0.0058331
-0.0086025
0.0041335
0.004205
0.0026458
0.0069379
-0.0046153
0.0023743
7.36e-5
0.0056519
-0.0069484
-0.007396
0.0025055
-0.0037276
-0.0007002
-0.0042095
0.0020987
-2.08e-5
-0.0085009
0.0092717
0.0038932
0.0044747
-0.0001662
-0.0003341
0.001194
-0.003718
0.0063417
-0.0097425
-0.0054897
-0.0015565
-0.0058263
0.0053511
0.0017347
0.0070992
-0.0008813
-0.0058678
0.0085768
0.0073425
-0.0031101
0.0022389
-0.005786
-0.0037248
-0.005896
0.0062593
-0.0012236
-0.0061564
0.0079917
-0.0040845
0.0089026
-0.005635
0.0045254
-0.0062088
0.0030731
0.0014988
0.0019048
0.0021365
0.0009326
-0.0053466
0.0044281
0.0084989
-0.0016823
-0.0039676
0.0021663
-0.0096419
-0.0004356
0.0013766
0.0044976
0.0058097
-0.0058161
-0.0062563
0.0090566
-0.0012473
-0.0031361
0.0044485
-0.0052068
-0.0051271
0.0002527
-0.0002671
-0.0026241
0.007983
0.0092224
0.0047809
0.0083732
0.0095241
-0.0085061
-0.006725
0.0028161
-0.0008709
0.0030596
-0.0090289
0.0085856
0.008914
0.0033889
0.007361
0.004971
0.0056593
0.0001216
-0.001333
0.0079669
0.007459
0.0097152
-0.0076582
0.0058891
0.0011947
-0.0040185
-0.0009348
0.0060861
0.0026917
0.0076552
-0.0073501
-0.0041248
-0.003708
0.0081065
-0.0046071
-0.0008075
0.0050191
0.0051449
-0.0036896
0.0094329
0.0004951
-0.0077792
-0.0041482
0.0032119
-0.0099566
0.0090065
0.0064872
-0.003297
0.0097582
0.0030437
0.0050139
0.0011027
0.0059024
-0.0094485
0.0043181
0.0072695
0.0053044
0.0035405
-0.0077437
-0.0042876
0.0034267
0.0083226
-0.0044859
0.0091622
-0.0023483
-0.0070891
0.0021846
-0.0013137
-0.0054673
0.0015148
0.0018363
-0.00893
0.0058912
-0.008143
0.0025087
-0.0025281
0.0083643
-0.0001844
-0.0076907
-0.0042704
-0.0056251
0.0025769
0.0031577
-0.0057104
0.0017826
-0.0094553
-0.0044044
0.0030045
-0.0072771
-0.0071492
-0.0047489
-0.0070686
0.0055758
-0.0081674
-0.0099099
0.0020777
0.0066337
-0.0069056
-0.008867
0.0002943
-0.0051675
0.0007602
0.0001408
-0.0074388
-0.0015931
0.009406
-0.0093849
-0.001832
-0.0091368
0.0058322
0.0094296
0.0029007
0.0072663
0.0029963
-0.0097182
-0.0033688
0.0079341
-0.0072772
0.0053141
0.0065902
-0.0021243
0.0034305
-0.0070145
0.000506
-0.0097959
0.0021479
-0.0084495
0.0089562
0.002631
0.0040478
0.0010839
0.0089917
0.0019422
0.0078776
-0.0083257
-0.0085661
-0.0040976
-0.0053292
0.0004046
0.0045135
0.0013131
0.001577
-0.0032489
-0.0026509
0.0091013
-0.0059222
-0.0047211
0.0027523
0.0001783
-0.0097154
-0.0085176
0.0076966
0.000414
-0.0036793
-0.0067446
0.0037036
-0.000921
-0.0080967
0.0040711
0.0098323
-0.0016902
-0.0054787
0.0051217
0.0030517
-0.0033956
0.0069167
0.002517
0.0086211
0.0083582
-0.0087419
0.0042607
-0.0022637
0.0001322
-8.11e-5
0.0008116
-0.0019647
-0.0002639
-0.0052821
0.0012586
-0.0012046
-0.0017143
-0.0010026
0.002096
0.0063479
-0.0045824
-0.0091095
0.0045621
0.0031062
0.0082539
0.0015341
-0.0040329
-0.0015646
0.0005424
-0.0038381
-0.0051754
-0.0092044
-0.0005505
-0.0031281
-0.0095556
0.0017489
-0.0093165
0.0044883
-0.0004206
-0.0088147
-0.0069011
-0.0016455
-0.0035744
-0.0045114
-0.0050789
-0.007977
0.0009695
-0.0072965
0.002463
0.0066284
0.0089517
0.0033742
-0.0027237
-0.0052944
-0.0016081
-0.0023888
0.0041699
0.0064281
0.0054479
-0.0067463
-0.0065783
-0.0086361
0.0013701
-0.0004349
-0.0056204
0.0001321
0.0002661
0.0027619
0.0084921
0.0099496
0.0071625
0.0027951
0.0075826
0.0022383
-0.0061043
0.0076324
-0.0095898
-0.001171
0.0067235
-0.0067867
-0.0054347
-0.0091629
0.0012873
0.0045832
0.0051214
0.0044625
-0.0088158
-0.0010799
-0.0079928
0.0094933
-0.0071052
-0.0053277
0.0034787
0.0028456
-0.0041235
0.0093461
0.0081349
0.0027982
0.0031288
-0.0039563
0.0038239
0.0085077
-0.0091238
0.002674
-0.0011376
0.0003701
-0.0012796
-0.0040535
0.0079054
0.0054317
0.0061259
-0.0038052
0.0053736
0.0002045
-0.0008362
0.0026745
-0.0016312
0.0027481
0.008663
-0.0058351
-0.0085299
0.0054904
0.0051651
-0.0088832
0.0042355
-0.0018024
-0.0007111
0.0055272
0.0083313
