-0.0021438
0.0043376
0.0037945
-0.0081819
0.0068936
-0.0031832
-0.0087173
0.001913
0.0099311
-0.0001832
-0.0011175
0.0074391
-0.0018748
0.0015645
0.0019311
0.0023412
0.0071629
-0.0018411
0.0084924
-0.0019008
-0.0047359
-0.000257
0.0049567
-0.009948
-0.0078703
-0.0026114
0.0015711
0.0051975
0.0060949
-0.0037389
0.00416
0.0032655
0.0047265
0.0053742
0.0042289
0.0006887
0.0099103
-0.0052852
-0.0062559
-0.00655
0.0006719
-0.0027603
-0.0023519
-0.0020593
0.0013573
-0.0012393
-0.0025453
0.0065922
-0.0004309
-0.0056567
0.0025541
-0.007595
0.0013004
0.0019462
-0.0014328
-0.0076541
-0.0016574
-0.0079578
0.0003125
0.0091023
-0.0021036
-0.007215
0.0070988
0.0068833
-0.0031928
-0.0039899
0.0073628
-0.001511
-0.0085475
-0.0077641
0.009442
-0.0068266
-0.0099405
0.0082728
-0.0043156
0.0019993
0.0086909
0.0056543
0.0065904
-0.002785
0.0036875
0.0091152
-0.0037304
-0.0070723
0.0015776
0.0014582
-0.0062937
-0.0067978
0.0089557
0.0014026
-0.0045729
0.0040539
0.0029645
0.0031109
0.0050659
-0.0082068
0.0028413
0.0054368
0.0066967
-0.0079156
0.0013018
-0.0073244
-0.0042734
-0.0032743
0.0005833
-0.0024059
0.0061146
0.0045877
0.0042248
0.0004499
-0.0047115
0.0067646
-0.0074742
-0.0072271
0.000921
0.0075546
-0.0067619
-0.0083111
-0.0025249
0.0006549
-0.0044538
0.0034729
-0.0021614
-0.0065268
0.0066891
0.0018065
-0.0054906
0.0013518
0.0081271
0.0023469
-0.0017772
0.0008487
0.0096086
-0.0094121
-0.0018717
-0.0094105
-0.0065238
0.0094736
0.0076242
0.0078589
-0.0016028
-0.006654
0.0056173
0.0034698
0.0041279
0.0059744
-0.0020636
-0.0040266
-0.0081856
-0.0073211
0.0077196
-0.004429
-0.0091016
0.0008787
0.0024574
0.0054804
-0.0045444
-0.0075083
0.0009863
-0.0023557
0.0064186
0.00317
-0.0092051
-0.0041346
-0.0069132
-0.0097713
-0.0036225
0.0053871
-0.0017436
0.0034908
-0.0056226
-0.0079101
-0.0027182
0.0054081
-0.000822
-0.0007643
-0.0025756
-0.0045875
-0.0021096
0.0092763
0.0052601
-0.0047391
0.0071086
0.0079317
-0.0042075
0.0032612
-0.0035793
0.0011393
0.0062083
-0.006331
0.0020816
-0.0038862
-0.0042259
0.0017102
-0.0046161
-0.004598
0.0045442
0.0015819
0.0070234
-0.0031719
-0.0060189
-0.0010892
-0.0051097
-0.0025363
0.0004414
0.0043159
0.0096536
0.0072107
0.0077094
0.0043661
0.0053878
0.0061906
-0.0090419
-0.0033156
-0.0063543
-0.0062541
0.0042265
0.0025093
-0.0072712
0.0033833
0.0092886
-0.002572
-0.0063013
0.0040393
-0.0094389
0.0057789
-0.004775
0.0017148
0.0052437
-0.0079227
-0.0068775
0.0046979
-0.0098182
0.0078944
0.0011183
-0.0042369
0.0068849
-0.0094674
0.0045625
-0.0085772
0.008603
0.0084726
-0.0022116
-0.0068755
-0.0053289
0.0004171
-0.0060372
-0.006162
0.0065501
0.0093864
-0.0054237
0.0099253
-0.0090372
-0.0046042
0.0046833
0.0077628
-0.000771
0.0005267
-0.0029714
0.008728
-0.0023438
0.0052521
0.0062541
-0.0041074
0.0061972
-0.0049548
0.0002734
0.0012962
-0.0040465
0.00779
0.0021967
-0.0069311
0.0064127
0.0097253
-0.0071922
-0.0026219
-0.0076717
-0.0047662
0.0048436
0.0036695
0.0095704
0.0095951
0.0026506
-0.0056025
-0.0088252
0.0008895
0.00622
0.0049681
0.0014137
-0.0015889
0.0015073
0.0041809
-0.006427
-0.0008138
-0.0042146
-0.0036502
-0.0047869
0.0058253
-0.00116
0.0051518
0.000506
0.0011341
-0.0023118
0.0083245
0.0012444
-0.0092587
0.0095124
0.0096809
-0.0055027
0.0047665
0.0077713
-0.0066396
0.0093275
-0.0061506
-0.00173
-0.0029611
-0.0069029
0.0051066
-0.0062603
-0.001817
0.0044048
0.0097429
0.0061158
0.007443
-0.003875
-0.0014063
0.0053095
-6.86e-5
0.0043689
0.0048441
0.001242
0.002337
0.0087967
-0.0005399
0.0079502
-0.0058725
0.0065962
0.0029103
-0.0008966
-0.004473
0.0075366
-0.0060946
0.0051096
-0.008521
-0.0050163
-0.0017973
-0.0048095
-0.0068611
0.0020101
0.0071125
0.0098168
-0.0059263
0.0095938
0.0019543
-0.0039783
0.0043526
-0.0078436
-0.0017683
0.0006856
-0.0020183
0.0005628
-0.0089523
-0.0080964
-1.01e-5
0.0052973
0.0047377
-0.0071885
-0.0072974
0.0053364
-0.0010545
0.0061692
-0.0064252
0.0066601
-0.0037508
-0.0097468
0.0073038
0.0092231
0.0051673
0.0021634
-0.0034613
0.0036871
0.0001623
-0.00492
-0.007436
-0.0095144
0.0060762
0.0019649
-0.0052891
-0.005155
0.0017948
0.0021869
0.0057968
-0.0089788
0.0064834
-0.0053567
-0.0077678
-0.0070338
0.0006703
0.0064414
-0.0035596
0.0055856
-0.0067479
-8.87e-5
0.0023837
0.0006531
-0.0051157
0.0075255
-0.0047552
0.0056473
-0.0052805
0.001377
-0.002589
0.0051323
0.0098372
0.0093004
0.0012472
-0.0040993
-0.0048416
0.0030581
-0.0068625
0.0067122
0.0077406
0.0074394
-0.0069731
-0.0098207
0.0040279
0.0041823
0.0029639
0.0090275
0.0097697
0.0010576
-0.0049297
0.0030395
-0.0078114
0.0024242
0.0004037
-0.0004091
-0.0036588
-0.0058726
-0.0022825
-0.0009889
-0.0044024
0.0005272
0.0037514
0.0003285
-0.0064435
0.0085223
0.0024871
0.0068129
-0.0014313
0.0049319
0.0052458
0.0001549
0.0029353
0.0024993
-0.0053463
0.0069038
0.0091393
-0.0090379
0.0049159
-0.0024738
0.0033283
0.0085089
-0.0065251
-0.0039022
-0.0043449
-0.0099878
0.0005316
-0.0046047
-0.007037
0.0012668
0.0017389
-0.0097704
0.0015711
-0.0069443
-0.0026872
-0.002273
0.0085812
-0.0046879
0.0040323
0.0083786
0.0039354
0.0040715
-0.0011038
-0.0072655
0.0003205
-0.0063175
-0.0002543
0.0089193
-0.0009731
0.0097795
0.0010575
-0.0033274
-0.0019596
-0.0059971
