0.006822
0.0032658
-0.0025972
0.0008374
-0.0056756
-0.0024877
-0.005488
-0.0093341
-0.0014145
-0.0036318
-0.0032555
0.0033395
0.0067084
0.0024304
0.0081087
-0.0088365
-0.0013776
-0.0091649
0.0077462
-0.0056525
-0.0026459
-0.006966
-0.002579
-0.0090958
0.0093703
0.0075878
-0.0063207
-0.0026226
0.0014823
-0.0027509
-0.0009935
-0.0046241
-0.0095536
-0.0002361
-0.0017976
0.0066943
0.0041231
0.0031966
0.0059256
0.0013448
0.000137
0.0033681
-0.0081548
-0.0081972
-0.0003757
-0.0084244
-0.0072245
-0.0027367
0.0076704
0.0093315
0.0074442
0.0069755
0.0071117
0.0077355
-0.0055374
0.0084663
0.0058453
0.0005551
-0.0035032
-0.0003252
0.0024375
0.0018678
0.0079829
-0.0005689
0.0028952
-0.0020076
0.0093435
0.00225
0.001731
0.0048675
-0.0049824
-0.0051964
0.0087616
-0.0052066
0.0004082
-0.009442
-0.0058461
0.0080933
-0.0052282
-0.0053745
-0.0088658
-0.004266
0.0027225
0.0076384
-0.0038182
-0.0035891
-0.0079954
-0.002541
0.0075481
-0.0030088
0.0094907
0.0094944
-0.0099681
0.0059373
-0.0001665
-0.0051956
0.0063075
-0.0015723
-0.001817
-0.0028268
-0.0015358
-0.0063282
0.0017678
-0.0022872
-0.0034403
-0.0076299
0.0023859
0.0096722
0.003988
-0.0045898
0.0016596
0.0052744
0.0013935
-0.0038398
-0.009307
0.0089738
0.005567
0.0004786
-0.0041448
-0.0027557
0.0059024
0.0065295
0.0002151
-0.0021219
0.0083203
-0.0098811
-0.0031376
-0.0058294
0.001469
0.0015376
0.005529
-0.0030095
0.006749
-0.0073744
0.0034399
-0.008234
0.0097703
0.0090883
-0.0023754
0.0014626
0.0013997
0.0020429
-0.0052227
0.0032666
0.0039228
-0.0047052
-0.0020132
-0.0065906
0.0081378
0.0056585
0.0090193
-0.0092103
-0.0012269
0.0074373
-0.0085668
-0.0067016
-0.0001938
0.0041574
0.0027202
0.0084527
-0.0057917
0.0032992
-0.0037407
-0.0047643
0.0062311
-0.0050938
0.0064797
0.0062266
-0.0022532
-0.0078322
0.001058
0.004934
0.0059356
-0.0047124
-0.0069136
0.0043211
-0.0008781
0.001732
-0.0072235
0.003587
0.0079897
-0.0073034
0.009577
0.0036019
-0.0077457
-0.0074481
0.0017279
0.0013197
0.0007143
0.0028166
0.0061113
0.0019876
0.0074618
0.0016098
0.0015839
-0.0016443
0.0055524
0.0040844
0.0076808
0.0058371
0.0019217
-0.0031311
-0.0019138
-0.0056811
-0.00445
0.0001162
-0.0027843
-0.0033225
0.0061173
0.0088029
0.0067509
-0.0076778
0.0018668
0.0005807
0.0009461
0.0081443
-0.0047949
0.009347
0.0088801
0.003392
-0.0090806
-0.0022193
-0.0086287
0.0096222
0.0068404
0.0022177
-0.0031059
-0.0032911
-0.0032824
0.0097794
-0.0044801
-0.0030133
-0.0002683
-0.0047733
0.0089091
0.0073178
0.0069943
-0.0028366
0.0048762
0.0035241
-0.0075295
-0.0055919
0.0099008
-0.0038056
-0.0053619
0.0065788
0.007404
-0.0028459
0.0083107
-0.0079855
0.0034671
-0.0064756
0.0007063
0.0069097
-0.0034308
8.87e-5
-0.0047012
-0.0039552
-0.0097564
0.0087708
0.0032632
-0.0065846
-0.0051297
-0.0076616
-0.0016738
-0.0042823
-0.006068
0.0049314
0.0011358
-0.003449
0.009414
0.0082907
-0.0049813
-0.0054997
-0.0040726
0.0047992
0.0095463
0.0084499
0.0063895
-0.0051457
-0.0067688
-0.0051023
0.0099792
0.0022549
0.0007472
-0.0085704
-0.0096908
0.0034863
-0.005166
-0.0082438
0.0087576
0.0077824
0.0024622
0.0081701
-0.0053492
-0.0059262
-0.0072028
0.0007591
0.0020454
0.0042709
0.0068738
-0.0055787
-0.0075726
-0.0016135
0.0058535
0.0040386
-0.0044803
-0.0034242
0.0065636
0.0022615
-0.0040995
-0.0065009
-0.0005673
0.0031416
0.0020352
0.0037379
0.0082951
0.0058916
0.0029486
0.0003582
0.0064103
0.0005161
-0.0011362
0.0019203
0.0052311
0.0002811
0.0040187
0.001922
0.0047828
0.0041802
-0.0069552
0.0096226
-0.0056481
0.0042274
0.0049357
-0.0077323
-0.0083368
0.0045736
-0.0037672
-0.0015792
-0.0056819
0.0085528
-0.0033953
-0.0010128
0.0050965
0.0009791
-0.0011504
0.0049532
-0.0097984
0.0080067
0.0003093
-0.0020132
-0.0011474
-0.0064818
-0.0055097
0.0022454
0.0040394
0.0093811
-6.86e-5
0.0053416
-0.0049359
-0.009307
0.0089977
0.0019171
-0.0057548
0.0005804
-0.0085718
0.002196
0.0080249
-0.0077834
0.0077962
-0.0057156
0.006169
-0.0067722
-0.0051957
0.0081807
-0.0063306
-0.0071329
-0.0069592
0.0039572
-0.0021561
-0.0048842
0.0093015
-0.0064043
-0.0017902
0.0070265
-0.007396
-0.0035999
-0.0094794
-0.006697
0.0092676
-0.003948
-0.0087322
-0.0023287
0.0086481
-0.0048306
0.0037238
-0.0028985
0.0015893
0.0068987
-0.0039109
0.0003127
-0.0092252
-0.0041511
0.0096463
-0.0052684
-0.0078344
0.0045811
0.004172
0.0022701
-0.0042003
0.0047666
-0.0039252
-0.0046865
-0.0018322
-0.0034025
-0.0054321
0.0080917
-0.0062129
-0.0017461
0.0063411
-0.002889
-0.0037966
0.0088634
-0.0090475
-0.0035308
-0.0066828
0.0086026
0.0074067
0.0088215
0.0076926
-0.0017173
0.0027236
0.0080018
-0.0021508
-0.0036529
-0.0053818
-0.0011042
-0.0053666
-0.0045635
0.0091594
0.0080944
0.0015265
-0.0071566
0.0079062
0.0061894
0.0007654
-0.0016874
-0.0098163
0.0044945
0.0086795
-0.0009673
0.0057114
-0.0074977
0.0044016
-0.0053776
0.0042631
-0.0092233
0.0020946
-0.0058492
0.0029277
-0.0051904
-0.0087863
-0.0096738
0.0083079
-0.0055905
-0.0037645
-0.0040794
0.0004287
-0.0011679
0.0045482
-0.0020834
0.0078778
-0.0034017
6.5e-5
-0.009934
-0.0060912
0.008539
0.0003989
-0.0072903
-0.0061907
0.0065665
-0.0017336
-0.006588
0.0059581
-0.0027331
-0.0074887
-0.0092598
-0.0010148
-0.007421
0.0073153
-0.0088129
-0.0044655
0.0062273
0.0054777
