-0.0082916
0.0079976
0.0011039
-0.002336
0.0028185
0.0085877
-0.0011094
0.005124
0.0014542
-0.0090872
0.0044917
-0.0045468
0.0018377
-0.002628
-0.0013098
-0.0096417
-0.0062618
0.0092289
0.0065816
-0.0070322
0.0045182
-0.0030971
-0.0039914
0.0086045
0.0068963
-0.0037358
-0.0060175
0.0043588
0.0092135
-0.0004878
0.0009235
-0.0080734
-0.0002463
0.009937
-0.0033328
-0.0051914
-0.0033123
-0.003027
-0.0012143
-0.0023502
0.0045087
-0.004753
0.0096698
0.0079519
-0.0076346
0.0004772
-0.0050578
0.0038931
-0.0049814
-0.0031033
-0.0066826
0.0013326
-0.0020928
0.0021186
-0.0019066
0.0081848
-0.0063393
-0.006341
0.0009169
0.0094561
0.0013967
-0.0061917
0.0007962
-0.0058543
-0.0050215
0.0015829
-0.0041328
0.0052351
0.0039737
0.0059122
0.0046988
-0.0053536
-0.0037525
-0.0074983
-0.0012114
-0.0072017
-0.0061182
-0.0012014
0.0057054
-0.0063218
-0.0018696
0.004352
0.0091723
-0.0092865
-0.0068858
-0.0057322
-0.0071155
0.0039833
0.0023441
-0.0010471
0.0013956
0.0018469
-0.0088208
5.65e-5
-0.000839
-0.0033404
-0.0033346
0.0013605
0.0037745
-0.0054369
-0.00076
-0.0067449
-0.0047452
-0.0003627
-0.0009487
0.0027006
-0.008193
0.0031138
-0.0057996
-0.002052
-0.0034858
0.0018705
-0.0013676
0.0003292
0.0012028
0.0081082
0.0082592
0.0067797
-0.004349
-0.0079735
-0.0032251
0.0008622
0.0006879
0.0027589
0.0001605
-0.0042011
-0.0017216
-0.0065895
-0.0054821
9.98e-5
0.0024585
-0.0076382
0.0038565
-0.0072585
0.0034936
0.0018413
0.0071516
0.0096938
0.0015136
0.0097585
0.0028787
-0.0038974
-0.0001051
0.000885
0.0004624
-0.0032956
0.0060931
0.0011157
-0.0098054
0.0043262
-0.00435
-0.0086992
0.0089685
0.0070717
-0.0086677
0.0025689
0.0032398
-0.0014001
0.0003293
0.0005604
0.0075118
0.0087907
0.0044048
0.0042612
-0.0008476
0.0031409
0.0014104
-0.0057344
0.0074698
0.0099803
-0.0089025
0.0089387
0.0027231
-0.0049149
0.009098
0.0086425
0.0006081
-0.0048175
-0.0013283
0.0062054
0.0066584
0.0017503
0.0016132
-0.0065054
0.0020755
-0.0043141
0.0079985
-0.0038706
0.0051192
0.0048205
0.0028137
0.0056357
-0.0076912
0.0081679
0.0033065
-0.0039671
0.0090002
0.0068631
-0.0034292
0.0036363
-0.003353
0.0099134
0.0024088
-0.0086878
0.0062887
-0.0015544
3.19e-5
-0.003357
-0.0019183
-0.0078363
-0.0030876
-0.0053683
-0.0064224
-0.0003379
-0.008983
0.0059705
-0.00068
-0.0019431
0.0085329
-0.0035268
-0.0062152
-0.0082686
0.0062761
-0.00411
-0.0030869
-0.0005052
0.0069045
-0.0060843
-0.0098551
0.0046977
0.0052414
-0.0019195
0.0022711
0.0060141
0.002895
-0.0041523
-0.0020847
0.004095
-0.0049259
0.0034524
0.0015469
0.0083277
-0.0075058
0.0002353
-0.0033808
-0.0072755
0.0070388
0.0094612
-0.0051312
-0.0003585
-0.0049274
-6.81e-5
-0.0038146
-0.0071313
-0.000253
-0.0046586
-0.0002084
-0.0090197
0.003012
-0.0046263
0.004899
0.0029976
0.0021748
-0.0072075
0.0043731
0.0028067
-0.0042284
0.0065065
0.0035168
0.0055667
-0.007823
0.0062504
-0.0017182
0.0011601
0.0070146
0.0038355
0.0014849
-0.0065523
-0.0072336
0.0061119
-0.001683
0.0039894
-0.0034384
-0.0068412
-0.0032559
-0.001315
0.0096056
-0.0007992
0.0074382
0.0006385
0.0060419
0.0059496
0.0084933
0.0068236
0.0075092
0.0025154
0.001743
-0.0080015
-0.008172
-0.0021406
-0.0036101
-0.0065517
-0.0036699
0.0083678
-0.0079291
-0.0031355
0.0074537
0.001542
-0.0076734
-0.0019472
0.0068917
-0.0051162
-0.0058576
0.0090296
0.0071855
0.0083066
-0.0062311
-0.009012
0.0006376
-0.0098155
-0.0047793
-0.0073022
0.0095123
0.0062109
0.0022481
0.004265
-0.0030696
-0.0084759
-0.006609
-0.0088204
0.0073687
0.0085821
-0.000215
-0.0090052
-0.0023398
0.0045792
-0.0097788
-0.0067359
7.49e-5
0.0004242
-0.0029932
0.0068248
0.0021599
-0.0091882
0.0099148
-0.0069887
-0.0001845
-0.0065395
-0.0056471
0.007145
-0.0064506
-0.0051821
-0.0062467
-0.0078703
-0.0083457
0.000376
0.0072371
-0.0070939
0.0064736
0.0033218
-0.0093279
-0.0061929
-0.0040032
0.0041929
0.001886
-0.001099
-0.0048236
-0.0003662
0.0042803
0.0002623
-0.0057342
-0.0034432
-0.0067579
-0.0016642
0.0099013
-0.0039406
0.0023982
-0.0086698
0.0010884
0.0053318
-0.007951
-0.0034763
-0.0013243
-0.0038519
0.001006
-0.0001704
0.0071449
0.0035357
-0.0048915
-0.0004854
-0.0033988
-0.0097598
-0.0005887
0.0074259
-0.001677
0.0033128
-0.0046815
0.0009434
0.0022531
0.0010966
-0.0011327
-0.002916
-0.0029243
0.0035818
0.0040132
0.0037344
0.0058534
0.0090328
0.0002601
-0.0074792
-0.0041499
-0.0092673
-0.0068395
-0.0036705
-0.0018126
0.0060265
-0.0049609
-0.0052694
-0.0010798
0.0022686
-0.0059179
-0.0050326
-0.0023602
-0.0097736
0.0059514
-0.0084351
0.0058828
-0.0024722
0.0094358
-0.0053645
-0.0027402
-0.0063937
0.0022014
-0.008314
-0.0086188
0.0005263
-0.0034704
0.0064698
0.0098276
-0.005422
-0.0037
0.00982
-0.0063016
-0.0005371
-0.0067671
-0.001047
0.0039213
0.0065279
-0.0008964
0.0057602
0.0082561
-0.0098686
-0.0094968
-0.006714
0.0010938
0.0086553
-0.0028212
-0.0094606
-0.0098846
-0.0080672
-0.0063493
0.0049269
-0.0002855
-0.0085577
0.003358
0.0069468
0.0039323
-0.0020095
0.0009534
0.0067777
0.0024836
0.0053109
-0.0042323
-0.0033407
0.0070962
0.0064372
-0.0056958
0.0028271
-0.0066265
0.0086849
-0.0039303
0.0004995
0.0067515
0.0058262
0.0019265
0.0014356
-0.0014361
-0.0052421
0.0080903
0.0090392
0.0097958
0.0098938
0.0091623
-0.0026128
-0.0098382
