-0.00986
-0.0049707
-0.0010123
0.0087375
-0.0071533
-0.006429
-0.0009718
-0.0098012
-0.0016197
0.00852
0.0066367
-0.0095163
-0.0028904
0.007248
0.0050284
-0.0050816
-0.0085796
0.0018994
-0.0044441
-7.57e-5
-0.003181
-0.0090509
0.0054009
0.0045385
-0.0030096
0.007339
-0.0009416
-0.0093303
-0.0060034
0.0065287
0.0013764
-0.009097
-0.0018975
0.0039061
0.0084868
-0.0081622
0.0028752
0.0001957
-0.006604
-0.0040827
0.0010558
0.0047232
0.0097091
0.0050801
0.0057387
0.0015822
0.0095801
-0.006398
-0.0076133
0.0087068
-0.0041879
-0.0058886
0.0069652
-0.0043191
-0.0008693
0.0064332
0.0004588
-0.0096446
0.005986
-0.0080507
0.0027974
0.0026356
-0.0086411
0.0017764
-0.0088067
-0.0082147
-0.0048073
0.0083894
0.0089165
-0.0054535
-0.0064392
-0.0083358
0.007089
-0.0055672
-0.0072159
-0.0068321
0.0026672
-0.0065888
-0.0055038
-0.0050803
-0.0051211
0.0002005
0.0007695
0.0074982
-0.0071746
-0.0091306
0.0032703
0.0073059
-0.0066731
0.0054252
0.0019545
0.0058375
0.0080592
-0.0041704
-0.005441
5.07e-5
-0.00056
0.0088882
0.0067945
-0.0039399
-0.0028675
-0.0071312
-0.0049047
0.0022495
-0.0057433
-0.0058163
-0.003127
-0.0083145
-0.0028187
-0.0054708
0.0062668
0.0010503
0.0095423
-0.0064595
0.0044918
0.0021824
-0.0084706
0.0048007
-0.0072624
-0.0061685
-0.0036643
-0.0095065
-0.0018373
0.002157
-0.0068814
-0.009649
0.0068969
-0.0091161
0.000504
-0.0092154
0.0031288
0.0027556
-0.0004518
0.0033677
-0.0012415
0.002051
-0.0016417
-0.0043826
0.0051426
0.0020959
-0.0042455
0.0008804
0.0082484
-0.0004519
0.0068698
-0.0035179
-0.0056675
7.09e-5
0.0043904
0.0041411
-0.0045074
-0.0073977
-0.0054198
0.0034771
0.0094409
-0.0035273
0.0042351
0.0055671
0.0041046
-0.006721
-0.0027315
-0.0094782
0.0021618
-0.0068002
-0.0053838
0.0020428
0.0022776
-0.0048014
-0.0032037
0.0003462
0.0015899
-0.0084624
-0.0012796
0.0048977
0.0067963
-0.00659
-0.0028569
0.0037321
-0.0092167
0.001782
0.0059586
-0.0044124
-0.009459
0.0005302
0.0031352
-0.0022239
0.0020091
-0.0074347
-0.0002942
0.0020293
-0.0066546
0.0041395
-0.00897
0.0011799
0.0008737
0.0026812
0.007132
-0.0002465
-0.0007176
0.0048441
0.0052388
-0.0066212
0.0056988
-0.002596
-0.0017177
0.0013216
-0.0010526
0.004637
0.0048072
-0.0003849
-0.0069898
0.0036515
-0.0056304
-0.0054392
-0.0081664
0.0093287
0.0025464
0.0021078
0.0056326
-0.0002679
-0.0041557
0.0040424
0.0096304
0.002647
0.001325
0.0093623
-0.0006065
-0.0077793
-0.0064616
0.0056909
0.0093985
-0.0087933
-0.0029347
-0.0024284
0.0079227
-0.0076952
0.0006393
-0.00923
-0.0028135
0.0074094
0.009112
0.0089249
0.0014013
0.0051282
0.0009377
0.0078281
0.0058109
-0.0054329
0.0098949
0.0008242
0.0090226
0.0056053
-0.0057201
-0.0007115
-0.0043057
0.0040299
-0.0054344
-0.0094589
-0.0094171
-0.0083395
-0.00759
-0.0019016
-0.0028935
0.0024612
-0.0091121
0.0075768
-0.0064819
-0.0009629
0.0069196
0.0068193
-0.0069462
-0.0043493
0.0097122
0.0023619
-0.0009714
0.0033782
-0.009044
0.0035557
-0.0043185
0.0027221
-0.006187
0.0086389
-0.0021488
-0.0061673
0.0070793
-0.0060429
-0.0008656
0.0063419
0.0092784
0.0025776
0.0076651
0.0015329
0.0036088
-0.0033447
-0.0031467
-0.0049092
-0.0045766
0.0044448
0.0030621
-0.0040314
-0.0087002
-0.0015511
0.0030061
0.0057588
-0.0027716
-0.00351
0.0009602
-0.005231
0.0054365
0.0028127
-0.0002875
-0.0079971
0.0066931
-0.0074757
0.0021675
-0.001766
-0.002466
0.0042063
-0.0061143
-0.0042477
-0.0069502
0.0064566
0.0034876
0.0045676
0.0032524
-0.0068517
0.0073562
0.0033869
-0.0074839
-0.0032616
-0.0005341
0.0064269
0.0010852
0.008972
-0.0087092
-0.0020855
-0.0024158
-0.008684
0.0017449
0.0037882
0.0074141
0.0080082
0.0043321
-0.0087153
0.0033241
-0.0062091
-0.0039658
-0.0094562
0.0028598
-0.0060553
-0.0068186
-0.0053465
-0.0021943
-0.0085972
-0.0027496
0.0033648
-0.0067183
-2.93e-5
0.0074864
-0.0049509
-0.0067841
-0.0028971
-0.0026481
0.0092707
-0.0028031
0.004975
0.0025039
0.0066479
-0.0033851
0.0064602
-0.0017474
-0.0049852
-0.0040841
-0.0006623
0.0078233
-0.0011735
0.0004474
-0.0045981
0.0059756
0.0060305
-0.0096514
-0.0035613
0.006909
-0.0059867
-0.0091124
0.0022263
0.0061817
-0.0093044
-0.0006685
-0.0001464
0.0079669
-0.0093429
-0.0062953
-0.0021197
0.0068801
0.0089045
0.0042859
0.003528
-0.003745
0.0056813
0.0037341
0.0062377
0.0040042
0.0046215
0.0027202
-0.009867
0.0093967
0.0052005
0.0053136
0.002675
0.0097456
0.0069006
0.0019584
0.0041452
-0.0053307
-0.0025437
0.0055783
-0.0018219
0.0061901
0.0073752
0.0060093
0.0087704
0.00183
-0.0072665
0.0060292
0.0025838
0.0032471
-0.0083105
-0.0075828
0.0074877
0.0040981
-0.0032387
-0.0001612
-0.0070202
-0.0095624
0.0076378
-0.0038596
0.005947
-0.0007427
0.0084211
-0.0031579
0.0043308
-0.0038811
0.003853
-0.0034693
0.0090699
0.0057822
-0.0024437
-0.0027759
0.0098097
0.0065498
0.0061333
0.0065441
-0.0064207
0.0029524
0.0068889
0.0003097
-0.0065458
0.0036408
0.0096198
-0.0079187
0.0096489
0.0068943
0.0063883
-0.0005297
-0.0025679
-0.0080281
0.0092703
0.0095057
0.0055465
-0.0092658
0.0037004
0.0059483
-0.0039768
-0.0010045
-0.0052325
-0.003101
0.0015729
0.002055
-0.0094082
-0.0020815
6.12e-5
0.0085118
-0.000217
-0.0024089
0.003085
-0.0011501
-0.000171
0.0045755
-0.0067143
-0.0093086
-0.0026802
0.0077871
-0.0069867
-0.0054953
