-0.006126
0.0012958
-0.0041638
0.0066349
0.0088597
0.0035272
0.0088615
0.000103
-0.0027171
1.04e-5
-0.0059768
0.0087139
0.0070334
-0.0016524
-0.0082874
0.0072801
-0.0004819
0.0004439
0.0020835
0.0070734
-0.0056897
0.0046632
0.0024968
-0.0082861
-0.0028829
0.0073825
-0.0057866
-0.0059278
0.0039799
-0.0048852
-0.0005104
0.0018708
-0.0044027
-0.0091699
0.0022236
0.0005901
-0.0028392
-0.0048192
0.0058496
0.0099199
0.0020034
0.0035171
-0.0030042
-0.0025018
-0.0073777
0.0036055
0.00661
0.0069175
-0.0058575
-0.0082527
0.0044581
-0.001948
-0.0039809
0.0094445
0.0049642
0.0098106
0.0005072
0.0051386
0.0006138
-0.0070444
0.0084088
0.0044928
-0.0081107
-0.0037139
-0.0027272
-0.0066341
0.0074351
0.0069285
-0.000788
0.0085419
0.0071022
-0.000915
0.0069189
0.0091935
0.0060467
0.0078252
0.0090918
-0.0062973
-0.0075087
0.0099915
0.0090754
-0.0057721
-0.0051445
0.0032868
-0.004161
0.0089095
-0.0096513
-0.0087573
0.0060718
-0.0028486
0.0032728
0.0092197
-0.0060825
0.0004717
-0.0082128
0.0024946
0.0025013
-0.003479
0.0039102
-0.0026574
0.0090012
-0.0027664
0.0008322
-0.0019939
0.0083149
-0.008641
0.0010215
-0.0020274
0.0068844
0.005323
0.0068651
0.0035942
0.009172
0.0056579
0.0019293
-0.0088905
0.0044687
0.0092728
0.0056056
0.0005519
0.0080344
-0.0042978
0.0077833
0.0048729
-0.0084028
0.004963
-0.0095898
-0.0055693
-0.0025834
-0.0083941
-0.0098904
0.0078409
-0.0053828
0.0026182
-0.0067597
-0.0069957
-0.002098
0.0012684
0.0065915
0.005144
0.0003733
-0.0058786
-0.0039874
0.0069389
0.0039655
0.0046812
0.0029685
-0.0051824
0.004965
0.0029978
-0.0062433
0.000238
-0.0058842
0.0083769
-0.0016325
-0.0015905
0.0041
-0.0048415
-0.0017514
0.0051315
-0.0039209
-0.0099757
-0.0012708
-0.001229
-0.0089658
-0.0051212
-0.0038428
0.0097863
0.0083855
0.0053403
-0.0011822
0.0039394
-0.0046779
0.0002937
0.0074109
0.0029839
-0.0086581
-0.0006242
-0.0057224
0.006336
0.0084918
8.78e-5
-0.0036799
0.006872
0.009099
0.0009853
0.0035515
-0.0008412
-0.0081449
0.0069086
3.4e-6
-0.0019753
0.0067169
-0.0090111
-0.0098721
0.0083407
0.0046515
0.0031474
-0.0070345
0.0050612
0.0079068
0.0079488
-0.0069454
-0.0013254
-0.0097127
0.0061353
0.0099467
-0.0033869
0.0063047
-0.0062751
-0.0030893
-0.0028658
-0.0007991
0.0031637
-0.0025992
-0.0098337
-0.0062485
0.0022521
-0.0099484
0.0074256
-0.0075479
0.0098001
-0.007886
0.0005479
0.0024725
-0.0084854
-0.0006997
0.0037583
0.0029861
-0.0091935
0.0066777
-0.0056645
0.0055586
0.0088325
0.0042944
-0.0073939
0.0050855
-0.0059432
-0.0017223
0.0055389
0.0047237
-0.0063147
-0.0045859
-0.0025952
0.0054112
0.0033602
-0.0030925
-0.0063058
-0.0089954
0.0098941
-0.0094714
-0.0046703
0.0098702
0.0021989
0.0012235
-0.0091738
-0.0006713
-0.0074729
0.0015796
0.0099982
-0.0036937
-0.0033439
-0.0065147
0.0086144
0.0046407
-0.0032855
-0.002448
0.0088981
-0.0040331
-0.0084646
0.0097725
0.0074143
0.0052814
0.0010119
-0.0060569
-0.0086469
0.0011581
-0.0028461
0.0057046
-0.0011525
0.0095993
0.0011147
-0.0052501
0.0002912
-0.0065456
-0.0050375
-0.0036652
0.0004911
-0.0009426
0.0069162
0.0024779
0.0029712
-0.0008623
-0.0042173
5.75e-5
-0.0068399
0.0032513
-0.0062573
-0.0017991
-0.0063606
0.0083597
0.0081888
0.007053
-0.0011694
0.002723
0.0069252
0.0095477
-0.0078668
0.0078526
0.0020037
0.0002912
0.0066968
0.005595
0.0029867
0.002133
-0.0095309
0.0040591
-0.0012811
0.009607
0.0006658
-0.0045615
0.0069194
0.0023453
0.0095755
0.0074344
0.0065011
-0.005552
-0.0006931
0.0035697
-0.0075119
0.0052595
-0.0086902
0.008506
-0.0071029
-0.0050322
0.0080895
0.0042494
0.0034216
0.0040527
0.0055487
0.0048986
-0.004718
0.0025304
-0.002973
-0.001851
0.0012195
0.0058096
0.0054785
0.0002981
-0.0093545
-0.0080325
0.0073095
-0.002698
-0.0006751
-0.0043464
-0.0010752
0.0040847
-0.0003591
0.004699
-0.0024052
0.0077283
5.53e-5
0.0075056
-0.006763
0.0048817
0.0091653
-0.0047915
0.0034673
0.0087763
0.002626
0.0065463
0.0039216
-0.008732
-0.0032449
-0.0009687
0.0093859
-0.0062068
0.0069754
0.0073236
0.0044615
-1.18e-5
-0.0059583
0.0061261
-0.0089564
0.0005129
-0.0085362
0.002493
-0.0074515
0.0028246
-0.0021735
-0.0065261
-0.0073462
-0.0099586
0.0045479
-0.0006856
0.0057909
-0.0036232
0.0011243
0.0042834
-0.0061565
-0.000661
-0.0023032
-0.0098927
-0.0027723
-0.0072802
-0.0006089
-0.0070139
0.0036208
0.0024298
-0.0091769
0.0087016
-0.0026941
0.0081868
-0.0069774
-0.0050569
0.0041575
0.00773
-0.0004983
0.0029162
-0.0061121
0.0056775
-0.003886
0.0094229
-0.0059565
0.0008824
-9.65e-5
0.0087905
0.0097114
-0.0018987
-0.0050821
0.003895
-0.0044007
-0.006432
0.0058773
0.0086753
0.0069857
-0.0064595
0.0097061
-0.0047901
0.001788
-0.0039565
-0.0083383
0.0012634
0.0053097
0.0002457
0.0045815
-0.0095529
-0.0006099
-0.0032121
-0.0091025
-0.0099584
0.0015455
0.0001282
-0.0025469
0.0056566
0.0026949
0.0058351
0.0047577
-0.0051544
0.0047267
0.0004958
0.0088859
7.71e-5
0.0065352
-0.0017697
0.0013502
-0.0096075
-0.005904
-0.002904
-0.0075973
0.0016609
-0.0068141
0.0093378
0.0058116
0.0082039
-0.008553
0.007489
-0.0046443
0.0035804
0.0031312
0.0059752
0.0043834
-0.003094
-0.0003047
-0.0039094
-0.0030078
0.0097341
0.0087201
0.0087904
0.0064559
-0.0014313
-0.006343
-0.0090181
0.0074472
-0.0001791
