0.00495
-0.0004628
0.004186
0.002854
-0.0009735
-0.0029685
0.0099164
0.0078634
0.0020131
-0.0062243
0.0016296
0.0001246
0.0034581
-0.0042314
0.0076813
-0.0001445
-0.0008897
-0.0080396
-0.0013593
-0.009838
-0.0037589
0.0052878
-0.0064138
0.0032366
0.0001911
-0.0074165
0.0081242
0.003772
0.0048234
0.0047232
-0.0024608
-0.0038837
0.0080198
-0.0051701
0.0034325
-0.0093752
-0.0061061
-0.0017289
-0.0064228
-0.0065165
-0.0001315
-0.002936
0.009402
0.0063617
0.0059673
0.0048939
-0.0070021
-0.0078481
0.0008588
-0.0099565
0.0065907
0.0040048
-0.0063451
-0.0047262
-0.0069534
0.0034815
-0.0099381
0.0055231
-0.0030434
-0.0087532
-0.0065847
0.0061426
-0.0022218
0.0010927
-0.0061702
-0.00594
-0.0068265
0.0046698
0.0054504
0.0083106
0.0053632
0.0030497
0.0055632
-0.0003367
0.0083754
0.0061772
-0.0022216
0.0082545
0.0081072
0.0043583
-0.0033728
0.0091924
-0.0043224
-0.0078109
-0.0043208
0.0053445
-0.0022975
0.007182
0.0066759
0.005895
-0.0006579
0.0096897
0.0076537
0.0051603
0.0046398
0.0046647
-0.0016561
-0.0064062
0.0067409
-1.21e-5
-0.0095801
-0.0087004
0.0092883
0.0075748
0.00236
-0.0042054
0.0059572
-0.001577
-0.0029104
0.0040169
-0.0016814
0.0083855
0.0076738
0.0011485
0.0024221
0.0091096
0.001345
-0.0071645
-0.0075056
0.0063756
-0.0081883
-0.0080221
0.0062995
-0.0015317
0.0040476
-0.0028428
-0.0055068
0.0041097
0.0023738
-0.0080077
0.0052372
-0.004541
-0.0072044
0.0067339
-0.0014787
-0.0013605
0.0057034
0.0070061
-0.0060207
-0.0080461
-0.0095775
0.0082713
0.0099776
-0.0064532
-0.0088283
-0.0080289
0.0044457
0.0020971
-0.0095008
-0.0004857
0.0077545
-0.0071409
0.0094076
-0.0071687
0.0016404
-0.0048757
0.0053129
0.0047854
0.0082303
0.0049627
-0.0075638
-0.0006699
0.0080124
0.0032203
0.0076445
-0.0092303
-0.0019594
0.0020298
-0.0086681
-0.0015381
-0.0075614
-0.0015159
-0.0086779
-0.0040538
-0.0013222
-0.0056108
-0.0057256
0.0068432
0.0042334
0.0053582
-0.0021637
-0.0061962
-0.0087966
-0.0081702
-0.0089922
-0.0069904
-0.0074933
0.0081553
-0.0010112
-0.0043214
-0.009787
0.0064785
0.0036771
0.0085726
-1.63e-5
-0.0058854
0.0098674
-0.0096396
0.0074771
-0.0057815
-0.0046202
0.00777
-0.0028293
0.0016056
0.0047127
0.0033443
-0.0044665
-0.0041061
-0.003393
0.0099891
0.0056977
-0.0082609
-0.0003421
0.0007448
0.0070921
0.0055212
-8.7e-5
-0.0031412
0.0081641
0.0095264
0.0066952
0.0013557
0.0032857
-0.0033077
0.0092172
-0.0048895
-0.0096957
0.0061242
0.0052888
-0.0074168
0.008771
0.0017993
0.0069635
-0.0089302
-0.0011495
-0.0043235
0.0053255
0.0040125
-0.0074507
0.0085426
0.0053584
-0.0068755
-0.0079915
0.0057201
0.0020829
-0.0085921
-0.0014581
-0.0020029
0.0012767
0.0046188
-0.002264
-0.0001198
-0.008616
0.0030419
-0.0087564
0.0006551
-0.0028673
-0.0050594
-0.0063062
-0.0018234
-0.0078369
0.0064087
-0.0093054
0.0002848
0.0056923
-0.0058609
-0.0096979
-0.0025229
0.0023837
0.007019
-0.0066929
0.0021889
-0.0081515
-0.0068336
0.0027021
-0.003972
0.0089217
-0.0013187
-0.005422
-0.0010407
0.0039817
0.0063483
0.0084579
0.0087982
0.0070963
-0.0022094
-0.001635
-0.0087598
0.0014405
0.0062712
0.0024278
0.0077375
-0.0015438
-0.0054343
0.0062681
-0.006139
0.0043684
-0.0014474
0.0046349
-0.0035694
-0.0047668
-0.004301
-0.0091164
-0.0050218
0.009526
0.0069012
-0.0030951
-0.006557
0.0012353
-0.0062858
-0.0092722
0.008343
-0.0022651
-0.0072045
0.0097704
-0.003114
0.0026697
0.0019374
0.0046909
0.0017448
-0.0040012
0.0017683
-0.0068415
-0.0020508
0.0040524
0.0098825
-0.0072374
0.0061348
0.0061209
0.0086583
0.0014564
-0.0028534
0.0070662
-0.0004071
0.0038092
0.0077318
-0.0029937
-0.0096239
0.0044198
-0.0064327
-0.0091204
-0.0002093
-0.0089681
0.0028437
-0.0042681
-0.0030347
0.0086301
-0.0095454
0.0040094
0.0082742
0.0003801
0.008733
0.0054661
-0.0021205
0.0076862
0.0075681
0.0074929
0.0081639
0.0001384
-0.0016196
-0.0027345
0.0036377
-0.00154
-0.00043
0.0084061
-0.0017048
-0.0002379
-0.0035882
0.005933
-0.0028023
-0.0066517
0.008643
0.0089782
-0.0065666
0.0006555
-0.0081395
-0.0033625
0.0027197
-0.008953
-0.0078512
0.0072758
0.0090863
-0.0001319
-0.0058761
0.0016342
-0.0046599
0.0032112
-0.0045516
0.00232
0.0082546
-0.0014385
-0.0026631
-0.0032039
0.0072161
-0.0064008
0.0041848
0.0032526
-0.0046183
0.0020069
0.0075808
-0.0075795
-0.0059929
0.0035494
0.0047066
0.0085731
0.0078347
-0.0024169
0.0074136
0.0044143
-0.006156
-0.0032488
0.0093742
0.0067836
0.0062028
-0.0018454
-0.0066405
0.0068695
0.0040166
0.0090102
-1.35e-5
-0.0010891
-0.0054612
0.0092882
0.0034646
0.007263
0.0050854
-0.0032499
-0.0042188
0.0095056
-0.0083743
-0.0057831
-0.0016383
0.0053355
0.0051285
0.0090848
0.0041649
0.0099429
-0.0040018
-0.0086446
0.0021195
0.0015611
0.0021202
0.0091477
-0.0091417
0.003055
0.0084549
0.0081016
-0.0006596
0.0048714
0.0083061
0.005014
0.0002035
0.0046074
0.0005329
-0.0097926
-0.0033217
0.0041486
0.0095539
-0.0016369
-0.0002326
-0.009003
-0.0068597
-0.0068725
-0.0096006
-0.0011304
-0.0011165
0.0083047
-0.0012074
-0.0053662
0.0049008
0.0017674
-0.0070613
-0.0057656
-0.0026713
-0.0025433
-0.0058323
0.0018039
0.005281
-0.0085678
-0.0031829
0.0090455
0.0038346
0.0027823
0.0053445
-0.0006167
-0.0083426
0.0065885
0.0056137
-0.0011992
0.0097475
0.0038416
0.0097154
0.0032585
0.0014199
0.0075779
