-0.0065265
0.0022581
-0.0040073
-0.0090227
0.0086847
-0.0015952
-0.0055295
-0.0044902
0.0031118
0.0001892
0.0069238
0.0076071
-0.0005998
-0.0048453
-0.0050613
0.0058709
0.0010378
-0.0067015
-0.0084565
0.0074725
-0.0039531
-0.0022754
-0.0084475
-0.008063
-0.0048788
0.0034684
0.0069739
-0.0048221
-0.0088124
-0.0060783
-0.0096833
0.0027551
0.0040285
0.0047895
0.0093564
-0.0034599
0.0069778
-0.0048005
0.0093241
-0.0046763
-0.0071107
0.0096328
0.0079093
-0.0063779
0.003112
-0.0022306
-0.0008317
-0.0049025
-0.0099931
0.0093614
-0.0069308
0.0005804
0.0053053
-0.0001277
0.0011643
0.0026216
-0.0004054
-0.0071635
-0.0012922
-0.0044129
-0.0089385
-0.0047393
-0.0081562
-0.0017199
-0.0070991
0.0046035
0.0089921
0.0037642
-0.0008136
-0.0092833
0.0040851
-0.0057452
-0.0065147
0.0098212
-0.007356
-0.0024157
-0.0064578
0.0088429
-0.0086517
-0.0099901
-0.0090127
0.0016139
-0.0032958
2.45e-5
-0.0094614
0.0012187
0.008146
0.0031799
0.0069642
0.0093474
0.0043681
0.0003938
0.0040441
0.0092043
0.0075031
-0.0046753
-0.0031852
0.0040826
-0.0086406
0.00791
-0.0026531
0.0031005
-0.0076978
0.0012152
-8.87e-5
-0.0035771
0.0026849
-0.0055617
0.0080863
0.003233
0.0095338
-0.0010608
0.0091361
0.0061252
-0.0051513
0.0045276
-0.0098216
-0.0053436
-0.0018532
0.004912
0.0097845
-0.0084738
-0.0015691
0.0010696
0.0055399
0.0044663
0.0039665
0.0005539
-0.0040596
-0.006207
-0.0085676
-0.0006376
0.0078614
0.0031564
-0.0088115
0.0057111
0.0057238
0.0040425
3.86e-5
-0.0024522
0.0058801
-0.0098324
-0.000871
0.0004913
-0.0096585
0.0047776
-0.0034753
-0.0097959
0.0048337
0.009532
-0.0011537
0.0055209
-0.0078516
-0.0092564
-0.0094308
-0.0096495
-0.0078862
0.0074967
0.007246
-0.0058698
-0.0083598
0.0028672
0.0049751
0.0050331
0.0076389
-0.0060461
0.0020725
0.0090384
0.0022109
0.0025196
3.93e-5
-0.0066102
0.0030579
-0.0038382
-0.0019964
-0.0003509
-0.0066173
-0.0055181
-0.0012734
-0.0036504
0.00944
-0.0008596
-0.0066045
0.0029262
-0.0022367
0.0071855
0.0071668
0.0099158
0.0038015
0.0055484
-0.0072824
0.0084075
-0.0029651
-0.0044852
-0.0096887
-0.0078377
0.0001718
-0.0016224
0.0010104
0.003438
-0.0031479
-0.0090539
0.0035833
-0.0006632
0.0027501
0.0038579
-0.0087795
0.0089015
-0.0095716
0.0089428
-0.0072715
0.0084852
-0.0063195
-0.0088502
0.0036462
0.0042334
0.0011478
0.0046023
0.0062597
0.0059945
0.0002947
-0.0029563
0.0023669
-0.0036716
0.0074561
0.0008435
0.0075518
-0.0016201
-0.0028725
-0.0019701
-0.0018885
-0.004086
0.0013587
-0.0021838
0.0079021
0.0043684
0.0092951
-0.0025882
-0.0070517
4.79e-5
0.0066139
-0.0090056
-0.0086264
-0.0093147
0.0008922
0.0026373
0.0005696
0.00555
-0.0042576
0.0016931
-0.0095356
0.0013058
0.004326
-0.0017735
0.0077984
-0.0088209
0.0050453
0.0080215
0.0032875
0.0006123
-0.0053701
0.0041779
-0.0039624
0.0059774
-0.0055831
-0.0094201
0.0057937
-0.004885
-0.0027838
0.0095615
0.0081962
-0.0077615
-0.0086095
-0.0001048
-0.0084981
0.0031471
0.0009066
0.004171
-0.0008161
2.6e-5
0.0059739
0.0001375
-0.002824
-0.0095534
0.0044124
0.0057572
-0.0024769
0.0072731
-0.0020149
-0.0082202
-0.0010684
-0.0021968
0.0054224
-0.0047377
-0.0074533
-0.0078381
0.0060438
0.0003934
-0.0015981
-0.0034737
-0.0005444
-0.0004238
0.007445
0.002475
0.002958
-0.0094859
-0.0086094
0.0070027
0.0008253
-0.0008571
-0.0067883
-0.0055593
0.0049236
0.0067493
0.0045009
-0.0026074
-0.0048087
-0.0045455
0.003187
0.0053963
0.0066029
-0.0073543
-0.0037471
-0.0032024
0.0080628
-0.0056961
-0.0079895
-0.0055192
-0.0066415
0.007324
0.0052988
0.002285
0.0047438
0.0015929
-0.0037788
0.000271
0.0006079
-0.0084725
0.0026085
-0.0077137
0.0035309
0.0072165
-0.0084397
0.004804
0.0069049
0.0038822
-0.0066201
-0.0059886
-0.004678
-0.0082719
-0.003592
0.0001187
0.0070603
-0.0088285
0.0076734
-0.0094834
-0.0004649
0.0031154
0.0078023
0.0096489
0.0037845
-0.0083541
0.0089222
-0.0065286
-9.59e-5
-0.0054723
-0.0074553
-0.0002946
0.0030398
0.0043828
-0.003837
0.0095527
0.0033668
0.0019686
0.0062311
0.0079395
-0.0004958
-0.0040707
-0.0006133
0.0053794
0.0064462
0.00894
-0.0024378
-0.0082894
0.001647
0.006471
0.001971
-0.0060446
-0.0024354
-0.0053129
0.0078223
-0.0069005
-0.0099729
-0.0026946
-0.0067785
0.0067032
-0.0077895
-0.0018984
-0.0056583
0.0090876
0.0080653
-0.0012518
-0.0078653
-0.0092915
0.0027595
-0.009863
-0.0079585
0.0066774
0.0098018
0.0042254
-0.0024928
0.0065766
0.0074861
-0.0046258
0.0040868
-0.0051957
-0.0046443
0.0068924
0.0055144
0.0017347
0.0038271
0.008963
-0.0083141
0.0018286
0.0044938
0.0022381
-0.0061755
0.0070285
-0.0025749
-0.0063942
-0.0021735
-0.0046773
0.009259
-0.0099441
-0.0003911
-0.0006783
0.0017751
0.0092642
-0.0001348
-0.0084455
0.0096711
0.0083483
-0.0097844
-0.0001919
-0.0041805
0.0070101
0.0020474
-0.0029136
0.0042321
0.0067379
-0.0024192
-0.008426
-0.0003225
0.0002397
0.0077747
-0.0098921
-0.0007999
0.00533
-0.0017393
0.0019076
-0.0066537
0.0035763
0.0014137
-0.008586
0.0033573
0.0028955
0.0025322
0.0085257
0.002641
-0.0043411
-0.0036033
-0.0073023
-0.0054529
0.0018092
-0.0054877
0.0027029
-0.0089098
0.0064648
-0.0084248
-0.000813
-0.00212
0.0020915
-0.0036365
-0.0048368
-0.0001684
-0.0088868
-0.0083804
0.0042437
-0.000466
-0.0044997
-0.0048575
-0.0015027
0.0046387
0.0088452
0.0069185
