0.0034924
-0.0054186
0.0006057
-0.0016359
0.0074199
-0.0027314
0.0051259
-0.003475
-0.0004898
-0.0086408
0.008122
0.0023256
0.007307
5.73e-5
-0.0024068
0.0060322
0.0088901
0.0041588
-0.0099108
-0.0024113
4.17e-5
-0.0048973
0.0067562
-0.008892
-0.0095047
-4.18e-5
0.0011464
-0.0010955
-0.0084665
-0.0065271
-0.000359
-0.0035129
-0.0006379
0.00903
-0.0041163
0.0057764
0.0091383
0.0068892
-0.0069359
-0.0064327
0.0007736
-0.0014283
-0.004615
0.0068648
0.0012737
0.0049021
-0.0099711
-0.0079432
0.0054693
0.0044794
-0.0024571
0.0088222
-0.0040635
-0.0029751
0.0038553
0.0050183
-0.0090271
0.0092542
-0.0057081
0.0070546
0.0096359
-0.0030922
-0.0069893
-0.0074429
-0.0046168
-0.000619
0.0094213
0.0099802
-0.005534
-0.009279
0.0028112
0.0090737
-0.001869
0.005676
0.0086296
0.000829
-0.0019805
0.0019475
0.000126
0.0044661
-0.0066716
0.0065715
-0.009212
-0.0075694
0.0087599
-0.0096928
-0.009593
0.0048201
0.0056558
0.0029365
0.0075221
-0.0046243
0.0078755
-0.0067265
-0.0024484
-0.0037871
0.0080188
0.0089514
0.0046088
0.0021244
0.005671
0.0001569
-0.0067572
0.0032655
-0.009732
0.0076588
0.0009957
0.0088548
0.001279
0.0099682
-0.0092568
0.0012761
0.0072917
-0.003603
0.0065832
0.0026936
-0.0004717
-0.0081048
0.0059759
-0.0096454
-0.0077893
0.0044589
-0.0045927
0.0010131
-0.0042681
0.0068804
-0.0073805
0.0007396
-0.0055555
0.0098395
-0.009033
0.0006043
0.0092481
0.0027998
0.0073311
-0.0003335
0.006859
0.0041804
-0.0032726
-0.0098888
-6.45e-5
-0.0054811
0.0026811
0.0083361
-0.0097734
-0.004553
0.0003648
-0.0039478
-0.0051861
0.0080211
-0.0048277
-0.0047301
0.0083009
0.002835
-0.007866
-0.0067122
0.0022502
0.0043889
-0.0066898
0.0023843
-0.0026218
-0.0049009
-0.0085212
0.0057313
0.0007044
0.0039245
0.0058904
-0.0024249
0.0098392
-0.0036256
0.0045228
0.0095229
0.0085559
0.0059686
0.0099399
-0.0026181
0.0021388
-4.52e-5
-0.0046689
-0.009615
-0.004602
0.0074089
-0.0077916
0.0017542
0.0001002
0.007908
0.0028378
-0.0025488
0.0040775
-0.0007749
0.0083957
0.0096274
-0.0066167
0.0097606
-0.0092202
0.0015357
0.0067169
-0.0068284
-0.008494
-0.0003316
0.0046308
0.0016652
0.0085796
0.0027222
-0.0064274
-0.0083161
-0.002401
0.0031736
0.0005279
0.0031283
0.0013201
-0.0063579
0.0010315
-0.0020176
0.0021198
0.0045883
-0.0076985
-0.0030897
0.0066052
-0.0092826
-0.0015414
0.0004903
0.002924
0.0063285
0.0017364
-0.0017477
0.0011399
-0.0004637
-0.0005702
0.006775
-0.0074242
0.0091793
0.0081119
-0.0013529
6.42e-5
0.0058903
0.0037896
-0.006226
0.0035518
0.0055037
-0.0076239
-0.0089042
-0.0023307
-0.0061364
-0.0057066
0.0074931
-0.001646
-0.0022437
0.0085712
-0.002904
-0.0070161
-0.0074847
-0.0052394
0.0073399
-0.0022927
0.0001663
0.0052233
-0.007233
0.0023927
0.0011612
0.0072477
0.0019809
-0.0072107
0.0067454
-0.002097
0.0009469
-0.008103
-0.0012301
0.0018153
0.0091085
-0.0051196
0.0009788
-0.0005987
0.0072109
0.0015111
-0.001609
0.0061972
0.003163
0.0013832
-0.0052849
0.0023912
-0.0074353
-0.0063906
-0.0006091
0.0001298
0.0065892
-0.0025867
0.0054498
0.005592
-0.0043842
-0.0060997
0.0071704
0.0061695
-0.0092898
0.0078566
0.0075181
-0.0059774
0.0097469
0.0066632
-0.0006862
-0.0006167
-0.0071411
-0.0020068
-0.0053524
-0.0004932
-0.0012923
-0.0091176
-0.0066922
-0.0025904
-0.0066661
-0.0058721
-0.0094729
0.0009453
-0.0012426
-0.0033838
0.0039619
0.0028854
-0.0058752
0.0082758
0.0026112
-0.0041478
0.0056121
-0.0009523
0.0023763
0.002431
-0.0034895
-0.0065407
0.0097656
-0.0016206
-0.0088835
0.0082991
-0.0038354
-0.0047077
0.0099637
0.0065403
0.0038159
0.007612
-0.0038049
-0.0099006
-0.0009991
-0.0071998
-0.0022693
0.003148
0.0094714
0.0036764
-0.001086
-0.0061155
0.0006395
-0.0083194
-0.00869
-0.0005117
0.0015769
-0.008262
-0.0015087
-0.0085379
-0.0077884
0.009177
0.0082684
0.0034069
-0.008905
-0.0031193
0.0061369
-0.0026051
-0.0037597
0.0029503
0.0062183
-0.006264
-0.0038117
-0.0003129
0.0008242
0.0023354
-0.0055938
0.0008078
-0.0022297
0.0079766
-0.0022596
-0.0072398
-0.0095841
-0.0097263
-0.0077008
-0.0073784
-0.0027443
0.001165
0.0064641
0.0014418
0.0035837
0.0001028
-0.0067484
0.001392
-0.0060035
-0.0084163
0.000191
-0.00879
-0.009802
0.00363
0.0076391
0.0049995
-0.0091879
-0.0063569
-0.0026067
0.0089297
0.0054146
-0.0043141
0.0076653
-0.0053488
-0.0088835
-0.00756
-0.0044385
0.001377
-0.0022797
0.0093844
-0.000728
-0.0097266
0.0093631
-0.0078419
0.0018679
0.0015288
-0.0020294
-0.0037088
0.0025231
-0.0050997
0.0011662
0.0016305
0.0091738
0.0085573
-0.0091856
-0.0031004
-0.0012988
0.001118
0.0032253
0.007334
-0.0017514
0.0062811
0.0043451
0.0070744
0.0095619
-0.0016248
0.0080157
0.003996
0.0056678
0.0029337
-0.0077238
0.0030125
-0.0095656
0.004983
0.0038612
-0.0001791
0.005992
0.0027957
-0.0015373
0.0070538
-0.0096547
0.0079173
0.0038659
-0.0030741
-0.0015547
0.0065043
-0.0045259
-0.003653
-0.004839
0.0046982
0.0018199
0.009048
0.0062165
-0.0013594
-0.0022529
0.0005081
-0.0003505
0.0076884
0.0086799
-0.0037122
-0.0074931
0.0032154
-0.0050921
-0.0078209
-0.0051029
0.0074102
0.0025599
0.0008063
0.0048139
0.0054203
-0.0015184
0.0057308
-0.0055429
-0.0002621
-0.0054461
-0.0041329
0.0074639
-0.001613
0.0061549
-0.0073699
-0.0041997
-0.0099128
0.0022894
-7.94e-5
