-0.0027731
-0.0011617
0.0011195
-0.0082994
-0.0050671
0.0037972
0.0042041
-0.0025936
0.0087473
0.0017962
-0.0018174
0.0096777
0.0057317
-0.0051554
-0.0007859
-0.0039979
-0.0099106
-0.0002637
-0.0030632
0.0023978
-0.0052662
0.0096194
-0.0050148
-0.0022684
-0.0024185
0.006947
-0.0083856
-0.0053562
-0.0090133
-0.0088855
-0.0064836
-0.0035499
-0.0058893
0.0055956
0.0039252
0.0014172
0.0026962
-0.0023603
0.0058489
-0.0099145
-0.0070161
0.0086131
0.0063133
-0.0027064
-0.0005226
-0.0033817
0.00987
-0.0003068
-0.0017635
0.0040982
-6.65e-5
-0.009653
0.0056956
0.0024426
0.0041833
-0.0053592
0.0024929
-0.0098509
0.0013087
-0.0040291
0.0038447
0.0093606
0.0092774
0.0069061
-0.0083059
0.0088801
-0.0076391
-0.0019696
-0.0090015
0.0070919
0.0076626
-0.0016586
-0.0068953
-0.0087933
0.0086882
0.0070942
-0.0005865
0.0075328
3.66e-5
0.0017817
0.0023831
0.0025412
0.0007178
0.0024462
0.0004234
-0.002827
0.0093843
0.0076128
-0.0036527
-0.0024312
0.0052004
0.0062756
0.0044644
-0.0064419
-0.0023641
0.0003528
-0.0096587
-0.0093399
0.0045576
0.0034449
0.0054377
0.0075893
0.0027797
-0.0091472
-0.0044287
-0.0085687
-0.0061525
-0.0025486
0.0009957
0.0058436
-0.0033472
0.0061414
-0.0084132
-0.0015391
0.0015708
0.0050782
-0.0068256
-0.0055604
-0.0018363
-0.0049796
-0.0076065
0.003644
0.0073392
-0.0087614
-6.62e-5
-0.0079118
0.005861
0.004852
-0.0094662
-0.0002859
0.0092213
-0.0081133
-0.0032979
-0.007689
0.0084046
0.007662
-0.0055755
-0.0004157
-0.0057587
-0.0061846
0.0089611
0.0085229
0.00051
9.94e-5
-0.0045204
-0.0015601
-0.0017814
0.0088612
-0.0072233
-0.0064689
-0.0088766
0.0093627
0.0049142
-0.0012029
-0.0032554
0.0003612
-0.0052627
-0.0086428
0.0090899
-0.0090787
-0.0045918
-0.0009808
-0.0078687
0.0034111
0.004254
-0.0012949
-0.0080219
-0.0031818
-0.0025599
-0.0007869
0.0056395
-0.0082897
-0.0034113
-0.0089959
0.0010949
-0.0035392
0.0038463
0.0097406
-0.0016157
0.0040507
0.0076901
0.0093505
0.0085067
-0.0055447
-0.0028486
0.003456
-0.0053899
-0.0028893
-0.0025416
-0.0093852
-0.0080342
0.0007017
0.0018282
0.0081984
0.0088184
0.0097343
0.0009319
-0.0045107
0.0083298
-0.0049056
-0.0081949
0.0034256
0.0056683
-0.009077
0.0069258
-0.0001797
0.0081286
-0.008764
-0.0093548
0.0054232
-0.0016274
0.0056261
3.98e-5
0.0009993
-0.0075333
-0.0042075
0.0028184
-0.0091972
-0.0070088
0.0019622
-0.0080191
-0.0009474
-0.0063463
-0.0072674
0.0061174
0.0019415
-0.0090574
0.0047755
-0.0038598
-0.0091073
-0.0072967
0.0054175
-0.0065286
0.0086193
0.0002646
0.0093668
0.002143
0.0020589
-0.0037253
-0.0034543
-0.002879
0.0028388
-0.0018076
0.0017039
0.0071713
-0.0066497
0.0084081
0.0028777
0.0077483
-0.0055178
0.0058455
-0.0095968
0.0039705
-0.0064963
0.0097701
0.0040518
0.0051158
-0.0062878
0.0058425
-0.0041284
-0.0068595
0.0069504
0.0066424
0.0020095
-0.003726
0.0009383
-0.0026665
-0.00615
0.0089381
-0.000767
-0.0052085
-0.0027388
-0.0005643
-0.0049559
0.0097093
0.0089296
0.0027123
0.0050005
0.0030165
0.0027501
-0.0049727
0.0029995
-0.0044519
-0.0008903
0.001142
0.0039494
0.0077994
0.0028853
-0.0056522
0.0018007
0.0093558
-2.5e-5
0.0050107
-0.0058524
0.0050528
-0.0002905
-0.0007586
0.006447
-0.0020189
0.0078191
0.0017119
-0.0037867
0.0043594
-0.0044326
0.0065044
0.0074498
0.0092205
0.0051133
0.0099266
-0.005509
0.0092149
0.0020282
0.0030135
0.003285
0.0067781
0.001899
0.0089609
-0.0076065
0.000553
-0.0012352
-0.00997
-0.004667
0.0076933
-0.0003401
0.0086342
-0.0061464
0.004775
-0.0070022
0.0072983
0.0064626
-0.0060617
0.0065266
-0.0068694
-0.0085895
0.0055921
0.0058283
0.0089106
0.0042268
0.0062366
-0.0055917
0.0036969
-0.0071254
0.0010721
0.0075093
-0.0014696
0.0094294
0.0004655
0.0095903
0.0032108
0.0073033
0.0009903
0.0020131
0.0088974
-0.0099582
0.0072916
-0.0006508
0.0081053
0.000171
0.0092158
0.0030849
0.0070396
0.0027107
0.0077675
0.0068866
-0.0048792
0.0068189
-0.0032297
0.0025722
-0.0052776
0.0039302
0.0060145
-0.0001527
0.0040618
0.009525
0.0072492
-0.0078188
0.00021
-0.0040005
2.84e-5
0.0075902
-0.0070651
0.008044
-0.0056657
-0.0076036
-0.0015166
0.0033987
-0.0073326
-0.0090012
0.0034757
-0.0070889
-0.0008798
-0.0066244
-0.0067667
-0.0022302
0.0011139
-0.0072353
0.007465
-0.0068727
-0.0014776
-0.0060154
0.0021206
0.0039345
-0.0081195
-0.0017353
0.0070423
-0.0055276
0.0027417
-0.006565
0.0074652
0.0029377
-0.0079954
-0.0019977
-0.0050167
0.0076687
-0.0099975
-0.0058962
-0.0039871
-0.0091096
-0.0062376
0.0044088
-0.0027011
-0.0080272
0.0042599
-0.008706
-0.0086107
-0.0044005
0.0045873
-0.0049563
0.0078688
-0.0073908
0.0086028
0.0064385
-0.0030816
-0.0047607
0.0066534
0.0084932
-0.004995
-0.0077911
0.0049016
0.0088391
0.0026358
0.0001461
0.0055147
-0.0045648
-0.0009841
0.0043665
-0.0056712
0.008095
0.0014824
0.0050857
0.0005163
-0.0080787
0.0011971
-0.0043413
0.0025425
0.0094965
0.0021958
-0.0099467
0.0057948
0.0092944
0.0046248
0.0053946
-0.0069985
-0.0095176
0.0034812
0.0024387
0.0081261
-0.0025775
-0.0038507
-0.0069131
-0.0006807
-0.0059785
-0.0080377
-0.0011345
0.0067547
-0.0082605
-0.0091872
-0.0088606
0.0015006
0.0008629
0.0056785
-0.0005995
0.0069548
0.0084366
-0.0098338
0.0090328
0.0008039
0.0040369
-0.0044223
-0.0078185
0.0029013
-0.0088918
-0.0055233
-0.0008801
0.0082561
