-0.0020478
-0.0068231
-0.002085
-0.0091106
0.0086082
0.0033408
-0.004141
-0.0077124
0.0079006
0.0060148
0.0022498
-0.0083131
0.0056213
-0.0087281
0.0062623
0.006206
0.0011614
0.0080124
-0.0008846
-0.0010163
-0.0056682
0.00492
-0.0071477
-0.0098585
-0.0075796
0.0074317
-0.003842
-0.0019805
-0.0017064
-0.0036506
-0.0082674
-0.0021252
0.0065942
0.0027289
0.0028808
-0.0037859
0.0071266
-0.0072563
-0.009999
-0.0021989
0.0018657
-0.0070306
0.0059389
0.002182
0.0007288
0.0086982
0.0032898
-0.0021594
0.0083127
0.0020344
0.0057681
-0.0012384
-0.0030531
-0.0064874
-0.0016443
-0.007841
0.0041467
-0.009522
-0.002095
-0.0087315
0.0030657
0.0074876
0.0071211
0.0052878
0.0080138
0.005192
0.0060087
0.00137
0.0026186
0.008091
0.0073986
-0.006061
0.0007243
0.0085853
0.0064956
0.000416
-0.0015536
0.0025206
0.0016162
-0.0061047
0.0071707
-0.0017106
0.009848
-0.001632
0.0052515
-0.0018626
0.0049094
0.0002039
0.0085507
0.009785
0.004805
-0.0003943
0.0039597
2.71e-5
-0.0095481
-0.0091984
-0.0075023
0.0091562
-0.0051086
-0.0050369
-0.0081608
-0.0040762
-0.0012066
0.0071068
0.000788
0.0082859
0.0059976
-3.59e-5
-0.0069434
-0.0050262
-0.0079211
-0.0086399
0.0049337
0.0030557
0.0002607
-0.0067556
0.0010983
-0.0039677
0.0076543
-0.0034042
-0.0051956
-0.0095023
0.0055284
-0.0035849
-0.0023129
0.0037582
0.0020102
0.0019784
-0.0097311
-0.0042469
0.0051361
0.0080247
0.0044649
0.0041177
-0.0017299
0.0059318
-0.0098064
0.0047583
-0.0079186
0.0027687
0.007184
0.003757
0.0074556
-0.0065791
0.0008489
0.0094051
0.0069944
-0.0022212
0.0088596
0.0089086
-0.0089437
-0.0056743
-0.0075135
-0.0081726
0.0031852
-0.0030459
0.0079999
-0.0058763
-0.0048723
-0.0046803
-0.0033142
0.0074051
-0.0052492
-0.0061355
-0.0051089
0.0064708
0.007221
-0.0082324
0.0034957
0.0072294
-0.0087299
-0.0028856
-0.0067011
-0.0055266
-0.0087004
0.001882
-0.0005843
0.0095953
-0.0085892
-0.003429
-0.0024171
0.0005564
0.0007182
-0.0049354
-0.0048047
-0.0066104
-0.0039971
0.0091815
-0.005124
-0.0060552
0.002474
0.0073373
0.0008551
-0.0041485
0.0008099
-0.0096929
-0.0061381
0.0058936
-0.0060199
0.0068125
-0.0074772
0.0047326
0.0061171
0.0015199
0.0099151
0.0076113
-0.0046624
-0.0071064
-0.0006458
0.0099972
0.001885
0.0032719
0.0090072
-0.0036833
0.0078566
0.0095461
0.0074082
-0.0078622
-0.0013165
-0.0076913
0.0032126
0.0011433
-0.003893
-0.002675
0.00598
0.003739
0.0026861
0.0074036
0.0095546
-0.0010566
-0.0027216
6.23e-5
0.0078439
-0.0068084
0.0068401
-0.0095091
-0.0034679
0.0039989
-0.0032596
-0.0043792
-0.0093484
0.0035596
0.009452
-0.0049044
-0.0014628
-0.0036833
-0.0060899
-0.0006149
-0.00858
0.0091108
-0.0028714
0.007193
0.0029842
-0.0081826
0.0082226
-0.0085949
-0.0091377
0.0024284
0.0043382
-0.0052876
-0.0062975
0.0077107
-0.000127
-0.0016406
0.0088322
-0.0032838
0.0069714
-0.0064164
-0.0055192
-0.0085582
0.0076343
-0.0057626
-0.0005473
0.0006011
-0.0011161
0.0051037
1.61e-5
-0.0078166
0.0008362
0.0023531
0.0059907
0.0076235
-0.0006288
0.0092186
0.0061572
-0.0082361
-0.0023279
0.0040862
-0.0007494
-0.0009615
0.0091524
0.0019433
-0.0039162
-0.0022646
0.0064009
-0.0048521
-0.0046765
-0.0011008
0.0088036
0.0065786
-0.007972
-0.0022574
0.0098107
0.003338
0.0084257
-0.0013513
0.0047948
-0.0086098
0.0069099
-0.0060753
0.0036456
0.0056628
-0.0049369
0.0065148
-0.0094535
0.0030458
-0.0026847
-0.0044033
0.0018423
0.0012637
0.0002247
-0.004132
-0.0077409
0.0081569
-0.007616
-0.0063161
-0.0051333
0.009782
-0.0039377
-0.0056639
-0.001083
0.0032683
0.0010445
0.002549
0.0075891
0.0058768
-0.0027318
-0.0010916
-0.0060054
0.0070026
-0.009053
0.0093348
0.0013829
-0.009085
-0.0079875
-0.008026
-0.0014447
-0.0048417
0.0092512
0.0059199
0.0037784
0.0057569
0.0073061
-0.0028868
0.0072335
-0.004234
-0.0055834
0.0039654
-0.005037
0.0015699
0.00969
0.0016834
-0.0018734
0.0040442
0.0084577
0.0073867
-0.0084857
-0.0034901
0.0061921
-0.003876
-0.0046127
-0.0049448
-0.008557
0.0050896
0.0071045
0.0051692
-0.0054891
0.0040881
0.0025255
-0.0021045
0.007799
-0.008523
-0.0094802
0.0083261
0.0083762
0.0044563
-0.0033146
-0.0075379
0.001413
-0.0008334
0.0015667
-0.0013109
0.0063842
0.0032204
0.0027976
-0.0041983
-0.005826
-0.0008351
-0.0010403
0.0031064
0.0064952
0.005986
0.0053301
-0.0011725
0.0091131
0.0093981
0.0002071
-0.0010815
-0.0092936
-0.0012299
-0.0074725
-0.0031968
-0.001322
0.0086201
-0.0054333
-0.0014665
0.0079356
0.00028
-0.0025591
-0.0042483
-0.005049
-0.0004275
0.0018697
-0.0012768
0.0071941
0.0062201
0.0094717
-0.0023093
-0.0083351
-0.0089008
-0.004378
-0.0070587
0.0089338
0.004077
-0.0060936
-0.0035178
-0.0010658
-0.0015711
-0.0070441
-0.0055009
0.0029591
-0.0049797
0.0060785
-0.0017329
-0.0025784
-0.0032857
0.0045407
0.0054941
0.0014788
-0.0047215
-0.0007793
-0.0014589
0.0019394
0.009119
0.0012654
0.0003992
-0.0003866
0.0020095
0.0088613
0.007845
0.0019088
0.0070527
0.009149
-0.005926
-0.0046603
-0.0039933
-0.0060942
-0.0028179
-0.0057137
0.0062085
0.0045245
-0.0087486
0.0017212
0.0019798
0.0059151
0.0059247
-0.0033077
-0.0072959
-0.0052393
-0.0062253
0.0002684
0.0011505
-0.007004
0.0049314
-0.0081588
0.006556
-0.0074312
0.0034094
-0.0004533
0.0042942
0.0091734
0.0087382
0.0066077
0.0091466
0.0062975
