0.0079899
-0.0009038
0.0091993
-0.0028389
-0.0021707
-0.0044897
-6.88e-5
0.0008885
0.0054839
-0.007602
0.0053657
0.003137
0.002687
0.0058781
0.0067261
0.0082333
-0.0068986
0.0003196
-0.0077775
0.0075677
-0.0098434
-0.0069213
0.0003535
0.0079442
-0.003198
-0.0034514
-0.0007439
0.002888
-0.0095791
-0.0091043
0.0065903
0.0028798
0.002467
-0.0067581
0.0094677
0.0010952
-0.0076627
0.0038176
-0.0014209
-0.0008361
0.0029968
-0.001991
0.009177
-0.0053892
-0.0037121
0.0042973
0.0068021
0.001285
0.0038786
0.0008759
0.0087862
-0.0074336
-0.0016704
0.002139
-0.0091122
0.0079716
0.0029053
0.0021822
0.0013078
-0.0070652
0.0037306
-0.0051774
-0.0060852
0.0089634
0.0023379
-0.0093828
-0.0066215
0.0006683
0.0039137
-0.0049863
0.0045724
0.0096078
0.0011827
-0.0013731
-0.0097864
-0.0042804
0.0056847
-0.0093855
-0.007842
0.0015239
-0.0092845
-0.0013257
0.0084939
0.0039261
0.0042072
0.0043151
-0.0026908
-0.0015572
-0.0090787
0.0037114
0.0059082
-0.0093857
0.0049812
0.0056954
0.0044685
0.0050583
0.0061683
0.0094025
0.0058068
-0.0055867
-0.0051808
-0.0017208
-0.0040054
-0.0062512
0.0032456
0.0091133
0.0058302
0.0015631
-0.0011031
-0.0028275
-0.0026398
-9.67e-5
0.0021403
0.0054611
0.0086446
0.0019107
-0.0050176
-0.0088008
0.0050383
-0.0095287
0.006661
0.0017131
-0.0063517
0.0020104
0.0022961
0.0010042
0.0028884
0.0069714
0.0099441
-0.0012708
0.0097933
-0.0076001
0.0091899
-0.0075444
0.0007749
0.0003629
-0.0048215
-0.0052288
0.0025284
-0.0082945
0.0001357
0.0086682
-0.0049877
-0.0073163
0.0062688
-0.0079291
0.0022853
0.0010783
0.0084862
0.0051059
0.0093444
-0.0046348
0.0089891
-0.0093671
0.0026206
-0.002233
0.0024649
-0.0045375
0.007157
-0.0020052
-0.0098011
-0.0069741
-0.0050347
-0.0007591
0.0072929
0.0052131
-0.0018035
-0.0008735
-0.0074342
-0.0040188
0.0006181
-0.0068422
-0.0060444
-0.0036999
0.0064014
0.0022002
-0.0092964
-0.0072046
-0.007373
0.0070301
0.0056308
-0.0032336
-0.0056956
0.0055982
0.008041
0.0091693
-0.0055519
-0.0002122
-0.0012337
-0.007229
0.0001479
-0.0056361
-0.0088007
0.003615
-0.0010243
-0.0005508
0.0015789
0.0099149
0.0089451
-0.0053636
-0.0023705
0.0042846
-0.0073698
-0.0098856
-0.0057409
0.0035084
-0.0056328
-0.0052766
-0.0068385
-0.0073125
0.0016752
0.0064155
0.0091854
0.0065578
-0.0069792
-0.0031145
0.0029504
-0.0080794
-0.0011863
0.0062186
0.0071157
-0.0095914
-0.0074229
0.0091521
0.0049776
-0.0016106
-0.0032565
-0.0074159
-0.0013902
0.0057065
-0.0033658
0.0034249
-0.0006752
0.005346
-0.0014737
0.0026525
-0.0032875
-0.0096057
-0.001147
0.0066338
-0.0097699
-0.0081442
-0.0019022
-0.0063703
-0.0016852
-0.0048356
0.0064052
-0.0051871
0.0022341
-0.0050874
-0.0095524
-0.0013626
0.0074346
-0.0088623
-0.0003093
-5.56e-5
-0.0032839
0.0059867
0.0084335
-0.0052901
0.0042174
0.0047413
-0.009057
-0.004306
0.0086567
0.007839
0.00831
-0.0002964
-0.0091468
0.0053637
0.0021377
-0.0060779
-0.0060584
-0.0072792
0.0059843
-0.0027654
0.0060669
0.0024956
-0.0065744
0.0042218
-0.0036887
0.0040653
-0.0055956
0.0066763
0.0096525
0.0045288
-0.0038679
-0.0065383
-0.0013119
-0.0095552
0.0074484
0.0095716
-0.0072914
0.0075955
0.0014638
0.0049283
-0.0088946
-0.0090531
-0.0030357
-0.00319
-0.0076418
0.0040473
-0.0069688
0.0083101
0.0023897
-0.0057348
0.0002387
-0.0014984
-0.0050635
0.0084506
-0.0015686
0.0050393
0.0031529
0.0066525
-0.0010005
-0.0030475
0.0005672
0.007164
-0.0076465
0.0080732
-0.0021268
0.0096356
-0.0025409
-0.0060461
-0.001277
-0.0097915
0.0012271
0.0051396
-0.0026275
0.0020639
0.0040886
0.009678
-0.0083857
0.0043653
-0.0023696
-0.0023211
-0.0089521
0.0002336
-0.001025
-0.0048111
-0.0017259
0.0032629
0.0021264
-0.0073408
0.0023316
-0.0090454
-0.0014681
0.0067498
-0.0054897
3.92e-5
0.0012919
-0.0054866
-0.001158
-0.0064586
0.0097854
0.0057694
0.0004425
0.0034002
-0.0085526
0.0073502
0.0065092
0.0089425
0.0098665
0.0012354
0.0081979
0.0084327
-0.0082057
-0.0076064
-0.0049899
-0.0018395
0.0027523
-0.0086034
0.0053308
0.0019231
0.0068472
0.0057049
-0.007857
-0.0022767
0.0031035
-0.0048013
-0.0075159
0.0095307
0.0070038
-0.0051062
0.0081047
0.0056384
0.0059173
-0.0072446
0.0023088
0.0077024
-0.0023169
-0.007882
0.0060865
-0.0066681
-0.0084028
0.001888
0.0081658
0.0081176
-0.0031572
0.0023358
-0.000302
-0.007186
-0.0045057
-0.0095977
0.0054695
0.0006852
0.0076041
0.0026721
0.0005779
0.0058385
-0.0030476
0.0002548
-0.0014968
-0.0066041
-0.0004978
0.0081055
-0.0008001
0.0087081
0.0077704
0.0004677
-0.0055579
-0.0044974
-0.0063823
-0.0002951
0.0042214
-0.0061318
-0.0039248
-0.0019899
-0.0047647
-0.0067816
-0.0064097
0.0056762
0.0004722
0.004189
-0.0009074
-0.0045435
0.0002149
0.0018027
-0.001504
-0.005339
-0.0050972
0.0070064
-0.0058236
-0.0023858
-0.0093102
-0.0027477
0.0083364
-0.0014597
0.0009486
-0.0093182
-0.0091961
0.0038497
-0.0020671
-0.0039867
-0.0039427
0.0080953
-0.0019481
-0.0061897
0.002048
0.0048618
0.0054961
-0.0095147
0.00559
-0.0095507
0.0057897
-0.004298
0.0045939
-0.0061202
-0.004038
-0.0034288
0.0015921
-0.000359
0.000915
-0.0079208
0.0029446
0.0018982
-0.0080489
0.0099507
-0.0017162
-0.0060278
-0.0073632
0.0039688
-0.004939
-0.0062319
-0.0048729
0.0027142
-0.0045658
0.0010163
0.0046116
0.0079939
0.0006107
0.0003674
0.001061
0.0019416
0.0008265
