-0.0085009
0.0058343
0.0075963
0.0058357
0.0002992
-0.0028781
0.0029567
0.0005889
-0.0059655
-0.0071478
-0.0087814
0.0039764
0.0075739
-0.0066134
-0.0046299
-0.0006919
0.0099244
0.0010783
0.0023555
0.0019118
0.0081253
0.0084617
-0.0050143
0.0005962
-0.0001289
0.0027113
0.00925
0.0069204
0.0063612
-0.0016004
0.000576
0.0063937
0.0056526
0.0086022
0.0089976
0.0005702
0.0009045
0.0018432
0.0096468
-0.0030687
0.0076325
0.0003703
-0.0093246
0.000678
-0.0089162
0.0053535
0.0013563
0.0083869
0.0059735
-0.0031469
-0.0050011
0.0074493
-0.0055452
-0.0097325
-0.0089516
-0.0038916
-0.0065166
0.0063562
-0.0003833
0.0086976
0.0077412
0.0087888
-0.0032179
0.0049055
0.0035593
-0.0097169
-0.0092359
-0.0065756
0.0049923
0.0009185
0.0068139
0.006046
0.000441
-0.002597
0.0018842
0.0087713
0.0080967
0.0070407
0.0086297
0.0009738
0.0031323
-0.0044032
-0.0010515
0.0038803
-0.0054639
0.0096655
-0.003067
0.0049193
0.0081224
0.0067638
-0.0038292
-0.0004343
0.0091025
-0.0078253
-0.0048866
0.006132
1.24e-5
0.0008262
-0.0037593
0.005861
0.0046019
-0.002243
0.0036196
0.0040161
0.0026997
0.0060058
0.0018303
-0.0020179
0.0027732
0.0045372
-0.0041213
-0.007977
-0.0042897
0.00752
-0.0026895
-0.0023993
-0.0097843
-0.0024552
-0.0083263
0.0063879
-0.0097647
0.0067904
-0.0060969
-0.0019909
0.0069701
-0.0087449
-0.0096181
0.0077004
0.0035837
-0.0058648
0.0069569
-0.0024372
0.0045597
0.002794
0.0034877
-0.0064448
0.0039515
-0.0027961
-0.0056804
-0.0055116
0.0065878
0.0003374
-0.0008238
0.0074231
0.0066047
-0.0015877
0.0038398
0.0030817
0.0040975
0.0011241
-0.0082714
-0.0080592
-0.0055858
-0.0047527
-0.0041238
-0.0085516
-0.0026452
0.0064194
0.0047538
0.0055674
-0.0048327
-0.0002278
-0.0013324
-0.0014738
-0.0002462
0.0089436
0.0096634
0.005892
-0.0005654
0.0083438
0.0054078
0.0048179
0.009532
0.0066326
-0.0001002
0.0004827
-0.005243
-0.007242
-0.0019692
0.0041755
0.0037242
-0.0007627
-0.0060266
-0.0066125
-0.0046967
-0.00218
0.0043023
0.0057611
-0.0090704
-0.0099277
-0.0099369
0.0051729
0.0017301
0.0031735
-0.0070918
-0.0063219
-0.0019121
0.0035407
0.0062906
-0.004699
-0.0020391
0.0056108
-0.0096778
0.0048115
0.0004796
-0.0054694
0.0072095
0.0064557
-0.0002116
-0.0084534
0.0043424
0.0036039
-0.0023732
0.0046529
-0.0020693
-0.0019825
0.0007649
-0.0029466
0.0087529
-0.0078418
0.0044828
-0.0051055
0.0017128
-0.003307
0.0005373
0.0001512
-0.0053164
-0.0004427
0.005547
0.0009568
-0.0099098
0.0028513
-0.0068718
0.0040803
-0.0072194
-0.0033765
0.0034887
-0.002867
0.0047157
-0.0091532
-0.0031585
-0.0062749
0.004957
0.0016791
0.0064636
0.0015691
-0.0026536
0.0030577
-0.0060951
0.0022992
0.0054086
-0.0073203
-0.0013037
0.0095412
-0.0003018
-0.0059828
-0.0036224
-0.001182
-0.0006507
0.0080228
0.0083489
-0.0062618
-0.0099219
-0.0006002
-0.0068783
-0.0040985
-0.0007898
-0.0026045
-0.0075699
0.0080684
-0.0023789
0.0060409
-0.00761
0.0027471
-0.0081031
-0.0092261
-0.0097625
0.0097216
0.0060721
-0.0069398
0.0089715
-0.0022218
0.0009467
0.0093506
0.0022099
-0.0008926
-0.0030096
-0.0052415
-0.0043265
-0.0091642
0.0092675
-0.0074169
-0.0061821
-0.0058578
0.000862
0.0038138
0.0041204
0.0003555
-0.0015869
-0.0039165
0.0003324
0.0089041
0.005998
0.0082293
0.0007554
-0.0013735
0.0038633
0.004813
0.0074428
0.0084874
-0.0043939
0.0016857
-0.0017596
-0.0079558
0.0070207
-0.0010525
0.0060963
0.003903
-0.005465
-0.003516
0.0015215
-0.0058695
0.0004448
-0.0091644
0.0097847
-0.0014287
-0.0032572
-0.0014808
-0.005178
0.0006758
-0.0018676
0.0075414
-0.0037154
0.008099
-0.0015402
0.0094396
-0.000809
-0.0027448
0.0016532
0.0055234
0.0019936
-0.003548
-0.0078972
0.0096503
-0.0049416
0.0053509
0.0002343
0.0067993
0.0079065
-0.0046946
-0.0069042
-0.0031479
-0.0071816
-0.0042355
0.0010615
-0.0042993
0.0016961
-0.0017155
-0.0071705
-0.0067288
-0.0064255
0.0020687
-0.0060154
0.0027636
-0.0085989
0.0093992
0.0063161
0.0067387
-0.000476
0.0022413
0.0072501
0.0092507
0.007997
-0.0032046
-0.0042102
-0.0070567
-0.009397
-0.0050322
-0.0032241
0.0020047
0.0051265
-0.0037985
-0.001521
0.005371
-0.0016727
0.0087832
-0.0070133
-0.0014578
-0.0035042
0.0008135
-0.0031208
0.0098495
-0.0048822
0.0016477
-0.0025987
0.0003924
-0.0036072
0.0062626
0.0085612
0.0097972
-0.0059918
0.0063713
0.0033
-0.0035362
0.0078038
0.0036471
-0.0008416
0.0072708
0.0025292
-0.0091545
-0.0034519
0.0077418
-0.0068186
-0.0070776
0.0071583
0.003117
0.0071606
0.0001134
0.0052176
-0.0015021
0.0040087
0.0082291
-0.0077117
-0.0049097
-0.0062972
0.008566
-0.0059061
0.0043417
-0.0048889
-0.0082565
-0.0069444
-0.0083834
-0.0033216
-0.0050326
0.0037919
-0.0051825
0.0055822
-0.0080087
0.0027654
0.0022177
0.0088302
0.0049214
0.0040748
0.0058281
-0.0023619
-0.0033665
-0.0075487
0.0085532
-0.0050928
-0.0017054
-0.0015967
-0.0066354
0.0082213
0.0040149
0.0006277
-0.0058105
0.0034534
-0.0020957
-0.0065547
0.0044798
-0.003101
0.0075764
-0.0066114
0.008834
0.0056509
0.0076363
-0.0016085
-0.0044878
0.0067416
-0.001392
0.0023728
0.0090938
-0.0033726
-0.0024419
-0.0089737
0.0023376
-0.0071572
0.0086354
0.0022535
-0.0009994
0.0049466
0.0075128
0.0047534
-0.0027782
0.0002875
-0.0033788
0.0050376
-0.0088039
0.0028624
-0.0035779
-0.0045688
0.0066118
0.0087851
0.0039598
0.0044759
