0.0089418
0.003285
0.0087853
-0.0039762
-0.0028934
0.0087935
-0.0045435
0.006141
0.0045087
0.0058958
0.0054515
-0.006904
-0.0068264
-0.0017874
0.0012938
0.0020818
-0.0089294
-0.0080673
0.0055332
0.0026788
-0.0024532
-0.0067248
0.009228
0.0066042
-0.0081257
-0.0080222
0.0058354
0.0053716
-0.0074105
0.0073136
-0.0064248
-0.0038424
-0.0012409
-0.0068545
0.0019044
-0.0054286
0.0091597
0.0042164
-0.0054824
-0.007797
-0.0080765
-0.0099816
0.0082443
0.0052686
0.0084708
-0.0048431
0.0078599
0.0096398
-0.0042349
-0.0042465
0.0043119
0.0021788
-0.0079357
0.0081446
0.0090183
0.0061693
-0.0069437
0.0089878
0.0087924
-0.0085607
0.0073101
-0.0010949
-0.0087514
-0.000293
0.0016955
-0.0059948
0.0049319
0.0038874
0.0098831
0.0038591
-0.0023915
0.0064173
0.0097437
0.0087058
0.0067965
0.001769
-0.0071076
-0.008215
-0.0097488
0.0076426
0.0044045
0.007801
-0.0062676
0.005648
-0.0007109
0.009909
-0.0076376
-0.0047238
0.0004443
-0.0092145
-0.0083695
-0.0038959
0.0056478
-0.0062248
-0.0020138
0.0038746
-0.0097376
-0.0054496
0.0039787
0.0006134
0.0091581
-0.0037054
-0.0024181
-0.002068
-0.0039889
-0.0070583
-0.0079736
-0.0067174
-0.0051026
-0.0077875
0.0068799
-0.0068606
-0.0040159
-0.0078823
-0.0037126
-0.0096436
0.0043251
-0.0084925
-0.0084611
0.0041637
0.0083143
-0.008077
0.0078017
-0.0058592
-0.0051534
-0.0046235
-0.0010392
0.0080593
0.0098369
0.0023372
-0.0046386
-0.0003397
-0.0041929
-0.0064032
0.0054277
-0.0080611
0.0077966
-0.0026125
0.0062353
-0.0069912
0.0026672
0.003771
-0.0060623
0.0041194
0.0042488
0.0051098
0.0053899
0.0033542
-0.0070209
-0.0011154
0.0039199
-0.0069628
-0.0071813
-0.0011358
-0.0093152
0.0048501
-0.004177
-0.0097034
0.0076729
0.0073432
0.0002502
0.0004001
0.0005509
-0.003122
0.0051688
0.0026717
0.0073835
0.006211
-0.0052345
0.001459
-0.0005894
-0.0026937
0.0032166
0.0020577
0.0076152
-0.0098826
-0.0032818
0.0066908
0.0035786
0.0009588
-0.0014064
0.0097917
-0.0041985
0.006787
-0.0091013
0.003746
-0.0079831
-0.0045273
-0.0025384
-0.0081486
0.002112
-0.000566
0.0020021
0.0098879
0.0038008
-0.0088404
-0.0044909
-0.0012681
-0.0012435
-0.0046958
0.0015179
-0.0013948
-0.0084132
-0.0042312
-0.0094637
-0.0055172
0.0069352
0.0076142
-0.000489
-0.0035325
-0.0091238
0.00508
-0.0024789
0.0060286
-0.001957
0.0043208
-0.0049286
0.0007816
-0.0031907
0.0007965
0.0002923
-0.0045744
0.0046226
-0.0027641
0.0043778
0.0064852
0.0085578
-0.0025781
-0.0098269
-0.0077062
-0.0054162
0.0091815
0.0020407
-0.0003304
0.0054214
-0.0057343
0.0034653
-0.0095707
-0.0048502
-0.0076476
0.0016678
-0.002697
0.0056659
0.0001348
0.0053567
0.0039299
-0.00613
-0.0069764
-0.0060516
0.0090192
-0.0082388
0.0015472
-0.0018104
0.003344
0.0005665
-0.0061062
0.0084598
0.0009791
-0.0053917
0.0059834
-0.0053788
0.0027444
0.0041178
-0.0094643
-0.00518
-0.0053206
-0.0026621
-0.0085757
-0.0069733
-0.0079778
-0.0001639
-0.0073573
0.0071719
-0.0091626
-0.0059569
0.0088622
-0.0061534
-0.0023457
0.0075586
0.0069167
-0.0092658
0.0039005
0.0017488
-0.0018811
0.0003088
0.0008641
-0.0019058
0.0028252
-0.0062671
0.0025768
-0.0099486
0.0009032
0.0091671
0.0050857
-0.0084351
-0.008816
0.0047123
0.0081048
0.0080734
0.0028976
-0.0044755
-0.003156
-0.0054937
-0.0028987
-0.0066164
-0.0079901
0.0046457
0.0045142
0.0075668
0.0082878
-0.0051344
0.001935
-0.0047349
-0.0052032
0.0007926
-0.0028332
-0.0056077
0.0064289
0.0001915
0.0009572
0.0098208
0.0063645
-0.002485
0.0035848
-0.0032016
-0.0053128
-0.0056835
-7.69e-5
0.0017784
-0.0041231
0.0005265
0.0002071
-0.0052711
0.002229
8.06e-5
-0.0008754
0.000421
-0.0036185
-0.0063441
0.0019814
0.0082401
0.0004855
0.0079313
-0.0046928
-0.0081183
0.0004538
-0.0034306
0.0005559
-0.0076882
0.0070664
-0.0029763
0.0056524
0.0063281
-0.0014028
-0.0094678
-0.0093657
-0.0025431
-0.0007721
-0.0006434
0.0033756
-0.0005415
0.0023519
-0.0073621
0.0041795
0.008846
-0.0073222
0.0021965
-0.0075485
-0.0035191
-0.001174
-0.0061877
-0.0060715
0.0055678
-0.000296
0.0008529
0.0003726
0.003389
0.0053598
0.0099572
0.0040209
-0.0013128
0.0071627
-0.000287
-0.0041175
0.0059671
-0.0034187
-0.003106
0.0013241
0.0083516
0.0021447
-0.0029113
0.0011186
-0.0046434
-0.0006209
0.0038096
0.0018853
0.00942
0.0058557
-0.0074065
-0.0038178
0.0014278
-0.0001716
-0.0046025
-0.0013793
0.009224
-0.0004631
-0.0066611
-0.0028426
0.0045116
-0.0018295
-0.0040234
0.0082757
-0.0069555
-0.0066021
-0.007382
0.002897
0.0028902
-0.003036
0.003897
-0.00291
-0.0064737
0.0074509
-0.0046427
0.0098119
0.0055838
0.0040302
0.0015867
-0.0022614
0.0053167
-0.0026982
-0.0048333
-0.0099809
0.0036523
-0.0090729
-0.0045767
-0.0019271
0.0021751
-0.0027354
0.0041905
-0.0040405
0.0056979
-0.0015152
-0.0050433
0.0061416
0.0043433
-0.0041347
-0.0055531
0.0057802
-0.0044064
-0.0071685
0.0003915
0.0028892
0.0021494
-0.0021153
0.0034592
-0.0008899
0.0004518
-0.0059843
0.0070784
0.0061277
0.0090107
0.0007297
-7.0e-5
0.0025517
-0.0028001
0.0077271
-0.0050422
-0.0077758
0.0026273
-0.0039235
-0.0067671
0.0023389
0.0084035
0.0031668
0.0046112
-0.0062086
-0.0072009
-0.001428
0.0079318
0.0063058
0.0053788
0.0098409
-0.0086938
0.009756
-0.0084237
0.0027807
0.0073811
0.0027893
0.0097748
0.0081132
0.0051965
-0.0073356
-0.0068024
0.0075079
0.0080526
