-0.0067207
-0.0086191
0.0035917
-0.0032793
0.0041285
0.0055192
0.0064525
-0.0042413
-0.0040475
-0.0040972
-0.0088833
-0.0021317
-0.006894
0.0081366
0.0058623
-0.0015336
0.009476
-0.0083155
0.006133
-0.0028189
0.0074419
-0.0071398
-0.0090599
-0.0012661
0.0047083
-0.0012945
0.0019533
-0.0092918
0.0013878
0.004399
0.0015714
0.0017004
0.0076011
-0.0020787
-0.001042
0.0069455
-0.0039929
-0.0038271
0.0010131
0.0039628
0.0024114
0.0090864
0.0074792
-0.0089207
0.0046919
-0.0043735
0.0079661
-0.0033653
0.0057002
0.0062865
-0.0009211
-0.001793
0.0050723
-0.0024751
-0.004983
-0.0064364
-0.0014717
0.0095423
-3.62e-5
0.0081704
0.0093963
0.0034626
0.0031794
-0.0022802
0.0052997
0.0002468
-0.002911
0.0031563
-0.0012566
-0.0011022
0.0061176
-0.0017173
-0.0079478
0.0059076
0.0024095
0.0062341
0.0018276
0.0005031
0.0002786
0.0058018
0.008738
-0.0077204
0.007421
0.0093314
-0.0079135
0.0046796
0.0063872
0.0057715
-0.0060034
-0.0076511
-0.0063041
0.001688
0.0084098
0.0008579
-0.003183
0.0050958
-0.008254
0.0076846
-0.0066652
-0.0098196
-0.0087724
0.0093905
0.0098847
-0.0001596
0.0036485
0.0072435
0.003062
0.0052393
-0.0098341
-0.0059697
-0.0013935
-0.0022116
-0.0019338
0.0085321
-0.0045694
0.0028352
0.0041332
-0.0037684
0.0065127
0.004546
-0.004641
-0.0044726
0.0081887
-0.0071708
-0.0040728
-0.0021107
0.002798
0.004649
0.0019665
-0.0068538
0.009749
0.0012284
0.0057873
0.0049461
-0.0024034
0.0026285
0.0081072
0.0071871
-0.0007456
0.0025238
-0.0069724
-0.0041072
-0.0071876
-0.0021717
-0.0014508
-0.0061623
0.0031466
0.008069
0.00999
-0.0089319
-0.0060774
0.0023217
-0.0017804
0.003815
-0.000461
-0.0021627
-0.0078832
-0.0080008
-0.0018133
-0.0079846
-0.0062809
-0.0005349
-0.0074241
0.0083429
-0.0031716
0.0012967
0.0044656
0.0022469
-0.0053395
0.0097718
0.0037479
0.0099874
-0.0059464
-0.003655
-0.0056573
0.0021385
-0.0068961
0.0081251
-0.0035251
0.0023313
-0.0097424
-0.0038137
-0.009171
-0.0035123
0.0092932
0.0025457
0.0093969
-6.82e-5
0.0086275
0.0018233
0.0053895
0.0054488
-0.0041561
-0.0010132
-0.008683
-0.0097099
-0.0060943
0.0040162
0.0065217
-0.0030848
-0.0034353
-0.0061428
-0.0074358
0.0045952
-0.0026735
-0.0051371
-0.0018874
0.0074359
-0.0014763
-0.0058723
-0.0037244
0.0058202
0.0007059
-0.0061569
-0.0073813
0.0019043
0.0029744
-0.0015433
0.002535
-0.0048938
-0.0011604
0.0083714
-0.0040402
-0.0009344
-0.00937
0.0039499
-0.0051454
-0.0076258
0.0070586
0.0079217
-0.0009662
-0.0017784
-0.0091904
0.0010484
0.0018951
-0.0087321
-0.0003376
-0.0008992
0.001749
0.0052164
0.0056088
0.0031217
0.0012873
0.0016862
0.0095676
-0.0061376
-0.0055142
0.0061561
-0.006415
-0.0073945
-0.0085309
-0.0078306
0.0044443
0.0004348
0.0088323
-0.0034342
-0.0078853
0.002151
-0.0038493
0.0002545
0.0054496
0.0067419
-0.0034236
0.0046963
0.0031281
0.0021897
-0.0050387
-0.0035838
-0.0025789
-0.0028325
0.0062427
-0.009502
-0.004966
0.0001075
-0.0005486
-0.0040992
-0.0001125
-0.0065182
-0.0060901
0.0041884
0.0056588
-0.0027083
0.0076316
-0.0081056
0.0020519
-0.0023123
0.0044639
-0.0032899
-0.0059565
-0.0028561
-0.0053517
0.0040601
-0.0068872
-0.004215
-0.0089672
0.0002083
-0.0072068
0.0018316
-0.0071687
-0.0018337
-0.0040697
-0.0041018
-0.0070982
0.0059625
0.0004333
0.0041423
0.0067443
0.0012795
-0.0072052
-0.0077525
0.0055305
0.0059218
-0.0097977
-0.0098397
-0.0042908
-0.0095361
0.0037494
-9.16e-5
-0.0025035
-0.0075052
-0.0084573
0.0076512
0.0016207
0.0005349
0.0017181
0.001624
0.0018382
-0.0017445
-0.0018671
-0.0044742
-0.0059622
-0.0072871
-0.0031097
-0.0055509
-0.0071365
0.0020972
0.0003659
0.0004553
-0.0003455
0.0032045
0.0053724
0.0080066
0.0026498
0.0030037
0.0020644
-0.0095654
-0.0066185
0.0027192
-0.009045
0.0047983
-0.0094989
-0.0065492
-0.0030798
0.0068399
-0.0091631
0.0013654
0.00665
0.0005967
0.0067072
0.0099112
0.0027107
-0.0066373
0.0046275
0.0067699
0.0055354
-0.0008383
-0.0043118
-0.0092381
-0.0057806
0.0066718
0.0011403
-0.0039913
0.0054704
-0.0054233
0.0042841
0.0034407
0.0010321
0.008191
-0.0087067
0.0006778
-0.0050948
0.0074778
0.0087057
-0.0026066
-0.001552
0.0031073
0.002961
-0.0040756
0.0023096
0.0050918
0.0043515
-0.0035792
-0.0056228
0.0063
0.0070756
0.0016782
-0.0003676
0.0012072
-0.0016692
-0.0065521
-0.0002007
-0.0008543
-0.0095986
-0.0017307
0.0023663
0.007588
0.0004615
0.0019646
-0.0097712
-0.0095955
0.0088519
0.0060173
0.0007443
0.0040529
-0.0053621
0.0015422
-0.0040509
0.0078735
0.0018386
0.0059263
-0.0001715
0.0071601
-0.0039721
0.0037269
0.005548
-0.0071237
0.0043648
0.0081027
-0.0014257
-0.006022
-0.0036443
0.0097245
0.009518
-0.0082506
-0.002859
0.0093664
0.0063143
-0.0047589
0.0055652
-0.0020263
-0.0071534
-0.0079382
0.0037587
-0.0022725
-0.0027274
-0.0093611
0.0014816
-0.0042954
0.0028263
-0.0039103
0.0062752
-0.0088967
0.0016332
0.0067416
-0.0001826
0.0086352
-0.0038252
0.0051609
-0.0081132
0.0027179
-0.0073918
-0.0044747
-0.0004068
0.0008599
0.0094889
0.0080059
-0.0009977
-0.0074884
0.0059846
-0.0093481
0.0031826
-0.0074747
0.0007379
-0.0022291
-0.0080766
-0.0028229
-0.0099245
-0.0002044
-0.003835
-0.0078183
0.0051494
0.0080739
0.0051646
-0.0074404
-0.0092788
-0.0070711
0.0001947
-0.0029138
-0.0084863
0.002954
0.0063449
-0.003318
-0.0089384
0.0086802
-0.0054019
