0.0052324
-0.0028086
0.0061625
0.0044764
-0.0013292
0.0047965
0.0040822
0.0057108
0.0063417
-0.0002112
0.0096548
-0.0028082
0.0099273
0.0026916
-0.008709
-5.31e-5
-0.0068615
0.0051773
-0.0065584
-0.0090334
0.0001589
0.0036136
0.0043021
-0.0032569
-0.0088191
0.0087151
0.0057831
0.009807
-0.0065407
-0.0034748
-0.0085023
0.0096883
0.001893
-0.0085081
0.0098301
-0.0035174
-0.0046355
-0.0089939
-0.0054816
0.0036357
0.0051822
-0.0083242
-0.0078316
-0.0009212
-0.0090327
-0.0080745
0.0078315
-0.0060715
-0.0081231
-0.0005428
0.0067213
0.003617
0.0071252
-0.0025547
0.0024851
-0.0015917
0.007592
0.0042094
0.0072797
0.0034402
-0.0080815
-0.0021491
0.0060681
-0.006262
0.0039739
0.0019244
0.0052742
0.0072813
0.0061314
0.0028005
0.0051371
1.24e-5
-0.004934
-0.00928
0.0077318
0.0058463
-0.001329
-0.0075819
0.0062946
-0.0089657
-0.0047255
0.0041288
-0.0020045
-0.0017664
-0.0005412
0.004389
-0.0080917
-0.0086964
0.00578
-0.0044927
0.0043044
-0.005791
-0.0032383
-0.0035271
-0.0084903
0.0004039
-0.0063449
-0.0063307
0.0041018
0.0018916
0.002555
0.006996
0.0074434
0.0039864
0.0093554
0.003584
-0.009021
0.0053612
0.0037183
-0.0065734
-0.007061
-0.0014219
-0.0007216
0.0029192
0.0074937
-0.0039008
-0.0006346
-0.0002882
0.0086766
0.0020743
0.0077699
0.0086353
-0.0015043
0.0084195
0.0087454
0.0066722
-0.0026598
-0.0056006
-0.0037338
-0.002066
-0.009395
0.0076135
0.0061574
0.0017573
-0.0063459
0.0025004
0.0004193
-0.0083122
-0.0020303
-0.0098839
0.0007607
0.001896
-0.0015517
0.0029235
-0.0064484
-0.0029566
0.0014077
0.0027836
0.0090813
-0.0075189
-0.0085637
-0.0014071
-0.0030056
-0.0006585
-0.0014562
-0.0042265
-0.0034626
-0.0070291
0.0004996
-0.0022025
0.0037946
-0.0028892
-0.0005323
-0.0049305
0.0052615
0.003182
0.0035641
0.0082136
-0.0006439
0.0083755
-0.0034339
-0.009922
-0.0066609
0.0046397
-0.0036394
0.0051512
-0.0054632
0.0024652
-0.0044271
0.0005388
0.0052227
-0.0081824
-0.0074231
0.0018811
0.0064791
0.0096049
0.0047302
0.0048599
0.0008099
0.0071847
0.0092227
0.0064963
0.0058223
0.0074339
0.0094973
0.0018913
0.0027868
0.0081342
0.0092
-0.0031745
-0.0025355
-0.0008829
0.0097975
0.0051888
0.0027876
0.0042435
-0.0026385
0.0077779
0.0063246
-0.0058058
0.001301
0.0097739
0.0048026
-0.0029741
0.0001871
0.0056152
0.0062349
0.0098548
-0.002293
0.0001577
-0.0068402
0.0020505
-0.0011251
0.0054706
0.0042167
0.0003427
0.0023449
0.0009232
-0.0070434
-0.008032
-0.0056954
0.0019053
-0.0060095
-0.0043847
0.0046406
0.0014623
-0.0023799
-0.0041182
-0.0007463
0.0036691
0.0086917
-0.0060649
-0.0034676
0.0051704
-0.0025497
-0.0079128
0.0053587
-0.0084064
-0.0008824
0.0067876
0.0070638
-0.0032791
-0.0067963
-0.0039151
0.0063746
0.0041114
-0.0057756
-0.001877
-0.0067713
0.007386
-0.0013976
-0.0072309
0.0063265
-0.0035077
0.0070181
0.0091964
-0.0020349
0.0058307
-0.0006475
0.005027
0.0044545
0.0097832
0.0041373
-0.0057574
0.0030164
-0.0038658
0.0091234
-0.0098627
0.0061441
-0.0021589
0.0039439
-0.0071192
-0.0055369
-0.0062255
0.0009954
0.0098157
0.0058716
0.0020408
0.0078479
0.009108
0.0030149
-0.0001468
0.0003731
-0.0051321
-0.0085249
0.0041866
-0.0038107
-0.0049981
-0.0024471
-0.003968
-0.0020206
0.0048353
-0.0040303
-0.0073779
-0.0059278
-0.0065799
0.0051769
0.0029904
0.0052422
-0.0038252
-0.0035389
-0.0075539
-0.0052266
0.0031106
-0.0020974
-0.0057028
-0.0004952
-0.0088912
0.0098806
-0.0059429
-0.0033633
-0.0069688
-0.0065305
0.0082287
2.02e-5
8.46e-5
0.0040657
-0.0013951
-0.0029465
0.005391
-0.0093911
0.0088047
0.0032373
0.0093524
-0.0051103
0.0091872
-0.0072015
0.000129
-0.0063082
0.0039789
0.008078
-0.0079117
0.0003919
-0.0019534
0.0012712
0.0078106
-0.0018987
-0.0043783
0.0080822
-0.0058532
-0.0021491
0.0041966
0.0099659
-0.0091058
-0.0088425
-0.0081032
0.0091371
0.0085208
-0.0031352
0.0079434
-0.0061572
0.0034661
0.009431
0.0047826
0.0005729
-0.0062516
-0.0005354
0.0047729
-0.0086156
0.0046267
-0.0079368
-0.0071051
-0.0033586
-0.0071774
0.0007899
-0.003066
-0.0013386
-0.0072635
0.0033268
0.0020064
-0.0094227
-0.0077219
-1.37e-5
0.0097749
-0.0094359
0.0095541
-0.000451
0.0002849
-0.0019194
-0.0035381
0.0017179
-0.0023612
0.0086154
-0.005142
0.0006373
0.0001922
0.0071557
-6.7e-6
0.0078122
0.007523
0.0003639
-0.0020367
0.0034555
0.007919
0.0011648
0.008462
0.0074662
0.0089082
-0.0061992
-0.0072748
0.0009983
0.0003194
0.004215
0.0022228
0.0065511
0.0062787
-0.006112
0.0080649
0.0004061
-0.0060423
-0.0046391
0.0034297
0.0074852
-0.0026955
0.0085058
0.0064835
-0.0032576
-0.0070606
-0.0028368
0.0085292
-0.0059713
-0.0049331
-0.003452
-0.0028683
0.0083281
0.0099016
0.007545
-0.0026476
-0.0046944
0.0049446
0.0063812
0.0006699
-0.0059217
-0.0006696
0.0062235
0.0084357
0.0029811
-0.0070811
0.0007644
0.0052141
-0.0004934
0.00223
0.0021038
-0.007398
-0.0024209
-0.0065571
0.0094
0.0023757
0.0022511
0.0038512
0.0012358
0.0035094
-0.0012906
0.001804
0.0001282
0.0049187
-0.0074415
-0.0038574
-0.0030551
0.004352
-0.0020689
-0.0014764
-0.0082855
-0.0042308
0.0055214
-0.0081049
-0.0021038
-0.0004446
-0.0038909
-0.009406
-0.008565
-0.0073601
0.0050581
0.0056732
0.009662
-0.0067192
0.0060103
0.0050051
0.0018663
0.0041317
-0.0055523
0.0015494
0.0055912
0.0061709
0.0037735
