-0.0003993
-0.0056118
0.0017561
0.0058442
0.0031404
0.0064243
0.0026774
0.0026534
0.0055452
-0.0024037
-0.0008606
0.0066318
0.000241
0.0045866
0.0074558
0.0067524
-0.0056838
-0.0098475
0.0028127
-0.0005118
-0.0025061
-0.0059873
-0.0019823
0.0045915
-0.0065155
0.0049859
-0.0044296
0.0085399
0.0096739
0.0073063
0.0084981
-0.0015112
-0.0032839
0.0027264
-0.0051339
-0.0030089
-0.0002873
-0.0010993
0.0009034
-0.004111
0.0027144
-0.0010652
0.0089064
-0.0034708
0.001963
-0.0057476
-0.0058296
0.0042181
0.003637
-0.0030687
0.0089717
0.0045333
-0.0083127
0.0027678
-0.0096848
0.0089266
0.000912
0.0094681
-0.009173
-0.0016463
-0.006121
-0.0016613
0.006133
0.0005772
0.0090512
-0.0013664
0.0070326
0.0060131
0.0027017
-0.0006065
0.0007987
0.0059096
-0.0027262
-0.0072998
-0.0009276
-0.0089219
-0.0091804
0.0099583
0.000167
-0.006158
-0.00067
0.0046488
-0.0054601
0.0080609
-0.0082043
0.0067234
-0.0017373
0.008229
0.003854
-0.0094804
0.0096134
0.0097913
0.0080167
-0.004702
0.0055885
0.0085796
0.0080865
-0.0009045
-0.005105
-0.0008316
-0.0021181
0.0024043
0.008337
0.0057512
0.0082539
-0.0035422
0.0042194
0.009698
0.0045927
0.000334
0.0092126
0.0061316
-0.0080515
-0.001163
0.0099027
0.0051261
0.0028247
0.0010775
0.0080679
-0.0051931
0.0013347
0.0006257
-0.0014663
0.0023337
0.002383
0.0094682
0.0045019
0.0029914
0.0059768
-0.009662
-0.0098954
-0.0025904
-0.0022685
0.0093424
0.0064206
-0.0087264
-0.0086865
0.0097924
0.0070984
0.0042646
0.0025439
-0.0072051
-0.0010583
-0.0048664
0.0082953
-0.0066228
-0.001154
-0.0048535
-0.0056285
-0.0037643
-0.0047273
0.0084702
0.0086845
-0.005685
0.0074908
0.0008523
0.0064551
-0.0092104
0.0055302
0.0032351
0.0014417
-0.0084017
0.0007264
0.0066653
-0.0004518
0.0095521
0.0076216
0.0085835
0.0013727
0.0048859
0.008555
0.0089309
-0.0025856
-0.0071182
0.0055726
0.0009696
0.0012103
-0.0088155
0.0059915
-0.004155
0.0001329
0.0062509
-0.0020592
-0.0037741
0.0003811
0.0064649
0.0065967
0.0082829
-0.0090809
0.0009251
0.0012242
-0.0017852
0.0096454
0.009299
0.0099547
-0.0071829
0.0073371
-0.0094183
-0.0005781
0.0034617
0.0001599
-0.0099311
0.0094469
0.0060821
-0.0049638
0.0056208
-0.0026695
0.0018659
-0.0093832
-0.0008256
0.0066209
-0.0087936
0.002589
-0.0052554
0.0094914
0.0022461
0.0033254
-0.0040034
-0.003079
-0.0009802
-0.0050274
-0.0039899
-0.0044602
0.0090385
-0.0006966
0.0046928
-0.0023727
0.0023375
-0.0030876
-0.0013793
0.001212
-0.0018025
0.0017696
0.0076527
-0.0092987
-0.0085796
-0.006497
0.003316
-0.0031588
-0.0062585
0.0079927
0.0055638
-0.0054041
0.0044067
0.0042381
0.0003544
-0.0033504
0.0027944
-0.0079272
-0.0020266
-0.0096477
0.0069336
0.0081346
0.0003942
0.0056491
-0.0031869
-0.0047144
0.0027303
0.002849
0.0055143
0.0077735
0.0040213
-0.0063027
0.0093891
-0.0091405
0.0009761
0.0083177
-0.0001437
0.0087577
-0.0032622
-0.0087277
-0.0071701
-0.0055943
0.007078
-0.0072977
0.0068168
0.0028154
-0.0018514
-0.0095336
-0.0017613
0.0001789
0.0077503
0.0010339
-0.0071057
0.0054238
0.0053674
-0.0093105
-0.0023853
-0.0092686
0.0049908
-0.002323
0.0060168
-0.0029642
0.0048156
0.0054908
8.4e-6
0.00456
0.0023424
0.0017172
-0.0024497
-0.0090099
-0.0034646
0.0046591
-0.0062224
-0.0024807
-0.0007418
0.0073604
-0.0018601
-0.0024746
-0.0034441
0.0088549
0.0014846
-0.0031145
0.0087971
0.0074057
-0.0042081
-0.0096385
0.0038882
-0.0041575
-0.005878
0.0035137
0.0013401
0.0096655
-0.0079107
-0.0092271
-0.0065975
-0.0096526
-0.0004546
0.0035284
-0.0096915
-0.0033709
0.005747
0.0006121
-0.0044113
-0.0036837
0.0040626
-0.0085589
-0.0085186
-0.0090989
0.001367
-0.0043985
7.0e-6
-0.0020492
0.0031776
0.0026869
0.0027657
0.0067482
-0.0047649
0.0098493
0.0086105
0.005073
-0.001516
0.0073619
-0.005711
0.0045971
-0.0003753
0.0091848
0.0034571
0.0023903
0.0024419
-0.0063311
-0.0058173
0.0073531
0.0090044
0.005292
0.0073261
0.0035808
-0.007615
0.0054945
-0.0096698
-0.0079506
0.0071683
0.0049912
-0.0074678
0.0086194
0.0028
-0.0099744
-0.0059147
-0.0049723
0.0091252
0.0021408
0.0054655
-0.000282
-0.007452
0.0062012
-0.004785
-0.0052519
-0.0007708
0.0098879
-0.008853
0.0019674
-0.0098214
0.0092223
0.002056
0.0045172
0.0028247
-0.0086574
-0.006239
0.0020142
-0.007659
-0.0015073
0.0080692
-0.0097057
0.0082589
-0.0024787
0.008995
-0.0023571
0.0030313
0.0083128
0.0005326
-0.0022052
-0.0044165
-0.007599
0.0086876
-0.0004798
-0.0025399
-0.0056656
-0.0055268
0.0036056
-0.007981
-0.0040375
-0.0032985
0.0060449
0.0068495
-0.0074272
0.0034564
0.0095753
0.0008906
0.0041655
-0.0043706
-0.0028192
0.0020362
-5.9e-6
-0.0013424
-0.0009929
0.00803
0.002319
-0.0010368
-0.0041771
0.0029373
0.0094482
-0.00707
-0.0047314
-0.0065495
0.0009334
-0.0079269
-0.0013113
0.0002625
0.0096103
-0.0076026
0.0087759
0.0052752
-0.0041071
-0.0048593
-0.0059972
-0.0090128
-0.0025429
0.0032014
0.0028875
0.0003866
0.0011453
-0.0074605
0.0035253
-0.0039319
0.0008924
-0.0041652
-0.004222
-0.0066393
0.0017927
-0.000477
-0.0065714
-0.0091104
0.0044514
0.0093123
-0.0060559
-0.0004283
-9.82e-5
0.0046391
-5.77e-5
-0.0084117
0.0017822
0.0028748
0.0048666
-0.0096658
0.0077389
-0.0026659
0.0063286
-0.0094711
-0.0003148
0.0054242
0.0021916
0.0041626
0.0029145
9.9e-6
-0.0030804
