-0.0025467
-0.0099259
-0.0026809
0.0094668
0.0093524
-0.0017172
0.003002
0.0046752
-0.0043707
0.0022929
0.0041147
0.0080075
0.0093657
0.0069685
-0.0023807
-0.0013956
0.0073369
0.0097024
-0.00602
0.0012424
-0.0001276
-0.0074709
-0.0005377
0.0046693
-0.0027675
0.009308
-0.0035381
-0.009643
0.0055765
0.0018276
-0.0094976
-0.0054745
-0.0054922
-0.0062793
-0.0073708
-0.0040041
-0.0083248
-0.0093552
-0.0069373
-0.0075575
0.0021517
-0.0035276
0.0094448
-4.24e-5
-0.0074432
0.0082237
-0.0089446
-0.0042222
-0.0063917
-0.0001325
0.0059828
0.0028792
-0.0030013
-0.0070514
0.007027
0.0002166
0.0058143
0.0018042
0.0004738
0.0059426
0.0059585
0.0012593
-0.0083032
0.0076913
0.0084372
0.0047882
0.0093976
-0.0034774
0.0027318
-0.0087203
0.008559
0.0099255
0.0037323
0.0089849
-0.0017654
-0.0064533
-0.0076829
-0.0027422
-0.0033638
0.0008321
0.0038477
0.0095798
-0.0011339
-0.0087787
-0.0087649
-0.0067955
0.0036883
-0.0050501
-0.0087591
0.0048388
-0.0008896
0.0068171
-0.0032123
-0.0046887
-0.0012303
0.0047325
-0.0016838
0.0066018
0.0006534
0.0001761
0.0017938
0.0046392
-0.0098342
0.0009413
0.0027836
0.0098864
-0.0025506
0.0001184
-0.0052981
0.0006125
-0.0063592
-0.0071636
0.0063723
0.0019679
0.00456
0.001018
-0.0086554
0.0065731
0.0012944
-0.0003534
0.0046374
0.0050626
-0.0026151
0.0097315
-0.0039387
0.0095808
-0.0073823
0.0020358
0.0059475
-0.0079077
-0.005764
-0.0096537
0.0039463
-0.0068158
0.0077925
-0.0015411
-0.0049072
-0.002292
0.004805
0.0024101
-0.0020002
-0.0018298
-0.0098191
-0.0054421
0.0035621
0.0042515
-0.0042102
-0.0031672
0.0089135
0.003824
-0.000133
0.0015204
-0.009761
0.0043994
0.009346
0.0088405
0.0010603
0.0037335
0.0081032
-0.0007302
-0.0044987
0.0002633
0.0025758
-0.0079579
0.0015495
0.0092445
-0.0011217
-0.0072733
-0.0042079
-0.0069595
0.0092783
0.0036916
0.0034053
0.00317
-0.0047513
-0.0012704
-0.0099942
-0.0061397
-0.0001626
-0.0056806
0.0054161
-1.87e-5
-0.0030856
-0.0057623
-0.0072461
0.006298
0.005806
-0.0090213
-0.0069261
0.0025933
-0.0099523
0.0065274
-0.0040395
-0.0067559
0.0020538
0.0037326
-0.0037078
0.0021601
-0.0079416
0.0016512
-0.0048081
0.0094191
-0.0052906
-0.0059974
0.0085508
-0.0045982
0.0024389
0.0070515
0.0080127
-0.0066706
-0.0060256
-0.0095728
-0.0048354
0.005607
-0.0018326
-0.0070604
-0.0082919
0.0014241
-0.0095642
-0.004776
0.00094
0.0073637
0.0059156
0.0036671
0.0016941
0.0014498
-0.0061525
0.0013984
-0.0049601
-0.007415
0.0092035
0.0004418
0.0061111
-0.0037885
-0.0018811
-0.0013687
0.005692
0.0023715
-0.0085489
0.0020736
-0.0027854
-0.0093218
0.005414
-0.0091171
0.005449
-0.0042984
0.0081748
-0.0098144
-0.0072651
0.0029175
-0.003695
-0.0062616
-0.009761
-0.0042462
0.0033961
-0.0019232
-0.0098533
-0.003483
-0.009554
0.0043636
-0.009627
-0.0073084
-0.0026003
-0.0009194
-0.0035078
0.0014238
-0.0064916
-0.0070991
-0.0089982
0.0076428
-0.0050267
0.0090212
-0.005648
0.008114
-0.0089787
-0.0040696
-0.0067236
-0.0009442
-0.0080764
-0.0096708
0.0079037
0.007353
0.0092901
-0.0050558
-0.0094254
0.0053677
0.0049818
-0.0056525
0.0084655
0.0046183
0.002673
0.0012996
-0.0048682
0.002163
-0.0080014
0.0076748
-0.0007482
-0.0015434
-0.0006436
0.0024094
0.0056922
0.0014248
0.0006264
-0.0059363
0.0054754
0.0043778
-0.0002691
-0.003226
-0.0007686
-0.0075893
-0.0006218
0.0059873
0.0087468
0.0083977
-0.0068252
0.0064571
0.0019248
0.0046025
-0.0044956
0.0068149
0.0041598
-0.0074629
0.0081839
-0.0022801
0.0011062
0.005359
0.0042952
0.0035884
0.0015553
0.0072279
0.0043952
-0.0006754
0.0057561
0.0018291
-0.0056652
-0.0019103
0.0066201
-0.0084361
0.0004028
4.06e-5
0.0012539
-0.0028616
-0.0016313
-0.0063264
0.0020579
-0.0052585
0.0012024
-0.0007086
0.0024416
0.0004653
-0.0019664
0.0093676
0.0094761
-0.0012319
0.0091358
0.0072929
0.0009928
-0.0029821
0.0093326
0.0024365
0.0066041
0.0043674
-0.0087354
-0.0015527
0.008652
-0.0073081
0.0063114
0.0090252
0.0035958
0.0009088
-0.0088405
-0.0029453
-0.0063282
-0.0038932
0.001401
-0.0007939
-0.0035894
-7.13e-5
-0.0035883
-5.72e-5
0.0026398
0.0094551
0.009999
0.0056131
-0.0007585
0.004946
0.0042685
7.22e-5
0.0074067
-0.0005087
0.007083
-0.0087212
0.0003183
-0.0092878
-0.0005625
0.0016432
-0.0068797
0.0056752
0.0007142
0.008936
0.004208
-0.0029313
-0.0009522
0.0014643
0.0025811
0.0014897
0.002307
-0.0026173
-0.0060014
-0.0097944
0.0026287
0.0076861
0.004044
-0.003881
-0.0076119
-0.0011667
0.0007194
-0.0054744
-0.0016177
9.0e-5
-0.0008594
0.0004234
-0.0017706
-0.0098802
0.0057204
-0.0029712
0.0074799
0.0097681
0.0038198
0.0008535
-0.0057051
0.0017965
0.0078177
0.0031157
0.0091505
-0.0015264
0.0038304
-0.0012144
-0.0085641
0.0022718
-0.0012986
0.006899
0.0028319
0.0046494
-0.0075044
-0.006727
-0.0022702
-0.0097618
-0.0056114
0.0090013
-0.0058281
-0.0072027
0.001632
-0.0025817
-0.005268
0.0071498
0.0008868
0.0095933
0.0061482
-0.0052694
0.0099349
-0.0064382
-0.0025023
0.0077077
-0.0022675
-0.0033486
-0.0060822
-0.0074315
-0.0059614
-0.0027107
-0.0094246
-0.0008543
-0.0023176
0.0005956
-0.0006411
-0.0038187
-0.0023728
0.0095223
0.0082418
-0.0032786
0.0054987
0.0036998
0.0041272
-0.0089177
-0.0060736
-0.0021395
0.0086073
0.008178
-0.0047027
-0.0032378
-0.0010369
-0.0084217
0.0067757
0.002324
0.0027544
