-0.0072692
0.0059314
-0.0027704
0.0087988
0.0007119
0.0008332
-0.0032118
0.0070236
0.0093275
-0.0074108
0.0025591
0.0011096
-0.0043945
0.0036533
-0.0012013
0.0069911
-0.0086136
-0.0067019
-0.0018994
-0.001297
0.000395
0.0052101
0.0025935
0.0046723
0.0018691
-0.0070349
0.0074651
0.0016052
0.0053345
-0.0007505
0.0044302
0.0005241
-0.0074462
-0.001434
0.0027162
0.0059122
-0.0040854
0.0052781
-0.0039435
0.0010094
-0.0090993
-0.0006773
-0.0036725
0.0092121
0.0097352
-0.0097182
-0.008885
-0.0037437
-0.008333
-0.0017867
-0.0082357
0.0022824
0.0054943
0.0020793
0.004762
-0.0061128
0.006862
-0.0063818
-0.0083779
-0.0087508
-0.0089895
0.0065122
0.0055695
0.0078192
0.0040324
0.0096737
0.0026004
-0.0093466
0.0008215
-0.0026879
-0.0018799
0.0073508
0.0024305
-0.0019884
-0.0047055
0.0095166
-0.0034969
0.0089979
-0.0021249
-0.0034723
-0.0001531
0.0088497
0.004315
0.0056139
-0.0044756
-0.0026317
0.0079552
0.0003961
-0.0087736
-0.0013266
-0.0068548
-0.0071316
-0.0046023
-0.0060768
0.0028105
-0.0072165
0.0020074
-0.0055488
-0.0077482
-0.0038662
-0.0086766
-0.0067847
-0.0061513
-0.0092321
0.0038867
-0.0057721
0.0003167
0.0014608
0.0016504
0.0013948
0.0016293
-0.0069783
-0.0066389
0.0031106
0.008388
0.0015038
-0.0072403
0.006326
0.002221
0.0099766
-0.00336
0.0098944
-0.0027959
0.0068231
-0.0064307
0.0039279
-0.0055145
4.57e-5
-0.0072227
0.0072796
0.008153
-0.0067358
-0.0011946
-0.0010673
-0.0025751
0.0004692
0.0085462
-0.0024349
-0.0086915
-0.0079438
-0.0048714
-0.001755
-0.007272
0.0076769
-0.0001457
0.0045962
-0.0001013
0.0049025
-0.0005824
0.0096471
-0.0090415
-0.005427
-0.000605
-0.0043954
-0.0032847
-0.0048694
-0.0058525
0.006814
0.0055963
0.0010245
-0.005522
0.005625
0.0039583
-0.0052127
-0.0068644
0.0083263
0.0002002
0.0033591
-0.0015912
-0.0001745
-0.0017336
0.0051912
0.0075469
0.0058705
0.0040859
-0.0019593
0.00856
0.0055698
0.0041897
0.0058668
-0.0033054
0.0010692
-0.0086721
0.0099129
-0.0009268
0.0099594
-0.0030625
0.0084175
-0.0090908
0.0049074
-0.007194
-0.0048382
-0.0079737
7.36e-5
-0.0038052
0.0097141
-0.0065874
0.0052542
0.0067683
-0.0077265
0.0037724
0.0063443
0.0014637
0.0040148
0.0087073
-0.006891
-0.0089787
-0.0092709
0.0043882
0.0046098
0.0065692
0.0016425
0.0046903
-0.0091598
-0.0018031
0.0092722
0.0099478
-0.0057255
-0.0050207
0.0024149
0.0081758
-0.0047608
0.0059761
-0.0075775
0.0061983
0.0094417
-0.0074098
-0.0015842
0.0092036
0.0054942
0.0039515
-0.0026813
-0.0017179
0.0038609
0.0035905
0.0013533
0.0057282
0.0049958
-0.004873
-0.0022175
-0.0090071
0.001311
0.0076693
-0.0010789
-0.0054947
0.0021928
-0.0024612
-0.0053514
0.0023766
0.0036493
-0.0069396
0.005814
0.0057156
-0.0067895
0.0078632
-0.0021966
-0.0056289
-0.0018747
-0.0062602
-0.0067631
0.009433
-0.0023032
0.00993
-0.004664
-0.005846
0.0030769
0.0081933
-0.0047306
0.0028544
0.0081813
-0.0018541
-0.0050858
-0.0044472
-0.0077203
0.0053213
-0.00665
-0.0030563
0.0065016
-0.0074135
-0.0024624
0.0035545
-0.0051251
-0.0012243
0.0054438
-0.0067475
0.0095379
-0.0044298
0.0063359
-0.0049946
-0.0067091
-0.0062649
-0.0042577
0.0023784
0.0014946
-0.0027333
-0.0009945
0.006692
0.0074579
0.0064792
-0.0049785
0.0027128
0.0044151
-0.0015886
0.0098342
-0.0038937
0.0079329
0.0025092
-0.0072319
0.0054413
-0.0019092
-0.0008055
-0.0035965
0.0006138
0.0044039
0.0011659
0.0079131
-0.0008589
0.0097172
-0.0059166
0.0056367
0.0014383
0.0088638
0.0045063
-0.0016952
0.0086893
0.0004514
0.0007516
-0.0004594
0.0039104
-0.0050222
0.0095512
-0.0040404
-0.0084858
-0.0041768
0.0048324
-5.39e-5
-0.008697
-0.0051978
0.0099706
0.0091874
0.0050994
0.0096939
-0.0059507
-0.0027749
-0.0027902
0.0061301
0.003664
-0.0040568
0.0006666
-0.0060357
0.0066639
-0.0023552
0.0022882
0.0030188
-0.0049697
0.0018722
-0.0038204
-0.0015151
-0.0062688
0.0041562
-0.0088781
-0.0008157
0.0001352
-0.0064183
0.0062013
-0.0090949
-0.0024999
-0.000292
-0.008681
0.0009237
-0.0076063
-0.0063059
-0.0039002
0.0067394
-0.0058446
-0.007467
0.0020007
0.0087873
-0.001079
-0.0045557
0.0099434
-0.0060719
-0.0071754
0.0017423
0.0068139
0.0091365
-0.003544
-0.0070641
-0.0028974
0.0018606
-0.0075937
0.0032601
-0.0053057
-0.0020935
-0.0064604
0.0028265
0.0031785
0.0002991
0.0047248
0.0064167
-0.0049457
-0.0014983
-3.31e-5
0.0051002
0.0024144
0.0011981
-0.0031156
0.0045059
1.49e-5
-0.005841
0.0034541
0.0072738
0.0044971
0.0074122
2.9e-6
0.0087966
-0.0022447
-0.0095666
-0.0095134
-0.0070488
0.0010053
0.0035206
-0.0063183
-0.0013882
0.0036493
0.0065087
0.0007803
-0.0019082
0.0018813
0.0012372
0.0052232
0.0093846
0.005893
-0.0094414
-0.0095646
0.0001868
-0.0027611
0.008687
0.0012397
0.0046339
-0.002111
-0.0019753
-0.0065001
0.0050606
0.0038955
-0.0073362
-0.0070101
0.0073208
0.0083843
0.0018141
-0.0004377
-0.0001602
0.0006896
0.0007382
0.0090569
-0.0049844
-0.0062533
-0.006555
0.0066301
0.009245
0.0012527
-0.0040602
0.0058775
-0.0053757
-0.0060808
-0.0034185
-0.0064781
0.0016029
0.0092641
0.0046684
0.0001029
0.0087502
0.0054864
-0.0019414
-0.0097308
-0.0090219
-0.0022098
0.0066539
0.0009293
-0.0022242
-0.0090888
0.002815
-0.0053769
0.007741
-0.0010365
-0.0090254
-0.0095755
0.0033967
-0.002792
0.0098668
-0.0060443
0.0071821
-0.007695
0.005547
-0.0036384
