-0.0027241
-0.0072785
-0.0013468
-0.0014684
0.008718
0.0091046
-0.0017827
0.0003344
-0.0028173
0.0004588
-0.0049941
-0.0097861
0.0090566
0.0035627
0.0087322
-0.0034075
0.0098256
0.004917
-0.0092113
-0.0010567
0.0023085
0.0075341
-0.0020192
0.0012804
-0.0048204
-0.0069248
0.0007073
0.0026561
0.0029977
1.66e-5
0.0070534
0.0040517
-0.0003129
0.0007789
0.0040943
0.0022319
0.0073878
-0.0003943
0.0070585
0.0063802
0.0081644
-0.0089343
0.008431
-0.0031304
-0.0023201
0.0021735
0.0097328
0.0066912
0.0058407
0.0073832
-0.0099862
0.0096445
0.0038976
-0.000768
-0.0088102
-0.0009115
-0.0065188
0.0049822
-0.004641
-0.0073404
0.0042352
0.0036997
0.00529
0.0025179
0.0085785
-0.0059786
-0.0055926
0.0001155
0.0023079
0.0045135
-0.0004944
-0.0027376
-0.0079834
0.0035913
-0.0071048
-0.003754
0.0091803
-0.0058743
-0.0053864
-0.006716
-0.0089345
-0.0061348
0.0027179
0.0050356
0.0007649
-0.009926
0.0074342
0.0051507
-0.0009067
-0.0059127
-0.0079857
-0.0083809
0.0066951
-0.0072353
0.003703
0.0040771
0.0031715
-0.0019956
-0.0082311
-0.0067659
-0.0037323
-0.0048017
-0.0036511
-0.0027211
-0.0096222
-0.0062241
-0.0040351
0.0074191
0.0076482
-0.0043684
0.0024608
-0.0041041
0.000976
-0.0046244
-0.0002005
0.0064997
-0.0093197
-0.0059655
-0.0046306
-0.0088257
0.0014499
-0.0047795
0.0070487
0.0087866
0.0094118
0.0041562
0.0051871
-0.0058801
0.007606
0.0084076
0.008733
0.0040951
0.0032494
0.0034612
0.0074269
-0.0046358
0.0060271
0.0013545
-0.0063471
0.0053154
-0.0041441
-0.0093965
0.0071412
-0.0059793
0.0029236
0.0038456
-0.0094782
-0.0031235
-0.0067037
0.0007749
-0.0056924
0.0043922
-0.0029408
-0.0086692
0.0011438
0.0015912
0.0054936
0.0004366
-0.0039362
0.0007133
0.0025828
-0.0078495
0.0044361
-0.004224
-0.0024882
0.0051307
0.0044038
0.0042313
0.0006048
-0.0064518
0.0099929
-0.0085804
-0.0082572
0.0072497
-0.0097715
-0.0035097
-0.0077583
-0.0069194
-0.0015294
-0.0004823
-0.0093417
0.0037718
0.0089071
0.005509
0.0097029
0.0052909
0.0098226
0.0051001
0.0046983
0.0072441
-0.0059592
0.0059732
0.0041328
0.0093951
-0.0058971
-0.0006836
0.0065346
0.0008825
-0.0054681
-0.0097411
0.0052445
-0.00062
-0.0005457
-0.00551
-0.0017467
0.0076846
-0.0052835
0.009472
-0.0030015
0.0072634
0.007844
-0.0021772
0.0075731
0.0038859
-0.0051962
0.0067919
-0.0036243
0.0038695
-0.0008867
0.0059888
-0.0005517
-0.0084318
-0.0069605
0.0020651
0.0073539
0.0027647
0.0098915
-0.0080854
-0.0044304
-0.0043157
-0.0031855
0.0041431
0.0092023
-0.0090486
0.0008719
-0.0084792
-0.0007653
0.0083187
0.0029134
-0.0078416
0.0071505
-0.0075505
0.0015232
0.0009309
-0.0009024
-0.0062761
0.0098875
0.0001268
0.0032255
0.0096205
0.0013005
0.0027366
-0.0035949
-0.0068536
-0.0089777
-0.0054663
-0.0049715
-0.0077281
-0.0058088
-0.0053015
0.0010378
0.0054067
0.0082478
-0.000253
-0.0004588
0.00886
0.0014856
0.0034534
-0.0069412
-0.0077206
0.0069352
-0.0089706
0.0028955
0.0034133
0.0044864
0.0036604
-0.0026227
-0.0091586
0.0033985
0.0088723
-0.004251
-0.0083215
0.0022574
0.0001365
-0.0093364
0.006343
0.0035132
-0.0075681
-0.0097406
-0.0063065
-0.0096706
0.0092785
-0.0005119
0.0003639
0.0061418
0.0051772
-0.0005428
0.0013021
-0.0010859
-0.0094324
0.0063945
-0.0099798
-0.0084315
-0.0040445
-0.0038341
-0.0052315
-0.0093304
-0.0092595
-0.0095601
0.0061163
0.0072384
-0.0037646
0.0027371
-0.0069504
0.0021756
-0.004694
-0.0078187
0.0051292
-0.0064906
0.0088572
0.0014225
0.0043135
-0.0074448
-0.0050045
0.0024246
0.0069916
-0.0025376
0.0026414
0.0099665
-0.0052402
-0.0059039
0.005402
0.0079743
-0.0033867
0.0056771
0.0093795
0.0007912
-0.0058712
0.0047186
0.0044746
-0.0063872
0.0021108
0.0025836
-0.0077492
0.0067512
0.0051657
0.0085555
-0.0014054
0.0040162
-0.0065336
-0.0077373
-0.0093461
-0.0002808
0.0020117
-0.0071791
0.0097801
0.0084647
0.0057305
0.0066868
-0.0003423
0.0093989
-0.0046701
-0.0007905
-0.0015274
0.0029764
0.0069033
0.0015324
-0.0007071
0.0061894
-0.0093429
-0.0054949
0.0043927
-0.0065064
-0.0041461
0.008291
-0.0051058
-0.0005663
0.0088511
0.0032915
0.009785
0.0002228
-0.0075173
0.0035293
0.0051971
-0.0016432
-0.0058327
-0.0022462
-0.0061666
-0.0004939
-0.0091227
-0.008334
-0.0003544
0.0033807
-0.0036504
-0.002712
-0.0046815
-0.0024902
-0.0034301
-0.0085377
0.0087471
-0.004224
0.0034191
0.0029738
-0.0073885
-0.0079107
0.0090718
-0.0053798
-0.0005335
-0.0061192
-0.0065536
0.001772
0.0040872
-0.0027369
-0.0070307
0.003059
-0.0041646
0.0090114
0.0029002
0.000871
-0.0091308
-0.0056143
0.0030629
-0.0084706
0.0081409
0.0004792
0.0028376
-0.0072606
0.0072842
0.0057749
0.0099933
-0.0062847
-0.009586
0.0098941
0.0073534
0.0065083
-0.0052388
0.0080445
-0.0092184
0.0087101
0.0020448
-0.0064212
0.0042835
-0.0089798
-0.0063992
-0.0004222
-0.0025777
9.12e-5
0.0037413
-0.0078357
0.0006271
-0.0062812
0.0053407
0.0086401
0.0025163
0.003119
0.0063654
-0.0031385
-0.0088574
0.0009118
-0.0065549
0.0063475
0.0034193
-0.0094339
-0.0090771
0.0037264
-0.0051096
-0.0057152
-0.0046025
0.0038338
-0.0095891
0.004052
0.0098476
0.0037767
0.0090567
0.0042571
0.0092425
0.000176
0.0002861
0.008645
0.004002
-0.0045055
0.0046859
-0.0024748
-0.0018339
-0.0045336
0.0062889
-0.0064615
-0.0035431
0.0093416
0.0092102
0.0067465
-0.00928
-0.0035122
0.0045687
-0.000211
