0.004787
-0.0013743
0.0028056
0.001639
-0.007959
0.0021533
0.0090793
0.0047889
-0.0065767
-0.0024544
-0.0062859
-0.008548
0.0063589
0.0096441
-0.0018806
-0.0085575
-0.0052517
0.003718
0.0084399
-0.0069119
-0.0024544
0.0023549
0.0040603
0.0090322
0.0063665
0.007107
0.0032219
0.0066218
-0.0011753
-0.0066462
0.0011514
0.0053995
0.0063901
-0.0077064
0.0096393
0.0030449
-0.0023056
0.0046998
-0.006159
0.0032504
-0.0005085
-0.0055496
-0.0009302
0.0022144
-0.0089147
-0.0037768
-0.0099884
0.0024107
-0.0019752
-0.0026378
0.0027291
-0.0053777
-0.000378
0.0056442
-0.009367
-0.0012167
0.0013216
0.0012795
-0.0033216
0.001417
-2.19e-5
0.0027991
0.003884
-0.0002585
0.0059017
-0.0087408
-0.0045755
0.0062114
0.0068012
-0.0074581
0.0014073
-0.0036664
0.0070425
-0.0055288
-0.00043
0.0074158
0.0070286
-0.0037978
-0.001213
-0.0088416
0.0058825
-0.0012668
-0.0080227
-0.0081264
-0.0033403
-0.0028512
-0.0087157
0.0055333
-0.0074423
-0.0062061
-0.0048515
0.0099686
0.0056166
-0.0002038
-0.0028318
0.0098364
0.0085792
0.0098064
-0.003887
-0.0096004
-0.0005252
-0.0058939
-0.0052542
0.0057005
-0.0027228
-0.0025776
-0.0048589
-0.0035862
-0.0074344
-0.0021157
-0.009535
-0.002174
0.0046722
0.0062509
-0.0067674
-0.0077775
-0.0047598
0.0024945
-0.0046345
0.0039531
0.0082267
0.0087934
0.0091637
0.0097436
0.0068246
-0.0017343
-0.0018929
0.0017998
0.0056475
7.74e-5
0.0078791
-0.0049447
0.0053567
-0.0084668
-0.0018608
-0.0099035
0.0091131
-0.0032796
-0.0036846
0.0041641
-0.0091964
-0.0030224
-9.48e-5
0.0066244
-0.0036679
0.0021679
0.0016901
0.0098002
0.0092605
-0.0069843
0.0040042
0.0007368
0.0007409
-0.0092202
0.0072038
0.0049328
-0.0076509
0.0074651
-0.0075862
-0.003682
-0.0033076
0.0068344
0.0094741
0.0033552
-0.0098148
-0.0046509
-0.0001614
0.0070416
-0.0034066
-0.0053615
-0.0019626
0.0038324
-0.0041582
0.0031124
0.008814
0.0061249
-0.0083125
0.0038999
0.0055965
0.0009582
0.0011756
0.0043063
-0.004899
0.0094676
0.0042556
0.0058407
0.0015104
-0.0076929
-0.0030843
0.0051599
-0.0067132
-0.0091694
0.0063975
-0.0044253
-0.0021859
0.0045616
0.0093912
-0.0070216
0.0071563
-0.0074237
-0.0085556
-0.0042609
0.0026336
0.008073
-0.0053534
0.0078683
0.0060396
-0.001992
-0.0013297
0.0019164
-0.0068364
0.0090458
0.0092923
0.0023455
0.0026706
-0.0007056
-0.0034972
-0.0065408
0.0015289
0.0064277
-0.0031188
0.0095077
0.0067716
0.0016158
-0.0024735
-0.0006573
0.0002721
0.0017365
9.37e-5
-0.0007062
0.0093575
-0.002099
0.0039098
-0.0089663
-0.0064325
0.0071256
0.0024494
0.0079915
-0.0001027
-0.0026933
0.0056244
-0.0035639
0.0011698
0.0057666
-0.0078328
0.0023533
-0.0046458
0.0024854
0.0037249
-0.0005665
-0.0053336
0.006917
-0.0056712
-0.0003408
0.0012467
-0.0049736
0.00357
-0.0026635
-0.0028227
-0.0026368
0.008895
-0.0050974
-0.0073099
-0.0025429
-0.0011925
-0.0084019
0.0079942
0.0060884
-0.0075388
-0.003013
-0.0037189
0.0041845
0.00239
-0.0031535
-0.0058065
0.0046752
0.001873
0.0066193
0.0063261
-0.0093179
-0.0097595
-0.000763
-1.75e-5
0.0049545
-0.0088113
0.0013797
-0.0032922
-0.0001222
0.0007646
0.0070528
0.0088855
0.0013412
0.0062807
-0.0038003
0.0030537
-0.0065382
-0.0090623
0.00952
0.0067139
-0.0029733
-0.0094735
-0.0056583
-0.0020786
0.009629
0.0084878
0.0052835
-0.0033643
-0.0022674
0.0059114
0.0080284
-0.008927
-0.0088146
-0.0009887
-0.0093415
-0.0039187
0.005161
0.0013128
0.0007169
-0.0052825
-0.006973
0.0067986
-0.0074001
-0.0079944
0.0095929
0.007533
-0.0018346
-0.0041057
0.0010655
0.0094016
0.002864
-0.0055791
-0.0013922
-0.0008281
-0.0062049
-0.001819
0.0006731
-0.0059059
-0.0025797
-0.0098918
0.005398
0.007576
-0.0057301
-0.0004696
-0.0008868
0.0031629
0.0082019
-0.0056631
0.0051716
-0.004006
0.0014041
-0.0014496
-0.0010059
0.0083153
-0.0087432
0.0095225
-0.0055362
0.0004546
0.0075518
0.0048034
0.0068488
0.0054249
-0.0071911
0.0002774
0.0079862
-0.0056978
-0.0047406
-0.0065024
-0.0014497
-0.0025147
-0.0047073
0.0076538
-0.0063204
-0.0045993
-0.0061425
0.0070652
-0.0067263
-0.0002136
-0.0009789
-0.0032968
-0.0015432
0.0047228
0.00092
-0.0075745
0.0093162
0.0030316
-0.0015945
0.0019789
0.0061781
-0.0021096
-0.0002397
-0.0067329
-0.0017929
0.0046732
-0.0091878
-0.0025636
0.004573
-0.0025038
0.0009002
0.0050828
-0.0026384
0.003242
0.0076062
0.0071894
0.0029404
-2.35e-5
0.0010101
-0.0003818
0.0059424
-0.0031739
-0.0056011
-0.0037961
-0.0085363
0.0031063
0.0062188
0.0071933
0.0023485
-0.0010567
-0.0078116
-0.0021828
-0.0059919
-0.0045838
-0.005923
0.0023525
0.0015417
-0.0090772
-0.0055276
0.0045039
-0.006827
0.0027927
-0.0096999
0.0008273
0.0065571
-0.003772
0.0075989
-1.75e-5
0.0085545
-0.0047209
0.005966
-0.0079409
0.0040945
-0.0083562
0.0068039
0.0002444
-0.0038716
0.0059309
0.0042375
0.004502
-0.0073809
-0.0094515
0.0028846
-0.0022835
-0.0082293
0.0031809
0.0018945
-0.0013966
0.0099564
0.0046805
-0.0002132
-0.0020098
-0.0046221
-0.0019071
0.0075106
0.0025373
0.0030957
-0.0020072
-0.0058637
-0.0050251
0.0004922
0.0098007
-0.0027332
0.0027458
0.0039698
-0.0080483
-0.0096705
0.0020963
0.0068765
-0.007721
0.0092864
0.0098178
-0.0091646
0.0088852
-0.0032116
-0.0049503
-0.0027915
0.0073411
-0.0059664
0.0059937
0.008849
-0.0057797
0.0081225
-0.0098848
0.0046921
-0.0016546
-0.0063504
0.008134
