0.0093567
0.0092164
0.0057755
0.0010529
-0.0030733
-0.0074225
0.0021462
-0.0094427
-0.0031136
0.0055878
-0.0044149
0.0034859
9.2e-5
-0.0068608
-0.007588
0.0064349
0.0041002
-0.0087944
0.0061895
0.0040436
0.0008856
0.0035652
-0.0021342
0.006571
0.0085413
-0.0056407
-0.0032745
0.0020042
0.0085029
0.0094076
-0.0034338
0.0051183
0.0075815
0.0009283
0.0036578
-0.0044523
0.004055
0.0097779
-0.005503
0.0003407
0.0026864
-0.0036932
-0.0042878
0.0092227
0.0094734
-0.0061725
-0.0017966
-0.0076739
0.0082485
-0.0047071
-0.0070576
0.0024287
-0.0038973
-0.0068146
0.0001867
-0.001498
0.0010787
-0.0007579
0.0035307
-0.0080614
-0.0046133
0.0026831
0.0061757
0.0023638
0.0050679
-0.0072128
-0.0087168
0.0096507
0.0074248
-0.0096347
-0.0009618
-0.0019144
-0.0070232
0.0031992
0.0041329
0.0019794
-0.0040082
-0.0052828
0.000956
-0.0017248
0.0097365
0.0044581
-0.0006275
0.0058859
-0.0090886
0.0075811
0.0014603
-0.0061052
0.0061299
-0.002236
0.0071904
0.0005493
-0.0076388
-0.002387
-0.0062552
0.0045315
0.0075787
-0.007197
0.0036137
0.0074541
-0.0092481
0.0054769
-0.0015634
0.0079947
0.0091425
-0.0014064
0.0093957
0.0087548
-0.0051528
0.0020275
-0.0096482
0.001558
-0.0050791
0.0005458
-0.0057403
-0.0026461
0.0099502
-0.005051
0.0036606
-0.001774
0.0072686
-0.0044685
0.0028036
0.0053366
-0.0065127
0.0059509
0.0073607
0.0030486
-0.001518
-0.0078141
-0.008802
0.0022608
0.0060634
-0.0030959
-0.0013634
0.0045337
-0.006192
-0.0034677
0.0058195
0.005348
0.0037805
-0.0073583
-0.0063851
0.0079815
-0.0045053
-0.0075148
0.009631
-0.0082354
-6.82e-5
0.0023955
-0.0002797
0.0072551
0.0097728
-0.0010569
0.0050686
-0.0034418
-0.0055992
-0.0069048
-0.0059692
-0.0080445
0.0010107
-0.0024644
-0.0009769
-0.004301
-0.0077592
-0.0001776
0.0058315
0.0097717
0.0070444
0.007578
0.0028056
0.0050491
0.0069101
-0.0071512
-0.0016726
-0.0028169
0.000389
-0.0031589
-0.0069447
-0.0085526
0.0095853
0.0085529
-0.0068529
-0.0084858
-0.0068485
0.000467
0.0025771
0.0043864
0.0062562
0.0065778
0.0053887
-0.002045
0.0043644
-0.0087331
-0.0065082
0.0084442
0.0092606
0.0017051
-0.0081199
0.0074556
-0.0051009
-0.006615
-0.0065545
-0.0005995
-0.0082822
-0.0072104
0.0075793
-0.0039725
-0.0062902
-0.0086108
-0.0008537
-0.0031999
-0.0022256
-0.0051636
0.0028639
0.007714
0.0090753
0.0057509
0.0082619
-0.0082684
-0.0040643
-0.0053185
0.0054997
-0.0009771
0.0088386
0.0015593
-0.0098571
0.0083867
-0.0029407
-0.0005804
-0.0059937
0.0059471
0.0039178
-0.0040149
0.0098184
-0.0036994
-0.0068338
0.0045313
-0.0015684
-0.0029165
-0.0026477
0.0079479
-0.0030953
-0.0090808
0.008673
-0.007462
0.0087825
-0.0018233
-0.0088727
0.0085135
0.0085717
-0.0073438
-0.0045454
0.0034197
-0.0079791
-0.0052107
-0.0045943
0.0063399
-0.0089653
-0.0055331
0.0072543
0.006131
0.0026291
0.0077073
-0.006088
0.0078206
0.0077672
0.0086033
-0.0015265
0.0055917
-0.0071734
-0.0085235
-0.0009642
0.0013364
0.0090295
0.0046077
0.0018779
0.0025147
-0.0003585
0.0028191
0.0047909
0.0024643
0.0020357
0.0051558
-0.0066347
0.003992
-0.004247
-0.0094195
0.0058475
0.0041656
-8.07e-5
-0.007794
0.0073891
-0.0075091
0.0017151
-0.0045599
-0.0011401
0.0011729
0.0070442
0.0051704
0.0008836
-0.0097549
-0.0003903
0.0029745
-0.00308
0.0054615
-0.0085344
-0.0043485
0.0067847
-0.0072142
-0.0018295
0.0009384
0.0072052
-0.007597
-0.0035153
0.0096307
-0.0026166
-0.0080683
-0.0045217
-0.0076487
-0.0040113
-0.0052175
0.0098314
0.0085656
0.0089537
0.0034597
-0.0032865
0.0034937
0.0051851
-0.0036284
-0.007136
0.0083367
0.0039844
-0.0058512
0.0027849
0.0015509
0.0099921
0.0007431
-0.0079919
0.0074768
-0.0045184
0.0005063
0.0031064
0.0019262
0.0008858
0.0062946
-0.0090868
0.002367
0.0009048
0.0089178
0.0072285
0.005446
0.0015029
0.0047466
-0.0041447
-0.0014586
0.0076971
0.0063669
-0.0092075
0.0020438
-0.0009953
0.0093906
0.0049461
-0.0072983
-0.0048766
0.0089501
-0.0096688
0.0079622
-0.0052386
-0.0076829
-0.0006918
-0.0076232
0.0037823
0.0018847
-0.0090534
0.0020775
-0.0048377
0.0049747
-0.0010398
-0.0070666
-0.002242
0.0042895
0.0091337
0.0080553
-0.0064386
-0.0043846
0.0063384
0.0051406
-0.0054688
-0.0087452
0.0055236
-0.0016699
0.0003031
0.0031555
-0.0083692
-0.0059303
0.0063155
-0.009458
0.0007616
0.0001011
0.0092695
0.0021946
-0.0032272
0.0038442
-0.0021645
0.0002075
-0.0012594
-0.0037055
0.0090437
-0.008825
-0.0079447
0.0040786
-0.0048421
0.007679
-0.0061794
0.0097629
0.0013832
-0.0034567
0.0095441
0.0032532
-0.0073254
0.003381
-0.0010577
0.0030571
0.0043873
-0.0017565
0.0052369
-0.003795
-0.0009365
-0.0086502
-0.0007986
-0.0070758
0.0037337
-0.0041781
0.0068947
0.0048809
-0.0004217
0.0097032
-0.0032941
-0.0028162
-0.0036347
-0.0051715
0.0011681
0.0003364
0.0019254
-0.0050521
0.0088131
0.0035846
-0.009012
0.0009502
-0.0038411
-0.0086266
0.0064308
-0.0061842
-0.0022789
-0.003985
0.0081536
0.0045838
0.002101
0.0090508
-0.005573
-0.002741
-0.0099228
0.0015306
0.009473
0.0012922
0.0048485
-0.0089671
-0.0093829
0.00433
-0.0028634
0.0052595
0.0019691
-0.0071479
0.0026453
0.007654
0.004128
-0.009809
0.0030309
0.0045653
0.0043038
-0.0048025
-0.0057814
-0.0077599
-0.0049404
-0.0052832
0.0019058
0.0039783
0.0013732
-0.0069405
-0.0037234
0.0066014
-0.0003319
-0.0001384
0.0056624
