0.0047856
-0.0055859
0.0031209
-0.0025974
0.0058347
0.0053606
0.0062269
-0.0023965
0.0007023
-0.0062322
0.0057478
-0.0046931
0.0053124
-0.0019633
0.0048802
-0.00119
-0.0044495
0.0090479
0.000379
-0.0078315
-0.0002739
-0.0071245
0.0032624
-0.0050967
-0.0075864
-0.0035781
0.0041733
0.0048404
-0.0026369
-0.0051741
-0.0076332
-0.0052496
0.0079194
0.008551
-0.0049145
-0.0074669
-0.0097411
-0.0083321
-0.0002614
0.0021797
0.0046046
0.0024173
0.0064708
0.0089865
0.0002441
-0.008606
0.0023741
0.0082346
-0.0086639
-0.0074856
0.000641
-0.009068
0.0098535
0.0064607
-0.0098393
0.0018129
0.0036915
0.0013762
-0.0063153
-0.0054843
0.003703
-0.0010785
-0.002753
-0.0099863
0.0008549
0.0023918
-0.0008799
-0.003977
0.0072339
-0.0052736
-0.0023235
-0.0058009
0.006152
-0.0015943
0.0005712
-0.008866
-0.0056713
0.0052005
0.0024041
-0.0004226
0.0002519
0.0002856
-0.0084837
-0.0088293
-0.0092361
0.0086642
0.0025868
0.0041427
-0.0005197
-0.0010967
0.0023048
0.0088817
-0.0091846
0.0072859
0.0014136
0.0066466
-0.0073069
-0.0033853
-0.0066956
-0.0094784
0.002119
0.0061878
0.0080882
0.0057198
0.0014713
0.0096294
0.00808
0.0016297
0.008584
0.0069424
-0.0018428
-0.0066152
-0.0078457
0.0023055
0.0069664
-0.0001922
0.0042117
0.0005093
0.0049291
0.00355
-0.00099
-0.0043463
-0.0036706
-0.0081892
0.0095028
0.0066233
0.0014067
0.0055455
-0.0001662
-0.0031326
-0.0012837
-0.0094142
0.0082807
-0.0020364
0.0047166
0.0057713
-0.0033657
0.0022166
-0.0075209
0.0014758
0.0063872
-0.0039913
0.0012719
0.0080899
-0.0059498
-0.0099805
0.0064899
0.0007893
-0.0085168
-0.0068861
0.0027343
-0.0023909
0.0077589
0.0008139
0.0012695
-0.0086936
0.0082194
0.008158
0.0043013
0.0010469
-0.0081065
-0.0010286
-0.0045506
-0.0058917
0.0059821
-0.0045508
-0.0078644
0.0077029
0.0061194
-0.0008001
-0.0032087
0.0041413
-0.0080963
0.005454
-0.0066284
0.00687
-0.0062465
-0.0028589
-0.0068224
0.0069753
-0.0040622
0.0066741
0.0061322
0.0076379
-0.0040684
0.0088143
0.0052033
0.0080614
8.55e-5
-0.0019662
-0.0038469
-0.0090227
0.0045722
-0.0039337
0.0057217
0.0033698
0.0010325
0.0095004
-0.007261
-0.0090289
-0.0031756
-0.0030311
0.0010413
0.0023076
-0.0058077
0.000685
0.0043713
0.0070799
0.0029389
-0.0037761
0.0029532
-0.0075376
-0.0032511
-0.0015243
-0.0083625
-0.0013171
0.0001429
-0.0074576
0.0011855
-0.0009758
-0.0012394
0.0031705
0.0040968
-0.0088991
0.0066112
0.0068975
0.0058175
-0.0004963
-0.0057375
0.0092567
-0.0016439
-0.0036368
0.0024643
-0.0052336
-0.0039374
-0.0009521
0.0082901
0.0072864
-0.0001312
-0.007198
-0.006799
0.0043325
-0.0050428
-0.0024945
0.0025533
0.0039531
-0.0054519
0.003215
-0.0026413
-0.0098724
0.0049267
-0.0096581
-0.0091304
0.0082685
0.0030885
-0.0026388
0.0078404
-0.0009699
0.0021271
0.0050084
0.0068474
-0.009647
-0.0032626
0.0040843
-0.0087624
-0.0084431
-0.0098129
-0.0072965
0.0091346
-0.0026018
-0.0064984
0.0031943
0.0028715
-0.0066595
0.008812
-0.0027767
0.0076533
0.0072779
0.0095305
0.0093239
-0.0049084
0.0051365
0.0018665
-0.0049471
0.0097579
-0.0015758
-0.0093909
-0.0066823
-0.0093992
-0.0039813
0.0010726
-0.00859
0.0082736
0.0051257
-0.0038415
0.0050088
0.0022583
-0.0065204
-0.0036873
-0.0058954
-0.0023662
-0.0081818
0.0043842
-0.0052082
-0.0019219
0.0076289
-0.00018
0.0097952
0.0090182
-0.0008434
-0.0094047
0.0075019
0.0090956
-0.0098085
0.0085626
0.0063829
-0.0062757
0.0010153
-0.0033278
0.0063784
8.14e-5
0.0071654
-0.0038272
0.0074097
-0.0015836
-0.0020511
-0.0001482
-0.0095241
-0.0061821
0.0041781
-0.005557
0.0057885
-0.0086502
-0.0084426
0.0079294
0.0071211
0.0052328
0.0038968
-0.0090978
0.0035937
0.0042352
-0.0027085
0.0042884
0.0045065
-0.0055319
0.0049503
0.0045262
-0.0006774
7.7e-5
-0.006408
-0.0045813
-0.0012791
-0.000147
0.0083832
-0.0041068
4.05e-5
0.0084008
-0.006357
-0.0060257
-0.0012823
0.000453
-0.0046937
-0.003669
-0.0079463
-0.0077549
0.0068484
-0.0005238
-0.0054965
-0.0021109
-0.0088832
-0.0064203
-0.0005014
-0.0048197
0.0084631
-0.0063119
-0.0052059
-0.0046229
0.002339
-0.0042942
-0.0037478
0.0089488
0.0086806
-0.0048806
0.0013582
-0.0074209
0.0029466
0.0070695
0.0006999
-0.0096455
-0.0068184
0.0082754
-0.0027864
-0.0097798
0.000566
0.0077505
-0.0096462
0.0094107
-0.0019091
-0.0007484
-0.006628
-0.0011488
0.0083697
-0.0058683
0.0002234
-0.0028908
0.0092206
-0.0059534
-0.0038773
0.0064135
0.0007055
0.0022469
-0.0075814
0.0091888
-0.0099108
-0.0037091
0.0041647
-0.0085613
0.0010932
0.008798
0.0075197
0.0024327
0.0062617
-0.0018408
-0.0031115
0.0059814
0.007943
-0.0070297
0.0078815
0.0089832
0.0089088
-0.0044589
-0.0055306
-0.0045951
-0.0013787
0.0054715
-0.0037978
0.0041618
0.0008204
-0.0021773
0.0081995
0.0033295
0.0048698
0.0095709
-0.001683
0.0017605
0.0080491
0.0028738
0.0003203
-0.000449
-0.0087679
0.0068811
0.0064441
-0.007564
0.0030751
-0.001501
-0.008799
0.0030755
0.0090644
0.0049987
0.009958
0.0031345
-0.0044043
-0.0002979
0.0052992
0.0034622
-6.25e-5
0.0045396
-0.0006033
-0.0058265
-0.0093825
-0.0017335
0.0062468
0.0043511
-0.0048264
-0.0075238
-0.0061252
0.009
-0.0034061
-0.0006554
0.0095713
0.008927
0.0028109
0.0003234
-0.0024479
0.0086952
-0.0099059
0.0012076
-0.0033833
-0.0061248
-0.001525
0.0011677
-0.0034988
0.0033137
-0.0036911
-0.0037147
