-0.0013263
-0.004175
0.0028577
0.0043744
0.0072628
0.0088804
0.0096898
0.0071239
0.0040287
-0.0096392
-0.0081695
0.0046725
0.0097064
0.0095317
0.0057655
-0.0067793
-0.00761
0.0008801
-0.0010691
-0.0080237
0.0025065
-0.0009735
0.0073712
0.0081585
-0.0094085
0.0039842
0.0062637
0.0003981
-0.005723
0.0072615
0.0058818
-0.0078872
0.0030515
-0.0006252
0.0067227
-0.0058921
-0.0016464
-0.0004067
-0.0005537
-0.0090651
0.0016885
0.0001461
0.0020868
-0.0084069
0.0073126
-0.0016995
0.0013159
0.0078856
-0.0023626
-0.0023894
0.0028932
0.0033146
0.0022123
-0.0011047
-0.0049767
-0.0005874
0.0030689
-0.0076509
0.0038469
0.0053439
-0.009726
0.0014503
-0.002208
0.0043634
0.0096442
0.0079485
-0.0049597
0.0042482
0.0069993
0.0092093
0.0038374
0.0054832
-0.0006864
-0.00295
0.0060255
-0.0014637
0.002968
0.0002074
0.0058562
0.0022092
0.0070527
-0.0056948
-0.0051926
-0.0040525
0.0092052
-0.0018895
0.0090695
0.0017025
0.0033703
-0.0022263
-0.0095915
-0.0024559
-0.0037826
0.0075261
-0.0091931
0.0073851
-0.0082633
-0.0011762
-0.0054457
0.0064067
-0.0018305
0.0094378
-0.0072693
-0.0099374
0.0015935
-0.0073533
0.0025381
-0.0050455
-0.0012618
0.0013699
0.0093351
0.0030897
-0.0038308
0.0050057
0.0033902
0.0024551
0.0043235
-0.0047147
0.0059705
-0.002277
-0.0099568
-0.0010362
-0.0042178
-0.0027334
0.0095049
-0.0030783
0.0021598
0.0004591
0.0062954
0.0006178
-0.0031519
-0.0023763
0.0092385
0.00061
0.0063844
-0.0050056
-0.0007112
-0.003448
-0.0074258
0.0007389
0.0009101
0.0068965
0.0049049
0.0014998
0.0030247
0.0013321
0.0001557
-0.0037613
-0.0013952
0.0083298
0.0094077
0.0060858
0.0088799
0.0026107
0.0033919
0.0024502
0.0037734
0.0056869
-0.0050713
0.0050042
0.0003175
-0.0013424
-0.003132
-0.00044
0.0016929
-0.0021214
0.0058788
-0.0004558
0.0081194
-0.0009009
0.0082897
0.0098077
-0.0019307
-0.0015652
0.0046214
0.005141
-0.0006315
-0.0048351
0.0035524
-0.0017998
-0.004546
-0.0008465
-0.0076282
-0.0076009
0.0042737
-0.006583
-0.006231
-0.0039103
0.002637
-0.0040867
0.0008448
-0.0047913
0.0013572
-0.0099911
-0.0061182
-0.0091142
-0.0075632
0.0024972
-0.0054245
-0.0057741
0.0003987
-0.0005923
-0.0040707
0.0003151
0.0021967
0.0064443
-0.0035692
-0.0006722
-0.0097884
-8.68e-5
-0.0059104
0.0043886
0.0096118
0.002627
-0.0001894
0.0014354
-0.008782
-0.0025199
-0.0084687
0.0095097
0.0021764
0.0091286
0.0005812
0.0088558
-0.0009011
-0.006819
0.0001172
0.0032706
0.0014964
0.0019212
-0.0001919
0.0065963
0.0059273
-0.0055152
0.008332
-0.0073465
0.0007026
-0.000811
-0.0025737
0.0044777
0.0093126
0.0077154
0.0070463
-0.0010188
-0.0048295
0.0046105
-0.0056853
0.0094525
0.006051
-0.0029205
-0.0057735
0.0091834
0.0068587
-0.0034135
-0.0042416
0.0013333
0.0081555
0.006941
0.0020705
0.0041694
-0.0003651
-0.0026744
0.0081161
-0.0013236
-0.0007711
0.007681
0.000753
0.0086815
-0.0011413
-0.0031158
0.0048077
-0.0039157
0.0044144
0.0071485
0.0032469
-0.0031286
-0.0030544
0.0054367
0.0021724
0.0077497
0.0099229
0.0033837
-0.0047973
0.0074047
0.0024361
-0.0038437
-0.0001537
-0.0073198
-0.0052179
-0.0056275
-0.0057084
0.0079259
-0.0018575
-0.0058251
-0.0086178
0.0072095
0.0064633
0.0059135
0.0094968
-0.0076727
0.0016255
0.0024989
-0.0050264
-0.0022619
0.0089502
0.0092223
-0.0037423
-0.0017791
0.0052649
0.0051413
0.0068709
-0.0098084
0.0096656
-0.0033454
-0.0093462
-0.001622
-0.0026904
0.0046804
0.005167
0.0024292
0.0034851
0.0057936
-0.006696
-0.0073149
-0.0017461
-0.0031535
-0.0073629
-0.0097767
0.0010802
0.0016085
0.0048588
0.0047582
-0.0062053
0.0039255
0.0054431
-0.0083674
-0.0057867
0.0085352
-0.0069765
0.0075084
-0.0082187
0.0064623
-0.0007217
0.0065185
-0.0091905
0.004919
-0.0056869
-0.0034018
-0.0065143
-0.0067701
-0.0069418
0.008553
0.0093859
0.0002155
4.97e-5
-0.0089575
0.0081351
0.0070987
0.0051264
-0.0053062
0.0010163
0.0092169
0.006085
0.0011059
0.0098227
0.0040105
0.0042354
-0.0022337
0.005542
-0.0091549
-0.0083584
0.0023171
0.0085362
0.0044512
0.0069091
0.0023229
0.0073543
-6.55e-5
0.002706
0.0071448
-0.0068917
-0.0007478
-0.0012631
-0.0013825
0.006088
0.0036462
-0.0064184
-0.0043476
0.0002246
0.0042724
-0.0089733
-0.0072099
0.0004132
0.0076624
0.0047907
-0.0057528
0.0016423
0.0079753
-0.0047791
-0.0069383
-0.0011425
-0.0071264
-0.0032405
-0.0095961
-0.0058225
-0.001875
5.36e-5
0.0070728
-0.0037221
0.0076957
0.0041401
0.0060693
-0.0012112
-0.0041431
-0.0002438
-0.0057497
-0.0041599
0.0047939
-0.0031554
0.0027417
0.0068315
0.0099196
0.0009813
-0.0068448
0.0087711
0.0017081
-0.0036917
0.0089244
0.0023279
0.0020645
0.0080039
0.0023373
-0.0044204
0.0043789
-0.0014763
0.0095677
-0.0062095
-0.0051034
0.0012922
-0.0016181
1.81e-5
-0.0052928
0.0014233
-0.000551
0.0098421
0.003286
-0.0040164
-0.0093168
-0.0018746
0.0093799
-0.0015817
0.009576
0.0078658
0.0055396
0.0097711
0.0035766
0.0095361
0.0091505
-0.0079061
0.0050107
0.0021632
-0.0015794
-0.0084808
0.0019869
-0.008245
0.0017882
-0.006146
-0.0099001
-0.0077234
-0.0062408
0.0064659
0.0088187
-0.0058675
-0.0055096
0.0004156
-0.0044484
-0.0036608
0.0083756
-7.5e-6
-0.0073098
-0.0009728
0.0098864
-0.0089338
0.0087254
-0.008966
0.0057211
-0.0041483
0.0083418
-0.0022669
-0.0011985
0.0047528
0.0080442
-0.0041847
0.001233
-0.0042626
