0.0046966
0.0040946
-0.0074919
0.0083414
0.0055316
0.0072358
0.0076547
0.0033132
-0.0090304
0.0087693
0.0056941
0.0056823
0.0046979
-0.0003246
0.0042031
-0.0038848
-0.0054169
0.0085224
0.0036039
0.0089563
0.0045215
0.0041736
-0.008998
-0.0014491
-0.0049781
0.0016468
-0.0020963
0.0082579
-0.0066444
0.0021759
-0.0074566
-0.0014529
-0.008451
-0.002128
-0.0060453
-0.0043055
0.0003856
-0.0086553
-0.0039672
-0.0097077
-0.0048051
-0.0053121
-0.0059081
0.007364
0.0019563
0.0020884
0.000157
-0.0056323
-0.006635
-0.0003101
-0.0028153
0.0078276
0.0028969
-0.005204
-3.96e-5
-0.0092559
0.0094549
-0.003759
0.0042507
0.0046241
-0.0033148
0.0072141
-0.0082375
0.0015405
0.0001296
-0.0064159
0.0095494
-0.0027459
0.0057236
0.0057089
0.0089581
-0.0010233
0.0035902
-0.004688
0.0086597
0.0020643
-0.000872
0.0004244
0.008249
-0.0081781
-0.0005974
-0.0010098
0.0051424
-0.0099938
-0.0088797
-0.0074158
0.0093522
0.0064865
0.0079033
-0.0040552
0.0065467
0.0041412
0.0091115
-0.0052066
-0.0079199
-0.004328
-0.0013202
-0.0007823
-0.0056748
-0.0051349
0.0019454
-0.0021293
-0.002287
0.0066803
0.003056
0.0094238
-0.0029447
-0.000933
0.0013408
0.0056353
-0.0014609
0.0060464
0.0039155
-0.0033373
0.0044594
0.0059898
0.0055583
-0.0028948
0.0032881
0.0045378
0.0039274
-0.0038342
0.006427
-0.0005176
-0.0054781
0.0050295
-0.0051405
0.0030502
-0.0043784
0.0045048
-0.0026765
0.0059712
-0.0040089
0.0060521
-0.0073585
-0.0053138
0.0030764
0.0082218
0.0011778
0.0037151
-0.0082549
-0.0016572
0.0001363
0.009
-0.0052019
0.0065473
-0.006224
0.0056555
-0.0033241
-0.0001432
0.0076264
0.0001376
-0.0007487
-0.0027374
0.0009254
-0.0026096
-0.0065987
-0.0058744
-0.0030506
-0.0005856
-0.0011117
0.0004637
0.0099731
0.005437
0.0056101
-0.0019972
-0.0035296
0.005209
0.0038984
0.0062739
0.0065145
-0.0041501
0.006356
-0.0025914
0.0055521
0.0004888
-0.0072075
-0.0070266
0.0021915
0.006392
-0.0008823
0.0062487
0.0007608
0.0031615
0.0015821
-0.0030677
0.0007847
0.0055421
-0.0058532
0.0079458
-0.0079781
-0.004346
-0.0001746
-0.0023985
0.0061505
-0.0094208
0.007567
-0.0003156
0.0062356
0.008123
0.0066789
-0.0027368
0.0013065
-0.0025299
0.0047918
0.0008354
-0.0099432
-0.0014122
-0.0006714
0.0028772
-0.009227
0.0082633
-0.0004889
-0.0055166
0.0095972
-0.0047746
0.0029862
-0.0083001
0.0085596
-0.0027692
-0.0011732
-0.0069894
0.0099417
0.0048007
-0.0063216
-0.0077829
0.0044432
-0.008327
-0.006737
-0.0044489
-0.0041125
0.0023462
-0.0043046
-0.0094176
0.0097239
-0.0060877
0.0084652
0.0073708
0.0079134
0.0005726
-0.0059236
-0.0092016
-0.0002266
-0.0032759
-0.0082045
0.0084123
0.0064093
0.0096366
-0.0045663
-0.0031111
1.3e-5
-0.0020496
-0.0067539
-0.0046348
-0.0048521
0.0087856
0.0033269
-0.0029291
-0.0026636
-0.007499
-0.0059866
-0.0088759
-0.0026694
0.0023185
-0.0066129
0.0035331
-0.0092155
0.0055928
-0.0064981
0.0038408
-0.0018449
-0.0086193
0.0089467
-0.009909
-0.0013512
0.0077523
-0.0061775
0.0088892
-0.007894
0.0002623
0.0036088
0.0017569
0.0001617
-0.0063668
-0.007658
-0.0038933
-0.0087166
0.002632
0.0078196
-0.0099056
0.0064615
-0.0025628
0.0011585
0.0060492
0.005239
0.0036362
-0.0077143
-0.0036206
0.0056763
0.0053077
0.0078033
0.0056866
0.0052302
-0.0056639
-0.0077068
0.0096101
-0.0011464
0.0079055
-0.0057692
0.0063437
-0.0075389
-0.0056666
0.0017238
-0.0056122
0.0045311
0.0018187
0.0010624
-0.0042404
0.007242
0.0015007
-0.0030378
-0.0097872
0.0021213
-0.0066788
0.0092797
-0.0093721
-0.0045019
0.005849
-0.0041426
-0.0051553
0.0071273
-0.0031543
-0.0011989
0.0005863
0.0040267
-0.0008968
0.0092862
0.0020978
0.0027877
-0.0019252
-0.0032527
-0.0012277
-0.0041966
0.006555
-0.0084403
0.0055268
0.0006393
-0.0066259
-0.0097679
-0.0080606
-0.0003975
0.0034033
-0.0073443
-0.0067023
0.0083988
0.0093855
0.0012222
0.0040935
-0.0062721
-0.0091962
0.0057323
-0.0052934
-0.0039968
-0.0037533
-0.009591
0.0080429
-0.008811
-0.0075823
-0.0080022
-0.0057529
0.0075574
-0.0070763
-0.0025003
0.0030869
-0.0001257
-0.0043728
0.0055768
-0.0055237
-0.0085272
-0.0046274
0.0079887
0.0090011
0.0030315
-0.0067047
0.00428
0.0049324
0.0075562
-0.002437
0.0029445
-0.0071592
-0.0018956
0.0076238
0.0058308
0.0005168
-0.0052263
-0.0094872
0.0020157
-0.0097894
0.0058943
-0.0054986
0.0074804
0.0047493
-0.0062714
-0.000432
0.0017685
0.0007883
0.0073828
0.0017396
0.0096903
0.0065971
-0.0017831
-0.009728
0.0036161
0.0061726
-0.00524
-0.0078372
-0.008244
0.0083926
-0.0069378
-0.0093684
-0.0025655
0.0046896
-0.0041194
-0.0044326
-0.0030788
-0.0004912
-0.0097116
0.0059876
0.0053839
-0.005745
-0.0033372
-0.0085869
-0.004639
-0.0072388
-6.39e-5
-0.0066474
-0.0001879
0.0060363
0.0017744
-0.0080226
-0.0047682
-0.0094237
-0.0056611
-0.0034073
-0.0088514
0.0034518
-0.0014261
-0.0013984
0.0029867
0.0027631
0.0044524
-0.0058795
-0.0043966
0.002746
0.0094056
0.0094672
-0.0047869
-0.0078567
-0.0097616
-0.0077171
-0.0019746
0.0010209
-0.0068457
-0.0065929
0.0052836
0.0047897
0.0053481
-0.0093014
0.0098447
0.0085801
-0.0066663
-0.003514
-0.0061185
-0.0075878
-0.0085098
0.0096295
-0.0025122
0.0066084
0.0014248
-0.0079076
-0.0024994
-0.0050812
0.0059895
-0.0011102
0.0094884
0.0082537
-0.0092472
-0.0088838
0.0046056
-0.0047317
0.0054747
-0.0026119
-0.0083651
0.0096091
-0.0033168
