-0.000376
0.0051221
-0.0057493
-0.0028052
0.0063051
-0.0029331
-0.0098097
0.0056653
-0.0055184
0.003721
-0.0063227
0.0016352
-0.0076211
0.003359
0.0045509
-0.0085379
0.0095635
0.0004958
-0.0092191
0.0018769
-0.0055112
-0.0019064
0.0012945
0.0019764
-0.0020726
-0.005695
-0.007523
-0.0035142
-0.0063998
-0.0040515
0.0075761
-0.0058865
-0.0064388
0.0017374
0.0094247
-8.78e-5
0.0063002
0.0055166
-0.0060278
0.0072767
-0.0019279
-0.0019786
0.0006281
-0.0063831
0.0017582
-0.0062112
-0.0088325
-0.0081708
0.0026985
-0.001173
0.0015147
-0.0028745
-0.0061017
-0.0060007
-0.0081868
-0.0058132
0.0001773
-0.000927
0.0006774
0.0084356
0.0086694
-0.0099659
-0.0080112
-0.0088016
0.0029878
-0.0012751
-0.0043891
0.006263
0.003889
0.0009362
0.0029016
-0.0032028
-0.0079348
-0.0041143
0.0011908
-0.0035699
0.0079555
0.0083817
0.0017232
0.0042823
-0.0036649
0.0015119
0.0079571
-0.0037713
-0.0068883
-0.0094303
0.0095728
-0.000298
0.0018651
-0.0017093
0.0047002
0.0046423
-0.0095038
0.0093671
-0.0093984
-0.007666
-0.0038886
-0.0007918
-0.0046002
-0.008949
0.002039
-0.0080305
0.0070859
0.0034523
-0.0085409
0.0031036
-0.0022708
0.0062396
-0.0066139
-0.0024048
-0.0060334
0.0085244
0.0098982
0.0087227
0.0010365
7.21e-5
0.0096663
0.0040469
0.0087306
0.0083198
0.0034313
-0.001401
-0.0018289
0.0035939
-0.0049019
-0.0036897
-0.0026045
-0.0035337
0.0070629
0.0010578
0.0094017
-0.0066788
-0.009831
-0.0078408
0.0090871
-0.0012735
-0.0019258
-0.0082099
0.0074501
-0.0095136
0.0043486
-0.0047953
0.0037164
-0.0053005
0.0041727
0.0041995
-0.0026113
-0.0095871
0.0042207
0.0063111
0.0083371
-0.0014181
-0.0076716
0.0058826
-0.0062109
0.0027217
0.0068652
-0.0022025
-0.0049866
-0.0039519
0.0005688
-0.001532
0.0066282
0.0028948
0.0054873
0.0052525
-0.0064861
0.002919
-0.0004875
0.0082711
-0.0064845
-0.0055244
-0.0028319
0.000275
0.0004219
0.0068439
-0.0082352
0.0080695
-0.0035732
-0.0025262
0.0069345
-0.00502
0.0028065
-0.0058931
-0.0043743
0.0060367
-0.0089711
-0.0086284
-0.0075017
0.0037278
0.0042406
0.0054014
0.0067708
0.0053589
0.0009485
-0.004576
-0.002436
-0.0089169
-0.0092555
-0.0046635
-0.0049081
-0.0041088
-0.0048898
-0.0039376
0.0066863
0.0092942
0.0088409
-0.0045308
0.0084197
-0.0022349
0.0037998
0.0076367
0.0006768
0.0024186
-0.0051361
-0.0033818
-0.0090878
0.0064449
-0.0067929
-0.0056329
0.002308
-0.0080918
-0.0038312
0.0026206
0.009998
-0.0002501
-0.0013009
-0.0031201
0.0005826
-0.0064805
-0.006817
0.0096954
-0.0014906
0.0040028
-0.0031404
-0.006142
0.0061195
0.0048387
0.0029122
-0.0083519
0.0064117
0.0091692
0.0046142
-0.0019862
-0.0079028
0.0055557
0.0012599
0.0087107
-0.008295
0.0046798
-0.0022313
0.0007156
0.0019717
-0.0043324
-0.0031134
0.0047521
0.0075393
-0.0026256
0.0066383
0.0013045
0.0049205
-0.0058072
0.0059497
0.002216
-0.0038669
0.006657
0.0037369
-0.0051068
-0.0040083
-0.0009146
0.0003578
-0.0013695
-0.0030354
-0.0042874
-0.0098578
0.0040806
-0.0027358
-0.007826
0.0063461
0.006831
0.000922
-0.0045524
-0.0061338
0.006213
-0.0041261
0.00276
-0.0022915
-0.0001789
-0.0028392
0.0091878
-0.0047486
0.0095214
0.0092375
0.0010597
0.0088303
0.0084519
0.0048955
0.0057006
-0.0019014
0.0061725
0.0005044
0.0052051
0.0090107
-0.0016804
0.0093932
0.0063377
0.00981
-0.0065421
0.0046102
0.0017469
0.0090718
-0.0036083
0.0030969
0.0082913
-0.0003908
0.0016979
-0.0055936
-0.0023345
-0.0028244
-0.0032014
0.007712
0.0047812
-0.0032391
0.0086439
-0.0007605
-0.0050639
0.0023743
0.0001145
-0.0095688
-0.0091691
0.002601
0.0083521
-0.0073226
0.0080187
0.0003748
0.0043699
-0.0064252
0.0082154
-0.009747
-0.0079067
0.0046983
-0.0053639
0.0082875
-0.0092407
0.0049061
-0.0025704
-0.0029047
-0.0024673
-0.0052981
-0.0027068
-0.0081833
-0.0047736
0.009065
-8.95e-5
0.004503
-0.0080511
-6.73e-5
-0.001914
0.0064357
-0.0090179
0.0010852
0.003501
0.0097884
0.0096888
-0.0009027
0.0062004
0.0085682
0.0067328
-0.0047714
0.0077319
-0.0099316
0.0017977
0.009496
0.0088185
0.0086002
0.000332
-0.0004067
0.0074104
-0.0090718
0.0028574
0.0009532
0.0087615
-0.0091999
0.008093
0.0017815
-0.0081488
0.00862
0.0046911
0.0076331
0.0061353
-0.0040422
0.0062072
0.0098947
0.0013082
0.0002248
-0.007132
0.0083603
-0.007269
0.003329
-0.0099985
-0.0041596
-0.0011975
-0.004663
-0.0049003
0.0036052
0.0094279
-0.006403
0.0035855
-0.0075489
0.0014837
-0.0028657
4.95e-5
-0.0069817
0.0030765
0.0071725
0.0098204
0.0068317
-0.0082493
-0.008724
-0.0083
-0.0045066
-0.008221
0.0037914
0.0073908
0.0088754
0.00049
0.0091219
-0.0015258
0.0097696
-0.0005367
-0.0024098
-0.0059083
1.07e-5
-0.0068549
-0.0076896
-0.0097843
-0.0040598
-0.0093297
0.0048529
-0.0091054
0.0054647
-0.0046424
0.0003148
-0.0034874
0.0069801
0.0070174
-0.0039999
-0.0052109
0.0021451
-0.0036921
0.0036036
0.0078524
0.0071449
0.0040422
0.0098392
-0.0096488
-0.0063976
0.0014477
0.0090159
0.0092199
0.0085768
0.0045485
-0.0035089
0.0080152
-0.0059799
-0.0069589
-0.0005688
-0.0047275
-0.0073734
0.0074489
0.0047661
-0.0072572
-0.0088346
-0.0015158
0.0065648
0.0045298
-0.0006253
-0.0035343
-0.0033242
0.0062378
-0.002928
-0.0005401
0.0031998
0.0046696
-0.0012653
0.0067009
-0.0094552
0.0050148
0.0054135
0.0089708
-0.0017018
-0.0050453
0.0074171
0.0081694
0.0064217
