0.0076197
0.0007568
0.0053
-0.0078742
0.0057865
-0.0055338
-0.0034698
-0.0025752
-0.0099629
-0.0083445
-0.0012373
-0.0096872
-0.0093284
0.0020049
-0.0041293
-0.0070574
-0.0079888
-0.0091831
-0.0005989
-0.0020862
0.0027908
0.0024336
-0.0064073
-0.0055125
0.0092584
0.0090331
0.0028333
-0.0035263
0.0011838
0.0084421
0.0089038
0.0005848
-0.0022336
0.0042504
0.002859
-0.0071996
-0.0092479
0.0073877
0.0069987
0.0061311
-0.0071911
0.0095823
0.0079893
0.008686
-0.0074909
-0.0063966
0.0084566
-0.0001181
-0.007142
0.0068961
0.0095818
0.0062528
-0.002409
0.0007409
-0.0016886
-0.0053713
-0.0070492
0.0091882
0.000456
0.001057
0.0057284
0.0019089
0.0083879
-0.0043725
0.0065073
-0.0093108
0.0016286
0.0039771
0.0049534
-0.0087778
0.0006246
0.0014874
0.0005364
-0.0049764
0.009571
-0.0018803
-0.0002724
0.0096098
-0.0044558
0.0090998
0.0066069
-0.0039074
0.0057302
-0.0078459
0.002716
0.0089246
0.0076372
-0.0083392
-0.0046283
0.0046864
0.0073089
-0.0022289
0.0076457
0.0030958
5.73e-5
0.0070029
-0.0091507
-0.0019093
0.0084464
0.0053568
-0.008868
0.0094273
-0.0072616
-0.0017629
-0.0090567
0.0083076
0.0061623
-0.001049
-0.0030424
-0.0080038
0.0040472
-0.0097502
-0.0006268
-0.0052195
0.0059711
-0.00522
-0.0069381
-0.0015321
0.0014322
0.004153
-0.0031199
-0.0070116
0.0098318
-0.0067375
-0.0086032
0.0003421
0.0014408
-0.0061339
-0.0007612
0.0020168
0.004307
0.0010214
-0.0073677
-0.0053929
-0.0040634
-0.004579
-0.0074507
-0.0013947
-0.0085757
-0.0037807
0.0067984
-0.0011399
0.0096322
-0.0044319
-0.002831
0.0043089
0.0095425
0.0069468
-0.0005842
0.0012651
-0.0047279
0.0038328
-0.0083075
-0.0017081
0.0061598
-0.0073793
-0.0066264
-0.0066
-0.0063525
0.0078311
0.004812
-0.0025865
-0.0082415
0.0091425
0.0058686
-0.000304
0.0038977
-0.0046327
0.0051355
0.0036992
0.0038542
0.0090376
0.0058052
-0.0060743
-0.0001081
-0.0065039
-0.0056491
-0.0058703
-0.0069021
-0.0088196
-0.0062064
0.0084088
0.0012653
-0.0024486
-0.0064847
0.0067494
-0.0096199
-0.0055522
-3.8e-5
0.0050536
0.0094307
0.0079987
0.0035931
0.0030372
-0.0054681
-0.0050877
-0.005117
-0.0087977
0.0016113
-0.0021914
0.0003299
-0.0081678
0.001912
-0.0032506
-0.0077842
-0.0070375
0.0024227
-0.0070151
0.0047645
0.0020468
0.0055921
-0.0080759
-0.0051645
0.0033791
-0.009882
-0.0042043
-0.0091085
-0.0088327
0.0012363
-0.0006921
0.0072871
0.0024797
0.0038013
0.0080248
-0.0089472
0.0022265
0.0055944
0.0006406
0.0092093
-0.0005826
-0.0022511
0.00202
-0.0096473
-0.0005507
0.0063928
-0.0082911
-0.0069776
0.0099469
0.000936
-0.0018036
-0.0057547
-0.0002487
0.0027272
0.0086874
0.0004952
-0.0035884
-0.0098655
0.0059061
-0.0064768
0.0030191
0.0020095
0.0077965
0.00569
-0.0067456
0.0017911
0.0047695
0.0008989
0.004765
-0.0019761
0.0084023
-0.0027715
0.0070344
0.0088518
0.0040152
-0.0059066
0.0095892
0.0069932
0.0086305
0.0073881
0.0028306
-0.007286
0.0029437
-0.0072276
-0.0067894
-0.0093776
-0.0099519
0.0014321
0.0043787
-0.0064994
0.00344
-0.008397
-0.0062592
0.0013054
0.0097796
0.0099604
-0.0009247
0.0010889
-0.0080548
-0.0031219
-0.0041269
0.0074052
-0.0068536
-0.0034515
-0.009983
0.0053985
0.008023
-0.0064952
-0.0050415
0.0015707
-0.0041085
-0.0026308
0.0074255
0.0069845
-0.0018054
0.0041473
0.0096905
-0.0050833
0.0071038
0.0023084
0.0079624
0.0042214
0.0014049
0.008701
-0.0079537
0.0050291
-0.0046649
-0.0094732
-0.0058592
0.0028407
-0.0030222
-0.008159
0.0085683
-0.0050414
-0.0030686
-0.0074161
0.0075513
0.0022687
0.0022219
0.0089929
-0.0031327
-0.005683
-5.75e-5
0.0021775
0.0097106
0.006425
-0.0061677
-0.0048778
-0.0002097
0.0088244
-0.0036434
0.0068177
-0.0039647
0.0019656
-0.0083121
0.0052492
0.0069487
-0.003261
0.0034986
-0.0038782
0.00017
-0.0020875
-0.0060442
-0.0053767
-0.0077118
0.0045265
-0.0018211
0.0032471
0.0077862
0.0059361
-0.007781
-0.0051563
0.0067832
0.0070854
-0.0061731
-0.0092016
-0.0086778
-0.0042709
-0.0077067
0.0038488
0.0066489
0.0042478
0.0063688
-0.0026046
-0.0086552
0.0059033
0.0040038
-0.0040118
0.0019039
0.0080022
0.0076341
0.0003273
0.0029895
0.0051295
-0.0073829
-0.0039388
-0.0047545
-0.0076377
0.0038576
-0.0008535
-0.0048159
-0.0075291
-0.0088197
-0.0011248
-0.0048189
-0.0030795
0.0040368
-0.0023974
0.0071451
-0.0083892
-0.0052826
-0.0070921
-0.0024563
-0.0009399
0.0082802
0.0078814
0.0026702
-0.0029516
-0.0094378
-0.0081824
-0.0037363
-0.0089357
0.0030915
-0.0051524
0.0074055
0.0037452
-0.0067771
-0.0083103
0.0071271
0.0058769
0.0068413
0.0028502
0.0033617
0.0082646
0.0033732
2.24e-5
0.0027896
-0.005035
-0.0035999
-0.0053604
-0.004442
0.0085183
0.0009891
-0.0072973
0.0019135
-0.0072914
0.002475
0.0018834
0.0085276
-0.0085797
0.0014806
-0.0080652
0.0028342
0.0006048
-0.0081396
0.0040924
-0.009152
-0.0061557
0.0044421
0.0028468
0.0034308
-0.0095278
1.26e-5
0.0021347
-0.0099792
0.005498
-0.0072609
-0.0008849
-0.0007124
0.0075942
-0.009279
-0.0068641
0.0043517
0.0062052
-0.0084344
-0.0075234
-0.0056966
0.0095507
0.007201
0.0017309
-0.0027763
-0.0050088
-0.0032536
-0.0032022
0.0013953
0.0046936
0.0053327
-0.0036874
0.0053501
-0.0035851
-0.0092252
0.0006858
-0.0022777
-0.0032483
0.0059482
-0.0042084
0.0020916
-0.0096792
0.0037777
-0.0022574
0.0016867
-0.0031566
0.0011651
-0.0005436
0.0069633
-0.0002251
