-0.0059366
0.0059046
0.0075178
-5.9e-6
0.0032889
0.0035999
0.0018339
-0.0093974
0.004531
-0.0031448
-0.0015612
0.0094911
-0.0005412
0.0056177
-0.0097799
-0.0012986
-0.0074059
-0.004254
-0.0011209
-0.0052527
0.0035049
-0.0093419
3.68e-5
-0.0029469
0.0060521
0.0053046
0.0010911
-0.0037701
0.0074065
0.0008695
0.0026684
-0.0031172
-0.0066075
-2.0e-5
0.0055258
0.0030483
0.0005271
0.0028397
-0.0099967
-0.0010821
0.0078285
-0.0005091
-0.0097651
0.0001936
-0.0007995
0.0032043
-0.003587
-0.0012412
0.002393
0.0079639
-0.0068464
-0.0063082
0.0012354
-0.0030037
-0.0036122
-0.0033743
0.0045226
-0.0016366
-0.0007244
-0.0083531
0.0033461
-0.0034733
-0.0062803
0.0059718
0.0024251
0.0021849
-0.0047239
-0.009855
0.0062449
0.0085229
0.0005781
-0.0047351
-0.0071988
0.0080533
0.002369
-0.0012097
-0.0042509
0.002378
0.0051095
-0.0065324
-0.0030776
0.0064542
-0.0062269
0.003551
0.0063613
-0.0009463
-0.0015806
0.0092921
-0.0062796
-0.0098484
0.0032929
0.0070739
-0.0083722
-0.0015992
0.00665
-0.0024314
0.0028209
0.0020873
-0.0063007
0.0050644
-0.0059191
-0.0096726
-0.0001879
-0.0025215
0.0036665
0.0091006
0.0091699
-0.0022746
-0.0020986
-0.005576
-0.0099936
0.009803
-0.004977
0.0054469
-0.0005541
0.0087081
-0.0036272
-0.0034793
0.0062882
0.0096536
0.0095281
0.0057482
0.0036428
-0.0011903
0.0093809
-0.0016073
0.0056935
-0.0032514
0.0032931
-0.0036636
-0.0062865
0.0058326
0.0075267
0.0075959
0.0063611
-0.0047771
0.0047367
-0.008127
0.0059458
-0.0099202
-0.0008854
0.0001168
-0.0031868
0.0010124
-0.0076782
-0.0023777
0.0033843
0.0050869
-0.0009753
0.0046008
0.0048301
0.0010888
0.001685
0.0055915
0.0047113
-0.0029151
-0.0002104
0.0095503
-0.0060079
-0.0046488
0.0006666
0.0028779
0.0048057
0.0004842
0.0012892
0.0035449
-0.004966
-0.00665
0.0073429
-0.0068223
-0.0047919
0.0052705
-0.0077014
0.0077879
0.007052
-0.0081046
0.0074832
0.008921
0.0048158
0.0013041
-0.008698
-0.0067046
-0.0051687
-0.0002717
-0.009712
0.0073724
-0.0007619
-0.0032185
-0.0028752
0.0089464
-0.0011359
-0.0020366
-0.0017728
0.00384
0.0042104
0.0079905
-0.0010498
-0.0048324
0.0028949
-0.0011313
-0.0096423
0.008548
-0.0012333
0.000739
0.0083253
0.0093235
-0.0035285
-0.0053813
-0.006831
0.0010475
-0.0090169
0.003478
0.0088366
0.0006978
0.0049192
0.0023256
-0.0037961
-0.0069906
-2.15e-5
0.0096216
-0.0099323
-2.45e-5
-0.000446
0.0061834
0.0064579
-0.0012814
-0.0082496
0.0031227
-0.0078572
-0.0097879
-0.0023679
0.0064271
0.0020687
0.0016971
0.0081071
-0.0086228
0.0035016
0.0028654
-0.0003391
0.0019872
-0.0041239
-0.0013041
-0.0073428
-0.0087206
-0.0002901
-0.0078822
-0.0006646
0.0021661
-0.0084612
-0.0032295
-0.0090286
-0.004812
-0.0023005
0.0069015
0.0086529
0.0035298
0.0019199
0.0087876
0.0084459
0.0054064
-0.005765
-9.39e-5
0.006255
-0.0013639
0.0025334
0.000735
0.0025207
-0.0093301
-0.0021781
0.0065056
0.0006648
0.0037715
-0.0001101
0.0036363
-0.006135
0.0053303
0.0017077
-0.0020228
-0.0092926
0.0078773
0.0047554
-0.0018285
0.0096766
-0.0054424
-4.19e-5
0.0070532
-0.0094837
-0.0081357
-0.0021832
-0.0028423
-0.00098
0.0004385
0.0098048
-0.0097449
0.0044665
-0.0093163
0.0053171
0.0066509
0.0049242
0.007688
0.0049746
0.0078983
0.0030088
-0.008394
0.0080241
0.0052989
-0.0025967
0.0006796
-0.0002973
-0.0023694
0.0033577
0.0034778
0.0077198
0.002259
-0.000938
-0.0096826
-0.0046903
-0.0005086
0.0033234
0.0076419
-0.0041069
0.0041432
0.0099621
-0.0077063
0.0093362
-0.0083419
-0.0053334
0.001084
-0.0067187
0.0087083
-0.008566
0.0088358
0.0028548
0.0035429
0.00903
0.0022241
-0.0031415
-0.0068619
0.0011053
-0.0010129
0.0077529
0.0038607
-0.0060568
0.004208
0.0079543
-0.0067614
0.0046431
0.0026581
-0.0090438
-0.0022738
0.0096492
-0.0011361
-0.0095443
-0.0013353
-0.0042254
-0.0099059
-0.0016197
-0.0069875
-0.0059451
0.0037481
-0.0080069
-0.0052717
0.0008827
0.0009597
-0.0045901
0.0095875
0.0093778
0.0071296
-0.0090303
-0.0044963
0.0012161
0.0062749
0.0067411
0.0075562
0.0069575
0.0012971
-0.0020654
0.0037981
0.000994
-0.0064133
-0.0058867
0.0066997
-0.0037172
0.0092701
0.0044663
0.0092408
0.0066174
-0.0036425
-0.003745
0.0053399
-0.0083155
0.0012726
0.0084449
-0.0070931
-0.0023224
-0.0004467
-0.0019043
0.0028529
0.0012898
0.0094217
-0.0037443
-0.0020264
0.0099903
0.0062988
-0.0018021
-0.0077552
0.0070086
0.009096
0.0080422
-0.0072373
0.0050166
-0.002118
0.0027429
-0.0027571
-0.0054875
0.009081
0.0021511
0.0008336
-0.0045093
-0.0007287
-0.0057124
0.0070101
-0.0037786
0.0062022
-0.0016721
0.0082122
0.0021771
0.0062317
-0.0040159
-0.0093639
-0.009873
-0.005843
-0.0034505
-0.0008789
0.0062784
-0.0078905
0.0033309
0.0056316
-0.0010867
-0.0028142
0.0017349
0.0063941
-0.0055066
0.0095979
0.0013612
-0.0037955
-0.0057969
-0.0098778
-0.0053958
-0.0093154
-0.0033361
0.0024236
-0.0029675
0.0015298
0.0001566
0.0007625
0.0003607
0.0013653
0.0064201
0.0040214
-0.0092726
0.0072328
-0.0099227
-0.0070672
-0.0004174
0.0081858
0.0098453
0.0057419
-0.0058249
-0.0019207
-0.0078921
0.0093652
-0.0050956
-0.0008878
-0.0048468
-0.0021891
0.0051103
-0.0083638
-0.0088113
0.0059631
-0.0037533
0.0063836
-0.0095752
-0.0053474
0.0035232
0.0030071
0.0054386
0.0009567
0.0032245
0.0020617
0.0077259
-0.0037615
-0.0063349
0.0004424
-0.0025709
