0.0004878
0.008074
0.0039695
-0.0049816
0.0057033
-0.0078451
0.0034553
-0.0023371
0.0069054
-0.0092788
0.0098148
-0.0013455
0.0055053
0.0096821
-0.0007367
-0.0019451
-0.0078661
-0.003513
-0.0024018
0.0047564
0.0061296
0.0083335
0.0003929
-0.0038726
-0.0078012
-0.0080165
0.0024674
-0.0045782
-0.0028229
-0.0060632
0.0019165
0.0009132
0.0066529
-0.0070205
-0.0056652
-0.0061434
-2.3e-6
0.0054094
-0.0061121
-0.0086289
-0.0007573
0.0067161
-0.0052548
0.0071446
0.0007352
-0.0030665
0.0044438
-0.0074325
-0.0050328
-0.0040341
0.0079322
0.0076421
-0.0093876
0.0030358
0.004339
0.0088278
-0.0088031
-0.0029222
0.0020656
-0.0008474
-0.0061363
0.0003368
0.0063943
-0.0076299
-0.0056282
-0.0043085
0.0074455
-0.0054988
0.0010209
-0.0050603
0.004448
-0.0029916
-0.0002695
0.0022562
-0.0048659
0.0070621
-0.0063065
-0.0059958
-0.0057348
-0.0029974
-0.0006037
0.0075411
0.0024917
-0.0074198
9.74e-5
0.003511
-0.0060493
0.0063518
0.009405
0.0015334
-0.0094908
0.0012488
-0.0035939
-0.0064906
-0.0035983
-0.001093
0.0076629
-0.007049
-0.0084216
-0.0052571
-0.0029594
-0.0056346
-0.0032352
-0.0067045
0.0082045
0.0026411
0.003776
0.0069696
-0.0078703
-0.0022458
0.0005761
-0.0004978
-0.0037049
0.0013174
0.0086302
0.0016463
0.0005746
-0.0091336
-0.0095827
-0.0096206
-0.0003406
-0.0008921
0.0067003
-0.0001028
0.0011416
-0.0025311
0.0050593
-0.0011169
0.0092825
-0.0053716
-0.0093814
-0.009559
0.0077143
0.0025091
0.0042533
-0.0009907
0.0059049
-0.0017746
0.0031331
0.0067233
0.0065007
0.0075857
0.0048921
-0.0074404
-0.0070237
0.0074812
0.0041201
-0.0034688
-0.0075563
0.0001337
0.0045681
-0.0037078
0.0040945
0.0072981
-0.0035317
0.0069055
-0.0066176
-0.0024996
0.0056881
0.0061439
0.0040665
-0.0038434
-0.0042596
-0.0046551
0.0048928
0.0080176
0.0082459
0.0090062
-0.0047841
0.0042485
0.007904
0.0086581
0.0088496
-0.0032243
-0.0027567
0.0055499
0.0080247
0.0022323
0.0076664
-0.0037746
-0.0089281
0.0071268
0.0051094
-0.0033244
-0.0063824
0.0060819
-6.14e-5
0.0001115
0.0057007
0.0062434
-0.0040359
-0.0076593
0.0095128
0.0006132
-0.0008208
0.0033716
0.0065952
-0.0035908
-0.004114
-0.0088038
-0.0022232
0.0024013
-0.0008022
-0.0040643
-0.0042612
-0.000559
0.0047882
-0.0017337
0.0047517
-0.0045161
-0.0031395
-0.0035017
-0.0021535
0.0005459
0.0029295
0.0020359
-0.009486
-0.0051984
0.0025593
-0.0009687
0.00825
0.0029966
0.0018384
-0.0087429
0.0090949
0.006716
-0.0013975
-0.00777
-0.0047459
-0.0073831
-0.0037226
-0.0059702
0.0099922
0.0080477
-0.002268
0.003434
-0.0091795
0.0060474
0.0015182
0.0059118
0.0079006
0.0018
-0.0001759
-0.0064534
0.0076428
-0.0070124
-0.0007737
-0.0001065
0.0027582
0.001375
0.0080454
-0.0021114
-0.0014698
0.0008979
0.0028922
-0.0098723
-0.003733
0.0090101
-0.0045417
-0.0056111
-0.0065742
0.0019356
0.0070873
-0.0003893
-0.0087616
0.0032011
0.0076903
-0.0057946
-0.0057262
-0.0004058
-0.0028108
-0.0035296
0.0061167
-0.0014976
-0.0017058
0.0031894
0.0052452
-0.0082737
0.0050976
0.00572
0.000554
-0.005561
-0.007053
-0.0040732
-0.0043024
-0.0017506
0.0072215
0.0080132
0.0076263
0.0043182
0.0021716
0.0024299
8.52e-5
0.0084056
-0.0085164
-0.009953
-0.0062358
0.0028427
0.0035634
0.001793
0.0099734
0.0044552
0.0084243
0.0036282
0.0042632
-0.0004295
-0.0099452
-0.0070776
-0.0068487
-0.0016504
-0.0088464
-0.007707
0.004209
0.0065542
0.0034903
0.0027591
-0.0063457
0.0080311
0.0035918
-0.0026705
0.0060972
0.0012621
-0.0036741
-0.0011226
-0.003367
0.0087056
0.0037017
-0.0056201
-0.0078002
0.0030725
0.0041717
-0.0082369
0.005531
0.0012881
-0.0018321
0.0073494
-0.0095049
0.0042573
0.0070563
-0.0015414
-0.0006219
0.0010605
0.0094121
-0.0001094
-0.0002442
-0.0003165
-0.0092374
-0.0063733
-0.0057256
-0.000598
-0.0072295
0.006361
0.0067072
0.0045605
-0.0024576
-0.004544
0.00096
0.0067133
0.0095533
-0.0046558
-0.000892
-0.0091259
0.0005586
0.0083789
-0.006496
-0.002741
-0.0086118
-0.0068786
-0.0096144
0.0036262
-0.0058239
0.0064375
-0.0058275
0.0018138
-0.0032808
-0.0020554
-0.0015072
0.006585
0.0099015
0.0026432
0.004342
-0.0002698
0.0065234
0.0075931
0.0045045
0.0062314
0.0056364
-0.0019395
0.007139
0.0082071
-0.0084527
0.0048521
-0.0011852
0.009401
0.0090911
-0.0075057
-0.0037554
-0.0053576
0.0065369
0.00533
0.0073194
0.0047288
-0.0038236
-0.0064671
0.0004164
-0.0039407
0.0069571
-0.0036681
0.0034883
0.0049956
0.0095796
-0.0069758
-0.0001682
0.0022923
-0.0047362
-0.008477
-0.008256
-0.0080662
0.0019127
0.0065827
0.0022293
-0.0031592
-0.0068073
0.0062251
-0.0051911
0.0054704
-0.0063323
-0.0027754
0.0012494
0.006601
0.0078026
-0.0049008
-0.0099958
0.0027474
-0.0004594
0.0039401
-0.0033646
0.0092431
0.000651
0.0022919
0.001033
0.0083923
0.0088481
-0.0078168
0.0019037
-0.007394
-0.0092578
-0.0058189
0.0083452
0.0091352
0.0004467
0.0017231
-0.0052393
-0.0050381
0.003027
-0.0024509
-0.00461
0.0001099
-0.007338
0.005193
0.0096234
0.0022821
-0.0021813
0.0084305
-0.0019555
0.0076525
0.0077987
-0.005833
-0.0060855
0.008321
-0.0031378
-0.0085789
0.0070337
-0.007936
-0.0006436
-0.0046567
0.0059018
-0.0051942
-0.0070157
-0.0068757
-0.0068755
0.0069013
-0.0075621
0.0084896
0.0028865
0.0085212
-0.0051391
-0.0085132
0.0083047
-0.0074595
0.0046494
0.0093449
0.0061375
-0.000174
0.0080709
