-0.0096576
-0.0016726
-0.0034312
-0.0010346
-0.0043525
-0.0052331
-0.0044765
-0.002645
0.0080648
0.0015761
-0.0012839
0.0016838
0.0012171
0.0002491
0.0038581
0.0092552
-0.0003201
0.0025648
-0.0062259
-0.0017
0.0081393
-0.0089943
-0.0051602
-0.0054144
-0.0061979
0.0074564
0.004556
-0.0005002
-0.0093706
0.0020662
0.0058406
0.0018344
0.005938
-0.0099181
0.0066056
-0.0027102
0.0073192
-0.0009036
-0.0018676
-0.0011846
-0.0093097
0.0048954
-0.0009751
-0.0021617
-0.000897
0.0076477
-0.0005293
0.0086134
9.35e-5
0.0028168
0.0047569
-0.008938
-0.0007608
0.000725
0.002915
0.0042705
-0.003328
0.0080193
0.0062238
0.0044856
-0.0042601
-0.0087756
-0.0098174
0.0095981
0.003722
0.0043036
0.0049867
0.0018691
-0.0089151
-0.0001041
0.0057652
-0.0025557
0.0020265
0.0025623
-0.0040706
-0.0029957
-0.0023538
-0.0035179
0.0009404
0.0067545
0.0036403
-0.0086823
0.0075866
-0.0027918
-0.0045141
-0.0037278
0.0024509
0.0023173
-0.0055585
-0.0077849
0.0075463
0.0029564
4.45e-5
0.0031271
-0.0045225
-0.0050266
0.0009031
-0.0090132
0.0080001
-0.0071128
-0.0002291
0.0092236
-0.0071057
-0.0046826
0.0084389
0.0070869
-0.0096779
0.0077496
-0.0076167
-0.0024083
0.0037183
0.0029261
-0.0002638
-0.0060632
-0.0085891
-0.0082983
-0.0046861
0.00314
-0.0094425
0.0066199
0.0052137
0.0041912
-0.0029389
0.0062153
0.0069179
-0.0094713
-0.0055519
0.0009186
0.0079261
-0.0018265
0.0020974
0.0043822
0.0086611
0.0090466
0.0038083
0.0054224
-0.0067241
-0.0089382
0.001125
0.0036112
-0.0067318
0.0003697
-0.0058098
0.0045792
0.0015751
-0.0012289
-0.004157
0.0028577
0.0002963
-0.0070083
-0.0076643
-0.0078719
0.0008227
0.0021405
0.0097034
-0.0052006
-0.0025774
0.0082148
0.0044534
-0.0076086
-0.000654
-0.003068
0.003109
-0.0019515
-0.0093395
0.0078843
0.0081975
-0.0033169
0.0028356
-0.0063152
-0.0060961
0.0023116
-0.0049922
0.0026702
-0.0062249
-0.0040306
-0.0008107
0.0045512
-0.0063644
0.0093226
-0.0095104
0.0079643
0.0002656
-0.0075917
0.0034797
0.0077846
0.0076196
-0.005459
-0.0011995
-0.0087223
0.0051561
-0.0089002
0.007301
-0.0077907
-0.0018247
0.007095
0.0044526
-0.0088848
0.009037
8.51e-5
0.0090996
-0.0062657
-0.0022899
0.0054569
0.0016104
-0.0013682
0.0007805
0.0083579
-0.0077605
0.0021158
0.0004911
-0.0044993
0.0029901
-0.0031944
0.0075091
0.009628
-0.0080863
0.0056375
0.0003304
-0.0060816
-0.0073997
0.0001434
-0.006392
0.0044333
0.0023764
0.0011902
-0.0058925
0.0035055
0.0006283
-0.001134
0.0018429
0.0005175
-0.0045166
-0.0054342
0.0068393
-0.0095178
0.0048312
0.0069751
0.0064237
0.0075807
0.0071519
-0.0004504
0.0078261
-0.002291
-0.0023047
0.0090456
-0.0078141
-0.0017711
0.0049365
-0.0093595
0.0024471
-0.0021534
0.0021051
-0.0048416
0.0075921
-0.0070619
0.0058971
9.07e-5
0.0030156
0.0067184
-0.0093253
0.0017508
0.0056246
0.0065066
0.0090594
-0.0026631
-0.008305
-0.0077601
-0.0050116
-0.0032802
-0.001696
0.0044058
-0.0026843
0.0082394
-0.0008472
0.0020141
-0.0045355
0.002921
0.0093518
-0.0078445
0.0036555
0.0074341
-0.0079113
0.0059833
0.0086238
-0.0016499
0.00696
0.0089632
0.0077802
0.0065105
0.0037019
0.0094035
0.002858
0.0088729
0.0075599
0.0035716
-0.0011094
-0.0030317
-0.0024946
0.0024767
-0.0071068
0.0071074
0.0099605
-0.0095002
-0.0031779
0.0057813
-0.0024178
-0.0003304
0.003741
0.0037408
0.0001434
-0.0030341
-0.004477
-0.0038025
-0.0031073
0.0011897
-0.0042561
0.0099101
0.0068569
0.0025714
0.0067883
0.0098664
0.0002752
-0.0076361
-0.0042949
-0.0069391
-0.0050233
-0.0001535
0.0096486
-0.0094991
0.0053843
-0.0035195
-0.0095499
0.0021001
-0.0018029
-0.003387
-0.0039006
0.0057994
0.0013359
0.0074042
0.0028092
-0.0060783
0.0022485
-0.00181
0.0038808
-0.0055763
-0.005959
0.0011089
-0.0096721
-0.0065729
0.0083209
-0.0027013
0.0079772
0.0081459
0.0017774
0.0023587
0.0080551
-0.0080836
0.0094929
-0.0074977
0.0012955
0.0035313
0.0042085
0.0094696
-0.0066511
-0.0098309
0.004404
0.0038084
0.0078312
-0.0069352
0.0089296
-0.0050544
-0.0069145
0.0014606
-0.0073714
-0.00452
-0.0007524
-0.0095723
0.0084621
0.0066717
-0.004913
-0.00598
0.0047093
0.0079964
-0.0084243
0.0089037
-0.0056575
0.0044954
0.0075625
0.0026119
-0.0024951
0.0032715
-0.0041082
0.0031597
-0.0061006
-0.0063476
-0.0040499
0.0086309
-0.0080185
0.0061281
0.007029
0.0067354
0.0074946
0.0041216
0.0097459
0.0003017
-0.0075719
0.0077709
0.0033014
-0.0015814
-0.0099934
-0.0034293
-0.0097813
0.0098888
0.0034347
-0.0082702
-0.0013352
-0.0085514
0.0083771
0.0065075
0.0071661
0.0028999
0.0069106
0.0048002
-0.0082064
-0.0023207
-0.0006458
0.0036587
0.0031202
-0.0041075
0.0005459
-0.00403
-0.0040571
-0.0036019
-0.0081145
0.0077956
-0.0037327
-0.0033949
0.0001218
0.0070109
-0.0027781
-0.0072249
0.0071053
-0.0080328
0.0033654
-0.0055117
-0.0065691
0.0012413
-0.0033337
-0.0075028
0.0059979
-0.0040792
-0.005437
0.0073824
0.0002207
0.0018233
-0.0017868
-0.001888
-0.0040045
-0.0031713
-0.0073839
0.0045806
-0.0034966
0.0073335
0.0060641
-0.0013664
-0.0038867
0.0059406
0.0071991
-0.0079625
-0.002963
0.0096827
0.0063172
-0.0053979
-0.007747
-0.0025787
0.0085471
0.0094566
-0.0044608
0.0068274
0.0015228
0.0024829
0.0072921
0.0051231
0.0059873
0.008098
0.0044299
-0.0031196
0.0027114
-0.0061536
0.0015672
0.0075133
0.0012017
-0.0044765
-0.0052266
