-0.0030471
-0.0044611
0.0092757
-0.0011614
-0.0095964
0.0027289
0.001887
0.0075346
0.0044602
-0.0079779
-0.0039425
0.0011417
-0.0040564
-0.0002228
-0.0026626
0.002891
-0.0021986
-0.0095792
0.0018905
0.000978
0.0035041
0.0018605
-0.0011885
-0.0057222
0.0086376
-0.0017728
-0.0084529
-0.0048994
0.0064743
0.0012222
-0.0073498
0.0076576
-0.006153
-0.0082914
-0.0058808
-0.0002216
-0.0076215
0.0061992
0.0004563
0.0081601
0.0061193
-0.0060507
-0.0099903
0.0037436
0.0056261
0.0026884
-0.0064306
-0.0019259
0.0099235
0.0082227
-0.0012427
0.0057663
-0.0031032
0.0094331
-0.0081607
-0.004948
-0.0057224
-0.0098061
-0.0080777
-0.0081473
0.003822
0.0074324
-0.0008948
-0.0053909
-0.0025661
-0.0099373
-0.0057065
0.0081563
0.0050384
0.0011068
-0.0091897
-8.53e-5
0.0008282
-0.0077551
0.0036521
-0.0097886
-0.0033771
0.0095819
-0.0027446
-0.0007068
0.0040658
0.0007119
-0.0085129
-0.0004711
-0.0097484
0.0040156
0.0049235
0.0031588
0.0092564
0.0006626
0.0062474
0.0031605
-0.0084654
-0.0056504
0.0098113
-0.0042023
0.0072767
0.0081364
0.0091651
-0.0005903
0.0075301
-6.33e-5
-0.0058435
-0.0084794
0.001966
0.009615
-0.0009328
0.0063661
0.0060802
0.00754
0.003379
0.0003503
-0.0087578
-0.009817
-0.0075893
0.0026436
0.0072583
-0.0095977
-0.0067703
0.0068215
-0.0080681
-0.0026815
0.0048657
-0.0073169
0.0088365
-0.0081858
-0.001779
0.0031483
-0.0026109
-0.0063757
0.0080462
0.003361
0.0054447
-0.008228
0.0057966
-4.02e-5
-0.0077281
0.0031333
0.0040306
-0.0036246
0.0078219
0.0028971
0.0058118
0.002858
0.0095572
0.0030318
0.0015075
-0.0005603
-0.0062387
0.0052706
-0.0063825
0.0077185
0.0037767
0.0058711
0.0076957
-0.0089721
0.0002817
-0.002864
-0.0087773
-0.0057017
0.0068084
0.0053443
-0.0047686
0.0066948
-0.0032677
-0.0005262
0.0062392
0.0044687
0.0030112
0.0080081
-0.003119
-0.0062848
0.0006166
0.005678
0.008796
-0.0021146
-0.0089062
0.0014369
0.0006749
-0.0026346
-0.009052
0.0043811
-0.0001216
0.0056344
0.0076975
-0.0054472
0.0070733
0.0054895
-0.0061665
-0.0073855
-0.0080144
-0.0040156
0.0070269
0.0074233
-0.00374
-0.0093577
-0.0003231
-0.0014233
-0.0088836
0.0088649
-0.0017042
0.000663
0.0069145
-0.0015585
-0.0047264
-0.006216
-0.0038926
0.0031436
0.0065479
-0.0047297
0.0075157
-0.0085368
-0.0039621
0.0088864
-0.0056139
-0.0087309
-0.0059812
0.0045269
0.0052888
-0.0012463
0.0096649
-0.003233
0.0093302
-0.0075208
-0.0010785
-0.0071128
-0.0060576
0.0034523
0.0094232
0.0026025
-0.008629
-0.0042491
-0.0058575
-0.0079105
-0.0026809
0.0097168
5.0e-5
-0.0014234
0.0095514
-0.0030575
-0.004421
-0.0083912
-0.0066029
0.0019443
-0.0080793
0.0046387
0.0079851
0.0020527
-0.0059674
-0.0085861
-0.0071093
-0.0005168
0.0030666
0.0027156
0.0051687
-0.0034807
-0.0058363
0.0023283
0.0069657
0.0011217
0.002895
-0.0052653
-0.0050459
-0.0012946
-0.0063626
0.006828
-0.0001369
-0.0071909
0.0004422
-0.0036377
-0.0046055
0.0085711
0.0022937
0.004005
0.0086993
-0.0096759
0.0014065
0.0036172
-0.0041875
-0.0082228
-0.0081804
-0.0077865
0.004285
-0.0064663
0.0089775
-0.0061267
-5.8e-5
0.0080676
-0.0016404
-0.0020133
-0.0037426
-0.0010033
0.0013783
0.0092051
0.0069705
0.0007627
0.0073419
-0.0087575
0.0060683
-0.0028256
0.0097823
-0.0032159
0.0095393
-0.0017038
-0.0059096
0.0088668
-0.0039379
0.0029268
0.0004974
0.0040083
-0.0023604
0.001356
0.0022507
-0.0076138
-0.0070254
0.0012508
-0.0062912
0.0010254
-0.0033596
-0.004038
-0.0083987
-0.0022612
-0.0015356
-0.0068104
0.0017449
-0.008362
0.001887
0.0077703
-0.0078259
-0.0048382
-0.0093736
0.0007872
0.0036086
0.0030929
-0.0051081
0.0049561
-0.0010432
8.44e-5
-0.0001981
-0.0055187
-0.0012542
0.0039704
-0.0061661
0.0008705
-0.0026548
-0.0041338
-0.0047015
-0.0053799
0.0094309
0.0019497
-0.006082
0.0072995
-0.0040689
-0.00132
-0.0008736
0.0020531
-0.0047329
0.0007753
-0.0074226
-0.0083642
-0.0040043
-0.0085592
0.0056448
-0.0030335
-0.005083
-0.0092093
0.0091835
0.007728
0.0092497
0.0041851
0.0046898
0.0065132
0.0010615
0.0046607
-0.0037296
0.0054871
0.0030896
-0.0058338
0.0039603
0.0008809
0.000721
0.0068948
-0.0049687
0.0027686
-0.0078567
-0.0061662
0.0031142
0.0003662
0.008962
-0.0094786
-0.0013613
0.0095609
0.0013331
0.0080644
0.0034803
-0.0005182
-0.0098097
-0.0038657
0.0099123
-0.0026863
0.0009398
0.0079625
0.0011369
0.0049544
-0.0010626
0.0015805
0.0016465
-0.0031396
-0.0080812
-0.0009861
-0.0076463
-0.002037
-0.0039774
-0.0074771
-0.0014368
-0.0025263
0.0032162
-0.0065894
-0.007053
-0.0061251
-0.0044435
-1.36e-5
0.0099811
-0.0047642
-0.0082597
0.0067174
0.004296
0.0078903
-0.0071286
0.0027983
0.00163
0.0017205
0.0024423
0.0019919
0.0030363
-0.0004552
-0.0031315
-0.0013352
-0.0062788
-0.0025408
0.0046036
-0.005601
0.0049262
0.0081685
-0.008376
0.0009399
-0.007752
-0.0032656
-0.006795
0.0035113
-0.0007071
-0.0031001
0.0077086
0.0002709
-0.0076769
0.0088367
-0.0012499
-0.0028076
-0.0068283
-0.0032117
0.0084254
0.0049258
-0.0072055
0.0004329
0.0073998
0.0041632
-0.0064633
0.0074879
-0.0058163
0.0038373
0.0037128
-0.0094947
0.0009957
0.0054918
0.0065589
0.0040028
-0.0001184
0.0068997
-0.0094709
-0.0090452
-0.0099471
0.00167
0.0071139
-0.0063564
-0.0038651
0.0088363
-0.000841
-0.0070073
-0.0031301
0.0040331
0.0087871
-0.0080025
-0.0008535
-0.0019153
-0.0096379
