0.0017328
0.0056378
-0.0048012
-0.0022376
0.0065877
-0.0083083
-0.0086815
-0.0095467
-0.0074624
0.002953
-0.0089694
-0.0042994
0.0087107
0.0092932
0.0096301
0.0011372
0.0011948
0.008886
0.0075
-0.0069987
-0.0060436
-0.0075564
-0.0041178
0.0002286
0.0032821
0.0025235
0.0013026
0.0092548
-0.0009644
0.0027485
-0.0059039
-0.0047727
-0.0071843
0.0039998
-0.0059195
0.0033224
-0.008054
-0.0044527
-0.0087518
0.0062774
0.0007146
-0.0070392
-0.0047106
-0.0013112
-0.006752
0.0056211
-0.0024119
0.0067096
-0.0004731
-0.0008508
0.0013571
0.0080023
-0.007161
-0.0026464
-0.0012835
0.0076846
0.0044017
-0.0054067
0.0073268
0.0015398
-0.0070294
-0.0096736
-0.0001092
0.0032196
0.0038883
-0.0004778
-0.0036558
0.0082126
4.03e-5
-0.0097276
-0.0064658
0.0085005
-0.0048644
-0.0066823
-0.0020971
0.0041969
-0.0074725
0.0030175
-0.00419
-0.0032291
-0.0070162
0.0021296
-0.0019006
0.0021276
-0.0012487
0.0026396
0.0036613
0.0029709
-0.0048626
-0.0092554
-0.0003106
0.0039389
-0.0089372
-0.0040299
0.005829
-0.0020445
-0.0003788
0.0086141
-0.0024226
0.0087322
0.0014112
-0.00808
-0.0044976
0.0047658
0.0011978
-0.0087396
-0.0018692
0.0060068
-0.0064672
-0.000203
0.0018045
-0.0028274
0.0001774
-0.0046129
0.0010465
-0.0066287
-0.0042241
-0.0050807
-0.0035091
-0.0039037
0.0091874
0.0037089
0.0047564
0.0097537
-0.0041329
-0.0029776
0.0028623
-0.0092236
0.0091101
0.0084073
0.009286
-0.0083676
0.0041355
-0.0065235
-0.0011013
-0.0078535
-0.000502
0.0053777
-0.0098442
0.0078785
0.0048255
0.0041436
0.0067166
-0.0061116
0.0034045
0.0052067
0.0004863
-0.0024021
-0.0078392
0.0095013
-0.0002577
-0.0061382
0.0067722
-0.0034116
-0.0072883
0.0078076
0.0034886
0.002246
-0.0016036
-0.0006259
0.0080165
-0.0043273
-0.0037699
0.0059981
0.0055106
0.0071641
0.0080177
-0.0055426
0.0099329
-0.0067945
0.0033099
0.0065646
-0.0095504
0.0074024
3.22e-5
0.0016218
0.0067628
0.0051206
-0.0052183
-0.004983
0.0025315
-0.0091194
-0.0046127
-0.0017739
0.0088901
-0.0067254
0.009911
0.0055502
-0.001033
-0.0050966
-0.0063149
-8.37e-5
-0.0041224
-0.002424
0.0097445
-0.0060051
-0.0073316
-0.0073669
-0.0088446
0.0031695
0.0037819
-0.0018298
-0.0061871
0.0038851
-0.000509
-0.0042031
0.0031687
0.0050243
-0.0072993
0.0077577
0.0075721
0.0006375
0.0051354
-0.0093736
-0.001456
0.0091692
0.0040391
-0.0015984
0.0050124
-6.86e-5
-0.0068154
-0.0027213
0.0026805
-0.0016845
-0.0049742
-0.0018272
-0.0066831
-0.0004968
0.0088714
-0.0065885
0.0084227
0.0088436
-0.0016864
-0.0075351
0.0058475
-0.0051177
-0.0035926
0.003616
0.0063485
0.0056196
-0.0085352
0.0096279
0.0047636
-0.0054492
0.0057146
0.0064677
0.0038332
-0.0058312
-0.0001786
-3.73e-5
-0.0079555
0.0078288
-0.0042869
-0.009398
0.0016633
0.0036273
0.0020762
0.0033573
-0.0053489
-0.0064697
0.0036032
0.0036035
-0.0028877
0.0096696
-0.009665
-0.0053903
-0.0057861
-0.0030947
0.0061194
0.0093756
0.0036078
-0.0008979
0.0010374
-0.0087965
-0.0013458
0.0018895
-0.0018807
0.0084978
0.0008568
-0.0015575
-0.0069771
0.0019804
0.0051075
0.000224
0.0015587
-0.003505
0.0003845
-0.0032782
8.19e-5
0.0060464
0.0071384
0.0027746
0.0061853
0.0073122
0.0054473
0.0073743
-0.0051428
0.0002403
0.0059621
-0.0071245
0.0001953
0.0011982
0.0094183
-0.0059907
0.00262
-0.0059335
0.0069663
-0.0053626
-0.0036668
-2.98e-5
-0.0093625
-0.0052756
-0.0049879
-0.0054995
0.0071829
0.0008728
-0.0023931
-0.0057735
0.0001706
0.0042772
0.0026081
-0.0019877
0.0099277
-0.0017699
0.0018009
-0.0078102
0.0059854
-0.0038493
-0.0072727
-0.0081034
-0.0047781
-0.0085355
0.0080906
-0.002372
-0.0067297
-0.0041773
0.0003901
-0.0091522
-0.0038709
-0.00631
-0.0001484
0.0074994
0.0046444
-0.0062991
0.0005071
0.0012671
-0.0054
-0.0063944
0.0045753
0.0027541
0.0090039
0.005165
0.0053644
0.0030267
-0.0080335
-0.0003755
-0.0088245
0.0059567
0.0092413
-0.0023785
0.0009506
0.0009877
0.0004999
-0.0060178
-0.0089565
0.0002009
-0.0096441
-0.0015295
0.0070378
0.0023017
-0.0012862
0.0007122
-0.0089178
-0.0030328
-0.0006695
-0.0056287
0.0068455
0.00507
0.0065495
0.000324
-0.0055124
0.0066726
0.007072
0.0074663
0.0086975
0.0076233
-0.0052692
0.0085824
0.0072769
0.0085571
-0.0061998
0.0057901
-0.0032671
-0.0078963
-0.0049322
-0.005755
0.0048967
-0.0002751
-0.0013318
-0.0021651
0.0037144
0.0054019
0.0092572
-0.0067067
-0.0005117
0.0010675
-0.0091682
0.0018899
-0.0007288
0.0001622
-0.0034179
0.0066403
0.0038422
-0.0017395
0.0092042
-0.0039381
0.0071596
0.0042318
-0.0001448
0.0091513
0.0091118
0.003499
-0.0020671
0.0090139
0.002454
0.0067852
0.0003558
-0.0093781
-0.0034347
-0.0023295
-0.0022351
0.0074821
-0.0085549
-0.0053933
0.0042367
0.0081616
0.0013348
0.0014659
-0.0076391
-0.0027349
0.0034991
-0.0064191
-0.0081382
0.0058479
0.003116
-0.002471
0.0005071
0.0034585
-0.0015513
-0.0006889
0.000915
0.0027459
0.0035266
0.008412
-0.0033869
0.0075548
-0.0033582
-0.0059186
0.000338
-0.0096461
0.008202
-0.0008685
0.0096237
-0.0093794
0.0026887
0.0052367
0.0066658
0.0002189
-0.0094324
0.0034873
0.0036925
0.0012913
0.0071868
0.0002036
0.0013001
-0.0091312
0.0038201
0.0049616
-0.007263
0.0009263
-0.0016972
-0.0011878
-0.0081952
0.0053035
0.0063829
0.0015942
0.0068632
0.0011542
-0.0003414
-0.0012858
-0.0036059
-0.0075745
0.0013557
-0.0041705
0.0016336
