0.0075253
-0.0011765
0.0016266
-0.0054897
-0.0013979
0.003748
-4.15e-5
0.0025216
0.0090584
0.0050048
-0.0075283
-0.004222
0.0022627
-0.0013815
-0.0050774
0.0004698
0.0011095
-0.003154
0.0092406
-0.0072528
-0.0059966
0.0060144
-0.0064206
0.0058689
-0.0085111
0.0062909
0.0076474
0.0067544
0.0057056
-0.0087163
-0.0009716
-0.0001329
-0.0008619
-0.0016874
0.0037492
0.0090212
0.0022288
0.0019363
0.0073314
0.0061167
-0.0012851
0.0025741
0.0013918
0.0042675
-0.0062468
-0.0085035
0.0048385
-0.0003414
0.0038539
-0.009793
0.0019332
0.0082349
-0.0032492
0.0016135
0.0014102
-0.000386
-0.0011804
0.0098002
0.0065682
0.0063188
0.0062311
-0.007044
-0.0017219
-0.0070304
0.0039777
-0.0057868
-0.007629
-0.009986
0.0068267
-0.0061819
-0.0013851
0.0011805
-0.0069993
0.0097053
0.0082457
-0.0092773
0.003766
-0.0090655
0.0080291
-0.0094873
-0.0062898
-0.0021575
0.0047293
0.0018672
0.0008112
-0.0051773
-0.006321
-0.0021498
-0.0047565
0.007158
-0.0049024
-0.0042037
0.0028202
-0.0047925
-0.0078778
-0.0088607
0.0072875
-0.001194
0.0092237
-0.0045689
0.0077783
-0.0036285
-0.005394
0.0081717
-0.0055002
-0.00827
-0.004273
-0.0001086
-0.0013625
0.0083658
0.0010032
0.0015534
0.0075608
0.0089383
0.0080665
-0.0005636
0.0070016
-0.0064711
-0.0058139
0.0083896
-0.0020488
0.0011177
0.0072831
0.0024535
-0.0034897
0.0098633
0.0077962
0.0035711
0.0058127
0.0066173
-0.003934
-0.0036351
0.0013025
0.0024088
-0.0078618
-0.003915
-0.0025313
-0.0093829
-0.0002691
0.0073351
-0.0055492
6.51e-5
0.0098155
0.0054564
0.0077352
-0.0008015
0.0001651
0.0090205
-0.0052105
0.0097143
-0.0063989
0.0007763
0.0096813
-0.0098722
0.0039295
2.07e-5
-0.0029462
0.0052216
0.006095
-0.0007807
-0.0088098
0.0029226
0.0039949
0.0032477
-0.001662
0.0013235
-0.0056281
0.0071999
-0.0071002
-0.00649
0.0037396
0.0025267
0.0099094
0.0012849
-0.0024589
0.0020774
-0.0052321
0.0090515
-0.0094547
0.0046699
0.0089939
0.0026185
0.0006109
0.0040058
0.0044392
-0.0058814
0.0021428
-0.0029221
0.0055397
-0.0020705
0.0087022
-0.0042175
0.0070658
-0.0059538
-0.0087889
-0.0048569
-0.0002778
0.0077114
-0.0011327
0.005099
0.0010895
-0.0048764
-0.0099068
-0.00651
-0.0057377
-0.0068684
0.0074023
0.0023381
0.0076376
0.0008296
-0.0002031
-0.0097644
0.0098732
0.007908
-0.0033121
-0.0096198
0.0063918
-0.0057612
0.0007977
0.0091049
0.0060919
0.0008453
0.0087612
-0.0095784
-0.0082995
0.0080244
0.0090749
0.0017753
0.00406
0.0094203
0.0089453
0.0084459
0.0082244
-0.0084433
0.0068437
-0.0076958
-0.0017506
-0.0002279
-0.0081308
-0.0080955
-0.0043879
-0.0082175
0.0096514
0.0028345
0.0001319
-0.0022801
0.0008236
-0.0011228
0.0036511
0.0023222
0.0055852
-0.0087023
0.0071195
0.0017373
0.0053011
-0.0075026
0.0083694
-0.009184
0.0068696
0.0091038
0.004774
-0.0088722
0.0064607
1.41e-5
0.0039971
-0.0086891
0.0025575
0.0096092
-0.0042918
-0.0054178
0.0089296
-0.0093272
0.0073698
0.0018807
0.009908
-0.009746
-0.0009786
-0.0098837
-0.0085566
-0.0065277
0.005014
-0.0099405
-0.0097957
0.0061911
0.0079687
-0.0020024
0.0022389
0.0034282
0.0094858
0.0046847
-0.0061501
0.0057727
-0.0024748
0.0025559
-0.0071596
-0.0050063
-0.0020804
0.0082977
-0.0038334
-0.0093436
-0.005602
-2.07e-5
-0.0047392
0.0075415
0.0047079
-0.0094907
-0.0010952
-0.0051432
-0.0039655
0.0065602
0.0070853
0.0007418
0.0007091
-0.0043713
-0.0043387
-0.0089473
-0.0088278
-0.0052178
0.0059653
-0.000258
0.0091189
-0.0008946
0.0090649
-0.0040864
-0.0044304
0.0088629
0.0027407
0.0051971
0.0043642
-0.0088678
0.0059342
0.0063805
0.0041441
0.007523
-0.0074041
-0.0054955
0.0085274
0.009341
0.0063331
-0.0094444
-0.0037525
0.0094827
0.0030386
0.0090939
-0.0027415
0.0057042
-0.0023838
0.0096475
0.0024471
0.0058062
-0.0093062
0.0014263
-0.0048902
0.0005191
-0.003471
0.0031976
-0.0018831
0.0006669
0.0068793
-0.00249
0.0082019
-0.0026886
-0.0026748
0.0048164
0.002456
-0.0052784
-0.0062473
-0.0088895
0.0058089
-0.0004745
-0.0068333
-0.0018367
-0.0079303
-0.0039215
0.0019044
-0.0075842
0.0040833
0.002182
-0.0046891
-0.0056215
0.0021062
-0.0078865
0.0044369
-0.0083445
0.0077162
-0.0081542
-0.0026454
0.0004212
-0.0011064
-0.0062759
0.000487
0.0085136
0.0019546
0.002241
0.0096524
0.0096055
0.0019506
0.0078754
-0.0038328
0.0027704
0.0021193
0.0091288
-0.0024986
0.005892
0.0081356
-0.0067332
-0.0093671
0.0047676
0.0024792
0.0084334
-0.0087817
0.0046417
0.004836
0.0037395
0.0065194
-0.0077643
0.0067911
-0.0078786
-0.0060134
0.0038277
-0.0010077
0.0064827
0.0048683
0.0040375
0.0036652
-0.0074308
-0.0042029
0.0092028
-0.0025027
0.0025308
-0.009721
0.0014869
-0.0066382
-0.0083803
0.0002915
-0.0025808
0.0023661
-0.0002387
0.0089116
0.0057021
0.0030629
0.0017632
0.0041521
0.0088558
0.0069905
-0.0016599
0.0078736
0.002176
-0.0058257
0.0051236
-0.0015336
0.0013168
0.0067526
-0.0012545
-0.0016667
-0.0092867
-0.0018446
0.0082263
0.000886
0.0025106
-0.0090695
-0.0086281
0.0086861
-0.0058039
0.0043309
-0.0077173
-0.0043937
-0.0073063
-0.0046582
0.0021361
-0.0073623
0.0011668
0.008409
-0.0039864
-0.0068493
0.0069049
-0.0088987
0.0054608
0.0050494
-5.86e-5
0.0057577
-0.0049925
0.007323
0.0065896
0.0021228
0.0035528
-0.0046785
0.0016549
-0.0070705
0.0010713
-0.0077705
0.008973
-0.0013943
0.0091092
0.0048489
