0.0061805
-0.0063652
0.0059004
-0.0084701
-0.009835
-0.0029509
-0.0073916
-0.00921
-0.0061225
-0.0060196
-0.0083735
0.0028807
-0.0023922
-0.0014014
0.0031251
0.0028853
-0.0037814
0.0087534
-0.0071379
-0.0071031
0.0085721
-0.0067625
0.0008141
-0.0094196
-0.0040635
-0.0027085
0.0081957
-0.0073771
0.0023412
-0.0044482
0.004065
-0.0018059
-0.0017576
-0.0001184
-0.0060678
0.0018413
-0.0020337
-0.0037536
-0.001587
-0.0056758
-0.0068735
-0.0001227
-0.0084864
0.005958
-0.0071858
0.0015575
-0.008264
-0.0055448
0.0030571
0.0016352
0.0098918
0.0057303
-0.0069496
-0.0047159
-0.0031791
-0.0008494
-0.0030161
-0.0067119
-0.0050725
-0.0075352
0.0058066
-0.0013202
0.0006549
-0.0004564
0.003928
-0.0039898
-0.0074508
0.0012654
0.0091863
-0.0029167
-0.0014568
0.0014258
0.009228
0.0014626
0.0078722
-0.0074523
0.0047815
0.0068256
0.0034606
0.0006266
0.0061963
-0.0025109
0.0010425
0.0036692
-0.0066749
-0.0088484
-0.0088599
0.0045564
-0.0009023
0.0066418
0.0033568
-0.0091572
0.0072591
0.0022376
-0.0087209
0.004172
0.00686
-0.0014501
-0.003356
0.0032487
-0.0022467
-0.0022413
0.0021419
-0.0074799
-0.000166
-0.0002704
-0.0016718
0.0030652
0.0046884
-0.0005705
0.0013078
-0.0087989
0.0085957
0.0082252
-0.0016762
-0.0007989
0.0072284
-0.0043215
-0.0097208
-0.0083702
0.0017666
0.0095673
0.0078419
0.0051116
0.0004216
-0.0050054
0.0069653
0.007123
0.0027239
-0.0048753
0.0009562
-0.0002749
-0.0058932
-0.0027648
-0.0039837
-0.007385
0.0035923
-0.000378
0.0013877
-0.0022105
-0.0076802
-0.0079462
0.0083709
0.0007873
0.0029042
0.0058239
0.005516
-0.0020506
-0.0059358
0.0096582
-0.0005826
-0.0007631
0.0050655
0.0071463
0.0084232
0.0048717
0.0048784
0.0014143
0.0086991
0.0079549
0.000307
-0.005387
0.00464
0.0067666
0.002853
0.0068115
-0.0083911
-0.0097219
-0.0086846
-0.0040201
-0.0059797
0.0077008
0.0048092
-0.0010608
-0.0092461
0.0019686
0.0060782
-0.0007061
-0.000199
-0.0081027
0.0047011
-0.0016086
-0.0010759
0.0031559
0.0045748
4.89e-5
0.0023609
0.0054247
7.1e-5
-0.0033519
0.0061311
-0.0020158
-0.0018006
0.0039017
0.0082491
0.0022001
0.0040113
-0.0085942
0.0072566
-0.0029794
-0.0021328
-0.0002471
0.0028363
0.0099124
-0.0036621
0.0083932
-0.0004081
-0.0062431
0.0006189
-0.0062355
0.0074839
-0.0006761
0.0031379
0.0085127
0.0006866
-0.0023633
-0.0011327
0.0081656
-0.0065871
0.0020791
-0.0037521
0.0005654
0.0018036
0.0043769
0.0055031
0.0060931
0.0060269
-0.0047276
-0.0080031
0.0052211
-0.0092934
0.0031225
-0.005743
0.0080429
0.0071111
-0.0013408
0.0059063
0.002972
0.0043229
0.0029196
-0.0035982
-0.0040994
0.0016621
-0.0083409
0.0090529
-0.0046208
0.0094375
0.0068822
0.0097727
-0.0073135
0.0052955
-0.0001422
-0.0045266
0.0049511
-0.0020034
0.0006035
0.005247
-0.0031352
2.0e-7
-0.0072757
-0.0006347
0.0052883
-0.0031504
0.007395
0.007368
0.0031912
0.0053313
0.0001955
-0.0083171
0.0062212
-0.0029359
-0.0098411
-0.0096083
0.0073661
0.0046627
-0.0027141
0.0038487
-0.0078118
0.0014593
0.0082022
-0.0078406
0.0029131
-0.0003867
-0.0013003
0.0044194
-0.0013895
0.0065536
0.0059386
0.002467
0.0007587
0.0097586
0.0035549
0.0042024
0.0083836
0.0093481
0.0091009
-0.0019974
0.0062477
0.0010653
-0.0067699
0.0040956
0.0090139
-0.00385
-0.0059959
-0.0070937
0.0073912
0.009881
0.0068759
0.0059627
-0.0012034
0.0046069
0.0013694
-0.008107
0.0064958
0.0062306
-0.0094062
0.0056419
-0.0014633
-0.006887
-0.0047896
0.0063398
-0.0067019
-0.0071843
0.0050232
0.0028082
0.0070801
0.0059404
-0.0014661
-0.0022639
-0.0060411
0.0043231
0.0022383
0.0086375
0.0094381
0.0027391
-0.0041047
-0.0095924
0.0085993
0.0012387
0.0077168
0.0062829
0.0050824
0.0037558
0.0096819
-0.0086813
-0.003642
-0.004128
-0.0080823
-0.0055307
0.0028845
0.005425
-0.00279
-0.0070431
0.0076775
0.0082908
-0.0088793
-0.0001946
-0.0055215
-0.0063576
0.0062919
-0.0057429
-0.0038519
0.0052743
-0.003941
-0.003596
-0.0063602
-0.0043742
-0.0098792
-0.0002384
0.0041999
-0.0089278
0.0077589
0.0065648
0.0048492
0.0049414
-0.0027238
0.0013796
-0.0020794
0.0009792
-0.0066343
-0.0038464
-0.0022978
0.0086331
0.0072019
-0.0099023
-0.0058701
-0.0006304
-0.0058696
0.0045624
0.0061336
0.0047319
0.0043225
-0.0050532
0.0089075
0.0038668
0.0098669
0.0072087
0.0060178
0.0040932
0.0016844
0.0078349
-0.0007636
0.0057165
0.0041756
0.0058097
-0.000482
-0.0099201
0.0010641
0.0038937
-0.0059174
0.0013422
0.0002961
0.0034436
0.0018702
0.0035684
0.0043382
0.0082604
-0.0054412
-0.0031202
0.0047432
-0.0027168
0.0017236
0.0052036
-0.0029706
-0.0003405
0.0080182
0.00746
0.0039841
-0.0041259
0.0059868
-0.0073066
0.0019531
0.0029112
-0.0092377
0.0045363
-0.0064506
0.003895
-0.0080701
0.0094074
0.0010731
0.0049064
-0.0083433
0.0099446
0.0011796
-0.0022609
-0.0007391
0.0075849
-0.0062414
-0.007917
0.0068748
-0.0090928
0.0040348
0.0009522
0.0082619
0.0032638
0.0004985
-0.0038944
-0.0008215
-0.0092669
-0.0003033
0.0078655
0.0066404
-0.0069801
-0.0044913
0.0023133
-0.0022651
-0.0055896
-0.0039748
-0.0082456
0.0004418
0.0002051
0.0078992
0.0052206
-0.0054953
-0.0044139
0.0076624
0.006565
-0.0060384
-0.0077158
-0.005476
0.0030007
0.0008461
-0.0022187
-0.0083408
-0.0059833
0.0065157
0.0095697
-0.0098929
0.0031011
0.0083067
-0.0031379
0.0078935
0.0009964
0.0077598
-0.0027672
