-0.0049254
0.000946
-0.0092257
-0.003513
-0.007433
0.0093562
0.004031
0.0073331
0.0067417
-0.0078325
0.0009559
-0.0029848
0.008991
-0.0046051
0.0092003
0.0010631
-0.0077148
-0.0094133
0.0033389
0.0052473
-0.0066106
-0.000195
-0.0062811
-0.0022056
-0.0051532
0.0047349
0.0014734
-0.00359
-0.0066132
-0.0090099
0.0073564
-0.0007168
0.0060691
0.0055642
-0.0079171
-0.009297
-0.0039402
0.0066221
-0.0081574
-0.0056477
0.0077243
-0.0062679
0.0039342
-0.0025096
-0.0059733
0.0054884
-0.0023404
0.0036677
0.0021015
0.0089905
0.002776
0.0009217
-0.0069406
-0.0052713
-0.0044229
-0.0021905
-0.0050733
0.007475
0.0017811
0.0030197
-0.0058294
-0.003869
-0.0049786
0.0053287
0.0060542
0.0060726
0.0045578
0.0092567
0.0094586
-0.0041038
0.0028029
0.0090976
0.0014978
-0.0039156
-0.0017903
0.0035823
0.0006223
-0.0095729
0.0004612
-0.0025598
0.0014802
-0.0007548
-0.0035443
-0.0077029
-0.0075848
-0.0015445
-3.61e-5
-0.0034035
-0.0033184
0.0026842
0.0017642
0.0058615
-0.0070158
0.003245
0.0064961
0.00366
0.001501
-0.0037744
-0.0051285
0.0035756
-0.0091049
-0.0050339
-0.002974
0.0082931
-0.0077721
-0.0045683
-0.0037076
-0.009962
-0.009029
0.0043361
-0.0056874
0.0067946
-0.0029548
-0.0099138
0.0032536
0.0026021
0.006261
-0.0056449
-0.0053314
0.0041058
-0.0008922
0.0064932
-0.0094789
-0.0095127
0.00658
-0.0016954
-0.0087954
0.0040557
0.0053382
0.0093315
-0.0098162
-0.0020175
-0.0022329
0.0067199
-0.0098238
0.0011145
0.0069531
-0.0026384
-0.0061516
0.0003596
-0.00101
0.0055046
0.0013455
-0.0026231
-0.0011987
-8.41e-5
0.00775
-0.0017594
0.0058208
-0.0034567
-0.007032
-0.0050339
-0.0057373
-0.0025673
-0.0013216
0.0015221
-0.0073291
0.0013753
0.0019162
0.0083003
-0.0070898
0.0072775
0.0010304
-0.0086705
0.0047597
0.0008264
0.0055017
-0.0034687
-0.0043691
-0.0026012
-0.0027215
-0.0094161
-0.0034463
-0.005633
-0.0078967
-0.0008594
-0.005973
-0.0034354
-0.0019083
0.0007629
0.0047952
0.0060302
0.0077805
-0.0014004
-0.0070665
-0.006225
0.0016543
-0.0077713
0.0006895
0.0007347
-0.0043485
0.0075521
-0.0089036
-0.0058289
-0.0015829
0.0079503
0.0080936
0.0096627
-0.0048283
-0.0076296
0.0098125
0.0085582
0.0059822
-0.0034345
-0.0038464
0.0053987
-0.0080501
-0.0093084
-0.00636
0.0079319
-0.000102
-0.0015615
-0.0010959
0.0005766
0.0071636
-0.0092961
-0.0014637
0.0008488
-0.0074612
0.0025892
0.002708
0.0046045
0.0087479
-0.0008982
0.0077709
0.0078927
-0.0036602
-0.0030201
-0.0072983
-0.0025959
0.0050332
-0.0061559
0.0006338
0.0083698
-0.0016929
0.0002851
0.0017226
-0.0086976
-0.0009948
-0.0014409
0.0021022
-0.0048761
-0.0003212
0.0045292
-0.0066683
-0.001539
-0.0049459
-0.0072805
-0.0071899
-0.007535
0.0074194
-0.0069279
0.001208
-0.0079488
0.00307
0.0065808
-0.0016586
0.0067222
0.0087481
0.0039829
-0.000291
0.0055723
-0.0097126
0.0068899
-0.0055618
-0.0043309
0.0009112
0.0080171
-0.0047457
0.0068439
0.0072178
0.0001639
0.0093618
-0.0071654
-0.0010717
-0.0018255
0.004112
-0.0080502
-0.0056838
-0.0025603
0.008843
0.003114
0.0038477
-0.0015569
-0.0065159
-0.0063119
-0.0064848
0.0074501
0.0082389
-0.007437
-0.0059354
0.0043405
-0.0060212
0.0013764
0.0090803
0.0083194
-0.0009678
-0.0037491
0.0090349
0.0071288
0.0022338
0.0031064
-0.0005997
-0.0092945
-0.0083455
0.0080267
-0.0009545
-0.0068365
-0.0049309
-0.009775
-0.005211
0.0079571
-0.0099473
0.0087431
-0.0041221
0.0036873
-0.0097618
0.0012032
0.0087913
0.006779
-0.002783
-0.0011641
-0.006797
-0.0040143
0.0084364
-0.0063512
0.003037
-0.0005229
-0.003899
0.0019202
0.0057786
-0.0031476
0.0029052
0.0001364
0.0011578
0.0006297
0.0049378
0.0050521
0.0074522
-0.0080018
-0.0028632
0.0014016
0.0097166
0.0034307
-0.0079511
0.0003015
0.0045695
-0.0021959
0.0020545
0.0005831
-0.0089519
0.0055316
0.0091424
0.0099807
0.0053569
0.0007205
-0.0043297
-0.0007778
0.0015427
-0.0059067
0.0011193
0.0066254
-0.0096899
0.0064833
-0.0098707
0.0098365
0.0064367
-0.006078
0.0008176
0.0051106
-0.0029862
0.0005846
-0.0074158
-0.0028147
-0.0017306
-0.0006578
-0.0089693
-0.0016019
-0.0058619
-0.001748
-0.0087423
0.0066235
0.0053194
0.0070815
0.009216
-0.0019885
-0.0042585
0.0015026
0.0095893
-0.0085955
-0.0010673
-0.0095217
0.005568
-0.0009277
0.007356
0.0025875
-0.0039684
0.0080419
-0.0049035
-0.0091825
-0.0001409
0.0081199
0.0010172
-0.0044248
-0.0059582
-0.0037161
0.0072252
0.007612
-0.0026519
-0.0065935
-0.0054852
0.0086535
-0.0036047
-0.00675
0.0039206
0.0069071
-0.0047028
-0.0034615
0.0008927
-0.0004763
0.0020442
-0.0067236
-0.0046735
0.0099285
0.0078036
0.0092241
0.0064833
-0.0044961
-0.0080118
0.0033736
-0.0017131
0.0091915
0.0051194
-0.0088208
-0.0091093
0.0089087
0.0030755
0.0020792
0.0018692
0.0050055
0.004855
0.0023846
0.008247
0.0057255
-0.0004308
-0.0060662
0.0094776
-0.0094381
0.0024768
0.0097338
0.001911
-0.0039175
0.0098624
0.0069858
0.0015163
-0.0013245
0.0048377
0.0009035
-0.0025771
0.0050225
0.008634
0.0024152
-0.0087485
0.0093953
-0.0064906
0.0017935
0.0045002
-0.003338
0.0004017
-0.0027753
0.0049204
0.0048831
0.00822
0.0056356
0.0019166
0.0006231
0.0090906
0.004963
-0.00686
-0.007657
0.0072039
0.001884
-0.0092785
0.0027763
-0.0063848
0.0069236
-0.0063905
0.0082178
-0.0070137
0.0063057
-0.0078569
0.0012258
-0.0061398
-0.004166
-0.0035985
