-0.0033919
0.0062993
0.0042627
0.0022393
-0.0087763
-0.0003027
0.0038741
0.0075507
-0.0048805
-0.0060842
-0.0012711
-0.003182
-0.002286
0.006466
0.0060657
0.0034725
-0.0022365
-0.0005728
-0.0003195
0.0049471
0.0062254
-0.0042224
0.0055228
-0.0087633
-0.0037611
-0.0007721
0.0071638
0.0056632
0.0083209
-0.005137
0.0086959
-0.0068355
0.0097923
-0.0077656
0.0014734
0.0090537
0.008526
-0.0018783
0.0009506
0.0005938
0.0040838
-0.005576
-0.0052672
0.0056007
0.0061046
-0.0043441
-0.0077083
-0.0041962
-0.0070516
-0.0090879
0.0093372
0.0059756
-0.0007966
0.0034967
0.0055278
-0.0016297
0.0094067
0.0040984
-0.0035985
0.0070079
-0.0070543
0.0030196
-0.0094153
-0.0079917
-0.0053617
0.0083621
-0.0003536
0.0041567
0.0007406
-0.0064651
0.001611
-0.0017155
0.0074462
0.0027213
0.0073748
-0.0023906
-0.0059508
-0.0054134
0.0085177
-0.0064833
0.007824
-0.0015384
0.0095113
0.0086972
-0.004723
0.0091221
0.007377
0.0059292
-0.003559
-0.0050123
-0.0018958
0.0055719
0.0001167
0.0004586
-0.0074574
0.007473
-0.0056138
0.0003493
0.0051622
0.0020267
-0.004164
0.0083113
0.0075134
0.009504
-0.0060886
-0.0068357
0.0025962
0.0019977
0.0016733
-0.0023438
-0.0025283
-0.005419
-0.0045962
-0.0034699
0.0020921
0.0001408
0.0039744
-4.5e-5
0.0078168
-0.0058288
0.0090905
-0.0056037
-0.0078691
0.001032
0.0082794
0.0018916
0.0088583
-0.0058025
-0.0001801
0.009225
0.0046274
-0.005417
0.0055948
0.0037771
-0.0066152
-0.0093205
-0.0064787
-0.006832
0.0085176
0.0070796
-0.0088268
-0.0029887
-0.0013205
0.0042697
-0.0022754
0.0034754
-0.0073308
-0.0005589
-0.0030594
-0.0056885
0.0064062
-0.0030349
0.0094002
-0.0008229
-0.0084275
-0.005771
-0.0021609
-0.0049101
-0.0087355
0.0019719
0.0074433
-0.0060314
0.0096749
-0.0030556
-0.0012933
-0.0077191
-0.0048562
0.0026201
0.0063698
-0.0044922
-0.0018722
-0.0092872
-0.0014288
-0.0093841
0.0098459
-0.0006304
-0.0005918
0.0045237
0.0040751
0.0063675
-1.88e-5
-0.0070435
-0.0069316
-0.0045858
5.0e-6
-0.009828
0.0063295
-0.0012856
-0.0062335
0.0042918
-0.0023562
-0.0066106
-0.0090667
-0.0007515
-0.003135
0.0052929
-0.0067391
-0.0022906
0.0031206
0.0006255
-0.0015703
0.0048257
0.0045394
-0.0041774
-0.001413
0.0054574
0.0003743
-0.0012849
0.0015334
0.0046253
-0.0087032
-0.0069529
0.0024269
0.0039931
-0.0075557
0.0073458
0.0057689
-0.0090637
-0.0049604
-0.0069313
0.0048986
-0.0053709
-0.0007858
0.0082712
-0.0054389
-0.0003062
-0.0029175
0.0078705
-0.0052111
-0.0027929
-0.0044259
-0.0047472
-0.0073188
0.0087784
0.0035015
0.0050315
-0.0080695
0.0002364
-0.007635
0.0054573
0.0004353
0.0047704
-0.0039843
0.0070231
0.0063722
-0.0083017
-0.0054069
-0.0001744
-0.0018006
-0.0035742
0.0087485
-0.0087778
-0.004484
0.0099818
-0.0005093
0.000109
0.0069916
0.0090023
0.002739
0.0098369
-0.0058526
-0.0061488
0.0050081
-0.0013185
-0.0034516
-0.0004266
0.0063896
-0.0033453
-0.0082681
-0.0004528
0.0055219
-0.0007524
0.0019943
0.0020356
0.0061176
0.0077201
0.005069
-0.0080118
-0.0041268
-0.0092527
0.0096201
0.0089319
0.0021827
0.007006
-0.0095933
-0.0063594
-0.0066889
0.0021966
0.0081491
0.0004174
-0.0091457
0.0072315
0.0039214
-0.0048753
-0.0012965
-0.0005322
0.0021482
0.0033454
0.0041775
0.0041457
-0.0080594
-0.0029042
-0.0056628
-0.007594
-0.0096228
0.0073257
-0.008633
-0.0047043
0.005594
-0.0064647
-0.005341
0.0009547
0.0042243
0.0024754
0.0005497
0.0024463
-0.0087725
-0.0082543
-0.008278
0.005352
0.0036981
-0.0024944
-0.0018193
-0.0042911
-0.0080912
0.001256
-0.0011794
-0.0025901
-0.0027163
0.0024756
0.0081078
-0.0039502
-0.007702
-0.0082413
0.0031188
0.0090476
-0.002851
0.0049534
0.0060823
0.0046017
0.0041974
0.0066581
-0.0076673
0.0016706
0.0041573
-0.0050507
0.0091685
-0.0062852
0.00106
0.0078273
0.0010061
0.0099924
-0.0075153
0.0085712
0.0075105
-0.008185
-0.0092248
0.0030897
0.0007589
-0.0082583
0.0039061
0.0071512
-0.0099257
0.0094485
0.0072451
0.0084666
0.0048851
-0.0029308
0.0048509
0.0028711
0.0091364
-0.0045815
-0.0092858
-0.0044843
-0.0042286
-0.0094635
0.0043379
0.0024686
0.0038442
-0.001532
-0.0061315
-0.0024603
0.0019641
-0.0045835
-0.0038598
-0.0049714
-0.0003987
0.0035143
0.0017547
0.0044099
0.0067489
0.0043203
-0.0050422
-0.0057434
-0.0082975
-0.0032601
0.0061986
0.0014891
0.0078966
0.0031823
0.0089872
0.0085477
-0.0058853
-0.0056117
-0.0009136
-0.0034582
-0.0053201
0.0093107
0.0096469
-0.0094202
-0.0069605
0.0091516
-0.009282
0.0064906
0.0069944
0.0030396
-0.0092651
-0.0020617
-0.0010859
0.0016935
-0.0035954
-0.0021872
-0.0035183
-0.004704
-0.0056219
0.0057308
-0.0014309
-0.0096567
-0.0055283
-0.0008406
-0.009763
0.0061786
-0.0038866
0.006403
0.0029476
0.0002777
-0.0096886
0.0035266
-0.0042089
0.0023886
0.0024715
0.0060717
-0.0020447
0.0028507
0.0088963
0.0071465
0.0057317
0.0064576
-0.0078085
0.0011659
-0.0038462
0.0009579
-0.006974
-0.0053913
-0.0083646
0.0078112
0.0039577
-0.0030975
0.0001398
-0.0008532
-0.0068421
0.007968
0.006145
0.0059307
-0.009648
0.005295
0.0093516
0.0061058
-0.0055731
0.0048421
0.005037
-0.002793
0.0074994
0.0044909
0.0050616
0.0096433
0.0058303
0.0030957
0.0049929
-0.0055427
0.0051402
0.0095156
-0.0033034
-0.0086618
-0.0075993
-0.004443
-0.0050916
0.0002543
0.005467
0.0060059
-0.0095644
-0.0097261
0.0007544
0.0080164
0.0033273
