0.0092814
-0.0051657
-0.0043972
0.0035342
0.0044981
-0.0048275
0.0071294
-0.0043883
-0.0048646
0.0013863
-0.0025682
0.0016132
0.0002839
-0.0096601
-0.0076656
0.0068514
0.0016778
-0.0053856
-0.0073208
-0.00544
-0.0054476
0.0069134
0.0054693
0.0030347
0.0013379
-0.0041921
-0.0081368
-0.0081318
-0.0095182
0.0057333
0.0095044
-0.0032084
-0.0003659
-0.0074267
-0.0080498
0.0018177
0.0043575
-0.0063465
-0.0044879
-0.0078631
-0.0046096
-0.0052378
-0.0003894
-0.0098229
-0.003147
0.0043804
0.0032399
0.0040537
0.0004418
0.0068657
-0.0087705
-0.0054396
-0.0090512
0.0044716
0.009457
-0.0067855
-0.0037352
0.0040118
-0.0084856
-0.00335
-0.0074604
-0.0060323
-0.0006282
-0.0083287
-0.0057607
-0.0007287
-0.0075745
-0.0010166
-0.0066457
0.005403
-0.0072823
-0.0053624
0.0091076
0.005764
-0.0053578
0.0004765
-0.0039762
0.0012731
-0.0036712
0.0067631
0.0078359
-0.0088845
0.0098517
-0.008919
0.0020084
-0.0018103
-0.0018105
-0.0095414
-0.0093846
-0.0028982
0.0072632
0.0058247
0.0001249
-0.0022912
-0.0097974
0.0064828
0.0099386
0.0046354
-0.0089714
0.0080046
-3.27e-5
-0.0017047
-0.0049622
-0.0062043
-0.0053935
-0.0066851
0.0034041
-0.0009671
0.002465
0.0023631
0.0097457
0.0099657
0.0028553
0.0002351
-0.0067378
0.0071802
0.0049831
0.0054065
0.0013177
-0.0082445
-0.0011989
-0.0082034
-0.0043785
0.0082839
-0.0036749
-0.0084308
0.0097144
0.0083182
0.0026262
0.0036836
0.0093803
0.0028232
-0.0045234
0.0094871
-0.006998
-0.0093702
0.0032548
-0.0060113
0.0054195
-0.0058883
0.008785
0.0031594
-0.004723
-0.0010452
-0.0004887
0.0075341
-0.0012166
0.0089849
-0.0003102
-0.0008768
-0.0057782
-0.0049243
-0.0022104
0.0008579
-0.0062242
0.009801
0.0055588
-0.0013133
-0.0025608
-0.008548
-0.0011106
-0.0040528
-0.0081376
-0.0094628
-0.0054017
0.0008089
-0.0081804
0.0085174
0.0055973
0.0086267
-0.0046486
-0.0079068
0.0073364
0.0066036
-0.0017292
-0.0063701
-0.005916
0.004115
-0.0021663
-0.0084916
0.0029712
0.0016168
-0.0027201
-0.0024719
0.0088638
0.0001763
-0.0092645
0.0058531
0.008315
-0.0027109
0.001105
0.0069726
0.00957
0.0051911
-0.006903
0.0004046
-0.0005323
0.0037459
-0.0070392
0.009424
0.0072966
-0.0057236
-0.0019099
-0.0047828
0.0091077
-0.0034745
-0.0092854
-0.008081
0.003127
-0.0031546
-0.0020321
0.0067784
0.0046011
0.0092594
-3.03e-5
0.0036105
-0.000421
-0.0029351
-0.009616
-0.0023232
0.0071508
0.0032975
-0.0064593
-0.0068895
-0.0081577
0.0082108
-0.0068744
0.0056951
-0.0079005
-0.0045272
-0.0022175
0.0071558
-0.000478
0.0092133
-0.0056386
-0.0051471
-0.0092887
0.0003023
-0.0039459
-0.0077115
-0.0024465
0.0020795
-0.0016985
-0.0025005
-0.0084875
0.0038153
0.0031343
0.0014912
-0.007043
0.0047428
-0.0056197
-0.0006821
-0.0049638
0.0061487
-0.0011375
-0.0019684
0.005631
0.0004183
0.0087832
0.0043574
-0.00813
0.0042543
-0.0056688
0.0004278
0.0094153
-0.0098753
-0.006611
0.007958
0.0092975
0.0033765
0.001321
0.0047863
-0.0027202
0.0083127
0.0099373
-0.0052432
0.0037277
0.0076547
0.0007771
0.0094685
0.0081461
-0.0071473
0.0055275
-0.0020199
-0.0010693
-0.0065725
0.0076091
0.0096444
-0.0062693
-0.0023147
-0.0069697
0.0012475
-0.0009439
-0.0099665
-0.0083241
0.0032548
0.0055761
0.0034697
0.0048311
0.0074496
-0.0060931
-0.0067124
-0.007376
-0.0018892
0.003927
-7.25e-5
-0.0097384
-0.0081544
0.0025843
0.0007823
0.0074228
0.0024363
-0.0015566
-0.001445
0.0050108
-0.0010521
-0.000795
0.0014933
-0.0078195
0.0036763
-0.0098375
0.0053495
0.002653
0.0006244
-0.0074873
0.0077694
-0.0036386
0.000764
0.0023416
0.0059022
-0.0092255
0.004077
0.0041503
-0.0067402
0.0091628
0.0072228
0.0049478
-0.0027722
0.0029115
0.0031144
0.0026682
-0.007613
-0.0073727
0.0022924
0.0043431
0.0008991
0.0002378
0.0069066
0.0080995
0.0060958
-0.0064252
0.0058164
-0.0048861
-0.0041205
0.0003933
0.0091799
0.0098317
0.0077075
0.0009069
0.0046375
0.0065939
0.0051196
-0.0039926
-0.0091172
-0.0092939
0.0097345
0.0032012
0.0084784
0.0057592
-0.0036734
-0.003031
0.0028939
0.0087185
-0.0068777
0.0086804
-0.0023416
0.0019887
-0.008226
-0.0085488
0.0008262
-0.0028616
0.0067778
-0.0042013
-0.0043461
-0.0081823
-0.0070955
-0.0011289
-0.0028895
-0.0022874
0.0037565
0.0065578
0.0034025
-0.0029097
-0.0067276
-0.0002491
0.0040879
0.0016276
-0.0045974
-0.0046062
0.0031993
0.0018896
0.0078836
-0.0063179
-0.0096308
0.0013386
0.0055164
0.0052696
0.0004285
0.0047513
0.0007563
-0.0031019
0.0055805
-0.007529
0.0040953
-0.0059627
-0.0077547
-0.009002
-0.0044562
-0.0072528
-0.0041691
-0.0066019
-0.0054983
-0.0006891
-0.0054733
0.000407
0.0061579
0.0027886
-0.0082015
0.0009104
0.0034598
-0.0062832
-0.0083829
0.0017602
0.0057383
0.0035682
-0.0018498
0.0053422
3.15e-5
0.0030321
-0.0031564
-0.000364
-0.0022629
0.0077882
-0.0054236
0.003485
0.0062426
0.0014544
0.0082298
0.0078357
-0.0025245
0.0028739
0.0082969
-0.0047609
0.0039059
-0.0012264
0.0001205
-0.0003954
-0.0071886
-0.0077251
-0.0029689
0.0050909
-0.007537
0.0095551
0.0048986
0.0099731
-0.0020098
0.0065408
-0.0092889
-0.0023099
0.0062171
-0.0036694
0.0018514
-0.0020915
-0.0045629
0.003338
0.0045478
0.0017656
0.0020486
0.0062108
0.0059069
0.0078372
-0.0031441
-0.0096499
-0.0074246
-0.0078065
0.00321
-0.0094387
-0.005866
-0.002512
-0.0037448
-0.0047117
0.0013535
-0.0084859
-0.000739
-0.0018661
