-0.0075778
0.0029667
0.0036144
0.0054218
0.0007663
-0.009757
0.0065195
-0.0072354
-0.006722
-0.0029411
-0.0011355
0.0048777
-0.0071953
-0.0095224
0.0033983
-0.0071823
-0.009284
-0.0047465
-0.0043667
0.0025431
-0.0063022
0.0031589
-0.0010095
-0.0020552
-0.0060113
0.0098235
-0.0006417
-0.0093855
0.0002533
-0.0074138
-0.0063209
-0.0015977
0.0079741
-0.0075196
-0.005616
-0.0031719
0.0056719
0.0090046
-0.008393
0.0029069
-0.004704
-0.0039834
-0.0085
0.0012672
0.003688
0.0002348
-0.003957
-0.0030905
-0.0050554
0.0009659
0.0031597
0.001403
0.0057413
0.0039826
-0.0060977
0.0086933
-0.0004908
-0.0076608
0.0029492
-0.008772
0.0013164
0.0097937
0.0044495
-0.0027605
0.0049479
-0.009489
0.0047981
-0.0038286
-0.0015099
0.006982
0.0036382
0.0025392
-0.0070393
0.0095376
-0.0071259
-0.005467
0.0049094
-0.0011348
0.0006869
0.005805
-0.0097009
-0.0069362
-0.0002442
0.0028682
0.0023023
-0.0093895
0.0084515
-0.0073447
0.009907
-0.0016763
0.0054776
0.0054579
-0.0084995
0.0088037
0.007225
-0.0043885
0.0054471
0.0060333
0.0092442
0.0002983
-0.00367
0.0075296
0.0079465
0.0024561
0.0011712
-0.0053337
-0.0022721
0.0036374
-0.002
0.0044927
0.0084529
-0.0059748
-0.0079355
-0.0092305
-0.0091993
0.0087276
0.007487
0.0018947
-0.0067483
-0.0067638
-0.0073572
0.0039577
-0.0053975
-0.0028391
-0.0012172
0.0073997
-0.0054925
-0.006878
0.0009948
-0.007453
0.0092764
-0.0098366
0.0083483
-0.007124
0.0085578
-0.009806
0.0094556
0.004799
-0.0090857
-0.0060018
0.0048599
0.0072682
-0.0021364
-0.004754
-0.0082436
0.005297
0.0079986
0.0026052
-0.0080391
-0.0063462
-0.0066592
0.0042812
-0.0087274
0.0036642
0.007524
0.0016513
0.0031056
-0.0077875
-0.0049567
0.0009323
-0.0032197
0.0012009
-0.0084687
-0.0076129
0.0044308
-0.0078139
0.0060638
-0.0038074
-0.00111
-0.0006073
0.0072401
-0.0048167
-0.0048627
-0.0036566
0.0077859
0.0060411
0.0022255
-0.0091231
-0.0029818
0.0051029
0.0070831
-0.0061285
0.0093123
-0.0025127
0.0080695
0.004757
-0.0019997
-0.009444
-0.001523
-0.0061254
-0.003009
-0.0069933
0.006767
-0.0060325
-0.0062084
0.0058319
-0.0018653
0.0070847
-0.0048274
-0.004216
0.0079781
-0.0079239
0.0095848
-0.0065639
-0.0054896
-0.0012788
-0.0058961
0.0018141
-0.0025355
0.0023914
-0.0002987
-0.0089885
0.0033466
-0.0093125
0.0091422
-0.0075081
0.0088328
-0.0092679
0.0047367
0.0038291
0.0094661
0.0028816
-0.0095003
-0.0067615
0.0002397
-0.0058583
-0.0048944
-0.007401
0.0061099
-0.00109
-0.0072989
-0.0025796
0.0067423
-0.0063844
-0.0030471
-0.0020546
0.0073151
-0.0074196
-0.0068322
0.0026186
0.0020236
-0.0004942
0.0032106
-0.008624
0.0042663
0.0054352
0.0082949
-0.0036339
-0.0023097
0.0025135
0.0096812
0.0031773
0.0035241
0.0055588
0.005392
0.0025895
0.0060669
-0.0081265
0.0068171
-0.0072811
0.0014544
-0.007148
0.0082232
-0.006703
0.0028368
-0.0057723
0.0046579
0.0026375
0.0026024
0.0067215
0.0073523
0.0014268
0.0017841
-0.0057649
-0.0066726
0.0024585
0.0072451
-0.0053132
-0.0006845
0.0048625
0.0002865
0.0027104
0.0074547
0.0080272
0.002009
-0.0087296
0.004107
-0.0049199
-0.0029543
0.0052609
-0.0087877
-0.0051877
-0.0053524
-0.0008668
-0.0046018
-0.0097732
0.0051564
-0.001837
0.0062941
0.0081653
-0.0028227
-0.0009834
0.0087983
-0.004858
-0.0095084
-0.0008324
-0.0016772
-0.0073708
0.0027047
0.0003659
0.0046215
0.0004033
-0.0055901
-0.0085634
0.0098497
0.0039256
-0.0040547
-0.004446
0.0080678
0.0082818
0.0051095
0.0055728
0.0022692
0.0055554
-0.0030244
0.0019361
0.0091005
-0.0030933
-0.0092417
0.0089438
0.0001076
0.0074563
0.0051023
-0.0002395
0.0094366
0.0094862
0.001364
0.0038797
-0.0054869
0.0018103
0.0002335
0.0025129
-0.0039471
0.0023639
0.0060197
0.0004141
-0.0056549
0.0056459
0.0049268
-0.0061249
-0.0030967
0.0053711
-0.0096214
0.0040533
0.0083346
0.0082126
0.0032889
0.007561
0.0026824
0.0069994
-0.0006468
0.0065911
0.0096847
-0.0071292
-0.0088684
0.00682
0.0008663
0.0051729
0.0087295
0.0008937
0.0074492
0.0016157
-0.0038981
-0.0079291
-0.0085454
0.0077983
0.0058757
-0.0022406
-0.001457
0.009327
-0.0019183
-0.0012459
0.0042615
-0.0017437
0.008812
-0.0024928
0.0099233
-0.0020647
-0.0058597
-0.0007282
-0.0078976
0.0048668
-0.0032188
0.0030534
-0.0033729
0.0054586
0.007858
-0.0087931
-0.002481
0.0075491
-0.0060602
0.0019733
-0.0063054
0.0005939
-0.0039945
-0.0008405
-0.0059803
-0.0012998
-0.0022127
-0.0057388
0.0089209
-0.0046923
0.0078262
0.0091532
0.002418
0.0094102
0.0055046
0.0039666
-0.0025169
0.0073266
0.0065097
0.000377
0.0039572
-0.0082421
0.0069213
0.0098755
-0.0021614
-0.0064875
-0.0067149
-0.0084315
0.0096214
-0.0025606
-4.21e-5
-0.0052113
-0.0051585
0.0001353
0.0001108
0.0040747
-0.0052428
0.0033623
0.0043177
0.0005196
-0.0095639
-0.0060443
-0.0006077
0.0087438
-0.0036354
0.0006823
0.0050607
-0.0048355
0.0009672
0.0047888
-0.0041139
0.004433
0.0097661
0.004161
-0.0097345
-0.009759
0.0033591
0.0078135
0.0063846
0.0026411
-0.0091782
0.006966
-0.000246
-0.0015283
7.1e-6
-0.0019119
0.005023
-0.001635
0.006059
0.007197
-0.0030228
-0.0094865
-0.0008659
-0.0061801
0.0014792
0.00721
0.0069964
-0.0025614
0.0031754
0.0058811
-0.0090508
0.0049856
-0.009589
0.0001781
0.0079995
0.0013668
-0.0079069
0.0057131
1.43e-5
-0.0048965
0.0028151
-0.0068184
0.0048652
