0.0031197
-0.0096549
0.0061997
-0.0003211
0.0050401
-0.0066273
-0.0096762
-0.008972
-0.0055223
-0.0021748
-0.0066256
-0.0045025
0.009867
-0.006481
-0.0033349
0.0017855
0.0052499
-0.0050794
-0.0017327
0.0078255
-0.0055875
0.0054628
-0.0082798
-0.0069304
-0.0083141
-0.0041041
-0.0037005
0.00553
0.0013987
0.0080193
0.0099782
0.0086497
-0.0079347
0.0061448
0.0028845
0.0002106
-0.0023274
-0.0010307
-0.0039911
-0.0019392
-0.0017634
-2.14e-5
-0.0029336
-0.0013088
-0.0037368
0.0041716
0.0042135
0.0047361
0.0067944
-0.005127
0.0017558
5.84e-5
0.0032255
0.0003376
0.0017548
-0.0082179
-0.0041455
0.0084833
-0.0047323
0.0041604
-0.0063357
0.0039359
-0.0031872
0.0097389
-0.0015137
-0.0027861
-0.0048043
-0.0072228
-0.0035472
-0.0027044
0.0050979
0.0043424
-0.007027
-0.0003766
-0.0082559
-0.0049458
0.0079391
0.0068477
0.0023594
0.0032013
-0.0028421
-0.0054975
0.0096839
-0.0073007
0.0037144
0.0076319
0.0055996
-0.005367
0.0087107
0.0048937
-0.0021013
-0.0044788
-0.0058306
0.0031909
0.0090741
0.009992
-0.0055334
-0.0024603
0.0050597
-0.0030223
-0.000229
0.00097
-0.0024411
0.0018852
0.0004036
0.0009774
0.0072224
0.0024339
-0.0068366
0.0021266
0.001485
0.0016581
0.0014653
-0.005042
6.5e-6
-0.0092331
0.0064597
0.0091575
-0.008368
-0.0059162
-0.0069473
-0.0009095
-0.0077308
-0.0062575
-0.0058524
-0.0051799
0.0081444
0.0041901
-0.0083679
0.0054492
-0.0028116
0.00653
-0.0016884
-0.0044335
0.0001453
-0.0055538
0.0007325
-0.0046329
-0.0065304
-0.0001541
-0.0033606
0.0031443
-0.0084284
-0.0012593
0.0081292
-0.0010336
-0.0009308
-0.0059313
-0.0049073
-0.0050482
0.0033104
0.0091266
0.0024274
-0.0092487
0.0026067
-0.0041202
0.003388
-0.0021718
0.0064751
0.0002611
0.0085149
0.0052065
-0.0025229
-0.0031577
0.0096687
0.009122
-0.0070972
-0.0062988
0.0032207
-0.0053618
-0.0070187
-0.0012521
0.0088672
-0.0013385
0.0010291
0.0048144
-0.0068019
0.0016523
-0.0030542
-0.0049315
0.0026593
0.009614
0.0045453
-0.0080274
0.0079317
0.0014473
0.0042268
0.009315
-0.0088408
0.0014719
0.0075785
0.0028342
0.0043505
-0.0099856
-0.0006705
-0.0072345
-0.008839
0.0031159
0.0033714
0.0042345
-0.0011367
-0.00994
0.0016126
0.0039762
-0.0089572
0.0045349
-0.0009573
0.0068737
-0.0096416
-0.0068671
0.0015218
0.0092094
0.0097985
-0.0015903
0.0064607
-0.0008278
0.0040593
-0.0029878
0.0071147
0.0073736
0.004965
0.0077868
-0.0078819
0.0080487
-0.0079869
0.0073159
0.0024771
-0.0001324
0.0070409
-0.0069469
-0.0054196
-0.0065855
-0.0024533
0.0025435
-0.0041915
0.0048512
-0.0060929
0.002419
-0.0064724
-0.0023824
0.0024315
-0.0096371
0.0009596
-0.0078464
-0.0065422
-0.0021936
-0.0005087
-0.0070531
0.0001302
-0.0012548
0.0091402
0.0088863
0.0058734
-0.0036994
0.0077038
-0.004117
0.0030659
-0.0028444
0.0078211
0.0075692
0.006927
0.0095557
-0.0099211
0.0045264
0.0017816
-0.0061853
-0.0018643
0.0033442
0.0001369
0.0042331
0.0027868
-0.0087139
-0.0087073
-0.0084916
-0.0055801
-0.0047902
0.0081224
0.0058824
-0.0026512
0.0011483
0.0070978
0.0051281
0.0009562
0.0062317
0.001479
-0.0077257
-0.0030854
-0.0025848
0.0064338
-0.0059249
-0.0043991
0.0016448
0.0016136
-0.0034454
-0.0046707
0.0044971
-0.0005888
0.0039731
-0.0074858
-0.0078092
-0.0049025
-0.0036101
0.0009848
-0.0038779
0.0040364
0.0088561
0.0039505
-0.0042035
0.0024794
-0.003863
-0.0048047
-0.0060573
0.0027278
-0.0096169
-0.0005476
-0.0075285
-0.0018629
0.0006123
0.0020522
0.0014204
0.001813
-0.0042516
0.0003066
0.001128
0.0030819
0.0016458
-0.0046431
-0.0015966
0.0056568
0.00733
-0.007642
-0.0044251
0.00496
0.0032163
-0.0072632
0.0092245
0.0062367
-0.0041604
0.0072019
-0.0030165
-0.0013448
0.0085101
-0.008722
0.0096448
0.0074281
0.0021522
0.0052985
-0.0077495
0.0064076
-0.0021645
-0.0004257
0.0053378
-0.0028888
-0.0082884
-0.0004355
-0.0050671
0.0048974
-0.0077989
-0.0095929
0.0023911
-0.0067092
0.0050681
0.006224
0.0034928
-0.0046035
-0.0064723
0.0096678
0.0092746
-0.0071557
-0.0027842
0.0078916
0.000736
0.0052747
0.0008755
-0.005616
0.0025503
0.009503
0.0066171
0.0068887
-0.0069019
-0.0070759
0.0079362
0.0057708
-0.0032252
-0.0069742
-0.0002818
-0.0012212
-0.0014104
0.0088304
5.64e-5
0.0096102
0.0050514
0.0027675
0.007308
0.0017851
0.0085445
0.0001296
-0.0053104
0.0087418
0.0015498
-0.005264
-0.0009948
0.0077673
0.0022777
0.0051837
0.0013794
-0.0028539
0.0068168
-0.004282
-0.0093178
-0.0068705
0.0058859
0.0066896
0.008471
-0.0068634
-0.0035322
0.0046225
-0.0097449
0.0053608
0.0067817
0.0043505
0.0003285
0.0098827
-0.0094978
-0.0040926
-0.0010493
0.0059623
-0.0092277
0.0091037
-0.0045347
0.0034014
0.006332
0.0021403
0.0003576
-0.0080717
-0.0073681
0.0023993
-0.000122
-0.0051931
-0.0099777
-0.0084171
-0.0003374
0.0065423
0.0047166
-0.0007007
0.009128
-0.0021262
-0.0086941
0.002658
0.0066719
-0.0052072
-0.0056219
-0.0032853
0.00685
0.0073333
-0.0021847
0.0037309
0.0040733
-0.0074639
-0.0038344
-0.0019585
0.0016406
0.0006302
0.0012268
0.0028609
0.001989
-0.0092936
0.0092679
0.0031592
-0.0059078
0.0084653
0.0063281
-0.0083676
0.0014924
-0.0004284
0.0003181
0.002501
-0.005662
0.0011069
0.0086378
-0.0089788
-0.0078699
-0.0080017
0.0006822
-0.0078348
0.0027985
-0.0086654
0.0087694
-0.0041894
-0.0063346
0.0049607
0.00735
-0.0016741
-0.0039481
0.0031261
