-0.0015322
0.0095845
-0.006506
-0.0046017
0.0096581
0.0084127
-0.0072836
0.0025758
0.0021927
0.0094436
0.0023627
-0.0094072
0.0089887
-0.0010372
-0.0071542
0.008614
0.0090097
0.0040422
0.0074532
0.0035251
0.0049983
-0.0029381
-0.0006926
0.0012194
0.002284
0.0034974
-0.0024658
0.0065088
-0.0062822
0.0076476
0.0033984
-0.0094489
-0.0099185
-0.0075673
-0.0037022
0.003812
0.0032528
-0.0053894
-0.0091195
0.0069548
-0.0026858
0.0004011
0.0056437
0.0057686
-0.0050447
-0.0029418
0.0083283
-0.006371
0.0028994
0.0045135
-0.0054334
-0.0021798
-0.0082109
0.0080523
0.0066654
-0.0055919
-0.0092186
0.0056484
0.0067505
0.0020948
-0.0035314
-0.0087117
0.0076143
-0.0008423
0.0094069
0.003713
-0.0037768
0.0017223
0.0093291
0.0014489
0.0053865
-0.0053781
-0.0061666
-0.0001114
-0.0030322
-0.006617
-0.0023346
0.0070002
-0.002101
0.0051844
-0.0056376
-0.0020067
-0.0005662
-0.0059471
-0.002922
0.0062255
0.0051762
0.0050046
0.0076626
-0.0006602
-0.0014424
0.0017335
-0.0038056
-0.0083187
-0.0094463
-0.003016
0.0074917
0.004942
-8.47e-5
-0.0025096
-0.0046899
0.0091411
0.0060435
-0.0035448
-0.004665
0.0087891
-0.0076357
-0.0014304
-0.0061479
0.0017598
0.0042272
-0.0092104
-0.005986
0.0048343
-0.0042071
-0.0002726
0.0079063
-0.0095642
0.0032678
-0.0072115
-0.0030238
0.0060444
-0.0056245
0.0054329
-0.0086465
0.0011792
0.0084278
0.0039372
-0.0019527
0.0031627
0.0078803
0.0005369
0.0029205
0.0032765
-0.0095719
0.0021946
-0.0012928
-0.0068721
0.0031507
0.0031115
0.00717
-0.0019221
0.0097814
-0.003508
-0.0074308
-0.0022311
0.0022672
0.0061848
-0.009717
0.0081108
0.0039468
0.0082068
0.0081567
-0.0087815
-0.0001225
-0.0076924
-0.0093193
-0.0096691
0.0084415
-0.0097226
0.003795
0.0055003
-0.0052408
0.0025708
0.007185
-0.0089468
-1.77e-5
-0.0098456
-0.0073952
-0.0022052
0.0018649
-0.0032015
-0.0098536
0.0034817
0.0067888
-0.0072732
-0.0039395
-0.003356
-0.0027805
-0.0091348
-0.009983
-0.0098283
-0.0042601
0.009915
0.0099192
-0.0027224
0.0022728
0.0053939
-0.00252
-0.0055288
-0.00162
0.002881
0.0035777
-0.0085979
0.0074431
-0.0054791
-0.0096143
-0.009982
0.0017922
-0.006502
-0.0007461
0.0071633
-0.0050224
-0.0013424
0.007819
0.004505
0.0037618
-0.0002788
-0.0021429
0.0040432
-0.0059342
-0.0065496
-0.008216
-0.0043602
-0.005071
-0.0033505
-0.0091785
0.0053561
-0.0088368
0.0019236
0.0090256
0.0049252
-0.0005692
0.0033832
0.0059567
-0.0069231
-0.0053511
-0.0025695
-0.0072928
-0.0075445
0.0073135
0.0065184
-0.009882
-0.009415
0.0082531
-0.0056225
-0.0097629
0.0082833
0.0084258
-0.0056394
-0.0027919
0.0026161
-0.0091098
-0.0099314
-0.0070358
0.0021927
-0.0090921
-0.0066398
-0.0089533
0.0088476
-0.0028717
-0.0009001
-0.0079354
-0.0029592
-0.0048277
-0.0059027
0.0008923
0.0088394
0.0003474
-0.0030012
-0.0091572
0.0054295
-0.004338
0.0049621
0.0010647
-0.0087278
-0.002903
0.0021046
-0.0018662
-0.0019488
0.0051343
-0.0058407
0.0099406
0.0028617
-0.0060311
0.002141
-0.0045065
0.001576
0.0088375
0.0071484
-0.0011684
-0.0040441
0.0003287
-0.0047905
-0.004488
-0.0013152
-0.0014885
-0.0092519
-0.0085219
0.0090635
-0.0057376
0.0026769
0.0049478
-0.0073872
-0.0077959
-0.0015769
-0.0053531
0.0060247
-0.008823
0.0083498
-0.0088502
-0.0020748
-0.0066836
0.0006175
-0.0065337
-0.0033537
0.003383
0.0056556
0.003486
0.0045069
-0.0010761
0.0044062
-0.0026246
0.0050547
0.0044357
-0.0016883
0.0034735
-0.0006665
0.0059066
-0.0092182
-0.0002285
-0.0093025
0.0091532
0.0007591
0.0056003
-0.0049172
0.0010757
-0.0043761
0.0087989
-0.0011253
0.0043452
0.0033608
-0.0033668
0.0064629
-0.0047045
8.46e-5
-0.0005859
0.0071766
0.0036142
-0.000622
0.0089383
-0.0074077
0.0095183
0.0091327
-0.0058551
0.0005075
-0.00554
0.0047969
0.0036736
0.0093546
-0.000427
0.0016359
-0.0059569
-0.0087198
-0.0001941
0.0083366
0.0034316
-0.0092665
0.0078323
-0.0049272
0.009923
0.0089016
-0.0026346
0.0073535
0.0030152
0.0047751
0.0005929
-0.0030498
0.004052
-0.0012118
0.0003276
-0.0005453
0.0047538
-0.0037077
0.0026665
-0.0018842
0.0084052
0.0079348
-0.0050965
-0.0086497
0.0031104
-0.007732
-0.0081844
-0.0057368
-0.0011452
-0.0013261
-0.007151
-0.0022832
0.0014574
0.0088593
0.0081522
0.0078718
-0.0058311
-0.0051692
-0.001902
-0.0025956
-0.0004507
-0.0034503
0.0097622
0.0092883
-0.000656
0.0023478
0.0059362
-0.0082095
0.0004625
0.0070365
0.000374
-0.0055609
-0.0038331
-0.0077005
-0.0046017
-0.0087544
0.00576
0.0098612
-0.0048073
-0.0048079
0.0097472
-0.0066287
0.0074447
0.0068556
0.0049211
-0.0003559
-0.0040749
0.0054
-0.0034842
0.0056117
0.0006266
0.0039281
0.0087496
-0.0039686
0.0015402
-0.0034095
0.0065924
0.0040545
0.0028085
-0.0061946
-0.0064509
-0.0044112
-0.0053602
-0.0060769
-0.0036048
0.007895
-0.0075188
0.002811
0.004262
0.0047561
0.007424
0.0026143
-0.0063979
-0.000265
0.0075049
-0.0060586
0.0049222
0.0097862
-0.0055565
-0.0044913
0.0001877
-0.0084927
0.0090334
-0.0090407
0.0089523
0.0078083
0.0010383
0.0064639
-0.00946
-0.0081068
0.0095616
-0.0018809
0.0047616
0.0038644
0.0038326
0.0081965
-0.0090753
0.0046214
0.0021966
-0.0005232
-0.0087339
-0.00671
0.0087616
-0.0032654
-0.0037203
-0.0083048
-0.0084462
0.0010751
0.0044662
0.0081379
0.0071532
-0.0008022
0.0016142
0.0021123
0.0001251
-0.0018259
-0.0076483
-0.0003481
0.0078341
