-0.0056272
-0.0001506
-0.0007679
-0.0018911
-0.0061477
0.006552
0.0070014
-0.0074013
-0.0089022
-0.0082219
0.0019661
-0.003603
0.0023294
0.0079954
0.0090074
-0.0079365
0.0061584
0.0054332
0.0051436
0.0025629
-0.0021266
-0.0001962
-0.0054268
0.0025464
0.0038973
0.0030756
-0.0071126
-0.0005856
-0.0089183
-0.0087545
0.0067175
-0.009102
0.0034651
-0.0060195
0.001339
-0.0095064
-0.0051536
-0.0097997
0.006556
0.0014703
-0.0063713
-0.0037552
0.0091319
0.0048918
0.0062066
0.0048077
-0.0040244
-0.0014749
0.0062661
-0.0021858
-0.0006575
-0.0074719
0.0077466
-0.0078324
0.0065447
0.0087778
-0.0011649
-0.0021053
-0.0093355
-0.0007573
-0.0021786
0.0013598
-0.0052156
-0.0047572
-0.0037356
-0.0094913
0.0033128
0.0099562
-0.0009711
-0.009161
-0.0017177
0.0002095
0.0024553
0.0004115
-0.0039931
-0.0032358
-0.0027732
0.0051904
-0.0051352
-0.0003655
-0.0021214
0.0074038
-0.0064124
-0.0087457
-0.006575
0.0031161
-0.0078279
-0.005664
-0.0002035
0.00441
0.0096963
-0.0012647
-0.0018035
0.0090663
-0.0051285
0.0021039
-0.0066458
0.0076811
-0.0060578
0.0031801
-0.0085775
-0.0085633
0.0034861
-0.0031247
0.0012225
-0.0047717
-0.008553
-0.0017545
-0.008585
-0.0090795
0.0090503
-0.0018634
0.0039123
0.0040603
-0.0060969
-0.0069412
0.0047415
0.000248
0.0085931
0.0098842
0.0006145
-0.0050454
-0.0082906
-0.0099153
-0.0099158
0.0063315
-0.007028
-0.0033019
-0.0078711
0.0076987
-0.0089665
-0.0099323
-0.0018084
-0.0027268
-0.0016277
-0.0045376
0.0078541
0.0060189
0.001355
-0.0057998
-0.0048113
-0.0091568
0.0061973
-0.0027966
0.0020099
-0.0088947
0.0054932
-0.006282
-0.0005714
-0.0022686
0.0041171
-0.0004088
-0.0049506
4.57e-5
-0.002822
-0.0061501
-0.0069457
-0.0087594
-0.000342
-0.0068493
0.0073869
-0.009611
0.0083782
0.0066337
0.0004404
0.008775
0.0081152
0.002434
-0.0026303
-0.0056446
-0.0003926
0.0010975
-0.0095953
-0.0091635
0.0061819
0.0017945
-0.0001575
0.0092686
-0.0034238
0.0020964
0.001083
-0.0086515
0.0012858
0.0099255
-0.0026618
0.0091488
0.0088429
-0.0033323
0.0072662
0.0011126
0.0047572
-0.0093148
0.0061084
0.0018932
0.0068243
0.0085293
0.0082763
-0.002418
-0.0049591
0.0054353
0.0002861
0.0077516
0.0004122
0.0025529
0.0076447
0.0020998
-0.0073583
0.0051715
0.0063362
0.0001164
0.0054937
0.0083019
0.0007856
-0.0054529
-0.0025664
-0.0011975
-0.0070308
-0.0005816
0.0095139
-0.0025157
-0.0071026
-0.0082206
0.0095711
0.0004186
0.0077089
0.0097154
-0.0078706
-0.0030003
-0.0090787
-0.0057814
0.0075713
-0.0035721
0.0095569
-0.0029193
0.005278
0.0059859
-0.0086779
0.0046806
0.0089676
-0.0027042
0.0098473
0.0045274
0.0098359
0.0028594
-0.0074588
0.0090874
0.0061384
-0.0050887
-0.0013299
-0.0040415
0.006938
-0.0088475
-0.0079777
-0.0020027
-0.0093481
0.0069759
-0.0034156
-0.0098642
0.0063094
0.0066396
0.0007974
0.0046473
-0.0042469
-0.0022968
-0.0073938
-0.0095453
0.000418
0.000679
-0.0080539
0.0030691
0.0075813
0.0005702
-0.0032029
-0.0057497
0.0036356
0.0041704
-0.0088754
0.0035028
-0.0073876
0.0085108
-0.0030605
0.0043359
0.0049886
0.0067365
-0.0084122
-0.0016498
-0.0025587
0.0031954
0.0028485
0.0042478
-0.0023793
-0.0033385
-0.0022244
-0.0068187
-0.0092304
-0.0093152
-0.0060947
0.0070651
-0.0010307
-0.0024685
-0.0095778
-0.0060342
0.005296
-0.0068057
0.0075414
-0.000286
0.0001437
-0.009464
-0.0085071
0.0059306
-0.0031248
-0.0073909
-0.001014
0.0005766
-0.001597
-0.0080421
0.0045004
-0.0020856
-0.000365
0.0011816
0.0024462
-0.0013069
0.0017009
-0.0046318
0.0073299
0.0091168
-0.0044493
0.0049326
0.0052244
-0.0022601
-0.0021593
-0.0031265
0.0005881
0.0069078
-0.0041139
0.0045726
0.006136
0.0021163
0.0079181
0.0065771
-0.0081226
0.0078544
0.000892
-0.0008283
0.0050157
-0.0017983
-0.0059084
-0.0020796
0.0038842
-0.0004628
-0.0035434
-0.0005069
0.000207
0.0046282
0.0089281
-0.0095491
0.0093553
-0.0017444
-0.0083677
0.0031797
0.0093512
-0.0094776
0.0091243
0.0052843
-0.0099047
0.009506
-0.0091371
-0.0021171
-0.0059833
0.0095066
-0.0094989
0.0078709
-0.0090248
-0.0057696
0.0066643
-0.0088636
-0.008258
0.0008803
0.0012484
-0.0070388
0.0037084
0.0064919
-0.0088323
-0.0066482
-0.0094734
-0.00249
-0.0080692
-0.0056259
0.0085571
0.0082773
0.0095774
-0.0094446
0.006372
0.00287
-0.0038206
-0.0017179
0.0008369
-0.0096636
0.0024551
-0.0086636
0.000468
-0.0070801
0.0017817
9.77e-5
0.0077369
0.0029557
-0.0013823
-0.0041196
-0.005568
0.0014242
0.0070466
0.0065278
0.0037982
0.0041957
-0.0091508
0.0070559
-0.0060227
-0.0059653
-0.0087851
-0.0094022
-0.0046485
-0.0075498
-0.0082028
-0.0012463
0.0061308
0.0003938
0.0022553
0.0093893
-0.0072783
-0.0096642
0.0077081
-0.0015796
0.0010688
0.0085787
-0.0088792
-0.0052114
0.0088695
-0.0006024
-0.007485
0.0036968
0.0088785
-0.0061541
-0.0083385
-0.0062925
0.0053321
-0.0094725
0.0080507
0.0060662
-0.00414
0.0088575
-0.0018599
-0.0009116
0.0048662
-0.0088561
-0.0021277
0.0049309
-0.0094794
-0.0063957
0.0037213
0.0034475
-0.0002404
-0.004076
0.0024142
-0.0016771
0.0043855
0.0055347
-0.0031545
-0.0055439
-0.0088979
0.000302
0.0064548
0.0058273
-0.0048284
0.0074917
-0.006055
-0.0050469
0.0046491
0.0010158
-0.0090571
0.0013783
-0.0094262
-0.0080764
0.007313
-0.0080502
-0.0047794
0.0095795
0.0059485
-0.0039548
0.0017331
0.0067902
-0.005328
0.0016301
0.0088119
-0.0089435
-0.0089236
