-0.0018679
-0.0047319
0.0084012
0.0037884
0.0034383
0.0094079
-0.0040472
-0.0037169
-0.0037194
-0.0028777
-0.0047682
-0.0016038
0.0086812
0.001026
3.0e-6
-0.005054
-0.0011994
-0.0071539
0.0007365
-0.0007561
-0.0044636
0.0056218
0.0087022
0.0053508
-0.0045274
0.0006925
0.0039113
-0.0057579
0.0096761
0.0052188
-0.0099997
-0.0029054
0.0084657
-0.0097156
0.0043232
0.009549
0.0004339
-0.009136
0.0015754
-0.0029489
-0.0067176
0.0063445
0.0053923
-0.0080051
-0.0047539
-0.0072794
0.0016089
-0.0017305
0.0089639
-0.0022213
-0.0094948
0.0027232
0.0088086
-0.006876
0.0094867
-0.0009007
-0.0019655
0.0048455
0.0010494
-0.0071845
-0.0057248
0.0022479
-0.003803
-0.004863
0.0047178
-0.0090638
-0.009605
0.0076699
-0.0093462
-0.0039814
-0.0092783
0.0030729
0.0014529
-0.0069914
0.005329
-0.0057596
0.008538
-0.0022472
0.0044648
0.0039647
-0.0010959
0.0069832
-0.007289
-0.0096665
-0.0065697
0.0094979
0.0019706
-0.0029305
0.0018364
0.0060255
-0.0027422
-0.0053072
0.0002892
-0.0098946
0.0056949
0.0007257
0.0066965
0.0092118
0.0053772
-0.0036363
0.007959
0.0054968
0.008832
-0.0058107
0.0052351
-0.0048589
0.0023687
0.0048128
0.0001587
0.0006261
0.0034794
0.0051326
-0.0045126
-0.0034975
-0.0005695
-0.002606
-0.0050537
0.0017976
-0.0093648
-0.0083245
-0.0068628
-0.0006736
0.0097877
-0.0069093
0.0095998
-0.006329
0.0084996
-0.0080912
0.0002176
-0.0061926
0.0064474
-0.003995
-0.0078576
-0.0069696
0.0048512
-0.0041099
0.0017412
0.0010925
-0.0009526
-0.007167
0.0004059
-0.0073826
-0.0085536
-0.0039976
-0.0029442
-2.24e-5
-0.0016392
0.0099485
-0.0080777
-0.0012049
0.0082105
-0.0044442
-0.0077162
0.0037516
0.0041818
0.0045085
-0.0003074
0.0017566
-0.0060428
-0.0010344
-0.0060514
-0.005813
0.009888
0.000844
-0.0053536
-0.0009126
-0.0082652
0.0068357
0.0030808
-0.0048659
0.000419
0.003598
-0.0069866
-0.0060792
-0.0024615
0.0094719
-0.0080685
-0.008848
-0.0031263
-0.0057026
-0.0057783
0.0052903
0.0081549
0.0023562
0.0085059
-0.0099414
-0.0062961
-0.0091964
-0.0001207
-0.0087427
-0.0069632
-0.0053049
-0.0075435
-0.0087722
-0.0051155
-0.0098024
-0.0064581
-0.0046234
0.0078405
0.0041473
0.0077974
-0.0041472
0.0098096
0.0041596
-0.0094997
0.0045319
-0.007246
-0.0060938
0.0073327
0.0050354
0.0008526
-0.0076379
0.0047988
0.0085773
0.0083496
-0.0044493
-0.0032529
0.0095226
0.0087628
-0.0053076
-0.0038784
-0.0004805
0.0093701
0.0001231
0.0036271
0.0022096
0.0001003
0.0029669
0.0094823
-0.0057784
0.0011676
0.0057571
-0.0063738
-0.0037388
-0.0072434
-0.0057187
-0.0048286
0.009078
-0.0008006
0.0037353
-0.0078377
-0.0078697
-0.0037851
-0.0028144
0.0084203
0.004294
0.0075979
-0.0086783
-0.0050114
0.0030461
-0.0076379
-0.0036084
-0.0073243
-0.0043546
0.0006581
-0.0035125
0.0097575
0.0058745
-0.0015055
-0.0019105
-0.0057946
0.0089644
0.0072983
0.008562
0.0083693
-0.0068711
0.0030587
0.0080545
0.0096227
-0.0080639
-0.0017348
0.0024596
-0.0009953
-0.0081051
-0.0022259
-0.0047459
-0.0064055
0.0043734
-0.0032254
-0.0033875
-0.0009155
0.0092178
0.0031094
0.0087864
0.0003793
0.0009122
0.0029914
0.0050385
0.0057875
-0.0098539
-0.0055387
-0.0080089
-0.0021079
0.0001605
0.0073561
0.0036968
0.0005996
0.0030171
8.84e-5
-0.0089986
-0.0030712
-0.0095512
0.0015496
-0.0052307
-0.0066831
0.0095705
-0.0055923
0.0036633
0.0033674
-0.0099218
0.0024436
-0.0089484
-0.0088326
0.0041871
0.0042769
-0.0067493
0.0052452
-0.0062269
0.0019206
0.0022757
-0.0017328
-0.0036793
-0.0081024
-0.0070944
-0.0061583
0.0091482
0.00792
-0.0004708
-0.0092933
0.0024839
-0.00434
0.0056655
-0.0057161
0.0019822
-0.0065656
0.0013858
-0.0066502
0.0029755
0.0058778
-0.0057028
-0.0074517
0.0015333
-0.0067643
0.0050356
0.0051836
-0.0025064
0.0093773
0.0083332
0.0050817
-0.0034715
-0.000703
0.0020024
-0.004051
0.002452
0.0063029
-0.0087595
0.0018719
0.0020606
0.0050067
-0.0039939
0.0009473
-0.004472
-0.0023328
-0.0057655
-0.0063609
-0.0058633
-0.0078666
0.0079923
-0.0029767
-0.008586
0.0035054
-0.0074684
-0.0051361
0.0032379
0.0049707
-0.0072117
0.0047419
-0.007775
-0.0003907
-0.0039601
-0.0054762
0.0071073
0.0053406
-0.0077291
0.0057337
-0.004693
0.0039912
-0.0004313
-0.0046082
0.0044516
-0.0010031
0.0082625
0.0076042
-0.0072544
-0.0049699
0.0050412
0.0043724
-0.0090443
0.0038651
0.0035795
0.009083
0.001097
-0.0059604
0.0083389
-0.0026082
0.0059254
0.0088621
-0.0036195
0.0096219
-0.0087104
-0.0050097
0.0013746
0.0003006
0.007015
-0.0069296
0.0071042
0.0030633
-0.0097118
-0.0066152
0.0060152
-0.0093267
-0.0043866
-0.0051169
0.004715
0.0095305
0.0027731
-0.0041064
-0.0055963
-0.0013938
0.0030707
0.000822
-0.0002871
0.0004922
0.0099421
0.0068917
0.0061778
-0.0073829
0.0003127
0.0062126
-0.0016463
-0.0039821
-0.0027815
0.0058623
-0.0014202
-0.00111
0.0001985
-0.0082833
-0.002392
-0.0042148
0.0047853
-0.0085598
0.0054528
0.0028517
-0.0017904
-0.0089036
-0.0097177
0.0039312
-0.0021019
-0.0063018
-0.0014213
-0.0062776
-0.0033441
0.0029978
0.0097958
0.0068905
0.0083542
0.0059873
0.0053571
-0.0092936
-0.002025
-0.004837
-0.0067967
0.0049434
0.0005292
0.0085792
-0.0076859
-0.0097981
0.0015792
-0.0082509
0.0092777
-0.0015972
-0.0001864
-0.0078802
0.0084485
-0.0061471
-0.0058349
0.0078295
0.0005133
0.002173
0.0051245
-0.0076472
-0.0033439
0.0097366
-0.0087123
0.0080401
