-0.0021153
-0.0045793
-0.0015497
-0.0017234
0.0078092
-0.0001428
-0.0058728
-6.44e-5
0.008345
-0.0047795
0.0043757
-0.0078693
-0.0061825
0.0091339
-0.0090952
-0.001766
-0.0042951
0.008805
0.0086054
-0.0061462
0.0038147
0.0004907
0.0029735
-0.0073136
-0.0027783
0.0060229
-0.0044975
0.0069439
-0.0039358
-0.0023937
-0.0030055
-0.0094898
0.0068203
-0.0026187
-0.0015453
0.0077875
-0.0096359
-0.0096674
0.0061536
0.003764
0.0072539
0.0078426
-0.0048186
-5.68e-5
0.0003675
0.003978
0.0095692
0.0050107
-0.0085663
-0.002769
-0.0050639
0.0017852
0.0098456
-0.0002301
0.008836
0.0083972
-0.0045176
0.0092446
0.0018032
-0.0092321
0.0080437
0.0064964
-0.0031277
-0.0082536
0.0055013
0.0031451
0.003435
-0.0085224
0.006095
0.0081202
0.0056299
0.0070367
-0.0035801
0.006119
0.0008725
0.0039405
-0.0056238
0.0095886
0.0015013
0.004556
-0.0040876
-0.002242
0.0054316
-0.0068561
-0.0021236
0.0037114
-0.0018386
0.007875
-0.0009936
0.0006233
0.0082248
0.0055814
0.0044499
0.0005437
0.006676
0.0056112
0.0031311
-0.0064264
-0.0046217
0.0071704
0.0016609
-0.0081751
0.0098483
0.0039958
-0.0020848
-0.0038467
0.005302
0.005654
-0.0031369
0.0092341
-0.0034966
0.0096576
-0.004679
0.0046906
0.0094681
0.0042756
0.0075116
-0.0096806
-0.0063176
0.0033153
-0.0070226
0.0045334
-0.0035441
-0.0014005
0.0094421
0.0004399
0.0025781
-0.0005966
0.0036096
0.0058234
0.006723
-0.0093385
0.0018825
0.0059736
0.003965
0.0024325
0.0029432
-0.008525
-0.0030385
0.0076699
0.0075239
0.0017867
0.0010438
-0.0088022
-0.0003301
-0.0049759
-0.0003587
-0.0058808
0.0043353
0.0058799
-0.0069288
-0.0030962
-0.0067348
0.0088969
0.0041802
-0.0011785
0.0006893
-0.0052613
0.0004988
-0.009077
-0.0094406
0.0025124
0.0065758
-0.0039003
-0.001537
9.8e-6
-0.0070819
-0.0061803
0.0082492
-0.0074278
0.0064118
0.0013971
0.0057387
-3.76e-5
-0.0010317
-0.0002525
0.0029701
0.0072429
0.0003419
-0.0042666
-0.0003204
-0.0063819
-0.0037601
0.0020434
-0.0094675
-0.0023579
0.0071632
-0.0035265
-0.0007277
0.0047495
-0.0024433
0.0009988
0.0097903
-0.0066114
-0.0047441
0.0005996
0.0029246
0.0055272
0.0013448
0.0043773
0.0051138
0.001517
-0.0020194
-0.0042753
-0.0018777
0.0016544
-0.0038314
-0.0051847
0.0054352
0.009423
-0.005652
0.0013388
-0.0072995
-0.0033386
0.0019307
-0.0021009
0.0050211
0.0028385
-0.0051454
0.0022348
0.0056409
-0.0020549
-0.002547
-0.0025995
0.0011777
-0.0069453
-0.0003107
-0.0061212
-0.0080152
0.0025786
-0.0012882
0.0079389
0.0041158
-0.0033007
0.0097023
0.0030554
0.004952
-0.0076386
-0.0030599
-0.0075667
-0.0019079
-0.0013493
-0.0079287
0.0017974
0.0009344
0.0084308
0.0003086
0.0010594
0.0018404
-0.0066994
0.0076823
-0.000818
0.0021188
0.0087073
-0.0046171
-0.0054397
0.0074309
-0.0045377
-0.0037358
-0.0052469
-0.0006951
0.0031805
-0.0076374
-0.0093405
-0.0014061
0.002803
-0.004972
-0.0080857
0.0023621
-0.0059803
-0.0087497
-0.0065594
-0.0006289
-0.0030788
-0.0083378
0.003291
0.0047456
-0.0015535
0.0094699
-0.00428
0.0001032
-0.0097497
0.0080346
-0.0046696
0.0054803
0.0058512
-0.0018881
-0.0023817
-0.0016063
-0.0047589
-0.0066111
0.0074605
0.004567
0.002461
0.0071164
-0.0079393
0.0092907
0.0025069
-0.0001858
-0.0009891
-0.0001115
-0.0094643
0.0092982
0.0013427
0.0036375
-0.0055212
0.0087331
-0.0079942
-0.0029731
-0.0002385
-0.0057914
0.0045484
0.0037654
0.0026927
0.0075686
-0.0021276
0.0041191
0.0039967
0.007119
-0.0080585
0.0067225
-0.0008605
-0.0059501
0.0076154
0.0033342
0.003094
-0.0050463
0.0006444
-0.0067653
0.000515
-0.0057619
-0.0018302
0.0036025
-0.0056277
-0.0026495
-0.0004721
-0.0033291
0.0024048
-0.0097062
-0.006878
0.0022495
-0.006493
0.0090649
-0.0084182
-0.003659
-0.002405
0.0013334
0.004338
0.0057461
-0.000308
-0.0059259
0.0076056
-0.0090009
-0.0098388
0.0033912
0.0059004
-0.0096671
0.0088442
-0.0087153
0.0055869
-0.0063615
-0.0091656
0.0048232
0.0085851
0.0015885
0.0041785
-0.0002123
-0.0069905
-0.0010238
-0.0023369
-0.0044178
-0.0068329
0.0083568
0.0094453
-0.0026431
0.0088736
-0.0057688
-0.0016224
-0.0037841
-0.0031566
-0.0043659
-0.0043323
-0.0009208
-0.0045199
-0.0015449
0.005755
0.005734
0.0051702
0.0055786
-0.0028306
0.0048108
0.0093776
-0.0031938
0.0002299
0.0065958
0.0083003
0.0096161
0.0014438
0.0089166
0.0059626
-0.0020728
-0.0019319
0.0054641
0.0056639
0.0075205
-0.0052865
-0.0038045
-0.0030328
-0.0089332
0.0020067
0.0018205
0.0078806
0.0094349
0.006771
-0.0059793
0.0047302
-0.0009303
0.0048389
0.0072296
0.0015359
0.0054886
0.005982
-0.009316
0.0078791
-0.0087372
-0.0010334
0.0063681
0.0030169
0.0096644
-0.0004145
0.0075662
-0.0019117
-0.0081
-0.0082745
0.0016055
0.0053727
0.004834
0.0022313
-0.0075015
-0.0066574
-0.0003863
-0.0077954
-0.0023073
0.0062503
-0.0049578
-0.0025726
0.0087836
0.0055421
-0.000243
0.003408
-0.0019784
-0.0034766
-0.0013476
-0.0070337
-0.0090194
0.0059884
0.0098777
0.0066318
-0.0010412
-0.0034811
-0.0030231
-0.0065874
-0.007037
0.0007401
-0.0058832
-0.0074394
-0.007458
-0.00098
0.007582
-0.0052624
0.0041813
-0.0096251
0.0015651
0.0037472
0.0043333
0.0070571
-0.0077916
0.0089719
0.0043308
-0.0032163
0.0021797
0.0002692
-0.0093798
0.0028245
0.002798
-0.0038406
-0.0066953
-0.0015855
-0.0087175
-0.0038453
-0.0009354
-0.0052573
0.0041247
-0.0017647
-0.0099282
