-0.0094344
-0.0094893
0.0088095
-0.0066218
0.0001928
0.008947
0.0075147
0.0035377
0.0052494
0.0054079
-0.0001463
0.0036899
0.0030963
0.0071376
-0.0072861
0.0016832
0.0089159
0.0004708
0.0012323
-0.0008876
0.0006408
0.0020474
-0.0090799
0.0094145
0.0005962
0.007118
-0.0030296
-0.0078674
-0.0046008
-0.0055625
0.003315
-0.0012528
-0.0090218
-0.0025237
-0.009883
0.0078217
-0.0097932
0.0083382
0.0066736
0.0045865
0.0062729
-0.0087477
-0.006471
0.0016822
0.0096955
-0.0005359
0.0081644
-0.0055106
-0.0011643
0.0033509
-0.0075179
-0.0035821
-0.0047892
-0.000358
0.0047457
-0.0087149
0.0032414
-0.0081124
0.0040107
0.0096611
0.0008814
-0.0083824
0.0027566
-0.0062104
0.0028267
-0.005648
-0.0084241
0.008291
0.0046386
0.0050087
-0.0042811
-0.0039154
0.0029516
-0.0028075
-0.0094605
0.0093892
-0.0034952
-0.003427
-0.0074283
0.0005119
0.0007824
0.0026822
-0.0047205
-0.0097425
-0.0008094
0.0081449
-0.0019098
-0.0049173
0.0034943
-0.0027297
0.0099954
-0.0011561
0.009061
-0.0034697
-0.0059557
-0.0023619
-0.003433
0.0069777
0.000839
0.0003251
0.0012404
-0.003969
-0.0036341
0.0058208
0.0074753
0.0061449
0.0071353
0.0090801
-0.0022336
0.0063454
-0.0017295
0.0013168
-0.0040012
0.0001843
0.0035592
0.0060449
0.0069729
-0.0074557
-0.0005119
0.008206
0.0098419
0.0009527
-0.0045736
0.0029468
-0.0050271
0.005973
-0.0067431
-0.0015086
-0.0095524
-0.0089958
0.0036496
-0.0086868
-0.0013896
-0.0025455
-0.0034503
-0.0064742
0.0059641
0.0057854
-0.0059984
-0.0089525
0.007301
-0.0019979
-0.0025101
0.0090144
-0.0042886
-0.0073012
0.003762
-0.0026227
0.0032257
-0.0021263
0.0038103
-0.0012697
0.0096298
0.0022864
0.0078855
0.0043056
-0.0066963
0.0013333
-0.0067928
0.0083846
-0.0031538
0.006009
0.005008
0.0081566
0.0063723
0.0098255
0.0084417
0.0043962
0.0028365
-0.0012926
-0.0028117
-0.0038767
-0.0022734
0.0014682
0.0041077
-0.0038413
-4.66e-5
0.0015806
-0.0028586
0.0017248
-0.0040427
0.0036054
0.0021251
-0.0059715
-0.0040499
-0.0001886
0.0058698
0.0066087
-0.0074617
-0.0012884
-0.0022803
-0.0060413
-0.0009737
-0.0083226
-0.0038186
0.0087542
-0.0086145
-3.11e-5
0.0024224
0.0032799
-0.0036008
0.0054354
0.0068276
0.0097907
-0.0037283
0.0038783
0.0004704
0.0033711
-0.0021534
0.001705
-0.0009478
0.0084917
-0.009322
0.0031287
-0.0064701
0.0019741
0.0035726
-0.0053437
-0.0062932
-0.0032295
0.0005398
0.0043646
0.0057069
0.0021072
-0.000285
0.0020032
0.00582
0.0058532
0.0013764
0.0005169
-0.0010748
0.0015884
-0.0047566
0.0032348
0.0059976
0.0069955
0.0059741
-0.000711
0.0005491
0.0075271
-0.0092957
0.0011292
0.003363
0.0085499
-0.0080591
0.0050699
0.0049335
3.1e-6
0.0022485
0.0089145
0.0004798
0.0095281
-0.0072294
0.0007848
-0.0014805
0.0064854
-0.0021529
-0.000844
-0.0089292
0.0051358
-0.0064759
-0.0079297
0.0045557
-0.0093851
-0.0086917
0.0075873
0.0028772
-0.0053898
-0.0031318
-0.0019345
0.0049521
-0.0028986
-0.0027231
-0.0029823
0.0092607
-0.0060123
-0.0022216
0.0066036
0.0085481
-0.0005334
-0.0045723
0.0043082
-0.0019613
-0.0011717
0.0077595
0.0030528
0.0020708
0.0065364
0.0017538
-0.0004881
0.0080368
0.0046612
-0.0017667
-0.0005857
0.002685
0.0076926
0.0046242
0.0038051
0.0065614
-0.0016299
-0.0059144
-0.0065764
-0.0020384
-0.0087086
0.0043393
0.0034297
0.0093301
3.5e-6
-0.0065561
-0.009272
-0.0023353
0.0043872
0.001806
-0.0026039
-0.0020115
-0.0039113
-0.0003184
0.008916
-0.0039714
-0.0053215
-0.0062237
0.0031368
0.0063131
-0.0047808
-0.0082608
0.0009488
-0.0048922
-0.0010968
0.0009498
0.007439
-0.0021325
0.0029464
0.0044207
-0.000891
-0.0046652
-0.0035096
-0.0021988
0.0097979
-0.0072629
0.0013285
-0.0010982
0.0097243
-0.0018818
0.0069852
-0.0079268
0.0066073
-0.003116
0.0023133
-0.0002219
-0.0086973
-0.0012154
0.0014228
0.001067
0.0043526
-0.0080053
-0.0036228
-0.005621
-0.0055194
-0.0071139
-0.0007712
-0.0051933
0.0071316
-0.0087045
-0.0082014
0.0063047
-0.0042519
0.0047018
-0.0073992
0.0066355
-0.0094013
-0.0047221
-0.002225
-0.0073566
-0.0060165
0.0039751
0.005481
0.0092882
-0.0035396
0.006826
-0.0051247
-0.0062632
0.0082657
-0.0074294
0.0006419
-0.0019864
0.0012105
-0.0082675
-0.0084987
-0.0021461
-0.0067895
0.0093733
0.0012864
-0.0026757
-0.0071843
-0.0033741
0.0086508
-0.0075104
-0.0047518
-0.0054659
-0.0009393
-0.0021404
-0.0034021
0.0034337
-0.0064156
0.0089299
-0.0099839
0.0070161
0.0025412
0.0076715
-0.0035398
0.0028694
-0.0047712
-0.0008456
-0.0074923
0.004642
-0.0036385
0.0053854
0.0047668
-0.0010316
0.004941
-0.0050263
-0.0007033
-0.0096606
0.0053928
-0.0075508
0.0038073
-0.0052426
-0.0021192
0.0086232
0.0011316
0.0010244
-0.0077978
-0.0022689
0.0044442
0.0049556
0.0081448
0.0020016
-0.0034477
-0.0038321
0.0082679
0.0046309
-0.0046865
-0.0042253
0.0020239
0.0061946
0.0028206
0.0028796
0.0075122
0.0069408
-0.0058498
-0.006952
0.0055628
0.0077845
-0.005654
0.007672
0.0006891
0.0047134
0.0089327
-0.0073388
0.0096085
0.0097357
0.0012695
0.0072226
0.0084125
-0.0090983
-0.0059101
0.0035458
-0.0046872
-0.0010224
-0.0029842
-0.0033
0.0076917
0.00336
0.0017687
-0.0097253
-0.0016676
0.0081398
0.0066953
0.0028683
0.0081319
-0.0067545
0.0026558
-0.008885
0.0077487
0.0061944
-0.0056388
-0.00024
0.005114
0.005781
0.0017725
0.0009711
0.0082181
0.0042768
0.009213
0.0002494
