-0.0034274
0.0030071
-0.0043663
-0.0061665
-0.0019258
-0.0073325
0.0098999
-0.0035932
-0.0025053
0.0048417
0.0006739
-0.008905
0.0078895
-0.0085427
-0.0040402
-0.0048036
0.004827
-0.0045268
0.0092959
-0.0066511
-0.0072445
0.0009087
-0.0076899
-0.0047016
-0.0005453
0.0039386
-0.0097431
-0.0065536
0.0006801
-0.0081491
0.0022849
-0.0079163
-0.0051281
0.00749
0.0032123
0.0008273
-0.0090339
0.0083243
-0.008894
-0.0088171
0.0077104
-0.0055193
-0.0002065
-0.0019941
0.009625
0.0053608
-0.0055348
-0.00156
-0.0027289
0.0023816
-0.0002843
-0.00236
0.0010513
0.0099075
0.0071668
0.0007367
-0.0037512
0.0020591
-0.0054645
0.005903
-0.0004186
0.0059175
-0.0092311
-0.0092727
0.0002411
0.0089181
-0.0076773
0.0054994
0.008468
0.0043926
-0.00216
0.0087602
-0.0098272
0.0060329
-0.0003065
-0.0096305
-0.004042
0.0094808
-0.0066116
0.0061146
-0.0090812
-0.0015888
-0.001764
-0.003167
0.0097865
-0.0099298
0.0097765
0.0060277
-0.0062342
0.0049743
0.009834
0.007399
-0.0053
0.0090441
0.0076511
0.0051527
0.0006573
0.0038579
0.0062605
-0.0089322
0.0063173
0.0059778
-0.001758
0.0049939
0.0034304
0.0048602
-0.0074574
0.0046354
0.0061951
0.0042126
0.0066776
0.0005313
-0.0070684
-0.0044296
0.0010061
0.0091728
-0.0061056
0.0036949
-0.0056569
0.0065806
-0.0047342
-0.0057613
0.0059197
-0.0051378
-0.0053421
-0.0071281
-0.0054949
0.009155
-0.0051552
-0.0027062
-0.0016293
-0.0094918
0.0066063
-0.0021749
0.0017132
-0.0022719
0.0036531
0.0082997
-0.0048965
-0.001244
0.0018418
-0.0046762
-0.0017844
0.000374
-0.0041359
0.0073151
0.0051287
-0.0045586
0.0094574
0.009697
0.0084383
-0.0086952
0.0044873
-0.0003685
0.0086815
-0.0096602
0.0098986
0.0024141
-0.0029591
0.0037928
0.0017374
0.0049793
0.0095959
-0.0082506
0.0012384
-0.0002246
0.0060068
-0.0024417
0.0011517
-0.0035026
-0.0021945
-0.0096581
0.0085753
0.0060358
-0.0075963
-0.0046182
0.0021249
0.0012545
0.009939
0.0037328
-0.0030105
-0.0057365
-0.0069523
0.002648
-0.0081162
0.0056387
-0.0014478
-0.0054754
-0.0078311
-0.0079251
-0.0096155
0.0008894
0.0079208
0.0086672
-0.0036083
0.000513
-0.0059191
-0.0025617
-0.0078194
0.0042887
0.004405
0.0053234
0.0070406
0.0067048
0.0036126
-0.0035632
-0.0088876
0.0094805
0.0043873
0.0043652
0.0079684
-0.0040998
0.0066364
-0.0024984
0.0017292
0.0031293
-0.0004172
0.0060686
0.0018065
0.0062337
-0.0069954
0.0022009
-0.0051208
0.0037621
-0.0010242
0.0017236
0.0060951
-0.0006268
-0.0049502
0.0090985
0.0018482
-0.0095617
-0.0022943
-0.0011836
-0.0040258
0.0012086
-0.0077028
-0.0009019
-0.0082447
-0.0095369
0.0057753
0.0003245
0.0069243
0.000543
-0.0075553
-0.0020791
-0.0057098
0.0058804
0.0062928
0.0033149
-0.0044441
-0.0036644
0.007577
-0.0073346
0.0072443
0.0038664
-0.0014746
0.0027269
0.0076682
0.0051925
-0.0019423
-0.007736
0.0096388
-0.0045835
-0.0094183
0.0041364
-0.0063025
0.0035336
0.0059929
0.0064333
0.0036117
0.0010357
0.000152
-0.001483
-0.0004628
-0.0030151
-0.0085962
-0.0078993
-0.0014479
0.0087162
0.0022126
-0.0046169
-0.0072206
0.0092452
-0.0062458
0.0058249
0.0003008
-0.0051846
0.0066358
-0.0072554
0.0028334
-0.0017812
-0.0040729
0.0006982
-0.0058851
-0.009882
0.0018951
-0.0092872
-0.0011864
0.0041293
-0.0003857
-0.0009081
0.0079844
-0.0069936
-0.0030528
-0.0048791
-0.0084606
0.0025959
0.0060736
0.0053538
0.0022313
-0.0093391
-0.0056464
0.0092755
0.0098754
-0.0096001
0.0084833
-0.0003311
-0.0092319
0.0036873
0.005996
-0.0013156
-0.0008194
-0.0097691
0.0077439
-0.009131
0.002508
-0.0088611
0.0061518
-0.0042503
0.0006868
-0.0013446
0.0008558
0.0064084
-0.008448
0.0099716
0.0025414
-0.0078093
0.0080993
-0.0040274
-0.0030615
0.0007436
-0.0055959
0.0046166
0.0061634
-0.0043907
-0.0015719
0.0028316
0.0083741
0.0037674
0.0057626
-0.0087081
0.0058818
-0.0079512
-0.009251
0.0012662
0.0019165
-0.0077392
-0.0075539
0.0050051
0.0050821
-0.0070352
0.0034205
-0.0086564
0.0054247
-0.0031057
-0.0064313
0.0022311
-0.0064753
-0.0027393
0.0011371
-0.0005098
0.0064932
0.0034537
0.0038024
-0.007939
0.0009649
-0.0061561
-4.93e-5
-0.0029956
0.001438
-0.0090923
-0.0048826
0.0038855
-0.0099621
0.003234
-0.0063595
0.0021274
0.005787
0.0044597
-0.0021167
0.0079791
0.0092594
0.0090353
-0.0099961
0.007754
0.0085162
-0.0041509
-0.0016718
0.0064626
0.0006431
0.0067907
0.008839
0.0088984
-0.0065262
-0.0055527
-0.0079818
-0.0003845
0.0003966
-0.0082461
0.0034492
0.005692
0.0045947
0.0050243
-0.0092041
-0.0069078
0.0050948
0.0060074
0.0005726
-0.0012278
-0.0075062
0.002066
0.0055287
-0.0082514
0.0019523
-0.0085258
0.0051611
0.0080954
0.0009422
4.54e-5
-0.0038111
0.0025375
0.0001297
0.0041878
0.005523
-0.0070946
0.0056696
-0.0024877
-0.0067213
-0.0094488
0.0005868
-0.0004097
0.0026835
-0.0011392
-0.0075475
-0.0017125
-0.0033595
-0.0098417
-0.0009928
-0.0050281
-0.0028628
0.0087691
-0.0056569
0.0088119
0.0046628
0.0091119
-0.0017593
0.0075529
-0.0025373
0.0024652
-0.0076651
-0.0096767
-0.001024
-0.0030406
-0.0011258
0.0004899
-0.0073475
0.0067692
-0.0056243
0.0024075
-0.0019867
-0.0058106
-0.0021048
-0.0098242
0.0065569
0.0030457
-0.0056577
-0.0098276
0.0084516
-0.0038904
0.0008058
0.0063078
-3.42e-5
-0.008432
-0.0084432
0.0055264
-0.0050359
0.0053725
0.005362
0.0004695
-0.0072519
-0.007401
0.0094989
-0.0046197
-0.0084506
