-0.0088323
-6.17e-5
0.0058757
0.0026974
0.0002285
-0.0065974
0.0021651
0.0055275
0.0073567
-0.0086542
0.0077011
-0.0065738
0.0095651
0.0083621
-0.0083409
0.0049453
0.0046129
0.000205
0.0068216
0.0072651
0.0036033
-0.0099297
0.0097497
-0.0060062
-0.0088509
-0.0014301
-0.0004151
0.0001826
-0.005374
0.00429
-0.0028829
-0.0032081
0.0079454
0.0043522
-0.0073627
0.0072693
0.0063079
-0.0018142
0.0035534
-0.0012221
-0.0012503
0.0003872
0.0067338
0.0024364
0.0035834
-0.0001256
0.0032587
0.0053669
-0.0034953
-0.0071032
0.0007887
-0.0095431
0.0014451
0.0088185
0.0056551
-0.0021495
0.000194
-0.000946
-0.0094263
0.0053975
0.0059081
-0.0054587
-2.49e-5
0.0070581
-0.0047668
-0.008001
-0.0094279
0.0064702
-0.0062256
-0.0029642
-0.0060848
-0.0062252
-0.0002825
0.0092447
0.0065218
0.0012574
0.0067966
-0.0063027
0.0090811
-0.007137
-0.0080395
-0.006486
0.0069274
0.0015698
-0.0065128
-0.0072638
-0.0075888
-0.0012893
0.0048272
0.0028011
-0.008363
-0.0063907
0.0037142
0.0002563
0.0021458
0.0034724
0.0098571
-0.0032178
0.007243
0.0011316
-0.0099915
-0.0056598
0.0091591
0.0083578
-0.0022353
-0.003287
-0.0046161
-0.0020105
0.0026909
-0.0082907
0.0089531
0.0083602
0.0093142
-0.0019308
0.0029645
-0.0051742
-0.0004116
0.0009915
0.0022618
-0.0093353
0.0077344
0.0070257
-0.0098387
-0.0065771
-0.0087736
0.0001522
-0.0059702
0.0080632
0.0055239
0.0091765
0.0028897
0.0058168
-0.0078942
0.0002565
-0.0069467
0.0082347
-0.0027941
-0.0066042
0.0083582
0.004068
0.0083309
0.0087184
0.0048165
0.0039534
0.0093984
0.008251
0.0025242
1.7e-6
0.0051815
-0.0083402
0.0024898
-0.0047775
0.0058818
-0.0092857
0.0098108
-0.0093659
0.0099373
0.0058606
-0.0046169
-0.0031782
0.0022374
0.0003505
-0.0011106
-0.0098434
-0.0046614
-0.0009268
-0.0086012
0.0068994
-0.0054168
0.0022142
-0.0029417
0.0006603
-0.006088
-0.0016041
-0.0084691
0.0025163
0.0028738
0.0060243
0.0081729
-0.0095499
-0.004785
-0.0089914
-0.0006596
0.0030046
0.0017087
-0.0075997
0.0015336
0.0096815
-0.0052501
0.0084998
-0.0034344
-0.0086401
0.004443
0.0048459
-0.00872
0.0020599
0.0020179
-0.0056787
-0.0069357
-0.0046122
0.0010309
-0.0041143
-0.006472
-0.0091147
-0.0064697
-0.0035394
0.0066988
-0.0036654
-0.0024362
0.0076181
0.0062314
0.0056453
0.0067806
-0.0084106
-0.0017915
0.0083191
0.0032071
0.0074482
-0.0066402
0.0038274
0.0082042
0.0015688
0.0090999
0.001692
-0.0029196
0.0022898
-0.000257
0.0077379
-0.0015943
-0.0093462
0.0004324
0.0077042
-0.0016688
-0.0016015
0.0044846
-0.0019037
-0.0062108
0.0089364
-0.0033533
-0.0001594
0.0092249
-0.0089477
-0.0018166
0.0049327
0.0081597
0.005474
0.0020623
0.0023566
0.0063822
0.007022
-0.0041944
0.000746
0.0051142
0.0097259
0.0020875
0.0076262
-0.0049085
-0.0039024
-0.0034209
-0.0019406
-0.0090893
-0.0003363
0.0020996
-0.007811
-0.0041079
0.0033717
-0.0068934
0.0059022
-0.0046048
-0.0084247
0.0006285
0.0018247
-0.0029751
-0.009437
0.0082489
0.0069712
0.0072084
0.0082604
0.0079391
-0.0017212
-0.0014766
-0.0076529
0.0066934
-0.0078278
-0.0041036
0.0059221
0.0061854
-0.0037691
0.0025153
0.0014076
-0.0090284
-0.0071362
-0.0053834
-0.0005187
2.4e-5
0.0075971
0.0009283
-0.0063407
-0.0026632
0.0040135
-0.0016723
-0.0049984
-0.0023901
0.0081622
0.0092667
-0.0075764
0.0075664
0.0096315
-0.0020705
-0.0015833
-0.0058123
-0.0056445
0.0009015
0.0009122
0.0072079
0.0044488
-0.007841
-0.0063502
-0.0013918
-0.0070205
-0.0051003
0.0008686
-0.0091259
0.0073616
0.0039474
0.0073303
-0.0092134
0.0062246
-0.000952
0.0042751
-0.002988
-0.0083782
0.0085915
-0.0032776
0.0085721
0.006894
0.0064821
0.0053628
-0.0016361
0.0036807
0.0034663
0.0079837
-0.0095212
0.0021644
0.0090778
0.0065106
0.000239
-7.72e-5
-0.0022605
0.0092374
-0.0003334
0.0029883
-0.0010468
-0.0013404
-0.0002115
0.0097132
-0.0075762
0.0070761
0.0057246
-0.0094066
0.0086235
0.0018427
0.0029703
-0.0074188
-0.0026573
0.00085
0.0060515
0.0011748
-0.0083057
0.0089462
0.0093813
0.0080398
0.0001593
0.0031093
0.0035645
0.0025017
-0.0037227
0.0044105
-2.11e-5
-0.0065608
0.0046374
-0.0070959
0.0063078
0.0090526
0.0084677
0.0072025
-0.0022439
0.007754
0.0089257
-0.009354
-0.0020655
0.000144
0.0033716
-0.009445
0.0026707
-0.0075565
0.0060869
-0.0033074
0.00345
0.0081398
-0.0036803
-0.0078049
0.0036946
0.0089557
-0.0018949
-0.0070512
-0.0080107
0.0018853
0.0096081
0.0014575
-0.0006799
0.0052864
0.0013043
0.0097985
0.0091473
4.38e-5
0.007083
0.0028448
-0.0030115
0.0018825
-0.0049242
0.0088492
-0.0060995
-0.0061312
0.0094783
-0.0039562
-0.0068861
-0.0083826
0.0018196
0.0062537
-0.0069759
0.0062679
-0.0067092
0.0086304
-0.0091689
0.004818
-0.004958
-0.000615
0.0020595
-0.0034307
0.0030889
3.28e-5
0.0053538
-0.0036623
-0.0004363
0.0065054
-0.0053248
0.0071047
0.0055845
0.0071614
-0.0021005
-0.0036472
-0.006832
-0.0057451
0.0022213
-0.0064481
-0.0018007
0.0006298
0.0048927
0.0083756
-0.0055294
-0.0073636
-0.0043044
0.0028078
-0.0033314
0.0012892
0.0043756
0.008306
-0.0029535
-0.0006343
0.0070351
-0.0072628
0.0045769
-0.0085721
0.0063358
0.0039064
-0.006234
-0.003201
-0.002458
-0.0089723
0.0089056
0.0071145
-0.0055023
0.0094884
0.0056794
0.0038401
0.0013558
-0.0095535
-0.0076277
-0.0017148
0.0005171
-0.0014564
0.0065082
-0.0029926
0.0021319
