0.0011412
0.0094931
-0.0026448
-0.0030701
0.0094548
0.0024382
-0.0046436
-0.0039406
-0.0060583
-0.0024951
0.0076973
0.0020263
-0.0074059
-0.000536
0.0039533
0.00813
-0.0061861
-0.0087764
0.0066334
-0.00191
0.0029675
-0.0058609
-0.0060911
0.0062816
0.007998
0.0019375
0.0041312
-0.0003634
0.0020961
-0.0025698
0.0097215
0.0063107
-0.0045052
-0.0022258
-0.0007573
0.0033589
-0.0076135
-0.0050168
-0.000497
-0.0050751
-0.0053257
0.0048637
-0.0012202
-0.0099181
-0.0031611
0.0086553
0.0024689
0.0080533
0.006346
0.0008271
-0.0036473
-0.0077784
-0.0071749
0.0008467
-0.0084952
0.0026532
0.0042133
-0.0032058
0.0039381
0.0012356
-0.000869
-0.007599
-0.0080677
0.0090494
-2.8e-5
0.0003298
0.0042546
0.0030685
0.0087441
-0.0072758
0.0040719
-0.0057617
-0.0020343
0.0055253
-0.0089262
0.0054907
0.0028005
-0.001619
0.0030409
-0.0092467
0.0054629
0.0096554
-0.0001961
-0.0093235
0.0088318
-0.0037839
0.0088884
-0.0072098
-0.0003655
0.0006928
0.0084462
0.0078303
-0.0053478
-0.0085068
-0.0031803
-0.0027902
-0.0073905
-0.0017284
-0.0041208
-0.0031364
0.0039868
0.0079624
-0.0030987
-0.0090067
0.0033885
-0.0079529
-0.0082108
-0.0018433
0.0006857
0.0003352
-0.0033749
0.0008557
-0.0083214
-0.0063756
-0.0094022
-0.0066376
0.0083172
-0.0050632
0.0065308
-0.0004338
-0.0087624
0.002458
-0.0065931
-0.0009583
-0.0057253
0.0098199
0.0052803
-0.006157
-0.0003667
0.0089319
0.0037198
0.0066007
-0.0089805
-0.0095448
0.0006309
-0.0097206
-0.0020047
-0.0096895
0.0061057
0.006075
6.73e-5
0.0006814
-0.0017134
-0.0021362
-0.0028958
0.0025316
0.0098691
0.007011
0.0063541
-0.0061962
-0.0036227
-0.001565
0.0090333
0.0002283
-3.92e-5
0.0028592
0.0013724
-0.0090794
0.0051305
-0.0030346
0.0079428
0.0060287
0.0003948
-0.0097593
0.0050081
-0.0043775
0.0068855
0.0016874
0.0053546
0.0020942
0.0094465
0.0099448
0.0034441
-0.008419
0.0008728
0.0089473
0.0086525
-0.0027285
0.0053331
-0.0034766
0.0006986
0.0093383
0.0052013
-0.0021691
-0.0093921
-0.0039261
0.0044644
0.0013403
-0.0086918
0.0046947
0.0034649
0.0061029
-0.0058539
0.005173
-0.0046871
-0.0073636
-0.0009956
-0.0071895
0.0081185
-0.0076592
0.0023364
0.0055918
-0.0085989
-0.0078134
-0.002375
0.0079429
0.0055022
-0.0052256
0.0001776
-0.0036242
0.0073648
0.007193
-4.02e-5
0.0081532
-0.0015047
-0.0001207
0.0041148
-0.0006968
0.0064685
0.0004309
-0.001545
-0.0098926
0.0062501
-0.0014636
-0.0067908
-0.0017558
-0.0081302
0.0023807
0.0031997
-0.0034374
-0.008407
0.0003064
-0.0063588
-0.0070333
0.0081534
0.0009313
0.0057886
-0.002491
-0.0014352
-0.0072578
0.0060012
-0.0017761
0.0038517
0.009227
0.0020742
0.0084073
0.0038722
0.0003585
-0.0049585
-0.001234
0.0016284
0.0045685
-0.0066936
-0.0093227
0.0017669
-0.0064585
-0.0088415
0.0066019
0.008189
0.0012583
-0.0053807
-0.0010543
0.0028399
-0.0053767
-0.003556
-0.0083176
-0.0092956
-0.0094337
0.0016165
0.0051368
-0.0089478
0.007529
-0.0005847
-0.0096986
-0.003518
0.0085814
0.0016725
0.0001647
0.0096916
-0.0059477
-0.0005615
0.0057906
0.0036882
0.0055859
0.0038089
-0.0057555
-0.0090577
0.0094816
0.0063864
-0.0023784
0.0093222
0.000357
-0.0076501
0.0066728
-0.0068152
0.0028614
-0.0033268
0.0052082
-0.0048517
-0.0076449
0.008951
0.0049044
0.0004121
-0.0098495
0.0094729
-0.002856
0.0071667
0.006549
0.0030203
0.0007178
-0.009534
-0.0025453
-0.0032954
-0.0092538
0.007006
0.0071653
-0.0027282
-0.0007063
0.0089883
0.0078111
0.0064443
-0.0063223
0.0065477
0.0079339
-0.001647
-0.0078495
0.0048703
0.0089075
-0.0078261
0.0003909
-0.0011357
-0.0075369
-0.004713
-0.0044372
0.0015764
0.0049472
-0.0019401
0.0032371
-0.0020255
0.0092796
0.0086184
-0.0042306
0.0005903
0.0045581
-0.0096114
-0.0084572
-0.0082296
-0.0006023
-0.0095499
0.0077963
0.0044689
-0.0075856
0.0089216
-0.0022383
-0.0032859
0.0072221
-0.0081563
-0.0090051
0.0061152
0.0044454
0.0016018
0.0027787
-0.008853
0.0048697
-0.0046317
0.0065506
0.0031206
0.0091064
0.0065387
0.0029662
-0.0005929
0.0006525
-0.0004961
-0.0093953
-0.0013215
0.0047605
-0.0089084
0.0008451
0.0053535
-0.0067205
0.000437
0.0082007
-0.0076439
-0.0068504
3.1e-6
-0.0024541
-0.0058393
-0.0008819
0.0075593
-0.0032824
0.0029529
-0.0033554
-0.0057582
-0.0021041
0.0033403
-0.006565
-0.0027809
0.0017827
-0.0036849
-0.0060975
0.0089651
-0.008399
-0.0096322
-0.0082727
-0.0060064
0.0074997
-0.0035268
0.0003989
-0.003826
0.0099802
0.0002343
0.0020077
0.0059849
-0.0097995
-0.0089842
-0.0007857
-0.0067162
0.0058203
0.0024201
0.0037349
-0.000964
0.004165
-0.0047151
0.0029071
0.0088183
0.0025102
0.0038952
0.0027241
0.0086555
-0.0067687
-0.0026752
-0.0041322
0.0053459
-0.0004748
-0.0009328
0.0033182
-0.0017399
0.000688
0.0072253
-0.0015791
0.0054486
0.0097895
0.0075864
0.0023649
-0.0092539
0.0012722
-0.0091119
0.003422
0.0084749
0.0091902
0.0094432
9.31e-5
-0.0029117
0.0027099
-0.0019526
-0.0073208
0.0010969
-0.0008235
0.0065867
0.0014093
0.0028216
0.0069495
-0.0028871
-0.008523
-0.0067239
-0.005226
-0.0072528
-0.000143
-0.0010531
-0.0042161
0.0026147
0.0010552
0.0070292
0.0084014
0.007934
0.0077731
-0.0040087
0.007206
0.0020036
0.0036177
-0.0002114
-0.0071889
0.0002663
0.0032515
0.0018922
-0.0075057
0.0021808
0.0067083
0.0001682
-0.0054394
0.0075746
-0.0098965
-0.0004555
0.0012397
-0.0083121
