-0.0062336
0.0044469
0.0090963
-0.0082425
-0.0006965
-0.0058491
-0.0097083
-0.0041988
0.005117
0.0072989
0.0015399
0.0092364
-0.000935
-0.0093336
-0.0012116
0.005384
0.0021753
-0.0057245
0.0026472
-0.0083239
-0.0045024
-3.35e-5
0.0098611
-0.003056
0.0004645
0.007138
0.0048278
-6.35e-5
0.0004036
-0.0025773
-0.0061486
0.0060015
-0.0025562
0.0041736
0.0059618
-0.000291
0.0083158
0.0068658
0.0060306
0.0038778
0.0043229
-0.0080647
0.0057159
0.0022361
0.0051503
-0.0011154
-0.0061273
0.006108
-0.0006944
0.0092171
-0.0067551
0.0008165
-0.0080299
-0.0092318
-0.0021617
-0.0002884
-0.0019211
0.0048112
-0.0062285
0.0061021
0.0071448
0.0049627
-0.0010643
-0.0089982
-0.0059785
0.000768
-0.0051153
-0.0057948
-0.0015565
-4.87e-5
0.0041829
0.0011318
0.0019058
0.0060728
-0.0067355
-0.0020979
-0.0051403
-0.0001051
0.0093583
0.0080203
0.0085178
0.0011801
-0.0027116
0.0053612
-0.0014569
0.0013586
0.0039158
-0.0076682
-0.0027067
-0.0037355
0.0043924
0.0024509
-0.0070734
-0.0027628
0.0034576
-0.0006695
0.0023241
0.0020454
-0.0061541
0.0051542
0.0063465
-0.0021864
-0.0049679
0.0095274
-0.0084598
-0.0025053
-0.0066333
-0.003751
0.0086693
-0.0050128
-0.0077167
-0.0081873
0.005059
-0.0052888
0.0026299
-0.0089653
0.0097458
-0.0043224
-0.0010388
-0.0024278
-0.004467
0.0040393
0.0055554
0.0060326
-0.00259
0.0089764
-0.0014268
-0.0029836
0.0047123
0.0093702
0.0001727
-0.0008752
-0.0006364
-0.0004356
-0.006228
-0.0066769
-0.0063144
-0.0011275
0.0087393
-0.0031003
0.0074799
-0.0095267
0.0073348
0.0075355
-0.0049741
-0.0081848
0.0086444
0.0004171
0.0031595
0.0043905
-0.009355
-0.0041988
-0.0073624
-0.0003898
-0.0053171
0.0094238
-0.0021489
-0.0041855
-0.0027907
0.0041346
-0.0075709
-0.0074598
-0.0020141
-0.0086475
-0.0050317
-0.0017937
-0.000496
0.0037816
-0.0078965
-0.0004011
-0.0038302
-0.0050551
0.0096969
-0.001404
0.0099407
-0.0066382
-0.0010651
-0.0011365
0.0042098
-0.0084549
-0.0079821
0.0025855
0.0020517
0.0032718
-0.0044457
-0.0044499
-0.005521
0.007667
0.0050833
-0.0085555
-0.0075762
-0.0016015
-0.00538
0.0036992
-0.0016048
0.0002452
0.0018643
-0.0015532
-0.0053826
-0.0074933
-0.0069937
-0.009498
0.0058997
0.0089711
0.0079507
0.0098943
0.0024364
-0.0065765
0.0060667
0.0048725
0.0006534
0.0045041
-0.0015664
-0.0088085
-0.003868
-0.0039592
0.0073194
-0.0010488
-0.0003148
0.006819
0.0077806
-0.0078309
-0.0078759
0.0044895
0.0020066
-0.0016687
-0.0072601
-0.002254
0.0097107
-0.0084745
0.0086558
-0.0073553
0.0088015
-0.004751
0.0080837
0.0087411
0.0099232
0.0024385
0.0018919
-0.0031832
-0.0086302
-0.0061341
0.0058103
-0.0008083
-0.0022369
-0.006661
0.0036387
-0.0085257
0.0070007
0.0007804
-0.0068514
-0.0020204
-0.0089149
6.65e-5
-0.0079578
-0.0049314
0.0011134
0.0011631
4.9e-5
-0.004243
-0.0028389
0.0060017
0.0014117
0.0026118
-0.0040888
-0.0002373
-0.0060171
-0.006745
-0.0008588
-0.0076393
-0.0026676
-0.0094874
-0.0005988
-0.008719
0.0060477
0.0049468
0.0040696
-0.0048753
0.0031427
0.0046424
-0.0058388
-0.0083241
-0.0027929
-0.0064204
0.0016461
-0.0041016
0.0039912
0.0031753
0.0034557
0.0032035
-0.0003031
0.0026043
0.0063788
0.0033155
0.0007744
0.004093
0.0054745
0.0026234
-0.0096854
-0.0067727
-0.0054252
-0.0014728
0.0040042
0.00421
-0.0066429
0.0075868
0.0089556
0.0032535
0.0011319
-0.0064082
0.0058029
0.0025297
-0.0041243
-0.0026636
-0.0036893
-0.0094126
0.0018459
-0.0050046
0.0066034
-0.0046561
-0.0015068
0.005849
0.0089763
0.0072137
-0.003291
0.0080792
0.005901
-0.0032468
0.0012195
0.004946
0.0091025
0.0037364
0.0078478
-0.0097159
0.0090583
0.0055682
0.0092486
-0.0022734
-0.0086245
-0.0090142
-0.0062242
-0.0021711
0.0088263
0.00862
-0.0086497
0.0099519
0.0050936
0.0065514
-0.0025228
0.0072991
-0.009734
-0.0034673
-0.0065733
0.0074354
-0.0058134
0.0057775
-0.0057406
-0.004326
0.0002393
0.0008077
-0.0063227
0.0005984
-0.0017533
-0.0029227
-0.005685
-0.0005692
-0.0078065
-0.0002548
-0.0088489
-0.0016351
-0.0094331
-0.0015434
0.0085624
-0.0074769
0.0062172
0.0056264
-0.008354
0.0078699
-0.0018272
-0.0091758
-0.0067078
0.0046616
0.0098033
0.0099751
0.0086198
-0.0095254
-0.0033678
0.0003582
-0.0014724
0.0050282
-0.0016111
-0.0086178
-0.0041467
0.0080967
0.001704
0.0082654
0.0051347
-0.0076798
0.0034835
-0.0007149
0.0021395
0.002729
0.0005323
0.004904
-0.0070312
-0.0073607
0.0060989
-0.0042492
0.0023367
-0.0054828
0.0090171
-0.0019462
-0.0065616
0.0061106
-0.0084977
-0.0009258
-0.0074869
0.007435
-0.0052616
0.0098575
-0.0036601
0.0076141
-0.0052436
-0.0094227
0.0058561
-0.0036501
-0.0006273
0.0074784
0.0051434
0.0040326
-0.0076779
0.0039289
0.0059494
-0.003939
0.0021429
-0.0039625
-0.0090964
0.0084182
0.0084558
-0.0094473
0.0053261
-0.0027215
-0.0059539
0.0088304
-0.0047636
-0.002577
0.0055965
-0.0077087
-0.0026136
0.0013073
-0.0006675
-0.0062603
0.0015232
-0.0026322
-0.0037569
0.0064121
-0.0043546
0.0033811
0.0009917
0.0025957
-0.0035261
-0.0021911
0.0007333
0.0031799
0.0083338
-0.0019429
0.0028047
0.008492
0.003189
0.0029936
0.0082349
-0.007511
-0.0051075
-0.0010151
6.99e-5
-0.0069577
-0.002942
0.0018661
-0.0024273
0.004191
-0.0001709
0.0059256
1.86e-5
-0.0097584
0.0019906
-0.0015935
-0.0061246
0.0072464
0.001753
0.0044879
0.0007547
0.0097012
-0.0080483
-0.0094351
-0.006123
