0.0082741
-0.0001519
-0.0011474
-0.001585
0.000683
0.0037794
0.0051203
0.0048588
0.0064733
-0.0073687
0.0094392
-0.0065989
0.0020541
0.0089476
-0.0038477
0.007949
-0.0070017
-0.005276
-0.0034141
-0.0081431
-0.0065353
0.0068554
-0.0050441
0.002158
0.0031938
0.004306
-0.0073698
-0.0067253
0.002712
0.0061246
0.0090363
0.0031222
0.0057884
0.0034959
0.007611
-0.0003782
0.0059539
-0.0057426
0.0072649
-0.0011165
0.0061975
0.0007162
-0.0063227
-0.0080665
0.0023955
-0.0001084
0.0090679
-0.0064844
-0.0007967
0.001943
-0.0001259
-0.0056699
-0.0033911
-0.0078746
0.0029019
-0.0071598
-0.0060082
0.0075521
-0.0060342
0.0040612
0.0060322
-0.0093621
0.0086915
-0.003153
-0.0054809
-0.008523
0.0065492
-0.0082728
0.0063251
0.0083864
0.008865
0.0095042
0.0037936
-0.0025624
0.0057548
-0.0092207
0.001714
0.0088036
-0.0068672
0.0063282
-0.0046635
0.0089128
-0.0039024
0.0060922
0.0048401
0.0094627
-0.0053147
-0.0021825
0.0067386
-0.006738
-0.0003259
-0.0001308
-0.0082625
-0.0082184
-0.0092006
0.0026879
0.0034349
-0.001882
0.0064942
-0.005956
-0.0078286
-0.0026764
0.0010484
0.0075959
0.0086573
-0.0073277
-0.0044481
0.0022618
0.001653
-0.0091787
-0.0070887
-0.0025511
-0.0018119
-0.002967
0.0029456
0.0042075
0.0034861
-0.0055866
-0.0019743
-0.0064858
-0.0097917
0.0081932
0.0017086
-0.0084337
-0.0088607
-0.0004561
-0.003856
-0.0051882
0.0092637
0.0004481
0.0006539
-0.0087921
0.0021279
0.0014478
-0.0028511
0.0007418
-0.0067003
0.0025607
-0.0008613
-0.00645
0.0057977
0.0020511
-0.0064883
-0.0005799
-0.0056973
-0.0083557
-0.0019552
-0.0088024
-0.004303
-0.0013661
0.0060276
0.0031503
0.0025651
0.0048837
0.0053494
0.0072515
-0.0087873
-0.0005188
0.0072329
-0.0006016
-0.0085253
-0.0049527
0.0060813
0.0044116
-0.0011841
-0.0030989
-0.0064596
-0.0076243
-0.0098716
-0.009825
0.007772
0.0090895
-0.0045444
-0.0011743
0.0077327
0.0011619
-0.0061287
-0.0035127
-0.0019242
-0.0014412
-0.0099981
-0.0030115
-0.003654
0.0077481
0.0001608
0.0067973
-0.0099534
0.0076607
0.0071649
-0.0012401
0.0039398
-0.0053428
-0.0014845
0.0042023
-0.007474
0.0046748
0.0020761
-0.0036838
-0.0093968
0.0023275
0.002489
0.0004547
-0.0081633
0.0005193
0.0097417
0.0039977
-0.0051292
0.0017132
-0.0088602
-0.0075084
0.0021372
-0.0036654
-0.0013421
-0.0077344
-0.0054453
-0.0022743
-0.0073522
-0.0007814
-0.0013038
-0.003158
-0.006113
-0.0088942
0.004961
-0.0027569
-0.0032448
-0.0005971
0.0039165
0.0052682
-0.0026453
0.0060937
-0.008279
-0.004739
-0.0051718
0.0036007
0.0002898
0.0015596
0.0055738
-0.0091292
0.0038981
0.0079118
-0.0067781
0.005608
0.0002863
0.0028546
0.0012899
-0.0055399
0.0059293
0.0073783
0.004629
-0.0017624
0.0077515
-0.0002625
0.003008
0.0065069
-0.006444
-0.0053491
0.0027907
-0.0068447
0.0001512
-0.0057346
-0.0087171
0.0055728
-0.0041256
0.0036898
-0.0026448
0.0056525
-0.0007492
0.0034492
0.0031198
-0.0056792
0.0009233
0.0015809
0.0045509
-0.0063141
-0.0065961
0.0030032
-0.0089533
-0.0082389
0.0051006
-0.0099123
-0.0095414
-0.0064318
-0.0019587
6.35e-5
-0.0065791
-0.0046394
-0.0021078
-0.0009543
-0.0092917
-0.0063067
0.009549
-0.0084576
-0.0078762
0.0063378
-0.0049264
-0.0006477
0.0079235
-0.0021192
0.0036339
-0.0028485
0.0044143
-0.0018851
-0.009649
0.0040483
-0.0085335
-0.0070541
0.0066237
-0.0076458
0.0072484
0.0090482
0.0085212
0.0071431
-0.0046936
-0.0022423
0.0093686
0.0015013
0.0059435
-0.0006044
0.002902
-0.0077037
-0.0081683
-0.0068927
0.0067277
0.0072455
1.97e-5
-0.0010515
-0.0047384
-0.0017578
-0.0082387
-0.0052864
-0.0039179
-0.0003946
-0.0070105
-0.0015302
-0.0050648
0.0087758
-0.0056182
-0.0018497
0.0003921
0.0025452
-0.005647
-0.0060227
-0.0032449
0.0023564
-0.0045732
-0.0057055
0.0054138
-0.0007795
0.0040891
0.0063842
-0.0040158
0.0085338
0.0076509
-0.0046306
-0.0030818
0.0021498
0.0085455
-0.0011046
-0.0018687
0.0045961
0.0028864
-0.0057177
0.0056017
-0.0068532
3.85e-5
-0.0088532
0.0064597
0.0082892
0.0085397
0.0096706
0.001871
-0.0080423
8.82e-5
-0.0012852
0.0042502
0.0035608
0.0071833
-0.002684
-0.0098925
0.0003251
0.0011824
0.0033021
0.001496
0.0041458
0.0067535
0.0007522
0.0026934
-0.0099798
-0.0095392
0.0045717
-0.0070583
-0.0028906
-0.0086995
-0.0022492
-0.0061654
-0.009824
-0.0034345
-0.0046458
-0.0018634
0.001154
-0.0083188
-0.0013961
0.007588
0.0085493
0.0045519
-0.0006641
-0.0066899
-0.0055204
-0.0025276
0.0055635
-0.0003486
0.008618
-0.0020857
0.0095127
-0.0045311
0.0095027
0.0098961
-0.0036599
0.0093858
0.0051247
0.0084006
-0.001391
0.0006311
-0.0050286
0.0040975
-0.0031796
-0.0022402
0.0092213
-0.0024435
0.0069245
-0.0095465
-0.0056423
0.0026978
0.0037267
0.0012563
-0.0052938
0.0075829
0.0019345
0.0086914
0.0066529
0.0013004
-0.0050812
0.0054052
0.0003696
-0.0065697
-0.0033231
0.0067326
0.0064305
0.0073266
-0.0011912
-0.0076641
0.0098557
0.0003027
-0.0038663
0.0079687
-0.0026849
-0.0065461
-0.0058896
-0.001945
0.0024862
-0.0087747
0.0014555
0.006757
0.0009528
-0.0046643
0.0069214
0.0078576
-0.0096574
0.003801
0.007594
0.006315
-0.0078275
-0.0068696
0.0037724
0.0070342
-0.0024081
-0.0054415
-0.0041794
-0.0003491
-0.0032275
-0.0039972
-0.0005953
0.0090652
-0.0036386
0.0092785
0.0051935
-0.0099889
-0.0061349
0.0069259
-0.0050633
0.008428
0.0097383
-0.0003732
0.0057388
0.0067163
