-0.0075113
-0.00122
-0.001723
0.0045646
-0.0089729
0.0074188
0.0078823
0.0029092
-0.002209
0.0024579
-0.0031477
0.0001357
0.0067231
0.000457
-0.0069185
-0.0016858
-0.0068911
0.0077972
0.0051027
-0.0066031
0.0057929
0.0059876
-0.0098067
0.0053776
0.0006766
-0.0033215
0.0038628
-0.0035368
8.19e-5
0.0043693
0.0040202
-0.005425
-0.0048418
-0.0007203
-0.0027768
-0.0095209
0.0053483
-0.0099771
-0.0073645
-0.0036153
-0.0070724
-0.0047485
-0.0047889
-0.0011541
0.0027884
0.007098
0.0021819
0.0072606
-0.0020046
-0.0022053
0.0048531
1.28e-5
0.0025347
0.005595
0.0017115
0.007619
0.0005089
0.0092814
-0.0051379
-0.0006326
-0.0087352
-0.0079687
-0.0024929
0.0028384
0.0026656
-7.21e-5
-0.0045043
0.0070995
-0.0043294
-0.0043579
0.0056693
0.0001005
0.0092869
0.0085713
-0.0005328
-0.0039056
-0.0073743
-0.0025143
0.003672
0.0086275
-0.0069849
0.0012062
-0.0039064
0.0039654
0.0003189
0.0072357
0.0003186
0.009102
0.0069153
0.0067969
-0.0009535
-0.0035767
-0.0017365
-0.0058372
0.0094552
0.0055793
-0.0023919
-0.006469
-0.009539
0.0095735
0.0007179
0.0054597
-0.0016352
0.0028232
0.0063137
0.0046838
-0.0069244
0.0046844
-0.0057393
0.0062001
-0.0029661
0.0001679
0.0037372
-0.0075922
-0.008679
0.0040772
-0.0005414
0.0081879
-0.0031804
0.0055339
0.0073818
0.006363
0.0012664
0.0004652
0.0022932
-0.0029596
0.0034431
0.0025213
-0.0046213
-0.0085396
0.005893
-0.006117
-0.0088106
-0.0018774
0.0009231
-0.0059461
-0.0044769
0.003251
0.0079973
-0.0094394
-0.0072047
0.0088505
-0.0004043
0.0020418
0.0088103
0.0044119
-0.0071796
-0.0075701
0.0058718
-0.0080759
-0.0053603
-0.0038315
-0.0050801
-0.0037287
0.0043258
-0.0048605
0.0051338
0.00293
0.0097716
0.0017507
0.0016888
0.0087452
-0.0060421
0.0043562
0.0064701
-0.0051912
0.0067814
-0.0042117
-0.0025052
-0.0063361
-0.0089895
0.0041577
-0.0025937
0.0079413
0.0025173
0.0063109
-0.0073818
-0.0012053
0.0095051
-0.0080691
-0.0048023
-0.0016938
-0.0002792
-0.0004227
-0.006388
-0.0023493
-0.0043454
0.0060769
0.0049221
0.0009323
0.0066438
-0.006402
-0.002604
0.0071894
-0.0071574
0.0093222
-0.0040005
-0.0098836
-0.0031566
-0.0080984
0.0064471
0.0061507
-0.0008264
0.006072
0.0048184
0.0048287
0.0066446
-0.0093199
0.0043866
0.0048857
-0.0039972
0.0086679
0.0080076
-0.0071982
0.0033781
-0.0047935
-0.0003137
-0.0066493
0.0083279
0.0016296
0.0078309
0.0037997
0.0085647
0.0089831
0.0053748
-0.0099393
-0.0036533
0.0019369
-0.0007677
0.0022304
0.0017358
0.0086625
0.003917
0.0098077
0.0009817
-0.0014895
-0.0022694
0.0021398
0.0068601
0.0096589
-0.0011807
0.0046937
-0.0072123
-0.0090428
-0.0041455
0.0086093
-0.0074093
-0.0079648
-0.0063137
-0.0035059
0.0008409
0.0031919
-0.0027654
0.0089408
-0.0015673
-0.0030607
-0.0090026
-0.0084958
-0.0006114
0.0077295
-0.0029673
-0.0027428
-0.0043408
-0.0015568
0.0054355
-0.0087336
0.0027144
-0.00445
-0.0017664
0.0071738
0.0034608
0.0094806
0.0017743
-0.0059059
-0.0046753
-0.0087033
0.00718
-0.007342
-0.0092185
0.0011607
0.0092562
0.0074226
-0.0057507
0.0080081
-0.0013146
-0.0033463
0.0053376
-0.0058804
0.0019243
-0.0094994
0.0054278
-0.0048175
0.0015273
0.0092792
0.0055414
-0.0013434
-0.0003102
0.0056569
-0.0054028
-0.0020478
-0.0046564
0.0010702
0.0007054
0.0037874
0.0070918
0.0053546
0.008088
-0.0009527
0.0035756
-0.0045808
-0.0035695
-0.0011041
-0.0015089
0.0032793
-0.0027204
0.0089533
0.002902
0.0016945
-0.0078022
0.0019968
-0.0096809
-0.009716
-0.0077759
-0.0027224
-0.0017618
0.0097339
-0.0039667
-0.0006862
0.0066518
0.0032678
-0.0014229
0.0019679
0.0064303
-0.0029579
0.0022444
0.0010543
0.0033292
0.0064825
0.0024413
-0.0077841
-0.006159
-0.0023972
-0.0035883
0.0051658
0.0075788
0.0038947
-0.0070025
-0.0037738
-0.0098659
-0.0038356
0.0070815
0.0039323
-0.0003354
0.0012966
-0.0025248
-0.0001546
0.0092752
-0.0029317
0.0096593
-0.0006953
-0.0034649
-0.0048235
-0.0046935
0.0045594
-0.0057334
-0.0093056
-0.0037713
-0.0013212
-0.0085597
-0.0063707
-0.005045
-0.004672
0.0089075
-0.0015557
-0.0010905
-0.0089912
0.0097547
-0.0027828
-0.0013446
-0.0003508
0.006809
-0.0007459
0.0064708
-0.0059655
-0.0024359
-0.0032513
0.0075131
-0.0051386
0.0032535
-0.0052002
-0.0021706
0.0026296
-0.0016466
-0.0075433
-0.0073975
0.0044728
0.0015543
-0.0081901
-0.0032339
-0.0004487
0.0048819
-0.0089649
-0.0007521
-0.0063609
-0.0022246
0.0044176
4.6e-6
0.0082466
-0.0052646
0.0002635
0.0064635
0.0048098
-0.0084185
-0.0015216
-0.0036696
0.005344
0.0001782
-0.0096149
-0.0030434
0.0087072
0.0012565
-0.006253
-0.0008298
-0.0002787
-0.0091474
-0.0028675
0.0026909
0.0053598
0.0018384
0.0012377
-0.0071623
-0.009946
0.0077911
-0.0037902
0.0049852
0.0047595
-0.002242
-0.0077379
-0.0017033
0.0019847
-0.0097186
-0.005368
-0.0039146
0.0051498
0.0042028
-0.0013455
0.0033591
0.0088441
-0.0060782
-0.0016777
0.0001851
0.0097415
0.0067417
-0.0010946
0.0023406
-0.0062396
-0.0041496
0.0077888
-0.0027904
-0.0006452
0.0034868
0.0083282
0.0029354
0.007051
-0.0058802
0.0067495
0.0089201
0.0056806
0.0037947
-0.0067346
-0.0039671
-0.0003813
-0.0006861
0.0068202
-0.0083485
-0.0029415
0.0016352
-0.008701
-0.0049227
0.0079426
0.0049323
-0.0094561
0.0048344
-0.0046442
-0.008542
0.00797
-0.0006579
-0.0021549
-0.005369
0.0016194
0.0054476
0.0062181
0.0045079
-0.0067232
0.0041448
