0.002972
0.0027603
-0.0047271
0.0036735
0.0024451
0.009204
0.0094607
-0.0096489
1.1e-6
0.0058705
0.0053013
-0.0095145
-0.0092508
-0.0040542
-0.0098469
-0.0023096
0.0091335
-0.0047522
0.0004011
0.0072605
-0.0099868
0.0039756
0.0065192
0.0044095
-0.0040638
-0.0032201
0.0072535
0.0003706
-0.0059223
0.0065959
-0.0032446
-0.0094857
0.0076144
0.0053943
0.0043969
-0.0067907
0.008594
-0.0073195
0.0067853
-0.0009696
-0.0035723
0.0015174
-0.0015297
-0.0077671
-0.0027393
0.000975
0.0073242
-0.0086365
0.0088896
0.0090619
0.0081807
-0.0039512
-0.0062649
-0.0007969
-0.0049519
0.009735
-0.0035023
0.0069006
-8.47e-5
-0.0069816
-0.0026733
0.0054641
-0.0019694
-0.0086995
-0.0089279
-0.0034275
-0.0043005
-0.0082489
-0.0067803
-0.0086932
0.0091217
0.005364
-0.0003276
0.0032366
0.0089558
0.0033758
0.0038935
0.0064931
0.0089018
0.0078103
-0.0058274
0.0012684
0.009989
0.0080657
-0.0073478
0.0035041
-0.0032307
0.0059866
0.0092504
-0.0007059
0.0009299
-0.0056642
-0.0090131
0.0084593
-0.0083524
-0.0040971
-0.0030956
-0.0014911
-0.0087642
0.009431
0.0090197
-0.0070076
-0.0097236
-0.0005636
-0.0045524
-0.0078505
0.0048918
-0.0005651
0.0074498
0.0027554
-0.0001396
0.0088158
-0.0017135
0.0025882
0.0015366
0.0048129
-0.0034423
0.0001499
0.0045048
0.0027649
0.0048138
0.0019096
0.008455
-0.0064699
0.0067202
0.0038023
-0.0057757
-0.0049759
0.006727
0.006786
-0.0029332
0.0049059
0.0009535
-0.0026936
0.0087476
-0.0054576
-0.0031069
0.0085234
0.0029026
0.0086683
-0.0030578
0.004881
0.0085593
0.0001345
0.0073287
-0.0055475
-0.0044009
0.0011954
0.0083433
0.0024773
0.0001511
0.0008326
-0.0089457
0.006112
-0.0021154
-0.0058
0.0023417
-0.0080314
0.0098455
-0.0056415
0.0095241
0.0084255
-0.0051079
-0.0045067
9.7e-5
-0.0013467
0.0002655
0.0084616
0.0061039
0.0005318
0.0070241
-0.0014387
-0.0063318
-0.0023954
-0.0099213
0.007461
0.0026649
0.0065827
-0.0070571
0.0011826
0.0032599
-0.0053624
0.0017585
0.0020811
-0.0044578
-0.0002032
-0.0080523
0.0066693
-0.0048008
-0.005447
0.0094781
-0.0032145
-0.0007897
0.00184
-0.0080182
-0.005056
0.0041281
-0.0073855
-0.0031081
0.002172
-0.0005629
0.0018805
0.0093763
0.0058832
-0.0001888
-0.0008133
-0.0043344
0.0002094
0.0047863
0.0009471
0.0021259
-0.0023285
0.0063244
0.0082256
0.0064566
-0.0065678
-0.0004752
0.0068136
-0.0013036
-0.0063259
-0.0098398
-0.0004946
-0.0036283
0.0082889
-0.009727
0.0004188
-0.007191
-0.0066434
-0.0078203
-0.0031215
-0.0029853
-2.45e-5
0.0083404
0.0098918
-0.0027457
0.0054953
0.0073621
0.0079786
-0.0053787
-0.0031674
0.0056285
0.0016293
0.0058048
0.0079648
-0.0065093
0.0062187
0.0079452
0.0066581
-0.0013158
0.0031622
0.0073439
-0.0029549
-0.0032856
-0.0057794
0.0036415
-0.0073871
-0.0030129
0.0013288
-0.0021189
-0.0068731
-0.0076997
0.0072239
-0.0020083
0.0099685
-0.0031774
-0.0070213
-0.0014692
0.0060595
-0.0068491
8.77e-5
-0.0061612
0.0012418
0.0060731
-0.0055315
0.0051398
0.007936
0.0046207
-0.0025443
-0.0053973
-0.0077343
0.0050379
0.0005305
0.0085651
0.0069141
0.0087793
-0.0078995
-0.0001751
-0.0047416
0.000274
0.0029227
0.0016276
0.0097211
-0.0063973
0.0004032
-0.0081034
-0.0031833
0.0066995
-0.0074514
-0.0011829
-0.0088383
0.0099962
-0.0090694
0.0040446
-0.0028426
0.0008712
0.0013536
-0.0062044
-0.002343
0.0057611
0.0081045
0.009498
-0.0047015
-0.0003504
-0.0026412
0.0076493
-0.0031548
0.002896
0.0096808
0.005186
0.0086092
0.0095642
-0.0049642
0.0050326
0.0098871
-0.0043979
-0.0012863
0.0077788
-0.0074022
-0.0034067
0.0062629
-0.0072677
8.75e-5
-0.0057802
-0.0068989
-0.0004701
-0.0034912
-0.0044985
-0.0047151
-0.0042276
0.0034346
-0.0044942
-0.0087791
0.007338
-0.0061453
-0.0092872
-0.0099115
0.002353
-0.0072631
0.0005448
0.0033697
0.0003449
0.0043603
-0.0086139
-0.002861
-0.0062903
0.0063956
0.007823
-0.002978
-0.0088047
-0.0084119
0.0024082
-0.0007834
-0.0022988
0.005707
-0.0063421
-0.005022
0.0029403
0.0054976
0.0070206
-0.006615
-0.0068527
0.0061222
0.003535
0.0033782
-0.0010368
-0.0035302
-0.00974
0.0081961
0.003093
-0.009908
-0.0031275
-0.0083893
0.0057389
0.0034579
0.00674
-0.0068523
0.0072711
-0.0043657
-0.0085449
0.0014364
-0.0019576
0.007874
0.0051028
0.0057416
-0.0012858
0.0078188
0.0052506
-0.005015
-0.005499
0.0017678
0.000878
0.0096822
-0.0007059
0.0020463
-0.0040584
0.0035915
-0.0035702
-0.0003866
0.0051109
-6.3e-6
0.0027479
-0.0028014
0.00629
0.0044851
-0.0056884
0.0037069
0.0057437
0.008032
-0.0055906
0.0033338
-0.0021588
0.0039318
-0.0053238
0.0009721
-0.0045263
-0.0063046
0.0020622
-0.0029761
0.0094808
0.0088772
-0.0067878
0.0057412
0.0096598
-0.0003596
-0.0088912
-0.0024871
-0.0036931
0.00627
-0.0031517
0.0029455
-0.0097981
0.0083681
-0.0025793
0.0096967
0.0071541
-0.0053409
-0.0071943
0.0018867
-0.0074805
0.0005235
0.0042645
0.0044371
0.0070619
0.009814
-0.0074402
0.0078707
0.0007013
0.0094849
0.0059787
-0.001399
-0.0048162
0.0029283
0.0056427
-0.0069069
0.0090467
0.0075541
-0.0010188
0.0092507
0.0098852
-0.0006489
-0.0050502
-0.0027826
0.0031594
-0.0058951
-0.0095191
0.0051169
0.0052315
0.0098009
-0.0073853
-0.0099534
-0.0002846
0.0005385
-0.0050745
0.0083547
-0.0010063
0.0089777
-0.0022292
0.0013659
0.0076664
-0.0085534
-0.007217
-0.0009235
-0.0071813
0.0032387
-0.0008939
