-0.0065299
-0.008339
-0.0082623
-0.0046919
0.003851
-0.0046306
0.0002806
-0.0024022
-0.0074697
0.0027897
0.0079444
-0.0024615
0.009106
-0.0025592
0.0010713
-0.0022029
-0.0024116
0.0001383
0.0014575
0.0010041
-0.0050405
0.0021097
0.0062987
0.0025885
-0.003015
0.0027045
0.0097742
0.0031486
0.0034009
0.0032074
-0.0038798
-0.0054852
-0.0023256
-0.0096025
-0.004501
0.0037709
-0.003172
-0.0096163
-0.0049691
0.0001982
0.0069118
5.15e-5
-0.0078294
-8.69e-5
-0.0038376
-0.0028657
0.0010409
0.0079384
-0.0054365
0.0048433
-0.0061104
0.0077594
-0.0023522
-0.0091858
-0.0083031
-0.0033362
-0.0073519
0.0067267
0.0017541
0.0069798
0.0066242
-0.0050046
-0.0020039
-0.0090793
-0.0040385
0.0056445
-0.0071679
0.0070756
-0.0029117
0.009082
-0.0071228
0.0055046
0.007028
0.0057381
-0.0064654
0.0041132
-0.0025055
-0.0054998
0.0030816
0.0097664
0.0078478
-0.0007213
-0.0064214
-0.0093766
-0.0096359
0.0006744
-0.0081467
0.0056807
-0.0028966
0.002694
0.0051446
-0.0043271
-0.0043389
-7.07e-5
0.0082527
0.002069
-0.0069831
-0.0014989
-0.0067939
-0.0051899
-0.0011327
-0.0095034
-0.0068945
-0.0076107
-0.0009901
0.0047493
0.0080437
0.0081842
0.0055996
-0.0076045
-0.0049539
-0.0040141
-0.0063823
0.0036062
0.0085631
-0.0034452
-0.0074112
0.0007679
0.0087408
-0.0093042
0.0024004
0.0084552
0.0081789
0.001543
-0.0043857
0.005383
0.0009454
0.0022368
0.0092564
-0.0032965
0.0090815
-0.0086763
0.0061997
-0.0014713
-0.0012448
-0.0029728
-0.0024781
0.0060748
-0.0082775
-0.005089
0.0087961
-0.0069185
0.0011817
-0.0011375
-0.0074214
-0.0054444
-0.00295
0.0001373
-0.0028234
0.0022188
-0.0040721
-0.0057005
-0.0062913
-0.0025427
-0.0045009
-0.0046975
-0.0055108
0.0054455
-0.0086272
0.003445
0.0034301
0.0077416
-8.2e-5
0.0031117
0.0085866
-0.0061853
-0.0024676
-0.0093676
0.0018108
0.0033398
0.0032356
-0.0010785
0.0001308
-0.0057997
0.008865
-0.0081879
0.0099526
0.0061158
0.0093389
0.0027751
-0.0076467
0.0088379
0.0012966
-0.0051034
0.004215
0.0039904
0.0097226
0.0007307
0.0061195
0.0088194
0.0049797
-0.0021004
-0.0002324
0.0070805
-0.0096878
-0.0075626
-0.0065786
0.0001087
-0.0098619
0.0091318
0.0061319
0.0087983
-0.0078148
-0.0062354
0.0081645
0.0084941
0.0023484
-0.0017769
-0.0054213
-0.002114
0.0066494
-0.0076271
-0.0022926
-0.0022227
-0.0035159
-0.0093914
0.0072387
-0.0077681
-0.0004187
-0.0093643
-0.0049312
-0.0096576
-0.008473
-0.008302
-0.0007674
-0.0019035
-0.0093875
0.0094045
-0.001049
-0.0006659
-0.008293
0.0018969
0.0054196
0.0028931
-0.0004881
-0.0035357
-0.0024743
0.0031416
-0.0012956
-0.0037834
-0.008425
0.0066154
-0.0036634
-0.0093433
0.0042123
0.009857
-0.0002993
0.0046105
-0.0009208
-0.0013787
-0.0001265
0.0078757
-0.00618
0.0068213
0.0086825
0.0090898
-0.001536
0.0083345
0.0013463
0.0067578
0.0099886
-0.0079823
-0.0081407
-0.0023195
0.0011675
-0.0096563
0.0092
0.0092386
0.0069029
0.0063116
0.0039946
-0.0032433
-0.0071763
-0.0033546
0.0099071
0.0054409
0.0005343
0.0061819
-0.0014114
0.0048472
0.0095972
-0.0035945
0.0048179
-0.0024973
0.0057941
0.0088538
-0.0053192
0.0021812
-0.0091542
-0.0021451
-0.0053707
0.0074683
-0.0095554
0.0083028
0.00949
-0.0044389
0.006754
-0.0091802
0.0015276
0.0092245
0.0061641
-0.0029185
-0.0024785
-0.0045669
-0.0046317
0.0078675
-0.0098426
-0.0025957
-0.0014068
0.0057749
-0.0082176
-0.0006932
-0.0052711
-0.0052443
0.0037423
-0.0024574
-0.0070655
0.0006774
-0.0003765
-0.0040566
0.0062654
-0.0036732
-0.0057415
0.0017235
0.0045051
-0.0016992
0.0062135
-0.0040357
0.0041698
0.0050095
0.0093445
0.0019434
-0.0011971
0.0023876
-0.0051773
-0.0084711
-0.0063727
-0.004061
-0.0087653
0.0014178
0.003805
-0.008891
0.0013632
-0.00948
-0.0067284
0.0051614
-0.0050811
-0.0021287
0.0033068
0.0002274
-0.0047518
0.0087984
0.0018097
-0.0028841
-0.0065889
0.0068386
0.0016157
0.0055578
-0.0023076
-0.0088393
-0.0061375
0.0049602
0.0069869
0.0031404
-0.0048765
-0.0020824
0.0059782
0.0093182
0.0055538
-0.0046005
0.001429
0.0062554
0.0046753
0.0082364
-0.0085049
0.001296
-0.0047947
0.0062044
0.004653
-0.00176
-0.0074598
0.0019255
-0.0017854
-0.0092693
0.0008612
-0.0029945
-0.0004303
0.0050034
-0.0061901
-0.0080137
-0.0057541
-0.0075723
0.0097964
0.0078673
-0.0050212
-0.0047478
0.0058002
0.0038908
0.0027709
-0.0085588
-0.0027787
-0.007593
-0.0055534
0.0095175
-0.0027514
-0.0040266
-0.0023409
-0.0001322
-0.0031821
-0.0037306
-0.0054841
-0.0066001
0.0063139
-0.0041344
-0.009618
-0.0007353
-0.0020066
-0.0012305
-0.006947
-0.0001394
-0.0028968
-0.0080976
0.0076251
0.004724
-0.0092571
-0.000864
0.0029236
-0.0086991
-0.0003322
-0.0001415
0.0050407
-0.0056715
0.0080291
0.0063946
-0.0058527
-0.0052809
0.0061907
-0.0019911
0.0076499
0.0025069
-0.0064917
-0.0001344
-0.0053661
0.0019951
0.0012477
0.0078575
0.0087983
0.003417
0.0057134
-0.0077147
-0.0049446
-0.0079636
-0.0069342
0.0024516
0.0013074
0.0079865
0.0062386
-0.0045501
-0.0098757
0.0029083
-0.0097501
-0.003776
0.0092817
-0.0030784
0.0040421
0.0086235
-0.0003
-0.0015229
0.004227
0.0082766
-0.0021618
-0.0048134
0.004575
-0.0069616
0.0054678
-0.0001554
0.0067308
-0.0093048
0.0044807
0.0035464
0.0010225
0.0066274
0.0084346
0.0046647
-0.0011738
0.0049378
-0.0089475
-0.0011679
-0.0085466
0.0096181
-0.0077609
0.0009329
-0.0075594
-0.0095765
0.0038306
