0.0088903
0.0053961
-0.0044828
0.0026499
-0.0066071
0.0064128
0.0033833
-0.0072767
-0.0007939
0.0010051
0.0022297
-0.0048092
-0.0072857
0.0069204
-0.0089521
0.0096708
-0.0001645
-0.0095468
-0.0084925
0.005965
0.0057201
-0.0074805
0.0064019
-0.0089245
0.0050509
0.0045744
-0.0029359
-0.0002588
-0.0074172
0.0099713
-0.0092902
-0.0009083
-0.0090938
0.0051571
0.0028429
0.0026264
-0.0066825
0.0005859
0.0089089
0.0055731
0.0040441
-0.0032419
0.0095158
0.0042972
-0.0096448
0.0033213
0.0020143
0.009503
-0.005379
-0.000122
0.0027798
-0.0008707
0.0093474
0.0010834
0.0012918
0.0063563
-0.0026009
-0.0010981
0.00307
0.0078518
-0.0050283
-0.0079882
-0.00144
0.0020149
0.0086573
-0.0075413
-0.001007
0.004454
0.009834
-0.0039134
0.0043463
-0.0072587
-0.0008834
0.0053673
0.0054322
-0.0014826
-0.0018565
0.0020719
0.0077697
0.0036699
-0.0075429
0.0005998
-0.0003181
0.0095539
0.0087825
-0.0080072
-0.0052979
0.0021802
0.0010281
-0.0023528
-0.0098992
0.0067227
0.0030906
0.0057724
0.0039572
-0.0007178
-0.0003052
0.0035881
-0.0023279
0.008142
0.000224
-0.007555
0.0019614
0.0059682
0.0019948
0.0096381
-0.0063759
-0.0076196
0.0002314
0.0001886
0.0024208
0.0034546
0.0033328
0.0090484
-0.009371
0.0026635
0.0022386
0.0094762
0.0091636
-1.85e-5
-0.0088017
-0.0090097
0.0063397
-0.0015756
-0.0042355
-0.000632
-0.0039723
0.0066789
-0.0049737
0.006704
0.0057511
0.0075242
0.0016295
0.0044087
-0.0084623
-0.0010467
0.0020976
-0.0064326
-0.0080188
-0.0076041
0.0006691
-0.007092
-0.0019911
-0.0094203
0.0028606
0.0014494
-0.0013847
0.0032977
0.0074471
0.0001431
0.008276
0.0001482
0.0056996
-0.0086419
-0.0066649
-0.0002393
0.0080908
0.0052806
-0.0033325
-0.0036558
0.0035429
0.0005314
-0.0006589
0.0058369
0.0016776
0.0046436
0.0028422
-0.0051767
0.0079169
-0.0070238
0.008573
0.0086368
-0.0053872
-0.0009911
-0.0047538
-0.0036808
0.0022944
-0.0087422
0.0094373
0.0052969
-0.0017422
0.0063088
0.0080265
-0.0049374
-0.0087503
-0.0029539
0.003503
-0.0014797
-0.0084299
-0.0027781
-0.0057477
-0.0070157
-0.0059635
-0.0068306
-0.0039363
0.000577
-0.0074675
-0.0051706
0.009495
0.0051303
-0.0063995
0.0046593
-0.0008075
-0.0080944
-0.0023389
0.0041127
0.0017919
-0.0067253
-0.0046234
0.0089437
0.0014352
0.0001848
-0.0019642
0.0019964
-0.0048089
0.0038657
0.0010051
0.0042803
-0.0010286
-0.0078216
-0.0088651
-0.0044433
0.0051195
-0.0096976
-0.008376
0.0064421
-0.0089282
0.0084325
-0.0062028
-0.0046213
-0.0003913
-0.0089466
0.0047351
-0.0016096
0.0078801
-0.007933
0.0060546
0.0033282
-0.003384
-0.0009739
-0.0074611
-0.0073705
0.0045472
-0.0052705
0.0074362
-0.0062362
0.0016621
0.0087014
-0.0089999
-0.0055737
0.0009738
0.0004263
-0.0092596
-0.0075291
0.0049009
-0.0076051
0.0072307
0.0060254
-0.0011272
-0.0012379
0.0046888
-0.0015267
-0.0046318
0.0053272
-0.0064532
0.0079459
-0.0055656
0.0016733
-0.0024832
-0.0014294
8.69e-5
0.008042
-0.008501
0.009938
0.0042477
0.0038078
0.0038022
-0.0083605
-0.0042618
-0.004676
-0.0075764
-0.0052677
-0.0091288
0.0069314
0.0027989
-0.0096688
0.0089053
-0.0044158
0.0094139
-0.0063286
0.009967
0.0086245
-0.0076275
0.0084224
-0.0048474
0.00168
-0.0010729
0.0046203
-0.0087599
0.0009901
0.0068078
0.0099467
0.0037201
0.0063892
-0.0036475
-0.006565
-0.000429
0.000494
0.0004292
0.0027721
0.004291
0.0026635
0.0027154
0.0061616
0.0060517
0.0082854
-0.0078927
0.0094182
0.0022877
0.0048308
0.0015196
-0.0039837
0.0061583
0.0088923
-0.008163
-0.0014108
-0.0009772
-0.0084163
0.0021097
0.0023989
-0.0024817
0.0003103
0.0073985
0.0012955
-0.0033944
0.0045197
0.0036146
-0.0083902
0.0070177
0.0009491
0.0043416
0.0031686
0.0072903
0.0021005
-0.0019177
0.0034878
-0.0029081
-0.0010492
0.0086099
-0.0049156
0.0067407
-0.0038517
0.0089357
0.0050924
0.0098056
0.0039213
0.0004135
-0.0014053
0.0071431
0.0099639
0.0027887
-0.0005948
-0.0015928
-0.0048216
-0.0019975
-0.0025797
-0.0007653
-0.0095929
-0.0099187
-0.0065608
0.0024813
0.0049166
-0.0046689
-0.0092319
-0.0096699
-0.000445
-0.005462
0.0089257
0.0065249
0.0036884
0.0036854
-0.0091224
-0.0069445
0.0023543
-0.0073243
0.0028068
0.0077925
-0.0004546
0.0051701
0.0037466
-0.0071679
0.0087054
-0.0043495
0.006879
0.0089366
-0.0013677
-0.0033759
0.0090778
0.0048226
0.0003894
-0.0031126
0.0028563
0.0060999
-0.0099195
-0.0052968
-0.0016089
0.0027556
0.0092001
-0.0089195
0.006416
0.004284
0.0022502
-0.0008331
-0.0084469
0.0073734
0.0086193
0.0018482
0.0001235
-0.0060627
0.0084134
-0.00639
-0.0080924
-0.0053351
0.0092782
0.0045398
-0.0067999
-0.0001799
-0.0092234
0.0060766
0.0081007
0.0018993
-0.0065164
0.0026603
-0.0054484
-0.0072389
0.0047966
-0.0074536
0.0091906
0.0093852
0.0096288
-0.0041919
-0.0044443
-0.0070496
0.0073378
-0.0016758
-0.0006211
-0.0004572
-0.0086701
5.71e-5
0.0075819
0.0087261
0.0038166
-0.0084601
0.0053451
0.0039946
-0.0088449
0.0048827
-0.0004596
-0.0019973
0.0042193
0.0047811
-0.0063098
-0.0098187
0.0068056
-0.0090704
-0.0058977
-0.0005128
-0.0063748
-0.0064735
0.0016643
-0.0001208
0.0019643
0.0070765
-0.0066596
-0.0082293
-0.0055649
-0.0056395
0.0079044
-0.0005838
-0.0089239
0.0054254
0.0024952
0.0044635
0.0015507
-0.0021598
-0.0003256
0.0094365
0.0051009
-0.0074046
0.0045729
0.0004749
0.0087836
-0.0096624
0.004193
-0.0033184
