0.0071875
-0.0094142
0.0092381
0.000956
-0.0061109
0.0090512
0.0095924
0.0047715
-0.0051869
1.18e-5
0.0030052
0.0094982
-0.0067443
-0.0081424
0.0040206
-0.0078219
0.0067388
0.0014016
0.0079383
0.0076321
-0.0032333
-0.0091534
0.0092041
-0.0029035
0.0033074
-0.0057755
0.0067004
-0.0092181
0.004985
0.0093671
-0.0018016
-0.0082698
-0.0020349
0.0021566
0.0039638
0.0023852
-0.0001074
-0.0021335
-0.0062416
0.0094519
-0.0034669
-0.0097874
-0.0092505
-0.0075374
-0.0069898
0.0067833
0.0078015
-0.000208
-0.0051528
-0.0044486
-0.007318
-0.004688
-0.0051518
0.0078173
-0.0055769
-0.0008967
-0.0083046
0.0037381
-0.0005419
0.0086553
-0.0027204
0.006353
0.0026303
0.0012059
0.0026421
-0.0070599
0.0014578
-0.0062147
-0.0008084
-0.0086217
-0.0070184
-0.0097676
0.000318
-0.0049959
0.0038539
-0.0033641
-0.0070483
-0.0044703
0.0039927
0.0027901
-0.0030081
0.0053435
-0.0076521
-0.0067447
-0.0057051
-9.55e-5
0.0052693
0.0008401
-0.0071868
-0.0048954
-0.0081327
-0.0077074
-0.0050367
-0.0026476
-0.0044318
0.0073859
-0.009325
-0.0038704
-0.0041541
-0.0083131
0.003915
-0.0065993
-0.0059139
0.0098547
0.0065347
0.0092534
-0.0003327
0.0001529
-0.0042428
-0.0070544
-0.0049025
0.0057177
0.0022181
0.0003479
-0.0029909
-0.0041645
-0.0007704
0.0026729
0.0012584
0.0092713
-0.0013521
0.0036005
0.0092328
0.0049353
0.0019741
-0.0030293
-0.0055874
0.0047292
0.0026368
0.0069553
-0.0017402
0.0007215
-0.0029565
0.0035545
0.008299
0.0056782
0.0083365
0.0058842
0.0071926
0.0031806
0.0082649
-0.0070413
-0.0009225
-0.0057191
-0.0062024
0.0013266
0.0032808
-0.0060677
-0.005615
-0.0050714
0.002935
0.0072908
0.006896
0.0054013
0.0034924
-0.004054
0.0036788
0.0084358
0.001767
0.0011298
0.006386
0.0078034
-0.0050446
-0.0053532
-0.0072609
0.0001264
-0.0022414
0.0010378
-0.0043253
0.0057919
0.0055926
0.0058685
-0.0034735
-0.0014492
-0.000907
0.0065802
0.0022587
0.0025224
0.0037768
0.0017702
0.0053889
0.0054325
-0.005206
0.0026835
-0.0093502
-0.0043683
-0.0031035
-0.009867
0.0036999
0.0092386
0.0032869
-0.0060297
0.0030787
-0.006803
-0.0034004
0.0041594
-0.0049757
-0.0086328
-0.0017733
-0.0013883
-0.003616
0.000825
0.0096314
0.0045461
0.009952
0.0040183
-0.0042672
-0.0041343
0.0050587
0.0013516
-0.0024297
-0.0048963
0.0098734
-0.003564
0.0075948
-0.0034854
0.002519
0.0005859
0.0035793
0.0047173
-0.0090557
-0.0020482
-0.0006899
0.005402
-0.0065889
-0.0024158
0.0096431
-0.0071679
-0.0040049
-0.0028469
-0.0062008
0.0091199
0.0044989
0.0008849
-0.0056658
0.0072718
-0.0006061
-0.0027764
0.0049191
0.0064849
0.0078345
-0.0047017
0.0096957
-0.0001801
-0.0038071
0.0012268
-0.0035992
-0.0039193
0.0089604
-0.0090845
-0.0068487
0.0097807
0.0089481
0.0092482
0.0063374
0.00736
0.0007153
0.0008215
-0.0080701
-0.004746
-0.0067876
0.0040583
-0.0032704
-0.0018804
-0.0072755
0.0092755
0.0027966
0.0046083
-0.0006362
-0.0097589
0.0017584
-0.0008165
-0.0019921
0.0006975
-0.0071542
-0.005736
0.0051389
0.0070455
0.0017709
-0.0099648
0.0087841
-0.0021921
0.0033886
-0.0039887
0.0023216
-0.0025309
-0.0003808
-0.0084485
-0.0047937
0.0063918
0.0066811
-0.00482
0.0033852
0.0031576
-0.0089701
0.0095901
-0.0099329
0.0081279
-0.0038537
0.0082669
-0.0060049
-0.0089467
-0.0035756
0.0023351
0.0005822
-0.0005548
0.0058214
0.0019358
0.0007258
0.0073529
-0.0038069
0.0054424
-0.004942
-0.0059953
-0.0077569
-0.0050566
0.0040627
0.0048133
-0.0044818
0.0067413
-0.0097516
0.007078
-0.0085452
-0.0046239
0.0066953
0.0068997
0.0014274
-0.0022978
-0.0086001
0.0021945
-0.0023629
-0.007181
0.0093971
-0.0072373
0.0085063
0.0070199
-0.0033677
0.0059002
0.0020373
0.0004369
-0.0058259
0.0035665
-0.0071631
0.0016686
0.0066323
0.0089994
0.0050227
-0.0026235
0.0084753
0.0026244
0.0009131
0.0073511
0.0021747
0.0024697
-0.001342
-0.0041652
0.0093041
-0.0057878
-0.0060176
0.0064822
0.0072433
0.0066393
0.0033225
-0.0007698
0.0043375
0.0021665
0.0042544
-0.0057911
-0.0050443
0.0002587
-0.0030274
0.0087064
0.0092972
0.0020121
-0.003837
-0.0028467
-0.0083684
-0.0003435
-0.000938
-0.0062336
0.0096318
-0.0087243
0.0024685
0.0084029
0.009197
0.0050461
-0.0048033
0.0051788
0.0024448
-0.0054579
0.0038212
-0.0046559
-0.0011223
0.0036767
0.0039072
-0.0084518
0.0026752
-0.0017884
0.0007111
-0.00718
-0.0088661
-0.0004887
-0.0093273
-0.0015872
-0.0042419
0.0043969
0.0004395
-0.0040704
0.0021688
0.0079379
0.0093715
-0.0049657
0.0005167
-0.0057563
-0.0030465
-0.0073124
-0.0077728
-0.0021872
0.0056813
0.0027176
-0.0029814
0.0005057
-0.0020433
0.0007997
0.0087935
-0.0009543
-0.0030279
0.0006837
-0.0086621
0.0053515
0.0033316
0.0069819
-0.0003218
0.0079406
-0.0061571
-0.0006111
-0.0021387
-0.0088178
-0.0011972
0.0012328
-0.0068394
-0.0019489
0.0099672
-0.0079928
0.0094202
0.0041399
0.0088411
0.0030283
0.0002747
0.0066921
-0.0030521
0.0045024
-0.0054166
-0.006535
0.0097027
-0.0069397
0.0050309
0.006445
0.0035584
-0.0055018
-0.0049676
0.009748
-0.0039864
0.005951
0.0079097
-0.0072916
-0.0066791
-0.003332
-0.0052267
0.0069451
0.0075301
-0.0018834
-0.0056903
-0.0065693
-0.0072912
-0.0009729
0.0076439
0.0081711
-0.0055743
0.0037775
0.0067918
-0.0094131
0.0032484
-0.0052344
-0.0059914
0.0047576
-0.0033276
0.0078691
-0.008584
-0.0059741
0.0024756
0.0056365
0.0090929
-0.003565
-0.0092324
