0.0087252
-0.0047696
-0.0077723
-0.009845
0.0054407
-0.0020955
0.0058637
-0.0055935
-0.0067728
-0.007826
-0.003353
0.0091962
-0.0078677
0.0026842
0.0010776
0.0014412
-0.0074199
-0.0008892
0.0057032
-0.0011913
0.002721
-0.0050974
0.0084017
-0.000151
-0.0074167
0.0098314
-0.0039312
0.0090613
0.0093336
0.0019712
-0.0066045
0.0020752
0.0080324
-0.0037623
0.0006673
-0.0049079
0.0027774
-0.0076554
-0.0009671
0.0088327
0.0099472
-0.0095525
-0.0007954
-0.0093801
0.0032828
0.0071581
0.0026999
0.0079647
0.0006086
0.0082873
0.0025714
0.0094216
0.0055821
-0.0066677
-0.0025933
-0.0090037
-0.0075702
0.0005844
-0.0002844
-0.0040476
0.0060028
-0.0017193
0.0035862
-0.0041798
-0.0087302
-0.0036799
0.0028165
-0.004526
0.0004557
0.0002873
0.0038913
-0.0070468
0.0093878
-0.0032426
-0.0036088
0.0047302
0.0073465
0.0051595
-0.0007921
0.0088366
-0.0018942
0.0060501
-0.0095024
-0.0085073
0.0031962
-0.0074298
0.0080466
0.0053281
0.0063943
0.0009627
0.0051663
-0.0047538
-0.0057421
-0.0057656
0.0049071
0.0056266
0.0071419
0.0050599
-0.0083361
0.007507
-0.0048866
0.0018333
0.0069446
0.0061756
0.0064783
0.0023901
0.0010383
-0.0071752
0.006924
-0.0068248
0.0035423
0.0060821
-0.006456
0.0009494
0.0001298
-0.0012147
-0.0021165
-0.007025
0.0017711
0.0079669
-0.0084021
-0.0021395
0.0074142
0.0043763
-0.0076886
-0.000649
-0.0072843
-0.0044756
-0.0024718
0.0013857
-0.0020105
-0.0063819
0.0045412
0.0045727
-0.0008594
-0.0089178
0.0002307
-0.0042296
-0.0004696
0.0045147
-0.0052483
0.0007045
-0.0041594
0.0043333
-0.0019562
0.0070838
-0.0091075
0.0077104
-0.0099994
-0.007668
-0.0056878
0.0087059
-0.0075619
-0.0024507
0.0074379
0.0046355
-0.0079785
0.0082807
-0.0080431
0.0018174
0.0041259
-0.0039604
0.0090138
0.009199
0.0010845
-0.0064539
-0.003507
-0.0067992
0.0098819
-0.007455
-0.0022957
0.0086583
-0.0055937
0.0026041
-0.0067187
0.0051902
-0.0091787
-0.0042875
-0.0032732
0.0079859
-0.0012275
0.0093133
-0.0025513
0.0024706
0.0012888
0.005043
0.0047868
-0.0006372
-0.0069112
-0.0040497
-0.0087419
0.0097641
-0.0020326
-0.0059158
-0.0026211
0.0063612
-0.0072641
-0.0087736
-0.0076493
0.0029891
0.0069138
-2.4e-6
-0.0040227
0.0030441
0.0035873
-0.0097871
0.0046155
-0.0098941
0.0005512
0.0034819
-0.0051111
0.0001808
0.0020268
0.0056102
-0.002977
-0.002918
0.0048339
-0.006544
-0.0090044
5.0e-7
0.0099646
0.0049979
0.0093677
-0.0033936
-0.0063435
0.0028494
-0.0073722
-0.0090614
-0.0036373
-0.0079853
0.0079787
0.0059418
0.0091134
-0.0021276
-0.0050149
-0.0039191
-0.0084938
0.0078676
-0.0012948
-0.0092632
-0.0016521
0.0084586
0.0098021
0.0012348
0.0033989
-8.44e-5
0.0089325
-0.0029826
-0.0010758
-0.0071345
0.0004428
0.0069058
-0.0054063
0.0023563
-0.0065903
0.0039571
-0.0003274
-0.0065698
0.0014419
-0.0050468
-0.0084438
0.0078091
0.0011713
0.0089707
-0.005429
-0.00177
0.0085362
-0.0080913
0.0065436
-0.0020207
-0.0055732
-0.0011368
0.0075843
-0.0066398
0.0015921
0.0097555
-0.0075994
-0.0004602
-0.0012853
-0.007559
0.008797
0.0004669
-0.0045833
0.0046744
-0.0039726
-0.008868
0.0045373
0.0022162
0.0097567
0.0041417
-0.0056341
0.0038657
0.0076722
0.0075212
-0.0034791
0.0092471
-0.0080586
0.0026075
-0.001763
0.0053418
-0.0044439
-0.0080457
-0.0086361
0.0078055
-0.0048294
-0.0028352
-0.00906
0.0028235
0.0090971
0.0055392
-0.0056686
0.0073803
-0.0055327
0.0006414
-0.0041975
9.84e-5
-0.0081516
0.0005687
0.0044141
0.008656
0.008644
-0.0003919
0.0021296
0.0098918
-0.0067826
-0.000981
-0.0097371
0.0029762
-0.0037327
-0.0096206
0.0063125
-0.0017869
0.0017765
0.0088178
-0.0076208
-0.000667
-0.0035268
0.0030038
0.0056329
0.0088628
-0.0091908
-0.0001368
-0.0020598
0.0016258
0.0008305
0.0079877
-0.0081206
-0.0067059
0.0072109
-0.005977
-0.002817
-0.001749
0.0084601
-0.0067479
0.0088707
0.0098849
0.0099242
-0.0070473
0.0051227
0.0014949
-0.0027047
-0.0072336
-0.0082924
-0.0014074
-0.0029598
-0.0026781
-0.0077343
-0.0064956
-0.005463
0.0011718
0.0098728
-0.0010535
0.0067752
-0.008138
-0.0071074
-0.0059599
0.0043977
-0.0011618
-0.0014183
0.0087375
0.0033366
-0.0081841
-0.0030616
0.0070325
-0.0028756
0.0098889
0.0053372
0.000859
0.001398
0.0015906
-0.0009123
0.0049651
-0.0088468
0.001525
0.0054867
-0.0029934
-0.0058005
0.0007869
-0.0007923
0.0010779
-0.0066166
-0.0033901
-0.0069113
-0.0092478
0.0011002
0.0010978
0.0088586
0.009676
0.0007572
0.0090165
-0.0076975
-0.00313
-0.0054376
0.0020197
0.0097195
0.0066186
-0.0070614
0.0008355
-0.0082671
-0.001783
0.0025456
0.0008761
0.0055771
-0.0044281
0.0061668
-0.0067871
0.0042872
0.0053979
-0.0049528
-0.0009521
-0.0098763
0.0028399
-0.0035582
0.0025511
0.0060386
0.0017163
0.005254
0.0013718
-0.0073363
0.0032644
0.0004134
-0.0061126
0.0046582
-0.0087651
0.0093237
-0.0024363
0.0072316
0.0032471
0.0048834
-0.0080511
-0.0017308
-3.68e-5
-0.0071311
-0.0088849
-0.0057191
0.0045811
0.0050974
-0.0030873
0.0087271
0.004265
0.0049113
-0.009922
0.0007107
0.004365
0.0046784
0.0032594
0.0026857
-0.0020569
-0.00506
0.0038811
-0.0088524
0.0014478
0.0025002
-0.000291
-0.005205
-0.0043376
0.0038887
-0.0063912
-0.0048601
0.0038092
-0.004119
-0.0079064
-0.0072006
0.0082753
0.0043526
-0.0060566
-0.0053489
0.0072574
0.0056888
0.0028069
-0.0071064
0.002556
0.0071753
-0.0082568
-0.0028089
