0.0001288
-0.0063067
0.0036356
0.0025172
0.0056956
0.0012218
-0.0034676
0.0008789
0.0028469
0.0045006
-0.0076376
0.0057399
-0.0013688
0.0065308
-0.0001609
0.0001007
0.0015157
-0.0086787
0.0066173
0.0057314
0.0003755
-0.0050055
-0.0091339
0.0081351
-0.0068122
0.0067732
-0.0040546
0.0060507
0.0071247
0.0048635
-0.0026405
-0.008423
0.0054854
0.0012352
-0.0023931
-3.1e-5
-0.0060009
0.0073101
0.0047301
-0.0071129
-0.0042125
-0.0065787
0.0044611
0.0087074
0.0045879
0.0090172
0.007695
0.0060429
0.0031478
-0.0025212
-0.008367
-0.001929
-0.0057132
0.00816
-0.004562
0.0083338
0.0073243
0.009659
-0.0001281
0.0095307
-0.0087579
-0.0079033
-0.0098456
0.0075759
-0.0003438
-0.0087268
-0.0077949
0.0066316
0.0073715
-0.0015495
0.0029626
-0.0040307
-0.0037539
0.0061358
0.0086752
-0.0082398
-0.0093106
0.0065565
0.005268
0.0083004
0.0043071
-0.0049035
0.0052949
0.000314
-0.0058468
0.0055057
0.0009251
0.0038105
0.0073955
0.0066909
-0.0062972
-0.0020018
-0.005359
-0.0075765
-0.0002906
0.0065836
-0.0097742
-0.0083856
-0.0019152
-0.0058706
0.0098248
0.0005153
0.0072471
-0.0038908
0.0006626
-0.0013219
0.0045049
0.0022605
-0.0017544
-0.0044014
0.0038985
0.0013569
-0.004784
-0.0067705
0.0092057
0.002778
0.0021105
-0.0050263
-0.0043106
0.0033463
0.0015842
0.0069991
0.0061249
0.0074919
0.0007701
-0.0096248
-0.0087622
-0.0055564
0.007281
-0.0004078
-0.0097435
8.25e-5
0.0033732
-0.0036384
4.91e-5
0.0036467
-0.0055039
-0.0034672
-0.0059628
0.0064118
-0.0093502
0.0074729
-0.0083747
0.00655
0.0075717
-0.0026899
-0.0003138
0.0048995
-0.0035328
0.0028452
0.0075962
0.0001455
0.0020565
-0.0062764
0.0045253
-0.0010503
-0.0022274
-0.0078797
-0.0034056
-0.0043601
0.0038283
-0.0013779
0.0076383
0.0088735
0.0019477
0.0074783
-0.0062751
-0.0079778
-0.0077008
-0.008685
0.0067872
0.0075239
-0.0092932
-0.0010667
0.0056508
0.0083916
-0.0058834
-0.0045712
-0.0012754
0.0026187
-0.0059628
0.0046986
0.0072737
-0.0039904
-0.0017248
0.0096427
-0.0011871
0.0092226
-0.0059604
-0.0074283
0.0093556
0.0040795
-0.0010719
-0.0041201
0.0033514
-0.0083284
-0.0098665
-0.0086343
0.0050623
0.0016137
0.0091907
-0.0023936
0.0072266
0.0003614
0.0089411
-0.0061745
0.005044
-0.0052773
-0.0005012
0.0057676
0.003943
0.0097099
-2.23e-5
-0.0041779
0.0075648
0.0056045
-0.0087086
-0.0077415
0.0001541
-0.009025
0.0020165
-0.0021747
0.0088241
0.0081225
0.0066602
-0.0044531
-0.0036975
-0.0044376
0.0011158
-0.0040299
-0.0092865
-0.0061677
0.005716
-0.009364
-0.001284
0.0073561
-0.0020591
0.0064034
-0.0075786
0.0008159
-0.0007252
-0.0031778
0.0099973
-0.0095778
0.0025307
0.0069132
-0.0002674
-0.0085706
0.0085061
-0.007131
0.005008
-0.0030215
-0.0098345
0.0035431
0.0015634
0.0075909
0.0003945
-0.0039504
0.0049502
0.0049839
-0.0029081
-0.0099137
0.0044309
-0.0026481
0.0048163
0.0031089
-0.0031518
0.0049011
-0.0081187
0.0076991
0.0040659
-0.0003533
-0.0062728
0.0053121
-0.000985
0.0083358
-0.0066348
0.0013954
0.0072119
0.0020268
-0.0023421
-0.0008377
0.0020473
0.0078453
0.0058235
-0.0094432
0.0029656
-0.0030558
-0.0013494
0.0029827
0.0079933
0.0027392
-0.0076755
0.0062831
0.0058662
0.0016211
-0.0090508
0.007161
-0.0006898
0.0024315
-0.0051415
-0.0001026
0.0065151
0.0026915
0.0005664
0.0093151
-0.0026135
-0.0051445
0.008331
0.0061388
0.0012278
0.0055964
0.0022213
0.0091236
0.0070475
0.0067508
-0.0020195
0.0001502
-0.0052397
-0.0052753
0.0079244
0.0030541
0.0061262
-0.0097937
0.0025841
0.0034537
0.0056169
0.0079828
-0.0073663
0.0015714
-2.76e-5
8.26e-5
0.0078537
0.0021469
-0.0082189
0.0042657
0.0093697
0.0022641
-0.0034657
0.0011217
-0.0009794
0.0067148
0.0010545
-0.0090058
-0.0052247
0.0079075
-0.0075058
0.0039649
-0.0060633
0.0096756
0.0087337
-0.0091508
-0.0086109
-0.0074788
-0.0098909
0.0044842
0.001413
-0.007174
0.0092331
0.0020631
-0.004247
-0.0037353
0.0003921
0.0021319
0.0069757
-0.0088961
-0.0006475
-0.0069638
-0.0071319
0.0053166
0.0015265
-0.007806
0.0037452
-0.0066923
-0.0045899
-0.0012858
0.0083797
-0.0028159
-0.005534
0.0003098
0.0076927
0.0035748
-0.0008798
-0.0083919
0.0088662
-0.0036802
-0.006214
0.0085544
-0.0065383
0.0076111
0.0046385
0.0021321
-0.0046953
-0.0008371
-0.0067478
-0.0025996
0.0031722
0.0058435
0.0098265
0.0062322
-0.0064049
-0.0060891
-0.0018603
-0.0088774
0.0084642
0.009714
-0.0036798
0.0094991
-0.0035004
-0.000139
0.0036827
0.0048528
0.0017647
-0.0002218
-0.0087645
0.000947
-0.0033927
-0.0066133
-0.0052319
-0.0067113
-0.0071509
-0.003649
0.0087968
0.0065503
-0.0036408
0.0097218
0.0089438
-0.0090266
-0.0037695
0.0071012
-0.0013804
0.0035908
0.0070077
0.0063386
-0.0082547
0.0034521
0.0067749
-0.0005841
-0.0032109
-0.0023406
-0.0083507
-0.0035208
0.005303
0.0003116
-0.0093151
-0.0052851
0.0094538
0.0022786
-0.0034605
-0.0037854
0.0038678
0.0024536
-0.0005783
0.0017583
0.0096064
0.0019581
0.0047678
0.0011499
-0.0033729
-0.0006956
0.0013426
0.002634
-0.0003695
0.0042693
-0.0096888
-0.0027039
0.004305
0.0044302
0.00511
-0.0035219
0.0089234
-0.0021834
-0.0023685
-0.0031909
-0.0006775
-0.0035544
-0.008365
-0.0052172
-0.0023481
-0.0060877
-0.0018607
0.0035494
-0.0073033
-0.0076837
0.0066167
-0.0033137
-0.0099372
0.0097324
-0.0093877
-0.0080439
0.000899
0.0018893
-0.008031
-0.0004073
4.5e-6
