-0.0047523
-0.0080713
-0.0038919
-0.0055408
-0.003484
-0.00332
0.0049876
0.0042671
0.0094595
-0.0074414
-0.0076661
-0.0095168
0.0018408
-0.0049745
0.0073872
-0.0053983
-0.0048613
0.0073732
-0.0079826
0.0062646
-0.0049541
0.0019288
-0.0080991
-0.0049131
-0.0028685
0.00577
-0.0041478
-0.0093801
-0.0004733
-0.0036146
-0.0002659
0.0019154
0.009647
0.0015265
0.0052799
-2.98e-5
-0.0097488
-0.0028976
0.0051357
-0.0077095
-0.004371
-0.0036903
-0.0054668
-0.0048494
0.0061993
-0.0044588
-0.0097117
0.0065468
-0.0089717
-0.0093125
-0.0046614
0.0090245
-0.0057956
-0.0074575
-0.0007655
0.0016008
-0.0071783
0.0074461
0.0025372
0.0057866
-0.0068244
0.002554
0.0023473
-0.0064718
-0.0035276
-0.0022253
-0.0007215
0.0046518
-0.0036981
-0.0001678
-0.0077883
-0.0004901
0.0009173
0.0011594
-0.0075621
-0.0039748
-0.0034236
-0.0037838
0.0004553
0.0039345
-0.0054039
0.0036002
0.0010729
0.0013962
-0.0036187
-0.0051006
-0.0028812
0.0006706
-0.0032597
-0.0003071
0.0049338
0.0055493
-0.0013561
0.0094814
-0.0046038
-0.0043689
0.0076058
-0.0020185
-0.0039403
-0.007248
0.0012984
-0.008107
0.0031507
-0.0043502
0.0073977
0.0070555
-0.001341
-0.0040751
-0.0040207
0.0028266
0.00701
-0.0070553
0.0086433
-0.0038333
0.0081698
-0.0018617
5.57e-5
-0.0094157
-0.0092442
0.008468
0.0018881
-0.0034588
-0.0001114
-0.0057226
-0.0059361
0.0001109
-0.0030695
-0.0098087
-0.0099348
0.0020029
0.0081523
0.0047934
-0.0083212
-0.0021142
0.0094232
0.0080942
-0.0059593
0.0092321
0.0001695
0.0087557
-0.0018219
-0.0039906
-0.0015326
-0.0050883
-0.0025182
-0.0025395
0.0057704
-0.003588
-0.0065421
-0.0079147
-0.0080023
-0.0024661
-0.0016485
-0.0044386
0.0068268
0.0002027
-0.0056012
0.0052265
0.0093903
-4.25e-5
0.0071657
-0.0065028
-0.009064
-0.0022412
-0.0046306
-0.0052629
0.0037326
-0.0041846
0.0043281
-0.0023718
-0.001765
-0.0018582
-0.0025299
0.0099685
0.0039368
-0.0086986
0.0098836
0.0031042
0.0056686
0.0004584
-0.0011577
-0.0067474
-0.007444
0.0047597
0.0092857
-0.0052534
-0.0074713
-0.0080132
0.0045786
-0.0074608
-0.005149
-0.0046427
-0.001853
-0.001161
0.0003724
-0.0038563
0.0019333
-0.00768
-0.0083634
-0.0029311
-0.0028786
-0.000743
0.0018093
0.0055554
-0.006409
0.0059117
0.0074988
-0.0086076
0.0054043
-0.0076401
0.0016567
0.0010712
-0.0092172
-0.0038421
-0.0024547
-0.0047885
0.0065925
0.0046027
-0.0099189
-0.0065005
-0.0017847
-0.0022088
-0.0026265
0.0075089
0.0016153
-0.0004313
0.0006434
0.0089511
0.0054018
-0.0026845
0.0018004
0.0003993
-0.0010827
0.0051618
0.000819
0.0056784
0.0045324
0.0039287
0.0092959
-0.0075728
-0.0035261
-0.0096283
0.0074674
-0.0013994
0.0068213
0.0070419
-0.0016357
0.0097073
0.0035184
0.0034748
-0.0040394
-0.0069027
0.0060882
-0.0019025
0.0049711
0.0003001
0.0023924
0.007993
0.0093121
-0.0033788
-0.0029365
-0.0042062
-0.0032973
-0.0083377
-0.0029263
-0.0004232
-0.0050202
0.0075968
-0.0068984
-0.0039064
0.0039933
-0.0025925
-0.0057365
0.0068741
-0.0072122
-0.0022311
-0.0012837
-0.0036316
-0.0022639
0.0002661
0.0092857
-0.0042817
-0.0071832
0.0068795
0.0097526
-0.0033001
-0.0096815
0.0036902
0.0016567
-0.0080871
0.0015977
0.0030925
-0.009277
-0.0076231
-0.0069391
0.0010123
-0.0096861
0.001482
0.0094707
0.0010584
0.0057495
0.0064469
-0.0029797
0.0026857
-0.006233
-0.0065218
-0.000693
-0.0065855
-0.0057929
-0.0086292
0.0054896
0.0075446
0.0097014
0.0001295
0.007958
0.0069695
0.0065575
-0.0013974
0.0063607
0.0001321
0.0075804
0.0074654
0.0031831
-0.0021294
-0.0034682
-0.0046919
0.005401
0.0097964
0.00628
0.009076
0.0001538
-0.0067246
0.0055554
0.0019149
-0.0099163
-0.0033001
0.0036406
-0.0090871
0.0031063
0.0075036
-0.0010865
-0.0016921
0.0093646
0.0008245
0.0087029
0.0019799
-0.0097188
-0.0011177
0.0005966
0.0063002
-0.0011006
-0.0010397
0.0007836
0.004335
0.005646
-0.0098118
0.0026167
-0.0094186
0.0039331
-0.0026046
-0.0081667
-0.0080053
-0.0040859
0.0031208
0.0028314
0.0096697
-0.0046997
0.0084883
-0.0093515
0.0094089
0.0081885
-0.0097972
-0.0041332
-0.0049726
0.0069488
-0.0069265
-0.0048589
0.0006228
0.005653
-0.0009884
0.0051832
-0.0078889
-0.0021163
0.0033855
-0.0066918
-0.0026246
-0.0011965
0.0041006
0.0088655
-0.0009559
-0.0057542
8.08e-5
0.0049048
-0.0010282
0.0039233
-0.0083195
-0.0093359
0.0009137
0.0064993
0.0040919
-0.0034855
-0.0092508
0.0066449
0.0024468
-0.0058687
0.0019904
0.0005788
-0.0059307
0.0080244
-0.0057005
-0.0087968
0.0088186
0.0050836
-0.0031507
0.0004578
-0.0085235
-0.0094902
-0.0017455
0.0005624
-0.0032274
-0.0072559
0.0052099
-0.0051136
-0.0019967
-0.0020804
-0.0001806
0.0047506
0.0016724
0.0079817
0.006689
-0.0074482
-0.0027523
0.0084154
0.0047972
-0.0098953
-0.0036758
0.0064266
0.0046277
0.0060363
0.0087795
-0.0023831
-0.0027292
0.0098495
-0.0046259
-0.0088464
-0.0094052
0.000764
-0.0051794
-0.0013699
-0.0048822
0.007648
0.0070937
0.0028145
0.0099409
-0.0039515
-0.0048688
0.0026889
0.0007668
-0.0021381
0.0052949
0.0066542
0.0014105
-0.0002863
-0.0099271
0.0052513
-0.0032426
0.0081414
-0.0097929
0.0019419
-0.0025604
0.0096562
-0.004069
-0.00607
-0.0074755
0.0019459
-0.0067274
0.0080092
0.0036273
0.0035199
0.0004619
0.0085356
0.0041823
-0.0057138
0.0092739
0.0037442
-0.0002519
0.0025597
0.0039263
-0.0048656
-0.0055702
0.0054382
-0.005216
0.0056956
-0.0068699
0.0092237
