0.0096113
-0.0054682
0.006724
-0.007164
0.0069573
-0.0032886
-0.0048113
-0.0058237
0.001473
-0.0056318
-0.0043945
0.002581
0.007485
0.0049369
-0.0017608
-0.0009613
0.0017181
0.0064342
-0.0081313
-0.0057193
0.007872
0.0037057
0.0064894
-0.0037823
-0.0049779
0.0065964
-0.0043157
0.0084262
-0.004051
-0.0038888
0.0090795
-0.0081785
0.0044154
-0.0031539
0.0045618
-4.77e-5
-0.0015855
-0.0062165
-0.0072687
-0.0075832
0.0027004
-0.0039292
0.0051123
-0.0086199
0.006434
0.0039528
-0.0013501
-0.0098637
5.82e-5
-0.0028211
0.0031093
-0.0007809
0.0063189
-0.0047092
-0.0072253
-0.008211
0.0032278
-0.0065456
-0.0030491
0.0014783
-0.0040725
-0.0022217
0.0053979
-0.0041963
-0.0002054
-0.0026884
-0.0083387
0.0009213
0.0077596
-0.0086062
-0.0008464
0.0026779
0.0053949
-0.0070341
0.006484
0.0074644
-0.00902
0.0028616
0.008327
-0.0035236
0.0006765
-0.005132
0.0065064
0.0095721
-0.0077427
0.0099038
0.003378
-0.001997
0.0019192
-0.0044763
0.0015739
-0.0016127
-0.0040955
0.0014775
0.0072851
-0.000109
0.0071406
-0.0064818
0.0062029
0.009221
0.0096746
-0.0094419
-0.0055064
-0.0067856
0.0026177
-0.0027965
0.0061802
-0.0007643
0.0083989
0.003212
0.0014142
-0.0031756
-0.0018803
0.0081176
-0.0067253
-0.0004922
0.0072942
-0.005498
-0.0050642
0.0010194
0.007674
0.0023363
-0.0076184
-0.0038368
0.0087209
-0.008511
-0.0074377
-0.0017086
-0.0057768
-0.00581
-0.0071911
-0.0037936
0.00195
0.003099
-0.0003192
-0.0077403
-0.008261
0.0055765
0.0036579
0.0079004
0.002921
0.0099927
-0.0065197
0.0079156
0.0030557
-0.0009663
-0.0061514
-0.0003569
-0.0030757
0.0035788
0.008013
-0.0070197
-0.008378
-0.0097299
-0.0055107
-0.0020745
0.0073542
0.0095382
0.0068876
0.0096457
-0.0010164
0.0030415
0.0036756
-0.0094183
0.0013552
-0.0055891
-0.0092932
0.0077877
0.0088237
-0.0070407
-0.009994
-0.000209
0.0068431
0.0036045
-0.0041122
0.003943
-0.0043244
0.0054328
-0.0022004
0.0080178
-0.0042589
-0.0056468
-0.0006449
-0.0040698
0.0074925
-0.0043242
-0.0010383
0.0017725
0.0066594
-0.0090932
0.0020746
-0.0085514
-0.0082461
0.005254
-0.0081341
-0.0006918
-0.0094727
-0.0008734
0.0034551
0.0033243
-0.0006364
0.0098127
0.006849
0.0022495
0.000304
0.0033612
-0.0039189
-0.0089389
0.0028681
-0.0087741
-0.0091066
-0.0025366
0.0096194
-0.0088378
0.0077912
-0.00285
0.001099
0.0066141
0.0021949
-0.0088325
-0.0028683
-0.0086654
0.0047548
0.0085423
0.0062575
0.0057447
0.0013339
0.0090627
0.0038271
0.0094887
0.0085069
-0.0013693
0.0030189
-0.0007334
0.0093671
-0.0049988
-0.0014456
-0.0074238
0.0064271
-0.0059225
0.0097539
0.0085687
0.0071153
-0.0069662
-0.0088706
-0.0076351
-0.0003804
-0.0009754
-0.0044338
0.0067226
-1.3e-5
-0.0095313
0.0073379
-0.009833
-0.0087521
0.0056431
-0.0046755
0.0087119
-0.0019669
-0.0076862
0.0041409
-0.0049971
0.0088358
0.0028252
-0.0005884
-0.0059112
-0.0090776
-0.0050758
-0.0078441
0.0093414
-0.0074877
-0.0098378
-0.0026945
0.001076
-0.0009129
-0.007103
-0.0043958
-0.0003777
0.0012166
-0.000658
0.0090035
-0.0038495
-0.0075566
0.0020253
0.0050591
-0.0063202
0.0016825
-0.0075576
-0.0054553
-0.0025344
-0.0014413
0.0077593
-0.0064516
0.0046393
0.0050062
-0.00233
0.0039031
-0.0044712
0.0036762
0.0037873
-0.0059948
0.0025108
-0.0015415
-0.0008429
0.0038417
-0.0040745
-0.0080061
-0.001252
0.0044089
-0.0065086
-0.0049316
-0.0009542
0.0013145
0.0083474
0.000533
-0.0072399
-0.0085655
0.0032189
-0.0072279
-0.0003221
0.0077924
-0.0088203
-0.0007144
0.0046791
0.0075957
-0.0011713
-0.0091487
-0.0029829
0.0094288
0.0010179
0.0091618
0.0001574
0.0041693
0.0030296
0.0022553
-0.0045141
0.001308
-0.0097243
1.5e-5
0.0021156
0.0061717
-0.0082993
0.0099843
0.005288
-0.0022138
-0.0034099
-0.0091643
-0.0019235
-0.0051538
0.0083255
-0.0011695
0.009384
-0.0072365
0.0088313
0.0031074
-0.005748
-0.0011603
0.0099283
0.0056856
-0.0077218
0.0082939
0.0008542
0.0007406
0.0080464
-0.0071544
0.003756
-0.0006411
-0.0077941
-0.0091504
-0.0020794
0.0059271
0.0097009
-0.0099421
-0.0088436
-0.0038152
-0.0028571
-0.004881
-0.0061995
0.0076483
0.0094673
0.0003835
-0.0094195
-0.0078342
-0.0073485
-0.0065276
0.0017586
-0.0050575
-0.0089393
-0.0006678
-0.0059247
0.0067462
-0.0029001
-0.0023136
-0.000885
-0.0014159
-0.0050901
0.0098644
0.0099118
0.0040388
0.0081964
-0.0026702
0.0082465
-0.0040497
0.0077023
-0.0083396
-0.0066689
-0.0099108
0.0073223
-0.0087922
-0.0092226
0.0071622
0.0082132
-0.0058467
0.0042227
0.0082427
-0.0095918
0.0099901
-0.0055355
-0.0031985
0.0029368
0.0065482
0.0006112
0.0081737
0.0010748
0.0009939
-0.0079541
0.0069673
-0.0086399
0.0031135
0.0033973
0.0024602
-0.0041802
0.009979
0.0050828
-0.0098376
0.0033921
0.0060769
-0.0097141
-0.0065238
0.0093693
-0.0002217
0.0042385
0.0085861
0.0036063
0.0007052
0.0048203
-0.0017939
0.0044142
0.0017434
-0.0008832
-0.009511
-0.0039292
0.0047604
0.0036219
0.0061377
-0.0057607
0.0044986
0.0052738
-0.0029947
-0.004754
0.0027598
-0.0057046
0.0074979
0.0006901
0.0036128
0.0069691
-0.0048984
-0.002165
-0.0098784
-0.0074585
-0.0056553
0.0023362
0.0055541
-0.0051303
-0.0012658
0.0019163
0.008808
0.0087918
0.0075177
0.0077546
-0.0062496
0.0056612
0.0035957
0.0006462
-0.0073033
-0.0048003
-0.0067038
-0.0058539
0.0014297
-0.0047094
-0.0017261
0.0098071
-0.0030021
-0.0049632
0.0064783
