0.0021467
-0.0099215
0.0084849
0.0081967
0.0036477
0.0064238
0.0034388
0.0043328
-0.0007985
-0.0056882
-0.0087271
-0.0067843
-0.0025514
-0.0074851
-0.0030889
0.0057794
-0.0031725
0.0099142
0.0090231
0.0094882
-0.0086751
0.0026303
0.0098808
-0.0059053
-0.0048059
0.0062971
0.0037282
0.0021311
-0.0093603
0.0086888
-0.0064598
-0.0065923
-0.0040971
-0.0040578
-0.0038938
0.0047584
0.0035847
0.0031449
0.003259
-0.0082975
0.0070033
0.0069508
-0.0034837
-0.009907
0.0098584
-0.0009042
0.0028794
-0.0083557
0.0004946
0.0008292
0.0036532
-0.0023277
0.0009302
-0.0002013
0.0026877
-0.0098298
-0.0038303
0.0081162
0.0095477
-0.0033578
2.26e-5
0.0068463
-0.0083486
0.0061496
-0.0074357
-0.004837
0.0091453
0.0046249
-0.0013194
0.0042284
-0.0065399
0.0018013
-0.0087431
-0.0091263
-0.0001214
-0.0035738
-0.0047399
0.0032596
0.0071426
-0.003383
0.0040936
-0.0069945
0.0065819
-0.00975
-0.005272
0.0018115
0.0061889
0.0084104
-0.0015799
0.0013026
-0.003166
-0.0053982
-0.0021221
-0.0047258
0.0013048
-0.0061071
0.0041929
-0.0015254
0.0030184
0.0033821
0.0008601
-0.0075663
-0.0006644
0.0085511
-0.0039134
0.0007355
-0.0092112
-0.0099605
-0.0026702
0.00021
0.0082422
-0.0054796
-0.0039089
0.0041301
-0.0048618
-0.0098592
-0.001861
0.0032794
-0.0068163
-0.0032839
-0.0033713
-0.0039493
0.0029438
-0.0036622
0.0033046
-0.0007949
-0.0064947
-0.0035388
-0.0019168
-0.0090057
0.0066719
-0.0092506
0.0009498
-0.0013838
0.0093372
0.0003887
-0.0066056
0.005576
0.0032357
0.0046994
-0.0035519
0.0074305
-0.0011889
-0.0095396
-0.00316
-0.0008916
-0.0093446
0.0085362
-0.0066759
-0.0060461
0.0008543
0.008123
0.0096815
-0.0032079
-0.0018939
-0.0093279
-0.0016331
0.0079713
-0.0043402
0.0041013
0.004291
0.0029996
0.009514
0.0025265
0.0067572
0.0010743
-0.0027064
0.0069848
-0.0030034
-0.0084011
-0.0090569
-0.001109
-0.0097484
0.0093372
0.0037278
-0.001514
0.0074522
-0.0053226
0.0091499
-0.0019644
-0.0095165
0.0075037
0.004503
-0.007636
0.0092152
0.0022278
-0.0098688
-0.0036023
0.00285
0.0002857
-0.0074689
-0.0031116
0.0055119
0.0064172
-0.001917
-0.0099561
-0.0015342
-0.0082963
0.0097539
0.0038985
0.0014659
0.007592
-0.0086949
0.0090832
0.0005467
0.0040317
0.0050314
0.0006248
0.0017989
-0.0032273
0.0068025
-0.0049858
0.006669
0.0061524
-0.0036347
0.0097326
0.0011964
-0.0004125
0.000822
-0.002318
-0.0019455
0.0096977
-0.0095224
-0.0080803
-0.000137
0.0098122
0.0007724
-0.0079578
0.004112
0.0056098
0.006618
0.0092705
0.0091527
-0.0054732
-0.0006099
-0.0049604
-0.0042321
0.0077615
0.0081123
-0.0017023
0.0042003
-0.001144
0.0041853
0.0023531
0.0051854
-0.0071522
-0.006388
-0.0068445
-0.00241
-0.0022596
-0.0023205
-0.000295
0.0072833
0.0018949
0.0059953
-0.0069625
0.0087232
0.0044944
0.0042216
0.0015839
0.0087378
0.0013818
-0.0022113
0.0067825
0.0024254
-0.0050882
-0.0027648
-0.0014487
0.0014003
0.0017808
0.0049862
-0.009331
0.0049163
0.0008028
-0.0024871
0.0011645
0.0078768
-0.0048103
0.0095286
-0.0004579
-0.0058363
0.0046071
-0.0092124
-2.21e-5
-0.0091578
0.0023476
0.0044485
-0.000624
-0.000957
0.0070251
0.0064224
-0.0028723
0.0011466
-0.0012883
-0.0028521
0.0027888
-0.002348
-0.0065282
-0.0036434
-0.0077439
-0.0073419
0.0044328
0.0073221
-0.0043537
0.001479
-0.006059
-0.0027749
0.0031594
0.0085829
0.0079328
-0.0063808
0.0090366
0.0093872
-0.0073966
-0.003864
-0.005443
0.009846
-0.0062866
-0.0072191
-0.001358
0.0073876
-0.0018475
-0.003324
0.00725
0.0076308
-0.0007789
0.0093904
0.0068483
0.0037716
-0.0011814
-0.004416
-0.0010126
0.0078818
0.0069452
-0.0037706
-0.0012867
0.0039929
-0.0043767
-0.0070309
-0.0098414
-0.0088208
0.007775
0.0093394
-0.003855
0.0074029
0.0077943
-0.0013951
-0.0089759
0.0001813
0.0021017
-0.0054825
0.0086669
-0.0044626
0.0098809
0.0077878
0.0026267
0.008886
0.0055384
0.0053898
0.0035066
0.006122
-0.0071844
-0.0044225
-0.0051806
0.0096526
-0.0014883
-0.0064159
-0.0075356
-0.0007105
0.0097156
-0.0054735
-0.0008518
-0.0076781
0.0024978
0.0043518
-0.0058937
0.0096637
-0.0094344
0.0032417
-0.0037455
-0.0070171
0.0056966
-0.0056056
-0.0076898
-0.0062308
0.0085286
-0.0053293
-0.0075912
-0.0054098
-0.0005605
0.0009843
-0.0092224
0.0071529
-0.0062898
0.0001013
-0.0040166
0.0085499
-0.0092237
-0.0026352
-0.0050265
0.0078373
0.0021359
0.0091178
0.004811
-0.0012803
0.0029708
-0.0035371
-0.0004207
0.0046281
-0.0098757
-0.0049386
0.0082488
0.0084581
0.0017574
-0.0032361
0.0072259
-0.0007879
-9.26e-5
0.0005005
-0.008234
0.0052977
-0.0059066
-0.0050734
-0.0005406
-0.009882
0.0018622
0.008256
0.0036744
0.0018308
0.0024674
0.00691
-0.0076459
-0.002162
-0.0019738
0.0080846
-1.08e-5
0.0014263
-0.0064329
0.0072137
0.0062744
0.0082505
-0.0036529
0.0088278
-0.0031157
-0.0024544
0.0060139
0.0060275
-0.0029011
-0.0052552
0.0052913
0.0010738
-0.0010271
-0.0008067
0.0054673
-0.0069266
0.0047956
0.0003966
-0.0084319
0.0051144
-0.0025973
-0.0019965
-0.001916
-0.0083948
-0.0035245
-0.00698
-0.0067832
0.0063733
-0.0099044
-0.0089694
0.0059588
-0.0023881
-0.0063934
0.0089319
-0.0032102
-0.0042484
0.0017528
-0.0090946
0.0034171
-0.0056369
-0.0052352
0.0076688
0.0039688
-0.0060933
0.0038527
-0.0012524
0.0031328
-0.0088088
-0.0091704
0.0087084
-0.0037515
-0.0044698
0.0027764
-0.0032548
-0.0005607
0.0074231
