-0.0030695
-0.0059501
-0.0056221
-0.0014497
0.0060138
-0.0026573
0.0028147
0.0032915
0.0001686
0.0045668
0.0062863
0.0048605
0.0005695
-0.0016292
0.0008852
-0.0037363
-0.0014829
-0.0018515
0.0024977
0.0041518
-0.0049889
0.0049613
0.0088743
-0.0080036
-0.0077059
0.0097691
-0.0017155
-0.0055065
0.000423
0.0050865
-0.0075064
0.0013242
-0.0006319
0.0026249
-0.007264
-0.0059228
-0.0004524
0.0093684
0.0032037
-0.0082097
-0.0003797
0.0061535
0.0065875
0.0012765
-0.0018552
-0.0062161
-0.0082684
0.0091847
0.0027968
0.0092064
-0.0029931
0.0087996
0.0039167
0.0097018
0.0096861
-0.0036345
0.001387
0.007657
-0.0032494
-0.0082593
0.0052428
-0.0032018
0.0038177
-0.0063199
0.0074948
-0.0007829
-0.00389
-0.0037923
-0.0033418
-0.0024396
0.0075595
-0.0008794
0.0020261
-0.0041089
0.009437
-0.00934
0.0005317
-0.007394
0.0069366
-0.0083458
-0.000719
-0.001368
0.0046189
0.0091595
-0.0032426
0.0034086
-0.0010961
0.0099654
0.0026031
-0.0018009
-0.0065532
-0.006644
0.0055998
-0.0063586
-0.0036245
0.0098242
-0.0016824
-0.0097347
-0.0070994
0.0001217
0.0067219
0.0008753
-0.0044755
0.0062208
-0.0032994
-0.0085199
-0.0057311
-0.0074001
0.0031661
0.0090403
0.0034762
0.0027845
0.0020343
-0.0016323
-0.0053658
0.0003436
0.0056425
-0.0026071
-0.0011281
-0.0068841
-0.0033042
0.0005123
0.0024796
-0.0027969
-0.0076631
0.0071128
0.000992
-0.0033588
-0.0039863
0.0069423
0.0063462
-0.0088264
-0.0040489
-0.0039154
0.0042314
-0.0071969
0.0004704
0.0002718
-0.0077649
-0.0060031
-0.003059
-0.0018417
0.0011126
-0.0038848
0.0064763
0.0005408
0.0009333
-0.0014009
-0.0020137
0.0030943
0.0014923
-0.0090905
-0.0071187
-0.0085777
0.0021489
0.0064998
0.0027401
-0.0076166
0.0033679
-0.0069334
0.0014492
-0.0077939
0.0053643
-0.0045882
0.0012238
-0.0024751
-0.0064342
0.0043182
-0.0083099
-0.0082838
0.0011045
-0.0050266
-0.00589
-0.0021444
-0.0095857
0.0032539
0.0004638
0.0010645
0.0075759
-0.0013447
-0.0020349
-0.009425
-0.005665
-0.0023438
-0.006466
0.0023696
5.76e-5
-0.0075459
-0.0082778
0.0050187
-0.0032567
-0.0086991
0.0029602
-0.0029487
0.0039344
0.0072188
0.0034393
-0.0099256
0.0002464
-0.0064084
0.0059796
0.0014198
0.0068523
-0.0059447
-0.0006837
0.0045661
-0.0072499
0.0072275
-0.0078268
0.0068421
0.0013867
0.0088941
-0.0007203
0.0076206
0.008882
0.0058034
-7.19e-5
0.0079103
0.0006397
0.0085263
-0.0055135
0.0098582
0.0023988
-0.008828
-0.002816
0.0081907
-0.0019234
0.0037909
0.0032279
-0.0095385
0.0073372
0.0017417
0.0015572
0.0097047
-0.0006973
-0.0057716
-0.0028645
0.0018782
0.0069986
0.0031842
0.0078947
-0.0008145
0.0025674
-0.0077112
0.0010596
-0.0018664
0.0057672
0.0091552
-0.0003919
0.0036722
0.0091932
0.0069961
0.0017825
-0.0087105
-0.0037133
0.0033347
0.0003898
-0.0084717
-0.0065227
-0.000521
0.0093952
-0.0003619
0.0083123
-0.0039928
0.0013847
-0.0061545
0.0057985
0.0085822
-0.008571
0.0019517
0.0050133
-0.0028842
0.0044702
0.0074306
-0.0058055
0.0075167
-0.0049521
0.0045062
0.0094818
0.0033038
0.0021221
-0.0035099
-0.005744
-0.0056529
-0.0002726
-0.0053385
-0.0057296
0.0009054
-0.0058591
0.0050457
-0.0031154
-0.0010945
9.73e-5
0.0092078
-0.0032946
0.0030025
-0.0098994
-0.0092977
0.0092525
0.0005457
0.0042888
-0.0060674
0.0012992
-0.0082377
0.0030993
0.000268
0.0006162
-0.008083
0.0097416
0.0037934
-0.0045898
0.0029548
-0.0076384
0.0039538
0.0034239
0.0010379
-0.0094103
0.0083682
0.0068434
-0.0094229
0.0055699
-0.0012154
-0.0033477
0.0047633
-0.0099176
-0.0087011
0.0026302
-0.0022904
0.002459
0.0025001
0.0078085
0.0064435
-0.0071559
0.0038342
-0.0043512
0.0083805
-0.0034664
0.0061923
-0.0011927
-0.000459
0.0016575
0.003138
-0.0053166
0.0073105
-0.0091419
-0.0033576
0.0038332
-0.0056182
-0.0049132
0.0036232
-0.0067036
-0.007918
0.0078451
0.0052286
0.0053304
0.0096974
0.0090095
0.0034113
0.005391
0.0047963
-0.0023582
0.0028269
-0.0063228
-0.0055597
-0.0083387
0.0090359
-0.0046947
-0.0060964
0.0060155
0.0042152
0.0014362
0.0028009
-0.0038861
-0.0032425
-0.0097995
-0.007898
0.0098069
-0.0021399
-0.007361
-0.0019445
0.0054563
-0.0051268
-0.0011359
-0.0008441
-0.004836
0.0097526
0.0099978
0.0003881
0.006257
-0.0046363
-0.0011417
-0.0090193
0.0017634
0.0020856
-0.001296
-0.0088259
0.0029374
-0.0057605
0.004565
-0.0004104
0.0065189
-0.009027
0.0025007
-0.001039
-0.006579
0.0005482
0.0016355
0.00735
0.0056878
-0.0080919
-0.00502
-0.0011422
-0.0051906
-0.0033017
0.0021567
0.0082177
0.0051525
0.0065659
0.0089824
0.0005301
-0.0014663
-0.0088237
-0.0006195
0.0082655
-0.0055688
0.0070379
-0.008075
0.0064266
-0.0019395
0.0020321
0.0080031
0.008106
-0.0009146
-0.0085843
0.0058544
0.0046439
-0.0047605
8.47e-5
-0.0011023
0.0012957
0.0064196
0.0004855
-0.0091806
-0.0011404
-0.0047787
0.0051822
-0.0034865
-0.0020287
0.0026987
-0.0078251
0.0088791
0.0039907
0.0082434
0.003417
-0.0030548
-0.0050628
-0.0051092
-0.001515
-0.0052088
-0.0030612
0.0017956
-0.0016578
-0.0072338
0.0042688
0.0089168
0.0048631
0.0088431
-0.0024041
-0.0085564
-0.0016727
-0.0055571
0.0007007
-0.0027385
0.0078057
0.0062769
-0.0023751
-0.0038054
-0.0074847
0.0044402
0.0066401
0.0098552
0.0031018
-0.0090507
0.0099423
-0.007434
0.0046042
0.0089964
-0.0084493
0.0053337
0.0032686
0.0005538
-0.0048482
0.0098151
0.0074516
0.0072935
