-0.0082902
-0.0097044
-0.0079126
-0.002532
-0.0074726
0.0071012
-0.0048176
-0.0088924
-0.0081727
0.0005566
-0.0017419
0.0048863
0.0075309
0.0090261
0.0084391
-0.0031978
-0.0070666
-0.0080097
0.0031237
-0.0035664
-0.0001411
-0.000683
-0.0078376
-0.0067986
-0.0075437
-0.0029535
-0.0067912
-0.0017695
-0.002656
0.001886
-0.0039977
-0.0070168
-0.0073091
-0.0065272
-0.0097059
0.0058972
0.00869
-0.0059596
-0.0059536
0.0062146
0.0050266
0.00298
0.0081585
0.0051692
0.0066899
0.0007338
-0.0088342
-9.94e-5
-0.004415
0.0088568
0.009192
0.0059426
-0.0095809
-0.0045093
-0.0064875
-0.0097282
-0.0062243
-0.0075407
-0.0063561
-0.0084125
-0.0028926
-0.0049265
-0.0040127
-0.0024158
0.0068482
0.0007862
-0.000308
-0.0078905
-0.0057054
0.0095009
0.0053753
-0.0021293
-0.0061719
1.14e-5
-0.0013262
0.0095891
0.008267
0.0026689
0.0057103
-0.0049637
-0.0056633
-0.0086451
-0.0018158
-0.0004231
0.0084978
0.0009655
-0.0013443
-0.0032013
0.0034809
0.0072708
0.0004505
-0.0084783
-0.0001836
0.0084803
-0.0013175
0.0003677
-0.0048749
0.0013122
-0.0031782
0.0053593
0.0098327
0.0075283
-0.001286
-0.0020271
0.0086373
0.0002014
0.0021778
-0.0014982
-0.0088663
-0.0071713
0.0001771
0.0060688
0.0064965
-0.0054286
-0.0011826
-0.0009545
0.0064728
0.0012957
0.0045911
-0.0088592
-0.0072799
-0.0028357
0.0027553
-0.0068328
-0.0083034
0.0039565
-0.0022099
-0.0053615
-0.0069528
0.0005587
0.0074902
-0.0011973
-0.0031614
-0.001775
0.0055096
0.0023816
-0.0011187
0.0058943
0.0005004
-0.0028858
0.0012072
0.0045114
0.0047346
-0.0059977
-0.0069722
-0.0081678
0.0018703
0.0079436
-0.00535
0.0045908
0.0021374
-0.0030751
-0.0028195
0.0029013
0.0069555
-0.0020834
0.0084499
-0.004068
0.0012218
-0.0061846
-0.0081379
0.0023814
0.0090832
0.0075022
-0.0094841
0.0011539
0.0067196
0.0029297
0.0034119
0.0059768
0.0044665
0.0008384
0.002443
0.0034921
0.002537
-0.0040798
0.0028774
0.0015004
0.0071496
0.0006437
0.0059746
-0.0056272
-0.0087728
0.0038653
0.0049947
0.0085373
0.0084068
0.0023768
0.0091725
-0.0037836
0.0082092
0.0088737
0.0028176
-0.0091549
-0.0003851
0.0087586
-0.0058616
0.0068229
-0.0064441
-3.02e-5
-0.0031912
0.0061188
-0.0086485
0.0019043
0.0092344
0.0056831
0.0093716
0.0074707
-0.0034429
-0.0038434
-0.0080434
-0.002034
0.0031486
0.0029509
0.0022699
-0.00731
-0.007329
0.0030509
0.0080535
-0.0022045
-0.005491
0.0038714
-0.0048957
0.0051139
0.0024461
-0.004152
0.001287
0.0073085
0.004202
0.0059561
0.0097831
0.0063224
0.0099829
0.006482
-0.0093079
-0.0092493
0.0053392
0.0036459
0.0075637
0.0039055
-0.0004375
-0.0077632
0.0035948
0.0002072
0.0088277
-0.0093434
-0.0039161
0.0063787
-0.0068704
-0.0038091
-0.0043996
-0.0093262
0.0032354
0.0020116
0.0061993
-0.0077535
0.0005598
-0.0036042
-0.0059259
-0.0086059
0.0030414
-0.0035958
-0.0079475
-0.0062314
0.0034805
0.0080348
0.0087081
-0.0056227
-0.0084041
-0.0051238
-0.0064131
0.0051961
0.0067068
0.0017898
-0.0093187
-0.0020367
0.0065753
0.0002745
-0.0048901
-0.0037824
0.0018322
0.009866
-0.0028247
0.0034303
0.0091909
-0.004117
0.007207
-0.0032971
0.0041849
-0.007353
0.008693
0.0014794
-0.0074755
0.0043007
0.0016721
-0.0051136
-0.0041552
0.0037804
-0.0036644
-0.0070687
-0.0028768
-0.0089352
0.0007885
-0.0045039
0.0021679
-0.0098775
-0.0073977
0.0071899
0.0059501
0.0022477
0.0014192
2.65e-5
0.0096626
0.0050304
0.0073371
0.0009774
0.0098736
0.0046715
0.0008268
0.0040443
0.0083377
-0.0044524
0.0082415
0.0002801
0.0082447
0.0072367
0.0009991
-0.0001914
0.0092336
0.0026133
-0.0017965
0.0099504
-0.0079989
-0.0024631
0.0044059
-0.0068834
-0.0009981
0.0065958
-0.0028706
0.0082226
-0.0092976
-0.0024463
0.0031525
-0.0095956
0.0066984
0.0080437
0.0036253
-0.0048273
0.0019796
-0.0081187
-0.0011811
0.0028992
-0.0002938
-0.0057319
0.0014737
0.0002196
0.0039546
-0.0064728
0.0001861
-0.0083697
0.0021891
-0.0095963
0.0029395
0.0080193
-0.007323
0.0015776
-0.006825
-0.0097897
-0.0063215
0.0047775
0.0073236
-0.0078334
0.0032491
-0.0081426
-0.0008602
0.0046224
-0.0009705
-0.0076316
-0.0098184
0.0011755
-0.0037674
-0.004802
0.0070376
0.0022384
-0.0083856
-0.0097788
-0.0091019
0.0006968
0.0085593
0.0040241
0.0082808
0.0054634
-0.0068136
-0.0045717
-0.0079973
-0.0042901
-0.0039862
0.0097222
-0.0024602
0.001889
-0.0021255
0.0083497
-0.0055756
-0.0036756
0.0057945
0.0043326
0.0074698
-0.0028785
-0.0008524
-0.0070246
0.0083144
0.004509
0.0093668
-0.0054943
-0.0027828
-0.0011518
0.0090681
0.0021793
-0.0043022
8.26e-5
0.0077317
0.0069034
-0.009916
-0.0009504
0.0025215
-0.009393
-0.0045581
0.0064934
0.0035522
-0.009583
0.0047462
-0.0053761
-0.0082126
-0.003354
-0.003835
-0.0050348
-0.0064595
-0.0063595
0.007594
0.0030074
-0.006491
-0.0029435
0.0028949
-0.0021436
-0.0025813
-0.004621
-0.0064859
0.0042107
0.0084301
-0.0079263
-0.0022077
-0.0056809
-0.0043303
0.0015191
0.0088375
0.0005231
-0.0078058
0.0092271
-0.0040193
-0.006588
0.0004585
-0.002808
-0.0025196
-0.0040382
-0.0061683
0.0096231
0.0098304
-0.0074794
-0.0051613
-0.000805
-0.0099351
0.0033321
0.0028088
-0.0002535
-0.0022823
0.0010748
-0.0030867
-0.0038512
-0.0047415
-0.0025113
0.0012324
-0.0043635
0.0090236
-0.0019304
-0.0055524
-0.0092483
0.0088182
0.0018868
-0.0023614
-0.0027676
-0.0073703
-0.0016614
-0.0063538
0.0057123
0.0009519
