-0.0081572
0.0054596
-0.0045618
-0.0097681
-0.0005731
-0.0090918
-0.0055469
-0.0049864
0.0007497
-0.0004113
0.0095526
0.0010376
0.005277
-0.0075773
0.0085563
0.0064779
-0.0086825
0.0072171
0.0078024
-0.0067432
0.003196
0.0082448
0.0071013
-0.0013985
-0.007895
-0.0079663
-0.003652
-0.0006096
1.88e-5
-0.0030003
0.0030785
0.0016936
0.0094393
-0.0093277
-0.000485
0.0073408
0.0016182
0.0042271
0.0083027
0.0032725
0.00354
0.0083885
0.0047691
-0.0021635
-0.0022536
-0.0045967
-0.0082331
-0.0001631
0.0042981
-0.0074644
-0.0015591
-0.0074124
-0.0097526
-0.0031437
-0.008718
-0.0047214
0.0050634
0.0033854
-0.0058972
-0.0022493
0.0058864
-0.0096089
-0.0028496
0.0028444
0.0039881
0.0011833
0.0006455
-0.0075373
-0.0093513
0.0087632
-0.0006325
0.0040446
0.0088304
0.0026277
-0.0090233
-0.0021936
0.0064307
0.0085636
-0.0048924
-0.0080348
-0.0032099
-0.0070902
-0.0022189
0.0013783
-0.0089568
0.0023369
0.0001101
0.004546
0.0057291
0.0073912
-0.0063708
0.0071689
-0.0088431
0.0073753
0.004935
0.0075294
-0.0058523
-0.0022275
0.0027456
0.0008924
0.0053601
0.0098298
-0.0079459
-0.0032442
0.0061724
-0.0077863
-0.0012564
0.0076292
0.0083888
-0.004813
-0.0093927
-0.0094451
0.0075448
-0.0037282
0.0024888
0.0016026
0.0042489
0.0061898
-0.0053014
-0.0081932
-0.0089812
-0.0084398
0.0047885
0.0020675
-0.0034682
-0.0032723
0.0001228
-0.0064407
-0.0072423
-0.0070996
-0.0040535
-0.0093275
-0.0039739
-0.0098946
0.0067032
-0.0095161
-0.0003783
-0.0048008
0.0001849
0.0050614
-0.0078707
-0.009465
-0.005308
0.002534
0.0002566
-0.0036055
-0.0074028
0.0015732
0.0074936
0.0003846
0.0043101
-0.0096798
-0.0063615
0.0065535
-0.006205
-0.0073354
0.004004
-0.0090452
0.0054279
-0.0024599
-0.0039504
-0.0045538
-0.0068708
0.0095235
0.0065825
-0.0006086
0.0058818
-0.0048859
0.0004291
0.0065661
-0.008333
-0.0052518
0.0055744
0.0011472
-0.0038107
-0.0085061
-0.0062458
0.0096792
-0.0030487
0.0058776
0.0019595
0.0028376
0.0067198
0.0072898
0.0039119
0.0079555
0.0046226
0.0060166
-0.0077362
-0.0085312
-0.0027957
-0.0013754
0.0034187
0.0056133
0.0019337
-0.0007581
-0.0004672
0.0022714
-0.0082917
0.0095534
-0.0070007
-0.0020024
-0.0049301
-0.0023658
-0.0059859
0.0092238
0.0022036
-0.0022004
0.0018247
-0.0011663
-0.005428
-0.0065573
0.0021403
-0.0039791
-0.0055209
-0.0071045
-0.008488
0.0017809
0.0031011
0.0074161
-0.0038103
-0.0035294
-0.0073573
-0.001807
-0.0086835
0.0083738
-0.0066579
-0.0026743
-0.0045339
-0.0093648
-0.0002392
0.0013087
-0.0056122
0.0029075
-0.0091761
-0.0092532
0.0082159
-0.0032095
-0.0030924
0.0076258
-0.0074442
0.0004338
0.0004353
-0.0047625
-0.0078613
0.000596
-0.0026267
-0.0096835
0.0059933
-0.0002716
-0.0060659
-0.0036851
-0.0008848
0.0083338
0.0005463
-0.0011779
0.0010506
-0.0079771
0.0036645
-0.0007677
-0.0012533
-0.0077453
-0.0014262
-0.0037979
0.0033948
0.0034055
-0.0060949
0.0045233
-0.0056705
-0.0010252
-0.0072708
0.009147
0.0055119
-0.0023151
0.0060957
0.007738
0.0078469
0.0058311
-0.0056416
-0.000477
-0.0038858
0.0013474
0.0012074
0.0099214
-0.0069826
-0.008867
0.0006082
-0.0049659
0.0068824
0.0092216
0.0011978
0.00413
0.0042765
0.0025563
0.000158
0.0049579
-0.006665
-0.0015155
-0.0001738
-0.0008667
0.0056358
-0.0016467
0.0021433
-0.0087173
0.0039195
-0.0032937
0.004272
0.0053192
-0.0048339
-0.0019323
0.0076343
0.0098308
0.0090578
0.0004486
-0.0003372
-0.0088321
0.0097632
-0.0064005
-0.0046075
-0.0064075
0.0002042
0.0009231
-0.0076582
-0.000723
-0.0092909
-0.0066576
-0.0074756
-0.0011043
0.0031375
-0.0024883
-0.0056773
-0.0007788
-0.0073084
0.0020428
0.0029241
0.0004663
0.0020009
0.0014658
-0.0043358
-0.009175
0.0026719
0.0008283
0.0034243
0.002503
-0.0081052
-0.0050279
-0.0017521
-0.0063876
-0.0094569
0.0042898
-0.0007969
-0.0039079
-0.0008022
0.0092062
0.0027869
-0.0041465
0.0047144
0.0096472
0.0062492
-0.0002976
0.0005051
0.001129
0.0094891
0.0004539
-0.0026165
-0.0087242
-0.0097001
-0.0045546
0.0043183
-0.0008854
-0.0076873
0.004507
-0.0025622
-0.0079179
0.0029696
0.0088016
-0.0034951
-0.0051152
0.0013428
7.5e-6
-0.0031099
0.008723
0.0015961
-0.003867
0.0099192
-0.0029825
0.0043212
0.0049362
-0.0053656
0.0027758
-0.007208
-0.0071475
0.0019332
-0.0010404
0.0060439
-0.0063007
-0.0032157
0.0028696
-0.009257
-0.006908
0.0002998
0.0044107
-0.0046612
-0.0045087
0.0066803
0.0031074
0.0068376
-0.0087262
-0.0060025
5.9e-5
0.0066646
0.0038791
0.001874
0.0032465
-0.0025747
-0.0034531
0.0017041
0.0006846
-0.0091621
-0.0099912
-0.0004648
-0.0070321
-0.0017923
-0.0061347
0.0047286
-0.0091208
0.0001821
0.0014088
-0.0098102
0.0024222
-0.0030788
-0.0044698
-0.0086679
-0.007583
0.0048558
0.0026706
-0.0020257
-0.0049914
-0.0020431
0.0003168
-0.0023921
0.0007674
-0.0008494
-0.0003754
0.004632
-0.0024986
0.004846
-0.0062906
0.0044357
-0.0065019
-0.0004259
0.0095094
-0.0009702
0.0064169
-0.0071925
0.0044531
0.0088769
0.0001601
0.0094462
-0.0061749
0.0017417
0.0003575
-0.0090385
0.0026161
-0.0057332
0.002972
-0.0012823
-0.007295
-0.0010726
-0.0001608
0.0089125
-0.0090152
-0.0083366
-0.0017887
-0.0070089
0.0022557
0.0048331
-0.0008369
-0.0010551
-0.0047346
-0.0027314
-0.0068188
0.0065541
-0.0029004
-0.0040949
0.0048422
0.0065676
0.001753
0.0070246
0.0047803
0.002299
-0.0095136
0.0084376
0.0072858
-0.001469
