0.0073135
0.0071009
0.0083758
0.0087513
-0.0039315
-0.0048028
0.0011456
0.0048606
-0.004604
-0.0001083
-0.0024483
-0.001078
0.0006634
-0.003295
0.0060317
-0.0056844
0.0031417
0.0042685
2.8e-6
-0.0072615
-0.0031096
0.0010607
-0.0095783
-0.0025725
-0.0051949
-0.003509
0.0001338
-0.0064153
0.0014895
0.0076652
0.0003589
-0.0086534
-0.0030881
0.0009241
0.0062936
0.0050551
-0.00328
-0.0024197
-0.0095808
0.00715
-0.0002294
0.0074118
-0.0040775
0.0095329
0.0080526
-0.0085728
0.0003114
0.0026931
-0.0078792
-0.0049309
-0.0025426
0.0045277
0.0066634
0.0047945
0.0024369
0.007187
-0.0052633
0.0097447
-0.0065043
0.0049903
-0.0062942
-0.0081389
-0.002952
-0.0083082
0.0033674
-0.0075559
0.0021727
-0.0012559
0.0049473
-0.0039868
-0.0023762
-0.0011985
-0.0044351
0.008117
-0.0051966
0.0061355
-0.0028053
-0.0025878
0.0092133
0.0054921
0.0059306
-0.0070862
-0.0014255
0.0090401
-0.0074386
-0.0051719
0.0009795
-0.0031396
-1.85e-5
0.0039651
0.0037922
0.0043771
-0.0097257
0.0078895
-0.0026972
0.000939
0.0058944
-0.0039206
-0.0053707
0.0081983
-0.0036838
0.0091726
0.0098026
-0.009677
-0.0036872
-0.0071562
0.00524
-0.0053042
-0.006039
-0.0027585
0.0094613
-0.0095083
0.00462
0.0080938
0.0094016
0.001176
-0.0093169
0.0004481
0.0024296
-0.0017438
-0.007695
-0.0059926
0.0021414
0.0038272
-0.0025096
-0.0047111
-0.0084684
-0.0009638
-0.0096948
-0.009808
-0.0074242
-0.0032595
-0.0052038
0.0045626
-0.0038456
0.0022052
0.0054007
-0.0007461
0.0044697
0.0049772
-0.0062192
-0.0038949
0.0014379
-0.0004474
-0.0042788
-0.0073901
-0.006345
0.009568
-0.0028894
0.0036563
0.0042594
-0.0022009
0.0015907
0.0013224
-0.0068305
0.0072599
-0.0066302
0.0037887
-0.0026463
0.0074894
0.0080685
0.004572
-0.009698
0.0059568
0.0088365
-0.0092752
0.0083275
0.006252
0.0004656
-0.0020011
-0.0079253
0.0028143
0.0015767
0.006031
0.0067391
-0.0078227
-0.0042591
0.0058791
-0.0035113
-0.0087247
0.0032693
0.0041203
-0.0098372
0.0010388
-0.008977
-0.0028713
0.0029565
0.0034235
-0.0049743
-0.0059402
0.0015737
-0.0023728
0.0008036
0.0083358
0.0075516
-0.001941
-0.0084111
0.007511
0.0083691
0.0063179
0.0028752
0.0096603
0.0003238
0.0028907
0.0014292
0.0018603
-0.0096376
-0.007756
-0.0060117
0.0069211
0.0077417
0.0079081
0.0023629
-0.0020119
-0.0045784
-0.0027204
-0.0007243
-0.0097353
-0.0066109
-0.0013454
-0.0044782
0.0066668
0.0007298
0.0038484
0.0005358
0.0054959
0.0077778
-0.0059991
0.007809
0.0092689
0.0055098
-0.0016386
-0.0065258
-0.0019144
-0.0070354
0.0093602
-0.0073139
0.0082196
0.0084392
0.0050159
-0.0030848
0.002996
-0.0054523
-0.0095913
0.0087612
-0.003269
-0.0078081
-0.0035624
-0.0021123
0.0066243
-0.0006843
-0.0051623
-0.0039861
0.0024977
0.0077867
-0.0033202
0.0058364
-0.0010559
0.0071514
-0.0071361
0.0028701
-0.0080086
0.0019258
-0.0067648
-0.0049022
0.0016935
-0.0090324
-0.0093139
0.0073924
0.0069538
0.008419
0.0056365
0.0019265
0.0092258
0.0018738
0.000161
0.0086988
0.0078704
-0.0064282
0.0096402
0.009232
-0.0011772
0.0084403
-0.0085841
-0.002356
0.0010178
-0.0050802
-0.0088332
-0.0065296
0.0062514
-0.0001255
0.0089823
-0.0053579
0.0074599
0.0069647
0.0014811
0.0035217
0.0072849
0.0039732
-0.0003136
0.0067225
0.0052912
3.5e-6
0.0003754
-0.0090284
-0.0002796
0.0024694
0.0075792
-0.0013761
0.0093279
0.0072603
0.0058561
-0.0052651
0.0050565
0.008492
-0.0029305
-0.0003481
0.0086423
-0.0076152
-0.0061585
-0.0072528
0.0061668
-0.0071069
0.0042509
-0.0057828
0.0096639
0.0049643
0.0050705
0.0086418
0.0082885
-0.0063515
0.0038555
-0.0008822
-0.0090859
0.0058252
-0.0032485
0.0039574
0.0042048
0.00608
0.0077964
0.0092329
0.0041198
-0.0084326
-0.0054935
-0.0085509
-0.0065793
-0.0098885
0.002286
-0.0072265
0.0053479
0.0085595
0.0096565
0.0089327
0.0029088
-0.008873
-0.0091551
-0.0082684
-0.0013297
-0.0010245
-0.0009304
0.0077674
-0.0001738
0.0054043
0.0055564
-0.0021833
0.0026251
0.0080646
0.0022722
-0.0042588
-0.0048871
-0.0066
-0.0052611
0.0066454
0.0051253
-0.0011604
0.0086237
0.005267
0.0085542
-0.0049102
0.0094319
0.0067557
0.0080081
-0.0085872
-0.0014932
0.0016219
-0.0018866
0.0032113
0.0017669
0.0010749
-0.0063808
0.0031062
0.0032452
0.0058094
-0.0034549
0.0063862
0.0017261
-0.0051263
0.0052278
-0.0070238
-0.0090471
0.0008023
-0.0058655
0.0015241
-0.0045689
0.0083069
0.0003186
0.0032058
-0.0014155
0.0098309
0.0011799
-0.00049
-0.0083682
0.0050136
-0.0098315
0.0094679
-0.0073564
0.0011741
0.0011446
-0.0094629
-0.0075173
0.0016566
0.0043885
-0.0093561
0.0017181
-0.0018629
0.0025696
0.0040023
0.0001007
-0.0021911
-0.0092021
0.0083243
0.0063349
0.0004245
-0.0002838
0.0048158
0.0014669
-0.0059938
-0.009074
-0.0069297
0.0005656
-0.0068902
-0.00807
0.0022758
-0.0056247
-0.0022762
-0.0045292
-0.0021874
-0.0021825
-0.002562
-0.0076345
0.0079345
-0.0036278
0.0014742
0.0037069
-0.0057039
-0.0004795
-0.0092917
0.0036669
0.0027557
0.0094901
0.0049811
-0.001084
-0.009495
-0.0079452
-0.0013966
-0.0038931
-8.1e-6
-0.0075157
0.0005829
0.0033793
-0.0075324
0.0021592
-0.0067062
-0.0088346
-0.0084023
-0.0001686
0.0017231
0.0054134
-0.0045095
0.0014079
-0.0040496
-0.0028362
0.0016091
0.0091175
-0.0091406
-0.0083171
-0.0051407
0.0009959
0.0074128
0.0074299
0.0044414
0.0080724
0.008997
0.0018319
-0.0075255
