-0.0005396
-0.0001115
-0.0060468
0.0069485
-0.0085889
-0.0029438
-0.0079904
0.0031544
0.0081437
-0.0088272
0.0013457
0.0064587
-0.0029768
0.0057262
-0.0092083
-0.002958
0.002536
-0.0004422
0.0058126
-0.0014835
-0.0033144
0.0039653
-0.003431
-0.0075354
-0.0073067
-0.0008002
0.0028777
0.0030982
-0.0096673
0.0020397
-0.0048806
-0.0094516
0.0042849
-0.0080859
0.0013244
-0.004747
-0.0047912
0.0078589
0.000728
0.0028481
0.0015982
0.007477
0.0034312
0.0091778
0.0094515
0.0001683
0.0074349
-0.0099485
0.0084085
-0.0039884
-0.0021876
0.0012866
-0.0057909
0.0004812
0.0073596
0.0070949
-0.0066867
-0.007886
-0.0070483
6.1e-5
-0.0021204
0.006525
-0.0054004
-0.0066189
0.0045146
-0.0069775
-0.0091934
0.0066674
0.0038673
-0.0044407
0.0021056
-0.0061168
0.0061557
0.0052076
0.0086639
-0.0015667
0.0094622
-0.0024053
0.0042106
-0.0022088
-0.0057453
-0.0005057
-0.009202
0.0099512
-0.007162
0.0010135
-0.0023453
-0.0069938
-0.0096966
-0.0061754
0.0014859
-0.0013194
-0.0045745
0.0054238
-0.0099094
-0.0040742
0.0020477
-0.0001751
-0.0091521
0.0076653
0.0011131
0.0070513
-0.003063
-0.0078329
-0.0034722
0.0028658
-0.0044001
-0.0011218
-0.0025053
-0.0037629
0.0088266
0.0049849
-0.0036152
-0.0025418
0.0052187
0.0066711
-0.0006944
-0.0041215
-0.0036552
-0.0011078
-0.0075531
0.0016627
-0.0001032
0.0077616
-0.0059674
-0.0048415
0.0065306
0.0027714
-0.0037043
0.0064937
0.0064618
-0.0030589
-0.005178
0.008365
0.0018051
0.0025614
-0.0058793
-0.0043509
0.0030883
-0.0003998
0.0031679
0.0053931
-0.0004763
-0.0009045
0.0028049
-0.0060397
-0.0065309
0.008659
0.0022442
-0.0073767
-0.0043822
-0.0015553
-0.0055091
0.002245
-0.0087723
0.002216
-0.0002721
0.0023382
-0.0004946
-0.000208
0.0050481
-0.0021174
-0.009307
0.0096971
0.0081521
-0.007603
0.0026959
-0.0007037
0.0035547
-0.009588
-0.0096609
0.0045788
0.0093456
-0.0044919
0.0061999
-0.0045767
-0.0016208
-0.0076786
-0.0078383
-0.0073981
0.0064324
-0.0039907
-0.0041651
0.0062775
-0.0087083
-0.0091198
-0.0006594
0.0089835
-0.0002721
0.0062139
0.0049687
-0.0049221
-0.0066347
-0.0032152
-0.0016816
-0.0094964
0.0032169
-0.0079517
0.005251
-0.000516
-0.0066649
-0.008115
-0.0068117
0.0027534
-0.0080205
0.0063238
0.0066971
0.0081527
0.0005839
-0.0032075
0.0061611
-0.0083476
-0.0040836
0.0049481
0.0077568
0.0024776
0.0042023
-0.0073455
-0.0077172
-0.0010405
0.0076574
-0.0031699
-0.0051566
-0.0023704
-0.0069646
-0.007649
0.0074186
0.0095209
-0.0015304
-0.0095624
0.0013833
-0.0029553
-0.0030215
-0.0075073
-0.0019344
0.0002424
-0.0036472
0.0016162
-0.0082747
0.0040723
-0.0032085
0.0013397
-0.0008584
0.0066407
-0.0096973
-0.0077608
0.0034339
-0.0028199
-0.009738
0.001504
0.0077321
-0.0042993
0.0055924
-0.0075334
-0.0013918
-0.0003278
-0.0074663
0.0068881
-0.0084394
0.0099079
-0.0061995
-0.0051713
0.0090093
0.0045954
-0.0082006
-0.0049971
-0.0090886
-0.0089628
0.0098332
0.00777
0.0096672
-0.0022319
0.0076448
-0.0047056
-0.0015352
-0.0082066
0.0063705
-0.002419
0.0041514
-0.0022104
-0.0038568
-0.0079488
0.0079898
0.0042965
0.0059555
0.0085481
0.0011506
-0.0038934
-0.0039067
0.0084408
0.0032249
0.0027922
-0.002893
-0.008482
-0.0007948
0.0076113
0.0074633
0.006463
0.0081571
-0.0082666
-0.0028219
-0.0098773
0.0067813
-0.0005487
0.0018778
0.0008227
-0.0065143
-0.0014214
0.0027692
0.0012957
0.0080226
-0.0053899
0.0077263
0.0068802
0.0098077
0.009892
-0.0064304
0.003783
-0.0068738
-0.0048847
-0.0038316
-0.0084981
-0.0048932
-0.0075831
-0.0027364
0.0006415
-0.0023996
0.0075298
0.0019767
-0.0066146
-0.0024403
-0.0076083
-0.0090188
-0.0058466
-0.0052755
-0.0055231
0.0027573
0.0056018
0.000225
-0.005848
0.0076297
0.004027
-0.0039624
-0.0084175
0.0045245
-0.0084039
0.0066825
0.0081659
0.0019412
-0.0037471
0.0062048
0.0036612
0.0081295
0.0002574
0.0055218
0.0003295
-0.0018814
0.0063115
-0.000734
-0.0092591
-0.0052975
-0.0077042
-0.0007557
-0.0076827
0.0064664
0.0076024
0.0069203
-0.008701
-0.0068769
-0.0001386
0.0082467
0.0093502
-0.0015485
0.0078125
0.0035018
-0.0013308
0.0002188
0.0055512
-0.0076938
0.0046244
0.004147
0.0055453
0.00561
0.0007155
1.79e-5
0.0075487
-0.0075045
0.009536
0.004769
-0.0022665
-0.0079177
0.0092988
0.0084282
-0.0029073
-0.0030358
-0.003997
-0.0093627
-0.0043579
-0.0017187
0.0035348
0.0002885
-0.0060755
-0.0027126
0.0098532
-0.0057482
-0.0010279
-0.0042609
-0.00733
0.0033799
0.0044113
-0.0056149
0.0025633
-0.0038396
0.002016
0.0073289
0.0043493
-0.0052074
-0.0063139
-0.0033474
0.0025824
-0.0007141
0.0091144
0.0046475
-0.0009474
-0.0060523
0.0065537
0.0021854
-0.0072307
0.0099562
-0.0094104
0.0048846
-0.0003863
0.0020301
-0.0052186
-0.0023262
0.0085588
0.0012127
-0.0019031
0.0049055
0.0080959
-0.0006665
0.0013774
-0.0081391
0.0009421
0.0067379
0.0009124
0.0066033
-0.0043912
0.0008245
0.0019522
0.0016229
0.0022554
-0.0037724
-0.0011819
0.0007228
-0.0036832
-0.0080852
-0.0035598
0.0018989
-0.0076481
-0.0062864
-0.0077403
-0.000823
0.0089848
-0.001662
-0.0064452
0.0089053
0.001513
0.0068501
-0.0043892
0.0073339
0.0025143
-0.0087568
-0.0037106
-0.0011057
0.0089915
-0.0046706
0.0087852
0.0007683
0.0088573
0.0007493
0.0094751
-0.0069669
0.0065117
0.0093534
0.0046877
-0.0092127
-0.0023224
0.0048912
0.0091656
0.0095262
0.0091024
0.006992
-0.0085274
-0.0006584
