-0.008013
-0.0031071
0.009053
0.0097256
0.0079665
-0.008179
0.0080329
-0.005323
-0.0043363
-0.0021164
-0.0013728
0.0092534
-0.0064594
-0.0043987
0.0087961
-0.0045969
-0.0071911
-0.0028025
0.0052608
0.0099693
-0.0030137
0.0024134
0.0045182
-0.0092733
0.0096124
0.0006504
-0.0068496
-0.007537
0.0018125
9.41e-5
0.0051538
0.0090267
0.001233
0.0094274
-0.0011989
-0.0056781
0.0021035
-0.004364
0.0083348
0.0049226
-0.0042967
-0.0023013
0.0014021
-0.0052155
0.0080505
-0.0044331
0.0081831
0.0023197
-0.0080666
0.0070889
0.0056329
0.0012233
-0.0063705
0.0015412
0.0079547
-0.00461
0.0025024
-0.0033173
-0.0052394
-0.0097251
-0.007306
-0.0008606
-0.0070975
0.0047052
-0.0079338
-0.0028984
0.0021566
-0.0075943
-0.0048382
-0.0086909
0.0020261
0.0039122
0.0094804
-0.0060056
-0.0017651
0.0040925
0.002787
0.0052637
0.009739
-0.0074044
0.0009099
-0.0051304
0.0015712
0.0049016
-0.0036896
-0.002813
0.0034012
-0.0093303
0.0089196
0.0015864
0.0074791
-0.0092965
-0.002096
0.0048644
-0.0066982
-0.0005556
0.0087735
-0.001408
0.0083572
0.009745
-0.0073526
0.0046333
-0.0053071
-0.0043261
-0.0031021
-0.0004779
0.0040051
-0.00268
-0.0096278
-0.0004886
0.0058593
9.36e-5
0.008067
-0.0089384
0.0048667
0.0011905
0.0083662
-0.0068385
0.0087965
0.0064852
0.0078654
-0.0098117
0.0067463
0.0077001
-0.0042671
0.0048781
-0.0060525
-0.0012182
0.0048414
0.0024464
-0.003906
0.0093625
0.0029409
-0.0005565
0.0001837
-0.0060268
-0.0076765
0.0021447
0.0060508
-0.0029545
0.0097638
-0.0036007
-0.0061363
-0.0058066
0.0071615
-0.0017121
0.0006278
-0.0074314
0.0059658
-5.85e-5
0.0004604
0.0087688
0.0098836
0.0020318
0.0042511
-0.0022179
0.0064779
0.0082352
0.0008204
-0.0083304
0.0013252
0.0037892
0.0059989
-0.0007068
0.0050645
0.0055298
0.0011103
0.0029197
-0.0086868
-0.0092622
0.0009222
-0.0053866
-0.0019768
0.0067353
-0.0067779
0.0033601
-0.003383
-0.007112
-0.0002445
-0.0037264
-0.0084523
-0.0061615
0.0043273
-0.0021288
-0.0077232
0.0002254
0.0016909
0.0021247
0.0099207
-0.0083531
0.0050398
-0.0060774
0.0074246
0.0004516
0.0053475
0.0091389
-0.0050466
7.9e-6
0.0072212
-0.0062902
-0.0076532
0.0083902
0.004442
4.27e-5
-0.0015936
-0.0030648
-0.0034112
-0.0087494
-0.0037151
0.0026105
-0.0036629
0.0001823
-0.0054153
-0.0059049
-0.0081078
0.0085803
0.0068075
0.0051202
-0.0084404
-0.0086054
0.0066204
-0.0096114
0.009006
-0.0054359
-0.0073068
0.0079742
0.0094598
0.0030001
-0.0014441
-0.0042299
-0.0089821
0.0041387
-0.0074793
0.0070982
0.0045075
0.0071713
-0.0039911
-0.0026357
0.0095311
0.0009372
0.002951
0.0061449
-0.0095723
-0.0047284
-0.0066291
-0.0094091
-0.0052449
-0.0032351
-0.0008768
0.0009891
0.0008458
0.0009416
-0.0098347
0.0021363
0.0022013
0.0009878
0.0050898
-0.0006451
0.0096645
-0.0083652
-0.0029147
-0.0059375
-0.0095013
0.0054873
0.0053824
0.0079267
-0.0017562
-0.006789
0.0018869
-4.5e-5
0.0087237
0.0030621
-0.0014017
-0.0016434
0.0004996
5.31e-5
-0.0031087
0.0071764
0.0029919
0.0056402
0.0006902
-0.0061863
-0.0060578
-0.0073432
0.006953
-0.0041068
-0.0006238
-0.0072704
0.0067591
-0.0004265
-0.0082618
0.0017749
-0.0018487
-0.0066504
-0.0060645
-0.0072412
0.0075776
-0.0040973
-0.0075406
0.0091393
-3.82e-5
-0.0064811
-0.0038589
0.0082895
0.0019228
-0.0080984
0.0043629
0.0066945
-0.0069354
0.0030996
-0.0010643
-0.0051499
-0.0061234
0.0023197
0.004716
0.0064192
0.0029026
-0.0047158
-0.0038451
-0.0083971
0.009649
-0.0098927
-0.0040635
-0.0069466
0.0066254
0.0086925
-0.004237
-0.0026027
0.0004845
0.0037174
-0.0010501
-0.0062381
0.0098796
-0.00217
0.0065407
-0.009845
0.0063029
0.0069543
0.0053763
-0.0092839
0.0054315
-0.0070485
0.0071714
-0.0044566
0.0011359
-0.007941
-7.86e-5
-0.0013796
0.0019113
0.0098054
-0.0006264
-0.0021726
0.0081583
0.0095615
0.0050696
-0.0018235
-0.0089845
-0.0076876
-0.0074601
0.0059101
0.0064936
-0.0084377
-0.0062318
0.0092312
-0.0034309
-0.0049199
-0.0089276
-0.0011244
-0.0031537
-0.0007328
0.0020149
0.0002738
0.0062536
-0.0017497
0.0087242
0.0017482
-0.0073865
0.0099294
0.0017783
-0.0042904
-0.0058015
-0.0076649
0.0084669
0.0028585
-0.0054261
0.0048944
-0.0003742
0.0039317
0.0026122
0.0095636
-0.0070821
-0.0071997
0.0058877
0.0083783
0.0001351
-0.0015113
0.0002878
-0.0003635
0.0090049
0.0033465
0.0045611
-0.0036072
0.0068754
0.0023051
4.55e-5
-0.00246
-0.0082211
0.0041379
0.0040221
-0.0079641
-0.0046643
-0.0002417
-0.0001814
0.0031227
0.0022951
0.0081153
0.0031227
0.007846
-0.0075346
-0.009284
2.9e-6
-0.0054052
-0.0079874
0.0048201
-0.0009097
0.0096494
0.0024019
-0.000321
-0.0081876
-0.0059653
-0.0043559
-0.0087535
-0.0029189
-0.0025704
0.0070213
0.0073349
0.0054491
0.001743
-0.0026789
-0.0041235
-0.0052953
0.0008695
0.0092284
0.0067238
-0.0026374
-0.0032662
-0.005239
-0.0090012
0.0062399
-0.0073648
-0.0064896
0.0098182
-0.003803
0.0043282
0.0046545
0.0071506
0.0060838
0.0083095
-0.0082134
-0.0039741
0.0043055
0.0027309
-0.0020432
0.0009027
-0.0044336
0.0027113
-0.0008539
0.0020946
-0.0083926
-0.0035375
-0.0057201
-0.008259
0.0042262
0.002207
-0.0028632
-0.005774
0.0009173
-0.0061974
-0.0020641
0.0023631
0.0090346
0.003368
-0.0077234
0.0090362
0.0057011
0.0082426
-0.0082038
1.45e-5
-0.002728
-0.0042355
-0.0009375
0.0017614
0.0026927
0.0049595
0.0009084
