9.42e-5
-0.0075081
0.0022846
0.0052072
-0.007642
0.0089716
0.0079647
0.0097463
-0.0093518
0.0041082
-0.0065972
-0.0083063
-0.0032485
-0.0072988
-0.0001529
0.002479
-0.0056489
-0.0032707
-0.0079882
-0.0083024
0.0040202
0.0012615
-0.0001638
-0.009804
0.0078757
-0.001268
-0.0039373
-0.0015251
-0.001059
0.0038683
-0.0015177
0.004261
-0.0076235
0.0007803
0.000487
0.002136
0.0032978
0.0024231
-0.0092096
-0.0064624
-0.0070008
0.0081953
0.0017127
0.0012172
0.0061832
-0.0074607
-0.0096017
-0.0073294
0.0072257
0.0074268
-0.0055282
0.0029505
0.0058951
-0.0073951
0.0088551
-0.006364
-0.0054377
0.009827
-0.0049892
-0.0063323
0.0087336
0.0092532
-0.0078288
-0.0096623
-0.0070399
0.0034758
0.004547
0.0068312
-0.0013957
0.0040232
-0.006099
0.0041098
-0.0015795
-0.0070271
-0.0013612
-0.0070948
0.0048857
0.007975
-0.0024088
-0.0016979
-0.0009552
0.0004399
0.0056502
-0.0032192
0.0058912
-0.0084502
-0.0065531
-0.0075683
-0.0074891
-0.0025996
-0.0014037
-0.0008442
-0.0031834
0.0030467
-0.0093899
-0.0033788
0.0099744
0.0098056
-0.0033449
-0.0033342
0.0089557
-0.0017159
0.0017775
0.0089333
0.0008704
0.0086616
0.0008721
0.0038845
0.0091767
0.0057622
-0.0033817
0.0031115
0.0082339
-0.0076102
0.0039733
-0.0054527
-0.0094398
0.0067975
0.0093613
0.0028767
-0.0096913
0.0058145
0.0012167
-0.0035449
-0.0050888
-0.002117
-0.0012423
-0.0069783
0.007312
-0.0001958
-0.0005397
0.0052766
0.0014282
0.0061033
0.0016184
0.0008534
0.0044025
0.0083144
0.0047126
-0.000795
0.0095741
0.0030318
0.0074635
0.0019232
-0.0017558
-0.0016682
-0.0062508
-3.23e-5
0.0084246
-0.0054736
0.00079
-0.0098114
0.0003156
0.0005927
0.0062166
0.0028163
-0.0041789
0.0086161
0.0095523
-2.84e-5
-0.0098687
0.0080857
-0.0023357
0.008028
0.0059017
-0.0022006
0.0052015
0.0024459
0.0053901
-0.0008628
0.0012931
-0.0062282
-0.0072541
-0.0091705
-0.0006909
-0.0034768
-0.0082995
0.0094853
-0.0082225
0.0071011
0.0087076
-0.0032508
-0.0074837
-0.0004405
0.0051748
0.0085859
-0.0009893
0.006669
-0.0092241
0.0078783
0.0076789
0.0097585
-0.007066
-0.0048473
-0.0005868
0.0003867
-0.0092108
-0.0040207
-0.0062125
0.0028423
-0.0092471
0.0075221
0.0004783
-0.0053167
0.0066444
-0.0004281
0.0057183
0.0067062
0.0062683
-0.0059773
-0.0051486
-4.15e-5
0.0012365
-0.0039604
0.0043401
0.000656
-0.0093016
-0.0091388
-0.0081229
-0.0001976
-0.0018619
0.0057509
0.0089845
-0.0098485
-0.0007195
-0.0094037
0.0075731
-0.0095147
-0.0079874
-0.004874
-0.0061832
-0.0014879
-0.0073439
-0.0009543
-0.0005852
-0.0065361
0.003609
0.0069795
0.0028509
-0.0057701
-0.0013876
0.0051842
-0.0021092
0.0008254
-0.0041407
-0.0008118
-0.0002984
-0.0095768
-0.0040549
0.0062925
0.0029558
0.0073648
-0.0047533
0.0035103
-0.0060316
-0.0039097
-0.0094798
0.0047062
0.0087244
0.0088385
-0.0084044
0.0013543
0.0049955
-0.0072394
0.0076082
0.0098601
0.0066713
-0.0013842
0.0063552
0.0075245
-0.0065352
-0.0018402
-0.0074793
0.0052612
0.0076456
0.0078772
0.0033869
0.0051997
0.0006697
0.0053382
0.0082721
-0.0028792
0.0014877
-0.0072166
-0.0088928
0.0006371
0.0055901
0.0072773
0.0017418
-0.0018041
-0.0093397
0.0010086
0.0088292
0.0050513
-0.0049389
0.0069068
0.0043977
-0.0058391
0.0033765
-0.0053655
0.0063618
0.005376
-0.0052535
-0.004306
0.0006063
-0.0036528
0.0027797
-0.0093486
0.0068665
0.0098189
-0.0093063
-0.0040965
-0.0077434
-0.0054393
-0.0058015
-0.0044263
0.0002697
-0.0057679
0.0017731
-0.0097002
0.0036442
-0.0011175
0.0071529
-0.0074532
0.0067749
0.0013567
-0.0094358
0.0078789
-0.0055465
-0.0078096
-0.0048214
-0.0017786
0.0009105
-0.0009159
0.00653
-0.008182
-0.0020451
-0.0056032
-0.0003942
0.0029333
-0.0062402
-0.0003202
0.009112
0.0049248
-0.0044447
0.0054489
-0.0006731
0.0039508
-0.0094798
-0.0077733
-0.0081959
-0.0066719
0.0074071
0.0099724
0.0080131
0.0008748
0.009274
-0.0040295
-0.0021031
-0.0098986
-0.0011204
0.0025228
0.0080005
-0.0087401
-0.0060496
-0.0020859
0.0009294
0.0041067
0.0050839
-1.24e-5
-0.0011849
0.0029671
-0.0035614
0.0047577
0.0028497
0.0034074
0.0024125
-0.0032296
0.0052853
-0.0035487
-0.0040778
-0.0056202
0.0078784
0.0002058
0.0027214
0.0083367
-0.0045554
-0.0008036
-0.0029669
0.005648
-0.009955
0.0007173
-0.0095105
-0.0056938
-0.0049498
0.0024866
-0.0099665
0.0067724
-0.0009108
0.0026949
0.0098053
0.0053502
-0.0084994
-0.0017039
0.0080804
0.0064184
0.0037724
0.0076478
-0.0091216
-0.0008765
0.0074238
0.0084344
0.0025388
-0.0026788
-0.0055142
0.0059786
-0.0086363
-0.0086431
-0.0077829
-0.0031277
0.0017126
-0.008911
-0.0088425
-0.0071839
0.0091152
-0.0046059
0.0053393
-0.0094012
-0.0038327
0.0067872
-0.0012957
0.0012089
0.0033998
0.007634
-0.0050012
0.005644
-0.001068
0.009307
0.0026234
0.0017329
-0.0025314
-0.0083228
-0.004501
-0.0019991
-3.69e-5
-0.0089667
0.0009458
0.0023288
0.0064605
-0.0084878
-0.0087256
-0.0012503
0.0009866
0.0088091
0.0011705
0.0092716
-0.0082116
-0.0016415
-0.0070392
-0.0054556
0.0097667
-0.0002087
-0.0074357
0.0030882
-0.0063114
0.0043945
-0.0095964
-0.0005854
-0.0035202
-0.0012166
0.0080444
-0.0012341
-0.0062564
-0.0032092
-0.002261
0.0054249
-0.0032999
0.0064028
-0.0057028
0.0047746
-0.0046802
-0.0077227
0.0055456
0.0084779
0.0094682
-0.0069253
-0.0052158
-0.0075042
0.0011266
0.0050299
0.003372
-0.0094707
0.0089358
-0.0018157
0.0009604
