0.0070712
-0.0091042
0.0051893
0.0085304
-0.0039385
-0.0017217
0.0004694
-0.0039708
0.0096919
7.16e-5
0.0030021
-0.0096419
0.0065433
0.0074597
-0.007396
-0.0041183
0.0051359
-0.005047
0.0016999
0.0019055
-0.0089956
-0.0029522
0.0031528
0.0005584
0.0070053
0.0046858
-0.0052629
-0.0046775
0.0081429
1.07e-5
-0.0076903
0.0032462
0.0009026
-0.0059395
0.0069506
-0.0021389
-0.0096936
-0.0039953
0.0082672
0.0079943
0.0023946
-0.0094819
0.0096494
-0.0071085
-0.0061685
0.0005022
0.0087824
-0.0004574
0.0043239
0.0075168
0.009581
-0.0011894
0.0008435
0.0031088
-0.0066184
0.0042934
0.005545
0.0024954
-0.0084516
0.0059983
-0.0024229
0.0041163
0.0078016
0.002134
-0.0087406
-0.0059204
0.0013415
-0.0038014
-0.005575
0.006928
0.00044
0.002361
-0.0099939
0.0099893
0.0021893
-0.0088474
0.0056801
0.0096091
0.0081245
0.001156
-0.0097289
-0.0007081
-0.004595
-0.008484
0.0022855
0.0061538
-0.0063347
0.0097404
0.0009319
-0.0098907
-0.0027624
-0.0052422
0.0061116
0.006478
0.0051823
-0.0056737
-0.0024513
-0.0010503
-0.00481
0.0033116
0.0047993
0.0026498
0.0017722
0.0089397
0.0089644
0.0074034
0.0095855
-0.0013462
-0.0035304
0.0013976
0.0037955
-0.0016937
-0.0065257
0.0064731
0.0012658
-0.0019949
-0.0041697
-0.0010951
0.0024767
0.0070432
-0.0015337
-0.0042449
-0.0018732
0.0017966
0.0065958
-0.0003144
-0.0012874
0.0082213
-0.0097168
0.0071081
-0.0084457
-0.0028827
-0.0082086
-0.0032343
-0.0027319
0.0090486
0.0051588
-0.0066648
-0.0089457
0.0096444
0.0063055
0.0049432
0.008657
-0.0027847
0.0067544
-0.0065475
-0.0067964
0.0001219
-0.0078308
-0.0019591
0.0075277
-0.0088519
0.0033909
0.0005963
-0.0086748
-0.004886
0.0054103
0.0095008
0.0030421
0.0047935
-0.0044349
0.0028229
0.0033562
0.0095552
0.003674
0.0047802
0.0006853
-0.0003125
0.0028055
0.0034699
0.0063515
0.0091221
-0.0016965
0.0047135
0.0070782
-0.0069756
-0.000408
0.0093308
0.0082276
0.0082307
0.0063494
0.0051565
-0.0006238
0.0076746
0.0045317
-0.008632
0.0092304
0.0061783
-0.0013886
0.00034
0.0019521
-0.0042787
0.0091343
-0.0097353
0.0048321
-0.0026166
0.0071584
0.0024332
0.0069217
0.0064844
-0.0048906
-0.0096285
-0.0043917
-0.0012668
0.0013585
0.0031181
0.0050398
-0.0050158
0.0031167
-0.0080922
0.0036618
-0.0013635
0.0027748
0.0094494
-0.0010668
-0.0044457
6.17e-5
-0.0062524
-0.0097212
0.00499
-0.0077272
0.0020266
-0.0005608
-0.0047093
-0.0090195
-0.0017358
-0.0054806
0.0080639
0.0053459
-0.0002536
0.0044526
0.0042195
0.0099741
0.0075024
0.0054698
0.0047155
-7.33e-5
0.0081855
-0.0036954
0.0081937
0.0072172
-0.0038391
0.002213
-0.0080233
-0.0059586
0.0014999
-0.0057108
-0.0090198
-0.005951
0.0042144
0.0002749
-0.0026831
-0.0064916
0.0079255
0.0020953
-0.0099545
0.0094363
-0.0073029
0.0019262
-0.009989
-0.0095975
0.0040372
0.0072306
-0.0058486
-0.0036796
-0.0079508
0.0025649
0.0066502
-0.001378
-0.006412
0.0018487
0.0060164
0.0044833
0.0038492
0.0066655
-0.0067451
0.0072564
-0.0044467
-0.0093315
-0.0099357
0.004486
0.0091507
-0.0071779
0.0080216
0.0037038
0.0063914
-0.0060896
-0.0040693
-0.0008899
-0.001293
0.0061518
-0.0032723
0.0022879
0.0063021
-0.0088257
-0.0008266
-0.0046734
-0.0075414
-0.004111
0.0014461
0.0030252
0.0027653
-0.0018627
-0.0015323
-0.0026216
-0.0098153
-0.0079471
0.0003269
-0.0099339
1.52e-5
-0.0047069
-0.0089769
0.0071107
0.0019197
0.0057344
-0.0099865
-0.004356
0.0079111
-0.0030588
0.0061056
-0.008571
-0.0034612
-0.0093214
-0.0078861
-0.0097656
0.0008942
0.0055071
0.0019003
0.0012928
-0.0019365
0.000998
0.0035656
-0.0035871
-0.0034289
0.0087326
-0.0033469
-0.0073253
-0.0081664
0.0020038
-0.0090929
-0.0052917
-0.0089837
0.004232
0.0013145
0.0002481
0.0001649
0.0040568
0.0043109
-0.0005133
-0.0029237
0.0014977
-0.0006759
-0.0026002
0.003503
-0.0081457
0.0079145
0.0087864
0.0098834
0.003498
-0.0012074
0.0076124
0.0024583
-0.0061597
0.0027589
-0.0091473
-0.0085142
0.0032433
-0.0064551
-0.008674
-0.0029746
0.0048189
0.0015673
0.0048445
-0.0049659
-0.0001781
-0.006427
0.0014832
-0.0016181
-0.0040563
0.0074053
-0.0047801
-0.0056329
0.007373
-0.0022863
-0.0040654
0.0093927
0.0070519
0.000427
-0.0025784
0.0051621
-0.0054545
0.0098676
0.0047294
0.0002578
-0.0020528
-0.0066171
-0.0098945
-0.003456
-0.0013577
-0.0009869
0.0067903
-0.0096543
-0.0064565
-0.0064786
-0.00876
-0.0075623
-0.0041855
-0.0089118
0.0072933
-0.0043006
0.0097584
0.0016345
-0.0011464
0.0068892
0.0005093
0.009722
0.0089027
-0.0093055
-0.0042969
-0.0081608
-0.0038673
0.0011921
-0.0050018
-0.0096555
-0.0075411
0.0015707
-2.41e-5
0.0018334
0.0077109
0.00636
0.007592
0.0020324
0.0063304
-0.0023886
0.0085106
0.0057423
-0.0055905
0.0098303
-0.0092356
0.0085276
0.0020722
0.0045026
0.0083305
-0.0054007
-0.0097194
0.0022954
0.0098046
-0.0032572
0.0038964
-0.0080042
-0.0037736
-0.0080023
0.0010458
0.0031567
0.0080325
0.0095473
0.0023748
-0.0069193
0.0094336
0.0037194
0.0048999
-0.0025333
0.0044333
0.000584
0.0046548
-0.0026068
-0.0041664
-0.0045395
-0.0044188
0.0076826
-0.0019265
0.0032944
0.0067283
-0.0014228
0.0002092
0.0013649
0.0029748
0.009118
0.0095281
0.0035128
-0.0084413
0.0057685
-0.0070751
0.0020201
0.0032681
-0.0042211
-0.0094702
0.0003686
0.0077582
0.004099
-0.0022787
0.0010692
-4.37e-5
-0.0070116
0.0056824
