0.0047178
-0.0066999
-0.0034055
0.005972
0.0090779
-0.0092046
0.0068986
-0.0039092
-0.0049172
0.0003478
1.86e-5
0.0097998
-0.0034867
-0.0084587
0.0054336
-0.0078706
-0.0015687
0.0024306
-5.57e-5
-0.0077199
-0.0057249
-0.0023949
-0.0098861
-0.0088082
0.0035373
-0.0040853
0.0087558
-0.0028157
0.0078438
-0.0016892
-0.0075291
0.0090551
0.0092314
0.0053849
0.0066305
0.0031361
-0.0006308
0.0067102
-0.0048637
-0.0037635
0.0023299
0.0066289
0.0090493
-0.0082733
-0.0056465
0.0026131
-0.0056775
0.0056263
0.0017584
-0.0059173
0.0076109
0.007661
-0.0079529
0.0089242
0.0007516
-0.0064451
-0.002638
-0.0092071
-0.0067307
0.0067428
0.0043247
-0.0024884
-0.0057751
0.0034774
0.006599
-0.0099902
0.0027186
0.0035125
0.0096141
0.0040916
0.0019444
-0.0092739
-0.0001823
-0.0080614
-0.0048664
0.0068591
-0.000269
-0.0081275
0.0065841
0.0070528
0.0023049
-0.0093645
0.0032298
0.0009097
-0.0073849
0.004287
-0.0041294
0.0058805
0.0045366
0.0042572
0.0067026
-0.0076119
0.006372
-0.0032911
0.0051038
0.0080655
0.0009409
0.0095338
-0.0073189
-0.0010953
-0.0082698
-0.0038375
-0.0007874
-0.0085944
0.0004091
-0.0086772
-0.0019714
0.0017647
-0.0053132
0.008165
0.0012803
-0.0080865
-0.0093956
0.009651
-0.0099177
-0.0021431
0.001019
-0.0073232
-0.0005286
-0.0032611
0.0043831
-0.0035134
-0.0078098
0.0058296
0.0023743
0.0044118
-0.0030169
-0.0077182
-0.0081999
-0.0076378
0.0022355
0.0094388
0.0034508
0.0064391
-0.0027326
-0.0093212
-0.0073879
0.0049141
0.0058997
0.0016962
0.0056379
0.0094938
0.0036573
0.0098855
0.0016703
-0.0038387
0.0026266
0.0028711
0.0097394
-0.0015159
-0.0060217
0.0069621
0.0037949
-0.0048121
0.0083542
-0.009394
0.0030249
-0.003179
-0.0012139
0.00301
0.002432
0.0057886
-3.43e-5
0.0032965
-0.003134
-0.0001997
-0.0010458
-0.0083529
-0.0007012
-0.0058116
0.0021609
-0.0043742
-0.003925
0.0004802
0.0025898
0.0072691
-0.0098022
0.0017979
-0.0047923
0.0064783
-0.0065137
-0.0075802
-0.0076122
0.0018986
0.0008139
-0.0090813
4.4e-6
0.0051217
-0.0058448
0.0028266
-0.000759
-0.0050158
0.006404
0.0033631
0.0065345
-0.0048074
0.0021258
-0.0023066
0.0027201
0.0077756
-0.0088964
0.0005452
0.0023219
-0.0031883
-0.0061559
-0.0052153
-0.0061274
0.0002676
-0.0015836
0.0059093
-0.0051104
0.0080601
-0.0058805
0.0077428
-0.0036733
-0.008987
-0.0087624
0.0091388
0.0009378
-0.0084275
0.0039873
0.0042679
0.0002156
0.0025394
0.0013745
0.0025863
0.0055711
0.0040472
-0.00595
-0.0058231
0.0060204
0.0072186
0.0092698
0.0059391
-0.0046868
0.0039782
-0.0017798
-0.0014061
0.0010977
0.0099745
0.0003078
-0.0067956
-6.28e-5
0.0048331
-0.0027393
-0.0034887
0.0058163
-0.0019288
-0.0002265
-0.0068938
8.99e-5
8.0e-6
0.0079573
-0.0097193
0.0015003
0.0097358
0.0025898
-0.0067254
-0.0047303
-0.0081244
-0.0044025
-0.0014283
-0.0007496
-0.0019724
0.0095003
0.0078852
-0.0067191
-0.0056189
0.0007751
0.0062045
-0.0019671
0.0045355
0.0049703
0.0076646
-0.0060687
-0.008729
0.0077188
-0.0097914
0.0033787
0.0085572
-0.0098894
-0.0001425
-0.0020746
-0.0088582
-0.0079591
0.006749
-0.0043184
0.0037136
0.0032832
0.0070338
0.0047531
-0.0040711
0.0040959
-0.0086782
0.0046652
0.0089106
-0.0043514
-0.0092059
-0.0066828
-0.003108
0.0076312
-0.0083747
0.0052846
0.0020316
-0.0049261
-0.0077434
0.0079146
0.0090342
0.0058879
-0.0022757
-0.0005476
-0.0078355
-0.0023528
0.0003959
-0.0068083
-0.0007744
-0.0005478
0.0096005
-0.0038162
0.005844
-0.0060384
-0.0037251
-0.0097589
-0.0032099
-0.00795
-0.0075407
0.0017219
0.0070121
0.0004003
0.0074447
0.007305
-0.0059579
0.0058883
-0.0054125
0.0086139
-0.0085476
-0.0062344
0.0037974
0.0015732
0.0096482
0.006819
0.0046876
-0.0032549
-0.0013299
-0.0068788
-0.0099432
0.0039146
-0.0013276
0.0013391
-0.0087507
-0.0080612
-0.0037339
-0.0051448
-0.00754
0.0007548
-0.0027305
0.0073337
-0.0026591
-0.0052671
0.0073956
-0.0091008
-0.0055471
0.0038006
0.0088374
-0.0021354
-0.0084187
-0.0041424
0.0038549
0.0063984
0.0091851
0.0020244
-0.0054465
-0.0087616
-0.0062882
0.0040165
-0.0027348
0.0046692
-0.0018231
0.004293
0.0012532
0.0066836
0.0045275
0.0045957
0.0085557
0.0011022
0.0024817
0.0032278
0.0089171
-0.0006443
-0.0026891
0.007353
-0.0038141
0.0082505
0.0008792
0.0048438
0.0021236
-0.0045476
-0.0016733
0.0046568
-0.0024018
-0.0002363
-0.0098903
-0.0028044
0.0017269
0.0092753
0.0011509
0.0028352
-0.0016974
-0.0026314
-0.0063957
0.0092965
-0.0001825
-0.0065227
-0.0027654
0.0007344
0.0052039
0.001175
0.0007426
-0.0001753
0.00329
-0.0025597
-0.0087447
0.0011799
0.0097197
-0.0089084
-0.0082124
-0.0082736
0.0032147
0.0072904
0.009289
0.0014004
4.52e-5
0.004343
0.0082894
0.0020987
0.004389
-0.0073625
0.0012996
-0.0074221
-0.0010734
-0.0019271
-0.00835
0.0078033
-0.006838
-0.0054466
0.0018512
0.0046583
0.0003556
-0.0098161
-0.0003757
0.0052202
-0.0098268
0.0007761
-0.0025388
-0.0066517
-0.0029919
0.009283
-0.0070417
0.0099891
0.0020419
-0.0082895
0.0021381
-0.0077714
-0.0031487
-0.0042096
0.0066497
-0.0048274
0.0050336
-0.0095879
0.0020089
-0.0048588
-0.0092926
-0.0086907
0.0096793
-0.0042172
-0.008058
0.0038386
0.0020572
-0.0061336
0.0006704
-0.0083339
0.0053528
-0.0074571
-0.0095355
-0.0013171
0.0022972
0.0079431
-0.0025169
-0.0077501
-0.0090486
-0.0098744
-0.0057832
-0.0068154
0.0054276
0.0033043
