-0.0027264
0.0036006
-0.0015083
-0.0001637
0.0031881
0.0034951
-0.0019377
-0.0033639
0.0084617
-0.0053877
0.0090093
-0.00908
0.0045535
-0.0087042
0.001133
-0.002202
-0.002508
0.0080429
0.000445
0.0045947
0.0025475
0.0022465
-0.001728
-0.0032477
-0.0098785
0.0013849
-0.0059194
0.0032912
-0.0083364
0.0070428
-0.004259
0.0017033
0.0039425
0.0024068
0.006371
-0.0099006
0.0030497
-0.0052224
-0.0068402
-0.0057473
0.0040483
-0.0077887
0.0082687
-0.0089306
-0.0006824
-0.0084615
-0.0067443
-0.0098852
0.0005022
-0.0057501
0.0052981
0.0034743
-0.0012811
0.0057966
-0.0067762
-0.00237
0.0074062
-0.0049104
0.0096647
0.0072127
0.0063346
-0.0062884
0.0014334
0.0086029
-0.0084176
-0.007971
-0.0077566
0.0026401
0.0022391
0.0072748
0.0030911
-0.0024289
-0.0064799
-0.0049375
0.0040205
0.0060812
0.0024638
-0.0034326
-0.0049415
0.0045596
0.0032295
-0.0004032
-0.0036129
-0.0068058
-0.0012081
0.0062553
-0.0043493
-0.0076711
-0.0004688
-0.0042354
-0.0008342
0.006123
-0.0053975
0.0041417
0.003236
0.0006001
0.0074664
-0.000619
-0.0042167
0.0051935
-0.0049686
0.0080792
-0.0029534
-0.0068069
-0.007326
-0.0062032
-0.0079823
-0.0001909
-0.0009608
0.0071837
0.009107
0.0005563
-0.0013197
0.0099287
0.0069101
-0.0023628
-0.0080011
0.0065112
0.0074884
-0.0018258
0.0050422
0.0037436
-0.002067
0.0033502
-0.0001906
-0.0029534
-0.0040084
0.0070914
0.0003024
-0.0054188
0.0014761
-0.00141
-0.0030108
-0.0011716
-0.0073061
-0.0062418
0.0031815
0.0022254
0.002219
-0.002503
-0.0083621
0.0004497
-0.0024579
0.002872
-0.0096341
0.0080849
0.0025942
-0.0062736
-0.0071212
0.0032061
0.0006884
-0.0004721
0.0085401
0.0051046
-0.0064627
0.0078303
-0.0071069
-0.0037746
-0.0064366
-0.0034463
-0.0039725
-0.009191
0.008173
0.0007962
0.0012774
0.0038752
0.0013159
-0.0072987
-0.0019611
0.0075244
0.0088964
-0.0008886
0.0027629
0.0095555
0.0027095
-0.0050301
-0.0030009
0.0071522
0.0036642
0.0015422
0.0068318
0.0071628
0.0040605
-0.0088883
0.0086644
-0.0018644
-0.007348
-0.0012409
0.0052559
0.0081322
0.0080703
0.0017218
0.0089079
-0.0036491
-0.0032629
0.0095291
0.0064642
0.0041268
-0.0059354
-0.0024437
-0.0038942
-0.0091229
0.006645
-0.0027393
-0.0053614
0.0044869
0.004661
-0.0072555
-0.0067884
0.0081344
0.0073719
-0.000813
-0.0004374
0.0020224
0.0035019
0.0029772
0.0040792
0.0039127
0.00617
-0.0013633
0.0014148
-0.0027046
0.0072927
0.0023548
-0.0093867
-0.0083609
0.0012295
-0.0025712
-0.0052314
0.0021101
0.0064458
0.0092894
-0.0013361
0.0033196
0.0041215
-0.0078658
-0.0003582
0.0027546
0.0012318
-0.0042612
0.0026419
0.0078558
-0.0078066
-0.0081384
-0.0006243
0.0048014
-0.009139
-0.0013445
0.0096364
0.0020366
-0.0003258
0.0088137
-0.005101
0.0063629
0.007394
-0.000601
0.0085174
-0.00941
-0.0097885
0.0058473
-0.0011303
-0.0002579
-0.0089129
-0.0082205
-0.003251
-0.0080618
0.0021135
0.0063469
0.0095527
-0.0023195
0.006093
-0.0096691
0.004487
-0.0069719
0.0094599
-0.0048012
0.0005841
-0.0028131
0.0030985
0.0095616
0.0045863
0.0043548
-0.0072679
0.0002376
-0.0057447
-0.0003634
0.0044004
-0.0036035
0.005033
-0.0052132
-0.0012716
2.28e-5
-0.0013672
-0.0002172
-0.0064123
-0.0051489
-0.0026574
0.0094595
0.0083529
0.0004592
0.0091565
0.0007077
-0.0059685
-0.0014617
0.0071672
-0.0042273
-0.001762
-0.0038026
0.0005539
-0.0013521
0.0011766
0.0013281
0.0061637
-0.0075569
0.0056532
0.0082396
-0.0007113
0.004677
-0.0005983
-0.0017889
0.0040819
0.0034429
0.001169
-0.0095038
0.0017277
0.0085768
0.006844
-0.0053612
0.0068474
-0.0071551
0.0002736
-0.0057179
0.0003992
0.0066795
0.0096836
-0.0046073
0.0015876
-0.0084963
-0.0003938
-0.0075634
0.0073119
-0.0004808
-0.0098466
0.0046219
-0.006377
0.0040191
0.0091053
0.0022411
-0.0033684
0.0058098
-0.0044652
0.0061613
0.0094912
0.0095976
-0.0047903
0.007657
-0.0082108
0.0004479
-0.0012358
0.0041799
0.0037872
0.0005058
0.0066631
0.0072031
-0.0044824
-0.0073072
-0.0095196
-0.0093977
-0.0018887
-0.0009122
-0.0063434
0.0032922
-0.0077981
0.008016
0.0069619
-0.0062714
0.0063644
0.008054
0.0036801
0.0085659
0.0049155
-0.0011282
0.0015934
-0.0087227
0.0056202
-0.0073506
-0.0091476
0.005866
-0.001775
0.0074858
-0.0051929
0.0089393
0.0018184
0.0070862
0.0082378
-0.0032316
0.0075211
-0.0086593
0.000525
-0.0090833
0.0029017
0.0075295
0.0032967
0.0017726
0.00734
-0.0034641
0.0096095
-0.0001898
0.0052409
0.0062247
-0.0092589
0.0032829
-0.0071797
0.0085307
-0.0015746
-0.0088126
-0.003397
-0.0072252
0.005361
-0.006205
0.0070773
-0.0021819
-0.0094879
-0.0072731
0.0059929
0.0029317
-0.0034841
-0.0096967
-0.0057374
-0.0050502
-0.0075789
-0.0023899
0.0073201
0.0068809
9.6e-6
0.0099491
-0.0042841
0.0085935
-0.0013204
0.0090695
-0.0033226
-0.0015897
0.0079833
-0.003791
-0.0032207
-0.0014532
-0.0060196
-0.0068901
0.0052768
0.0032983
0.0068554
-0.0089422
-0.0052407
0.0081691
-0.0077544
-0.0012638
0.0071163
0.0050943
-0.0035307
0.0052189
-0.0043807
0.0056398
0.0051943
0.0070766
-0.0040101
-0.0062659
0.0084398
0.0042277
-0.008748
0.0095765
0.0077625
0.0007849
-0.0076735
0.006272
-0.0063314
0.0065742
0.0058915
-0.0085721
-0.0086145
0.0098109
0.0083631
0.0061247
-0.0032013
0.0001866
-0.0074419
0.0093213
0.0036018
0.002608
-0.0082826
0.0086163
0.0067216
-0.0038323
0.0067103
-0.0018979
-0.007886
