0.0036452
0.0064271
-0.0046392
0.0008673
0.0066518
0.0049582
-0.001917
-0.0032485
0.0023257
0.0061754
-0.0097907
0.0073259
-0.0028993
0.0031184
-0.0004369
0.0045508
0.0025828
0.0088329
0.004613
0.0071444
-0.001837
0.0022653
0.0086949
0.0003072
0.0072056
-0.0084426
0.0090873
0.0056772
0.0094415
-0.0023946
-6.58e-5
0.0079728
-0.0033636
-0.0002527
-0.003357
0.0092364
-0.0059592
-0.0063273
0.0024263
0.0078379
0.0092292
0.0098558
-0.0023621
-0.0042892
0.0043478
0.0070315
-0.0096134
0.0033229
-0.0023605
-0.0011662
-0.0061653
-0.0028262
-0.0085661
0.0037438
0.0068251
-0.0065744
-0.0001546
0.003753
-0.0080039
0.0033264
-0.0085446
0.0026941
-0.0033021
0.0090268
0.0016342
-0.0025863
-0.0039677
0.0003845
0.0081919
0.0021503
-0.0064089
-0.0057277
0.0092665
0.0061662
-0.0049951
-0.0035192
-0.0043646
-0.003432
0.0070814
0.0084745
0.0014398
-0.0011763
-0.0072015
0.0076534
0.002248
-0.0094043
-0.0025266
-0.0074967
0.0016235
0.0078215
-0.0009278
-0.0035188
0.0024316
0.0062308
0.0001311
-0.0013638
-1.47e-5
0.0034449
0.0012815
0.0066965
0.0006499
-0.003426
0.0025842
-0.0094791
0.0063627
0.0095687
-0.0049451
-0.0079294
0.0069735
-0.0043819
-0.009936
0.0031806
-0.0002669
-0.0005875
0.0054185
0.0035932
-0.0047282
-0.0077524
0.0021935
0.0054138
0.0004314
-0.0020314
0.0089013
-0.0046771
-0.0037169
-0.0092173
-0.0085598
-0.0083645
0.0046046
-0.00017
0.0081272
-0.0067906
0.007931
-0.0069833
0.0093688
0.0025539
-0.0092894
-0.0073568
0.0062511
-9.7e-6
-0.0035087
0.0021731
0.0056556
-0.0058256
-0.0066249
0.0034096
-0.0016627
-0.0079861
0.0063742
-0.006768
-0.0089269
-0.0085248
-0.0069518
0.0024907
0.0059281
-0.0008024
-0.0073494
0.0051321
-0.0027569
-0.0001542
0.0006871
0.0025784
0.0063688
-0.0084287
-0.0087417
0.0096417
-0.0014478
0.0093921
0.0024946
0.0069201
0.0033048
-0.0080138
0.0051
-0.0053757
-0.0041609
-0.007519
0.0090449
0.0076726
-0.0092488
0.0051123
-0.0063809
-0.0075513
0.0065936
-0.0096623
-0.0018308
-0.0089444
0.0048658
0.0016114
0.0081827
-0.0063101
-0.0044713
-0.0065802
0.0019501
-0.0062442
0.0022657
-0.0078213
-0.0066529
-0.0091892
0.0017472
-0.0094111
-0.0023279
-0.006696
-0.0047106
0.0022196
0.0023093
-0.0052138
0.0024164
0.0087336
0.0093593
0.0088523
0.0040026
0.0056298
-0.0024966
0.0066831
0.0074467
-0.001838
0.0005634
-0.0073949
0.0027163
0.0013853
0.0033769
0.0014882
0.0086385
0.0019394
0.0024234
-0.0056692
0.0040558
-0.0038372
-0.0027808
0.0043871
-0.0023243
-0.004544
-0.0059725
-0.0034325
-0.0019565
0.0082921
0.0058373
-0.0069778
-0.0044194
0.0021226
-0.0027361
0.000408
0.0003983
0.0007409
0.0050697
0.0035135
0.0082215
-0.0034745
0.008157
-0.0001893
0.0017892
0.0086266
-0.0004661
0.0059226
-0.0082435
-0.0079602
-0.0095436
-0.0096826
0.0066909
-0.0010304
-0.0076598
-0.0062792
-0.0012112
0.0014657
-0.0034053
-0.0020954
0.0045276
0.0048309
-0.0010749
-0.002414
-0.0086998
0.0080615
-0.0088171
0.0064538
-0.0062975
0.0032952
-0.0077819
0.0045687
-0.0070972
0.0035456
-0.0074196
0.0075002
-0.0077425
0.007171
-0.0066458
0.0077657
0.0096247
-0.0027215
-0.0021649
-0.0056489
0.0023947
-0.0012596
-0.0056889
-0.0094619
0.0045205
-0.0016975
0.0078768
0.0086318
-0.0052978
-0.003472
0.0090873
-0.0068763
-0.0001723
-0.0042643
-0.0003858
-0.0020448
-0.0067158
-0.0014438
0.0016008
0.0044312
0.0059458
-0.0055109
0.0013307
-0.0065891
-0.005449
0.0050109
0.0094329
-0.0013836
-0.0074593
-0.0021894
0.0006425
-0.0036013
-0.0008542
-0.0054857
-0.0040848
-0.0019699
-0.0088388
0.006909
0.0063114
-0.0065381
-0.0036904
0.0037533
-0.007288
0.0011459
-0.0060329
-0.0030005
-0.000328
0.0062827
-0.0058073
0.0034112
-0.0096161
-0.0081012
-0.0055092
0.0035328
-0.0022622
0.0067604
0.0010532
0.0030931
-0.0067805
-0.0046351
-0.0018059
-0.008017
-0.0083481
-0.0076998
0.0093671
-0.009727
-0.0041605
0.0088826
-0.0097232
0.00524
-0.0096474
-0.0023208
-0.0029417
-0.0009376
-0.0005696
-0.0019675
-0.0081393
-0.00998
0.002486
0.0041191
-0.0066195
-0.001482
0.0086955
0.0087349
0.0059518
-0.0055676
-0.0093572
0.0044324
-0.0076058
-0.0036496
0.0067737
0.0044774
-8.76e-5
-0.0009943
-0.0031426
-0.0044765
-0.003066
-0.0008751
0.0058786
-0.0025683
-0.0048094
-0.002429
5.53e-5
0.0007446
-0.0046898
0.0011996
0.0029053
-0.0019165
-0.0028186
-0.0041059
-0.0064684
0.0081467
0.0067172
-0.0049997
-0.0071399
0.0027457
9.26e-5
-0.0057319
0.0042865
0.0083682
0.0097283
0.0032361
-0.0093652
0.0026114
0.009457
-0.0076057
0.0093541
-0.0059294
0.0053931
-0.0005612
-0.0093455
0.0005575
0.0068911
0.0075049
0.009693
-0.0079954
0.0059402
-0.0079162
0.0078525
0.0006251
0.0035778
0.0043037
-0.0090199
0.0053869
-0.0056632
0.0047155
-0.0049107
-0.0084369
-0.0086579
0.0079685
-0.0078425
-0.0089417
0.0042162
0.0091271
0.0020081
0.0059638
-0.005139
-0.0082135
0.0055512
0.0051607
-0.0097227
-0.0055495
-6.4e-5
0.0077193
0.007069
0.0074468
-0.003334
0.0081372
0.0003502
0.0090673
0.0067401
0.0068692
-0.0061203
0.0025484
0.005486
-0.0045585
0.0033796
0.0024981
0.009814
-0.0040481
-0.0007687
0.0002623
-0.0073976
-0.0087451
0.0032476
0.0049613
0.0077439
0.003939
-0.0035083
-0.0014874
-0.0091619
-0.0064889
-0.0007637
-0.0038256
-0.0090174
-0.0067621
0.0062994
-0.005357
-0.0035444
0.0085199
0.007543
0.0068049
-0.0076315
0.0014521
-0.0041063
