-0.0067665
-0.0017613
0.0029909
-0.0077828
-0.0073465
-0.0080238
0.005366
-0.0074891
0.0028962
-0.0023691
-0.0024964
-0.0039184
-0.0018667
0.0085627
0.0009094
-0.0052778
0.0043295
0.0083456
0.00047
0.0051817
-0.0032012
-0.0010887
-0.003164
0.0048309
-0.0035248
-0.0019789
0.0084139
0.0039494
-0.0099151
0.0093307
-0.0075541
-0.0035021
0.0042869
0.0032032
-0.0068992
0.0093765
0.0091615
0.0064339
-0.0051583
0.0072375
0.002163
1.3e-5
0.004802
0.0043481
-0.0069951
0.0007378
0.0016172
0.0065433
0.0035033
0.0082286
-0.0089379
0.004824
-0.0063412
0.0018414
0.0069781
0.0054631
-0.0083452
0.0009434
-0.0016114
0.0002586
0.0068156
-0.0074503
0.0079425
-0.0093924
0.0086038
-0.0078719
-0.0097955
-0.0061662
-0.0038826
-0.0099089
-0.0019799
-0.0044878
0.0010573
0.0007733
0.0053316
-0.0051947
-0.0057897
-0.0089922
-0.0066372
-0.0075073
-0.0049303
0.0094581
0.0097066
-0.0026135
-0.0020088
-0.0054471
-0.0084852
-0.0005702
0.0060166
0.0035167
0.0040835
-0.0021777
-0.0051674
0.0055991
-0.0074989
0.0006357
0.008294
-0.0069538
0.004121
0.0086609
-0.0060821
0.0087891
0.0048539
-0.0072978
0.0025876
0.000517
-0.0046575
0.0001213
-0.0023226
0.0030551
-0.0066309
0.0093092
0.001165
-0.0048823
-0.0038935
0.0093664
0.0065157
-0.0035546
-0.0012578
-0.0017706
0.0008879
0.0022531
-0.0029036
-0.0069042
0.0035259
-0.0014569
-0.0066219
0.0021483
0.0035156
0.0021712
-0.001122
0.0049112
-0.0076558
-0.003262
-0.0035293
-0.0074555
-0.0027703
-0.0005705
-0.0058889
-0.0035318
0.003356
-0.0063122
-0.0092381
-0.0032852
-0.0070865
-0.0065758
0.0040464
0.0026364
0.002486
-0.00629
0.0050791
-0.0045124
0.0010606
0.0069124
0.0029843
-0.0007482
0.0041234
0.009409
-0.0074036
-0.0001484
0.0027682
0.0042699
-0.0001763
0.0007639
-0.0063966
0.0058212
0.0040137
0.0061897
0.0060387
0.0059683
-0.0070394
-0.0051624
0.0071113
-0.0029777
-0.0063458
-0.0006098
0.0051781
0.0007332
-0.0054604
0.0018582
-0.0093263
-0.0010683
0.0069039
-0.0043734
0.0049783
-0.0064179
0.008794
-0.0031366
-0.0082947
-0.0002197
-0.0028835
-0.0052812
0.0039084
0.0041689
0.0066628
-0.0044768
0.0026121
0.0058457
0.0099147
-0.0019505
-0.0021942
-0.0051405
0.0011043
0.0043359
-0.0055792
0.001086
0.0063405
0.0023372
-0.001073
0.0080955
-0.0079865
0.0057392
-0.0059979
-0.0051387
-0.0069168
0.0092359
0.005416
-0.0079342
-0.0089599
0.0039107
0.0061706
0.004717
-0.0020882
0.0042561
0.0079779
0.0014519
0.0078553
0.0015218
-0.0070928
0.0035558
0.0071985
0.0083398
0.0048993
-0.0007291
0.0005097
-0.0046629
-0.0071691
0.0052179
-0.0034576
0.0037504
0.0030515
0.0063264
-0.0052477
-0.0031719
-0.0079732
0.0004084
-0.0041702
-0.0004201
-0.0061581
0.0044961
-0.0089851
-0.0015682
-0.0024441
0.0016444
0.0051959
0.0037744
0.008302
-0.0096033
-0.0035991
0.0073792
0.0084804
0.0013916
-0.0041699
-0.006676
-0.0007953
-0.0017514
-0.0007911
-0.0060062
0.0081846
2.9e-6
-0.0007786
-0.0055146
0.0085477
-0.0022998
0.0024342
0.0002907
-0.0069806
0.0074202
0.0064372
0.0022572
-0.00966
-0.0070102
0.0017513
-0.0053654
-0.0023603
-0.0031276
-0.0015559
0.0028275
0.0073143
0.0013687
-0.0045891
-0.008447
0.0022388
-0.0009458
0.0082695
0.0074192
0.0099823
0.0030113
-0.0027139
0.0022767
0.0003289
-0.009117
-0.007922
-0.0005831
-0.0015922
0.0095017
0.0080031
0.0094179
0.0039486
-0.0036861
0.0017139
-0.0002
0.0064128
0.005005
-0.0098259
-0.0042953
0.0067381
-0.0090703
0.0005608
0.0067263
0.0033296
-0.0035902
0.0091422
0.0002185
-0.0058598
0.0045556
-0.0002008
0.0010606
-0.001171
-0.0029098
0.0066548
0.0096948
0.0018098
-0.0012893
-0.0087269
0.0003434
-0.0020021
0.0084943
0.0058743
-0.0053225
0.0068512
-0.0072606
-0.0063388
0.0039832
0.0002262
0.0024377
-0.0022348
0.00188
0.006719
-0.002107
-0.0013936
-0.0012476
-0.0024923
-0.0011292
-0.0062771
0.0046018
0.0098159
-0.0013699
-0.0025852
-0.002559
0.0093014
-0.0035658
0.0090139
-0.0003789
0.0041425
0.007987
0.0013222
-0.0081405
-0.0096698
0.0008937
0.0035063
0.0045912
0.0032558
-0.0083564
-0.0088442
0.0085292
-0.0054297
0.0093355
0.0048944
0.0060958
-0.0020799
0.0049462
0.0038122
0.0004397
-0.0078287
0.0079518
0.003963
0.0011986
0.0032463
0.0033496
0.0084947
-0.0030576
0.0003085
-0.0049049
-0.0070898
-0.0069857
-0.0067796
-0.0052916
-0.007696
-0.0038016
-1.3e-5
-0.0057921
0.0029053
0.0040747
-0.0008282
0.0073424
0.0014893
-0.0084405
0.0049527
-0.0021967
-0.0028771
0.0093086
0.0018282
-0.0065579
-0.0057991
-0.0069815
-0.0076158
-0.0018591
-0.0021242
-0.0030495
0.0093065
-0.0064785
0.0009916
-0.0095312
0.0058005
-0.0057632
0.006084
0.0017963
0.0092985
-7.26e-5
0.0083093
-0.0026268
0.006164
0.0035634
0.0097955
0.0069961
-0.0015897
0.0051258
-0.0036993
0.0038398
0.0023536
0.0020786
-0.0053138
-0.0027344
0.007387
-0.0027506
-0.0077966
0.0085845
-0.0039663
0.007137
-0.0085207
-0.0018527
0.0076499
0.005968
-0.006216
-0.0003317
0.0089849
0.00284
-0.0033858
0.0091771
-0.0048884
-0.0025203
-0.0004176
0.0033137
-0.0003074
0.00814
-0.0041035
-0.007142
0.0080892
0.0054861
-0.0029805
0.0045178
-0.0039596
-0.0082697
-0.000309
-0.0023999
0.0006988
-0.0080269
0.0036615
-0.0021228
0.0086855
0.0073756
0.0085912
0.0019406
-0.0064902
-0.0071424
-0.0034775
-0.0035581
0.0077968
0.0079903
-0.0025323
0.008651
0.0099919
-0.0084135
0.0006289
