-0.0002193
0.0051773
0.007369
-0.0090297
0.0027933
-0.0039374
-0.0020846
0.0047043
0.0086413
-0.0078779
0.0003454
0.0042047
-0.0011873
0.0071994
-0.0084231
0.0048546
-0.0062521
-0.0082579
-0.0025062
-0.0002511
-0.0048567
0.0061772
-0.0018238
-0.0031282
-0.0090614
0.0094772
0.0005701
-0.009084
-0.0039431
0.008711
-0.0093725
0.0049342
0.0029318
-0.0064524
-0.0081492
0.0002287
-0.0048173
0.0053075
-0.0025821
0.0097188
-0.0064998
-0.0080475
-0.0089108
0.0066669
0.0054105
0.0010056
-0.0055789
0.0043853
0.0018182
0.0067523
-0.0057131
0.0093346
0.0053081
0.0004829
0.0086569
-0.0027452
-0.0099908
-0.0031487
0.0090122
-0.0096556
-0.0050357
-0.0076324
0.0089681
0.0029685
-0.0080264
-0.0008012
0.0073243
0.0079897
0.0029798
-0.0068124
-0.0068854
0.0058559
-0.0044376
0.0088904
0.0020855
-0.0037442
-0.0097033
-8.83e-5
0.0097934
0.0069639
0.0043059
-0.0009775
0.0057845
0.0057441
0.0096568
-0.0082777
-0.0062532
0.0048883
0.003447
0.0003246
-0.0070699
0.0031105
0.0084132
-0.0090163
0.0004103
-0.0082437
-0.0015409
0.0063485
0.0022944
-0.0056297
-0.0085802
0.0041969
-0.0056648
-0.0058842
-0.0021808
-0.0038329
1.59e-5
-0.0067273
0.0017818
-0.0041257
-0.0061127
0.0097891
0.0070557
0.0088726
-0.0066474
0.004468
0.0033972
-0.003505
-0.0075351
-0.0028111
-0.0019695
0.0062945
-0.0080454
-0.0084411
0.0063941
0.0007309
0.0053022
-0.0088713
-0.0066675
-0.0008484
-0.0065503
-0.0021473
-0.0015735
-0.0057611
0.0024503
-0.0074488
-0.0005794
-0.0060761
-0.0084453
-0.0062829
0.0095568
-0.0080708
0.000555
-0.0055959
-0.0055772
0.0030856
0.0090124
0.0043414
0.00484
-0.0057092
0.0064488
0.0062085
-0.0094805
0.003381
-0.0092143
0.0069121
0.0070495
0.0074401
-0.0033831
-0.009428
0.002983
0.0016748
0.0097647
0.004773
0.0002706
-0.0035038
-0.0028524
0.0029621
-0.0053074
0.0096342
-0.0041488
0.0096356
0.0044522
0.0057468
0.0052415
-0.0017216
-0.0024213
0.0041866
0.0075745
-0.0005987
0.0087784
-0.0023215
-0.0003969
-0.0033668
0.0084593
-0.0057481
0.0071983
-0.0050789
0.0027522
-0.0057391
-0.0007962
0.0043562
0.0020212
0.0041439
-0.0066516
-0.0014248
-0.0046637
-0.0041469
0.00728
-0.0090257
-0.000235
-0.0049156
-0.0006208
0.0042195
-0.0044847
-0.0077933
-0.0041202
-0.0033753
-0.0015666
-0.0088104
0.0096855
0.0068379
0.0072824
0.0029872
0.0034562
-0.0076269
-0.0040899
0.0010691
-0.0054407
-0.0084248
-0.0019402
0.0074422
0.0047217
0.0067384
0.0055765
-0.0011091
-0.0078868
-0.0040735
0.0041342
-0.0059372
-0.0038819
0.0055036
-0.0052691
0.0037473
0.0077333
0.0040848
-0.0063894
0.0062268
-0.0096279
0.0082669
-0.0015298
0.0015237
-0.0008593
-0.0096899
0.0013084
0.008389
-0.0059515
-0.0017367
0.0013075
0.0033908
0.0060735
0.0037498
0.0055235
-0.0015777
-0.0036056
-0.001603
0.0078065
0.0035366
-0.0050954
0.0058385
0.0012755
0.003228
0.0015064
0.0028873
0.0096802
0.008731
0.0027411
-2.79e-5
0.0044019
0.0043158
0.0016514
-0.00204
0.0049641
0.0058077
-0.0034988
-0.0069764
0.0025942
0.0042954
0.0049691
0.0043749
0.0089653
-0.0011621
-0.0014792
0.0036941
0.009475
-0.0032917
-0.0034424
-0.0077998
0.0017575
0.0039543
0.0033422
0.0004717
0.0005602
-0.0004992
0.007304
0.0040093
-0.0071479
0.007159
-0.0037714
-0.0082595
-0.0089735
-0.0068807
0.0038129
-0.0030643
-0.0068848
9.81e-5
0.0015921
0.0098419
0.0095256
-0.004833
0.0072178
0.0005982
0.0064451
0.0006027
-0.0050883
0.0038943
-0.0042803
0.0094436
0.0059618
-0.003068
-0.0056804
0.0068403
0.0039356
-0.0044931
0.0090712
-0.0024495
0.0056798
-0.0037529
0.0094164
-0.0070669
0.0054291
-0.0041844
-0.0075701
0.0002678
0.0068711
0.0065723
0.0056853
0.007876
2.05e-5
0.0082149
-0.003999
-0.0004737
-0.0084276
0.0054443
-0.0020121
0.002339
-0.0001563
0.0065002
0.0083442
-0.0038364
-0.0086651
0.0004535
-0.0002624
-0.0031132
0.001406
-0.002701
0.0015618
0.0013023
-0.0075813
0.0048136
0.0088669
-0.0048597
0.0064687
0.0026134
0.0007687
0.0002446
0.0053207
0.0037736
-0.0005673
-0.0041907
-0.006254
0.0087673
-0.0038067
-0.0056101
0.0083658
0.0041329
-0.0033886
0.0016791
0.0070173
0.0006093
0.0078381
0.0035948
-0.0070736
0.0009905
0.0095695
0.0069053
0.0067316
-0.0082241
0.0080608
-0.0099799
-1.1e-6
-0.0070463
0.0056423
0.00417
0.0011669
0.000392
-0.008849
0.0099908
-0.0029051
-0.0058893
0.0082911
0.003906
0.0018738
0.0009784
-0.0079876
-0.0023046
0.0088096
0.0071333
-0.0027166
0.0023627
0.0036841
-0.0036423
-0.0017079
0.0038689
-0.0004009
-0.0078313
4.34e-5
0.0060899
0.0036871
0.0011916
-0.0094826
0.0016745
0.0006462
0.0061549
0.0062201
-0.001895
-0.0053124
-0.0027355
-0.0055024
0.0087031
-0.0005438
0.0027544
0.0028125
-0.0038925
0.0040777
-0.006373
-0.0079226
-0.0069344
0.0031183
0.0088732
-0.0088092
-0.0093075
0.0005862
-0.000269
-0.0022606
-0.0018493
0.0076202
-0.0076898
-0.0032997
-0.0062404
-0.0046195
-0.0031658
0.0017521
-0.0041357
-0.0058472
-0.001773
-4.22e-5
0.0099755
-0.0022848
0.0011044
-0.0077568
-0.0053419
-0.0085396
-0.0028498
-0.0016018
0.0025175
0.0042039
0.007965
0.0082958
0.0053692
-0.0034272
-0.0009139
0.0015221
0.008264
0.0025491
0.0054406
0.0072907
0.0094266
0.0011833
0.0059944
0.0095803
0.0008303
0.0058807
0.0021121
0.0085881
-0.0044184
0.000683
0.0012111
0.0072695
-0.0097439
0.0029034
-0.0052699
-0.0068056
-0.0011083
-0.0080361
