0.0065863
0.0038792
0.0040132
0.0047698
0.0013695
-0.0073322
-0.0014337
-0.0095875
0.0086279
-0.0090959
0.0028454
-0.0085653
-0.0060273
-0.0034647
-0.0060854
-0.0054202
-0.0042486
0.0035358
0.0091463
-0.0049291
0.004255
0.0016989
-0.0063079
0.009204
-0.0017763
1.29e-5
8.09e-5
0.0054323
-0.006797
-0.0079011
0.0020503
-0.0015785
0.0094597
-0.0038153
0.0089555
-0.0035478
-0.0075944
-0.0076846
-0.0099134
-0.0064363
-0.0007566
0.0031602
-0.0082838
0.0059484
0.0043351
0.0024841
-0.0056423
0.0092387
0.0085943
-0.0058478
-0.0030675
0.0076614
-0.0064877
-0.0057368
-0.0031789
-0.0079306
-0.0097508
-0.001786
-0.0085354
0.0024947
0.0013998
-0.0001917
0.0027031
0.0027982
-0.0088399
0.0050233
-0.0076283
-0.0009455
-0.0066876
0.0072166
-0.0039307
0.0097246
0.0018891
0.0031035
0.0041229
0.0062846
0.001545
0.0075672
0.0028902
-0.0022694
0.0012229
-0.0083699
0.0042863
0.0045015
0.0083645
-0.0062118
0.0059734
-0.0042989
-0.0085434
0.0002528
0.0074626
0.00984
0.007416
-0.0091771
0.0042863
0.001851
0.0090715
0.0037771
-0.0034442
-0.0089408
-0.0063474
0.0088961
-0.0007146
-0.0083396
-0.0088147
-0.0037441
0.0091487
-0.0063851
-0.009038
-0.0031235
0.0002795
0.0085252
0.0083891
0.0060161
0.0098274
-0.0030116
0.0063343
0.0025014
-0.009942
-0.0014132
-0.0035666
-0.0037542
-0.0079194
0.0094092
-0.0026395
-0.0013708
0.0029781
-0.0044489
0.009539
0.0018151
0.0081398
-0.0065113
0.0076654
0.0091002
0.0068077
0.0027239
0.0040283
-0.0019619
0.009057
0.0017814
-0.0007161
-0.003279
-0.0083437
-0.0097225
0.0014302
0.0064187
-0.0097352
-0.0094014
0.0004502
-0.0083517
-0.0029491
-0.0022019
0.0032691
0.0018484
-0.0075647
-0.0078112
0.0051815
-0.0047071
0.0056384
0.0071766
-0.0085411
-0.0090715
0.006767
-0.0085086
-0.0004615
0.0003878
0.0040674
0.0080323
-0.0084309
-0.0022024
0.0017228
0.0014856
0.0033956
-0.0027827
0.0065258
-0.00893
0.0005641
-0.0092141
0.0083047
0.0027962
-0.0025313
0.0057944
-0.0077704
-0.0023225
0.0084557
0.0091832
0.0078664
-0.0061316
-0.0019198
-0.0097707
0.0001199
-0.0043442
-0.0043609
-0.0080942
-0.0016488
0.0017755
0.0086725
-0.004015
-0.008459
-0.002419
0.006444
-0.004372
-0.0083444
-0.0029353
0.0054803
0.0096898
-0.0046033
0.0047414
-0.006713
0.008799
-0.006965
-0.0056054
-0.0061815
0.0059001
0.0035664
-0.008499
0.0051822
0.0066562
0.00988
0.0097607
0.0035338
0.0043211
-0.0064719
-0.0045179
0.006269
0.004928
-0.0050722
-0.0072268
0.007381
0.0020128
-0.0068393
0.0079059
-0.0056298
5.48e-5
0.0023417
-0.0097871
0.0038134
-0.0091406
-0.0045208
-0.0014916
-0.0031717
0.0020834
0.0043888
0.0007871
-0.0048452
-0.0045316
0.0060805
-0.0017967
-0.0075872
-0.0054167
-0.0095666
0.0019728
-0.0055649
-0.0028529
0.008221
-0.0012068
0.0087981
0.0030167
-0.0003572
7.55e-5
-0.0010926
0.0062821
0.0031569
-0.001191
-0.0024978
-0.0067185
0.0018594
0.0049096
0.0040767
0.0051825
0.00476
-0.0088119
0.0056593
-0.0065581
-0.0037423
0.0096345
0.0066933
0.0005182
0.0093608
0.008353
-0.0018871
0.0027125
0.0026394
0.0064725
-0.0092875
-0.0017758
-0.0086481
-0.0009356
0.0062191
0.0026928
0.0098064
-0.0092337
0.0040034
0.0016271
0.0042694
-0.0089982
0.0005091
0.0063055
-0.0080764
-0.0084698
-0.0058481
0.0076849
-0.0069283
0.0062467
-0.0048204
-0.0011924
0.0023488
0.0033538
0.0091357
0.0083042
-0.0021002
0.0030711
-0.0033938
0.0057385
-0.0068165
-0.0087265
-0.0035767
0.0047174
0.0063533
0.0055368
-0.0093619
0.0030636
-0.006154
0.0063621
0.0037169
0.0049924
0.0070994
-0.0040505
-0.0078355
-0.0001953
-0.0048847
-0.0067976
6.19e-5
-0.0010012
-0.0034384
0.0098611
-0.0003291
0.0063712
-0.0007337
0.000482
0.008843
-0.0063559
0.009239
-0.0046417
0.0003547
-0.0053576
-0.003965
0.0080264
-0.0030076
-0.0054147
0.0085363
-0.0094542
0.0045183
0.0050708
0.0098229
-0.0011738
0.0065488
-0.0010878
0.0057223
0.0002897
-0.0079051
-0.0016402
0.0071768
-0.007584
-0.0082667
0.0083033
0.0015509
0.0043948
-0.0097114
0.0013801
0.0076649
0.0082228
0.0070201
0.0036667
-0.0076132
-0.0073428
-0.0069025
-0.0047773
-0.0016182
0.000804
0.002885
0.0029
0.0027847
-0.0027242
0.0026024
0.0075656
0.0046986
0.0096194
-0.0096424
-0.0058234
0.000156
-0.0050385
0.0038977
-0.0099987
-0.0003579
-0.0053531
-0.0027831
0.0065928
-0.0039516
0.000885
0.0091226
0.0064877
0.0081832
-0.0003511
0.0041639
-0.0068078
0.0068916
-0.0062305
0.004017
0.0026877
-0.0040824
0.0009407
-0.0006374
-0.0011582
0.006664
0.002655
0.008963
0.0014346
0.0045751
6.81e-5
-0.0042284
-0.0017455
-0.0048839
0.0067641
-0.0089419
-0.0033488
-0.0042424
0.0063541
-0.0010981
-0.009518
0.0057957
0.0062858
0.0072328
0.0044707
0.0074194
0.0048362
-0.0002423
-0.0047302
0.0065055
0.0046028
-0.0068881
-0.000821
0.0019749
-0.003859
0.0013872
0.0042376
0.0008801
0.0038932
0.0070482
0.0056201
0.0028299
-0.0030062
0.0068425
0.0039972
-0.0006766
-0.0053135
0.0065299
0.0071624
0.0065831
-0.0016259
-0.0057864
-0.0042275
-0.0072757
-0.0070274
-0.0043273
0.0088845
0.0058513
0.0067568
-0.0058297
-0.0013738
0.0064537
-0.0077556
0.0005716
-0.0075594
0.0052701
-0.0012348
-0.001759
0.0057619
-0.0024738
-0.0054451
-0.0059748
0.006012
0.0060963
0.0004442
-0.0007015
-0.0053618
0.0073761
-0.0013551
-0.0023025
-0.0002053
-0.0020807
-0.0090064
0.0028135
-0.0071416
0.0065498
