-0.00671
0.0099744
-0.0078159
0.0031162
-0.0019478
0.0037148
-0.0085189
0.0087914
0.0072136
0.0052782
-0.0050185
-0.0054196
-0.005117
0.0006356
-0.0063537
-0.0094368
0.005443
9.68e-5
0.0020426
0.0085336
0.0004961
0.0043227
-0.0061147
-0.0024494
-0.001134
0.0040365
-0.0057841
-0.0084996
0.0005899
-0.0086771
-0.0043807
-0.0034236
-0.0032448
0.0024798
0.002069
0.0022162
-0.0088401
-0.0044958
0.0026757
-0.0053592
-0.0071014
0.0082626
0.004101
-0.0036384
0.0062935
-0.0011874
0.0086782
-0.0028706
-0.0096869
0.0049426
0.007094
0.0095605
0.0036938
-0.0066608
0.0071212
0.001875
-0.0059382
-0.0018454
-0.0023616
0.0014758
-0.002943
-0.003416
-0.001248
0.0084282
-0.0002692
-0.0063795
-0.0093992
-0.0039145
-0.0094066
0.0012914
0.0063696
-0.0077777
0.0038985
-0.003119
-0.0071141
-0.0072603
0.0091504
0.005895
0.0025193
0.0038157
0.0006918
-0.0023445
0.0064559
-0.0085769
-0.0083585
0.0034704
0.0082445
0.0095913
-0.0018192
-0.0069733
0.0010265
0.0099533
0.0086918
0.0010549
-0.0039043
0.0073215
-0.0083624
-0.0013735
-0.0005293
-0.0030535
-0.0031032
-0.0073711
-0.0070908
0.004757
0.0088202
0.0025292
0.004387
0.0039542
0.0076222
0.0089191
-0.0077244
0.006791
0.0083874
-0.0017967
-0.0026537
-0.0023192
-0.0032946
0.0083937
-0.0052504
-0.0070297
-0.002187
0.0031569
-0.0032135
-6.7e-6
-0.0084872
0.000649
-0.0057199
0.0083112
0.0050095
-0.0020043
-0.0026008
-0.0007091
-0.0067431
0.0085585
-0.005549
0.0084099
-0.0003618
-0.0041409
-3.78e-5
-0.0060027
-0.0016417
0.0018116
-0.0016273
-0.0042809
0.000813
0.0033711
-0.0077591
0.0077888
0.0086366
0.0016796
0.0018104
-0.0094206
-0.0011657
-0.0001485
0.0029686
0.003555
0.0044177
-0.0054511
-0.0042417
0.0091224
0.0088794
0.0039155
0.0004805
0.0033133
0.0090952
0.0097361
-0.00274
-0.0018253
-0.0098814
-0.0065588
0.0066982
-0.0036676
-0.0076178
-0.0086134
-0.0062606
-0.0088549
0.0009754
-0.0059455
-0.0063519
-0.0065467
-0.0034203
0.002926
0.0029028
-0.0039704
-0.0010728
0.0097812
0.006375
-0.0060511
0.0020315
0.0091005
-0.0041318
0.0031065
0.0039698
-0.0045502
-0.0092108
-0.0025232
0.0008738
0.007805
0.0057216
-0.0089767
-0.0093646
-0.0001508
-0.0095228
0.003202
0.0092908
0.0050148
0.0006445
0.0039859
0.0016504
-0.0023049
-0.0052582
0.0003249
0.0023996
0.0036422
-0.0023182
0.0043454
-0.0057747
0.0075265
-0.0023639
-0.0063977
0.0016309
0.0007327
0.0038612
-0.0066746
-0.000981
0.0054044
0.0083392
-0.0011749
0.0032773
-0.0014111
-0.0091883
0.0018883
-0.0067626
-0.0036791
0.0081164
0.0013373
-0.0096918
0.0033204
-0.0092393
0.0085095
-0.00269
0.0091916
-0.0067254
0.0066876
0.0011695
0.0053375
0.0027604
0.0045183
-0.0032115
-0.008748
0.0066593
0.0009583
-0.009945
0.0061255
-0.0067205
0.0067487
0.0032242
0.0031917
0.0061802
0.0095152
-0.0094059
0.0054853
-0.0061486
-0.0067772
-0.0081825
-0.0058235
-0.0077628
0.0006187
0.0007869
-0.0049548
-0.0011552
-0.0072965
-0.0028317
-0.0047365
0.0069167
0.0045833
-0.0029454
-0.0084243
0.0002341
-0.0097086
0.0023812
0.0010221
0.0012539
0.0074707
-0.0049838
0.0025413
-0.0094418
0.0019812
-0.0032978
0.0085534
-0.0074889
-0.0066114
-0.0034348
0.0057671
0.0070133
-0.0011888
0.0017892
0.0007839
-0.0085214
-0.0097744
0.0076048
0.0028181
-0.0014176
0.0037806
-0.0086762
-0.0064567
-0.0092065
-0.0093872
-0.0009936
-0.0013641
-0.0046849
0.0057428
0.0053152
0.0041518
6.27e-5
0.0023638
-0.0001609
0.0002235
0.0034969
-0.0044779
-0.0028328
0.0014748
-0.0001355
-0.0046202
0.0056606
-0.0008621
-0.0046745
0.0075114
-0.0020643
0.005886
-0.0080063
-0.0025223
-0.0081545
-0.0054413
-0.0004623
-0.0060888
-0.0043614
-0.0065905
-0.0029772
0.0005116
-0.009251
-0.0033941
-0.0011582
0.0017356
0.0032292
-0.0008397
0.0078129
0.0030586
0.0060809
-0.002917
0.0087979
0.0017243
-0.0067509
0.0029738
-0.0072315
0.0044629
-0.0071462
0.00653
0.0069949
-0.0006694
-0.0003202
-0.0022192
-0.0069629
0.0017489
-0.0026869
0.0019688
0.0008113
-0.0005763
0.0042946
0.003777
-0.0001662
0.003217
0.0005679
0.0030435
0.008694
-0.0099849
-0.0026142
-0.0032069
-0.0045454
0.0073272
-0.0033744
-0.0026015
0.0039866
0.0025282
-0.0099205
-0.0026914
0.0079367
-0.0056689
0.006755
-0.006865
0.0097988
-0.0085708
0.0090402
-0.0039744
-0.0026692
0.0099583
0.0077755
0.0063685
-0.0091907
-0.0061699
-0.0068934
-0.0014675
-0.003835
0.0053596
0.0041588
-0.0042903
-0.0052825
-0.006305
0.0031358
-0.0030845
-0.0023086
-0.0025433
0.0067114
-0.009343
-0.0002143
0.0019869
-0.0060485
-0.0078839
-0.0001881
0.0071873
0.0030978
0.0071955
-0.0094815
0.009489
-0.0070137
0.0090301
-0.0085892
-0.0084348
-0.0060445
-0.0072403
-0.0082751
0.0047314
-0.0071478
-0.0054246
0.0027159
0.003487
-0.0047297
0.0020277
3.64e-5
0.0037141
0.0052941
0.0075374
0.0004276
-0.0047126
0.0071449
-0.0048749
-0.004928
-0.0061171
0.0082453
-0.0042914
0.0063027
0.0069837
0.0036482
0.0076268
-0.0091061
0.006744
0.0032413
-0.0036892
0.0048958
0.0051458
0.0067927
0.0084553
-0.0055711
0.0061147
0.0005041
-0.0042646
-0.0085658
0.0006288
0.0061892
-0.0070594
-0.0002059
0.0073014
0.008402
0.004155
-0.0017266
0.0019742
-0.009403
0.0019428
-0.0093609
-0.007402
0.0094639
0.0097846
-0.000779
0.0074053
-0.0036411
-0.0013043
-0.0093745
0.0072291
0.0032575
-0.0040018
0.0001556
0.0059955
-0.0063914
-0.005351
0.0095556
