0.0083041
0.0093059
0.0044923
0.002703
0.0055747
0.0050952
0.0034502
-0.0045638
0.0038377
-0.0090511
-0.0063425
-0.0035645
-0.0047957
0.0092859
0.0071631
0.0054495
0.0032399
0.0038404
0.0069034
0.0012801
-0.0003877
0.0081945
0.0029446
-0.0030056
-0.0073516
-0.0062746
-0.0047774
-0.0040125
-0.0012452
-0.0017171
-0.0092167
0.0073757
0.0028875
0.0059832
0.0065217
-0.0070703
0.0092274
0.0012855
0.0049908
0.0067747
-0.003177
0.0043529
0.0032889
0.0035067
0.0022369
-0.0048902
-0.0058582
0.0006725
-0.0092349
-0.002823
0.0078168
-0.0089302
0.0083751
0.0062414
-0.0050823
0.0052342
0.0033757
-0.0067705
-0.0034616
0.0053325
0.0003766
-0.0041154
0.0054886
0.0079165
-0.0081322
0.009034
0.0072031
-0.0084835
-0.0003234
0.0008951
0.0049497
-0.0084102
0.0056911
0.0095521
0.0092919
0.0084216
0.004167
0.0087134
-0.0097277
-0.0049955
0.000644
0.0042146
-0.0086792
-0.0035147
0.0039514
-0.0032366
0.0007926
0.0045267
-0.0023251
0.0004437
-0.0096093
0.004647
1.88e-5
-0.005613
-0.0080067
-0.0066667
-0.0022811
0.0016712
-0.0072664
-0.009378
0.0011687
-0.008118
0.0033086
0.0084438
-0.0097399
0.0056259
0.002731
0.0001384
0.0069562
-0.0085625
0.007375
0.0005284
0.0039137
0.0082843
-0.0057635
0.0008043
-0.0061846
-0.0099262
0.0047315
0.0045576
6.1e-6
0.0094991
-0.0062925
0.0003723
-0.0061696
-0.0050042
-0.0001337
-0.0073126
-0.0066231
-0.0096042
0.0093525
0.0012621
-0.0066288
0.0061191
-0.0059213
0.0073172
-0.0046743
0.0016129
-0.0085966
-0.0098291
0.009746
0.0037075
0.0005968
-0.0052044
-0.0069032
-0.0050555
-0.0041749
0.0004624
0.0045462
-0.0068435
0.0071583
0.0070219
-0.0001462
-0.0027006
-0.0025131
0.0038301
-0.0088959
-0.003042
-0.0017827
0.001358
0.0029601
0.005293
0.0030261
-0.0027293
0.0093988
-0.0061992
-0.0063624
0.0019554
0.0078464
-0.0082663
-0.0062829
0.0026044
-0.0056148
-0.0028074
0.0025502
-0.0056688
0.0081994
0.0096408
-0.0003545
-0.0040812
-0.0066426
-0.00969
-0.0045681
0.0011916
-0.0062819
0.0099317
0.003121
0.0063347
-0.0052729
0.0011337
-0.0043902
-0.0068503
0.0002898
-0.0077735
0.0076929
0.0081056
-0.0075518
0.0059414
-0.0047549
-0.0098374
-0.0083386
0.0070153
0.0049062
0.0055684
0.0032141
0.0079021
0.0006355
-0.0072363
0.0033513
-0.0037298
0.0048241
-0.0060751
0.0027085
-0.0066507
0.0003196
-0.0096499
-0.0091343
0.0008181
-0.0068102
-0.0023302
-0.0025009
-0.0039414
0.0037341
-0.0099577
0.0053347
-0.005786
-0.0067983
-0.0042922
-0.0036407
0.0010996
-0.0030317
0.0066889
-0.0027985
0.0078418
7.3e-5
0.0040147
-0.0053881
-0.0036004
-0.0018706
-0.0022603
-0.0090165
-0.0025766
-0.0021745
-0.0002394
0.0042558
0.008027
0.0053872
0.0026698
0.0097528
0.0032521
-0.007854
-0.0046883
-8.06e-5
0.0085759
-0.0084024
0.0020275
0.0084672
-0.0008158
0.0009054
0.0071115
0.002688
-0.0057553
0.0094852
-0.0020908
0.0081196
0.0094372
0.004215
-0.0086944
-0.0043604
-0.0093024
0.0048442
-0.0058703
-0.0046959
0.0057757
0.0088575
-0.0046722
0.0017216
-0.0063576
0.004009
0.0004234
-0.0063025
0.0035733
0.0001283
0.0099536
-0.0067906
0.0053602
-0.0072223
-0.0090186
-0.0074165
0.0017804
0.0042429
-0.0026164
0.0020444
-0.0046397
-0.0097682
0.0004313
-0.0055047
-0.0098571
-0.005479
-0.0041313
0.0049725
-0.0013373
0.0033255
0.0044654
0.0063701
0.0012225
0.0071136
0.0068377
-0.0042752
0.0001062
0.0062251
-0.0071142
0.0048415
-0.001784
-0.008763
0.0069042
-0.0064099
0.0095024
0.0088141
-0.0067899
-0.0092071
0.0061937
0.0021076
-0.0033334
0.0047026
0.0019012
0.0045531
-0.0011932
0.0005147
0.0017783
0.0044298
-0.0087084
0.0064526
-0.0069195
0.0084379
0.0047989
0.0015162
0.0024733
-0.006131
-0.002847
-0.0066646
-0.0051467
0.0092796
-0.0087239
-0.0002819
-0.0095536
-0.0061737
-0.0045258
-0.0077069
-0.0082469
0.0094192
0.0004359
-0.0058014
-0.004975
-0.0011786
-0.0036008
0.0032938
0.0028589
-0.0040638
-0.0075368
-0.0011747
0.0024007
-0.0097984
0.0023967
0.005369
0.0024005
-0.0099104
0.0089272
0.0068403
-0.0093053
-0.0070671
0.0082343
0.0065463
-0.0057522
0.0056703
-0.0099845
-0.0078858
0.0035118
-0.005751
-0.0003415
0.0045571
0.0006854
-0.0028397
-0.0094245
-0.0028026
-0.0001448
0.0051112
0.0033168
0.0054339
0.002984
0.0058652
0.0081924
-0.0057246
0.0039663
-0.0043161
-0.0070567
0.0058622
-0.0047038
0.0043644
-0.0096152
0.0095229
0.0024383
0.0034198
-0.0083995
0.0072574
0.0022706
-0.0041866
0.0018668
-0.0060495
0.0038631
0.0024588
-0.0015603
0.0094141
-0.0019762
0.0029222
-0.0074144
-0.0086111
-0.0058886
-0.0042738
0.0009971
-0.0076851
0.0058957
0.0056626
0.0052055
-0.0006201
0.0056203
-0.0079259
0.000585
-0.0053496
-0.0050199
0.0014727
0.0065847
-0.0087812
-0.0071446
0.007488
0.004797
0.0093254
-0.0099886
-0.0064006
-0.0040523
-0.0071228
0.0060235
-0.0069414
0.0023753
0.0032788
0.004472
0.0096413
0.0055116
-0.0059943
-0.007363
0.0088991
-0.0055523
-0.0058562
0.0060642
-0.0061367
0.0076327
-0.007835
0.0067568
-0.0039758
0.0056603
-0.006821
-0.0064198
0.0044512
-0.0005923
0.0004197
0.000207
0.0069612
0.003754
0.0050838
-0.0089491
-0.0069078
0.0078789
0.0067521
0.0094775
-0.000955
-0.0051252
-0.0063654
-0.0028186
0.0005988
0.0054573
0.0017881
-0.0050752
0.0014613
0.006632
0.0045648
0.0090077
-0.0057818
0.0037812
0.0023473
0.0076426
-0.0040926
0.0007491
-0.0047474
0.0022604
0.005573
