0.0010617
-0.005944
0.0093408
-0.0002945
-0.0038817
0.0071371
0.0017579
0.0089024
0.000666
-0.0096198
0.006954
0.0059917
0.000684
0.0003417
-0.0015783
0.0018939
-0.0066347
0.0059329
0.0033214
0.0063361
-0.007663
-0.0058043
0.0086249
-0.0092134
-0.0045596
-0.0001424
-0.0064766
-0.0098722
-0.0017171
-3.56e-5
-0.0077394
0.0063624
-0.0037221
0.0013206
-0.0087644
0.0030932
-0.0079051
0.0002364
0.0071689
-0.0060074
0.0074929
-0.0070279
-0.006457
-0.0055052
-0.0045442
0.0082425
-0.0032527
0.0059305
0.0040182
-0.0086586
-0.0012373
-0.0045917
-1.7e-6
0.007114
-0.0099218
-0.0036981
-0.0059603
0.0012587
0.0001706
-0.0023364
0.0054402
-0.0017358
0.0052029
-0.0046833
-0.0082391
0.0033846
0.0082485
0.0029315
0.0031126
-0.0061751
-0.0065331
-0.0099673
-0.0011718
-0.0083291
-0.0017565
-0.0093288
0.0088563
-0.0062504
0.0011893
0.0047423
-0.0009253
0.0011735
-0.006438
-0.0084254
0.0068197
-0.0043457
0.0050193
0.0096773
0.0037131
-0.0008316
0.0034672
0.0061636
-0.0011428
0.0014839
-0.0055934
-0.0013541
-0.0022993
-0.0063904
-0.0082272
-0.0086868
-0.0061915
-5.26e-5
0.0060653
-0.005283
-0.0043317
0.0040436
0.001793
0.0047234
-0.0024725
-0.0066717
0.0057834
-0.0074027
0.0005407
-0.0096671
0.0031143
0.0037514
0.0016833
0.0013039
-0.0029899
-0.0032896
0.0096419
0.0046617
-0.0039029
-0.0029214
0.0066802
-0.0038027
-0.0076093
-0.0062884
0.0061068
-0.0004317
-0.0091844
0.0008178
0.0027361
-0.0009432
-0.0055517
-0.0054721
0.0031374
0.0026418
-0.0096442
0.008406
-0.0032893
-0.0053689
-0.0045916
-0.0089797
0.0076079
-0.0059697
0.0025294
-0.000947
0.0015279
0.0076653
-0.0078726
-0.0024352
-0.0012292
0.0078633
-0.0087981
0.0076739
0.0096243
0.0061758
0.0064935
0.0090281
-0.0059688
0.0016631
-0.0093357
-0.0050795
-0.0053799
-0.007187
-0.0067924
0.0009386
-0.0083752
-0.0076824
-0.000232
0.0072081
-0.0077034
-0.0072867
-0.004363
0.0064859
-0.006935
0.0004034
-0.0045565
-0.006058
-0.0043572
8.17e-5
0.0031186
-0.0015443
-0.0047313
0.0081258
0.0014669
0.0060182
-0.0030757
0.0012212
-0.006639
-0.0045973
0.006037
-0.0074354
-0.0076954
-0.0046826
0.0021914
-0.009811
-0.0005217
-0.0097224
-0.0071398
0.0074024
0.0077125
-0.0017939
-0.0080213
-3.47e-5
0.009813
0.0055209
0.0099431
0.0068365
-0.0007483
-0.0068323
-0.0070253
0.0039758
-0.00046
-0.0095808
-0.0081059
-0.0029267
0.0064165
-0.000344
0.0052266
0.008457
-0.0026065
-0.0082714
0.002332
0.0082909
0.0097961
-0.000687
-0.005987
-0.0062625
-0.0081839
-0.0076798
0.0088037
-0.0039884
8.19e-5
-0.0012689
-0.0021871
-0.0074521
-0.0007892
-0.0036539
-0.0048108
0.0061819
-0.0027703
0.0028254
-0.0007548
0.0002236
0.0002874
0.0058449
0.0034563
-0.0058806
-0.0005867
0.0021823
-0.0080654
-0.0035812
-0.004998
0.0056961
0.0067022
0.005105
-0.0034163
-0.0085241
-0.0012907
0.0045254
0.0028659
0.000119
-0.0021165
-0.0039302
0.0022862
0.0034483
0.0011426
-0.009975
-0.0064903
0.0056307
-0.0039311
0.0071682
0.0022699
0.0088782
-0.0099223
-0.00607
-0.0089914
-0.0063778
-0.0035235
0.0064903
-0.0074755
-0.0096834
-0.0012765
0.0057882
-0.0087508
-0.0010282
0.0077781
0.0009437
-0.0020038
0.0079918
-0.0017821
0.0005755
-0.0082882
-0.0024223
-0.0004993
-0.0009933
-0.009909
-0.0022338
-0.0030207
-0.0020193
0.0017845
0.0004743
0.0046673
-0.0027964
-0.0085454
-0.004678
-0.0019997
0.0045358
0.0080125
0.0074865
0.0029925
-0.0063794
0.0095533
-0.0093582
0.0009553
0.0029326
-0.0059542
-0.0048864
-0.0043464
-0.0016395
-0.0085947
0.0025028
-0.0092398
1.37e-5
1.49e-5
0.0008909
0.0071211
0.0019826
-0.0026015
0.0073389
0.0074289
0.0002467
-0.0039096
-0.0020371
0.0065652
0.0017879
0.0025364
-0.0016721
-0.0034015
-0.0030541
0.0082397
-0.0099473
0.0042431
-0.0075899
0.0093485
0.0015768
0.0068259
0.0005713
0.0054132
-0.0094739
-0.0017632
0.0088103
-0.0046331
0.0062464
0.0087936
0.0098069
0.0085272
-0.000286
-0.0075875
0.0088437
-0.0024143
-0.0045552
-0.0083833
-0.0037291
0.0067948
0.0043528
-0.0014936
0.0020822
0.0061721
0.0078938
0.006649
-0.0071545
0.0024338
-0.0037909
0.0023029
-0.0079856
0.0001975
0.0011535
0.002249
-0.0002599
0.0062215
0.00687
-0.0030989
-0.0048669
-0.0012709
0.0085842
0.008339
0.0085386
0.0054435
-0.0058372
0.0076562
-0.0042739
-0.0021192
0.0004709
-0.000294
0.0007049
0.0005565
-0.0094263
-0.0059771
0.0006
-0.0036637
-0.0097453
-0.009608
0.0026813
-0.0005722
0.0017109
-0.009469
-0.0026566
-0.0067628
0.0056559
0.0060422
-0.0070343
-0.0086903
-0.0083837
0.0048681
0.002247
-0.0014632
-0.002814
0.0079377
-0.0093539
0.0017915
0.0071253
-0.0049226
-0.0045697
0.0010213
-0.0020841
0.0097688
0.0088485
0.0024836
0.004062
-0.0035136
0.0054893
-0.0026446
0.0083306
-0.0070055
-0.0079734
0.0091227
-0.001265
0.0067067
-0.0024044
0.0033263
-0.0028728
-0.0012931
0.0043219
-0.0028739
0.0055577
0.0069703
-0.0076135
-0.0024649
-0.0092288
-0.0059513
-0.0077908
0.0044523
0.0079057
-0.0085505
0.008965
0.0096972
0.0001752
-0.0080837
0.0046156
0.0003083
0.0040017
0.0051642
-0.0053931
0.0001432
-0.0016318
-0.0028787
-0.0040483
0.0031785
-0.0050692
-0.0095794
0.0043739
0.0022205
-0.0059873
-0.0074231
-0.0054831
0.0031203
0.0004807
-0.0065594
-0.0040434
-0.0055591
-0.0012917
0.0062717
-0.0092683
0.002873
-0.0049907
-0.007527
0.0002035
-0.0027767
0.0059214
-0.0023001
0.0043586
0.0060387
