-0.0089676
-0.0058968
0.0019492
0.003181
-0.0025672
0.0009798
-0.0094088
-0.006463
-0.0039465
0.0007206
0.0038301
0.0053115
-0.0099166
-8.55e-5
0.0042035
-0.0087481
0.0077353
-0.0049997
0.0023356
0.0002371
-0.0090602
-0.0077988
-0.0079278
0.0077781
-0.0028383
0.0040292
-0.0003152
-0.0052485
-0.0085309
0.00809
-0.0079839
-0.0008982
0.0096785
-0.0025216
0.0089585
0.0087851
0.0010714
-0.0002384
0.0029968
0.0088106
-0.0060549
0.0040213
0.0086347
-0.0094557
0.0069942
-0.0014956
0.0087133
-0.0047858
0.0098353
0.0045285
-0.0094344
0.0062875
-0.0068
0.0076582
0.008334
0.0081545
0.0017937
-0.0036121
0.0097213
-0.0057487
-8.9e-5
-0.0095106
0.0062
0.006749
-0.0078867
0.0076654
-0.0089756
0.0085876
-0.0077089
-0.0014035
0.0050428
-0.0066837
0.0047683
-0.0040119
0.0032874
-0.0066124
0.0043045
-0.0080255
-0.0067548
-0.0031019
-0.0014792
0.0074112
-0.0045773
0.0093688
-0.002131
0.006908
-0.0054001
-0.004055
-2.64e-5
-0.002208
-0.003044
-0.0078151
-0.0090155
0.0057052
0.0002688
0.004582
-0.0047231
-0.0060325
0.0017319
0.0094095
0.002584
0.003826
0.001803
0.0051723
0.0058178
-0.0015538
-0.004171
0.0008268
0.0043259
0.0025874
0.0045452
-0.0048849
0.0012467
-0.0014466
0.0055716
-0.0048053
-0.0002273
-0.0095908
0.0061699
-0.0095744
0.0099185
-0.0067846
-0.0067214
-0.003025
-0.0031239
-0.0068672
-0.0056475
-0.0030817
-0.0042733
-0.0091781
-0.0082429
0.0062761
-0.0012124
0.0027161
-0.0055147
0.0001318
0.0016393
-0.000687
0.009943
-0.0072095
0.0031355
0.0072885
0.0022763
-0.0054381
0.0052236
0.0016466
0.0085407
0.0020278
-0.0036602
-0.0062064
0.0063591
0.0064481
0.0010093
-0.0041114
0.0023768
-0.0011135
0.0046849
-0.0078708
0.0082315
-0.0004884
-0.0085177
0.0092162
-0.004693
0.0049477
0.0012843
0.003087
-0.0059744
-0.0083733
-0.0003265
0.001352
0.0058237
-0.0031282
-0.0084362
0.0036333
0.0019902
0.0027338
-0.0032757
0.006721
-0.0061509
-0.0002735
0.0065473
-0.0084474
0.003588
0.0008087
0.0033687
0.0045314
0.0098972
0.0006269
-0.0065774
-0.008894
-0.0062503
0.0058701
-0.0068037
0.0093337
0.0019506
-0.0035677
0.0042009
-0.0028414
-0.0066978
0.0007113
-0.0018968
-0.0066916
-0.000951
-0.0050795
0.000484
0.0017279
0.0066824
-0.0098521
-0.0042661
0.0097366
0.0042859
-0.0001471
0.0004461
0.0098469
-0.0034611
0.0052113
-0.0065816
-0.0024625
0.0069726
0.000276
0.0032662
-0.005764
0.0095946
-0.0008487
-0.0075539
-0.0006984
-0.0012739
0.0073685
0.00605
0.005061
0.0013424
-0.0060511
-0.0062586
-0.0089809
-0.0082026
-9.82e-5
-0.0016584
-0.0060553
0.0008168
-0.0010148
0.0070079
0.0010951
0.0007087
0.0005785
0.0088163
-0.0083156
0.0095491
0.0046586
0.0002376
0.0065426
0.0019127
0.0076003
0.0046095
-0.0024075
0.0077066
0.0062936
-0.0087781
0.0018087
0.0052114
-0.0038084
-0.0053522
-0.0075099
-0.0009572
-0.0089941
-0.0057583
-0.0057235
0.0024702
-0.0036156
0.0058182
-0.0049111
-0.0079037
-0.0010969
0.0006375
0.0010815
-0.0073929
-0.0094213
-0.0072696
-0.0078422
-0.0079253
0.0089277
-0.0039876
-0.0036874
-0.0022369
-0.0024228
-0.0095095
0.0002315
-0.0022999
0.0007565
-0.0079648
-0.003103
0.002161
-0.0036112
0.0044211
-0.0057639
-0.007662
-0.009724
-0.0069689
-0.0087376
0.0032709
0.0049781
0.0065075
0.0014893
0.0036085
-0.0077343
-0.0057736
-0.0007469
-0.0053968
-0.0066249
0.0010431
-0.0043912
0.0086937
0.0020271
-0.0045918
0.0078446
-0.0045609
-0.0037957
0.0094401
-0.0004588
-0.0089419
0.0024917
-0.0033337
-0.005871
0.0002751
0.0075331
0.0065198
0.0026616
-0.0052337
-0.0037627
-0.0051308
0.0021434
-0.0076683
0.0085405
0.0002735
-0.004619
0.0030114
-0.0012099
-0.0037831
-0.0063522
-0.0033614
-0.0089159
0.0046692
0.0055016
0.0051553
0.0048625
0.0067119
0.0081428
-0.0020032
0.0054293
-0.0051173
-0.0001533
-0.005638
-0.0020402
0.0002457
0.0050874
-0.0099128
0.0095879
-0.0042698
0.001545
0.0026505
-0.0007633
0.0034088
-0.007999
0.0072728
-0.0067188
0.0072226
0.0050764
-0.0089675
0.0040365
0.0047339
0.0035572
0.0094301
0.0041383
-0.0016155
-0.0034819
0.0010209
-0.0027519
-0.0001041
0.0002493
0.0061016
-0.0046282
0.0076547
0.006046
0.0043261
-0.0039255
0.0078508
-0.0007301
-0.0069568
0.0064654
-0.005268
-0.009622
0.0079814
-0.0050787
0.0041345
0.0027989
-0.0051037
0.0067066
0.0072799
0.0063943
0.0024976
-0.003291
0.0008392
-0.0091824
-0.0018158
0.0049272
-0.0063479
0.0053389
0.0079011
0.0053212
-0.0099897
-0.0067994
-0.0003223
0.0064278
-0.0004487
0.0055352
0.0019093
-0.0036684
0.0099966
-0.0043633
0.0082387
-0.0086324
0.0096476
0.0072843
-0.0042569
-0.0010862
0.0038077
0.0071857
-0.0003623
-0.0022907
-0.0015713
-0.0068559
-0.0079083
-0.0057353
0.007427
-0.0022025
-0.0013045
0.0073458
0.0038351
0.0095647
-0.0007178
0.0073332
-0.0020127
0.0033105
-0.009767
0.007528
0.0086533
0.0094621
-0.0047151
0.0093269
-0.009185
0.0091261
-0.0014968
0.0082587
-0.0083625
-0.0007987
-0.0024827
0.0042885
0.0010983
-0.0012508
0.0012787
0.0049204
-0.0065918
-0.0001432
-0.0008447
-0.0092602
-0.0091035
0.0069965
-0.0062767
-0.0029722
0.0043313
0.0094209
0.0040992
0.0033395
-0.0065731
-0.00372
-0.0009305
-0.0032354
0.0008037
-0.0047536
3.43e-5
0.0074507
-0.0067303
0.0003747
0.0017263
0.0069117
0.0023208
-0.009204
-0.0055102
-0.0040273
0.0004697
0.0012236
0.0003209
-0.002128
0.0091572
0.008073
-0.007603
