-0.0030292
0.0052821
0.0036045
-0.0088908
0.0063935
-0.0090161
-0.0018512
-0.0084362
0.0033837
-0.0031395
-0.0013519
-0.0080453
-0.0038798
-0.0011101
0.0004737
0.0048703
0.0076975
-0.0004087
-0.0025145
-0.0023789
-0.0056612
-0.0071402
0.0019726
-0.0082289
0.0005939
-0.009584
-0.0042117
-0.0052943
0.0030116
0.0017946
-0.0011543
-0.0029737
0.0023983
0.004537
0.0079
0.003129
-0.0029872
-0.0062206
0.0017611
-0.0094929
0.0091366
0.0036293
-0.0090356
-0.0071308
-0.0019948
-0.0052136
-0.0037266
0.0048853
-0.0015859
-0.0097238
0.0052318
-3.74e-5
-0.0006572
-0.0043713
0.007764
0.0011755
-0.0056894
0.0031794
-0.0036966
-0.0035961
0.0072739
0.0057582
0.0032522
-0.0038653
0.0019876
-0.0074885
0.0032407
0.0037455
-0.0048154
-0.0038899
-0.0099507
-0.0086527
-0.0030503
0.0095244
-0.0009685
0.0067869
-0.0003956
0.0003489
-0.0064408
0.0089205
-0.0085457
0.0002744
-0.0018284
-0.0085734
-0.0095334
0.0021398
-0.0043523
-0.0008864
0.0096569
0.008649
0.0064004
-0.0020883
0.0026348
-0.0028994
0.0004368
-0.00301
0.004527
-0.0097999
0.0039435
-0.0016524
0.008686
0.0001262
-0.0062565
0.001485
-0.0090081
-0.0031526
-0.0093994
-0.0060608
-0.0078904
-0.0058759
-0.0052263
-0.003987
0.0037424
0.0018251
0.0098992
0.0013457
0.0045468
-8.0e-6
0.005447
-0.0063211
-0.0039343
0.0036939
-0.0066735
0.0014516
0.0094251
-0.0031938
0.0075173
-0.0052705
0.0076146
-0.0037972
-0.0008915
0.0025212
0.0070994
0.005687
0.0003086
-0.0054251
-0.0048299
0.0049208
0.0028623
-0.0024083
-0.0089072
0.0090989
0.0041946
0.0030395
-0.0069714
0.0052255
0.0063829
0.0042141
-0.0068881
0.0088163
-0.0009433
0.0018798
0.0078521
-0.0038966
-0.0050405
-0.0016727
-0.0091944
0.0010405
-0.0052095
-0.0033674
0.0018643
0.0017903
-0.0046051
0.0068304
-0.0022344
0.0051205
0.0070918
0.0085819
-0.0073772
-0.0005239
0.0076025
0.0091306
-0.0099864
-0.0027802
-0.0052571
-0.0041802
-0.004007
0.0022691
0.0089227
0.0071074
-0.0084996
0.0086474
0.0005552
-0.0015556
0.0021869
-0.0064883
-0.0092132
-0.0072455
-0.0074828
0.0058549
-0.0057147
0.0088135
-0.0092361
0.009378
2.3e-5
-0.0038334
0.0030566
-0.0014471
-0.003292
0.0008252
-0.0050744
0.0069357
-0.0096259
0.0056971
-0.0008861
-0.0084294
7.19e-5
0.0012921
0.0026484
-0.0013187
0.0015854
-0.0070153
-0.0031254
0.0069358
0.0071918
0.0060258
0.0034622
0.0090128
0.005523
0.0096466
0.0074337
0.0088991
-0.002636
0.0044732
0.0062863
0.0034434
0.0057312
-0.0083654
0.0081954
0.009003
-0.0092517
-0.0039825
-0.0023955
0.0018605
0.0037916
0.0028804
-0.0070466
-0.0018028
0.0054887
-0.0093039
-0.0037944
0.004629
0.008676
-0.0094026
-0.000225
0.0039069
-0.0087148
0.004624
-0.0098616
0.0023339
0.0075487
-0.0084078
0.0024996
0.00524
0.0035927
0.0043923
0.0049441
0.0082485
-0.0014647
-0.0003427
0.007082
-0.0055233
-0.006261
-0.0034198
0.0072772
0.0081976
-0.0099201
0.0022407
0.0056634
-0.0016385
-0.0083346
-0.0053126
0.0098831
-0.0009493
-0.008423
0.0065769
-0.0064557
0.0080249
-0.0032635
0.008605
0.00158
-0.0078223
0.0021795
-0.0039411
0.0074749
0.0017429
-0.006926
-0.0020603
0.0005467
-0.009529
-0.0060184
-0.0027019
-0.0042231
-0.0024807
0.0087172
-0.0032001
0.0016522
0.0019957
-0.0068631
0.0085536
0.0063657
-0.0020006
0.0065707
0.0038594
-0.0092495
-0.0092082
-0.0046433
0.0008645
0.0074571
0.0083449
-0.0084135
0.0080145
-0.0062248
-0.0011225
0.00457
-0.0082625
0.0008664
-0.0031765
0.0068671
0.0040507
-0.001875
0.0078066
0.0014207
-0.0068541
-0.0011313
-0.0081701
-0.0034105
0.0013057
-0.0082815
-0.0097703
0.0076815
0.0006839
0.0096059
-4.05e-5
0.0085978
0.0094293
-0.0006494
0.0082796
-0.0046667
0.0030149
0.0010315
-0.0066585
-0.0003244
-0.007621
-0.0099349
-0.0006266
-0.0061096
-0.0067161
-0.0062596
-0.0049851
0.0048917
-0.0052513
0.0033016
0.0047092
0.0058201
0.002787
0.0055826
0.0037529
0.008287
0.0083951
0.0006142
-0.0064981
-0.0042767
0.0086912
0.0081406
0.0034409
0.0003845
-0.005185
0.0021645
0.0013494
-0.0011983
0.0085273
0.0053015
-0.0007611
-0.0016203
0.0007625
0.0003251
-0.0030991
0.0035776
-0.0094547
-0.0051569
-0.0037319
-0.0079106
0.0072318
0.0093854
-0.003391
-0.0006471
-0.0054322
0.0088696
0.0061958
0.0078452
-0.0012621
-0.0020507
0.0058965
0.0003587
-0.0051559
0.0033009
0.0064887
0.0070723
-0.0092392
-0.0008481
-0.0022596
-0.0004855
0.0016593
-0.0094051
-0.000896
-0.0099976
-0.0062793
0.0077479
-0.0001047
0.0059346
-0.0005673
0.0048374
0.001071
-0.0080117
0.0084244
0.0014592
0.0093148
0.0039829
-0.0056477
0.0022211
0.0090017
-0.0011864
-0.0064276
-0.0077323
-0.0012245
0.0004532
-0.0081904
-0.0011823
0.0092715
-0.0024741
-0.0079179
-0.0076177
-0.0042549
-0.0013934
0.0028106
-0.0084682
-0.0025037
0.0032135
-0.0017816
0.0019126
0.0006332
0.0046399
0.0078724
-0.0020937
-0.0009727
-0.0071865
0.0081331
0.0045431
0.00766
0.004303
0.0033155
-0.0098412
-0.0065379
-0.0008117
-0.0048922
-3.5e-5
0.0063016
-0.0056494
-0.0097449
-0.0024203
0.0085498
-0.0056765
0.0034847
-0.0029415
0.0041564
0.0002522
0.0028389
0.0007316
0.0038482
0.0032696
-0.009193
0.0038305
-0.004689
0.0077771
0.0046894
-0.005369
0.0044265
0.0057451
0.0099479
0.0066159
-0.0008735
-0.0087796
-0.0054443
0.0034482
0.002781
-0.009151
0.0059278
0.0065453
-0.0019098
-0.0031479
0.0048796
-0.0063948
0.0050956
-0.0059893
