-0.009444
0.0093267
0.0007374
-0.003872
0.00098
0.0085259
0.0030277
0.0068557
-0.0066133
-0.003932
0.0043241
0.0072876
0.0085839
-0.0048166
0.0080282
-0.0055129
0.0019141
-0.0088506
0.0042898
-0.0078579
0.0027187
0.009339
0.0067311
-0.0092151
-0.0052
-0.0092335
0.0064821
-0.0071774
0.0091432
-0.0023481
0.0092093
0.0001499
-0.0090587
0.0036566
0.0046357
-0.0054423
0.0055021
0.0092689
0.0023733
-0.0046254
-0.009312
0.0085629
-0.0085936
0.0087851
0.0026905
0.0047207
0.0001135
0.0030561
-0.0051908
-0.0095316
0.0086867
-0.0014922
-0.0063255
-0.0001139
0.0076453
-0.003809
0.0091012
-0.0071527
0.0011724
0.0001773
-0.009724
0.0051053
0.0027147
0.0054239
-0.0044108
-0.0070668
0.007332
-0.0048288
-0.0095278
0.0075407
-0.005244
-0.0032983
0.0064479
-0.0048541
-0.0010496
0.0030081
0.0033406
-0.0063015
-0.0018353
0.0002724
0.0069856
0.0082052
-0.0051227
0.005588
-0.0057892
0.0010177
0.0008754
0.0008124
-0.0065787
-0.0098071
0.0038284
-0.0074921
0.0069796
-0.0048393
0.0050329
0.0032637
-0.0029581
-0.0039652
0.0039942
0.0007406
-0.0035491
0.0072993
-0.009531
-0.0045611
0.0044347
-0.0039126
-0.0019005
0.0023074
-0.0001229
-0.0032831
0.0047268
0.0078581
0.0053652
-0.0034543
0.0050036
0.0067894
-0.0034467
0.0029676
0.0080853
-0.0075439
-0.0018094
0.0091092
-0.0022294
0.0084985
-0.0023861
0.0019129
0.0015149
0.0075448
9.51e-5
0.006146
-0.0072801
0.0045634
0.0070309
0.008137
-0.0042703
3.97e-5
-0.0070984
0.0083156
-0.0079134
-0.006987
-0.0084183
-0.0065348
0.0010091
-0.0069271
0.0071332
-0.0001891
-0.0007511
-0.0071963
-0.0003718
-0.0012015
0.0073254
-0.0018613
-0.0067225
0.0056714
-0.0037615
-0.0005459
0.0072013
0.00919
-0.0030816
-0.0027278
-0.0013006
-0.0012241
-0.0096996
-0.0019294
0.0091221
0.0063303
-0.0096879
-0.0087569
0.0087766
0.003906
0.0011612
0.0004511
0.0037471
-0.0044447
-0.0018843
-0.0041173
-0.009452
0.0028752
0.0057106
-0.0027873
0.0019859
0.0058015
-0.0030697
-0.0026986
0.0027456
-0.0030954
-0.0008969
0.0078369
0.0001182
-0.0007755
-0.0066768
-0.0035971
-0.0073441
-0.0008704
-0.0062949
-0.0057508
0.0061536
-0.0094027
-0.0015795
-0.005489
-0.0087998
-0.0017268
-0.0048503
0.007158
-0.0097405
0.0009348
0.0036446
-0.0099636
0.0044459
-0.0070056
0.0063972
0.0030801
-0.0042026
-0.0081199
0.0099334
-0.0026777
-0.0093277
0.0088872
0.0059957
-0.004839
-0.0079727
0.0043973
0.0017648
0.0068165
-0.0087496
-0.006586
0.0032454
0.0060024
-0.0043632
-0.0006723
0.0087178
-0.0046282
0.0051347
0.009529
-0.0050581
0.0022471
-0.0051844
0.0041693
0.0052468
0.0059052
-0.0057562
0.0093171
-0.0013011
0.0056632
-0.0023952
0.0004598
-0.005566
-0.0027354
0.0070531
-0.0055129
-0.0020301
0.0038916
-0.0060669
0.0063935
-0.0029825
0.0006188
0.0082919
0.0027818
-0.0076985
0.0003514
-0.0007883
-0.0072379
-0.002447
-0.0005877
-0.0020508
-0.0018108
-0.0047424
0.0022693
0.002639
0.0087029
0.0055499
-0.0078762
-0.0046443
-0.0097957
-0.0088429
-0.0033918
-0.0027242
-0.0061619
-0.0040711
-0.0028672
0.0074735
0.000177
-0.0017477
0.0077013
0.0001876
0.0090037
0.0079157
0.0020288
0.0033586
0.0094062
-0.0005728
-0.00106
0.0063108
-0.0068247
-0.0066214
0.002347
0.004858
0.004871
-0.0030294
0.0064999
-2.0e-5
-0.0017334
-0.0042396
0.0099644
0.0001627
-0.0021732
0.0080835
-0.0079431
-0.0049384
-0.003508
0.0014254
0.0017419
0.0012856
0.0073815
-0.0042648
-0.008817
-0.0011771
0.0062519
-0.0095165
-0.0094228
-0.0061832
-0.0074468
-0.0065712
-0.0040032
-0.0015459
0.0069656
-0.003918
0.001892
-0.0053944
0.0048782
0.0064301
0.0068448
0.0087283
0.002425
-0.0067561
0.0043094
-0.0052092
-0.0053649
-0.0064788
0.0024631
-0.0036686
-0.001835
0.0041953
-0.0002491
-0.0025891
0.0086211
-0.0048616
0.0082851
0.001589
-0.0092684
0.0095087
-0.0063892
-0.0095413
0.0022705
-0.0059062
-0.001386
0.0096868
-0.0047237
-0.001935
0.0072026
-0.0076427
-0.0023663
0.0047584
-0.0074019
0.0058315
0.0034839
0.0011903
0.0091753
0.0095893
-0.0056705
0.0003477
0.008335
-0.0058606
0.0061675
-0.0093919
-0.0061733
0.0082582
-0.0013344
-0.0032383
-0.0075241
0.0003758
-0.0089568
0.0069418
-0.0072196
-0.0079242
0.0056419
-0.0028295
0.0012056
-0.0072582
0.0018148
-0.0072675
0.0086787
0.0033087
-0.0090157
0.0003129
-0.0065032
-0.0087107
0.0083476
0.0036348
0.0020268
-0.0088673
-0.0026025
0.0042772
-0.00308
0.0068973
0.004447
-0.0061066
-0.0030417
0.0052367
-0.0099213
0.005683
-0.0091367
-0.0056758
-0.0009753
-0.0012172
-0.0014282
-0.0031819
0.0069043
0.0014331
-0.0027693
-0.0060195
-0.0033755
0.0014168
0.009912
-0.008353
0.0074894
-0.0062887
-0.0039831
0.0056616
0.0013281
0.004222
0.0050957
-0.0006424
-0.0080931
0.0040628
0.0077448
0.0019452
-0.0047495
0.0067754
-0.0051535
-0.0068588
-0.0084092
0.0026054
-0.0010811
0.0009281
-0.0064853
-0.0053997
-0.0091976
0.0069901
0.0031971
0.0070952
-0.0040097
-0.0065969
-0.0077222
-0.0051528
0.0001574
-0.0043818
-0.0062383
0.0038046
-0.00367
-0.001942
-0.0019504
-0.0024127
0.0029354
0.008153
0.0031002
-0.0068903
0.0031042
-0.0071901
-0.0025976
0.000476
0.0071628
0.0022379
-0.0092273
-0.0081978
-0.0007836
0.0044721
-0.0074094
-8.9e-6
-0.0081021
0.0073061
0.0041194
-0.0080148
-0.0044787
-0.002814
-0.0076532
0.0025622
0.0056782
0.0020711
-0.0079096
0.0015518
-0.003361
-0.0039584
0.0036117
0.0077965
