-0.0054651
0.0018255
-0.0094439
-0.0044049
-0.0031963
0.0062567
0.0013805
-0.0075328
-0.0002487
0.0067814
-0.0001531
0.005944
-0.0097702
-0.0012039
0.0091571
-0.0078751
0.007601
-0.0034527
-0.0015969
0.0021158
0.0008408
0.000488
0.0009302
-0.0042159
-0.0009001
-0.0094283
0.0020976
-0.0041718
-0.0050863
0.0055094
0.0007741
0.0047652
0.0014043
0.0041055
0.002064
-0.0057232
0.0044774
-0.0017226
-0.0050791
-0.0085663
-0.0096118
0.0002435
0.0096656
0.0028954
0.0001449
0.0094712
-0.004897
0.009129
-0.0047452
0.0020827
-0.0025813
0.0013277
0.0051369
0.0053001
0.0051158
-0.0018536
0.0016875
-0.0036259
-0.0074792
0.0092361
-0.0054334
-0.0002221
-0.0076141
0.0013057
-0.0016146
0.0013734
-0.0058306
0.0021085
-0.0003277
-0.0004309
-0.0065824
-0.0022147
0.0038601
-0.0082462
0.0063726
0.0017463
-0.0080214
-0.0081703
-0.0095683
-0.0087425
0.0062899
-0.0045675
-0.0042513
0.0062492
0.0063287
-9.0e-6
-0.0014874
0.0029411
0.0032506
0.0051564
0.0073965
-0.0005488
-0.008514
0.0063383
0.0041916
0.0084966
-0.0016618
0.0071171
-0.0001533
0.000381
0.0001395
0.0016424
-0.0062472
-0.0062746
0.0027992
0.0004585
-0.0006068
0.0081456
-0.0044305
-0.0040883
0.0097893
-0.00739
-0.0070734
-0.0085969
-0.0007787
-0.0070188
-0.0054385
-0.0051556
0.0085609
0.0023584
0.0007558
-0.0002881
0.0078551
-0.0046901
-0.0066536
-0.0056712
-0.008617
0.0083501
-0.0011941
0.0036449
0.0078507
-0.0012158
-0.0070058
-0.0028474
-0.0070894
-0.0090503
0.0084571
0.0081457
-0.0083083
0.0047512
-0.0061161
0.0001388
0.0058779
0.0003634
-0.0042613
0.0012529
0.0049592
-0.007114
-0.0013201
0.0070655
0.0090687
0.0065267
-0.0012271
-0.0082414
0.0030225
-0.0009999
-0.0033607
-0.0016169
-0.0029937
-0.0088111
-0.0097457
-0.0068537
0.0089802
-0.0046079
0.0002805
-0.0077701
0.007788
0.0096268
-0.0001921
0.0030848
-0.0033017
0.0005036
-0.002729
-0.0033659
0.0031804
-0.0098376
0.0040505
-0.0080686
-0.0030456
-4.09e-5
-0.0044894
-0.0047373
0.0075444
0.0048556
0.0004216
0.0074367
0.0076109
-0.000375
0.0026691
0.0025048
-0.0021774
-0.0056077
0.0040653
-0.0047626
-0.0066613
-0.0007086
-0.0060998
-0.0009822
-0.005487
-0.0065312
0.003771
-0.0012113
0.0072202
-0.0048867
-0.0031189
-0.004775
0.0043927
-0.0046486
-0.0029529
0.0015941
0.0071044
-0.0088256
-0.0085284
0.0033814
-0.007191
0.0029884
0.0053891
-0.0038735
-0.0040619
0.0002954
-0.0071326
-0.0094156
0.0049822
-0.0037712
-0.0047988
-0.0030657
-0.0087097
0.0030592
0.0025919
0.0009175
0.0022965
0.0047446
-0.0096939
0.0062408
0.00972
-0.002267
0.005096
-0.0055797
-0.0033286
0.0060917
-0.003666
-0.004274
0.0069309
0.0018805
0.0012305
0.0054052
-0.0026277
-0.0007974
-0.0022733
-0.0056792
0.006696
-0.0066775
-0.0066455
0.0073419
-0.0062824
0.0022904
0.0078731
-0.0026549
-0.0012102
-0.0030175
-0.0016876
-0.0083545
-0.0059891
-0.0051286
-0.0050622
0.0016259
0.0043774
-0.0061774
-0.0052987
-0.004727
0.0067768
0.0022457
-0.001567
0.0005334
-0.0023716
0.0039629
0.0062434
-0.0038464
-0.0047673
-0.0043732
0.0020287
0.0004849
-0.0002929
-0.0001882
0.0028074
0.0024408
-0.0089999
-0.0071992
-0.0079874
-0.0089311
0.0011452
-0.0029235
0.0001195
0.005108
-9.57e-5
-0.0083646
0.0056697
0.0068686
0.0074366
-0.0063313
-0.000136
0.0076346
-0.0092742
-0.0087821
-0.0021469
0.0026538
0.001101
-0.0050678
-0.0039849
-0.0044407
-0.0011647
0.0006567
-0.0051516
-0.0032746
0.0053553
0.0039375
-0.0006502
0.0019064
-0.0046067
0.0036038
0.0056348
0.0023289
-0.0038733
0.0086015
0.0083684
0.0037528
-0.0077888
0.0087678
-0.002167
0.004293
-0.0045023
-0.0096196
-0.0020283
-0.0034452
-0.0054719
0.004424
-0.0008618
-0.0079875
0.008987
0.0047682
0.0098039
0.0072348
-0.0042109
0.0087909
-0.0007091
0.0091467
-0.0047864
-0.0024214
-0.0029535
0.0005786
0.0085179
0.0083087
0.0089444
0.0086753
0.0088997
0.0050182
-0.0041594
-0.0013865
0.006688
0.0032182
-0.002766
-3.65e-5
0.0010714
-0.0098948
-0.005208
-0.0076731
0.0019315
-0.0005887
-0.0021334
-0.0097634
0.0068698
0.0026541
-0.0098359
-0.0057384
-0.0081218
-0.0079177
0.0083887
-0.0050621
0.0050237
-0.0060722
0.0071686
0.0055401
-0.0099277
-0.0075974
-0.0097919
0.0026132
0.0035794
-0.0074854
0.0023079
-0.0092293
-0.0028868
-0.0030338
0.0006761
0.0018541
0.0076839
-0.0010301
0.0008572
-0.0028892
0.0028764
-0.0093392
-0.0004558
-0.0065205
0.0050896
0.0006439
0.0027128
-0.0089475
0.0071064
0.0035389
-0.0093897
0.004625
0.0081133
-0.0046712
-0.0069338
0.0094095
0.0089989
0.0038014
-0.0085947
-0.0028368
0.0098233
0.0047915
0.0035369
0.005538
-0.0051471
0.00796
0.0048376
-0.0060903
0.0097224
-0.0069599
-0.0034408
0.0021349
0.001399
-0.0009702
0.0001287
0.005772
0.0045735
0.0053775
-0.0093889
-0.0089605
-0.003761
0.0069983
0.008785
-0.003963
0.0088815
0.0078898
0.0033714
0.0084131
0.0076174
0.0061643
0.001314
0.0099912
-0.0083171
0.0060267
0.0073531
-0.0086868
-0.0044336
0.0094494
-0.0012032
-0.0025871
-0.0025918
-0.0004992
0.0079298
0.0019411
-0.0092195
0.0023313
-0.0018342
0.0051373
-0.0002661
0.0057963
0.0030166
0.0025191
0.0062815
0.0035817
-0.0094575
-0.009065
-0.0040059
-0.0092377
0.0094242
-0.0001314
-0.0025942
-0.007968
-0.0040371
-0.0079497
-0.0023937
0.0097328
-0.0034193
-0.006289
-7.11e-5
0.0038327
0.0091509
-0.0093516
0.0013363
0.0084324
3.3e-6
-0.0039685
0.0076571
