0.0051371
-0.0066354
-0.000622
0.0022655
-0.0048264
-0.0026329
0.0001249
-0.0042752
-0.0066276
-0.0052563
0.0025015
0.0094834
-0.0052399
-0.0084628
-0.0095324
0.0089235
0.0018895
-0.0035433
0.002949
-0.0095661
-0.0039158
0.0067001
-0.0062586
-0.0094242
-0.0021834
-0.0054662
-0.0021436
0.0011984
-0.0044999
-0.0077511
-0.0046626
0.0092126
-0.0060561
-0.0099578
0.0088144
-0.0044256
0.0006866
-0.0097348
0.0074191
-0.0082212
-0.0003943
0.0006636
-0.0069471
-0.0059145
-0.0018396
-0.0074829
0.0091246
0.0005632
-0.0003579
-0.004718
0.0087116
0.0024336
-0.0039384
0.0053574
0.0067855
-0.0041243
0.008368
-0.0066221
-0.0038716
0.0032703
0.0007893
-0.0025995
-0.0065855
-0.0069592
-0.0094225
-0.0061541
-0.0049671
0.0017833
-0.0080509
-0.0016081
-0.0082986
0.00979
-0.0043794
-0.0078416
-0.0005259
-0.0075131
0.0078963
-0.0064109
-0.0071478
-0.0048473
0.0043323
-0.0078188
-0.0092844
0.0053354
-0.0098432
0.0072401
0.0060791
-0.0095408
-0.0075539
-0.0059555
-0.0020788
-0.0053187
0.003469
-0.0027877
0.000529
-0.0020868
-0.0004908
0.0020847
-0.006949
-0.00168
-0.0066378
-0.0039242
-0.0086264
0.0007017
-0.0068017
-0.0001155
-0.0050675
0.0026437
-0.0060252
-0.00173
0.0080626
-0.0097987
0.0027208
0.0075636
-0.0041263
-0.0062236
-0.0021871
0.0091622
0.0039833
0.0050978
0.0017097
-0.0011772
0.0016669
-0.0004155
-0.0016155
-0.0056735
-0.0014157
0.0080959
0.0090361
0.0065741
0.001017
0.0063784
-0.0073394
-0.0090664
0.0098282
0.0043906
-0.0034466
0.0029305
-0.0096339
0.000726
-0.0016542
-0.0063992
0.002921
-0.00856
0.0035955
-0.0095937
0.0028015
-0.005161
-0.0003867
0.0035029
0.0031022
0.0045964
0.000349
-0.0009894
-0.006175
-0.0090944
-0.0052703
-0.0026082
-0.0071664
0.0031529
-0.0049695
-0.0016728
0.0005187
0.0036623
-0.0005376
0.0082801
-0.0015584
-0.0008001
0.0063814
0.0074113
0.0045572
0.0043596
-0.0019381
-0.0066997
0.0072176
0.0054726
-0.0032974
0.005459
0.0045495
-0.0007111
0.0044066
0.0014256
0.0002161
0.0097211
-0.0059066
0.0032059
-0.0013453
-0.0091859
0.0040376
-0.0016633
0.0054702
0.0039867
0.0023094
0.0088578
-0.0002217
0.0053465
-0.0049581
0.0005735
-0.0072833
0.0034895
-0.006153
0.0055453
-0.0034569
-0.0075723
-0.0030624
0.0033918
-0.0049485
-0.0012773
0.0099215
0.0016968
0.0089561
0.0096333
-0.0092837
0.009385
-0.0068961
0.0035447
0.0072292
0.0038448
-0.0032837
-0.0092259
0.0072545
-0.0068697
0.0075755
-0.0008226
-0.0040458
-0.0070101
0.0082835
-0.0090681
-0.0051413
-0.0045206
-0.0056571
0.0019538
0.0041307
0.0089439
0.0064848
-0.0069231
0.0089407
0.0002585
0.0035705
0.0015815
-0.0029605
-0.0016702
0.0069183
0.0018874
-0.0085501
-0.0037679
0.0028434
-0.0075008
0.0003451
0.007039
-0.0080033
-0.009533
0.0032724
-0.0077643
0.0090575
0.0069658
-0.0021457
0.0091869
0.0069165
0.0077137
-0.0018707
-0.0073135
-0.0033445
0.006037
0.0052307
0.0032685
-0.0044492
0.0024438
0.0076615
0.0022886
-0.0077538
-0.0093016
-0.0008084
0.0006261
-0.0007822
-0.0012034
0.0046249
-0.0003832
0.0011181
1.8e-5
-0.0015944
0.0033689
0.0047607
-0.0074507
0.0026271
0.0030728
0.0040932
0.0002088
0.0019662
-0.0066118
0.0094826
0.0079934
-0.0031217
0.0048075
0.0085532
-0.0067807
0.0014513
-0.0098619
-0.0080378
0.0018017
0.0083088
-0.0073237
0.0051448
-0.0070359
-0.0079598
0.0093091
0.002774
0.0071596
0.0052841
-0.0054746
0.0015875
0.0004387
0.0071081
-0.0015062
0.0051257
-0.0070456
-0.0063002
-0.0098573
0.0077167
-0.0060892
0.0090138
-0.0030325
0.0090122
0.0030585
-0.0014312
0.0062596
-0.0044987
0.0001035
-0.0014357
-0.00578
-0.0077162
-0.0049149
0.0025996
0.0012598
0.0014775
0.0088653
0.0088199
-0.0019506
-0.0050921
0.0010421
-0.0059595
0.0086403
0.0032111
0.004231
-2.14e-5
0.0090666
0.0063073
0.0045673
-0.0019388
0.0037731
-0.0094949
-0.0058796
0.0071315
-0.002042
0.0073402
0.0022317
0.003363
-0.0098931
-0.0003809
0.0024799
-0.0096945
0.0043632
0.0040076
0.0063229
-0.0040392
0.002793
-0.0059117
0.0036369
0.0036532
0.0046517
0.0041303
0.0051375
-0.0013574
-0.0099963
0.0050967
0.0005348
-0.00048
0.0011151
-0.0051208
-0.0042509
-0.0091229
-0.0057863
-0.0001084
-0.0010737
0.008736
-0.0060758
-0.0068158
0.0036719
0.0090909
-0.0025245
-0.0047127
0.0025522
0.0087743
-0.0033573
0.0091529
0.000264
-0.0040136
0.0097836
0.0071409
0.0038742
0.0072431
-0.0091681
0.0080866
0.0063699
-0.0081866
0.0060683
0.0099403
0.0037335
0.0095213
0.0014229
-0.0022803
0.0089684
-0.0089326
-0.0035711
0.0010867
-0.0002895
-0.0035206
0.0023084
0.0062018
-0.0084569
0.0096177
-0.0097118
-0.0049318
0.0027121
-0.0087589
0.0086975
-0.0020471
-0.002769
0.0042036
-0.0074104
-0.0058732
0.0010719
0.0094652
-0.0017742
0.0078936
0.0033687
-0.0007664
-0.0030815
-0.0056743
0.0057559
-0.0018307
-0.0095224
-0.0096605
0.002554
-0.0006943
0.0037373
0.0085355
0.0036797
-0.00271
-0.0024826
-0.0094605
-0.009218
0.0091583
-0.0086768
0.0015065
0.0093952
-0.0077958
0.0045823
-0.003722
0.0061133
-0.0035308
0.0093526
-0.0026497
0.0018547
0.007118
-0.0048743
0.005238
0.007253
-0.0051249
-0.0086543
-0.001978
0.0059246
-0.0019423
0.0038872
0.0031025
0.0014741
0.0009543
0.0037505
-0.0066577
0.0026527
-0.0073201
0.0035929
-0.0075379
0.008238
0.003438
0.0073833
-0.0070357
0.0085753
0.0067245
-0.0069342
0.0075909
0.0074333
-0.0012881
0.0079116
-0.0004057
