-0.0007698
-0.0066879
0.0070215
0.0066902
0.0080425
0.0012157
0.0045511
0.0064057
0.0052238
0.0057
0.0045963
0.0050295
0.0095305
0.0068065
-0.0089841
-0.0005504
-0.0048877
0.0072262
0.0014521
-0.0098051
0.0087445
0.0073235
0.0091279
0.0067173
-0.0035675
0.0035862
0.0049798
-0.0074169
-0.0081694
-0.0041099
0.004556
-0.0069925
-0.0038476
0.0013156
0.0096059
0.0015633
0.0083144
-0.0029844
-0.0008823
-0.0042404
-0.005343
0.0016125
0.0096927
0.003232
0.0045484
-0.0015381
-0.008684
-0.0042781
-0.0095331
0.0032134
0.0061028
0.0099109
-0.0039661
0.0014595
-0.0008875
0.0004935
-0.0018283
-0.0049009
-0.0023706
-0.0042302
-0.0020308
0.0028974
-0.0014618
0.0020582
-0.0012637
0.0027586
-0.0044714
-1.83e-5
0.003051
0.0022131
0.0079039
-0.0067075
0.0067961
0.001497
0.0031752
-0.0078278
0.0067942
-0.0041041
0.0065488
0.0061844
-0.005595
-0.0019753
0.0036712
-0.0046514
0.0006959
-0.0011035
0.0040463
0.0034634
0.0015507
-0.005175
-0.0079439
0.0079617
0.0026259
0.0026484
0.0049543
0.001045
0.0024475
0.0041017
-0.0071231
-0.001573
-0.0089803
0.0001069
-0.0052695
0.0026832
0.0001365
0.004857
0.0026396
0.0071007
0.0010509
-0.0083872
-0.0086027
0.0098763
0.0079271
-0.0016674
0.0064172
-0.0006563
-0.0043479
-0.0072185
-0.008467
-0.0008133
-0.0066646
-0.0011194
-0.0057136
0.0059435
0.007949
0.0037885
0.0092147
0.0053292
0.0067459
-0.0004153
-0.000656
0.0038681
-0.000827
-0.0036695
0.0061281
-0.0085729
0.0017185
-0.0080047
-0.0094378
-0.0062234
0.0055402
0.0071115
0.0075484
-0.0074696
-0.0053837
-0.0027417
-0.007704
-0.0012322
-0.0044806
0.0003897
0.0029568
0.0020433
0.0083965
-0.0073303
0.0021343
-0.0006253
0.0006778
0.0073668
-0.0094464
-0.0074485
-0.0012474
-0.0033204
0.006737
-0.0034861
0.004628
0.0020594
-0.0047018
0.005543
-0.0032455
0.0065787
0.0063907
6.95e-5
0.0066426
-0.0001526
0.0050513
0.0056588
0.0078811
0.0008315
-0.0097871
0.0045139
0.0065234
0.006819
0.0053988
-0.0086114
0.0047044
0.0018675
-0.0096926
-0.0045533
0.0034674
-0.0073096
-0.003558
0.0043967
-0.0094634
0.0072526
0.0026516
0.0030871
0.004229
-0.0056805
-0.0034158
-0.0025208
-0.0086378
-0.0075894
0.0006166
0.0017503
0.0057975
0.0045629
-0.0036622
0.0040304
-0.0082199
0.0019757
0.0083651
-0.0048005
0.0071315
-0.0014263
0.0056371
0.0074881
0.0033913
-0.0038194
-0.0025725
0.0018575
0.0029711
0.0034613
0.0006586
0.0019411
0.0073955
0.0040722
0.00408
-0.008935
0.0010655
0.0055381
-0.0032909
-0.0094792
-0.0001242
-0.0068936
-0.0095833
-0.0036939
-0.0060006
-0.0080699
0.0091101
0.0080884
-0.0056122
0.0059683
-0.0073718
0.0005802
0.0061258
0.0018917
-0.0036198
-3.78e-5
0.0071356
-0.0081731
-1.22e-5
-0.0099847
0.0007868
0.0091709
0.0022914
0.0076098
0.0091311
-0.0092377
0.0022992
-0.0016988
0.0052248
0.0021567
-0.0096682
-0.0063964
0.0039939
-0.004279
-0.0012074
-0.0092746
0.0026616
0.0068481
0.0075891
-0.0010939
0.0090045
0.0046799
-0.0071881
-0.0045809
0.0043226
0.0032005
-0.0013977
0.009111
-0.0085791
-0.0086367
-0.0076788
0.007944
0.0048134
0.0092058
-0.0010264
0.0016377
0.007791
-0.0007104
-0.0017158
-0.0019655
-0.0069045
-0.0075752
-0.0065202
0.0040331
-0.0050727
-0.0030359
-0.0070888
-0.0019841
-0.0041492
0.0052755
0.0087209
-0.0015206
-0.0082656
0.00604
-0.0027152
0.0025539
-0.0021216
-0.0078087
0.0024586
0.0033452
0.0015042
0.0087121
-0.0079363
-0.0035248
0.0011978
0.0091579
-0.0097549
0.0041908
0.0029357
-0.0076326
0.0012566
0.0096603
-0.0013722
0.0047083
-0.000256
0.0053657
-0.0007639
-0.0016751
-0.0080463
-0.0088292
-0.0093288
-0.001674
0.0095731
-0.0034734
0.0036234
-0.0040734
0.0006827
0.0039607
0.0091313
-0.0036777
-0.0069578
0.0090676
-0.0006726
0.0014308
0.0038866
-0.0058488
-0.0079701
-0.0011021
0.0003943
-0.0085364
-0.0042657
0.0075543
0.0064517
-0.0053408
-0.0035429
-0.0065255
-0.0095618
0.0019359
-0.0075126
-0.0036763
0.0040702
-0.0060936
0.0075691
0.0099009
-0.0086248
0.0084916
-0.0012872
0.0056373
-0.0072424
-0.0068261
-0.009103
0.0037694
-0.0065788
-0.0090943
-0.0019114
0.0057479
0.004521
-0.0037215
-0.008774
0.0003076
0.0041275
-0.0030076
0.0034031
-0.007345
-0.0036462
0.0028836
-0.009719
-0.0006552
0.0046416
0.0021562
-0.0051257
0.0023416
0.0095942
-0.0052235
-0.0094388
0.0032584
-0.0049021
6.72e-5
0.002578
-0.0088236
-0.0005648
-0.0015842
0.0033533
0.0091585
-0.0018483
-0.0036927
0.0059762
0.0090546
-0.0085972
-0.0009583
0.0015406
0.0081646
-0.0043171
0.0072519
-0.0039757
-0.0038965
0.0038988
0.0029348
-0.0081434
0.0040841
0.0025715
-0.0039867
0.0032644
-0.0076994
0.0092281
0.0059344
0.001877
-0.0081968
0.0005711
0.0073013
-0.0061838
-0.0062373
-0.0069432
0.0051415
-0.0078186
-0.0037051
0.003918
0.0097321
-0.0074213
0.0021459
0.0052665
-0.0015117
0.0067851
-0.0088392
-0.0018647
0.0023097
-0.0080031
-0.0075717
0.0072252
0.0015804
0.0022104
-0.0057591
-0.007066
-0.0058366
0.0044433
0.0023899
-0.0078309
-0.0014009
0.0067787
0.0033581
0.0077332
0.0059758
0.0047854
-0.003525
0.0078593
-0.0098736
-0.0039809
-0.0007082
-0.0031622
0.00665
0.0061565
0.0036656
0.005403
-0.0062147
0.0031765
-0.0099121
-0.0048247
0.0022649
0.0070765
-0.0009868
0.0091372
0.0089329
-0.0069268
-0.0008693
-0.0070365
-0.0010177
-0.0027664
-0.0093659
-0.0005535
-0.0037672
-0.0013206
-0.0025071
-0.0023543
