0.0063856
-0.0071953
-0.0090378
-0.0041947
-0.0029139
-0.0032005
0.0010899
0.0005917
-0.0099982
0.0051041
0.0076793
0.001927
0.0076046
0.0090474
-0.0052201
-0.001369
-0.0024419
0.0096069
0.0043263
-0.0003885
-0.0070853
0.0096821
0.0095776
0.0020908
-0.0063024
0.0092239
0.0050595
-0.0046445
0.0037852
0.0004675
0.0073504
0.0075429
0.0011893
0.0018109
0.002027
-0.0037503
0.0072411
0.0077575
0.003746
-0.0041285
-0.0082953
-0.009515
-0.0030702
-0.004381
0.0060732
0.0030693
-0.0045831
0.0046649
-0.0039513
0.0064093
0.0008508
-0.0031673
0.0020595
-0.0047251
0.0082645
0.0003749
-0.0034481
-0.005379
0.008197
0.0001969
0.0034929
-0.0033451
0.0065424
0.0048468
0.0037132
-0.0037818
-0.0089345
-0.0043357
0.0043246
-0.0020267
0.0050832
0.0026672
-0.0079057
-0.0024165
-0.004266
-0.0049777
-0.0024863
-0.0080052
0.0006945
-0.0031
-0.0037406
-0.0005072
0.0011208
-0.0075332
0.0037281
-0.0021205
0.004833
0.0019823
-0.0073464
-0.0045445
0.0003792
-0.001693
-0.0034143
-0.0037014
0.0025466
0.0018791
-0.0035779
-0.0037835
-0.009481
-0.0078493
0.0061238
-0.0091755
0.0054441
-0.0061864
-0.0045729
-0.0042918
0.0041387
-0.008916
0.0082548
-0.0082838
0.0086776
0.0088176
0.0015617
-0.000833
-0.0088315
-0.0009753
0.006005
0.0056217
-0.002146
0.0030229
-0.0041301
0.0085013
0.0047663
-0.0098249
0.004191
-0.0079864
-0.0058418
0.0045189
-0.0074941
0.0096003
-0.0085473
0.0063495
-0.0097467
0.0009109
-0.0076037
-0.009759
0.0047151
0.0008042
0.0093829
0.0032403
0.0064117
-0.0036915
-0.0036678
0.0084996
0.0047508
-0.0014237
0.0059549
0.0087784
0.0080065
-0.0004836
-0.0094359
-0.0075927
0.0039921
0.0047837
0.0017053
-0.0087632
0.0005948
0.0009285
0.0070255
0.0082039
0.0021409
0.0027226
0.0089807
0.0001872
-0.0099557
0.0031103
-0.0093232
-0.0051449
0.0068018
-0.0067917
0.0004291
0.0019398
0.0028037
0.0033749
0.0099307
0.0007641
-0.0017955
0.0014691
-0.0006268
0.0048271
-0.0007065
-0.0057478
0.00108
-0.0067469
-0.0029416
-0.0099321
0.0029339
0.0075019
-0.0083293
0.0074051
-0.0037972
0.0053506
0.0056254
0.0039663
0.0074115
-0.0069485
0.0098918
-0.0058545
-0.0040257
-0.0086336
-0.005877
-0.0011798
0.0056566
0.0026053
-0.0049433
0.0091968
-0.0070858
-0.0008905
0.0065205
0.0044399
-0.0092159
0.0042278
0.0049421
0.0045874
0.0014985
-0.0033188
0.0030847
-0.0028955
-0.0048935
0.0090859
0.0084521
0.0037199
0.0073021
0.0007658
-0.004196
0.009449
0.0064919
0.0030723
0.0076292
0.0057853
-0.0053622
-0.003402
-0.0098137
0.0012132
0.0068092
-0.0082181
-0.0076452
0.0085397
0.008596
-0.0095953
0.0045732
0.0037698
0.0073035
-0.0022782
-0.0076235
-0.0075585
-0.0015537
-0.0034757
-0.0083626
-0.0035027
-0.0027879
-0.0053702
0.0081527
0.0096281
0.0025639
-0.0010588
0.0062899
0.0068753
-0.0089133
-0.0032096
0.000526
0.0026086
-0.008129
0.0099562
-0.0070628
-0.0009172
-0.0022935
0.0084255
-0.0091032
-0.0074942
0.0015197
0.0014844
0.0095771
0.0037665
0.0048885
-0.0065973
-0.0065541
0.0096643
-0.0065807
-0.0086009
-0.0058939
-0.0012
-0.0096432
-0.0042707
-0.0071887
-0.0039883
0.0007285
-0.0029812
-0.0021839
0.0040621
-0.0078263
-0.0017837
0.0059591
-0.0054704
0.0078393
0.0029057
-0.0093275
0.0085998
0.0033983
0.0040046
0.0094322
0.0008202
0.0068488
-0.000309
-0.0029072
-0.0081762
-0.0021876
0.0003902
-0.0029931
0.0082624
-0.0024851
-0.0012701
0.007619
0.0017071
-0.0052572
-0.0002362
0.0082141
-0.0089792
-0.00051
0.0068309
0.0040343
-0.0010607
0.0062833
0.0011067
0.0079195
0.0042352
0.0075298
-0.0020225
0.0085754
-0.0017462
-0.004523
0.0001325
0.0086646
0.0041628
-0.004125
-0.0061195
-0.0088264
-0.0097185
0.0040173
0.0045491
-0.0065392
-0.0031702
-0.0088091
-0.0016333
0.0003757
0.0078452
-0.0071195
-0.0079903
0.0024759
0.0002359
0.0028007
0.0032278
-0.0093216
0.0050159
-0.0057367
1.24e-5
0.0003242
-0.0039968
0.0069087
0.0052662
-0.0057123
-0.0052308
0.0022143
-0.008551
0.0018778
-0.0010971
0.0095428
-0.0025474
0.0098443
-0.0047867
0.009662
0.002074
-0.004597
0.0010418
-0.0068557
-0.0068819
0.0065975
0.0009699
-0.007328
0.000589
0.0050916
0.0057472
0.0096752
0.0038156
-0.0017654
-0.004369
0.0072935
0.0044316
-0.000907
-0.009557
-0.0066414
0.0050883
0.002826
-0.0008214
-0.00518
0.0018791
-0.009508
0.001181
-0.009504
0.003592
-0.0060097
-0.0059741
-0.0068569
-0.0086597
0.0043784
-0.0086609
0.0024898
0.0002585
0.0024589
-0.0042955
0.0039111
0.0062828
-0.0099987
-0.0003819
0.0085101
0.0080614
0.0055258
0.0036055
-0.0080887
0.0094682
-0.0020226
0.0066882
0.0009648
-0.0039004
-0.0099827
-0.0091965
0.0056532
-0.0013736
0.0045603
0.0054652
-0.0098646
-0.0085583
-0.0069218
0.0015218
0.0055206
-0.0019043
-0.0005694
0.0076579
0.0006908
-0.001945
0.0062343
-0.0029763
-0.0082158
0.0066744
-0.0009156
0.0089094
0.0049112
0.0021468
-0.0006383
-0.0039751
0.0091058
0.007092
0.0053356
0.008608
-0.0007725
0.0029578
-0.0023301
-0.0035902
0.0064041
0.0003984
-0.0029827
0.0014182
-0.0037138
0.0035578
0.0034812
-0.0046469
0.0067092
-0.0087291
0.0024879
0.0038677
0.0013508
0.0043075
0.0055126
0.0066776
-0.0012289
-0.0050836
0.0013156
0.0068815
-0.0026678
0.0076146
-0.0029279
0.0027545
0.0007585
-0.0083625
0.0080565
-0.0042916
-0.0088328
0.0009781
-0.002011
0.0003965
0.0034453
-0.0072428
0.0099723
0.0066573
-0.0065584
