0.0014637
-0.0005229
-0.0067151
-0.0057038
-0.0085497
-0.0090359
0.0068473
0.0002798
0.0053341
-0.0042488
-0.0095196
0.0094473
-0.0010318
-0.0030656
0.0011952
0.0054609
-0.0035092
0.0051706
0.001702
0.0035417
0.0097207
0.0076412
-0.0032651
-0.0092027
0.007237
-0.0043664
0.004856
-0.004179
0.0080455
-0.0093177
0.0083561
0.0006177
-0.008218
0.0098483
-0.0083785
0.007456
0.0071059
0.008268
-0.0033948
0.0060822
0.0016105
-0.005062
-0.0037826
0.0095273
0.0015493
-0.0077194
-0.0031622
-0.0086891
0.0062001
0.0039217
0.0008618
-0.0057964
3.7e-6
0.0030818
-0.0026939
-0.0019795
-0.0048255
-0.0043563
-0.0045764
-0.0025551
0.0035557
-0.0050807
0.0061486
-0.003118
0.0057755
0.0049986
-0.0076839
-0.003833
-0.0042321
0.0074313
0.0047727
-0.008703
0.0091016
0.008408
-0.0024727
0.0002004
-0.0091151
-0.0025666
0.004802
-0.0093957
-0.0072502
0.0068091
-0.0082709
0.0097797
0.0010876
0.0095082
-0.0050629
0.0024452
0.0017922
-0.00372
-0.0065281
-0.003487
0.006405
0.006357
-0.0074913
0.0028712
-0.0041498
-0.0014038
-0.0060695
0.0042473
-0.0026214
0.0092752
0.0080814
0.001013
-0.0060805
-0.0074134
0.0044476
0.0027346
-0.0032731
-0.00359
-0.006077
-0.0051013
0.0094702
-0.0043239
-0.0068708
-0.0057294
0.0020632
0.0003262
0.0019981
-0.0070703
-0.0046378
0.0051184
0.003408
-0.007448
0.0041598
-0.0016469
0.007637
0.002845
0.0041398
0.0038401
-0.0032112
0.0081662
0.0081035
-0.0045103
-0.0064901
-0.0046215
-0.0098014
-0.0028739
0.0039581
0.0037657
-0.0090213
0.0013695
-0.0020599
0.0063783
-0.0083712
-0.0091862
-0.0098734
-0.0045562
0.0051368
-0.0037511
0.0070472
-0.0073881
-0.0040542
0.0009175
-0.0023927
-0.0093442
0.0091933
-0.0004883
-0.0024995
0.0058786
-0.0014187
0.0048248
-0.0037835
0.0098825
0.0054651
-0.0059427
-0.0003921
-0.0034441
0.0039783
-0.0007006
0.008525
-0.0052085
-0.0019937
-0.0054472
-0.0007301
0.0088212
-0.0079404
0.0042387
0.0079884
-0.0084258
-0.0045804
0.0069072
-0.0060936
0.0010468
-0.0098865
0.0087749
0.0003994
-0.0063184
0.0075823
0.0066313
-0.0029832
0.0049024
-0.0017868
0.0053578
-0.0058181
0.0087873
0.0066191
-0.0039983
-0.0036768
-0.0035014
0.0063696
0.0084596
0.0070724
0.0028718
0.0050627
0.0022067
-0.0078376
0.0083752
-0.009188
0.005517
0.0031095
-0.0005342
0.0036824
-0.009658
-0.0047606
-0.0018772
0.0073764
0.0031762
-0.0032376
0.0081006
-1.63e-5
-0.0083981
-0.0091715
-0.0020088
0.0079989
0.0006346
-0.0026004
-0.0072615
-0.0013545
-0.008288
0.0060632
0.0053247
-0.0076361
0.0037325
-0.0014481
-0.0043492
-0.0030843
0.0066635
-0.0033018
0.0060268
0.0084832
0.0068563
-0.0009134
0.0077776
-0.0090378
-0.0045298
-0.0073094
0.0012253
-0.0061644
-0.0098543
0.0045168
-0.0038056
0.0023334
0.0038895
-0.0067022
0.0030461
0.009377
0.006387
0.0086128
0.0066279
0.0084892
-0.0053771
-0.0025193
0.0002163
-0.0076994
0.0069926
0.0029687
-0.0086986
-0.0093874
0.0061154
0.0006954
0.0092911
-0.0047894
0.0086235
0.0016254
-0.0053358
0.0097485
0.0057517
-0.0078768
-0.0059556
0.0082962
0.009539
-0.0012324
0.0083298
0.0028473
0.0014948
0.0045256
-0.0061643
0.0023153
0.0019704
0.0025291
-0.004154
-0.003007
0.004238
-0.0021619
0.0032086
-0.0093613
0.0055392
0.0045662
0.0088294
-0.0026443
-0.0044325
-0.0007631
-0.0056049
-0.0061688
-0.0071963
-0.0036323
0.0040571
-0.0081284
-0.0040356
-0.0026558
0.0094306
-0.0012776
-0.0050702
0.0039057
-0.0091807
0.0059872
-0.0067466
0.0090319
0.009054
-0.0056944
0.0010219
0.0061753
-0.000594
0.0038545
0.0077546
0.0046365
0.0049587
0.0051422
0.003506
-0.0085385
-0.0057791
0.0038189
0.0022815
-0.0009379
-0.0048893
-0.0098091
-0.0003564
-0.0003829
-0.0034936
-0.0048412
0.0033631
-0.0062674
0.0040794
-0.0074499
0.0028923
0.0047776
-0.002348
-0.0059623
0.0049786
-0.0022776
-0.0053075
-0.0008598
0.0051734
-0.0047894
-0.0099475
0.0062573
0.007117
0.0061271
-0.0041313
-0.0036621
0.0085694
0.0015497
-0.0053679
0.0023367
-0.0035222
-0.0056876
-0.0023695
-0.0052307
0.0052807
-0.0033403
-0.0031375
-0.0009334
-0.0072553
0.000883
0.007407
-0.0044563
-0.0035606
0.0077015
0.0065436
-0.00929
-0.0060639
0.0013842
-0.0005604
-0.0086897
-0.0086313
0.003208
-0.0009635
0.001097
-0.0049286
0.0082323
0.0095341
-0.0067781
-0.006666
0.0095847
-0.0037898
0.0035754
0.0050726
0.0096651
0.0012952
0.0032966
0.0093681
-0.0084759
-0.0097011
-0.004893
0.0065421
0.0055789
0.0061807
-0.0018778
-0.0053106
-0.0001462
0.0007047
0.0021743
-0.0022267
0.0077842
0.0037512
0.0075636
-0.0042797
-0.0029038
0.0047208
0.001299
0.0079435
0.0096057
-0.0044263
-0.0042834
-0.0031064
-0.0041013
-0.0011725
0.0042433
0.0018618
-0.0077324
0.0077956
-0.0053811
-0.0063255
0.0024374
-0.0014276
-0.0022587
0.0054928
0.0065265
0.0029013
0.0055637
-0.0046307
-0.0055019
-0.0057145
0.0014191
0.0086636
-0.0068672
-0.0029559
-0.0030122
-0.009966
0.0061946
0.0096226
-0.0071315
-0.0059943
-0.0005124
0.0058322
-0.0031509
0.0020928
-0.0052289
0.0018974
-0.0099163
-0.0056748
-0.0044944
0.0067763
0.0054594
-0.0068448
-0.0040703
-0.008276
0.003302
0.0052193
-0.0034687
0.0071675
0.0080349
0.0029905
0.004044
-0.0069144
-0.0036003
0.0015836
0.0084639
0.0031284
0.0040384
-0.0083418
-0.0048876
-0.0028508
0.0076208
-0.003017
-0.0047732
-0.0034326
-0.003271
0.0014543
0.0004031
-0.0009996
0.0078127
-0.0031986
-0.0005882
