-0.002999
0.0079405
0.0038644
-0.009998
-0.0002105
-0.0003709
-0.0023725
0.0041316
0.0060487
0.0038372
0.0028918
-0.0093562
-0.0045215
-0.0057911
0.0062324
0.0036142
-0.0055918
-0.006717
-0.0099533
0.0098511
-0.008247
-0.0020075
-0.0023762
-0.0050169
-0.0021046
0.0060196
-0.0073191
0.0034546
0.0036641
0.0052784
-0.0021318
0.0014315
-0.0084652
0.0040361
0.0039319
0.0016163
0.0082921
-0.006762
0.0082745
0.0029165
0.0016515
-0.0094109
-0.0033851
-0.0078921
-0.0051339
-0.0037412
0.0081913
0.0041902
-0.002688
-0.0093424
0.0008475
0.0013694
0.0083268
0.001811
-0.0083193
0.0039257
0.0058394
0.0039788
0.0041328
-0.0013918
0.006837
0.0058629
-0.0059008
0.0028742
0.0073186
-0.0012909
0.008987
-0.0028684
-0.0065387
0.0053851
0.0030571
-0.0040058
0.0069395
0.0037916
0.0068122
-0.0059474
-0.0036873
0.0045023
0.0020514
0.0009588
0.0011014
-0.0042184
-0.0038997
-0.0009295
0.0068901
-0.0059302
-0.0078649
0.0023535
0.0099936
-0.0005283
0.0036191
-0.0023588
-0.0037887
-0.0034731
-0.008982
-0.0072757
0.0031474
0.0052206
-0.0022478
-0.0022601
-0.0060505
-0.0002596
-0.0091198
0.0071851
-0.0063501
-0.0053693
0.0074795
-0.0064499
-0.0095992
-0.0056629
-8.49e-5
0.0039794
0.00685
0.0019394
-0.0065381
0.000858
0.0040576
0.0047261
-0.0013506
-0.008717
-0.0017287
0.0053426
-0.0092372
-0.0003011
0.0017431
-0.0098549
0.0065067
-0.0046704
0.0037206
0.0052756
0.0073594
-0.0012561
-0.0055199
-0.0022026
0.0097095
-0.0093122
-9.67e-5
-0.0040211
0.0034602
-0.0087497
-0.0019322
-0.0010522
0.0024732
0.0046351
-0.0001005
-0.0077659
-0.0038113
-0.0088946
0.0018324
0.0072397
-0.0039208
0.0073325
-0.0009972
-0.001987
-0.0095584
0.0049109
-0.0020273
0.0092457
0.005086
0.0076245
-0.0063641
-0.0084228
0.004029
0.0029461
0.0047854
0.0074496
0.0061404
-0.0033474
0.0020502
-0.0086404
-0.0057255
-0.0064506
-0.0014191
0.0003241
-0.0040106
-0.0024197
-0.009687
0.0027432
0.0090177
0.0060023
-0.0097895
-0.0015104
-1.7e-6
-0.0075231
-0.0086708
-0.0055609
0.0007369
-0.0037464
0.001292
-0.0086583
0.0033838
-0.0079659
0.0098885
-0.0026365
-0.0032459
-0.0023026
0.0040878
0.0064407
-0.0077254
0.0093508
0.0010116
-0.0046563
-0.0098678
-0.0089
0.0021943
-0.0099645
0.0060152
-0.0064606
0.0051667
-0.0078635
-0.0041641
0.006214
0.0028075
-0.0069148
0.0059517
0.0036538
0.0035387
-0.0072897
0.0081795
-0.0078902
-0.0059144
-0.0059835
-4.59e-5
0.0077501
0.0048214
0.007526
-0.0072626
-0.0097927
-0.0080603
-0.0062712
0.0084699
0.0057826
-0.0035321
0.0014208
0.0037582
-0.0074363
0.0044578
0.002589
0.0083261
-0.0042114
0.0079425
-0.0089139
-0.0063288
0.0044262
0.0094645
-0.0089517
-0.0032524
0.0073164
0.0047249
-0.0055753
-0.0049104
0.0045298
0.0081995
0.0092326
-0.004438
-0.0095992
0.0070996
0.0055734
0.0025751
-0.0037798
0.0012454
0.0063871
-0.0028652
0.0093456
0.0090628
0.0007801
0.0082184
0.0050658
-0.006419
-0.0025445
-0.0070281
-0.0002048
-0.0043878
-0.0047737
-0.009738
-0.0021715
0.0058752
-0.0052592
0.0080247
0.0083809
-0.0049733
-0.0015252
0.0007365
0.0080026
0.0049194
-0.005267
0.0039964
-0.001453
-0.0008251
0.0059071
-0.0071957
-0.0009216
0.0007201
-0.0008967
-0.009359
0.0024786
0.0097647
-0.0015889
-0.0016434
0.0003279
-0.0031085
0.008983
0.0049701
-2.9e-5
0.0010567
-0.0098522
0.0010934
-0.0079603
-0.0097579
0.0091936
-0.0090726
-0.0039616
-0.0031862
-0.0011486
-0.0068462
0.0099909
-0.0088329
-0.0099595
0.0002629
-0.0079814
-0.0042528
0.0043783
-0.0073298
0.0039838
-0.0051835
0.0051078
0.0052478
0.0092003
0.0045889
-0.0077036
-0.0059946
-0.0035634
0.0051334
-0.0061746
0.0097321
-0.0058726
0.0064946
0.0094034
0.0055609
0.0050761
-0.0092023
-0.0059815
-0.0018829
-0.0065395
0.0090318
-0.0044138
-0.0024048
0.008921
0.0061366
0.0072426
-0.0048777
0.0040832
0.0017823
0.0074759
-0.0036817
-0.0055234
0.0038919
0.0054534
0.005117
-0.0071599
0.002075
0.0067013
0.0056306
-0.0024852
0.0029796
-0.0073839
0.0079785
-0.000314
-0.008731
0.0014827
-0.0091542
-0.0027155
-0.0037624
0.0004893
-0.005151
0.0044916
-0.0083722
0.0063563
-0.0063525
0.0001518
0.001746
0.0017939
-0.0022229
-0.0036745
1.81e-5
0.006663
0.0072746
0.001012
-0.0083766
-0.0020132
0.0025032
0.0031107
0.0067122
0.0079149
-0.0001481
0.0069507
-0.0037517
-0.0085057
0.0034358
-0.0078956
-0.0097854
0.0005609
-0.0003924
-0.0054331
-0.0010584
-0.0030448
0.0080689
-0.0020167
-0.0084017
-0.0073152
0.007952
0.0031137
0.0042978
0.0076915
0.0018822
-0.0096574
-0.0095135
-0.0062037
-0.0009535
0.0021172
-0.0089015
0.0013198
-0.0097741
-0.0049427
-0.0055524
-0.0097264
0.0075942
0.0002435
0.0038425
-0.0016083
0.0069704
-0.0012135
0.0034255
0.0018604
0.0014855
0.0080026
0.0097853
0.0051898
-0.0047396
-0.0070953
-0.0044931
-0.0005886
0.0011559
0.0016835
0.0089134
-0.0050913
-0.0057986
-0.0092434
-0.0066278
-0.0074186
-0.0043456
0.0035597
0.0065386
0.0005793
0.0032117
0.0095645
-0.0068478
0.0015187
-0.0064652
0.0057603
-0.0020993
0.0051498
0.0042299
-0.0008015
0.0015736
0.0058854
0.0054184
-0.0031418
-0.0025919
0.0089759
-0.0042144
0.0059558
-0.0061395
0.0082157
-0.0025055
-0.0024711
-0.0030621
-0.0040074
-0.0004517
0.0072395
-0.0027102
0.0007063
-0.0074735
-0.0001217
0.006858
0.009912
-0.0033364
-0.0046776
-0.001072
-0.0023606
0.0083493
-0.0065885
0.0024162
-0.0002129
0.0002569
