0.009694
0.0004562
-0.0048766
-0.0020788
0.0066886
-0.008789
-0.0079565
-0.0003872
0.00196
-0.0078662
-0.0087095
-0.0035104
-0.003804
-0.0022684
0.0070664
-0.0003304
-0.0087217
0.0018218
-0.0082654
0.0011748
-0.0018337
-0.0092339
0.0025765
-0.0053628
-0.0013983
-0.0003557
-0.0032931
-0.0015311
0.0020567
-0.0001761
-0.0037541
0.0053981
0.0089207
0.0010397
0.0071697
0.0011452
-0.0079122
-0.0071418
0.0040384
0.0065186
-0.0090886
0.0082454
-0.0032286
0.0023162
0.0091761
-0.0078404
0.0098952
-0.0002199
0.002679
-0.0059244
-0.0018721
0.0097424
0.0069011
0.0067182
0.0066144
0.0001664
0.0043235
0.009614
-0.0046987
-0.0076817
0.0092702
-0.0015407
-0.0012194
-0.0028106
-0.0047719
-0.0059799
-0.00519
-0.0009447
0.0053537
-0.0013558
-0.0015083
0.0015003
0.0028951
-0.0080816
0.0023524
-0.0095896
0.0091188
0.0008246
-0.0067212
0.0034765
0.0096009
-0.0067294
-0.0086232
0.0029218
-0.0034709
-0.0059942
-0.0080756
0.0059518
0.0070653
0.0078388
-0.0070494
-0.0064584
-0.0083122
-0.0045386
0.0067688
-0.0056598
-0.0011099
0.0018502
-0.0024574
-0.0023263
0.0079417
-0.0049703
-0.0052325
0.0024714
-0.0090944
0.0055276
-0.0032282
-0.0070115
-0.0043798
-0.0096391
0.0014595
-0.0096934
0.0049665
0.0035563
0.0015005
-0.0099956
-0.0088359
-0.0097112
-0.0025896
-0.0008412
0.0074431
-0.0044016
-0.000419
0.007561
-0.0080823
-0.009862
-0.0052184
0.0088216
-0.0027423
-0.0053051
0.0064126
-0.0094324
0.0002193
0.0036973
-0.002515
0.0023717
0.0003678
0.008592
0.007524
0.0075115
-0.0058731
-0.0074518
0.0013412
-0.006175
-0.0024762
-0.0011006
-0.0086845
0.0007654
-0.0062794
-0.0009554
0.0004786
0.0041237
0.0024847
-0.009481
0.0031514
0.0002911
-0.009893
0.0053194
0.0034137
0.009358
-0.0084818
0.0042812
-0.0013866
0.0072461
0.0044419
0.0085683
-0.0002324
0.0035527
0.0091067
0.0019738
-0.0003345
0.0079175
-0.0097667
0.005563
0.0080325
0.0014452
0.0046761
-0.0021094
-0.0026816
0.0091711
-0.0082124
0.005835
0.0090771
0.0016621
-3.01e-5
-0.0024703
-0.0042525
0.0036072
-0.0079902
-0.0022156
0.0071201
0.0003345
0.0068736
0.0060805
0.0077943
-0.0024255
0.0075444
-0.0043112
-0.0001921
0.0030885
0.004104
-0.0089464
-0.0021694
-0.0026015
0.0011658
-0.0028448
-0.0089628
0.0098944
-0.0050703
0.0094215
-0.0034334
-0.004274
0.0097273
0.0080595
0.0087671
-0.0028647
-0.0094336
0.0008346
0.0049241
-0.0003359
-6.8e-5
0.0066798
0.0009866
-0.0010764
0.0081375
0.0092036
-0.0022982
-0.0078611
-0.0025232
0.0035574
-0.0041611
-0.0027792
-0.0058179
-0.0070826
0.0064642
0.0079484
0.0078657
0.009309
-0.009589
-0.0093082
0.0042395
-0.0085236
0.0017221
0.0029146
-0.005418
-0.0078572
0.0050497
-0.0082471
-0.0045963
0.0090559
-0.006529
0.0004292
-0.0037657
-0.0016532
-7.86e-5
-0.0002574
0.0053141
0.002568
-0.0063537
0.0013308
0.004196
0.004914
0.0040868
-0.0092515
0.0095969
-0.0071395
-0.0020303
0.0073093
0.0018603
-0.0065738
0.0059248
0.0049132
-0.0010946
0.0063197
0.0091316
-0.0012669
-0.0052116
0.0045977
-0.0038222
-0.0047997
0.0066522
-0.0036483
0.0074332
0.0049814
-0.0060693
0.003616
-0.0020802
-0.0033457
-0.0080991
0.0027464
-0.0001348
0.0008157
0.0045739
-0.0015886
-0.0035545
0.0040795
-0.0024189
-0.0051001
0.0022157
0.0094238
0.0096286
-0.002886
0.0008684
-0.0012272
0.0099734
-0.0095854
-0.0023266
0.0083217
0.0094997
0.0096063
-0.0082464
0.0077986
0.0050396
0.0068534
-0.000443
0.0040507
-0.0077797
-0.0035843
-0.0074286
-0.0019153
-0.0027825
-0.0084535
0.0085493
0.0054954
-0.0097226
-0.0019749
-0.0098319
-0.003824
-0.0087072
-0.0043696
0.0075623
0.0036636
-0.0077939
0.0062464
0.0044359
0.0007109
0.0071787
0.0086842
0.0058608
-0.0043586
-0.0053612
0.0037038
-0.0014515
0.0060672
0.0025392
0.0092217
-0.0079363
-0.0081954
-0.0041941
-8.56e-5
-0.0086288
-0.0067488
-0.00474
0.0018532
0.0016169
0.0092901
-0.0046995
-0.0081983
-0.0013351
-0.0040967
0.0033077
6.07e-5
-0.00032
-0.0074721
0.0023841
0.0075733
0.000946
-0.0032238
0.0058459
-0.003449
-0.0080232
-0.0074967
-0.0009308
-0.008581
-0.0041602
0.0052436
0.0042389
-0.0031348
0.0041035
-0.0092852
0.0042407
-0.0046304
0.0002249
0.0068083
-0.0059941
-0.0001468
-0.0072925
-0.003556
-0.0084473
0.0069014
-0.0060913
0.0047395
0.0034382
0.0047426
-0.0011436
-0.0083119
0.0019192
0.0087479
0.0065669
0.0047646
0.0032521
0.0017855
0.0043993
0.0091613
-0.0042813
0.0095761
-0.0006906
-0.0054482
0.0028061
-0.0007729
-0.0093692
0.0008311
-0.0012046
0.0056752
0.002836
0.0010274
0.0060337
0.0025799
0.0007786
0.0040595
-0.0079812
0.0086761
-0.007913
-0.0004939
-0.0007806
-0.0058731
-0.0087847
0.0037353
0.0043619
-0.0007108
-0.0092699
0.0026304
-0.0092333
-0.0088952
0.0036566
-0.0003951
0.0027227
0.0004157
0.0082146
0.003958
-0.0042086
0.0059275
-0.0059266
-0.0064599
0.0068567
-0.0011878
0.0037509
-0.0001241
-0.0043333
-0.0056644
-0.003845
-0.0012417
0.0043963
0.0001611
0.0031866
0.0067426
0.0066888
0.0059352
-0.0087624
0.0099369
0.0050413
0.0015448
0.0024862
-0.0032133
-0.0022443
0.0012732
-0.0063058
-0.0072961
0.0012166
-0.005658
-0.003565
-0.0039457
-0.0084729
-0.0002043
-0.0070837
-0.0009189
0.0042666
0.0031774
0.00506
-0.0070521
-0.0083864
0.0016169
-0.001657
0.0034631
-0.0072176
-0.0053202
0.00476
-0.0089449
0.0032187
-0.0047869
0.0063791
0.0095897
-0.0055916
0.0020182
-0.0005539
