0.0093828
-0.0015233
-0.000978
-0.0046829
0.0048179
-0.0012196
0.0037642
-0.0054666
-0.0042565
-0.0034093
-0.0025282
0.0009052
0.0037683
-0.0010474
-0.0027561
-0.0032504
0.0086246
-0.0001222
-0.0082396
-0.0096642
-0.0097946
-0.004013
-0.0090893
0.004662
-0.006943
-0.0046553
0.0020603
-0.0037713
0.0096563
0.0016965
-0.0069371
0.0010561
0.0032208
-0.0070187
-0.0085147
0.0047086
-8.1e-5
0.0064975
0.0051328
-0.0085203
-9.92e-5
-0.0045621
-0.0062706
-0.0049658
-0.0021239
-0.0095293
0.0010103
0.0071111
0.007541
0.0009357
-0.0008344
0.0083074
-0.0011601
0.0077564
-0.0066268
-0.0040059
0.0097368
0.0048405
0.0082532
0.0062743
-0.0012286
-0.0030039
0.0071258
-0.0019432
0.0095156
0.0053801
0.0097567
-0.0072999
0.0014474
-0.0050974
-0.0028153
0.0001527
0.0074653
0.0091315
0.0080695
-0.0086076
0.0081255
-0.0008659
-0.0048735
0.0045709
-0.0065515
0.0064978
0.0063214
-0.0062079
0.0095492
-0.0099498
-0.0011564
0.0091807
-0.0011782
-0.0096541
0.0041121
0.0029991
0.0086892
0.0069395
-0.0037222
-0.0023031
-0.0049809
-0.0099214
-0.0043447
-0.0024038
-0.0077416
-0.0057619
-0.0074116
0.0073824
-0.0070942
-0.0034245
-0.0091448
-0.0004911
0.002318
-0.0049228
0.0017485
0.0039368
0.0073902
-0.0096964
-0.0050635
0.0088021
0.0022899
0.0065615
-0.0074673
0.0024552
-0.0066196
-0.0017572
-0.0060802
0.0041976
-0.009455
0.0087734
-0.0082648
-0.0057025
0.0009952
-0.0090144
0.0019138
0.0078359
-0.0023192
0.0068959
0.0053092
0.0089704
0.0027756
0.0089882
-0.0045506
0.0064447
0.0046815
-0.0094991
2.75e-5
0.0070278
0.0095685
0.0056222
0.0069777
0.0086546
-0.0048119
0.0088863
-0.0096607
0.0040163
0.0068945
-0.0032153
-0.005726
0.0006634
0.00476
-0.0055818
-0.0096703
0.0013789
0.0004615
0.0056271
-0.0074661
0.0096073
0.0041869
0.0016231
0.0061292
-0.0029908
0.0046563
0.0028405
0.0046076
-0.0027748
-0.0049027
-0.0045091
0.0047242
-0.0057417
0.0028855
-0.0005905
0.0009744
-0.0066357
0.0068208
-0.007256
0.0054381
0.0041112
-0.0036739
0.0013715
-0.0074049
-0.0085089
0.0003492
-0.0006238
0.0060955
-0.005578
-0.0026842
0.0019081
-0.0053666
-0.0087785
0.0019071
0.0013359
-0.0031974
0.0002332
0.0082853
-0.0034129
0.004285
0.0042928
-0.0064342
-0.0096977
0.0031854
-0.0066891
-0.0081128
-0.0021479
-0.0080291
0.0012927
-0.0088705
0.0062833
-0.0074242
-0.009047
-0.003019
-0.0082723
-0.0040399
0.008087
0.0069705
0.009808
-0.0051795
0.0016336
-0.0046051
0.0004813
0.0039031
-0.002289
-0.0060614
0.0018305
0.006295
-0.003545
0.0074973
0.0021782
-0.0091422
0.0070439
-0.0087016
-0.0068875
0.0081749
0.0034354
0.0069894
-0.0010427
-0.006365
0.0082244
0.0032604
0.0044167
0.0037393
-0.0094247
0.0003631
0.0036291
-0.0006525
0.0064237
0.0089088
-0.0088037
0.0027717
-0.0077199
-0.0035612
0.0078324
0.0070977
-0.0002021
-0.0063228
-0.0059938
0.0074332
0.0091265
-0.0070602
-0.0022233
-0.0072621
0.0065408
-0.0086991
-0.0001801
0.0061414
-0.0007721
-0.0064865
0.0048069
-0.0053206
-0.0046348
-0.0097667
-0.0062436
-0.0024472
-0.0029286
0.0066099
0.0016594
-0.0042094
-0.0016336
0.0037353
0.0054698
-0.0050927
0.0096387
-0.0061493
-0.0063683
-0.0020252
-0.004663
0.0036468
-0.0082961
0.0014282
0.0089999
-0.0002256
-0.0059466
-0.0077976
0.0028966
-0.0044152
-0.0080425
-0.0042903
-0.008409
0.0057871
-0.0023573
-0.0095656
0.0022543
0.0058064
-0.0081607
-0.0045848
3.53e-5
0.0065446
0.0007677
-0.0062438
0.0069153
0.0008852
-0.0094238
0.0004266
-0.002754
-0.008959
0.0028989
-6.62e-5
0.0047476
-0.003545
0.0080874
0.0012764
-0.0015758
-0.0021261
-0.0039282
0.0074772
-0.0025604
0.0011809
-0.0018098
-0.0080761
-0.002723
-0.0051199
-0.0062237
0.0017039
0.0086599
0.0017566
0.0013528
-0.0039666
0.0086909
-0.0010739
-0.0061068
0.0044999
-0.0032508
-0.0072516
-0.0062318
0.0010099
0.0005826
-0.0025733
4.84e-5
-0.0078473
0.0038134
-0.0035292
0.0028948
-0.0055773
0.0097215
-0.0055815
-0.0061301
0.0044581
0.0016346
0.0048406
0.0020662
-0.0099467
0.0004781
-0.0008423
-0.0099483
-0.0092239
0.0027359
0.0005338
-0.0084033
-0.0006921
0.0033433
-0.0018279
-0.0065066
0.0056079
0.0048182
0.0074424
-0.0024881
0.0005428
0.0088391
-0.0031235
-0.0040604
-0.0013809
0.0022201
-0.0096072
-0.0062751
0.0093183
0.0041676
-0.0089972
0.0011553
0.0099748
-0.0086127
-0.0014533
-0.0065338
-0.0006654
0.0085479
-0.0080212
-0.0082319
0.0015112
-0.0081598
-0.0014761
0.0070727
-0.0079582
-0.0065899
0.001584
-0.0066824
-0.0008518
-0.0007693
0.0094775
-0.0097096
0.0008913
0.0092265
0.005369
-0.0073087
-0.0095184
0.0026663
0.0097227
0.0033675
-0.0074135
0.0083793
-0.0099264
-0.0092712
-0.000518
0.0051059
0.0096752
0.0081596
-0.0026872
0.0061464
-0.0024634
-0.0018784
0.0035707
-0.0058074
-0.0055704
0.0098445
0.0099195
0.0053492
-0.0069316
-0.0074463
0.00681
0.0029864
0.0047423
0.0070202
-0.0007542
0.0039763
0.0096353
0.0090945
0.0083867
0.0084398
0.0044566
-0.0012458
0.0063389
-0.0078636
0.0048355
-0.0009762
0.0001066
0.0035396
0.0071993
-0.0056266
-0.0010563
-0.0028465
-0.0047435
4.9e-5
0.0014627
-0.0026364
-0.0075726
-0.0079326
-0.0068919
-0.0061355
0.0016426
0.0018259
0.0047234
0.0074141
0.0028675
-0.0044537
-0.0079313
0.0023826
-0.0075485
-0.001962
-0.0074867
-0.0094485
0.0060201
0.0041967
0.0030643
-0.0070932
-0.0008181
0.0005223
0.0093451
-0.0011237
0.009442
-0.0067876
0.009897
