-0.0035626
-0.0005048
0.0032529
0.0087895
0.0049034
0.0019549
0.0072116
0.0086547
-0.0042997
-0.0076323
-0.0030967
-0.0030956
-0.0006019
-0.0087279
0.0047351
-0.0034272
0.002613
-0.005913
-0.0013051
0.0090372
-0.0024273
-0.0040026
0.0092114
-0.0022598
-0.0095017
0.0030773
0.0061447
-0.0022041
0.008713
-0.0068177
0.0025991
0.0033358
-0.0055759
0.0032765
-0.0023401
-0.0074913
-0.0064629
-0.0008621
0.0038201
-0.0021607
-0.0052882
-0.0085222
-0.0084809
0.0038187
-0.0086726
0.0089555
-0.0087841
0.0043278
-0.0023616
-0.006326
0.0084926
0.0008606
-0.0097245
-0.0095025
-0.0005245
-0.0097182
-0.0031908
-0.0027982
0.0058596
-0.0074066
0.000533
-0.0071465
0.0077308
-0.003564
-0.0078944
-0.0070707
0.0014941
0.007254
0.0044476
-0.0088464
-0.0005889
0.009535
0.0034688
-0.0062038
-0.0026472
0.0011418
0.0026456
0.002475
0.0038402
-0.0075776
0.0069531
-0.002057
0.0089431
0.0003432
-8.54e-5
-0.0012202
-0.0047284
0.0065777
0.0032068
-0.0043113
0.0040922
0.0088427
-0.0027289
-0.0091867
0.0033417
0.0008018
-0.0065836
0.0055602
-0.0083382
-0.0052873
0.0034289
-0.0014501
0.0011241
0.0094626
-0.0004258
0.0080608
-0.0085069
0.0005539
-0.0092258
0.0092723
0.0007172
0.0096823
-0.0023589
-0.0054064
0.0017293
-0.0044428
-0.0036735
0.0025398
-0.0075161
-0.0073549
0.0045169
0.007149
0.0007805
0.0052075
-0.0068913
0.0075026
-0.009763
-0.0048747
0.0083139
0.0044745
-0.0012902
-0.008656
0.0037452
-0.0010516
0.0046984
-0.0098966
-0.0034028
-0.0066694
-0.0052015
0.005688
0.0078926
0.0085499
-0.0065667
0.0041208
-0.0081492
0.0013509
0.0010066
0.0066828
-0.0020155
0.0082275
0.0039922
0.005778
0.0016292
0.0006136
-0.0021416
-0.0018011
0.0012258
0.0014895
-0.0073864
0.0075572
0.0051897
0.0027919
-0.0071854
-0.0090258
-0.0016636
-0.0042861
-0.0068917
-0.0033029
-0.009845
-0.0076904
0.0068627
0.001165
0.0077474
-0.0024312
0.00987
0.0036667
-0.0094376
0.0005772
0.0012855
0.0072738
-0.0040317
-0.0030706
0.0022415
-0.0077043
-0.0041119
-0.0040022
-0.0072981
7.94e-5
-0.0085782
0.0033662
0.0004998
-0.0004246
-0.0030436
0.0064671
0.0070558
-0.0002304
0.0086317
0.004881
-0.0025296
-0.0049665
0.0051923
0.0058091
0.0081885
-0.0052413
0.0050787
0.0090999
0.0032391
0.0079601
-0.0090933
0.0025673
0.0085763
0.0079097
-0.0068954
-0.0074645
-0.0008724
-0.0066291
0.0055318
0.00054
0.000635
0.0042646
0.0028581
-0.0094591
-0.0066674
-0.0022974
0.002209
0.0033396
0.0070942
0.0046546
-0.0008924
0.0095626
0.0078112
-0.0077587
0.0006611
0.0028554
0.0009659
-0.0026291
-0.0098208
-0.0067051
0.0027903
0.0042564
-0.0083197
-0.0086834
-0.0057956
0.0058837
0.0077149
0.0036096
0.0089033
0.0039044
-0.0029674
0.0071843
-0.0062682
-0.0018223
0.0038835
0.0044144
0.0014313
-0.00548
0.0022296
-0.0067264
0.0084997
0.0043187
-0.005621
0.0006454
-0.0069609
0.0088862
0.009176
0.009763
0.0009261
0.0051264
0.0035832
0.0037266
-0.0076062
-0.0022983
-0.0081989
0.0077255
0.0013188
-0.0044924
0.0024703
0.0013317
0.0084903
0.0085419
-0.0005355
-0.0086242
0.0024969
-0.0018939
0.002665
0.0056478
0.0069115
0.0032601
0.0046569
-0.0011056
0.0025243
0.0050895
-0.0006179
0.0019151
-0.006653
0.008185
0.0090694
0.0013303
0.0019507
0.0009452
-0.0045876
0.0080272
0.0043559
0.0053208
0.0041165
-0.0083703
-0.0031785
0.0095954
-0.0008083
-0.005094
-0.0063051
0.0032561
-0.0008006
0.0069468
0.0086234
-0.0050638
0.0059071
0.0095688
-0.0022964
-0.0027645
0.0091835
-0.0008083
-0.008023
-0.0052653
-0.0025246
-0.0012844
-0.0055465
0.0007027
0.0081529
0.0074175
0.0039084
-0.0042244
-0.0050919
-0.0071744
0.0045786
-0.0075288
0.0093491
0.0053925
0.0039206
0.0017112
-0.0009925
-6.83e-5
-0.0062994
-0.009355
0.0032428
-0.0028648
0.0030575
-0.0053209
-0.001704
0.0042008
0.0045477
0.0052905
0.0024718
0.0063697
-0.0050932
-0.007914
-0.0095973
-0.0071025
0.0096818
-0.0030976
-0.0055622
0.0094359
0.0055781
-0.0009624
0.0006865
0.0050908
0.0085646
-0.0024933
-0.0097649
-0.0092403
0.0090446
0.009722
-0.0046926
-0.0081176
0.008898
0.0065143
0.0001672
-0.0047706
0.0087298
-0.0036926
0.0065617
0.0021916
-0.0010463
-0.0087768
-0.0033534
-0.0075236
0.0083072
0.006768
0.0051635
0.0053194
0.005104
0.0054696
-0.0081179
-0.0007821
0.0085538
-0.0085987
0.0051367
0.0054586
0.0078128
0.0037027
0.0002113
-0.0023318
-0.0052936
-0.0082338
-0.0023971
-0.0046798
0.0025227
0.005861
0.0020329
-0.0059939
-0.0012774
0.0028947
-0.0001304
0.0075811
-0.0022894
0.0095393
0.0035775
-0.0003212
0.0023428
-0.0002611
0.0085502
-0.0059576
-0.0038389
0.0031629
0.0062718
0.0054147
0.0043899
0.0085433
0.0013042
-0.0036023
0.0027377
0.0084624
0.0055439
-0.0064451
-0.0062795
0.0083848
0.0018623
0.0026936
0.0039133
-0.0074491
-0.0013625
-0.0024517
-0.0049457
-0.0071724
-0.0037279
0.0084662
-0.0035992
0.0098773
0.0091786
-0.0093976
-0.0072528
-0.0063528
0.0038859
0.0030598
0.0097246
-0.0022999
-0.0004271
-0.0043041
-0.0094236
-0.0026918
-0.0010228
0.007158
0.0022533
0.0033735
0.0063991
0.0005503
0.0082715
-0.0098323
-0.0033756
0.0012201
-0.0049228
-0.0009251
0.0044129
0.0072124
-0.0073409
-0.0020062
0.0012106
0.0059442
0.0052882
-0.0075645
-3.3e-6
-0.0053869
0.0095669
-0.0027725
-0.0012621
-0.009938
0.0002839
0.0023352
-2.56e-5
-0.0094786
-0.0013755
0.0094592
0.0082802
-0.0056686
-0.0088154
