-0.0059139
0.0013321
0.0098026
-0.0066477
0.0061872
0.0070616
0.0013354
-0.0013198
0.0001798
0.0025311
-0.0038928
-0.0016579
0.00276
-0.0072332
0.0057404
0.0021064
-0.0069062
0.0063753
-0.0048571
-0.0011715
-0.0092981
0.0032361
0.0052606
0.0030243
0.0027162
-0.0001527
-0.0048782
-0.0092435
0.0030673
0.0032388
-0.0060868
-0.0036359
0.0072463
4.95e-5
-0.0047232
0.0077922
0.0055833
0.0072313
-0.0089292
0.002396
0.0021216
0.0082341
0.0047494
-0.002753
-0.0018278
0.0009851
-0.0099545
0.0016504
0.0097694
-0.0073257
0.0077151
-0.0053491
-0.0071258
-0.0038434
-0.00046
0.0016438
-0.0012232
0.0022898
-0.0073526
0.0073051
-0.0055067
-0.0020848
-0.0097853
0.0030427
-0.0061565
0.0065093
-0.0020735
-0.0086654
-0.0018625
-0.0001582
0.0035006
0.0044122
0.0022159
-0.0043455
-0.007942
-0.0002858
0.009453
0.0045863
-0.0057873
-0.0001539
0.0094909
-0.006617
0.0014238
-0.0022901
0.0070367
0.0041157
0.0077219
-0.0020073
0.0015557
-0.006857
-0.0073495
0.0034399
-0.0038199
-0.0029868
0.0016027
-0.0008405
-0.004353
-0.0008572
0.0012525
0.0028251
-0.0060248
-0.0016699
0.0036047
0.0078486
-0.0080245
-0.0005684
0.0065557
0.0080432
-0.0039946
-0.0033191
-0.0086372
-0.0046056
0.0092354
-0.0084474
-0.0028173
0.0017284
0.0050244
-0.0094547
-0.0062501
0.00573
0.001554
0.005274
-0.0019711
0.0072959
0.000111
-0.0098856
0.0031412
0.0019791
-0.0002967
0.0067617
0.0075504
0.0047883
0.0083048
-1.32e-5
-0.0040874
-0.0021801
0.0085933
-7.24e-5
-0.0090059
0.009474
0.0083998
-0.0020963
0.0054724
-0.0008025
0.0072575
0.0067519
0.0064707
0.0016894
0.006718
-0.0076666
0.0096238
0.0040861
-0.0020165
0.0080098
0.003809
-0.0032829
-0.0033204
-0.0096866
-0.0099976
-0.0093466
0.0065996
-0.0076333
0.0027469
0.0079418
-0.0091483
-0.0051429
0.0030127
0.0065122
-0.0016432
-0.0021291
0.0038698
0.0024103
0.0019699
0.0091366
0.0029449
-0.0039055
-0.0055544
0.0083089
0.0027785
-0.0029791
0.0037265
0.0037295
-0.0093328
-0.003216
0.00631
0.001427
-0.0071258
0.0042792
-0.0075436
-0.0063551
0.0092899
0.0066786
0.0023147
0.0066141
-0.0010005
0.0028386
0.0082152
-0.0092797
-0.0033749
-0.0091311
-0.0087025
0.0013348
0.0072651
-0.0057668
0.0064191
0.0034592
-0.0059218
-0.0018334
0.0057673
0.0027576
0.005844
-0.0056892
0.0024304
-0.0017096
-0.0097175
-0.0092288
0.0069955
0.0014877
-0.0038172
-0.0060616
-0.0060575
-0.0043973
0.0039742
0.0074828
-0.0049591
0.0030162
-0.009001
0.0027252
-0.0008729
-0.0084174
-0.007508
-0.0088587
0.0057705
-0.0091355
-6.6e-5
0.0072971
0.001644
-0.0001226
-0.0089993
0.0022701
-0.0060208
0.0047847
-0.0019269
0.0081827
-0.0036325
0.001281
-0.0060497
-0.0022871
-0.0032697
-0.0023173
-0.0095606
0.0046482
-0.0089428
-0.0061765
-0.00798
0.0058353
-0.00928
-0.0063537
-0.0002551
-0.0062711
0.0038497
-0.0076117
0.0012136
-0.0046695
0.0014794
-0.0076874
0.006319
0.0025134
0.005915
0.0092093
-0.0015514
-0.0017876
0.0019827
-0.0022874
-0.0087102
0.0086916
0.0073958
-0.0098262
0.0053475
-0.0076538
-0.0084203
-0.0076968
-0.0028947
0.0041055
0.0083328
-0.0029072
0.0036467
-0.0080801
0.0005092
-0.0068855
0.0067289
-0.002614
0.0071922
-0.0013484
-0.0003301
-0.0045264
-0.0056887
0.0028433
0.0008299
0.0036053
-0.0091316
0.0032379
0.0045531
0.0069151
-0.0056094
-0.0046534
0.0010595
0.0024763
0.0035552
-0.0010021
-0.0022713
-0.002708
-0.0045563
-0.002742
0.0066422
0.0078547
0.001052
-0.0044627
-0.0069962
-0.0051429
0.0040222
-0.0006253
-0.0050371
0.0052522
-0.0095759
-0.006132
0.003386
0.0045154
-0.0072268
-0.0076475
0.00398
0.0081967
-0.0001359
-0.0019597
0.0045876
-0.0091067
0.003264
0.0029877
0.0072888
-0.0018781
0.0047916
-0.0010729
-0.0017565
-0.000189
0.0017114
-0.0061574
-0.0013318
0.0052497
0.0022043
-0.0098731
0.0033531
-0.0091391
-0.0052949
0.0095535
-0.0005118
-0.0062889
-0.0097087
0.0005618
0.009536
-0.0015037
0.0072739
0.0070103
0.0074694
-0.0068858
-0.0086864
-0.0028273
4.72e-5
-0.0097003
-0.0071991
-0.004488
0.007364
-0.0037008
0.0039436
-0.00454
-0.0007001
0.0067933
-0.0005581
-0.0066189
-0.0072423
-0.0087677
-0.0011186
0.0065685
0.0046415
-0.0034445
0.0052149
-0.0014835
0.0012432
-0.0056528
0.0033861
0.0075163
0.0034913
0.0010653
0.0041035
-0.0047099
-0.0053587
-0.0073201
0.0084455
0.0052248
0.0082721
-0.0016988
0.0033301
0.0006054
0.0036688
-0.0048087
-0.0055948
0.0044988
0.0087359
0.003836
-0.0028037
0.0004269
-0.0008201
0.0008052
-0.0042463
-0.0025104
0.0067033
-0.0015678
0.0048681
-0.0093292
0.0001764
0.0026862
0.0046093
-0.0088869
0.00657
-0.006263
0.001679
-0.0028931
0.0005458
0.0047689
-0.0004388
-0.0040809
-0.0039637
0.001198
-0.0039535
0.0043657
0.008181
0.0005606
0.0076595
-0.0025529
0.0023411
-0.0042738
-0.002125
-0.0084592
3.92e-5
-0.0022615
-0.0099937
0.0089129
-0.0098048
0.0073279
0.0064055
0.0063648
0.0030902
0.0066473
-0.0092279
0.0035847
-0.0059952
0.003727
-0.0059741
0.0075283
0.0009642
0.0063069
0.0020299
0.0084867
-0.0050277
-0.0079628
-0.0066008
-0.0071781
-0.0087619
0.0077869
0.0029899
-0.0001682
-0.0071563
0.0012377
0.0098581
0.0084088
-0.0051247
-0.0078482
-0.002207
0.0076593
-0.0077137
0.0084026
0.0052364
0.0045608
0.007029
-0.0066699
-0.0017876
-0.0037667
0.0065384
-0.0010021
-0.0093321
0.0005467
-0.0017688
-4.03e-5
-0.0061828
-0.0040609
0.0026954
