0.0058224
0.0088379
0.0002934
0.0052627
-0.0093719
0.0081462
0.0025918
8.74e-5
0.002416
0.00793
0.0046801
0.0066058
0.0072056
-0.0081601
0.0025053
0.0086394
0.0004364
0.0035807
0.0044431
-0.0034167
-0.0037801
-0.0029732
0.0065079
0.0036884
-0.0029123
0.0023585
0.0004194
0.0011895
0.0076231
0.0094607
-0.0064033
0.0088867
-0.0023511
0.0017005
0.0093906
0.0046775
0.0094985
-0.0007089
0.0092779
-0.0050519
-0.0071327
0.0047992
-0.0090961
-0.0004921
0.0009657
0.0042673
-0.0061507
0.0022947
-0.0032784
-0.0001464
-0.0056756
-0.0027124
-0.0065692
0.0001826
-0.0002289
0.0084578
-0.0033046
0.0014524
-0.0068764
-0.0097132
0.0067988
0.0087826
-0.0070803
-0.0046896
-0.0093796
0.0061859
-0.0024764
-0.0056556
-0.0057
0.0099218
0.0073224
0.0028827
-0.0061786
-0.0003421
-0.0074991
0.0077501
0.0045131
0.0013376
-0.0034702
-0.0029437
-0.0077231
-0.0042499
0.0023344
0.0069172
0.0001632
-0.0001187
-0.0045291
0.0092171
0.0092268
-0.0099917
-0.0090678
0.0061148
-0.0027018
-0.0023727
-0.0080728
-0.0029738
-0.0010143
-0.0024584
0.0008649
0.0065167
0.0016249
0.0022521
-0.0035927
0.0091796
-0.0060094
-0.0016105
-0.0098132
0.0033559
0.0077487
-0.0026431
-0.0075425
0.0061753
-0.0005625
-0.0022033
-0.0054719
0.0029267
0.00189
-0.0068427
-0.0077886
0.0033603
-0.0060743
-0.0015785
-0.0092433
-0.0082704
0.0033998
-0.0023679
-0.0023323
-0.0066808
0.0023658
0.0059072
0.0071278
0.0002869
-0.0021472
0.0005779
-0.0015326
-0.0059765
-0.0010591
-0.0071651
-0.0085619
-0.0099483
0.0016202
0.0003416
0.0067063
0.0004761
-0.0012148
-0.0073486
0.0048726
-0.0074133
0.007159
-0.0094232
0.0099722
0.0094919
-0.0022969
-0.0035125
-0.0037564
0.0052893
0.0078668
-0.0011313
-0.008086
-0.0084002
-0.0022648
-0.0044254
0.0084116
-0.0032811
0.007391
-0.0016186
-0.0030038
-0.0048958
0.0001636
0.0025079
-0.0082875
0.0028604
0.0052039
-0.0049305
0.0074396
-0.004638
0.00736
0.0089058
-0.0036361
0.0060165
0.0031925
-0.0032776
-0.0034799
-0.0080614
-0.0040714
0.0019899
-0.0004417
-0.0032976
-0.0092951
0.0024746
-0.0061761
-0.0017679
-0.0090562
0.0008829
0.0073264
0.0092788
-0.0035059
-0.0049934
0.0037983
0.0062582
-0.0059444
0.0067856
-0.0087632
-0.0036546
-0.0093567
-0.0090572
0.00907
0.0056051
-0.0043083
-0.0095611
0.0005391
0.0078104
-0.005694
-0.0031962
-0.0020288
0.0075148
-0.0098332
-0.0041785
-0.0026407
0.001826
0.0006608
0.0067255
-0.0018183
0.0065817
0.0067832
0.0001771
-0.0072306
-0.0007091
-0.0002521
0.0039462
-0.0020491
-0.007275
0.0027396
0.0076501
-0.0074986
-0.0078378
0.0044025
0.0026906
-0.0031624
0.0046158
0.0052
0.0075632
-0.0036633
1.16e-5
0.0014747
0.0061449
-0.0009351
0.007239
-0.0098146
-0.0030698
-0.0084887
-0.002874
-0.0081038
-0.0027057
0.0099866
-0.0084739
0.0002597
0.0004628
0.0083803
-0.0097177
-0.0092636
0.0078608
-0.0084092
0.009061
0.0074415
-0.0075623
0.0013158
-0.0025514
0.0023393
-0.0026051
-0.0040749
-0.0071223
0.0010797
0.00468
-0.0045224
0.0084715
-0.0056257
-0.0052368
-0.00722
0.0025669
0.0071059
-0.0039089
-0.0073989
-0.0033164
0.0034541
0.0050244
0.0036969
0.0047713
0.0064707
-0.0053871
-0.0038765
0.005051
-0.0086897
-0.0095223
-0.0056853
0.0088106
0.006992
0.0093683
-0.0005711
-0.0020401
-0.0050309
-0.0014647
-0.002989
0.0032975
0.0086783
0.0035305
0.0015219
-0.0023704
0.0070238
0.009064
0.0019864
0.0076894
0.0065197
0.0016442
0.0040267
0.0036514
-0.0016511
-0.0040269
0.0045728
0.0092219
0.0017453
-0.0031111
0.0037772
-0.0079768
0.0004947
0.005077
-0.0079117
-0.0028653
-0.0017811
0.004113
0.0013954
-0.0035187
-0.0002603
-0.0052739
-0.0001538
-0.0063194
-0.0084748
0.0028202
-0.0021134
0.0018113
-0.0062164
-0.0077952
-0.0083259
0.0093305
-0.0041657
-0.0041537
0.009013
-0.004706
-0.0071919
-0.008137
-0.0051849
0.0009007
-0.0055422
-0.0083349
0.0092433
0.0013613
0.0085493
0.0015997
0.0030397
-0.0086541
-0.0069131
0.0070917
0.0014451
0.0035989
-0.0071717
0.0028917
0.0035455
-0.0033257
0.0020424
-0.0076378
-0.0056775
-0.0015941
0.0040901
-0.0045228
-0.0032157
-0.0013517
-0.0047167
-0.0033093
0.0019162
0.0036526
-0.0041474
0.0023257
0.0082148
0.0033732
-0.0002505
-0.0014858
-0.0013546
0.008605
-0.0099014
-0.0012172
-0.0078184
-0.0040176
0.0048838
-0.0048515
0.0022143
-3.54e-5
0.009265
0.005523
-0.0059633
0.0024555
0.0038373
-0.0036813
0.0035925
-0.0008528
0.0078223
0.0066253
-0.0075065
-0.0027296
-0.0073578
-0.0095985
-0.0043999
-0.0016084
0.0033456
-0.0046637
0.0077679
0.00472
-0.0050875
-0.0020324
0.007083
0.0007266
-0.0001025
0.0003195
0.0096238
0.0071609
0.0074317
-0.0048297
-0.0015888
-0.0011841
0.008914
-0.0011223
-0.004243
-0.0002646
0.0073972
0.0084923
-0.0071293
-0.0008788
0.0009876
0.0018559
0.0067209
-0.0058526
-0.0059432
0.0021832
-0.0069499
0.0092359
-0.0050298
0.0078774
-0.0011002
5.39e-5
-0.0059025
-0.0064359
0.0052326
-0.0019518
-0.0041891
0.0020774
0.0084208
-0.009048
0.0004313
-0.0015582
-0.0012081
0.0077431
-0.0064892
0.0015309
-0.0026022
0.0059145
0.0009052
-0.0067344
-0.0058322
-0.0017449
0.0010161
0.0016938
0.0013045
-0.0046379
0.0070122
0.0056052
-0.0044871
0.0032195
0.0021929
-0.0062517
0.0012986
0.0034361
-0.0052585
-0.0071351
0.002083
-0.0015393
-0.0074755
-0.0093964
-0.0035894
0.0003675
0.0077352
0.0053534
-0.0094296
-0.0040228
-0.0036799
0.0015205
0.0045412
