0.0022239
-0.0037446
0.0039805
0.0027399
-0.0047677
-0.0069729
0.0027768
-0.0009872
-0.0049096
-0.0033146
0.0030597
0.0017633
0.0009409
-0.003314
-0.0063439
0.0078539
0.0079501
-0.0064555
-0.0046779
0.0051997
-0.0059301
0.0048697
-0.0063428
-0.0017588
0.0028871
0.0089141
-0.0021703
-0.0088179
0.0086993
-0.0046439
-0.0045591
0.0005098
-0.0045694
-0.009947
-0.0006669
-0.009825
-0.003556
-0.0094605
0.0089517
-2.62e-5
-0.007735
-0.0063366
-0.0026458
0.0084848
-0.0066942
-2.78e-5
-0.000544
0.0035021
0.0053517
-0.0024265
0.0085928
-0.0082035
0.0024739
-0.0029109
-0.001579
-0.0079098
-4.24e-5
0.0047206
-0.003535
0.000392
-0.0072273
0.0081499
-0.0037818
0.0086742
-0.0038268
-0.0053333
-0.005476
-0.0001874
0.0010273
0.0044086
0.0050552
-0.0049308
-0.0038275
0.0018039
-0.0057431
0.0014876
0.0077222
-0.0011675
0.0086019
-0.0015573
0.0078527
-0.0078098
0.0024002
0.0005245
-0.0051767
0.0090518
-0.0046234
-0.0089417
-0.0025832
-0.007414
-0.0031825
-0.0066642
-0.0017228
-0.0098451
0.0020777
0.0081746
0.007577
0.0042702
-0.0063897
-0.0009327
0.0059923
0.0037409
-0.0068011
-0.002853
-0.0078049
-0.0060755
-0.0021558
0.004793
0.0023043
-0.0084201
-0.0074974
-0.0085887
-0.0057818
-0.0035232
-0.0086203
-0.002068
0.0092089
-0.005217
0.007348
-0.0055504
-0.0077274
0.0061995
0.0001233
-0.0013265
0.0051072
7.6e-5
0.0052665
0.0032031
0.0076201
-0.005997
-0.0089047
0.006711
0.0084037
-0.0053687
0.0016201
-0.0016054
-0.0094668
0.0049005
-0.0082433
0.0098817
-0.0024638
0.0069887
-0.0020047
-0.0080029
-0.0048016
0.0003283
0.0033518
0.0078392
-0.0050498
-0.0035388
-0.0026054
-0.0023161
0.0038491
-0.0049896
-0.0010935
0.006373
-0.0039839
-0.0014314
0.0065503
0.0043612
0.0084949
-0.0010182
-0.0036402
0.0089067
-0.0057615
-0.0020399
0.0093389
7.65e-5
0.0082371
-0.0007783
-0.003645
-0.0095724
-0.0089541
-0.0038588
0.0069621
0.0074644
-0.0099991
0.0083718
0.0006702
0.0049265
0.0034889
-0.0036908
0.0052942
0.0068816
-0.005965
-0.0002322
-6.27e-5
-0.0046803
0.0052517
-0.0068228
-0.0028511
0.0094657
-0.0071769
-0.0057557
0.009435
0.0014171
0.0064866
-0.0094592
-0.0050141
-0.0087594
0.0017917
-0.0030901
-0.0058709
0.0089441
-0.0016966
-0.0054939
0.0083654
0.0033938
0.0018711
-0.0047923
-0.0006549
-0.0096918
0.0030298
0.0091497
0.0048025
-0.0007369
-0.0016188
-0.0046597
0.0078065
0.0059616
0.0009736
0.0095047
0.0004776
0.00451
0.0035231
0.0090395
-0.0089222
-0.0056856
-0.0052585
-0.0001089
-0.0031617
-0.0065531
-0.0052437
-0.0031649
0.0030554
-0.0034794
-0.008196
-0.0085202
0.0039945
-0.0018806
-0.0056228
0.0013715
0.0058421
-0.0039661
-0.0063567
-0.0066575
0.0041594
-0.0022138
0.0087221
0.0068836
0.0057326
-0.0039162
-0.0029683
-0.0069753
0.0045789
-0.0039927
0.0054882
-0.0063547
-0.0056146
-0.001532
-0.0029443
-0.0010428
0.0077093
-0.0007004
-0.0034144
0.0099234
-0.0042342
-0.0015929
-0.0085685
0.0034418
0.007809
-0.0048348
-0.0070823
-0.0029094
-0.0069945
-0.0098325
0.0026502
0.0062753
-0.0019936
0.0087277
-0.0012304
0.0021087
0.0040198
0.0005187
0.0080054
0.0006393
-0.0063608
0.0097408
-0.001624
-0.0021211
-0.0034537
0.0049669
-0.0077538
-0.008664
0.0095695
-0.0069839
0.0077633
0.0033108
0.0006448
-0.006838
-0.0001273
0.0047472
-0.0079869
-0.0036235
0.0047827
0.0064296
0.0046105
0.0043213
0.000359
0.0092035
-0.007942
-0.0084797
-0.0046185
-0.0016985
-0.0060928
-0.0090464
0.0069617
0.0050262
-0.0059841
-0.0055304
-0.0055926
0.0076162
0.0049505
0.0034558
-5.56e-5
0.001999
3.75e-5
-0.0058712
0.0013088
0.0087601
0.0080668
-0.0029493
0.0080809
-0.0016712
-0.0074473
-0.0018914
0.0093739
0.0024267
-0.0041126
-0.007506
0.0072121
0.0082127
0.0098317
0.0060094
0.0018728
0.0035785
0.0058191
-0.0045317
-0.0033258
-0.0078624
-0.0049423
0.0037133
-0.0067276
0.0044776
0.000121
0.0029238
-0.0049954
8.8e-6
0.0052053
-0.0056981
0.0093847
0.0078823
-0.0047016
0.0097178
0.0015133
-0.0073609
-0.0018031
-0.0012808
0.0004827
-0.0037754
0.0023148
-0.0051347
-0.0016501
0.0056239
0.0014739
0.0091702
0.0039889
0.0083146
-0.0090821
0.0072894
-0.0058987
0.0049109
0.0053115
-0.0028512
0.0046402
0.0087492
-0.0003301
-0.0057337
-0.0096568
0.0070713
-0.0056646
-0.0057923
0.0053492
0.0036093
-0.0045153
-0.00731
-0.0063261
0.0044991
-0.0037756
0.0080434
-0.0049918
0.00622
0.0085515
0.0012676
0.0038186
0.0091535
-0.0055988
-0.007449
-0.006675
-0.0054092
0.003791
0.0036768
0.0051831
-0.00411
-0.0077669
-0.0045914
-0.0087376
0.0084628
-0.002194
0.0025495
0.0091554
0.0044825
0.0079555
0.0012094
-0.0001093
0.0093084
-0.0005168
0.0093453
-0.0075816
-0.0016275
0.0067049
-0.0010832
0.0044994
-0.003733
0.0036131
0.0089024
-0.006189
-0.0044428
-0.0009656
-0.0037418
0.0019745
0.0091267
0.002477
-0.0013511
0.0007038
0.0046674
-0.0080387
0.0076979
-0.003037
-0.0082411
0.0034274
-0.0043539
-0.0066649
0.0006464
0.0033306
-0.0089639
-0.0099723
0.005114
-0.0082258
-0.0050814
0.0091727
0.0059055
0.002724
-0.0020576
-0.0051707
-0.0097121
-0.0009338
0.0017832
0.00167
0.0087977
0.0095982
0.0007318
0.0010182
5.98e-5
-0.0046946
0.0021303
-0.0024328
-0.006307
0.0014704
0.0097907
-0.009191
-0.0027938
-0.0007576
0.0072856
-0.0055053
0.0058472
-0.0086468
0.007714
-0.0078733
-0.0096877
-0.0023886
0.0031092
0.0047787
0.0041994
-0.0021087
