-0.0001478
-0.0071848
-0.0030209
0.0033679
-0.0051834
-0.0049704
0.0084069
0.0048472
-0.0064594
0.0031008
0.0016563
-0.0057753
-0.0079319
-0.0018664
-0.0016731
-0.0011002
0.0061277
0.0069549
0.0071765
0.0027178
0.0053811
-0.0099474
-0.0014367
-0.0015501
0.0095359
0.0088176
-0.0082199
0.0049367
-0.0078029
0.0063754
0.0043081
0.0059233
0.0049095
-0.0001867
-0.006353
0.0001052
0.0015195
0.0011944
-0.0075567
0.0055541
-0.0060812
-0.0072113
0.0069851
-0.0055237
-0.003288
0.0071616
0.0031538
-0.0022396
-0.0017284
-0.0065379
0.0049812
0.008813
-0.0038764
-0.0062652
-0.0039626
-0.0014785
0.0093876
0.0069277
-0.0088154
0.0099933
0.0030595
-0.0038758
0.0027998
0.0004636
0.0037205
-0.004801
-0.0018588
0.0013839
-0.0067109
0.0064195
0.0053765
-0.0068172
0.0053474
-0.0026864
0.0082956
0.0055657
0.0042828
0.0011633
0.0033452
-0.0004967
0.0051941
0.006309
0.0024167
-0.006313
0.0003823
0.0022256
-0.009714
-0.000784
-0.0075267
3.07e-5
0.0026282
-0.0052706
0.0065142
0.0050548
-0.0041329
0.0053216
-0.0027451
0.0090786
-0.006264
-0.0061836
-0.0078156
0.005649
0.0073062
-0.0024147
-0.0049767
-0.0050972
0.0029263
0.0081696
0.000962
0.000656
-0.0007476
-0.0069048
-0.0019155
-0.0070559
-0.0042205
0.0048773
0.000713
0.000171
0.000894
-0.0096393
-0.0047981
0.003237
-0.0018902
-0.0081318
0.0073932
0.0031214
-0.0049266
0.0004396
-5.58e-5
0.0082035
0.0086618
-0.0029707
0.0053696
0.0020618
-0.0066289
0.0073534
-0.0097654
-0.001812
0.002118
0.0074075
-0.0048406
-0.003655
0.0052545
0.0099207
-0.0050639
0.0018024
-0.0001256
-0.0093185
0.0033778
-0.0010567
-0.0024867
0.0071868
0.0036561
0.0091062
-0.0089293
-0.0048996
0.0072126
-0.0041142
0.0073149
0.0043854
-0.0042832
0.0094099
0.0021569
-0.0092515
0.0065337
-0.0009363
0.0063407
-0.0003476
0.0010349
-0.009165
-0.0004208
0.0046296
0.0089382
-0.0024139
0.00977
0.0073897
0.0035358
-0.0067402
0.0056178
0.0036363
-0.0092083
0.0062134
-0.004077
-0.0001815
0.0039325
-0.0021548
-0.0045271
-0.0041559
0.0025236
0.0014193
0.0007437
0.0054778
-0.0020794
0.0042619
0.0058619
0.0074872
0.0002632
0.0078703
-0.0084003
-0.0083829
-0.0053813
-0.0015673
-0.0033112
0.0003262
0.0093037
-0.0069229
-0.0018128
0.00157
0.0067755
0.0026658
-0.0044364
0.0072808
0.0007287
-0.0057388
-0.0037632
0.0067873
0.0068434
0.0008086
0.0092051
0.0071056
-0.00297
-0.0061482
0.0006099
0.0096764
-0.0086502
-0.0056017
-0.002081
0.0068564
-0.0019198
0.0042526
-0.0073008
-0.0073058
-0.0067553
0.0097074
0.0058794
-0.0020053
0.0056594
0.0077759
0.0084845
0.0077697
0.0076349
-0.0069347
0.0004224
0.0034706
-0.005315
0.0011003
0.0009773
0.0006619
0.0022691
-0.0080119
0.0024103
-0.009333
-0.0076547
-0.0024064
0.005266
0.0096625
0.0059684
-0.0029724
0.0021393
-0.0025824
0.006883
0.0019451
-0.0024295
-0.0050811
0.0078823
-0.0088593
-0.0045442
-0.0062567
-0.0053238
0.0010889
0.0054306
0.0001208
0.0076393
0.0033918
0.008847
-0.0033568
-0.0006612
0.0022539
-0.0014192
-0.000392
-0.0038926
0.0049714
-0.0051417
-0.0057755
-0.005006
-0.0038817
0.0019521
0.0011337
0.0089845
0.003197
0.0088768
0.0046094
0.0008689
0.0016031
-0.0073393
0.0044051
0.000849
0.0017881
0.0042049
-3.39e-5
-0.0066992
0.0074821
0.0079033
0.0049852
0.0092496
0.0090068
0.0088699
0.0095469
0.0025429
0.0060556
0.003269
-0.0078106
0.000866
-0.0073775
-0.0031043
-0.0055371
0.0067327
0.0068455
0.0042576
0.000323
0.0090133
0.00098
0.0030426
-0.0086972
-0.0014658
-0.0046983
-0.0086954
0.0068613
-0.0008222
0.0042745
-0.0021551
-0.0007481
-0.0092992
-0.0002242
-0.0020449
0.0084903
-0.0064929
-0.0056003
-1.65e-5
0.0082109
-0.0055996
0.00147
0.0077779
-0.0042902
0.0081973
0.0023689
-0.0005516
0.0001369
0.0090606
-0.0065488
0.005401
-0.0050357
-0.0028243
-0.0014343
0.0028255
0.0070686
0.0018794
0.0078458
0.0078626
-0.0061851
0.0014908
-0.0054428
0.0017243
0.0065953
0.0019133
0.0064718
0.0020105
-0.0036172
-0.0082661
0.0055495
-0.0097779
-0.0084488
0.006834
-0.0011253
-0.0074974
-0.0075015
-0.0005754
-0.0066792
0.0019878
-0.0051943
0.00112
0.0038733
0.0008509
0.0054825
0.0098862
-0.0055751
-0.0090938
-0.0016656
0.0019257
0.0029207
-0.0004898
0.0099759
-0.0093945
-0.0002178
-0.0061395
-0.0032083
0.0027929
-0.0041995
0.0025372
0.0032725
0.005048
-0.002285
0.0038347
-0.0015702
-0.0060259
0.0028237
-0.0068318
-0.0060692
-0.0015039
0.0076358
0.0094499
-0.0030024
0.0069817
0.0039964
0.0081358
-0.0083412
0.0082765
-0.000488
-0.0044452
0.0057616
-0.0067908
0.001786
0.0041839
-0.0007152
0.0026532
0.0018974
-0.006311
0.0016254
-0.0027749
0.0056395
-0.0043084
0.0055789
0.0060349
-0.0013768
0.0057599
0.0014673
-0.0017998
0.0039618
0.0085469
0.0036367
0.0082223
-0.0094786
0.0073483
0.0078172
0.0078162
-0.0007906
0.0032637
0.0049792
-0.0065145
-0.0047008
0.0094394
0.0023154
0.0039021
-0.0062042
-0.0085119
-0.0044004
0.0076395
0.0058589
0.0058297
-0.0026504
0.0092595
-0.0044774
0.0016377
-0.0004162
0.0055012
0.0056588
-0.0032912
0.0092828
-0.0099549
-0.0056308
-0.0005603
0.0084652
0.0065634
-0.0062013
0.0064148
0.0036992
0.0032928
4.01e-5
-0.0013374
-0.0098903
0.007874
-0.0090124
-0.0075285
-0.0063255
0.0092248
0.0034988
0.006838
0.0027939
-0.0074651
0.0038503
0.0090367
-0.0030349
0.0042344
0.0087959
-5.5e-6
