-0.0005821
-0.0053856
-0.0045538
0.006111
0.0008491
0.0013274
-0.0019674
0.0007577
-0.0096768
-0.0098315
0.0061593
0.0035798
0.0098275
-0.008863
0.0087487
0.0036803
0.0098593
0.0065982
0.0032421
-0.0049726
-3.71e-5
-0.0058008
-0.0018601
-0.0059009
0.0014453
-0.005274
0.0066782
-0.0008484
0.0015329
-0.0005695
0.0016097
-0.0026943
0.0071701
0.0048409
-0.0023775
-0.0089179
-0.0072072
-0.0018485
0.0069007
0.005631
0.009622
-0.009521
-0.0058464
-0.0055376
0.0091998
0.003425
0.0046695
-0.0086687
0.0080595
0.0071464
-0.0048624
-0.004024
-0.0030925
-0.0036725
-0.0003955
0.0076387
-0.0039376
-0.0043473
0.0068942
0.0085836
0.0006544
-0.0012591
-0.0080265
0.0057456
-0.0027107
-0.0015962
0.0025765
0.0087216
0.0032992
0.003179
0.0077951
-0.0066551
-0.0072797
0.0016539
0.0086127
0.001513
0.0046094
-0.001883
-0.0041804
0.00473
0.0045597
-0.0038884
-0.0045436
0.0035089
0.0010115
-0.0029049
0.0012165
-0.0072607
-0.0016115
-0.0048327
0.0010979
0.0063594
0.0011489
0.0012624
-0.008323
-0.0017704
0.0094908
-0.0087939
0.0099846
0.0040695
-0.0098452
0.003259
-0.0002377
0.003368
0.0034949
0.0012479
0.0080439
-0.0009249
-0.0079374
0.0040279
-0.0028737
0.0035255
0.0041991
-0.0059053
0.0054248
-0.0036722
-0.0032033
0.0005759
-0.001205
-0.0037559
-0.0054339
-0.0078342
-0.0053288
-0.0022079
-0.0095127
0.0017835
-0.0091495
-0.0055573
-0.0091686
-0.0029752
0.0020833
0.0050745
-0.0074622
0.0077906
-0.0042866
0.0016502
-0.0071718
-0.0022752
0.0029931
0.0084108
0.0098308
-0.0089182
0.0012363
0.0008363
0.0052042
0.0006507
-0.0047301
-0.0089057
-0.005378
-0.0037687
0.0064377
0.0015561
0.001642
0.0096693
0.0056006
-0.0016325
0.0029099
-0.0030907
-0.004581
-0.0088756
-0.0049572
-0.0082654
0.0029733
0.0089002
-0.0026775
-0.0010381
0.0007905
-0.0070685
0.0094958
-0.000677
0.0098426
0.0074416
-0.0060584
-0.0028251
0.0091032
0.0022731
0.009284
0.0092858
0.0095857
0.0099447
-0.0010686
0.000813
0.0009483
0.0018634
0.006
0.0079349
0.0048409
-0.0076781
0.0076594
-0.0089864
0.0038986
-0.0057102
-0.0054583
-0.0022899
0.0074842
0.0035249
0.0004188
-0.0004902
-0.00874
0.0084699
-0.0067174
0.0092365
-0.0028124
0.0008398
0.0038978
0.0017799
-0.0060122
0.0095343
0.0049798
-0.0084068
-0.0005905
-0.0064713
-0.0060782
0.0027833
0.0089711
0.0076496
-0.0043026
0.0044839
0.0065944
-0.0084053
-0.0010403
-0.0012238
-0.0030409
0.0050859
0.0058422
-0.0073477
0.0033163
-0.0069441
-0.0083381
-0.0017649
0.0014658
-0.0004938
-0.0004057
0.0049766
-0.004223
-0.0006193
0.0087953
-0.0033102
0.0078486
-0.0054727
0.0029845
0.0083354
0.0053724
-0.0067418
-0.0092155
-0.0081397
0.0023024
-0.0010373
0.0003293
-0.0067153
-0.0099371
0.002922
-0.0090273
0.0067808
-0.0059632
0.0078415
-0.0060448
-0.0049397
0.0086737
-0.0040176
-0.0067933
-0.008783
0.0090862
-0.0075398
0.0092607
0.0080937
0.0032963
-0.0061688
0.008043
-5.81e-5
0.0089291
-0.0069355
-0.0021926
-0.0045752
-0.0043457
0.0036432
0.0013892
-0.0003689
-0.0050559
0.0016755
0.0048879
0.0090488
-0.0026566
-0.0033209
-0.0074001
-0.0040037
-0.0027685
-0.0018772
0.0059116
-0.0081158
0.0012266
-0.0018692
-0.0066346
-0.0071747
-0.0015056
-0.0072354
0.0065904
0.0065388
-0.0020196
-0.0047458
-0.00303
-0.0067789
0.0093657
-0.0041732
0.0055945
0.0032913
0.0076902
0.0084095
0.0051829
-0.0024199
-0.0084223
0.0061888
0.006054
-0.0020972
0.0014219
-0.0070122
0.0045581
-0.0050374
0.0049885
-0.0013251
0.0043127
0.0004585
-0.0051439
0.0062195
-0.0043902
0.0014871
0.0075645
-0.0058502
-0.0002838
0.0056149
-0.0061374
0.0091538
-0.0092575
0.0095585
-0.0031932
0.0018725
-0.0047037
0.0041052
0.0013993
-0.0037266
0.0033232
0.0053719
-0.006051
0.0003736
-0.0060406
0.0083521
0.000888
-0.0003972
0.0085388
0.0093176
-0.0096516
0.0082948
-0.0031054
-0.0064731
-0.0010281
0.0050417
0.0062571
-0.0053342
-0.0090148
-0.0041107
0.0047691
0.001811
-0.008316
0.0071233
-0.0073273
0.0009717
0.005752
0.0054764
-0.0065413
0.0080439
-0.0099275
0.0063014
0.00172
0.0014453
-0.0088096
-0.0035248
-0.0078602
-0.0073573
0.0060118
-0.0089978
-0.004365
-0.0026591
0.0012247
-0.0098869
-0.0041069
-0.0022403
-0.0080025
0.0056084
0.0035485
-0.0047473
0.0024304
0.0021896
0.0029178
-0.0024969
-0.0064257
0.0090301
-0.0083478
-0.0058248
-0.0027948
-0.0087988
0.0035798
-0.0086183
-0.006781
-0.0057087
0.0079306
0.0006574
0.0090813
0.0063692
-0.00747
0.0020614
-0.0074733
-0.0007666
0.005823
0.009336
-0.0011615
0.0083534
-0.0092681
0.003359
0.0042627
-0.005441
0.0040976
-0.0086677
-0.0095671
0.0012309
-0.0044749
0.0083033
-0.0027795
-0.0095394
0.0019519
0.0032066
-0.0063672
0.0066859
0.0063558
0.0063926
0.0037304
0.0050412
0.0090109
-0.0053218
0.0091814
0.0027209
-0.0062197
0.0066773
0.008286
-0.0020487
0.0061605
0.0057884
0.0072095
-0.0027008
-0.0075482
0.0028429
-0.0076
-0.0068138
-0.0059428
-0.0086248
-0.0073296
0.0003126
0.0041421
0.0069779
0.0061235
0.0024561
0.0085822
0.0092909
0.0068882
0.0085617
-0.0005661
-0.0040723
-0.0065812
0.0022109
-0.0060002
-0.0022743
-0.0054224
-0.0076103
0.0016077
0.003588
-0.0003317
0.0094913
-0.0051907
0.0041769
0.0074385
-0.0031248
-0.0078675
0.0093454
-0.0030854
0.0022942
0.0014109
-0.0078218
-0.0088777
-0.0011121
0.0076419
0.0006824
0.0077557
0.0088094
0.007314
0.0074559
-0.0038859
