0.0008488
-0.0064992
0.0003338
-0.0041088
-0.0073683
-0.0062985
-0.0076784
-0.0011817
0.0012589
0.0040634
0.0044848
-0.0049465
0.0086972
-0.0012691
0.0043366
0.0052061
0.0014031
-0.0077124
-0.0028057
-0.0035231
0.0003953
-0.0035507
0.0026871
-0.0068604
0.0054539
-0.0050768
-0.0047491
0.0063164
0.001386
-0.0043255
-0.0084138
-0.0036957
-0.0063814
0.0027445
0.0014703
0.0050242
0.0078066
-1.84e-5
-0.0056942
0.0063365
-0.0035594
-0.0023247
-0.0009863
0.0013929
0.0075559
-0.0038151
-0.0032191
-0.0030965
-0.0027155
-0.0044724
-0.0017623
-0.009733
0.0017267
0.0040841
-0.0096904
0.0042194
-0.004164
-0.00451
0.0022978
0.0076815
-0.0098348
-0.0058297
-0.0001798
-0.002179
-0.0018026
0.0058122
-0.0029269
-0.0075533
0.0060478
0.0065695
0.0031466
-0.0040245
-0.0015105
-0.0075899
-0.0061297
-0.0059665
-0.0007728
0.0074518
-0.0085917
0.0042843
-0.0006566
-0.0067276
-0.0075886
-0.0095949
-0.002913
-0.0051917
-0.002559
-0.0056522
-0.0036314
-0.0047953
-0.0053132
-0.0046026
0.004807
0.0028673
0.0099021
-0.0081104
0.0076883
-0.0015961
0.0030281
0.0075479
-0.0081475
-0.0066396
0.0059153
0.0062532
-0.0037466
-0.0008815
0.0026006
-0.0050574
0.0023566
-0.0005402
0.0092134
-0.0046931
0.0026064
0.0046963
-0.007833
0.0072851
-0.0076876
-0.006708
0.0018198
0.0042521
-0.0073397
0.0036486
-0.0064652
-0.009723
0.0035931
-0.0067167
0.0072998
-0.0040209
0.0072674
-0.004671
-0.0096184
0.0089611
-0.008555
0.0088575
-0.0088831
0.0029339
-0.0062493
0.0025874
0.0057727
0.0091173
0.009238
-0.0013746
-0.0078025
-0.0041947
0.0010005
-0.0006876
-0.0027092
-0.0008149
0.0012033
0.0017704
0.0021704
0.0058298
0.005541
-0.0003331
0.0014755
-0.0067059
0.0082412
0.0008946
-0.0066791
-0.0099656
-0.006475
-0.0057076
-0.0098943
-0.000346
0.0033957
-0.0081383
-0.0039214
0.0035318
-0.0007001
0.0071686
0.0017081
0.0064508
-0.007483
0.0056999
-0.0012286
0.0085453
0.0054
0.0012337
0.0005144
0.0040991
0.0046677
0.006237
-0.0029044
-0.0067002
-0.0057819
0.0090204
0.0044578
0.0009108
0.0049781
-0.0018831
0.0062611
-0.006317
0.0092496
0.0077039
0.0077416
-0.0081327
0.0096719
-0.0059371
0.006349
-0.0036528
0.0021115
-0.0021792
0.0023762
0.0039951
0.0082606
0.0020009
-0.0081347
-0.0073137
-0.0094384
0.0074382
0.0002839
0.0052521
-0.0043219
-0.0097426
-0.0001494
0.0063842
0.0052621
-0.0075556
-0.0046226
-0.0047296
0.0026444
0.0031984
0.0075971
0.0058775
0.001487
0.0046911
-0.0001257
-0.0055369
0.0024744
0.0085892
0.0032185
0.0083612
-0.0064709
0.0016032
0.0009546
0.0033267
0.0042835
-0.0004763
0.0003025
0.0050949
0.0065642
0.0074215
-0.0030933
-0.0070907
0.0074038
-0.002983
0.0009298
0.0026824
-0.0067942
-0.0089664
0.0096519
-0.008202
-0.0045642
0.0014779
0.0009369
0.0004951
0.0086592
0.0027114
-0.0041705
-0.0009236
0.0029358
-0.0095329
0.0045597
-0.0016044
-0.006611
0.0007167
5.79e-5
0.0052238
-0.0037395
-0.0097891
0.0026358
0.0009969
0.0031749
-0.0010216
-0.0055768
0.0062254
-0.009434
-0.0052276
-0.0010797
-0.0035781
-0.009415
0.0019811
-0.0030223
-0.0086498
-0.00815
0.0017396
0.0040414
0.0050671
-0.0075612
-0.0004956
0.0033046
0.0068945
0.0041797
-0.0063386
0.0025739
-0.0085399
-0.0059473
-0.0084431
-0.0098464
0.0072503
0.0055722
-0.0054718
-0.0032826
-0.00277
0.0096958
0.0077628
-0.0099764
-0.0077997
0.0063763
0.0072268
0.0010478
-0.0045015
0.0019268
-0.0026623
0.0002516
-0.0092539
0.0095622
-0.0016023
-0.0040018
0.0035453
-0.0064693
0.0054953
-0.0032174
-0.0099607
-0.0092083
-0.0065145
0.0072529
0.0021112
-0.0014896
-0.008583
-0.0007569
-0.0093121
0.0008324
-0.008454
-0.005829
0.0016328
0.0075438
-0.0081298
0.0033412
-0.0094139
0.0063548
-0.0021124
-0.0041676
0.0092646
-0.0032255
-0.0095777
0.0080955
0.0008142
0.009453
0.0004805
-0.0039861
-0.0034856
0.0040471
-0.0098863
-0.0091305
-0.0025819
-0.0090705
0.0044784
0.0057656
-0.0046345
0.0099405
-0.0044626
0.008865
0.0080306
0.0084598
-0.0027616
-0.0081545
-0.0041418
0.0093346
0.0099997
0.0059964
-0.0052172
-0.0075738
0.0074945
0.0020691
0.0041747
-0.001514
-0.0069771
-0.0095356
-0.0045605
0.0069739
0.0022055
0.0066424
-0.0037959
0.0003521
-0.0027777
-0.0042599
0.0014999
-0.0097313
-0.0081258
0.0056921
0.0034247
0.0022176
0.0035652
0.0096625
0.0095574
-6.49e-5
-0.0041837
-0.0004295
0.0026474
0.0048142
0.0090335
-0.009923
-0.0021773
-0.0083639
-0.0056391
0.0054801
-0.0052095
-0.004691
-0.0026419
0.0090881
-0.0074856
-0.0056239
0.0005908
-0.0097316
0.0018953
0.0032744
0.0019822
0.0063669
-0.0013378
-0.0085142
0.0001049
0.0049166
0.003121
0.0037065
0.0084246
-0.0064124
-0.0006612
0.003196
0.0091612
-0.0095039
-0.0038381
-0.0083923
-0.0096963
0.0096345
0.0078012
0.0057496
0.0018843
-0.0094683
0.000422
-0.0068392
0.0003249
-0.0032854
0.0036075
-0.0037206
0.0033642
0.0047605
-0.006628
-0.0055224
0.0093561
-0.0031987
-0.0085117
0.0083077
-0.0062771
-0.0092318
-0.0014487
0.0077122
-0.003462
-0.0097942
0.0058581
-0.0029417
-0.0079153
-0.0073036
-5.81e-5
-0.0078891
-0.0033226
-0.0023179
0.0078784
0.0049255
0.0022542
-0.0054583
0.0096715
-0.0072384
-0.0026111
-0.0037329
0.0059068
0.008248
-0.0004971
-0.0045265
0.0083588
0.0022203
0.0042481
0.0001733
-0.0086515
0.0079776
-0.0067971
-0.0012313
-0.0087753
0.0043626
0.0002792
-0.0095041
0.0022113
0.0038776
0.007411
0.0040844
