-0.0083208
-0.0016921
0.0007405
0.003032
-0.0059752
0.0070372
0.0039883
-0.004712
-0.0015633
-0.0047382
0.0002707
-0.0078554
-0.001889
-0.0074121
0.0045272
0.0029547
0.0079668
-0.0046739
0.0032886
-0.0086099
-0.0068753
-0.0056245
0.0072784
-0.0032765
0.0070509
0.004916
0.0029516
-0.0038559
-0.0046606
0.0086292
0.0080427
-0.0046366
-0.0084995
0.0069327
0.0003816
0.0051789
-0.0098141
-0.0069947
0.0082777
-0.007186
-0.0060774
0.0055165
0.005136
-0.0044405
-0.0063279
0.0009098
-0.0051284
-0.0080369
-0.0002244
-0.0044088
0.0089782
0.0009198
0.0004453
0.0063869
0.0024249
0.008851
-0.0011673
0.0015515
0.0069055
-0.009012
-0.0095865
0.0057765
-0.0052568
-0.0028445
0.0041046
-0.0061695
0.0071499
-0.0064929
0.0054981
0.0011558
0.0001705
0.0078715
-0.0034877
-0.0052738
-0.007201
0.0092384
-0.002357
0.0082619
-0.002767
-0.0067049
-0.0090364
0.0071484
-0.0044205
0.0078498
0.0089828
-0.0096367
-0.0034857
0.0043042
-0.0072777
-0.0064279
-0.0069901
-0.0083464
0.0089071
0.0074735
-0.0005602
-0.0025246
-0.0007751
0.0093759
0.0039846
0.0057675
0.005825
0.0072133
0.0009815
-0.0020228
-0.0053148
0.0044773
0.001414
-0.0013175
-0.0099708
-0.0013544
-0.0094645
-0.0025087
-0.0099609
-0.0030539
0.0014882
-0.0024593
-0.0048339
0.0043041
0.0019738
-2.8e-6
0.0016714
-0.0085549
-0.0049283
0.0016289
0.0035656
0.0060298
-0.0034975
-0.0040672
-0.0013557
-0.0090833
-0.0023387
-0.0086983
0.0085286
0.0083965
-0.0053675
0.0006
0.0069726
-0.0097563
0.0025829
0.007501
0.003509
-0.0086958
-0.0052971
0.0064194
-0.0036442
-0.0036467
0.0068432
0.0022089
-0.0070637
-0.0024006
0.0036255
0.0044153
-0.0045614
0.0024028
-0.0011774
-0.0091656
0.0080084
0.0044016
-0.0021878
0.0040104
-0.0061206
0.0090206
0.0071909
-0.004331
-0.0027277
-0.0062969
0.0031472
0.0081527
0.0087665
0.0096358
-0.0059509
-0.0057847
0.0030238
-0.0042559
0.0048348
0.0050321
0.0036565
-0.0072969
-0.0076709
-0.0099842
0.0019604
-0.0023805
-0.0023186
0.0085126
-0.0027284
0.0009736
-0.0053387
-0.009526
0.0085102
0.0099957
0.0064988
-0.0098734
0.0087289
0.0033971
0.0066109
0.005376
-0.0050047
0.0052228
0.0027505
0.0052185
-0.0034633
-0.0061184
-0.0075879
0.0007213
0.005916
-0.0038365
0.0076731
-0.0099503
0.0025958
0.0054157
0.0062984
0.0059504
0.0083904
0.0017879
-0.0055727
0.0058793
0.0052967
0.0059564
-0.0003012
0.0017571
0.0065463
-0.0015024
-0.0092401
-0.001357
-0.0003466
-0.0063361
-0.0074561
-0.0059657
0.0023005
0.0049968
0.0063668
0.0090713
0.0024205
-0.0052407
0.0029125
-0.0066033
0.0078129
0.0089731
0.0087611
-0.0011032
0.0080758
-0.002865
0.0071644
0.0014075
-0.0095772
0.0096014
-0.0087425
0.0005605
0.0055919
0.0010777
0.0041419
-0.0020531
0.0053539
-0.0064551
-0.0072359
0.0056446
-0.0005956
0.000202
0.001864
-0.0069973
-0.0075039
0.0015858
-0.0041605
0.0010805
-0.0084002
0.000275
0.0072863
0.0095604
0.0049342
0.0042442
0.0055602
-0.0030519
-0.0085892
0.0084248
-0.0004602
0.0040198
0.0044951
0.0098717
-0.0071307
-0.0020353
-0.0043092
-0.009048
-0.0053052
0.0061433
-0.0012532
0.0030905
0.0016401
0.0017777
0.0049528
0.0021489
0.0011822
0.002436
-0.006704
-0.0065529
-0.0054038
3.96e-5
0.003194
0.0050812
-0.0032378
-0.0037833
0.0010724
-0.0029029
0.0076918
-0.0016166
-0.0092558
0.0082304
0.0050082
0.0065808
0.0097894
-0.0018416
-0.0095571
0.0049481
0.0093386
0.0092249
0.0077102
0.0062242
-0.0054344
-0.0021666
0.0038978
-0.0006447
0.0075996
0.006248
-0.0065798
0.0073295
0.0044373
0.0052842
0.0033403
-0.0012675
-0.0092682
0.0071167
0.0099657
0.0061821
0.002728
-0.0002256
0.0012902
-0.0057032
0.0065689
-0.0033746
0.0096676
0.0059575
-0.0087174
0.0008672
0.0065884
-0.0029927
-0.008952
-0.0084398
-0.0050525
-0.0072205
-0.0037942
0.0015097
0.0075589
-0.0005939
0.0054101
0.0063288
-0.0023344
0.001302
-0.0077196
0.0019091
-0.0073154
-0.0071987
-0.004524
-0.0003653
-0.0013591
0.0002576
-0.000658
-0.0065232
-0.0038723
0.0004045
-0.0055557
0.0047519
0.0068872
0.007755
0.0086839
0.0004626
-0.003338
-0.0077226
0.0030979
0.0032295
0.0009485
-0.0037327
-0.0066433
-0.0047958
0.004082
-0.0043216
0.0076045
-0.0074976
0.0034569
0.0035326
0.0050608
0.0054676
-0.0060314
0.002688
0.0018406
0.0064104
0.0034572
0.0001854
0.0045263
0.0035057
0.002544
0.0085831
0.009727
0.0022668
0.0069841
-0.0003048
-0.0066013
-0.0085504
0.0070936
-0.0087742
-0.0035078
-0.0059964
-0.0093054
0.0081113
-0.0021241
0.0058881
0.004001
-0.0067797
-0.0062074
0.0024533
-0.0062944
0.0074449
-0.0021004
0.0072516
0.0026261
-0.0080686
-0.0053681
-0.0054601
0.0060996
-0.0026973
0.0080766
0.0050918
0.005072
0.0083719
0.0078843
-0.0064316
-0.0047197
-0.0036827
0.0051666
0.0053776
-0.0023445
0.0044323
-0.0094757
-0.0077141
0.0051949
0.0007568
0.0083676
-0.0045894
0.0066481
0.0099606
-0.0008974
0.0013405
0.0054653
0.0006044
-0.0046094
-0.0096461
-0.0076132
-0.008409
0.0082491
-0.0034532
0.0030371
0.0077549
-0.0054898
0.0055673
-0.005177
0.0001827
0.0033292
0.0078868
0.0060802
0.0054865
-0.0025099
-0.0061979
0.0053922
0.0066141
-0.0087969
-0.0014043
0.0062515
-0.0028202
0.0078137
-0.0091214
-0.0005909
0.0080203
0.0009888
0.0009826
-0.0066648
-0.0046352
0.0038674
-0.003002
0.0092774
0.0042862
-0.0057288
-0.0044324
0.0098023
0.0095969
-0.0032852
0.008477
0.0014591
