0.000686
-0.0048392
-0.0097738
-0.0006174
-0.0004606
-0.0016098
-0.0043671
-0.0035891
0.008546
-0.0069127
-0.0088777
0.004842
0.0070876
0.0079012
0.0004246
0.0099531
-0.0018203
0.0061428
0.0017998
-0.0043482
0.005463
-0.0088799
-0.0070328
0.0001125
-0.0033368
-0.0058767
0.0066942
0.003237
0.0046094
0.0072379
-0.0083352
-0.0054556
0.0096852
0.0070952
-0.0063781
0.0058143
0.0030224
0.0053621
0.0090246
-0.0082141
-0.0013677
-0.0065976
-0.0018084
-0.0074947
-0.0067456
0.0035541
-0.0020759
-0.0012486
0.0061005
0.0055972
0.0004686
0.0040719
-0.0063473
-0.0054113
0.0071762
0.0079957
-0.0098278
0.0069627
0.0039116
-0.0036393
-0.0074294
-0.002097
-0.0028444
-0.0042773
-0.0098329
-0.0072524
-0.0030458
-0.0024178
-0.0055695
-0.0020538
0.0093755
0.0047778
-0.0089478
0.0017678
0.0075153
0.0012301
-0.0039218
0.0022359
-0.0056449
-0.0016153
0.0089797
-0.0042416
0.0043106
-0.0010659
0.0012258
0.003743
-0.0072222
-0.0009734
0.0050388
0.0017132
-0.007849
-0.0062445
0.0009744
0.0016366
-0.000132
-0.0070241
0.0089293
0.0032428
0.0048158
0.0040068
0.0051205
0.0001134
0.0071042
0.0057852
-0.005772
-0.0075943
0.0086828
0.0026425
-0.005789
0.0084301
0.0090103
-0.0068329
0.0061038
0.0036399
0.0091725
0.0070526
-0.0033623
-0.0074645
0.0021071
0.0063008
0.0004889
0.0075239
-0.007453
-0.005319
-0.0084963
0.0030597
-0.0002947
0.0081837
-0.0010652
-0.0048561
0.0086699
0.005725
-0.0007978
0.0059003
-0.0094178
0.0002598
-0.0042455
-0.0087196
-0.0011962
-0.0048212
0.0027563
0.0029434
-0.0022275
-0.0062922
0.0079993
0.0033372
-0.0047625
0.0074586
0.0092548
0.0088591
0.003652
-0.0088722
0.009352
0.0023045
-0.0067308
0.0083747
0.0051662
0.0092932
9.4e-5
0.0019439
0.0011681
0.0033445
-0.001001
0.0022189
-0.0001385
-0.0085025
0.0087347
-0.0035986
0.0047651
-2.16e-5
-0.0030741
0.0017849
0.0022912
-0.0087538
0.0054905
0.0077497
0.0072198
0.0046883
0.0097
-0.0070806
-0.0089918
0.0057758
-0.0057136
0.0004188
0.0004536
-0.0080067
-0.0038487
0.0009739
0.0016642
0.0047997
-0.0048792
-0.0013826
-0.0029931
-0.0022262
0.0010355
0.0004214
-0.0075623
-0.0041224
0.0043245
-0.0098965
-0.0021529
0.0076182
0.0061997
-0.0059523
0.0097894
-0.0056098
0.0066178
-0.0030924
-0.0014115
0.0009557
0.0015131
-0.0066806
-0.0017601
0.0053524
0.003109
0.0027392
-0.0012835
0.0042152
-0.0029114
-0.0028678
0.0062812
0.008611
0.0029092
-0.0047327
-0.0023565
0.0021128
0.0029912
0.0004177
0.0054653
-0.0087598
-0.0053229
0.0070514
-0.0060692
-0.0061175
0.0086999
-0.0063414
0.0053752
0.0041972
-0.000318
-0.0056484
-0.0008488
-0.0089542
-0.0008873
0.0065766
0.0028191
-0.0022429
-0.001813
0.0052471
0.0073698
0.0018367
-0.0024614
0.0098957
0.0072654
0.0004299
0.0022504
-0.0093272
-0.0038706
0.0062905
-0.0083928
-0.0045353
-0.0075385
0.0096464
-0.0059309
-0.009693
0.001721
-0.0075785
0.0009274
-0.0074033
-0.0080485
0.0071989
-0.0061056
-0.0093425
-0.0090274
-0.0072171
-0.0005453
-0.0084353
0.0053542
-0.0033904
0.0041652
0.0016503
-0.0042395
-0.0097862
-0.002758
-0.0060096
0.0092839
0.0081042
0.0070153
-0.0056885
0.0036632
-0.0071437
-0.0046398
0.0061547
-0.0083709
0.005374
-0.0020412
-0.0020924
-0.0095879
-0.0004384
-0.0037067
0.0073741
0.0032327
0.0082112
-0.0002851
0.0029695
-0.0009696
0.0063064
0.0069583
-0.0097631
-0.0034436
0.0063086
0.0014971
-0.0080775
-0.0023531
0.0028469
0.0011093
0.0040668
0.0022866
-0.0056217
0.0053587
-0.0030638
0.0096288
-0.0056066
0.0059604
0.0014548
-0.0055371
0.0060434
0.0005384
0.002019
-0.0067768
0.002719
-0.0002272
0.0095625
-0.0048665
0.0002862
-0.003004
0.0040638
0.0027063
0.0056839
0.0083955
-0.006276
0.0058796
0.0073134
0.0046862
0.0072865
0.0072567
0.0085499
-0.004206
-0.0014975
-0.0077106
-0.0005406
0.0012786
0.0089789
-0.0073881
-0.001268
-0.0020337
0.0046572
0.0061916
-0.0089067
0.0006228
0.003856
-0.0027027
0.0083181
-0.0001508
-0.0020729
-0.0098921
0.0053453
0.0078366
-0.007059
-0.0038075
0.007461
-0.0079436
0.0022429
-0.0087771
0.0076663
0.0056537
0.0087332
0.0094431
0.002361
0.0004753
0.0016139
0.0011911
0.0067098
-0.000203
0.0003571
-0.0062562
-0.0037706
-0.001596
0.0033384
0.003463
-0.0024012
0.0044853
-0.0049095
0.0072909
0.009889
-0.0049074
-0.001255
0.008817
0.0024717
0.0088327
0.0010878
0.0065982
-0.0013387
0.0094554
0.003853
-0.0018474
0.0001842
0.0074463
0.0084533
0.0096201
-0.0028863
0.0087176
0.00093
-0.0049221
-0.0052742
0.0016641
-0.0086964
-0.0014395
-0.0013788
0.0053548
0.0086191
0.0007603
-0.0080435
0.0068419
-0.0030455
-0.0045988
0.0036942
0.007465
0.0043011
0.001063
-0.0084541
0.0094244
0.0092474
-0.0086681
-0.0004027
-0.0049516
-0.0074558
0.0056605
0.0029353
-0.0024096
-0.0091066
0.0053075
-0.0019229
0.00808
0.0068786
0.0085928
0.0053008
-0.0067298
-0.0054773
-0.0033677
-0.0012618
-0.0053479
-0.0059374
-0.0062272
-0.0036098
0.0082885
-0.0055611
-0.007305
0.0030024
0.0029203
-0.0082051
0.0017098
0.006459
-0.0066055
0.0068273
-0.0007676
0.006362
-0.0082405
-0.0006887
-0.0064472
-0.00408
0.0057464
-0.0099115
-0.0098248
0.0063396
-0.0095518
0.0051682
-0.0095553
-0.0033163
-0.0085016
-0.0002728
0.0086758
0.0076458
-0.0038627
-0.0038781
0.0009294
-0.0087767
-0.0014418
0.0069901
-0.0023854
-0.005347
-0.0033712
0.0098596
0.0001562
0.0016818
-0.0092942
