0.0026697
0.0050345
-0.0035456
-0.0070337
-0.0077152
0.0073241
-0.0030444
-0.0056829
0.0070104
0.0038876
-0.0056975
0.0053837
-0.0078602
-0.0020142
-0.0066285
0.0057285
-0.0044906
0.0023182
-0.0043675
-0.0063921
0.0022227
-0.0001029
0.0028417
-0.0057683
-0.0012973
0.0046356
-0.0068216
0.0018185
-0.0084761
0.0036067
-0.0001945
0.0087189
-0.0095356
0.0024561
0.004679
-0.002395
-0.0076329
-0.0011458
-0.002719
-0.0067347
-0.002033
-0.0012173
0.0091934
-0.0008181
0.0005859
0.0075236
-0.0080506
-0.0067018
0.001868
-0.000223
-0.0082818
0.0013346
-0.0034272
0.0020487
-0.0007589
-0.0024075
0.0008366
0.0036265
0.0068831
-0.0020281
-0.0040862
-0.000784
0.0026847
-0.0025362
-0.0085774
-0.0099463
0.009993
-0.0082358
-0.0083927
-0.0026596
-0.0091488
0.0023933
-0.0076816
-0.006568
-0.0013431
0.0014889
-0.0095831
-0.0042317
-0.0092172
-0.0091286
0.0060178
0.0060465
-0.0050707
-0.0070105
-0.0033616
-0.0049186
-0.0073049
-0.0003292
0.0082413
0.0046888
0.0038886
-0.0040962
0.0089454
0.0030507
0.0082316
-0.0012799
-0.0066411
-0.0017576
-0.0039171
0.002651
0.0098587
-0.0051535
-0.0009339
0.0004354
-0.0002675
0.000414
-0.0015815
0.0077193
-0.0006387
-0.0009832
-0.0055912
0.0090794
0.0057866
0.0051565
-0.0027716
0.0028659
-0.0065125
-0.0056975
0.000478
-0.0017682
0.0017924
-0.009562
0.0082764
0.0021117
0.007715
0.0097652
-0.0061619
-0.0044804
-0.0001569
-0.0073122
-0.0091162
-0.0008235
0.0028439
0.0050211
-0.0081924
0.0016052
-0.0017104
-0.0035431
0.0070609
-0.0029062
0.0056721
0.0081955
0.0060334
0.0094887
-0.0077813
0.0020111
0.0031214
0.0055247
-0.0012582
-0.0087366
-0.0080992
0.0061975
0.0084005
0.006951
-0.000551
8.88e-5
-0.0003234
-0.0021431
0.0030473
0.004695
-0.0092386
0.0061131
0.0002635
-0.0050309
0.0084249
0.0062739
-0.0037616
0.0095737
-0.0089156
-0.0058316
0.0051035
-0.0023024
-0.0026612
-0.0005479
-0.0094808
-0.00155
-0.0080227
0.0014411
0.004358
-0.0040092
0.0081435
0.0094267
-0.001283
-0.0025015
-0.0080731
0.0001046
0.0083231
-0.0089487
0.0037837
0.0024609
0.0038297
-0.006662
0.0022457
-0.0051564
-0.0037436
0.0073157
-0.0042501
0.0033451
0.002493
-0.0054941
0.0080696
0.0006172
-0.0074175
0.0070354
0.0006784
0.0051043
-0.003839
0.0060709
-0.0003778
-0.0029938
0.0073845
-0.0065459
0.0074107
-0.0077286
-0.0002272
-0.0083558
-0.0060696
-0.0077201
-0.0069395
0.0086838
-0.0022147
0.0075174
0.0012356
0.0092168
0.0046305
0.0010513
0.0001644
0.0087811
-0.0058689
-0.0012669
0.0050078
-0.0040266
0.0004593
-0.0047262
-0.0078115
0.0066295
-0.0040433
-0.0066618
0.009848
0.0082349
-0.0019211
0.0005308
0.0045711
-0.0048265
0.0049135
-0.0018184
0.0080821
0.0078252
-0.0020535
-0.005697
-0.0082023
-0.0083686
0.0039559
-0.0096207
-0.0009212
0.0068717
0.0079211
-0.0097362
-0.0072311
-0.0053106
-0.0043796
-0.0008806
-0.0053318
0.0086514
0.0054648
0.0013561
-0.0026338
-0.0076237
0.0016489
-0.0012577
-0.0022523
0.0029535
-0.0005246
0.0032442
-0.0046083
0.0040982
0.0019691
-0.0052056
0.0069142
-0.0061474
0.0029388
-0.0090928
-0.0033856
-0.0069899
-0.0024051
0.0065631
-0.0022278
0.0004608
-0.0069617
0.0066854
-0.0060547
0.00505
-0.0018832
-0.0031296
0.0007695
-0.0039469
0.0032668
0.008946
-0.0098767
-0.0066873
0.0079149
-0.0053666
0.0080127
-0.0097761
0.003175
-0.0091667
-0.0093379
0.0032708
-0.0035501
-0.0086941
0.00795
-0.0076527
-0.0008951
-0.0021578
-0.0075591
0.0092991
0.0058362
0.0088062
0.000686
-0.0009911
-0.0079564
-0.0049787
0.0034958
0.0097766
-0.00051
0.0060274
-0.0009422
-0.0029955
-0.0051549
-0.0005547
-0.0070124
-0.0065548
0.0036737
-0.0024219
0.0069871
-0.0038602
-0.0027656
0.0021602
-0.0022658
-0.0099783
0.0017751
0.0038066
-0.000728
-0.000684
0.0007218
0.0014929
-0.0032548
0.0096902
0.0080332
0.0058389
-0.0086154
-0.0020124
-0.0088667
-0.0016744
-0.0060746
-0.0088252
0.0029277
0.0065564
0.0063738
-0.0021846
0.0037873
0.0072175
0.0084968
0.0056098
-0.0025538
-0.008927
-0.0062336
0.0010038
-0.0055027
0.0040204
0.0006325
-0.0033197
-0.0075841
0.001799
0.0010018
-0.0042636
0.0018223
0.007248
-0.009601
-0.0019068
0.0051887
-0.0018956
0.0090407
-0.0061632
0.0057976
-0.0094102
-0.0058378
0.0010193
0.0028908
-0.0054324
-0.0022317
-0.0036681
-0.0016578
0.0054831
0.009992
-0.0038568
-0.0076365
-0.0099633
-0.0056516
-0.0016378
0.0090204
9.44e-5
-0.0057259
0.0061704
-0.0024894
-0.008352
-0.0020096
-0.0061222
0.0074995
0.0065025
-0.0082008
1.11e-5
-0.0013856
0.0013263
-0.0084657
-0.0039117
-0.0080899
-0.0006223
0.0007203
0.0039603
0.0030341
-0.0079957
-0.0011948
0.0038216
-0.0084475
-0.0014943
-0.0068443
-0.0023231
0.0061845
0.0052159
0.0098171
0.0033299
-0.0020732
0.0031269
-0.0055776
-0.0002228
-0.0019193
-0.0096656
-0.0076416
-0.0070815
-0.0074904
-0.0049987
0.001094
0.0058339
-0.0098507
-0.001636
0.0015225
0.0040578
-0.0058046
0.0003489
-0.0089779
-0.0029171
0.0096105
-0.008044
-0.009811
-0.0090718
0.0098432
-0.0051537
-0.0097095
-0.0015349
-0.0098597
0.0075738
-0.004735
-0.0021692
0.0080333
-0.0017272
-0.0025579
-0.0044779
0.0066743
0.0057102
-0.008991
-0.0050943
0.0031169
-0.0086248
0.0042285
-0.0018919
-0.0076722
0.0014278
0.0043848
-0.002582
-0.0054315
0.0088185
-0.0055412
-0.0060458
0.0059919
-0.0025761
-0.0066363
0.0048041
0.0097489
0.0023219
-0.0062414
0.0016709
-0.0085679
0.007349
-0.0039854
