0.0077196
0.0087445
0.0084462
0.0038733
0.0008219
-0.0084867
0.0059765
-0.0097064
0.0007496
-0.0084602
0.00428
0.0052619
-0.0079872
0.000195
-0.0066033
0.0050182
0.0054674
0.0016269
-0.0033732
0.002126
-0.0017305
0.00632
-0.001655
0.0099829
-0.0031706
0.0083034
0.0027741
-0.0079746
-0.0093563
-0.007843
-0.002685
-0.0021488
0.0039878
-4.43e-5
0.0016672
-0.006217
0.0080845
0.0029392
-0.0069548
-0.0068355
-0.0093794
-0.0038061
-0.0069588
-0.0046457
-0.0071879
0.0027617
-0.0096798
-0.0059867
0.0022404
-0.0029562
-0.0046968
-0.0034185
0.0077317
-0.0099342
-0.0087057
0.003872
-0.0029153
0.0037003
-0.0058696
0.0053838
0.0094223
-0.0008295
-0.0002087
0.0046976
0.0024941
-0.0092735
0.0005422
0.0077001
0.0078483
0.0086332
0.0019286
-0.0017745
-0.0084506
0.0066459
0.0032495
-0.0019166
0.0051211
-0.0090499
-0.0039423
0.003502
0.0026444
-0.0045007
0.0034669
-0.0049047
0.0017801
-0.0027653
0.0091619
0.0060384
0.0014581
0.0003133
0.0068519
0.0047185
-0.0018795
0.001087
0.0077756
-0.0082036
0.0086824
0.0060632
0.0016826
0.0007812
0.005263
-0.0022809
0.006788
0.0052854
-0.0068943
0.009972
0.0048472
0.0013974
-0.0057909
0.0039845
-0.0087397
-0.0068509
0.0073007
0.0047585
0.0084228
0.0034714
-0.0075605
-0.0018831
-0.0016734
0.0088445
-0.0094184
-0.0016318
-0.0012159
-0.0094812
0.0061569
-0.002984
-0.0028835
-0.008829
-0.0082348
-0.0051737
0.0086629
0.0031322
-0.0058145
-0.0026529
0.0063071
0.0019521
0.0091983
0.0041209
0.0029838
0.0036788
0.007839
-0.0038981
-0.0095281
-0.0011242
-0.006563
0.0068133
-0.0025176
-0.0023432
-0.0019562
0.0070715
0.007916
0.0075671
0.0097327
-0.0042205
-0.0080558
0.0003501
0.0014924
0.0093924
-0.0026598
-0.0063059
0.0028903
0.0083152
-0.0004749
0.0089169
-0.0087768
-0.0057142
0.0010542
0.0075632
-0.0024477
0.0051445
-0.0038637
0.003448
-0.0045029
-0.0025235
0.0088943
-0.0051141
-0.0044684
-0.0060775
-0.0071783
-0.0051231
0.0021379
-0.0081739
-0.0076801
0.0025174
7.9e-6
0.0052691
-0.0020342
0.0031393
0.0043818
-0.001986
0.0024047
0.0085951
0.0056609
-0.0083084
0.0004437
-0.0023449
0.0013041
-0.0003346
-0.0051156
-0.0040144
-0.0013114
0.0024299
-0.0032032
0.0036666
0.0060534
-0.0062045
-0.0049143
0.0095106
0.0039579
0.0022217
-0.008031
0.00216
-0.0063058
-0.0076654
-0.0014282
0.004331
-0.0042284
-0.007121
0.0080014
0.0039224
-0.0077153
-0.0077344
-0.0043815
0.0082902
-0.0011767
0.0048026
-0.0042503
-0.0031505
-0.0039754
0.0019877
0.0096179
-0.0096232
-0.004716
-0.009769
0.0056859
-0.0020161
0.0063589
-0.0076724
-0.0097948
-0.0015171
0.0006107
0.0063874
-0.0031323
-0.0053029
0.0077098
-0.003187
-0.0067139
0.0048073
-0.0036448
-0.001402
-0.0070068
-0.0031449
0.0098124
0.0026904
-0.0084083
-0.0088958
0.0048725
0.0094222
0.0086073
-0.0095356
-0.0063424
0.00501
0.0096154
0.0073721
-0.009352
-0.0008278
0.0032944
-0.0034067
0.0084949
0.0099936
-0.0085863
-0.002964
-0.0010326
-0.0092625
0.0051106
-0.0038541
0.0017537
0.0039251
0.0045443
0.004875
0.0019467
-0.009715
-0.007318
-0.0059581
-0.0027439
0.0048064
-0.0042877
-0.0008404
-0.0059429
-0.0087356
0.0056375
-0.0046537
0.008973
-0.0016499
-0.0098377
0.0008447
-0.0080704
0.0094337
-0.0014793
0.0024782
-2.7e-5
-0.0074515
-0.0022328
0.0026437
0.0066443
0.006228
0.0035188
-0.0057439
0.0028197
0.003071
0.0001713
0.0097027
-0.008025
0.0053152
0.006758
-0.0037562
0.0055342
-0.0089521
-0.0078063
-0.0095049
-0.007173
0.0082961
0.0063338
-0.0091999
0.0029816
6.7e-6
0.0015114
-0.0081854
-0.0075057
-0.0059638
-0.0076712
0.0020967
-0.0009223
0.0050836
0.002995
0.0081135
0.0001652
-0.0057335
0.0017096
0.0016961
-0.0087302
-0.0050375
-0.0035987
-0.0025627
0.0009095
-0.0028563
-0.0080843
0.0077652
-0.0061075
-0.0008307
0.0077475
-0.009594
0.001146
-0.0009062
-0.0099469
-0.0018475
0.0093243
-0.0082849
-0.0018998
-0.0085024
0.0016508
-0.002263
-0.0035122
-0.0022141
0.0057759
0.0073168
-0.0088111
0.0007383
0.006082
0.0031891
-0.0066894
-0.0065166
0.0001702
-0.0038596
-0.0086444
0.0031286
-0.003365
0.0011308
0.0043425
-0.0020552
0.0087375
0.0025466
-0.0064285
-0.0065855
-0.0077492
-0.0074882
-0.0025189
0.0034598
-0.0083682
-0.0046115
0.0049387
0.0062191
0.001224
0.00713
-2.09e-5
0.0093513
-0.0055838
-0.0048623
-0.0054968
0.0045204
0.0092603
-0.0062884
-0.0061551
0.0014791
-0.0088679
-0.0064512
-0.0032862
-0.0091099
-0.0068104
0.007894
0.0010429
0.0029999
0.0099597
-0.0029954
0.0064779
-0.0011536
0.0028622
0.0044519
-0.0046794
0.0071719
-0.005679
-0.0053647
0.0021523
-0.0090428
-0.0083828
-0.0076078
0.0061493
-0.0003521
0.0058341
-0.0017243
-0.0012698
0.0012328
0.0092143
-0.0061959
0.0006168
-0.0003759
-0.0020376
-0.0001289
0.0040106
0.0010344
0.0047849
-0.0002629
7.02e-5
0.0024701
0.0075277
0.0009236
-0.006092
-0.0018025
-0.0072154
0.0092398
0.0076294
0.0089255
0.0052435
-0.0099985
0.008868
-0.0088327
-0.0068647
-0.0013804
-0.0044526
-0.0055688
-0.0015183
-0.0019152
-0.0042563
0.0019958
-0.0021866
-0.0054426
0.0056639
-0.0042557
0.0007613
0.0072641
-0.0023946
0.0029352
-0.0052733
0.0010972
-0.0036599
0.0030682
0.0055303
-0.0016673
0.0086833
-0.0077261
0.0040608
0.0017793
-0.0084799
0.0098189
-0.0052497
0.0084025
0.002676
-0.0093773
-0.0066203
0.00243
0.002675
0.0048073
0.0060774
-0.0089905
0.0008194
