-0.0040009
-0.00677
-0.0060546
-0.0019788
-0.0021917
-0.0088684
0.0048048
0.0039358
-0.0029348
-0.0074819
0.006539
-0.0067993
-0.0054249
0.0047232
0.0048897
-0.0063338
0.0076027
-0.0098765
-0.0001698
0.0052808
8.21e-5
0.0074548
0.009349
0.0012676
0.0006952
-0.0041008
0.0099597
0.0062603
-0.0031369
0.0041276
-0.0091881
0.0067383
-0.0022681
0.0089197
-0.0046484
-0.0013473
-0.0043485
-0.0012026
0.0090028
0.0015371
-0.0021667
-0.0039909
-0.0025625
0.0004191
0.0001114
0.0052517
0.0012921
0.0057441
-0.0032099
0.0097004
-0.009762
-0.0085596
0.0056103
-0.0041177
0.0069557
0.007148
0.0014051
0.0077271
-0.0031667
0.0004822
0.0042697
0.0037634
0.0058583
-0.0013505
0.00192
0.0058418
-0.0070997
-0.0025938
0.0042776
-0.0072041
-0.0014425
0.0029877
0.0066056
0.001214
-0.0090182
-0.0009327
0.001099
-0.0034615
0.000302
0.0039259
-0.0087698
-0.00326
0.0008177
0.0049538
-0.0042412
-0.0097129
-0.0092081
0.0020703
0.004311
0.008484
0.0005259
-0.008477
-0.0042253
0.0024972
0.0058679
0.0020763
-0.0062989
0.0009569
-0.004492
0.0055431
0.006031
0.0050905
-0.0038049
0.0018513
-0.0061963
0.0031631
-0.0010123
0.0026144
0.0086392
0.009191
-0.0071439
0.0016141
0.0021125
-0.0070933
0.0013756
0.0041608
-0.0094631
-0.0018022
0.0082149
2.76e-5
-0.0059483
0.0069151
0.0091727
0.0030754
-0.001373
0.0041835
0.0062396
-0.0077245
0.0060063
0.0079156
0.009685
-0.0090786
0.0050169
-0.0082356
-0.0025633
-0.00451
-0.00936
-0.0089917
-0.0095071
0.0084627
-0.0048096
0.0038201
-0.0070545
-0.0019139
-0.007202
0.0033114
0.00089
-0.0034479
0.0001978
-0.0002422
-0.004473
0.0013199
0.0087936
-0.0096491
0.0074174
-0.0012388
0.0082419
-0.0018012
-0.0040475
0.0063794
0.0069368
-0.0054315
-0.0022252
-0.0093038
-0.0027941
0.0015344
0.0098295
-0.0022461
0.0088494
-0.0036737
-0.0013199
-0.0036553
0.0001726
0.0078419
0.0025116
-0.0042841
-0.0070256
0.0003933
0.002602
-0.0030505
0.0086584
0.0014346
-0.0022215
0.0042212
-0.007762
-0.0037887
-0.0057298
0.0029181
0.0037147
-0.0089436
0.0040867
-0.005791
-0.0030832
0.0004945
-0.0088017
0.0060048
0.0067391
-0.0076765
0.0095211
-0.0031618
-0.009939
7.19e-5
-0.0029937
-0.0038804
0.0040267
-0.0048094
0.0086782
0.0045455
-0.0025857
0.0048993
0.0004838
0.0070038
0.0039221
0.0016294
0.002818
-0.0054217
0.0004376
0.0065585
-0.0079568
-0.0002429
0.0072632
-0.0075396
-0.002008
0.0023225
-0.0007064
-0.0034057
0.0050306
-0.0022693
-0.0096807
-0.0016908
0.0024231
-0.009487
-0.0065404
0.0041621
-0.0041645
-0.0023996
0.0004602
0.0051773
-0.001123
-0.0027289
-0.0010433
0.0096934
-0.0061934
0.0022466
0.0056835
-0.0002629
0.0083388
0.0046768
-0.0013879
-0.0055175
0.0024739
0.0026874
0.0076767
0.0002854
0.0009699
0.0033416
0.0073684
0.0038231
-0.0084826
0.0071514
0.000872
-0.005082
-0.0001088
0.0027058
-0.0023899
0.004963
0.0069496
-0.0084583
-0.0055767
0.0085864
-0.005477
0.0080235
0.0088251
-0.0073131
0.00948
0.0068192
0.0050994
-3.92e-5
0.0026591
-0.0027459
-0.0069833
-0.0078783
0.0059124
-0.0072548
0.0028567
0.0004043
-0.0066212
0.008405
0.0008491
-0.0023266
0.000618
-0.0038432
0.004921
0.0013805
0.0033119
0.0092528
-0.0010934
-0.0075316
-0.0004583
8.22e-5
0.0009316
-0.0007483
0.0024304
0.007191
-0.0091198
0.0018601
-0.0068531
0.0017108
-0.0011193
0.0037475
0.0062882
-0.007229
-0.002778
0.0056317
-0.0018429
0.0061801
-0.0017668
-0.0047886
-0.0054477
-0.0045702
0.0082154
0.0084684
0.0083548
-0.0043878
0.0052634
0.0017486
-0.0003977
-0.0062744
0.0033675
0.0063386
-0.0054606
-0.0086132
0.0045398
-0.0007114
-0.0072918
-0.0072432
-0.005495
0.002521
-0.006495
-0.0020773
-0.0059787
-0.0096017
-0.0034247
-0.0094076
0.0029398
-0.0041351
0.0029911
0.0088778
-0.006994
0.0055381
0.0067622
-0.0009144
0.0054351
-0.002719
0.004925
-0.0080053
-0.0076662
0.0065517
0.0075666
-0.0099264
0.0014463
-0.0014645
0.0060749
0.0003264
0.0045853
0.0070881
0.0090124
-0.0099876
0.0052244
0.0025491
0.0031987
-0.0089292
-0.0072545
-0.00691
-0.0099193
-0.0078152
-0.0014941
-0.0057064
0.0075918
0.0088816
0.0017153
-0.0039155
0.0065399
-0.00379
0.0094547
-0.0073604
0.0068439
0.002935
-0.0053093
0.0020941
0.0076159
0.003544
-0.0058512
0.0069977
-0.0072294
0.006986
0.0057592
-0.006986
-0.0053854
0.0007812
0.0028087
-0.0072472
0.0025489
0.0087977
-0.0093559
-0.0048596
-0.0039297
0.005464
0.0095906
-0.0041271
-0.0085399
-0.001723
0.0077153
-0.0025019
-0.0060908
-0.0054109
0.007602
0.0042367
0.0080967
-0.005473
-0.0017686
0.0042385
0.006692
0.0081164
0.0086415
-0.0049512
-0.0036581
-0.0064559
-0.0086075
0.006407
-0.0082937
-0.003179
-0.0064666
0.0097143
0.0081437
0.0028697
0.0034688
-0.0071885
-0.0089207
0.0094012
-0.0093085
-0.00116
0.0004566
0.0032802
-0.0089553
-0.0045752
0.0082671
-0.0071921
0.0038499
-0.0072296
0.001681
-0.0005212
-0.0024635
0.0087036
-0.0058909
0.0082066
-0.0063044
-0.0004828
-0.0042682
-0.0006599
0.0084415
-0.0021832
0.0021014
-0.0027777
0.0066225
-0.0046023
0.0029728
-0.0090991
0.0081478
0.0038261
0.0091735
0.0096311
0.0092133
0.0055813
0.0036255
0.0021025
0.0058902
-0.0001003
-0.008484
-0.0034979
0.0065972
0.0021495
-0.0074741
-0.0059791
-0.0092254
0.000271
-0.0028072
-0.0063595
-0.0079967
0.0064881
0.0019492
-0.0063679
0.0062303
0.0003495
0.0041224
