0.0042592
-0.0085282
0.0002505
0.0004001
-0.0017155
-0.0069881
0.0093912
-0.0088664
0.0068816
-0.0017534
0.0097804
0.0026596
-0.00951
0.00167
-0.0012675
-0.0057926
0.0077811
0.0063985
-0.0036725
-0.0049326
-0.0034962
0.0026425
-0.0018773
0.0069711
-0.004743
0.008888
-0.0001894
-0.0053099
0.0082295
-0.0009262
0.0095947
0.0089215
-0.0003243
-0.0023284
-0.0092891
0.000926
0.0044407
-0.0027493
0.0007992
0.0007866
0.0052746
0.0066716
-0.0019131
-0.0073508
-0.0057615
0.0008218
-0.0033906
0.0071726
-0.0069003
-0.0097727
0.0055342
0.0056575
-0.0048978
-0.0003291
-0.0076541
-0.0099747
0.0098964
-0.0079806
0.0005927
0.0073536
0.0084478
-0.0081547
-0.0059475
-0.0055185
-0.0055611
0.0033664
-0.0025375
-0.0066168
0.0096143
-0.0088793
0.0007809
-0.0060458
0.0047717
-0.0013036
0.0070084
0.0061778
-0.0028152
-0.0041143
-0.0022777
-0.0071039
0.009147
-0.0061504
-0.0074902
-0.0050742
-0.005644
0.0020562
-0.0059581
0.0007412
0.0039083
0.0073943
-0.0096395
0.0043839
-0.0023278
0.0027895
7.31e-5
-0.0005821
0.0038728
-0.0079506
0.0030473
0.0092398
0.0085381
0.004829
-0.0083039
0.0065145
0.0021188
0.0090569
0.0077806
0.0088903
0.0068476
0.0027831
0.0097671
0.0011356
0.0082559
-0.0045654
-0.0048913
-0.0096567
0.0034235
0.0081017
-0.006166
0.0039173
-0.0070458
-0.0001362
-0.0004648
0.0075689
-0.0072092
-0.0009847
0.0047817
-0.0006857
-0.0066453
-0.0002323
0.0059348
-0.0003233
-0.002443
-0.0068191
-0.0003057
0.0011928
0.0086455
-0.0013855
-0.0047968
-0.007244
0.0012515
0.0065387
-0.0096869
-0.0082801
0.0011165
0.0023945
-0.0087078
-0.0013886
0.0096116
-0.0063531
-0.0004598
0.0069382
-0.0058457
0.0078758
0.0021921
0.008944
0.0064773
0.0032217
0.0036837
-0.0089586
0.0034429
0.0040318
-0.0054472
0.0060556
0.0042244
0.0090815
-0.0018075
-0.0077645
0.0096173
0.0071171
0.0091712
0.0076305
-0.0049285
-0.0017574
-0.0009197
-0.003764
0.0007746
0.00949
0.0005719
0.0063454
0.0074837
0.0012325
0.0092545
0.0098785
-0.0097357
-0.0042071
0.0066728
0.0027319
-0.0053076
0.0013327
0.0047062
-0.0005369
-0.0055605
0.0097228
0.0009325
-0.0052775
-0.0016298
-0.0088397
-0.0016465
-0.0036034
-0.0062929
-0.0006691
-0.0096098
0.0070666
-0.0084451
0.0087918
0.0071876
0.0010172
-0.0046598
-0.0092806
-0.0093403
0.0066574
-0.0085071
-0.0037767
0.0055073
0.0001031
-0.004686
0.0009165
0.0096269
-0.0020623
0.0001513
0.008717
-0.0089308
0.0039634
0.0080997
-0.0081874
0.0085684
-0.0057075
-0.0039516
0.0047101
0.0014602
-0.0055473
0.0002158
0.00944
0.0027759
0.0083776
0.0005471
0.0007913
0.0087309
-0.0023981
-0.0063673
-0.0043233
-0.0048326
0.0038053
0.009873
-0.0052371
0.0088303
-0.0049459
-0.0063399
-0.0030888
-0.0080305
0.0057232
-0.0036162
0.0083498
-0.0049981
0.0014798
0.009847
0.0066434
0.003502
0.0073359
0.0083316
-0.0037718
-0.0081844
0.0026018
0.0077597
0.0009759
-0.0033761
0.0096036
0.0045865
-0.003094
-0.0068746
0.003511
0.0042142
-0.0096773
0.0056131
-0.0037067
0.0081637
0.003643
0.0027447
0.0041016
-0.0045412
-0.0084644
0.0079341
-0.0015005
-0.0078224
0.0093258
0.0098162
0.0057593
0.0098255
-0.0089467
-0.0024542
0.0035634
-0.0045674
0.0021205
-0.0041747
-0.004641
0.0086311
-0.0063469
0.0077861
0.0067828
0.0010619
-0.0007074
0.0082753
-0.0093926
-0.0072632
-0.000738
-0.0099045
0.0079475
0.0098403
-0.0049516
0.009001
0.005141
-0.0091986
0.0028025
0.0040406
-0.004715
-0.0078822
-0.008157
0.0084187
-0.0056903
-0.0037597
-0.0095547
0.0017983
-0.0055369
-0.0087836
0.0030046
0.0060207
0.0089475
-0.0079396
-0.0061145
0.008168
-0.0007276
0.0024728
-0.0099035
-0.001029
0.0052791
0.0017738
-0.0034949
-0.0058334
-0.0018011
0.0010224
0.0058315
-0.0046015
0.0010198
-0.0070389
-0.007186
0.0025031
0.0007798
0.0020117
0.0035013
0.0057788
-0.0045394
-0.0010784
0.0009018
0.0025768
-0.00932
0.0022891
-0.0030071
-0.0041394
-0.0037665
-0.0048667
-0.0086831
-0.0008609
-0.0055289
-0.0053514
-0.0044616
-0.0045864
0.0063711
0.0078153
-0.0071031
-0.0028077
0.0022818
-0.0030885
0.0037072
0.0058672
-0.0030435
0.0005749
-0.0082553
-0.0079231
-0.0086816
-0.0088169
0.0019005
0.0028783
0.0041146
-0.0056616
0.0006234
0.002372
-0.0013788
-0.0035139
-0.0092648
0.0054436
-0.004275
0.002692
-0.0080516
-0.0079626
0.0096825
0.0097265
0.0028045
0.0042341
0.0035989
-0.0066422
-0.0083313
-0.007748
-0.0018787
0.0036948
0.0084246
0.0023994
0.0059291
-0.0051095
-0.0014555
0.0049873
-0.0032187
0.0071248
-0.0045395
0.0080101
5.96e-5
0.0045185
0.009763
-0.0033299
-0.0087374
-0.0025867
0.0049749
0.0087293
0.0062426
0.0088754
-0.0025171
-0.0008145
-0.0066305
-0.0067799
0.000393
0.0024268
0.0088628
-0.005326
0.0088867
-0.0020503
-0.0080797
-0.0038239
3.79e-5
0.0060461
0.0017541
0.0079355
-0.0007926
-0.0074969
-0.0005653
-0.0024245
0.0087744
-0.0028115
-0.0087957
0.0054597
0.0019542
-0.0085716
0.0095933
0.0060422
0.0078336
-0.0056758
0.0096521
0.009152
0.0082737
0.0039582
0.0049013
-0.0072353
0.0056972
-0.005704
0.006691
0.0020598
0.0014915
0.0029914
0.0093456
0.0036157
0.0071122
-0.0016075
-0.0039242
-0.0076144
0.0071105
-0.0001285
0.0055482
0.0015423
-0.0013777
0.0022613
0.0031147
-0.0035476
-0.0034908
-0.0034659
0.0009261
0.0078871
0.0099564
-0.0054898
0.0089773
-0.0083065
0.0013933
0.0051435
-0.0066408
0.0091359
0.0032464
0.0060077
