0.0095085
-0.0048471
-0.0096268
0.0087364
-0.0058885
-0.003811
0.0017868
0.0050285
0.0079414
0.0087025
0.0093626
-0.0062
0.0039741
0.0069631
-0.0087205
0.0020099
0.0042603
0.0089951
-0.0054965
0.0099584
-0.0027227
-1.98e-5
0.0039126
0.0008382
-0.0050123
0.0045812
-0.0092667
-0.0005046
-0.0013337
-0.005515
-0.0003575
0.0014727
0.0040294
0.0072065
0.004651
0.0044467
-0.0093588
-0.0089753
-0.0019963
0.0012874
-0.0026931
-0.0079201
-0.002227
-0.0090723
-0.0001101
0.006061
0.0022302
0.0019328
-0.0093727
-0.0038288
-0.0065369
-0.0081047
0.002271
-0.0085686
0.0075323
0.0015604
-0.0085445
0.0003567
-0.0028341
0.0070505
-0.0067096
-0.008908
-0.0071823
0.0083352
0.0015817
0.0068519
-0.0043837
0.0064518
-0.0046113
-0.0070603
-0.0051552
0.0005872
0.0056841
0.0014664
6.4e-6
0.0094777
-0.0067946
-0.0022299
-0.0090861
-0.0034526
-0.0097363
-0.0050941
0.0093441
0.005388
0.0090662
-0.0092962
-0.0019092
-0.0002101
-0.0073524
0.0072618
-0.008575
0.0092373
-0.0018622
-0.0063254
-0.0079305
-0.004389
-0.0037895
0.0070217
0.0065237
-0.0078212
0.0014085
0.0080089
0.0085587
-0.0072079
-0.0087624
-0.0060237
-0.0083181
0.003516
-0.0028151
-0.0079773
0.0035211
0.0065627
0.004166
0.0008168
-0.004457
0.007998
0.008001
-0.0099489
-0.0090556
-0.0078704
0.0087984
-0.0081294
-0.0089165
0.0092921
-0.0085155
0.0072319
0.0054465
-0.0002812
0.006338
0.0075997
-0.0090046
-0.008719
-0.0026506
-0.0093373
-0.0089314
0.0039061
-0.0060294
-0.0003864
0.0074005
0.0022147
-0.0051048
0.000262
0.0041831
0.0096278
-0.0083167
0.0099059
0.0097498
0.0048401
0.0044255
0.0096273
0.0033299
0.0082311
0.0080289
-0.0055058
0.0050823
0.0016838
-0.0053233
-0.0079767
0.0077142
-0.006441
0.0064812
-0.0067117
0.0032969
-0.0059442
0.004594
0.008676
0.0036624
0.0048996
-0.0016647
-0.0083908
-0.0052273
0.0057632
0.0085342
0.0031096
-0.0072439
-0.0030794
-0.0095293
-0.0067603
-0.0011862
0.0079122
-0.0073034
-0.0064712
-0.0060758
0.001642
-0.0003724
-0.0058299
0.0042071
-0.0026866
-0.0090787
0.001954
-0.0078415
-0.0050741
0.0079479
-0.0038482
-0.0010636
0.0069585
0.0059825
-0.0073145
-0.0082272
0.0060692
-0.0015253
0.0047689
-0.0055315
-0.0004503
0.002538
0.0066692
0.0099843
0.0007682
0.0086149
0.0094735
-0.0005555
-0.0003643
-0.0021406
-0.0054173
-0.0054481
0.0001966
0.0037424
0.0073957
0.0061946
0.0029298
-0.004496
-0.0068396
-0.0070274
-0.0093388
-0.004013
0.0068865
-0.006554
-0.0006699
-0.0033063
-0.0085096
0.0054958
-0.006641
0.0078203
0.0015138
0.0013444
0.0048137
0.005726
-0.000779
0.0008784
0.0014375
0.0045985
0.0021393
0.0026758
0.0077851
-0.0042328
-0.0009299
0.0033139
-0.0035225
0.003921
0.0008698
-0.0025932
-0.0076611
0.0028806
0.0063359
0.0032201
0.0044983
-0.0007685
-0.006318
-0.0096347
-0.0088378
-0.0007591
0.0038498
-0.004531
-0.0021636
-0.0071682
-0.0088516
-0.0051043
-0.0043157
-0.0005248
-0.0030054
0.0089621
0.0043149
-0.0048705
0.0096458
-0.0003578
-0.000307
-0.000368
-0.0059816
0.0036753
0.0043814
0.002337
-0.0068946
0.0055082
0.0065309
-0.0022569
0.0034952
-0.0062365
0.0043147
0.002757
0.0042405
0.0064864
0.0041705
0.0024246
-0.003869
-0.0045954
0.0050526
-0.0020915
-0.004815
0.0094887
-0.0008437
0.0009635
-0.0020852
-0.0049895
0.0077376
-0.004199
-0.0014228
-0.0051159
0.0055491
0.0007214
-0.0027726
-0.0088753
0.0083721
-0.0024369
0.0031949
-0.0029497
-0.0065118
0.0008818
0.0069193
-0.0069183
0.0029146
-0.0085661
-0.0017376
-0.0031555
0.0044447
0.0047614
0.009726
-0.0077672
-0.0073372
-0.0092562
-0.0056491
0.0071519
0.0027259
0.0059756
0.0046093
0.0069965
0.0041045
0.0054704
0.0088907
0.0093569
0.0050719
-0.0046915
-0.0059951
0.0053866
-0.0083921
-0.0060929
0.0026809
0.005807
0.0005686
0.0099637
0.0016028
-0.0085805
0.0033305
0.009513
0.0089071
0.0017368
0.0022314
0.0049064
-0.0084721
0.0064806
-0.0078273
-0.0034557
0.0098234
0.0032204
-0.0064618
-0.0069784
-0.0079386
0.0036787
-0.0084184
-0.0020439
0.0051322
-0.0057872
0.0026172
0.0031556
0.0076027
-0.0085804
-0.002715
0.0030211
0.0030827
-0.006356
-0.003381
0.0081848
-5.26e-5
0.0070093
-0.0079286
0.0092112
-0.0088687
0.0027983
-0.0050646
-0.0026742
0.0075606
-0.0087898
0.0021102
-0.0017189
-0.0002734
0.0062382
-0.007673
0.0052331
0.0005979
-0.0019033
0.0058498
-0.0083381
0.0002521
-0.0006269
-0.0078645
-0.0001177
-0.0066816
0.0045915
0.0022663
0.006663
-0.0014086
0.0065766
-0.0008759
-5.88e-5
-0.007845
-0.0025516
0.0062648
9.08e-5
0.0014859
0.0044479
-0.0067661
0.0055457
-0.0060801
0.0041979
-0.0008376
0.0052878
-0.0012808
0.0017565
-0.0020925
0.000114
0.0085336
0.0038436
0.000465
0.0005421
0.0047716
-0.0088751
0.0051322
0.0020828
0.0062114
0.0097946
0.0042064
0.0091631
0.0051355
-0.0024754
-0.0075658
-0.0050755
-0.0069583
0.0036536
-0.0042838
0.0038839
0.0069785
0.0010811
-0.0071971
-0.0007825
-0.0066824
0.0098585
-0.0060829
-0.0047952
0.0027353
0.0052682
-0.0041098
-0.008437
0.0099514
0.0016526
0.0088024
-0.008068
0.0001366
-0.0073083
-0.0010887
7.01e-5
-0.0083149
0.0082789
-0.0051728
-0.0026221
-0.0021876
0.0089861
-0.0045969
0.0061228
-0.002793
-0.0051136
-0.0070858
-0.0031616
-0.0075574
0.0026921
-0.0021181
-0.0063766
-0.0046348
0.0082175
-0.0001072
0.0028605
0.0083239
-0.006394
-0.0019532
-0.007932
0.0089145
-0.0056621
