-0.0078761
0.0086932
0.0053353
-8.93e-5
-0.0035345
0.0060586
0.0057976
0.0011665
-0.0038338
-0.0041092
0.005138
0.0081315
-0.0006656
0.0046063
0.0099588
0.0091341
0.0027889
0.0058165
-0.0046276
0.0022103
-0.0036255
0.0035394
0.0016116
0.0088716
-0.0037478
0.004336
-0.0054045
-0.0060606
-0.0078722
0.0006663
-0.0090987
0.0065308
-0.0009178
-0.0017165
-0.0024343
0.0092392
-0.0045761
0.0036721
0.0075501
-0.007822
0.0015943
0.0099507
-0.0063069
0.0048577
0.0010823
-0.0056521
-0.0007354
-0.0094266
-0.0041211
0.0065904
0.0056952
0.0027922
0.0096907
0.0056032
0.0080571
-0.0029345
-0.0077405
0.0076988
0.0033311
0.0016787
0.0085987
0.0051591
-0.0018944
-0.0037626
-0.0034983
0.0096181
0.0027333
-0.0063788
-0.0097972
0.0027044
0.0025288
0.0011069
0.0093302
0.0056295
-0.0096781
-0.0022213
0.0020938
-0.0090481
-0.0098667
0.0093842
0.0073643
-0.0090525
0.0008602
0.0058222
0.009631
-0.0045513
-0.0098593
-0.0002943
0.0093309
0.0054934
0.0076324
0.0022237
-0.007367
0.002456
-0.0089817
0.0082641
0.0076344
-0.0078257
-0.001546
0.0027587
0.0027806
0.0059806
-0.0004129
-0.001386
-0.0012804
0.0096982
0.0068353
0.0076442
0.0086815
0.0084222
0.0028775
0.0018715
-0.0066219
0.0059689
0.005756
0.0080846
-0.0005556
-0.009647
0.0013815
-0.0076059
-0.0042908
-0.0058837
-0.0071394
-0.0069341
0.0019909
0.0076393
-0.0008224
-0.0080311
-0.005261
-0.0034841
-0.0059089
-0.0037492
0.007983
-0.001865
-0.0078533
0.0026698
-0.0017128
0.0073981
0.001482
0.0095125
0.0066151
0.0001834
0.0048314
-0.0074472
0.0039029
-0.0083282
0.0023671
0.0041024
-0.0012925
0.009341
-0.0059126
0.0029242
-0.009054
0.0059394
-0.0097841
0.004702
0.0001722
-0.0058809
0.0051816
-0.0068785
-0.0067906
-0.0079389
0.0065934
-0.0013751
-0.0036763
0.009734
0.0001197
-0.0035518
0.0036972
0.0037402
-0.0072922
-0.0087654
0.0025841
-0.0017837
0.0030986
0.0044127
0.007681
-0.002529
0.0029896
-0.000992
0.0029177
-0.0077348
0.0049825
0.0094334
0.0062317
-0.0040272
0.001644
-0.0083358
-0.003994
0.0032756
0.005519
0.0003085
-0.0074682
0.0087723
-0.0074902
-0.0036057
-0.0092361
0.0047347
0.0045877
-0.0029184
-0.0031723
0.0055835
-0.0042568
-0.0091729
0.0004756
0.0048641
0.0076529
0.0074108
0.0082412
-0.0015485
-0.0010716
0.00427
-0.0052261
-0.0012958
0.0022401
0.0028246
-0.0096148
0.008619
-0.0036619
0.0077409
-0.0039807
0.0022436
-0.0099398
0.0083448
0.0095988
0.0066773
0.0076929
-0.0064151
0.0037185
0.0082159
0.0072412
0.0078717
-0.0032525
0.0072632
0.0058407
0.0082756
-0.0068999
0.000202
0.0082736
-0.0060386
0.0075003
0.0075267
0.003276
0.0056065
0.001269
-0.0024181
0.0031644
-0.0068441
-0.0016738
-0.0063483
-0.0070574
0.0027975
-0.0024404
0.0036544
0.002505
0.0082395
0.0073666
-0.0078508
-0.0031913
-0.0097941
-0.0047729
-0.0042663
0.0071069
-0.0094516
-0.0041005
0.0012247
0.0004511
0.0071905
-0.0015072
0.0070103
-0.0097929
0.004716
-0.0088326
0.001929
-0.0056084
0.0080223
0.0040988
0.0076849
0.0049583
-0.0053727
0.004144
-0.0016182
-0.0001789
0.0028334
-0.0088835
0.0048912
-0.0044207
-0.0098572
-0.0070256
0.0098605
0.0063243
-0.0094554
0.0048745
-0.0061489
-0.0075359
-0.0013111
0.0056383
-0.0063767
-0.0056918
0.0067958
0.0039303
0.0098117
-0.0044602
-0.0053051
-0.0064497
-0.0055882
2.75e-5
-0.0022967
-0.0027605
-0.004215
0.0090839
-0.0032125
-0.0070631
-0.002236
-0.008474
0.0029586
0.0045154
-0.0082206
-0.0054754
-0.0088282
0.0072362
0.003053
0.0041768
0.003578
0.0087949
-0.0013631
0.0058987
0.007401
0.0023314
-0.0093705
-0.0049429
0.0068766
0.0022004
-0.0017569
-0.006814
-0.0058487
0.0015744
0.000988
-0.0011183
-0.0009557
0.0028645
0.0054821
0.0026441
-0.0037524
-0.0098451
-0.0092439
0.0092758
-0.0044533
0.0021976
0.0048283
0.007929
0.0053765
0.0075453
-0.0065329
0.0050076
0.0093898
-0.0021989
-0.0007806
-0.0073498
-7.14e-5
0.0083304
-0.0029782
0.0053703
0.0095431
0.0097532
-0.0036682
0.0057904
0.0003478
-0.0033117
-0.0022972
0.0002003
-0.0012263
-0.0010596
0.0081859
-0.0013994
-0.0062177
-0.0070832
-0.0070817
0.0081646
0.0078594
-0.0067686
-0.0093016
-0.0022378
-0.0011375
-0.0080247
0.0072534
0.0002018
-0.0026702
0.0080599
0.004859
0.0064297
0.0097537
-0.0091067
-0.0035632
0.0013092
-0.0058504
0.0092148
0.004019
-0.002127
1.88e-5
0.0064071
-0.0078045
-0.0058315
-0.0052256
-0.0038777
-0.0024943
0.0024765
-0.0085385
0.0090003
0.004118
0.0041209
0.002705
-0.0092028
-0.0066171
-0.003352
0.0019387
-0.0061936
0.0046634
-0.0050935
0.009692
-0.0087196
-0.0043344
0.002699
0.003598
0.0084575
-0.0076428
0.004968
-0.0040373
0.0032001
-0.0090464
0.0035894
-0.005306
0.0017316
-0.0027507
0.0041875
-0.0053489
0.0041282
0.0069526
0.0074724
-0.0044014
-0.0035317
-0.0025039
0.0085741
0.0030373
0.0010218
-0.0081917
-0.0031212
0.0079642
-0.0074462
-0.0017354
0.0024479
-0.0004703
-0.0073724
-0.0042735
-0.0068006
0.006461
0.0057536
-0.0083953
-0.0079586
0.0028198
0.0013662
-0.0073481
0.0022693
-0.0032317
0.0037282
0.0036713
-0.0045227
0.0001126
0.0091936
0.0020873
-0.0006207
0.0083161
-0.0045197
0.0053563
-0.0017812
0.0043939
-0.005532
5.84e-5
-0.0097677
2.1e-5
0.0078955
-0.0001517
-0.0064094
0.0019849
0.0071041
-0.0026201
-0.0027648
-0.0040391
-0.0069777
-0.0072356
-0.0010226
-0.006212
-0.0045776
-0.0024313
0.0089294
