0.0085777
-0.0068208
0.0030313
0.0076692
0.0057483
-0.0041709
0.0027534
-0.001597
-0.001863
0.0019585
-0.0080854
-0.0082743
0.0095617
-0.0013997
-0.0045079
-0.0064544
-0.0041008
0.0011962
0.0037828
-0.0087758
0.0079581
-0.007326
-0.0024174
-0.0095728
0.00204
-0.0034484
-0.0044955
0.0008383
-0.0028964
0.0082843
-0.0038107
-0.0084258
0.004
-0.0068093
0.0068159
-0.0090559
-0.00809
0.0011204
0.0092095
0.0030306
-0.0004525
0.0076137
0.0012298
0.0091976
0.0093256
-0.0005931
0.0022655
-0.0087857
0.0080177
-0.0036031
-0.0069978
0.0098317
-0.0058085
0.0021686
-0.0064723
-0.0033815
-0.0058923
0.0093753
0.0027067
-0.0006712
-0.009185
0.0061994
-0.0086085
0.0035508
-0.0054298
-0.0078347
-0.0001623
0.0029234
0.0098664
-0.0017935
-0.0040978
-0.0070888
-0.0018025
0.0025954
0.0093824
-0.002302
0.0079835
-0.003272
-0.0081639
-0.0023516
-0.0096784
0.0011898
-0.0092277
0.0028806
-0.0053553
0.005941
-0.0080388
0.0048303
-0.0029923
-0.0096254
0.0075043
0.0028014
0.0082883
-0.0043013
-0.0051825
-0.0078707
-4.34e-5
-0.0098778
0.0079571
0.005714
0.0085519
0.0058808
-0.0002736
0.0069987
-0.0011076
-0.0029595
-0.00373
-0.0057929
-0.0025039
-0.0030566
-0.0048207
0.0038784
-0.0059536
0.0051206
0.0074868
-0.0091843
0.0044186
-0.0004625
0.0058899
0.0097077
0.0061968
0.0009848
0.0020704
-0.0010197
0.0001123
0.0078071
-0.0018129
0.0037458
0.0028287
0.0088415
0.0062075
-0.0006184
0.0053799
0.0018618
-0.0066212
0.0003324
-0.0022459
0.0051703
-0.0075484
0.0011732
-0.0061865
-0.0050161
0.0022924
-0.0060443
0.0098627
-0.0090647
-0.0097845
-0.0080571
0.0002485
-0.0038406
0.0071889
-0.0001476
-0.0005142
-0.0003234
0.0007391
0.0055273
0.0095369
0.0053744
0.0030295
0.0010667
-0.0073244
0.0040859
-0.0051922
0.0032034
-0.0003209
-0.0054834
0.0002494
0.0057478
0.0053507
0.003795
-7.37e-5
-0.0098656
0.0093133
0.0046029
0.0062426
-0.0083699
-0.006811
0.0037753
0.0018677
-0.0026682
0.0015002
0.0070533
0.0067462
-0.0067673
0.0014814
-0.0077682
0.0036296
0.0069303
-0.0086187
0.0080615
0.0002029
-0.0037295
0.0084826
0.0092656
-0.000156
0.0066518
0.0076522
-0.0083757
-0.0015022
0.0078609
0.0028411
-0.0078856
0.0039003
0.0065884
0.0076915
-0.0010151
0.000109
0.0028261
-0.0099089
0.007901
0.0007406
0.0046432
0.0001698
0.0070953
1.53e-5
0.008895
0.0042264
-0.0032233
0.0022664
-0.0020883
0.0099795
-0.006134
-0.0095971
-0.0095544
-0.0079069
-0.0085847
0.0050638
0.0079542
-0.0035846
-0.0095278
0.008877
0.0042717
0.0061208
-0.0031521
-0.0049085
0.0060281
0.0012006
-8.85e-5
0.0057345
-0.0064939
0.001162
0.0015457
0.0017362
-0.0015474
0.0063252
0.0071863
0.0036746
0.0029386
0.0036925
-0.0052515
0.0061855
0.0032196
-0.0014
0.0026294
0.006547
0.0020294
-0.0063086
-0.0029318
0.0048032
0.0003633
-0.0062226
0.0017714
-0.0051927
-0.0037961
-0.0013689
0.0035279
-0.0065239
0.0057596
0.0076026
-0.0016202
0.0089157
-0.0038839
-0.0009645
-0.0040144
0.0024492
0.0076453
0.0097026
-0.0036612
-0.0064289
0.0077868
0.0010498
0.0029525
-0.0092282
0.0033703
-0.0011631
-0.0056901
-0.0089111
0.0090135
-0.001156
-0.0047315
-0.0030612
0.0067136
0.0028735
-0.0003436
0.0003325
-0.0024546
-0.0046213
-0.00993
0.0037722
0.0056918
0.0031088
0.0036706
0.0065097
-0.0067672
-0.0025728
0.000117
0.0011517
-0.0071504
0.0025354
0.0075787
0.0076158
-0.0026784
-0.0073354
-0.0096522
-0.0024473
-0.0019958
0.0055818
0.0004984
0.0084001
0.0017982
0.0025798
0.0048827
-0.0046508
2.61e-5
-0.0072785
-0.0016068
-0.0070576
-0.0018858
-0.0083964
-0.0043065
-0.0076712
0.0058975
0.0055091
-0.002248
-0.0074106
0.0071766
-0.0003137
-0.0064503
-0.0094251
0.0085807
-0.0062608
-1.49e-5
-0.0065481
0.0054559
0.0092297
0.0008155
0.008299
0.0058204
0.006723
-0.0049052
-0.0038861
-0.00765
-0.000486
-0.0029599
-0.0040758
0.0024075
0.0079653
-0.0043877
0.0009693
-0.0026641
0.0062434
-0.0087818
0.0060612
-0.0093112
0.0051679
-0.0036677
0.0001012
-0.0065477
-0.0034566
0.0042948
0.0004114
0.0046202
-0.0036424
0.0062522
-0.0041636
-0.0064012
-0.0087025
0.0041705
-0.0068601
-0.0085746
-0.0073832
-0.0027915
-0.0021249
0.002288
0.0002078
-0.0064501
0.003939
-1.88e-5
-0.0052333
-0.0073623
0.0060842
0.0094184
0.0073902
-0.0015656
0.0018696
-0.0045989
0.0034863
0.0036792
0.0007236
0.0090675
0.0031452
0.0015816
-0.0002912
0.0071398
-0.00439
-0.0081766
-0.0025168
-0.0047369
-2.65e-5
0.0075945
0.0062612
-0.0024569
-0.00821
-0.0059755
-0.0076201
-0.0043548
-0.0078585
0.0082207
0.0075787
0.0079581
0.0003212
0.0019191
-0.0069741
-0.0082824
-0.0033536
0.0077603
-0.0081518
0.0048836
-0.0087997
0.0085553
0.0040727
0.0055707
0.0026476
0.0079048
0.0057704
-0.003974
-1.43e-5
-0.0055365
-0.0018624
0.0056927
0.0015543
-0.0071739
-0.0023092
-0.0077722
0.0057862
-0.0051368
-0.0029876
-0.0010798
-0.0061662
0.0050086
-0.003099
0.0013008
-0.0016676
-0.0090065
-0.0013724
0.0068408
-0.0093573
0.0052479
-0.0061362
-0.0073252
-0.0091005
-0.0028192
-0.0021911
-0.0024032
0.0056006
0.0090223
-0.0001427
-0.0010241
0.0095773
0.0057965
0.004845
-0.0089818
-0.0039163
-0.0024936
-0.0045996
0.0094748
0.0062186
0.0037372
-0.0087382
0.0010161
0.0018535
0.0070778
0.0029061
-3.03e-5
0.0010264
-0.0001303
0.0094606
0.0029806
0.0081422
-0.0080247
-0.0053145
-0.0040385
-0.0001184
0.0073598
-0.008662
