0.0099924
-0.0032514
-0.0063497
-0.0072708
-0.0021603
0.0062269
-0.0037719
-0.000754
0.0037922
-0.0029251
-0.0044203
-0.0077684
0.0048893
0.0012348
0.0080403
-0.0021743
-0.0079547
-0.007415
-0.0086943
-0.0066829
0.0021258
-0.0076531
0.00934
-0.0031497
-0.0079642
-0.0007629
-0.0046914
0.0025752
-0.0073184
-0.0005827
0.0081047
0.0058357
-0.0044751
0.0004133
-0.0023686
-0.0098649
-0.0019946
0.0035021
0.0078571
-0.0086224
-0.0027289
0.0029386
-0.0082157
-0.0043911
0.0099932
-0.0088433
0.0070386
-0.0092046
0.0064061
0.0037353
-0.0008183
-0.0061589
-0.0092472
-0.0037034
0.0034181
-0.0051722
0.0072942
-0.0033019
0.0006242
0.0036596
0.0094155
0.0063675
0.0059276
-0.00243
-0.0005578
-0.0016243
-0.0019658
0.0067976
0.0045102
-0.0047273
-0.0077343
-0.0073717
0.0034259
0.0031031
-0.0017797
0.0084747
0.0075368
-0.0039234
0.0044383
-0.0049647
0.0024564
0.0060305
-0.0035073
-0.0023339
-0.0064216
0.0024143
-0.0067696
0.0096345
0.0054383
0.008258
-0.0002406
-0.0048687
-0.0088229
0.0041936
-0.0043681
-0.0059309
-0.0037076
-0.000632
0.0086841
0.0019679
0.0012608
-0.0002178
-0.0056635
0.003297
0.0097277
-0.0047794
0.0072429
0.0013629
-0.004167
0.0034114
0.0028758
-0.0058112
-0.0013214
-0.0072161
-0.0091737
0.0095037
-0.0048561
-0.0042807
-0.0011882
0.0077443
-0.0044186
0.009052
-0.0010757
0.0028559
0.0085914
-0.0026199
-0.0057236
0.0038586
-0.0057328
-0.0047338
-0.0093788
0.0045381
0.0040437
0.0052272
-0.0076362
0.0029594
0.0041748
-0.007516
0.0085858
0.0019899
-0.00087
-0.0089393
-0.0072163
0.0067547
0.0050859
0.0024733
-0.0092142
-0.0052794
-0.0052045
-0.0023557
-0.0044962
-0.0051965
0.0089877
-0.0068268
0.0096889
0.0092325
0.00177
0.0096162
-0.0052547
0.0069736
-0.0092545
-0.0046067
0.0047754
-0.0054743
-0.0002629
0.0063825
-0.000588
-0.0095033
0.002137
0.0084852
-0.0047508
-0.0013203
-0.0002836
-0.0015552
0.0086572
0.0038169
-0.0078289
-0.00412
0.0028721
-0.0050899
0.0070386
-0.0069423
0.0049862
0.0008506
-0.0041745
-0.0081165
0.0046843
0.003161
-0.0036947
-0.0009909
-0.0022944
-0.0083729
0.0006998
-0.0093046
0.004858
-0.0014599
0.0006083
0.0050515
0.0002652
-0.0064809
0.0012048
0.0095642
-0.0027381
-0.0081392
-0.0041453
-0.0048072
0.0022743
0.0030256
-0.0027005
-0.0060311
0.0034105
0.0004721
0.0040686
-0.0010325
0.0069133
0.0046858
0.0070226
-0.0089714
0.0082132
-0.0086378
0.0084795
-0.0042444
0.0023146
-0.003303
-0.0089518
-0.0095222
-0.0096622
0.0015618
0.007214
0.0092272
-0.0005333
-0.0063285
-0.0037557
0.0081527
-0.0035723
-0.0023322
-0.0091323
0.0090242
-0.00313
-0.0094759
-0.0048551
-3.77e-5
-0.0096376
-0.0071856
-0.0087885
-0.002359
0.0051212
0.0029089
-0.0016963
-0.0006346
0.0060571
0.0090336
0.0074681
0.0064225
-0.0072789
0.0077321
-0.0051751
0.0013466
0.0035007
-0.0012699
-0.0012996
-0.004876
-0.0001546
0.0034557
0.003002
0.0034498
0.0046001
0.0038832
-0.0066733
-0.0090099
-0.0039048
-0.00159
-0.0035461
-0.0067885
0.0031424
-0.008365
0.0057168
0.0024504
0.0081128
0.0063853
-0.0097235
-0.0048532
-0.0060263
-0.0010399
0.0098382
0.0086556
-0.002828
0.0084311
-0.0013712
-0.0033461
-0.0067793
-0.0066389
0.007246
0.0026141
-0.0034027
-0.0020918
0.0089331
-0.0085573
-0.006172
-0.0059756
0.0044057
0.0007808
-0.0044802
0.0071936
-0.0006564
-0.0007538
-0.0078432
0.0018936
8.79e-5
0.0066703
-0.0035705
8.08e-5
-0.0059015
-0.003166
-0.0079365
-0.0043597
-0.0042482
-0.0061747
-0.0084376
0.0064302
-0.0039555
-0.0018698
-0.0016193
0.0047037
0.0080664
0.0082356
-0.0066874
0.003149
0.0072797
0.0078121
0.0044765
-0.0014904
-0.0065277
-0.00555
-0.0015505
-0.00152
-0.0050482
0.0093483
-0.0013984
0.0087099
0.007187
-0.0053344
0.0047861
0.0067562
0.0023157
-0.000384
-0.009093
-0.0085317
-0.006494
0.0079207
0.006803
-0.0039364
-0.0005258
-0.0003722
0.0044265
-0.0032153
-0.0047551
-0.0002068
-0.0097989
-0.005666
-0.0023742
-0.0060179
0.0008827
0.0003304
-0.0082824
-0.0078277
-0.0061186
0.0062118
-0.0010739
0.0045337
0.0036903
-0.0050264
0.0067705
-0.0074927
0.0006315
-0.0074973
0.0055694
-0.0077057
0.0009934
0.0062734
0.0094059
0.0058901
-0.0037603
-0.002744
0.0085362
0.0048617
0.0009348
-0.0077218
-0.0037343
0.001625
0.007132
0.0050765
0.0030875
0.0029376
0.0008169
0.0056964
-0.007966
0.0059021
-0.0094225
0.0004148
0.0003747
-0.0038403
-0.0044816
0.0054138
-0.0004876
0.0033996
-0.0079414
-0.0007641
0.0012045
0.0088489
-0.0032763
-0.0065548
-0.0054714
0.006116
-0.0020981
-0.0008463
-0.0063145
0.0021799
-0.0097038
-0.0045383
-0.0069535
0.0098964
-0.0062695
-0.0007793
-0.0094398
-0.0082791
0.0097651
0.0043088
-0.0097675
-0.0082758
0.0031719
0.0036518
0.0078174
0.0088198
0.0065856
-0.0017383
0.0091088
-0.006925
-0.0057499
-0.005075
-0.0073972
0.0046016
-0.0039406
-0.0024766
0.00691
-0.0071776
-0.0070988
0.00234
-0.005689
0.0094964
-0.0077445
0.0065761
0.0088533
-0.0044205
0.0003859
-0.0023974
0.0066143
-0.0093376
-1.73e-5
-0.0082602
-0.0033647
0.0004506
-0.0033086
-0.0080729
-0.0076379
-0.0098599
0.0050252
0.0034339
0.0009663
0.0013159
0.0052144
-0.0079168
0.0024482
0.0002271
-0.0087141
-0.0056586
0.0095289
-0.0035566
-0.0083048
0.0033166
-0.0062682
0.0098632
0.0019379
0.0073804
0.002132
0.0097773
-0.000929
-0.0008522
-0.0014465
-0.0052666
0.0037337
0.0072998
-0.0099256
-0.0086449
-0.0056855
