0.0007319
0.0055863
0.0094225
-0.0097685
-0.001861
-0.0048165
-0.0031631
0.0090613
-0.008123
-0.0064172
0.0002576
-0.0019179
-0.0088916
0.0031758
-0.0096215
-0.0099967
-0.0067176
0.0018614
0.0055171
0.006492
-0.0051653
-0.0028962
0.0014801
-6.35e-5
0.0086547
0.0058187
-0.0099979
0.0019713
-0.004032
0.0082336
0.0054012
0.0051297
0.0061729
-0.0085175
-0.0030509
-0.0046757
-0.0034546
0.0062664
0.0078445
-0.0036817
0.0076602
-0.0047514
-0.0015035
-0.0042949
0.0090408
-0.009369
-0.0065016
-0.0082163
0.005816
0.0007994
-0.0091232
-0.0014673
0.0028298
0.0086505
0.0036185
0.0054371
-0.0040125
0.0082588
0.0019158
0.0077937
0.003338
-0.0089219
0.0099875
-0.0014981
-0.0094442
-0.0013777
-0.0058505
0.004819
0.0080092
-0.0032946
0.0020287
-0.0089405
0.0008002
0.0027033
0.0066114
0.0082179
-0.0019602
-0.0085144
-0.0012246
-0.0086082
0.0022692
-0.0008679
-0.0070469
0.00196
0.0018141
-0.0075561
-0.0048393
-0.0052215
-0.0039455
0.0008995
0.0057772
0.0031412
-0.0066127
-0.0013992
-0.0057396
-0.0024393
0.0098081
0.0081851
-0.0006601
0.0081512
-0.0069904
4.58e-5
0.0071632
-0.0018321
0.0063205
-0.0023652
-0.00316
0.0078843
0.0031888
-0.0017749
-0.0056058
-0.0043054
0.0040644
0.001211
0.0069708
0.0085965
0.0076721
0.0059753
0.0079667
0.0002979
0.006577
-0.0070604
1.26e-5
-0.0005984
-0.00238
-0.0077421
-0.0071006
-0.0003545
-0.000247
0.0015461
0.0002388
0.0023247
-0.0024013
-0.0063162
-0.0066257
-0.0015817
-0.008799
0.0094495
-0.0088903
-0.0096933
0.0042102
0.0086684
0.0067961
0.0078281
0.0054495
-0.0079842
-0.0090704
-0.0013423
0.0077838
-0.0021
0.0035819
0.0037283
-0.0088952
-0.002376
-0.0063057
0.0073031
0.0053117
-0.0046523
-0.0074678
-0.0008121
-0.005578
-0.0073484
0.0001333
0.0082326
-0.0043747
0.0086157
0.0052196
-0.0069323
0.0069696
0.0051096
0.0030519
0.0001189
-0.0063947
0.0061145
0.0043631
0.0063799
0.0083064
-0.0036624
0.0077932
0.005839
0.0093542
0.0086084
0.0018064
0.0088621
0.0052702
0.0076694
0.0014325
0.00128
-0.0046154
0.0079642
-0.0035812
-0.0085124
-0.0003896
-0.0032894
-0.0007572
-0.0037349
-0.0049882
0.0034371
-0.0038572
-0.0059137
0.0091536
-0.0033015
-0.0088688
-0.009202
0.0037799
0.0027017
0.0051537
0.0018985
0.0080689
0.0094946
0.0057822
-0.0010278
-0.0099693
-0.0018185
-0.0058752
-0.0093607
0.0075673
-0.0084012
-0.003155
0.0012325
-0.0054908
0.0001721
-0.0075476
0.0008087
0.0022167
-0.0075508
-0.0068908
0.0055867
-0.0030734
-0.001486
0.001748
-0.0070412
-0.0022127
-0.0027424
0.004475
0.0051821
0.0021977
0.0040049
0.0029009
-0.0085606
0.0061505
0.0044863
0.0081312
-0.0071771
0.0069384
-0.0036665
0.0065028
0.00666
0.0005236
-0.0010826
0.0034987
0.0095573
0.0096116
0.0063761
-0.0058793
0.004296
0.0009307
0.0067194
0.0079764
-0.0049297
0.0064256
-0.0091501
-0.0014798
-0.001064
0.0087083
0.0015139
-0.0069631
0.0056077
0.0092419
0.0066349
-0.005381
-0.0036943
-0.009261
-0.0058544
0.0071491
0.0062874
0.0091552
0.006973
0.0052296
-0.0058473
-0.0031812
0.0097355
0.0040313
-0.0042181
-0.0026396
0.002214
0.0017593
0.0048516
0.002001
-0.0074574
-0.0090664
0.0049477
-0.0087688
-0.0044249
-0.0079953
-0.0098034
-0.0040757
-0.0075756
-0.0030171
-0.0046256
0.0030494
-0.0037196
0.0078724
-0.0002628
-0.0097339
0.0020651
0.0029946
-0.0087386
0.0055021
-0.0013853
0.0012366
-0.003177
-0.0037055
-0.0019945
0.0092031
0.0074096
-0.0077024
-0.0018659
-0.0084672
0.0035461
-0.0065585
0.0041936
-0.0042898
-0.0046002
0.0077633
-0.0004805
0.0022764
0.0067613
-0.0060592
-0.002465
0.0060265
-0.008068
-0.0045873
0.0099791
0.0018872
-0.0036046
0.0029008
-0.0068274
-0.007313
0.0076667
0.0036557
-0.0082763
0.0026715
0.0046088
-0.0045946
0.0051812
0.0080974
0.0099751
-0.0055507
-0.0057071
-0.0075705
-0.0029233
0.0086951
0.0035489
0.0065451
-0.0046076
-0.0043053
-0.0020944
0.0043995
-0.0077873
0.0016806
-0.0036793
-0.0065198
-0.0008658
0.0033358
0.0005423
-0.0002135
-0.0001775
0.0039856
-0.0055537
0.0066657
0.0051045
-0.0065743
-0.0043812
0.0014186
-0.0027267
0.0088507
-0.006076
-0.0040642
0.0097325
-0.0017385
-0.0022082
0.0017309
-0.0069505
-0.0020882
0.0017576
-0.0079348
0.0006021
-0.0045313
0.0002265
-0.0059557
-0.0063606
0.0011119
-0.0022166
0.0067573
0.0099932
0.0059831
-0.0014802
-0.0048924
0.0082091
0.0040093
-0.0041741
0.0050036
0.0006185
0.0030394
0.008931
-0.0009182
-0.0096839
-0.0054795
0.0031505
0.0022306
-0.0068443
-0.0062322
-0.0056484
-0.0073365
0.0092093
0.0032322
0.0083795
-0.0055893
0.0072798
0.0040414
-0.0014342
-0.0071517
-0.0032817
-0.0021053
-0.0079084
-0.0066723
-0.0094747
-0.0072461
-0.0051195
-0.0035055
-0.0069888
0.0093132
0.0020328
0.0036469
-0.0071751
0.0040676
0.0098904
6.42e-5
-0.0054398
0.0080939
-0.0022624
0.0090847
0.0097832
-0.0067864
0.0074256
-0.0061677
-0.0005547
-0.0005738
-0.002684
-0.0076396
0.0003402
-0.008753
-0.0063663
0.008488
0.0006646
-0.0035862
-0.0078814
-0.008233
-0.0060528
0.0078848
0.0015318
-0.0048181
0.0069643
0.0073725
-0.0090635
-0.0024032
0.0045804
-0.0079934
0.0072505
0.0067374
0.0042981
-0.0044005
0.0070747
-0.0068377
-0.0060151
0.00828
-0.0011838
-0.0025183
-0.0065832
-0.0077443
-0.009751
-0.0001769
-0.0063882
-0.0055555
-0.0028235
0.0048572
-0.0022509
-0.0030199
-0.0062014
0.0020349
0.0046012
0.0063136
-0.0034692
0.0019526
