0.0018055
-0.0074249
-0.0091882
-0.0082344
-0.0046839
-0.0040565
0.0011105
-0.0040532
0.0071567
0.0082707
0.0093749
0.002189
-0.0028357
-0.0033777
0.003448
-0.0037172
0.0066797
-0.0016314
-0.0052089
0.0001924
-0.0008255
0.0056706
-0.0006635
0.0004951
-0.0030335
-0.0044451
0.0065399
-0.0061571
-0.0009064
0.0073558
0.006432
-0.0077582
0.0058832
-0.0058792
0.0063217
0.0011399
0.0088858
-0.0090567
0.002896
-0.0068242
-0.0006451
0.0052628
-0.000202
0.0085818
0.0091842
0.0012398
-0.0093936
0.0027673
-0.0085976
0.0008246
0.0006204
0.0092644
0.0013592
-0.0059762
-0.0073869
-0.0092413
0.0043316
0.0001675
0.0069621
-0.0011711
-0.0013313
-0.0003065
0.0024228
-0.0028092
0.0070297
-0.0075222
-0.0052918
0.0081615
-0.0033028
0.0013088
0.0094971
-0.0015009
0.0015967
-0.0015669
0.0060739
0.0075418
0.0051219
-0.0033706
-0.0068844
-0.0099376
-0.0076325
0.0014556
0.004448
0.0039563
0.0086464
-0.0026406
-0.0011041
-0.0013149
0.0048846
-0.0055838
0.0056203
-0.000728
0.0031569
0.0001628
0.0051697
0.0003848
0.0007526
0.0057492
0.0066769
0.0079113
0.0057122
-0.0062808
-0.0049214
0.0072134
-0.0046721
-0.0050474
0.0032275
-0.0021173
-0.0011672
0.0070104
-0.008692
0.0097311
-0.0018778
-0.0053159
-0.0004356
-0.0008719
-0.004946
-0.0025071
0.0050498
0.0049274
7.51e-5
-0.001515
-0.0065064
-0.0041926
0.0041008
-0.0047202
-0.0075965
-0.008875
0.000843
-0.0065266
-0.0035676
0.0069175
0.001682
-0.0058197
0.0097675
0.0038235
-0.0018135
0.0053182
-0.0088806
-0.003088
0.0077071
-0.0013303
0.0042894
-0.0088354
-0.0092919
-0.0027856
-0.0008606
-0.0052785
0.0069768
0.0008649
-0.007188
-0.0084665
-0.0086734
-0.0024417
0.001189
-0.0014407
-0.0079106
-0.0045516
0.0080395
0.0054994
-0.0080031
0.0091385
-0.0086397
0.0056085
-0.0039874
-0.0036639
0.0044384
0.0001865
0.0053748
-0.0092829
0.000984
0.00043
0.0007709
-0.0042205
0.0041798
-0.0093856
0.0075164
-0.0021619
-0.0034315
0.0008716
0.0086407
-0.0018357
-0.0034139
0.0022895
-0.0059546
-0.0059311
-0.001762
-0.0083183
-0.0011734
-0.0057879
0.0021469
-1.3e-5
0.0097672
0.0010599
-0.0093016
0.0062002
8.97e-5
-0.0069329
-0.0025211
0.007875
0.0039417
0.0072232
0.0040309
-0.0053875
-0.0043927
-0.0037265
-0.0016295
0.0065326
-0.0026152
-0.0069813
0.0056625
-0.0079981
-0.0095153
-0.0068708
-0.0081547
-0.0010266
-0.005614
0.0047902
-0.0008866
0.0067117
-0.0080248
-0.0006753
0.0039088
-0.0062267
0.0060793
-0.0095545
0.0055028
0.0007922
0.0026313
0.002856
-0.0026444
0.0019418
-0.0038346
0.0090041
-0.0048909
0.0063896
-0.0052117
-0.0073073
0.0009038
-0.0065156
0.0099008
0.0040271
-0.0084693
0.0033597
-0.0091143
0.0085172
0.0069985
0.0013309
-0.0033884
0.0080633
-0.0049135
-0.0047365
-0.00617
0.0033654
0.0026641
-0.0044733
-0.0087929
0.0094023
-0.0029589
-0.0095621
0.0054221
-0.0085516
0.0029138
-0.0062938
0.0085025
-0.0062291
-6.72e-5
-0.0077372
-0.0072488
-0.0063294
-0.0049274
0.0042816
-0.0095591
0.0006181
0.0081866
-0.0088524
0.0032097
-0.0033369
0.0038684
0.0006705
0.001101
-0.005183
0.0018996
-0.0019706
0.0051589
-0.0035776
-0.0054406
0.0041725
0.0096806
-0.0086339
-0.0082417
0.0038602
-0.0056199
0.00232
0.0098756
0.0077965
0.0081974
-0.0010511
-0.0080382
-0.0032853
0.0089949
-0.0088445
-0.0044165
-0.0047542
-0.0023405
0.0034325
-0.0029324
-0.00191
0.0098872
-0.0075252
0.0024619
0.0098984
-0.0099604
-0.0051445
-0.0025514
0.0056966
0.0060002
-0.0089457
0.0069067
-0.003813
-0.0014077
-0.0066982
-0.0063316
0.0066117
0.0099481
0.004711
-0.0023412
0.0096392
-0.0061997
0.0059109
0.0091604
0.0032352
-0.0021615
-0.0050005
-0.0069833
-0.0028978
0.0035353
0.0021225
0.0097169
-0.0060583
-0.0067443
0.0023218
0.0096802
-0.0089758
0.007977
0.0023385
-0.0094795
-0.0049993
0.0036389
-0.0089131
0.007428
0.0060086
6.06e-5
0.0061724
0.0002954
-0.00268
0.0061178
-0.0050381
-0.0055764
-0.0032046
-0.0086062
0.0041456
-0.0078733
-0.0062626
0.0091987
-0.0077733
-0.0027826
0.0063984
-0.0029094
-0.0068868
-0.0082856
0.0001011
-0.0047035
-0.0093618
-0.0064701
-0.0055158
-0.0025268
-0.0010082
0.008121
0.0015003
0.0059695
-0.0078733
0.008731
0.0063433
-0.0004975
-0.0015231
0.0077142
0.0087346
0.0092449
0.0052839
-0.0069836
-0.0009475
-0.009938
-0.0080182
-0.0083068
-0.0005648
-0.0051203
0.0006537
-0.0075
-0.0042422
-0.0098852
0.0074505
0.0066021
-0.0093661
-0.000298
-0.0073015
-0.0055857
0.0068756
0.0080152
-0.0050755
-0.0075638
0.0017025
0.0079913
0.0079317
-0.0075
-0.0019307
0.0097105
0.0084785
-0.0046643
0.002814
-0.0058185
0.00157
0.0041969
0.0091986
-0.0002994
0.0071226
0.004517
0.0028639
-0.0043511
-0.0044521
-0.0086583
-0.0009147
-0.005474
-0.0043978
-0.0019051
-0.0098839
0.0099536
-0.005956
0.0002935
-0.007139
-0.002255
0.0019425
-0.0031723
0.007163
0.0019658
0.0016606
-0.0023134
0.0001349
0.0043887
0.006473
-0.0042506
-0.0009254
0.0041541
0.001131
-0.002557
-0.0052647
-0.003126
0.0093527
-0.0012509
0.004993
-0.0036773
0.000794
-0.0040364
0.0098227
0.002574
0.00614
0.0078729
0.0070949
0.0054763
-0.0025231
0.0071773
0.0038194
-0.0014186
0.0086982
-0.0040015
0.0066216
-0.0099137
0.0053727
-0.0051949
-0.0013245
-0.0027847
0.0090981
-0.0028132
0.0054017
0.0053332
-0.00088
-0.0057488
-0.002902
-0.0002551
0.0060492
-0.0056949
-0.0049108
0.0080579
0.0048281
0.0060573
