0.0060164
-0.0010001
0.0051658
0.0084721
0.0013594
-0.0041989
-0.0008752
-0.0097842
-0.0064201
0.0075683
0.0096255
-0.0049601
0.0022353
-0.0072206
0.002805
0.007124
0.0001859
0.0052024
-0.0024286
0.0087187
0.0006713
0.0030043
0.0041337
-0.0071123
-0.0041196
0.006716
-0.007979
0.0017186
0.0072056
-0.0089039
-0.0064638
-0.0021244
-0.009832
0.0014885
-0.0036727
0.0016969
0.0002922
-0.0073178
-0.0018511
0.0058929
-0.0092974
-0.0056696
0.0040014
-0.0067408
-0.0097933
0.0014135
0.0070337
0.0013428
0.0003587
0.0051661
-0.0025266
0.0069299
-0.0011534
0.009376
0.0080246
0.0043569
-0.0048262
0.0014047
-0.0049492
0.0095068
-0.00535
-0.0006393
-0.0039696
0.002512
0.0069635
0.0028573
-0.0036484
-0.0029876
0.0098517
0.0004682
-0.0027309
0.0088404
0.0060041
-0.0041107
0.0083858
-0.0098239
-0.0046637
-0.0029379
0.0054852
0.0070526
0.001461
-0.002023
0.0061924
-0.0004961
-0.000248
0.0042064
-0.0075081
0.0073368
-0.0092028
-0.008361
0.0001997
0.0061332
-0.0027629
-0.0073514
0.0020381
-0.0021708
-0.0031611
-0.0089186
-0.0059046
-0.0085021
0.0044497
-0.0096052
-0.0065603
-0.0054051
-0.006726
-0.0020162
0.005571
0.0018459
-0.0032318
-0.0049206
0.004266
-0.0038333
0.0058079
0.0026067
0.0042274
0.0056
0.0014246
0.003684
0.0065169
0.0037577
0.0083599
0.0016781
0.0018224
-0.0021859
-0.0047665
0.0051583
0.0022792
-0.0074271
-0.0008117
-0.0041684
0.0059895
0.0036255
0.0013932
-0.0023553
0.0075114
0.0023653
0.0082628
-0.0038048
0.0017627
0.0057178
-0.0034636
-0.0002268
0.0093174
-0.0038817
0.0038539
0.0002228
0.0053515
0.0062743
-0.0094633
-0.0062066
0.0032849
0.004897
-0.008208
0.008107
0.0004706
-0.0008301
0.003879
-0.0024363
0.0079015
0.0036274
-0.0027188
-0.0069594
-0.0028717
0.007437
0.0028726
0.0058222
0.0097596
-0.0091876
-0.0048742
-0.0038461
0.0015224
0.0084742
-0.0061095
-0.0087799
-0.0014121
-0.0032153
-0.0094995
0.0090831
0.0043693
-0.0013511
-0.009784
0.0017876
-0.0058414
-0.004492
0.0005798
-8.98e-5
0.0065504
-0.0078891
-0.0067192
0.0026318
-0.0029966
-0.0007296
-0.0095787
-0.0081704
-0.0032808
0.0021017
-0.0073318
-0.009163
5.5e-6
-0.005247
-0.0004299
0.0097748
0.006008
0.0091259
0.0091872
0.0090196
0.0045859
-0.007439
0.0018773
0.0010989
-0.0073445
0.0099057
0.0070462
-0.0003316
-0.001342
0.0013483
0.0060891
-0.0092108
0.0082424
-0.0096966
-0.0044466
-0.0025249
0.0017611
0.000175
0.0021235
0.0068083
0.0042039
0.0056852
0.0064892
0.0075693
-0.0065497
0.0050451
0.0047088
0.0024315
-0.0049781
1.84e-5
0.0094384
0.0011861
0.000822
0.0051651
0.006029
0.0014544
0.0035029
0.006514
-0.0038424
-0.0078832
0.0034261
0.0024263
0.004753
-0.0044693
0.0053624
0.0061899
-0.0040223
-0.0019001
-0.009274
0.0072948
-0.0045738
0.0097143
-0.0096016
0.0065843
-0.0047927
0.0090755
-0.0022405
0.0080151
-0.0036611
-0.0060716
-0.0010365
0.0066304
-0.0073367
-0.0078879
-0.0089163
-0.0017685
-0.0087536
0.0017875
0.0097645
-0.0051465
-0.0085463
0.0016513
0.0004692
-0.0082124
-0.0059581
-0.0048517
-0.005434
0.009684
-0.0046287
-9.4e-5
0.0082799
-0.0097347
0.0069522
-0.0013033
0.0039679
-0.0098812
-0.0022805
-0.0069835
0.0048863
0.0056121
0.0086881
0.0033487
-0.0088237
0.0024142
0.0027251
0.0023829
-0.0094623
0.0032582
0.0064581
-0.0043491
0.0043206
0.0054762
-0.0067781
-0.0057001
-0.0021579
-0.0036696
0.0027353
-0.0068007
0.0084323
-0.0028815
-0.0026259
0.0078671
-0.001549
-0.0043222
0.0013873
0.0096761
-0.007643
0.0027885
-0.001812
0.0048112
-0.0022627
0.0049189
0.0053494
0.0012817
-0.0070316
-0.0058359
-0.0054245
-0.0022036
0.0061761
-0.0084578
0.0094464
-0.0018077
-0.0070528
0.0074369
-0.0047244
-0.0079648
0.004271
0.0029954
-0.0073631
0.0008981
0.0075927
-0.0002728
0.0038004
0.009145
-0.0035314
0.0024775
-0.004087
-0.0002046
-0.0020225
-0.0045573
0.0039151
-0.0073384
-0.0045214
-0.003564
-0.0030373
0.004654
0.0045318
-0.0033439
-0.0017881
0.0031788
-0.0043866
-0.0073136
-0.008383
0.0094277
-0.0041232
0.0002926
-0.0038834
0.0008069
-0.0097138
-0.0016218
0.0042956
-0.0066181
-0.0030082
0.0088785
-0.0019296
-0.0022505
0.0027062
-0.006686
-0.0004092
-0.0008656
0.007943
0.0072541
-0.0041171
0.0077786
0.006166
-0.0052673
-0.0099047
0.0054351
-0.0092053
0.0005619
0.0045663
-0.0033466
-0.003723
-0.0005429
-0.0040601
0.0089822
0.0084724
0.0047416
0.0029495
0.0074658
-0.0095289
-0.0094801
0.0093323
0.007715
0.003226
-0.000527
0.0009973
0.0029091
0.0063057
-0.0051705
-0.0063363
0.0086007
-0.0057961
0.0027757
0.0006951
-0.0049237
-0.0003681
0.0057992
0.0008732
-0.0080864
0.0092436
0.0077763
0.0078302
-0.0006595
-0.0069336
-0.0016017
-0.0073035
0.0036786
-0.0094311
-0.005333
0.0044883
0.0021248
0.0050387
0.0048083
-0.0008436
0.0040643
-0.0088299
-0.0080164
-0.0039576
0.0058273
-0.0089844
0.0099537
0.0053458
-0.006457
-0.0044859
0.0083948
0.0027563
-0.0053074
0.0047283
0.0030865
0.0066623
0.0048137
0.003193
-0.0052149
-0.0049435
-0.0075008
0.0054336
-0.0051762
0.0094307
-5.43e-5
0.0003707
0.0074021
0.009371
0.0081762
-0.0075544
-0.0059865
-0.0076465
0.00148
0.0039522
0.0061953
-0.0054589
0.0052413
0.0052378
0.0090613
-0.0059008
0.0016851
-0.0097356
0.0067819
-0.0047213
0.0002625
-0.0012187
-0.0047855
-0.001664
-0.0063551
0.0005389
0.0001601
0.0054964
0.0099475
0.0066556
