0.0095518
-0.0021434
0.0023858
0.0002784
0.0068627
0.0078717
-0.0070848
-0.0028916
0.0079942
0.0011812
0.0077909
0.0057308
-3.47e-5
-0.0054636
-0.0018643
-0.005916
0.0090309
0.0043699
-0.003492
-0.0002073
0.0056504
-0.006771
-0.0053925
-0.0001541
0.0021896
-0.0054562
-0.0086263
0.0026494
0.0075026
-0.0093619
0.0046009
-0.0012145
0.0080933
-0.0082361
0.0023626
-0.000242
0.0057024
0.0038526
-0.0057402
0.0050141
-0.0047257
0.0037904
0.0064898
0.0007115
-0.0008823
0.0019183
0.0045497
-0.0045909
-0.0019468
-0.0058224
0.0019473
-0.0069309
-0.0043869
0.0068926
-0.0076083
0.0012189
0.0003574
-0.0001654
-0.006772
-0.0003367
-0.0014849
-0.0032087
0.0025259
0.0049105
-0.0062069
-0.0099894
-0.0017916
-0.0008398
-0.0008184
0.0021704
-0.0046296
-0.0020884
-0.0073375
-0.0043562
-0.005696
-0.0079024
-0.0075363
-0.0071641
-0.0008021
0.0023962
-0.0055942
0.009122
-0.0020965
0.0085815
-0.0030537
-0.0002841
-0.0091722
-0.003906
0.0049127
-0.0063683
-0.0032785
0.0080767
0.0050386
0.0057101
-0.0091875
0.0027639
0.0043001
-0.0082127
-0.0038127
0.0004161
-0.0086033
-0.0055469
-0.0008159
-0.0072589
0.0032579
0.0014113
0.0026857
0.0016493
-0.0068178
-0.0086408
0.0011973
-0.0051057
0.0019637
0.0062294
0.0067689
-0.0059792
-0.0044057
0.00231
-0.0073414
-5.79e-5
0.0014638
-0.005882
-0.0035427
-0.0052067
-0.0071014
-1.4e-5
0.0018532
0.0007612
-0.003644
0.0063492
-0.0093057
0.0086018
-0.0019519
-0.0054172
-0.0072262
-0.0076809
-0.0087556
0.0039166
-0.004996
0.0072167
0.0014755
-0.0031377
0.0080632
0.0085282
-0.0017271
0.001188
-0.0045372
0.0027469
-0.0025916
-0.0066033
-0.0077974
-0.0008329
0.0032541
0.0062909
0.0032701
0.0054127
-0.007983
0.0038213
0.0084032
0.0003192
-0.0018129
-0.0067486
8.17e-5
0.0093633
-0.0085284
0.006905
-0.0018474
0.0082216
-0.002436
-0.0007672
0.0033639
-0.007027
0.006599
0.0096649
0.0033225
0.0056243
0.0096089
-0.0008697
0.0011834
0.0092786
-0.0047224
-0.0026211
-0.002315
0.0033311
-0.0083523
-0.0023648
-0.0060828
-0.0050044
0.0065046
-0.0051994
0.0088408
-0.007552
-0.0068186
0.0008489
-0.0084404
0.0027328
-0.0064918
0.008972
-0.0045078
-0.0002452
-0.0052389
-0.0053823
-0.0052785
0.008773
-0.0056624
0.0053684
-0.0057992
0.0057194
-0.0038092
0.006037
-0.0002996
0.0029913
-0.0024156
-0.0032128
0.0053137
0.0046448
-0.0084053
-0.0078657
-0.0017348
-0.0011129
0.00029
-0.003563
-0.0018939
0.0010338
0.0095676
-0.0049622
0.0061241
0.0054164
0.0003041
0.0014445
-0.0044829
-0.0062115
0.0049487
-0.008362
-0.0020041
-0.0005691
0.0076777
0.0048396
-0.006652
-0.0008349
-7.45e-5
-0.0090629
0.0039749
-0.0052268
-0.0070363
-0.0076042
-0.0042789
-0.006202
0.0098011
-0.0078604
-0.0062112
0.0001697
-0.0071231
-0.0004633
-0.0052237
0.0085974
0.0069478
-0.0085582
-0.0009472
-0.0023873
-0.0030566
0.0050208
0.0087926
0.0005095
-0.0087544
-0.0030387
-0.0084835
0.0025169
0.0005053
-0.0087419
-0.0018596
-0.0025365
-0.0094856
0.006749
-0.0057927
0.0022117
0.0005472
0.0003762
0.0080572
-0.0002085
-0.0096693
-0.0067655
-0.0036254
0.005302
0.001949
-0.0075675
0.0082056
0.0089038
0.0046237
-0.000144
0.0040945
0.0047783
-0.0028195
0.0038682
-0.0048256
-0.0070546
3.45e-5
0.0051046
0.002493
4.04e-5
-0.0046099
0.0033442
-0.0016786
9.23e-5
-0.0021526
-0.0063922
0.0014468
0.0022085
-0.0050552
0.0076578
0.0093971
0.0037956
-0.0082907
0.0066765
0.0054369
0.0049442
-0.0016099
0.0038248
-0.0012478
-0.0077353
0.0048155
-0.0049038
0.0011393
0.0021694
0.0067103
0.0013215
-7.78e-5
0.0080966
0.0074125
-0.0087344
-0.0047037
0.0085666
0.0012597
-0.0068631
-0.0044167
-0.0003143
0.0074776
0.0071525
0.0032958
-0.0081048
0.0077883
0.0010389
-0.0054039
-0.0096241
0.0050788
0.0058485
-0.0097823
0.0028753
-0.0068831
0.0005929
-0.0071102
0.0094524
0.0011465
0.0046005
0.0081607
0.0035556
-0.007039
0.0042519
-0.0039706
-0.0027313
-0.005538
0.0038791
0.0062533
-0.0089011
-0.0078182
0.008142
0.0002186
0.0050908
0.002687
0.0078782
0.0026799
0.0047089
-0.0042566
0.007474
0.0091651
0.0063936
0.0072202
-0.0083714
0.0022369
-0.0057184
0.0068087
0.0006414
-0.004441
0.0040377
-0.0017164
0.00996
0.0033976
-0.0014488
-0.0066104
0.0003725
-0.0058271
-0.0044642
0.0021827
-0.0014208
0.0060202
0.0029478
0.0034783
-0.0006953
-0.0079924
-0.0048772
-0.0001931
-0.0025793
-0.0040252
0.0038611
0.0078256
-0.0099359
-0.0091364
0.0031185
0.009471
0.0075624
-0.0020801
0.0009557
0.0040784
-0.0081086
0.0093842
-0.0040391
0.0073355
0.0097203
-0.0088034
0.0009071
0.004073
-0.0052542
-0.0005859
-0.0061903
0.0079213
0.0067196
-0.00847
0.004343
-0.0001158
-0.0067134
0.0085467
0.0029553
0.0055321
0.0063348
0.0091679
-0.001431
0.0005435
-0.005663
0.0040605
0.0024049
-0.0015571
-0.0062445
0.0087425
-0.0093078
0.0006931
-0.0013748
0.0081723
-0.0070072
0.0047781
-0.0047267
0.0021045
0.0016749
0.0074315
-0.0042934
0.0043013
-0.0048097
0.0076197
-0.009855
-0.0025721
-0.0086388
0.009033
-0.0052232
-0.008141
-0.0026223
-0.0080856
-0.0057837
0.0082272
-0.0035069
-0.005496
-0.0043135
-0.0030595
-0.0081804
-0.00714
0.0058502
0.0036025
0.0088365
0.0027567
0.0067876
0.0005022
-0.0072476
-0.0021084
0.0036075
0.0079741
-0.0096856
0.0006505
-0.0005994
0.0031935
-0.0047398
0.006457
-0.0052982
-0.0090021
-0.0026435
-0.0057017
-0.0038854
0.0071437
