0.0021805
0.0041447
-0.006751
0.0096155
-0.0079118
0.0072904
0.0061669
-0.0030195
-0.0058596
0.0046059
-0.0087768
-0.0032998
-0.0062219
0.0089951
-0.0055814
-0.007423
-0.0018702
-0.0049456
-0.0083468
0.0076055
0.0040816
0.007089
-0.0088662
-0.0011079
0.0010777
-0.0036895
-0.007231
0.0075305
0.0024272
0.0086762
-0.0086403
-0.0093529
-0.0057837
0.0031997
-0.0013776
0.0072067
-0.0087521
2.29e-5
0.006829
0.0051856
0.0058962
0.0071298
0.0034759
-0.0050852
-0.0081221
0.0055501
0.0089196
-0.0025829
0.002138
2.13e-5
-0.0044826
-0.0081726
-0.0079227
-0.0049741
-0.0005702
0.0002937
-0.0017948
-0.0095426
0.0067767
0.0039119
-0.0007869
-0.0017312
-0.0019026
-0.005698
-0.0029377
0.0042733
0.0030881
-0.0031365
0.006741
-0.004504
0.005456
0.0075116
-0.0042555
-0.0058438
0.005947
0.0047817
-0.004795
-0.0069225
-0.0017136
0.0079246
-0.0088165
0.0071108
0.0073845
0.0070109
-0.0086431
-0.0014127
0.0056727
0.0075582
0.0077358
-0.0022612
0.0062847
0.0061867
-0.0066284
-0.0001244
-0.0045083
4.57e-5
-0.0034228
-0.0046791
-0.0071898
0.0061707
0.0070732
-0.0080625
-0.0028058
-0.0077094
-0.0013038
-0.0061642
0.0050631
-0.0061493
0.0032547
0.0079647
-0.00421
-0.0084211
0.0035652
-0.0084919
0.0009417
0.0021643
0.0061949
0.0009689
0.0045711
0.0083729
-0.0077787
-0.0057775
0.0056569
-0.005125
0.006826
0.0095787
0.0018222
-0.0020941
0.0028216
-0.0046026
0.0095778
0.0034179
-0.0062153
-0.0053141
0.0014989
0.0069503
-0.0025654
-0.0042944
-0.0056736
0.0073338
0.0026599
0.0016374
-0.0091111
-0.0026331
0.0072525
0.0033719
-0.0049481
-0.0056918
0.0032405
-0.0061986
-0.0099717
-0.0022514
-0.0012419
-0.0022516
0.0049088
0.0085833
-0.0058746
-0.0029486
-0.0070919
-0.0065614
0.0005049
-0.0057356
0.0014103
-0.0041499
0.0046329
0.008161
0.0004167
-0.0084331
-0.0019655
0.0080563
0.009239
0.0033778
-0.0014082
0.0017813
0.0074996
0.0041275
-0.0092899
-0.0044288
0.0033445
0.0072778
0.0098511
-0.0046588
0.0091762
0.0017094
-0.0092955
0.0096551
-0.0028841
-0.0094712
-0.0067356
-0.0013405
-0.0077582
-0.008734
0.0097053
-0.0073875
0.0061393
0.0038159
-0.0037361
0.0009207
0.0085735
0.0008093
0.0068866
0.0019659
0.0059297
-0.0065036
-0.0098968
0.0043913
-0.0071755
0.0095897
-0.001634
0.0070764
0.0026302
0.0012685
-0.0098477
-0.0093935
0.001805
-0.0073136
0.0054094
-0.0057889
-0.0006759
0.0035267
-0.0071882
0.0094037
0.0096109
0.0001675
-0.0046254
-0.003723
-0.009676
-0.0025653
0.0061367
0.0083905
-0.0054497
-0.0042356
0.0045704
0.0099676
-0.0085279
-0.0021602
-0.0002408
0.0092095
-0.0046582
-0.0079094
0.008683
0.0063383
-0.006188
-0.0076195
0.0080605
0.0019896
-0.003012
-0.0044876
-0.0083207
-0.0087892
0.0051456
-0.0037788
-0.0068217
-0.008099
0.0054681
0.0005926
-0.0082829
0.0028441
0.0052204
-0.004722
0.0045359
-0.0024815
-0.0095662
-0.0065026
0.0002214
-0.0067809
-0.0016897
-0.0086217
-0.0092702
0.0022879
-0.0034386
0.0007133
0.0027228
-0.0081956
-0.0077089
-0.0096713
-0.0069925
0.0075867
0.0019409
0.0078256
-0.0043446
0.0062503
-0.001236
0.0093882
-0.0095393
0.0060954
0.0088941
-0.0032824
-0.0075624
-0.0059992
0.0096772
0.0003496
-0.0080579
0.0051295
0.005739
-0.0009629
0.0088013
0.0078235
0.0039433
0.0050963
0.00169
-0.0095867
-0.0064891
-0.0061205
-0.0009547
-0.0045046
0.0046453
0.0086409
-0.0045653
0.0096499
0.0028862
-0.0025447
-0.0065051
0.0001612
0.0013031
0.0025751
-0.0017222
0.0002355
0.0025916
0.0065675
0.0007176
0.0073735
-0.0015421
0.0088872
0.0029891
-0.0004359
0.0034535
0.009281
0.0079862
-0.0005766
0.009698
0.004767
0.0088834
-0.0084381
0.0007448
0.0026455
-0.0032957
0.0027339
-0.0075288
0.0051781
-0.0095446
0.001493
-0.002635
0.0099356
-0.0061311
-0.005581
0.0008686
0.001152
-0.0025056
-0.0007442
0.003871
-0.002393
-0.0094056
-0.0083826
0.0030374
-0.0016302
0.0098681
-0.0081988
-0.0043589
-0.009368
0.0020413
-0.0001129
0.0093707
9.34e-5
0.0001196
-0.0004431
-0.0035911
-0.0011439
0.0052799
-0.0005636
-0.0057368
0.008516
-0.0081307
0.0007106
-0.0087957
-0.0056868
0.0032506
-0.005646
0.001685
-0.0097635
-0.0015064
0.0009877
-0.0044036
-0.001283
-0.0098975
-0.0003551
0.0084623
0.0059806
-0.0072005
0.005951
0.0032263
0.0081046
0.0037889
0.0050388
-0.0097575
0.0071247
0.0023876
-0.0083718
-0.009427
-0.0044823
0.0094051
0.0017835
-0.0050832
-0.0091998
0.0015014
-0.0046239
-0.007978
-0.0001193
0.0071024
0.0047305
-0.0055583
-0.0099723
0.003397
-0.0026711
-0.0098399
0.0028074
-0.0047686
0.0081312
0.0092986
0.0010437
-0.0082673
-0.0074665
0.005209
0.0042761
-0.0063502
0.0078453
0.0018987
-0.0046804
0.0012161
-0.006939
-0.0081425
-0.001711
-0.0023764
-0.0011358
0.0035789
-0.0039842
0.0081872
-0.0054414
0.0043138
-0.0092565
-0.0055535
0.0065106
-0.0069056
0.0044008
-0.0044244
0.0095734
0.0031679
0.006922
0.0001741
-0.0013996
0.0089017
-0.0020507
-0.0094283
0.0074598
0.0089084
0.0022998
-0.0017604
0.0056465
-0.0029289
0.0034823
0.0061522
0.000426
-0.0015852
-0.0095328
-0.0091257
0.0027919
-0.0003862
0.0069373
0.0014719
0.0023634
-0.008867
-0.0004412
-0.0070512
-0.0094534
0.0058307
-0.0013379
0.0012607
9.15e-5
0.0043081
0.0014774
0.0096136
0.004568
-0.008493
0.0079282
0.0081872
-0.0097901
-0.0068192
-0.0092253
0.008997
-0.0032107
-0.0012694
0.0061778
0.0031192
0.0058393
-0.0074183
