0.0051897
0.0029187
0.0068927
-0.0079238
-0.0080432
0.009354
-0.0001531
0.0067658
0.0096911
0.0064144
0.0031795
-0.0018617
-0.0008694
-0.0049333
0.0011179
0.0083692
-0.0074891
-0.0086633
-0.0003664
0.0066598
0.0048461
0.0050329
-0.0062747
0.001167
-0.0089629
0.0020236
-0.003648
0.0039102
-0.0017243
-0.0065746
0.0064338
0.0086771
0.0064042
0.0009088
-0.007054
-0.0091508
-0.005795
0.0088445
0.0053733
0.0040524
0.003667
-0.0030065
0.0058827
-0.0088676
0.0060629
-0.0015603
-0.0095225
-0.0012438
-0.0086854
-0.0014579
0.0039303
0.0052621
0.0054767
-0.0042668
0.002429
-0.0055977
-0.0032798
0.0061045
0.0018947
0.0091208
-0.0039816
0.0045548
-0.0023737
-0.0039899
-0.0039713
-0.0065743
-0.0017984
-0.0003842
0.0035369
0.0055136
-0.0079348
-0.0094886
-0.0055672
-0.0050899
0.0030813
-0.0065499
0.0090615
0.0063435
-0.000442
0.0022492
0.0013784
0.0057247
-0.0023985
0.0046333
0.0055838
0.0014324
0.0022397
0.0005323
-0.0082239
0.0072275
-0.0088602
0.0064594
0.0033749
0.0018073
0.0044495
-0.0098048
-0.0028931
0.0042305
0.003943
-0.00929
-0.0012561
-0.0016509
-0.0050809
-0.0070251
-0.0007381
0.0027314
-0.0017496
-0.0075643
0.0091651
0.0094389
-0.0092831
0.0004235
0.0065618
0.0047405
0.0081779
0.0064539
-0.000756
-0.0042604
0.0032305
0.0021424
0.0058695
0.0057698
-0.0093775
0.0090181
0.0079395
-0.0010619
0.0081311
-0.0097945
0.001799
-0.0091009
0.0075835
0.0080696
0.0036402
0.007287
0.009341
-0.0059887
0.004338
-0.0011479
0.001977
0.0039688
-0.0021064
-0.0090732
0.0039791
-0.0078426
0.0028204
0.0005911
-0.0063026
-0.0090954
-0.0064163
0.0056556
0.0043076
-0.0027182
-0.0005135
0.008085
1.78e-5
-0.0071231
-0.0018374
-0.0099241
-0.0010957
-0.0015039
-0.0039943
0.007183
-0.0045171
0.0077974
0.0050888
0.0055154
0.0069399
0.0034714
-0.0091771
-0.0064681
0.0029254
0.0072417
-0.0054826
-0.0065896
-0.0056371
-0.0029246
0.005668
-0.0040275
0.0085073
0.00477
-0.000334
-0.0040111
-0.0027224
-0.0042908
-0.0047516
-0.0040391
-0.0099599
-0.0093653
-0.0029773
-0.0094382
5.07e-5
-0.0092216
0.0013741
-0.000407
-0.00316
-0.0041126
0.0071529
-0.0007881
-0.0028551
-0.0009852
-0.0004089
-0.0060775
0.0096219
0.0077875
-0.0054058
-0.0096595
-0.0053186
0.0043946
-0.0084472
-0.0059572
0.0063928
-0.004798
0.0017178
-0.0060997
0.0039809
0.003536
-0.0066622
-0.0074396
-0.0073946
-0.0004567
0.0059872
-0.0065291
-0.0066493
0.0015641
-0.0084407
0.0078145
0.0066728
-0.0098023
-0.0033249
0.0003952
0.0044619
-0.006467
0.0081513
0.0081761
0.0057769
0.0091217
0.0074806
0.0025195
0.0050803
0.0069562
0.0012846
0.0043171
0.003206
-0.0052225
-0.0054994
0.0080863
-0.0076174
-0.0080366
-0.0058167
0.0081374
-0.0057825
-0.0049058
0.0015514
0.0096901
-0.0010147
0.0081572
-0.0012739
-0.0026304
-0.0020652
5.66e-5
0.0097197
-0.0094952
0.0086583
-0.0011658
0.0074313
-0.0038624
0.0046225
0.0005115
0.006556
0.0052018
0.0072123
0.007535
-0.001132
-0.0001137
-0.0090164
0.007071
0.0003312
-0.0084485
0.003205
0.0056898
-0.0022005
0.0009155
0.0013366
0.0099184
0.0015439
-0.0075165
-0.0059897
-0.0070799
0.0026628
-0.0045446
0.0034278
0.0053108
-0.0031372
0.0027652
0.0065411
-0.0022944
0.0057575
0.0002941
0.0023152
-0.0010794
0.0058721
-0.003499
-0.0081503
-0.0092578
0.0079894
-0.0085884
0.0020878
-0.0090063
0.0042853
0.0083834
-0.0012719
0.007552
-0.0044154
-0.0094649
0.0083395
0.000794
-0.0094785
0.0055785
0.0086377
-0.0068397
0.0093375
-0.0082276
-0.0045502
-0.0053825
0.0022549
-0.0094034
0.0052849
-0.0090951
0.0026281
0.0099589
-0.0072193
0.0062988
-0.004047
0.0095913
0.0088265
-0.0035139
-0.007428
0.0029038
0.008283
0.0003349
0.0072376
-0.0032558
-0.0010645
-0.0099201
0.0080582
0.0004524
0.0009339
0.0070136
-0.0027647
0.0051295
-0.0035946
-0.0089718
0.0009375
0.0088467
-0.0034592
0.0095076
-0.0066169
-0.0029923
-0.0009802
0.0031185
-0.0060058
0.0057201
-0.0092984
0.0060517
0.0021914
-0.0096652
0.0082801
0.000995
-0.0044746
0.0073832
-0.0040717
0.0040016
0.0032424
5.1e-6
0.0059016
-0.0080735
0.0099644
-0.0096355
-0.0015806
-0.0035794
-0.0025315
0.0069183
0.0094822
0.0032681
0.0003198
0.0040394
0.0086689
0.0013445
0.0003152
0.0012173
0.0020174
-0.0038987
0.0063654
-0.0035004
0.0044335
-0.0034662
0.0062029
0.0069477
-0.0066403
-0.0093403
0.0087587
-0.0020737
-0.0098625
0.0010603
-0.0099839
0.007127
0.00083
-0.0040704
-0.0064682
-0.0042938
0.0036156
-0.0013369
-0.0004445
0.0035698
-0.0018537
-0.0039569
-0.0079695
0.0045959
0.0086833
0.0078551
0.0044509
-0.0037297
0.0022155
8.96e-5
-0.0060032
-0.0052754
-0.0073198
-0.0008988
-0.0055545
-0.002124
0.0079449
-0.0001116
0.0009759
-0.0021256
-0.0076412
-0.0006182
-0.0005635
-0.0043936
-0.0038986
-0.0060907
-0.0022076
0.0016994
0.0006805
0.0066118
-0.0078177
-0.0049554
0.003399
-0.0035881
0.0022321
0.0036217
-0.0064333
-0.0088775
0.0080714
-0.0047979
-0.0045587
-0.0032277
0.0039155
0.0010649
-0.0056448
-0.0096565
-0.0014321
-0.0053684
-0.0030114
0.0092862
-0.0093968
0.0023243
0.0014757
0.009966
-0.0055768
0.006019
-0.0037099
-0.0075176
0.0014655
0.0055872
-0.0035295
0.0026333
0.0094197
-6.15e-5
-0.0032427
-0.0061155
0.0049411
-0.007169
0.0015115
0.002233
0.0069849
-0.0096273
-0.0068334
-0.0008744
-0.0019074
0.0032353
0.0026873
-0.0040269
-0.006485
0.001764
-0.0010045
