0.0070054
-0.0066991
-0.0024475
-0.0046216
0.0048819
-0.0062926
-5.63e-5
0.0053054
0.0064964
0.0086758
-0.005181
-0.0057969
-0.0027548
-0.0068819
0.0026034
0.0098306
0.009546
0.0012432
-0.0025237
0.0096839
0.0071889
0.0022539
0.0027861
0.0037235
-0.0018844
0.0025754
0.0053912
0.0094682
0.0092776
0.0008989
-0.008968
-0.0068574
-0.0045859
0.0052597
-0.0011725
0.0063241
0.005929
0.0084926
-0.0042728
0.006659
0.004187
-0.0022194
-0.0008296
0.0048988
0.0040403
0.0033512
0.0039129
0.0020642
0.0009587
-0.0078836
0.0017692
0.0086793
0.0081701
0.0078185
-0.0020596
0.0003068
-0.001219
0.0007893
-0.0096501
0.0088977
0.0062577
-0.009021
-0.0076798
0.0026284
0.0066051
-0.003351
-0.0093798
0.0071666
-0.0019789
-0.0039862
0.0009622
0.0020606
0.0075002
-0.0060351
-0.0006097
0.00456
-0.0013483
-0.0061353
-0.0082403
-0.0013229
0.0020246
0.0053036
0.0078972
-0.0097999
-0.002706
-0.0043407
0.004364
-0.0035594
0.0005312
0.0046628
0.0005441
0.0020305
-0.0085944
0.0013329
-0.0008916
0.0093546
-0.0088356
-0.0039087
0.0082024
-0.0006
0.0073707
-0.0094714
-0.0057982
0.0031985
-0.0072103
-0.0015399
-0.0084138
-0.0039399
-0.0098101
-0.0023003
0.0094592
-0.0020734
-0.0069905
0.0010883
-0.0055258
0.0019097
-0.0008452
0.005118
-0.0096905
-0.0038559
-0.0047734
-0.0077014
0.0048416
0.0067039
-0.0004664
-0.0003534
0.0060068
0.0095809
-0.0020715
-0.0030193
-0.0016083
-1.07e-5
0.0008231
-0.0040446
0.0039488
0.0071805
0.0068759
0.0089817
-0.0097256
-0.0024905
0.0049545
0.0052447
0.0051654
0.0076059
0.0089446
-0.0051912
0.007255
-0.0037303
-0.0025461
-0.0099048
-0.0032789
-0.0076766
-0.0057398
0.0064362
0.00316
0.0047518
0.0054541
-0.0008759
-0.0047114
0.0076369
-0.000222
-0.0075861
-0.004568
-0.002743
-0.0078369
0.0047664
0.0026421
-0.0067202
0.0062312
-0.0020754
-0.0038768
-0.0055536
0.0073997
-0.0030747
-0.0046159
-0.0035022
-0.0025193
0.0068874
-0.0046334
0.002325
-0.0065405
0.0083915
-0.0082142
0.0016077
-0.0062605
-0.0050051
-0.0031623
0.0008277
-0.0097026
-0.0038521
0.0083967
0.0084948
-0.0081429
-0.0020368
-0.0093002
-0.0091046
0.0042765
-0.0061382
0.0021369
0.0016707
0.0089298
-0.0096218
-0.0023414
-0.0014762
-0.0037156
-0.0079892
0.0089863
0.0089797
-0.0017608
-0.0078556
-0.001609
-0.0097048
0.0082742
0.0057753
-0.0055094
0.0049514
-0.0036605
0.0091092
0.0054162
-0.0032025
-0.0035181
0.0002108
-0.0044766
-0.0054436
-0.0044992
-0.0089368
0.007847
0.0012947
-0.0004491
-0.0063203
-0.0010111
0.0057585
-0.0048019
-0.0083705
-0.0049989
-0.004886
-0.0097961
0.0083745
-0.0073877
-0.005378
0.0074409
-0.0005383
-0.0037987
0.0089449
-0.0078484
0.0046137
0.0084572
-0.0015601
-0.0005693
0.009612
-0.0001257
0.0009894
0.0094021
0.0070714
0.0089922
-0.0037387
0.0062391
-0.0095824
-0.0035967
-0.0085839
0.0099637
-0.0078647
0.0062953
0.0031948
-0.0026842
0.007445
-0.0015797
-0.0075502
0.0092081
-0.0031297
-0.0052728
0.0034684
0.0077858
-0.0015097
-0.0043476
0.0080904
-0.002332
0.0035557
0.0050588
0.0025587
-0.0086867
0.0016812
-0.0049122
-0.0008971
-0.0026466
-0.009178
-0.001174
-0.0066758
0.0033812
-0.0030721
0.0003646
-0.0052033
0.002854
-0.0080999
0.0095944
0.0029872
0.0056923
-0.0041888
0.0056752
0.0093957
-0.0086353
-0.0013009
-0.0095962
-0.0087095
-0.0057444
-0.008254
0.0006507
0.0096971
-0.00255
-0.0067465
0.0092437
-0.0012866
-0.0065028
-0.0084447
0.0065133
0.0001096
-0.0042604
-0.00982
0.0062289
-0.0028427
0.0019555
0.0041854
0.00558
0.0021101
-0.0089256
-0.0050078
0.0054077
-0.0011942
-0.0045241
0.0034049
0.0070172
0.0089503
-0.0015438
-0.005812
0.0075098
0.0024297
0.0095821
-0.0010255
-0.0027771
0.0042617
-0.0088265
0.0065136
0.0064644
-0.0097513
0.0031174
-0.0041158
0.0031353
-0.0025349
0.0040507
0.0046703
-0.0006129
0.0019277
0.0093558
0.0073825
-0.0026916
-0.0005951
-0.007114
-0.0090035
0.0027255
0.0046543
-0.0040141
-0.00603
0.004718
0.0081559
0.0026789
-0.0050932
0.0055219
1.6e-6
0.0011179
0.0002061
-0.004531
0.003868
-0.0064407
-0.0010144
-0.0004074
-0.0073748
-0.0073414
0.0033375
-0.0031071
0.0003236
0.0077961
0.0010224
-0.0051997
0.0001275
-0.005209
0.0020253
-0.006986
0.0024785
-0.0073275
-0.0051264
0.0018976
0.0034767
0.0041155
-0.0030185
-0.0059742
0.0083584
0.0045427
-0.0039785
0.0003979
0.0018399
0.0016175
0.002334
-0.0046895
0.0084267
0.000427
-0.0037859
-0.0041763
0.0094087
0.0058016
0.0052682
-0.00896
-0.0079129
0.0093322
-0.0042404
0.0041645
-0.0018135
0.0011643
-0.0023564
-0.0029829
-0.0099423
-0.008147
-0.0028572
0.0007229
0.0021729
0.0020789
-0.0021506
-0.0092639
0.002277
-0.0076087
0.0044321
-0.0054081
-0.0046359
-0.0081546
0.0033176
-0.0031009
0.0097659
0.0093649
0.0033282
-0.002835
-0.0042029
-0.0059866
0.0057385
-0.0025065
-0.0086983
0.0010901
0.0050753
-0.0001281
-0.007751
0.0069801
-0.0015041
-0.0025688
0.0067691
0.0040736
0.0014705
0.0024814
0.0068033
-0.0030546
-0.0071901
-0.0074028
0.0025429
-0.0005465
-0.0085991
-0.0088002
-0.0083049
0.0078946
0.0075683
0.0044927
-0.0036394
-0.0014741
-0.0055437
0.0020334
-0.0063879
0.0022753
-0.0009766
0.007923
0.0097359
0.0052702
0.00407
-0.0064502
-0.0093527
-0.0098579
-0.0048118
0.0019437
0.0086477
-0.0030618
0.0029551
-0.0050948
0.0082047
-0.0061663
0.0048913
-0.0073178
0.0032778
-0.0065825
-0.0008658
0.0075384
