-0.0087588
-0.0020636
0.0056177
0.0046801
-0.0031845
-0.0099147
0.0034048
-0.0085989
0.0089896
0.0058934
-0.0096199
-0.0021983
-0.0021971
0.0012679
0.0002004
0.0013084
0.0026123
0.0051714
0.0097374
0.006264
-0.0092973
0.002304
0.0042438
0.0071002
0.0003881
-0.0036093
-0.0057124
0.009295
0.0037159
6.12e-5
-0.0057127
0.0006015
-0.0088404
-0.0011907
-0.0080378
-0.0009396
0.0032256
0.0063628
-0.0081017
0.0035775
8.06e-5
-0.0097409
0.0081777
-0.0023564
-0.0076452
0.0096691
-0.0019332
0.0096994
-0.0073163
-0.0046146
0.0055647
-0.0010198
-0.0058781
-0.0064491
0.0006034
-0.0021975
-0.0080944
0.0073485
0.007778
0.0088414
0.0079134
0.0038989
0.000656
0.0010072
0.006392
-0.0021547
-0.0012492
0.0076666
-0.0069556
-0.0034963
-0.0096541
-0.0058124
0.002677
0.0021178
-0.0066462
-0.0050174
-0.008014
0.0011851
-0.0006575
-0.0039343
0.0047367
0.0033932
-0.0098947
0.0043136
-0.0036628
0.0013347
0.0048444
0.0069291
0.0004338
-0.0036152
0.0042823
-0.0090406
-0.0045554
-0.0050246
0.0001291
0.0085723
0.0030793
-0.0078379
0.0032227
0.0030686
-0.0099932
-0.0074487
-0.0012663
0.0073148
-0.0043845
-0.004432
0.0029276
0.0085972
-0.0054979
0.0070331
0.0063375
0.0091063
-0.0090143
0.0034522
0.0082727
0.00188
0.0098966
0.0067625
0.0082788
-0.0028451
0.0044155
0.0088875
-0.0088214
0.0083195
-0.0004128
0.0028581
-0.0096562
0.0096143
-0.0009092
0.0085299
-0.0087738
0.0080381
-0.009484
-0.0021091
-0.0055588
-0.0067888
0.0070486
-0.001595
0.0034816
0.0010522
-0.0048903
0.0007319
-0.0094398
0.0011223
0.0018469
-0.0020433
0.0059213
0.0085665
0.0050071
0.0096044
0.0056888
0.0090961
-0.0029374
-0.0044646
0.0030807
0.0040117
0.0045968
0.0033697
0.0015696
-0.0053428
-0.0066169
0.0002158
0.0075097
-0.0090395
0.006536
-0.0008197
0.00436
0.0079789
-0.0061989
0.0090827
-0.0037931
-0.0090607
-0.0072148
-0.0083514
-0.0008598
0.0053823
0.0047754
-0.0068084
0.0081368
0.0058797
-0.0052998
0.0009178
0.0010354
-0.0068543
0.0074442
0.0053745
0.0030404
0.0058065
0.0032866
0.0048526
0.002947
0.0085523
-0.0078271
0.0082566
-0.0005445
0.0090853
0.007577
0.0024136
-0.0052434
-0.0072394
0.0028185
-0.0013199
0.0041661
-0.0070721
0.0013616
0.0018935
0.0026014
0.003706
0.0026464
-0.0079519
0.001922
-0.009621
0.0097167
0.0036583
0.0003464
0.0068444
-0.007296
-0.0094168
0.003981
-0.0057677
0.004814
0.0088295
0.0074014
0.0005984
-0.0005309
-0.0058679
0.0019362
-0.008873
-0.0045013
-0.001148
-0.0052295
-0.0011383
0.0003883
-0.0029166
0.0066337
0.0083552
0.0081976
-1.06e-5
-0.0006395
-0.0006615
0.0073028
-0.0047599
-0.0068236
0.0014705
0.0096364
-0.0051167
-0.0062721
-4.66e-5
-0.0043545
-0.0035672
-0.0040778
-0.0029613
0.0017962
0.000679
0.0099356
-0.0085746
0.006555
0.0009909
-0.0075793
0.0065761
-0.0090745
0.0034378
-0.0047304
0.006385
0.0057207
-0.0049897
0.0024462
-0.0020007
0.0072751
-0.005138
0.0010441
-0.0082403
-0.0091696
0.0011771
-0.00276
0.0016569
0.0096148
-0.0056729
-0.0004919
-0.0057507
-0.0072774
-0.0044771
0.0097591
-0.0060617
0.005807
0.0056462
0.0047534
0.0044322
-0.0051373
-0.0016452
0.0053526
0.0005203
-0.0010429
-0.0070565
0.0091818
-0.0007412
0.0085908
0.0073223
0.0066892
-0.0008052
-0.0072052
0.0011795
0.0054733
0.009495
0.0057433
-0.0093622
-0.0056457
-0.0071506
0.0096442
-0.0002491
-0.0019274
-0.0006658
-0.0071966
0.0038642
-0.0018195
0.0020244
-0.0060752
0.0074647
-0.0026138
0.0099741
-0.0049598
-0.0058136
-0.0059928
-0.0061525
0.0055633
-0.001919
0.0093658
-0.0059963
-0.0030043
-0.0068114
0.0033273
0.0098241
-0.0003928
-0.0030638
0.005162
-0.0053031
-0.0014698
-0.0055475
-0.0082586
-0.0002181
-0.0090495
0.0030698
0.0034068
0.0047389
-0.0005378
0.0023154
0.0014065
-0.0033118
0.0059467
-0.0068209
-0.0058095
0.009001
0.0031805
0.00245
-0.0090098
-0.0075012
-0.0022161
0.0091599
-0.0071127
-0.0074367
-0.0019151
0.0046722
0.0040612
0.0050076
-0.009867
-0.0026448
-0.0041501
0.0039527
-0.0050999
0.0015633
7.37e-5
-0.002172
-0.0042335
0.0098843
0.0082911
0.0097436
-0.0023849
0.0075712
-0.0083192
-0.0063704
-0.0046174
-0.0021816
0.0029275
-0.0067251
-0.0007842
-0.0047508
-0.0019009
-0.0078846
0.0088154
0.0099234
-0.0071468
0.00812
-0.0099998
0.0090747
-0.0022118
-0.0005769
0.0040214
-0.00218
0.0068778
-0.0015894
0.0038839
0.004581
-0.0037673
-0.009535
-0.0047109
-0.0009945
0.0057675
-0.0016637
0.0088496
-0.0046532
0.0034362
0.0076732
-0.0045896
-0.0009576
-0.0057293
-0.0002949
0.0049994
0.0090958
0.0045518
-0.0042334
-0.0090449
-0.0022536
-0.0053002
0.0095773
-0.0056645
-0.0021055
0.006398
-0.0065135
0.0062065
0.0023068
0.0016715
-0.0093501
0.000743
-0.0072873
0.0014031
-7.32e-5
0.0022516
0.0036456
-0.0098251
0.0022431
0.0051995
0.0022937
-0.0051796
0.0003464
-0.0037742
0.0070652
-0.0050749
-0.0005733
0.0051207
-0.0071186
0.0036199
-0.0041115
-0.0077262
-0.0065024
0.0015903
0.0095882
0.0036319
-0.0002683
0.0085465
0.0014956
-0.0096743
-0.0058466
-0.0068706
-0.0093666
-0.0056971
0.0022693
0.0038298
-0.0069969
0.0027429
0.0045434
-0.0008787
-0.003933
0.0054679
-0.004703
0.0065629
-0.0005486
-0.002295
0.0099829
0.0079242
-0.0071072
-0.0090958
0.000178
0.0002902
-0.0074619
0.0077805
-0.0007665
-0.0055057
0.0040124
-0.0034521
-0.0013413
0.0023612
0.0073347
0.0066651
0.0066874
-0.0081666
