0.0015086
0.0070439
0.0018221
0.0078631
-0.0062374
0.0006098
-0.006906
-0.0098642
-0.0003922
-0.0089889
0.0032951
0.0055608
-0.0031154
-0.0017325
0.0041681
0.0040237
0.0057737
0.0036682
-0.0075828
0.0066314
0.001204
0.0020071
0.0073506
0.0027491
0.0007327
0.0031563
-0.0032213
-0.0095196
-0.0081149
0.0092699
0.0081729
-0.0007555
0.0029469
-0.0089593
-0.0031096
0.0078705
-0.0054742
0.0079109
0.0044909
0.0031754
-0.0022775
-0.002318
-0.0042498
-0.0047931
0.0036461
0.0074087
-0.0068998
-0.0048951
-0.0062959
0.0001979
0.0034179
0.0053676
-0.0023144
-0.0009563
-0.0097761
0.0026919
-0.0037013
-0.005849
0.0054628
-0.0033553
0.0021773
0.0047633
-0.0042086
0.0040605
-0.0068344
-0.0017436
-0.0070068
0.0011721
0.0026608
-0.0067967
0.0090261
0.0055178
0.0075618
-0.0023079
0.0001909
-0.0026214
0.0057662
-0.0059794
-0.0073739
-0.0026015
-0.003256
0.0023138
-0.0019448
0.0097336
-0.0065921
-0.0043139
-0.0038863
0.0077165
0.0052466
-0.0096483
-0.0041595
-0.0055057
0.0092813
-0.0065309
0.0012321
-0.0007442
0.0048951
-0.006865
0.0002151
0.0080361
-0.0088977
0.008938
-0.0024673
-0.0071427
-0.0070982
-0.0039213
0.0048636
0.0073059
-0.0065289
0.0096758
-0.0005247
-0.0013565
0.0034677
0.0053283
-0.0092772
0.0069427
-0.0009481
-0.0081874
-0.0095047
0.0096969
-0.0037206
-0.0029942
-0.0099574
-6.05e-5
-0.0094739
0.0030106
0.0054548
0.0013607
0.0006222
0.0037412
0.0074769
0.0090197
-0.0092256
0.0033709
-0.0007588
-0.0060352
0.0064016
-0.0010814
4.15e-5
0.0095507
0.006005
0.0096869
-0.0058328
-0.0091054
-0.0024423
-0.0032202
0.0075094
0.0072275
-0.005901
-0.003476
0.0033179
-0.0067828
-0.0031126
0.0057535
-0.0099987
0.0027918
-0.0042961
0.002191
-0.009472
-0.0070225
-0.0018488
0.0022651
-0.0021711
-0.0043377
0.0054782
-0.0008687
-0.002408
0.0006144
-0.0092537
0.0028498
0.0064183
0.0043176
0.004243
-0.0017664
1.23e-5
-0.009811
0.0003828
-0.0030708
0.0053065
-0.0016266
0.0001031
-0.0050954
0.0027549
-0.000907
-0.0013576
0.00644
-0.0075751
0.0019111
0.009551
-0.0068419
-0.0060905
0.000436
0.0007623
-0.0095757
-0.001388
-0.0019798
0.0028681
-0.0084686
-0.0018399
0.0069083
0.0033058
0.007958
0.0048429
0.0081982
-0.0074792
-0.0005485
0.0077605
-0.00693
0.0024372
-0.0032766
0.00285
0.002677
0.0084647
0.0064359
0.0037206
-0.0069085
-0.0069643
0.0009338
0.003409
0.0018211
0.0007968
0.0085141
0.0072025
0.0049626
-0.0067845
-0.006368
0.0001722
0.0048445
0.0019125
-0.0071345
0.00838
0.0026507
-0.008759
0.0098632
-0.0094519
-0.0099388
0.0099609
0.0031716
-0.0041801
-0.0049055
0.0013542
0.0069151
-0.007844
-0.0082546
-0.0007237
-0.0017326
-0.0093416
-0.0061562
0.0030914
0.0038733
0.0095535
-0.0045488
-0.0057134
-0.0055644
0.0084484
0.0055922
-0.0044286
0.0015113
0.0051821
0.0011771
-0.0009068
0.0013275
-0.0012138
-0.0066273
-0.0025939
0.0072736
0.008718
0.0015224
-0.0021288
0.0002595
0.0093449
-0.0085872
0.0016703
-0.0041351
-0.0065019
-0.0022378
0.0079935
-0.0035487
0.0099208
-0.0020363
0.0015547
-0.0072638
-0.0054352
0.0070298
-0.0042835
-0.0044315
-0.0010153
0.00435
-0.0089481
0.0055963
0.003993
-0.000464
-0.009932
-0.0016341
0.0065215
0.0085515
-0.0079582
-0.0072052
-0.0031895
-0.003506
0.0068944
0.0001579
-0.0035626
-0.0052891
-0.0075525
0.0057127
0.0072478
0.0033592
-0.0063983
-0.0040942
0.0027667
0.0020151
0.0020392
0.00762
0.0077352
-0.0040977
-0.0034572
-0.00774
0.0042875
-0.0015902
-0.0003601
-0.0064224
-0.0091888
-0.0044317
-0.0002178
-0.007203
0.0012393
-0.0076642
-0.0021207
0.0029264
-0.0024952
-0.0087859
0.0086957
-0.0026466
0.0058634
0.0007391
-0.0088238
-0.0008672
0.002894
-0.0063514
0.0031642
0.0007471
-0.0018289
-0.0096874
0.0010047
0.008315
0.0014702
-0.0030683
0.0054612
0.0002613
0.0047363
0.0025111
0.001208
-0.0091541
-0.0020531
0.0077019
-0.0023706
-0.0064053
0.0080004
-0.0047242
0.0056725
-0.0026412
-0.0099469
0.0099664
-0.0090745
0.0044609
6.89e-5
0.003112
0.0020928
-0.006718
0.0091799
-0.0016752
-0.0069061
0.0009665
0.0047101
-0.0036288
0.0029367
0.0024452
-0.0037818
0.0055565
-0.0049096
-0.0002237
-0.0035367
0.0092146
-0.0035338
-0.0024586
0.0088595
-0.0008729
-0.0069974
0.0042799
0.0017604
-0.0028393
-0.0091973
0.005498
0.0021243
0.0090022
-0.0027098
0.0077482
0.0061257
-0.0098651
0.0092626
-0.0035588
-0.0090156
0.0058228
0.0089667
0.003048
0.0033678
0.001261
0.0086936
0.0057781
0.0078288
-0.0063466
-0.0049789
-0.0068589
0.0084644
-0.0035901
0.0072366
-0.0062338
0.0040073
-0.0028873
-0.0041306
0.0017989
0.0002055
0.0005798
-0.0079607
0.0046697
0.0095885
-0.0057982
0.0097937
-0.0046078
-0.00897
0.0021786
-0.0046835
-0.0013821
0.0068671
0.0014382
0.0093229
0.0066317
-0.0080018
-0.0082022
-0.0036295
0.0029426
0.0007337
-0.0086558
0.0058353
-0.002907
0.0066958
-0.0014004
0.0052004
-0.0094033
0.0077228
-0.0039557
-0.0002559
0.0020745
-0.0049167
-0.0028089
0.0050354
0.0028186
-0.008746
0.005883
0.008532
0.0050472
0.00704
-0.0035216
-0.0068466
-0.000401
0.0008609
-0.0083468
0.0074061
-0.0077795
-0.002953
0.0047608
-0.0003114
0.0023334
0.0062907
0.0060924
-0.0020568
0.0063651
-0.0077651
0.0055037
-0.0056661
0.007163
0.0098573
-0.0009939
-0.0023811
0.0016402
-0.0016338
0.0013188
0.0020695
0.0026117
0.009626
0.0072371
0.0090102
-0.0016056
0.0007487
