-0.0082715
-0.00937
-0.0080728
-0.0092921
0.0069885
0.003316
-0.0009317
-0.0080047
0.0066786
0.0045644
0.0075626
0.0009843
-0.0099853
0.0085051
0.0044904
-0.0059479
0.0064104
-0.0054978
0.0038567
0.0096932
-0.0028314
0.0035688
0.0014883
0.0015231
0.0031692
-0.0023254
0.0095185
0.0025378
0.002417
0.0035898
-0.0059696
-0.0084958
-0.0094581
-0.0077321
0.0088412
-0.0041398
-0.004278
-0.0022628
0.0075087
0.0036106
-0.0002047
-0.0022534
0.0037637
0.0054344
-0.0071494
-0.0033533
0.0020615
0.002682
-0.0024536
0.0086185
-0.0043289
0.0035356
0.0064765
0.0053686
0.0094186
0.008262
0.007564
-0.0045441
-0.003911
-0.002897
0.0055137
0.0056362
-0.0034601
-0.0093926
0.0051398
0.0016818
0.0071455
0.0044516
-0.0042577
0.0054358
0.0025289
-0.0058191
0.0003023
0.0012776
-0.0091941
0.0009061
0.0027918
0.0037832
-0.0081572
0.0088963
0.0042555
-0.0039581
-0.0047296
0.0001649
-0.0025377
0.0052667
0.0006786
0.006868
0.0041996
-0.0052861
-0.0070258
-0.0095988
-0.0063096
-0.0048993
-0.0043678
0.0004495
-0.0010056
0.0021722
-0.0003618
0.003669
-0.0073262
-0.0055303
-0.0064147
0.0020318
-0.002755
-0.0086059
-0.0001178
-0.0037897
-0.0085718
-0.005782
-0.0097621
-0.0019709
0.004955
0.0044506
0.0032413
-0.0059862
0.0096119
-0.0090122
7.35e-5
-0.0022161
0.004737
0.0041746
0.0052086
0.0059213
0.0082102
0.0086303
0.0019511
0.0098401
0.0022176
-0.0005512
0.0071834
-0.0006753
-0.0077096
-0.0054863
0.0070335
-0.0035941
0.0023719
0.0039529
0.0012903
-0.0091936
-0.0007469
0.0098693
-0.0061199
0.0091706
0.0022431
0.0095672
0.009389
-0.0010986
-0.0041743
-0.0047047
-0.0009028
0.0029399
0.002304
-0.0022912
-0.0007014
0.0092799
-0.0021688
-0.0095246
-0.0023467
0.0073195
-0.005638
-0.0085613
0.0011902
-0.0044249
0.0083634
0.0099724
-0.0070538
-0.0072571
-0.0002501
-0.0082091
-0.0064497
0.0079932
0.0084942
0.0053233
-0.0095975
0.0049086
0.0054844
-0.0060777
0.0004008
-0.0090054
-0.0063924
0.0093041
0.0019248
-0.0034273
0.0053923
0.0054816
0.0040909
-0.007052
0.0002007
-0.0057161
-0.0057378
0.0075632
-0.0005267
0.0008706
-0.0027391
0.0022475
0.0083347
-0.0056655
-0.0028929
-0.0078713
0.0076634
-0.005505
0.0076202
0.0054602
-0.0019143
0.0027418
-0.0063985
0.0089179
0.0029902
0.0064342
-0.0059953
0.0064079
-0.0088236
0.0059297
-0.0064372
0.0027786
-0.0041594
0.0020566
-0.0001372
0.0034892
0.0002015
-0.0089913
0.0009431
0.0053741
0.0026201
-0.0065335
0.0046213
0.0013612
-0.007852
-0.0039239
0.0034698
0.0015357
-0.0071013
0.001541
0.0045958
-0.0096084
0.0037069
0.0057852
-0.0065029
0.0085831
0.0051117
0.0020304
0.0007167
-0.0005056
-0.0014113
0.008805
0.0034872
-0.0093078
0.0093116
-0.0032579
0.0095861
-0.0075891
-0.0043128
0.0028508
-0.0008693
-0.0038285
-0.0055303
-0.0049547
-0.0066651
0.0090274
0.0059856
0.0098716
-0.008273
0.0042435
-0.0076262
-0.0061122
-0.0062704
0.0021731
-0.0005753
0.003074
-0.0028057
0.0001039
0.003664
-0.0066832
0.0093031
0.0078201
0.0082344
0.0041647
-0.0089722
0.0039481
0.0001732
0.0085953
0.0055595
-0.0077993
-0.0025526
0.0086746
-0.0023999
0.0095089
0.0080077
-0.0022253
-0.0030035
0.0095542
0.0013239
-0.0011705
0.008429
-0.0052377
0.0014974
0.0011899
0.0062393
-0.0005996
0.0048285
-0.0066484
-0.0052457
0.0016062
0.0023568
-0.0016753
-0.0063392
0.006748
-0.007577
0.0067207
-0.0084715
0.0046595
-0.0070949
0.0048762
-0.0081901
-0.0084309
-0.0078864
-0.0046775
-0.0063857
0.0045203
0.0036467
-0.0080472
-0.0050858
-0.0080925
0.0065865
0.0044641
0.0072408
-0.0029869
0.0051645
-0.0074107
-0.0007542
-0.0018266
0.0035332
-0.0015105
0.0042485
-0.0063499
-0.0028746
-0.0089533
0.0010084
0.0030891
0.0013017
0.0021108
-0.0099161
0.0063435
0.0021397
-0.0020902
-0.0057097
0.0075035
-0.0099837
0.0044556
0.0073698
-0.0080359
0.0003685
-0.0097256
-0.003508
-0.0004727
0.0057522
0.0060821
-0.0083169
0.0058232
-0.0010936
-0.0061185
0.0025653
0.0056353
0.0047892
-0.0016019
0.0049188
9.08e-5
0.0014372
0.0073655
-0.0092651
-0.0006494
-0.001431
2.29e-5
0.0045653
0.0015763
-0.0047958
-0.0035109
-0.0056081
0.0041271
-0.0064814
0.0028877
0.0016574
-0.0086878
-0.0090523
0.0068075
-0.0029558
-0.0023367
-0.0086599
-0.0009928
0.0081199
-0.009604
0.0055916
-0.0021653
0.0003638
-0.007732
0.0061244
-0.0053015
-0.0092393
-0.000105
-0.0068709
-0.0038651
0.0015314
-0.0052613
0.0060124
-0.0097805
0.0004029
0.0008938
0.0098299
-0.0071953
-0.0074456
0.0030051
0.0060768
0.0098966
0.0066869
-0.007827
0.0038758
-0.0053375
0.0091206
-0.0084822
0.0001354
-0.0048946
-0.0030352
0.0030428
-0.0047646
0.0024284
0.0009854
-0.0032383
0.007753
-0.0077601
-0.0005995
-0.0030081
0.005586
0.0082097
0.0057178
0.0056084
-0.004137
0.0071663
-0.0061008
0.0031692
-0.0017541
-0.0023824
-0.0095258
-0.0088902
-0.0056559
0.0051321
0.0021673
0.0051771
-0.0067573
-0.0073618
0.005362
0.0077516
0.003531
-0.002633
-0.0034093
0.0063493
0.0042736
0.0007642
0.0037868
-0.0050585
-0.0031973
0.0060011
-0.0019529
-0.004969
0.0097254
0.0039353
-0.0020522
0.0075804
-0.0073335
0.0052599
-0.0010088
-5.48e-5
0.0004011
0.0015232
0.0071862
-0.0006914
0.0023238
0.002939
-0.0033059
0.0082048
0.008477
0.0045367
0.0086676
0.0070093
-0.0095914
-0.0047813
0.0052737
-0.0035043
0.0004582
0.0068758
-0.0095699
-0.0023534
-0.0011653
-0.0075796
0.0046238
