-0.0048406
0.0027055
-0.0029554
-0.0047693
-0.0067691
0.0088443
0.0037667
-0.0062707
0.0095481
-0.0028467
-0.0059336
0.0016702
0.0075535
0.0022878
-0.0014785
-0.009255
0.0089475
0.0071356
-0.007904
-0.0082472
0.0022707
-0.0069413
0.0012629
-0.0070363
-0.0068129
-0.0054036
-0.0002375
0.0001571
-0.0068225
-5.51e-5
-0.0025591
0.0055859
0.0073987
-0.0080358
-0.0088414
0.0077217
-0.0077987
0.0002801
-0.0022324
-0.0027722
0.0089494
-0.0035612
0.0086796
-0.0084296
-0.0090762
-0.006383
-0.0042894
0.0002745
0.0004383
-0.0074003
-0.0097035
-0.0075632
0.0061391
-0.0041689
-0.0050615
0.0062028
-0.002175
-0.0086557
-0.0012905
0.0037496
-0.0078936
0.003894
-0.0036419
0.0016976
-0.0051248
0.0033582
-0.0056073
-0.0065293
0.0091903
0.0039181
0.000406
0.0013834
-0.0095456
-0.0003191
0.0073818
0.0008587
-0.008978
0.0044492
0.0087312
0.0034808
0.0050153
0.0021319
0.0026588
-3.94e-5
-0.0011676
0.0089935
-0.0076508
0.0066635
0.0029628
0.0094248
0.004101
-0.0030651
0.0014688
-0.0092875
0.0034514
0.0002255
0.0084188
0.0019803
0.0030419
-0.0034167
-0.0089394
0.0069332
-0.0097063
-2.5e-6
-0.0037336
-0.0095154
0.0022424
-0.0033803
-0.009188
0.0086028
-0.00189
0.0080138
0.0031322
0.0088016
0.0016756
-0.0096726
-0.0049737
-0.0031847
0.0017478
0.0024918
0.0034114
0.001107
0.0018331
0.0031938
-0.0073864
-0.0007853
-0.0071724
0.0096219
0.0058405
0.0021612
-0.0047574
0.0065589
0.0044494
0.0086332
0.0018676
0.0036063
0.0008016
0.0029653
-0.0048184
-0.005995
0.006496
-0.0080895
-0.00859
-0.0060219
-0.0049934
-0.0075371
0.0021671
-0.0008386
-0.0012222
-0.0084669
-0.0097356
-0.0036742
-0.009607
0.0068883
-0.0019141
-0.0077654
0.0028741
-0.0015073
-0.0070919
0.007914
0.0040091
0.0083305
0.0041068
0.006305
-0.0062801
-0.0067438
0.003013
-0.000925
0.0026525
-0.0081344
0.0013169
-0.0069706
0.007297
-0.0092776
0.0069023
-0.0002279
0.0073892
-0.0017629
0.0045206
-0.0013045
-0.0022293
-0.0086829
-0.0074443
0.0092807
-0.0098702
-0.0037505
0.0092704
0.0044901
-0.0098318
0.0076977
0.0009049
0.0030096
-0.0073983
0.0091801
-0.0077442
0.006741
-0.0082384
0.0084233
0.0043811
0.0037654
0.0048106
0.0053291
0.0074436
0.0024135
-0.0017361
0.0044931
0.0068352
-0.0021902
0.0083618
-0.000824
0.00376
-0.0017971
0.0009505
-0.0010952
-0.0037658
0.0077526
-0.0064602
-0.0022906
0.0004439
0.0066867
0.0002879
-0.0059418
-0.0029509
0.0081252
-0.001017
0.0014261
0.0003974
-0.0023247
-0.0098812
0.005024
-5.7e-6
-0.0045427
-0.0061511
0.0091587
0.0055422
-0.0016187
-0.0072453
0.0007194
-2.09e-5
-0.0036319
0.0072735
-0.0034014
0.0042147
-0.0013706
-0.0065025
0.0050545
0.0050865
-0.0099583
0.0088005
-0.0003166
-0.0054804
-0.002393
0.0064723
0.0022833
-0.0064754
-0.001815
0.0080293
-0.0009704
-0.0058622
0.0071169
-0.0035032
0.0063325
0.004476
0.0037075
0.0055556
-0.004464
0.0034213
-0.008322
-0.0092457
0.0001276
-0.0095685
0.0039259
0.0044434
0.0095584
6.04e-5
0.0048901
0.0004848
0.0095282
0.0044465
0.0061461
-0.0067964
0.0031199
-0.0026089
-0.005437
-0.0041468
0.0090752
-0.0056347
0.0030956
0.0030658
0.0034962
0.0013432
0.0055161
-0.0029781
-0.005104
-0.0007234
0.0044285
-0.0054682
0.0007925
0.0019967
0.0005723
-0.0073468
-0.0083985
0.0027865
-0.0007838
0.008821
0.0043021
-0.0012358
-0.0036656
0.003869
-0.0063214
-0.0030592
0.0068037
-0.0097286
0.005813
-0.0009772
-0.0014299
0.0052428
0.0039052
-0.0075154
-0.0016399
0.0007869
0.0089635
-0.0003295
-0.0003502
0.0021905
-0.007615
0.0069905
-0.0062061
-0.0084123
-0.0042544
0.005955
0.0092052
-0.0064292
-0.0027315
-0.0076722
0.0046285
-0.0092712
0.0076698
0.0091248
-0.0086513
-0.0091834
-0.0062593
-0.0061275
-0.0028933
0.0076833
0.0096342
-0.0054134
0.0057592
-0.0020278
0.0071111
0.0071776
0.0076958
-0.0060289
-0.0035253
-0.0065766
0.0049643
0.0016868
0.0033
0.0099013
-0.0086406
-0.0014337
0.0016993
0.0081154
-0.0008536
0.0049374
-0.0093747
0.0031238
0.0004181
-0.0021232
0.0090731
0.0078437
0.0073271
0.0092604
-0.0025335
0.0093437
-0.0024174
0.0004149
0.0065804
-0.0089511
-0.0020733
0.0051344
-0.0022374
-0.0060379
-0.0061885
0.0036316
0.0099772
-0.0035073
0.0083065
-0.0005221
0.0003091
-0.0053456
-0.0073467
-0.0071318
0.0086443
0.004398
0.0081449
0.0070549
-0.0055128
-0.0034297
-0.0025293
0.0091725
-0.0098163
-0.0076298
0.0011348
-0.000685
0.003587
-0.0014849
0.0005986
0.0051167
0.0065431
0.0075072
0.0094363
-0.0052409
0.0056437
0.0019107
-0.0062302
0.0014371
-0.0023951
-0.0008944
-0.0002674
-0.0028998
-0.0095669
-0.0073175
-0.001007
-0.008343
-0.0088338
-0.0035321
0.0089046
0.0099999
0.0018032
0.0064241
-0.0033825
0.0058787
-0.0060817
-0.0049523
0.0008839
0.0069326
0.0026654
0.0009655
-0.0081532
0.0031536
-0.0034258
0.007427
0.0049452
-0.0018001
-0.005408
0.0074417
-0.0058063
0.0008239
-0.003437
-0.0065341
-0.0042392
-0.0069693
0.0041601
-0.0085241
0.0053975
-0.0081458
0.0019782
-0.0060808
-0.0051336
-0.005274
0.0043705
0.0095645
-0.0015579
-0.0060887
0.0043496
0.0091081
-0.0038661
-0.0074075
0.007396
-0.0031111
-0.001103
-0.0091252
0.0076522
-0.0043453
0.0062618
0.0066654
-0.0070773
0.0061229
-0.0039116
0.0051055
-0.0019346
-0.0009853
0.0068254
0.0040216
-0.006661
-0.0006979
-0.0057605
0.0077916
0.0057392
0.0073211
-0.0055176
-0.0070322
-0.0065952
-0.0032456
