0.0014066
-0.0001283
-0.0049994
0.0079086
-0.0052523
-0.000661
0.0032442
-0.0007735
0.0044608
-0.0008038
0.0081928
-0.0059386
-0.0037161
0.0054437
-0.0087049
-0.0047741
-0.0009487
0.009329
-0.0089654
0.0013725
-0.0007214
0.0055894
0.0082884
-0.0008145
-0.0079802
-0.0092274
-0.001369
0.0072112
-0.0090242
0.0087511
0.0030336
-0.0068331
-0.0051342
0.0039542
-1.4e-5
0.0003954
0.0006784
0.0050665
-0.0070785
0.0025651
-0.0073219
-0.0060579
-0.0050369
0.0009151
-0.0070508
-0.0021914
0.0062895
-0.007328
0.0067384
0.0006676
0.0093807
0.0098063
0.0063384
-0.004313
0.005125
0.0096327
0.0043071
-0.0049424
0.0046354
0.0083647
-0.0025116
0.000879
-0.0032858
-0.0095864
0.0054145
0.0020009
0.0012404
-0.0008332
0.008607
-0.0008838
0.0028399
0.0077693
-0.0030043
0.0032875
-0.0061807
-0.0070211
-0.0004873
-0.0096175
-0.0036013
0.0089312
-0.0057098
0.0046437
-0.0091641
0.0074272
-0.0093004
-0.000896
-0.0085498
0.0032883
-0.0011049
0.0004871
-0.0068879
-4.71e-5
0.0089786
-0.0085841
-0.0065101
-0.0030834
-0.0012933
-0.0010542
-0.0023532
0.0017655
0.0047414
-0.0039702
0.0081394
-0.0066829
0.0002475
-0.000946
-0.0078406
0.0077948
-0.0041789
-0.0012427
-0.0026561
-0.0021288
0.0071334
-0.0051913
0.0031668
0.0076538
-0.0073765
0.0074582
0.0007806
-0.0062
-0.0059881
0.004547
0.0016577
-0.0073839
0.0013121
-0.0003433
0.0074241
-0.001237
0.0004349
0.0021837
-0.0021311
0.0041322
0.0028486
0.0005678
-0.0081388
0.0032723
0.0067266
0.0004805
-0.0050745
-0.0077466
0.0075111
-0.0062431
0.0033421
0.0018674
0.0069344
-0.0075057
0.0076882
0.0098679
0.0054512
-0.0040793
0.0027296
-0.0023186
-0.0092212
-0.0052841
0.0040581
0.0044095
0.0080016
0.0048656
-0.0091691
-0.0012596
0.0054133
0.0003686
0.0085583
-0.008714
-0.000161
-0.0061568
-0.0060786
0.0007759
0.0059759
-0.0003853
-0.0044636
-0.0078821
0.0017115
-0.0048497
-2.46e-5
-0.007107
-0.0009799
0.0058368
0.0009373
0.0047553
0.001448
0.009189
-0.0078384
-0.0009444
-0.0004012
-0.0019499
0.0071021
0.0096966
-0.0020666
-0.0067348
-0.0099136
-0.0010018
0.0060071
-0.0029086
-0.0087679
-0.0018015
-0.0059431
-0.0052519
0.0030338
-0.0064027
0.0044277
-0.0079903
-0.0052225
0.0038236
0.0060749
0.0001863
-0.0076889
0.0036709
0.0078149
0.0052013
0.0046897
-0.0034833
-0.0047111
-0.0046513
0.0047803
-0.0081099
-0.0063303
-0.0045407
-0.0076144
0.0097191
-0.0021392
0.0018073
-0.0020246
-0.0016188
-0.0059067
0.0045644
0.0060846
0.0024941
-0.0060901
-0.0022449
-0.002431
-0.0044029
0.0042701
-0.0093926
-0.0020789
-0.0021034
0.0093219
0.0088047
0.0086367
0.0068175
0.0057151
-0.0023173
0.0070443
0.0020776
-0.0074669
0.0063508
-0.0046599
-0.0005624
0.0024651
-0.0016796
-0.002738
0.0004724
-0.0096877
-0.0066173
0.0011051
0.009033
-0.0067837
-0.0070087
-0.0010047
-0.0089824
0.0009611
0.0093199
0.004452
-0.0073
-0.0044409
-0.0057024
0.0077926
0.0063273
-0.0027698
0.0021168
-0.0064496
-0.0060453
-0.0044462
0.003551
-0.0021245
0.005856
-0.0091059
0.0060557
0.008313
-0.0089495
-0.0043198
0.0089743
-0.0074205
1.0e-7
0.0064833
0.0039352
-0.0024617
-0.0013845
-0.0025569
-0.000626
0.0069964
-0.0051746
-0.004455
0.0031273
0.0013804
-0.008407
0.002843
-0.0030054
-0.009107
0.0031805
-0.0064547
0.0079847
0.0030153
0.0002802
0.0089597
0.0040198
-0.0097957
-0.0072819
0.00804
0.0017001
-0.0025255
-0.0039675
0.0084113
-0.0088461
0.004266
0.0082817
-0.0039925
0.0069391
-0.0080712
0.0010592
-0.0039311
-0.0099989
-0.0018738
0.001111
-0.0012171
-4.72e-5
0.0066157
0.0066962
-0.0034822
-0.0012921
0.0053572
0.0077394
0.0056585
0.0049724
-0.0028893
0.0055186
-0.0093455
0.0011845
0.0035522
-0.0001106
0.0044048
0.0003075
-0.0026104
0.0011323
-0.0026391
0.0005168
-0.005833
0.0047429
0.0006746
-0.0042268
0.0078115
0.0089392
0.0021608
-0.0068477
-0.0057706
0.0081555
0.006996
-0.0054811
-0.0029334
-0.0028385
-0.003677
-0.0007262
0.0087965
0.0096104
0.0084879
0.0042001
0.0025943
-0.0029265
-0.0009996
0.007802
-0.0011731
-0.0088038
-0.004466
0.0014165
0.0065208
0.0074289
-0.0085698
-0.0098824
0.0043181
0.0003427
0.0071431
0.006582
0.0029096
0.0028171
0.0057745
0.0045297
-0.0009157
-0.0068668
-7.02e-5
0.0066931
0.0068834
0.0096063
-0.0044038
0.0009643
-0.0095792
-0.0088887
-0.004231
-0.0057085
0.0084812
0.0043378
0.0035644
0.0064584
0.0068991
-0.0003215
0.0062288
0.0023448
0.0031636
0.0039167
0.0018843
-0.0060485
-0.0058125
0.008164
0.0075727
0.0041876
-0.0003777
-0.0011065
-0.0034123
-0.0095814
-0.0080974
-0.0044854
-0.0083469
-0.0076971
-0.0061106
-0.0079943
0.00825
-0.001487
-0.009237
-0.009765
0.0006727
0.0069515
-0.0064794
-0.0027802
0.0056718
0.0085228
0.0078183
0.0093535
0.009377
-0.0051772
0.0063555
0.0028149
0.0080674
-0.0096029
0.0059377
0.0017747
-0.0030802
0.0011544
-0.0065299
-0.0021173
0.0098601
-0.0004282
-0.0027942
0.0049986
0.0084891
-0.0040691
-0.0031943
0.0005824
-0.0011687
0.0010841
-0.0044416
-0.0022577
-0.0064647
0.0044782
0.0063266
-0.0071448
0.0074393
-0.0033123
-0.0018837
-0.007726
0.0081823
0.0083005
0.0047435
-0.0017478
0.0024411
-0.0016246
-0.0024644
-0.0016496
0.0009984
-0.0050845
0.0099757
-0.0018854
-0.0049691
0.0016576
0.0068425
-0.0070362
0.0096011
-0.009572
0.0051884
-0.00955
0.0064514
0.0091679
0.0050852
-0.001099
-0.0099098
-0.0067536
0.0055185
