-0.0077961
0.0020366
-0.0063785
-0.0097669
-0.0086486
0.0036781
-0.0074974
-0.0091518
-0.0053243
0.0050583
0.0076936
0.0001285
-0.0045752
0.0039736
0.0031327
0.004449
-0.0084951
0.0016071
-0.0083374
0.0059541
0.0088077
-0.0027238
-0.0009261
0.000677
0.0072531
-0.004753
0.0092106
-0.0045587
0.0082162
0.0038786
0.007006
-0.0097505
0.0043548
-0.0040407
0.0024229
0.0072568
0.0065738
-0.0093597
-0.005652
0.0077445
-0.0028515
-0.0038778
-0.009974
-0.0089543
0.0069281
-0.0014979
-8.1e-5
0.0032252
0.0065011
-0.0077879
-0.0073994
0.00785
0.0097194
0.0073281
-0.0086639
-0.0054287
0.0063867
-0.0012952
-0.0064041
0.0056912
-0.0048854
0.0065982
-0.0064635
-0.0084806
0.0074481
0.0050291
0.0007022
0.0094883
0.0034226
-0.0075217
-0.0058124
-0.0064393
0.0082309
-0.0043736
-0.0032444
-0.0088984
0.0018422
-0.0033387
0.0041072
0.0013246
-0.0075431
0.0025045
0.0081182
0.0095467
0.0048687
0.0022334
0.009061
-0.0037739
-0.0090279
-0.0076885
-0.0033528
0.0014831
-0.0051838
-0.0067946
-0.0091515
0.0077918
-0.0090058
0.0019449
-0.0054589
-0.0044631
-0.0046698
0.0053348
-0.0033185
0.0009766
-0.0002292
-0.0057841
0.0060447
-0.0027879
0.0013165
0.0008295
0.0020213
0.0031317
-0.000903
8.43e-5
0.0055674
-0.0041829
0.0097556
0.0053976
-0.0071824
0.0086041
-0.0086627
-0.003251
0.0044369
-0.0041888
-0.0046543
0.0076006
-0.0030156
0.0080367
-0.0061009
0.0098934
0.0004115
0.0097025
-0.0084211
-0.0055096
0.0083742
-0.0035989
0.0052832
-0.0020468
0.0021588
0.0096462
-0.0095401
-0.0068235
0.0021758
-0.0049589
0.0036673
0.0078823
0.006789
-0.0099739
-0.0043633
-0.0071443
0.0087673
-0.0003495
0.0071768
-0.0096292
-0.0002302
0.0082218
-0.0026754
-0.0027574
0.0037454
0.0017967
-0.0076619
0.0033402
-0.0086163
0.006313
0.0039984
-0.0030387
-0.0040144
0.006662
-0.0080073
0.0050812
-0.0073443
0.0092739
0.0083326
-0.0055917
0.0071364
-0.000375
0.0023935
-0.0099575
0.0072305
0.009841
0.004216
-0.0020568
0.0075669
-0.0010498
-0.0055425
-0.0046652
-0.0071255
0.0046184
0.0073135
0.0047829
0.0059878
-0.0079095
-0.0016268
-0.0053738
-0.0045848
0.0068049
-0.0068836
-0.0083276
0.0019398
-0.0010963
0.0027788
-0.003798
-0.007238
0.0067868
0.0089557
0.0053394
0.0093328
-0.0027541
0.0047416
0.009928
-0.0042713
0.0006941
-0.009889
-0.0069947
0.0053885
-0.0026408
-0.0067199
-0.0028786
0.0062275
0.0064244
0.0090544
-0.002712
-0.0004307
0.0071114
-0.0003853
-0.0043984
-0.0057707
0.0016565
-0.0064636
0.0077302
-0.0057565
0.0080347
0.0065012
-0.0086949
0.0085385
-0.0089204
-0.0078587
0.0028979
0.0031943
-0.0052078
-0.0050912
-0.0076205
-0.0098884
0.0008609
0.0039124
-0.0052903
0.0079416
-0.0044794
0.0078674
-0.0013484
-0.0010465
0.0034342
-0.0076024
0.0090408
-0.0031495
-0.0078108
-0.004429
-0.0026647
-0.0011388
0.0046523
0.0022024
0.0024093
0.0092469
-0.009958
-0.0096469
-0.0018275
0.0044484
-0.008177
-0.0081027
0.0025838
0.0059441
-0.0069958
-0.0016103
-0.0077229
-0.0024369
-0.0028267
0.0067889
0.0021805
0.0003804
-0.0023723
-0.0098553
0.0053631
0.0030028
0.0053058
-0.0025281
-0.0021115
0.0096127
0.0036873
0.0083231
-0.0007932
0.000859
-0.0056043
-0.0012849
-0.0021087
-0.0065147
-0.0023335
0.0023321
0.0062085
0.0030882
-0.0037191
0.0057829
-0.0013507
-0.006589
-0.0022284
0.005105
0.0085817
0.0041424
0.008242
-0.0002136
-0.0005392
-0.0036219
-0.004381
0.0089408
0.0080324
-0.0056621
0.0007686
-0.0056396
-0.0039299
0.0064416
0.0042092
0.0040647
0.0079657
0.0094445
0.0029911
-0.0050791
-0.0078908
0.001635
0.0051421
-0.0063276
0.0077646
-0.0076942
-0.0062439
0.0071283
0.0091972
0.0011027
-0.0054205
-0.0035533
-0.0018479
0.0094524
0.0047644
-0.0002036
0.0060621
-0.0077053
0.0083141
0.0084021
0.0011197
-0.0067141
-0.0091176
0.0003316
0.0019081
0.0046395
0.004434
-0.0050906
-0.0056822
0.0070778
0.0023152
0.0033307
0.0011677
0.0033161
0.0072954
-0.0002668
0.0063297
0.005981
-0.0023954
0.0042302
0.0025265
-0.0046496
0.0044746
0.0034477
-0.0049766
0.0056635
-0.0059287
0.0086327
-0.0069423
0.0066122
-0.0095841
-0.0076332
0.0050674
-0.0037577
-0.0094061
0.0061166
0.0005627
-0.0012873
0.0034416
-0.0091279
0.0003889
-0.0050113
0.0094666
0.0072452
0.0002545
0.003
0.0044528
0.0021001
0.0096524
-0.0060242
0.0014964
-0.0008039
0.0059706
-0.0023548
-0.006856
-0.0074395
-0.0071128
0.0021313
0.0058946
-0.0025178
0.0082538
0.0065914
0.0095728
-0.0097534
-0.0004664
-0.001811
-0.0094576
0.0060673
0.0029931
0.0029874
0.0097078
0.0023357
0.009304
0.0028933
0.0031151
-0.0050776
0.0062389
-0.009506
0.0083694
-0.0088212
0.0092039
-0.0004692
0.0017739
0.007536
0.0023319
-6.91e-5
-0.0057124
-0.0043282
0.0076799
0.0058557
-0.0063044
-0.0044753
0.0021477
-0.0016551
0.0056866
0.0075063
0.0077869
-0.0026053
-0.0030299
0.0001071
-0.0078635
-0.0054614
0.0076077
0.0003011
-0.0053443
0.0016817
-0.0017533
0.0046123
0.0005751
-0.0092435
-0.0065411
0.0018523
-0.0085607
0.0082198
0.0033555
-0.0085669
-0.0041366
-0.001825
-0.0045879
0.0069367
-0.0001116
-0.0056377
0.0005221
0.0095628
-0.0013042
-0.0079603
-0.0030681
-0.0034169
-0.006189
0.0023132
-0.0011186
0.0090624
0.0099121
-0.0095395
-0.0099943
0.0053868
-0.0085653
0.005531
0.0069253
-0.0030093
-0.0034544
-0.0039696
-0.0051471
-0.0041607
0.0051352
-0.0042881
-0.002282
-0.009167
-0.009891
0.0003967
