0.0057289
0.0031503
0.0067227
0.0032781
-0.0007452
-0.0098085
0.0026217
0.0066576
-0.0043906
0.0072714
-0.0096302
-0.0072564
-0.0043805
0.0012838
-0.0009156
-0.0011472
-0.0011849
-0.0046268
-0.0033032
-0.004925
0.002292
-0.0098943
-0.0026896
-0.0049839
-0.0014015
-0.0037823
-0.000481
-0.0072623
0.0015684
-0.0019193
-0.0071223
0.0032505
-0.0029473
-0.003006
-0.0090627
0.0034093
-0.0081267
0.0085415
-0.0048238
0.0065575
0.0099295
-0.0004059
-0.0072007
-0.0065905
-0.0098828
0.006987
-0.0087196
-0.0017492
0.0060613
0.0080065
0.006945
-0.0006522
0.0097396
-0.0027617
0.0069309
-0.0036213
0.0018752
0.0080363
0.0081801
0.0067323
-0.0048631
0.0089763
0.0049388
-0.0079355
-0.0016907
-0.0033537
-0.0071746
0.0078204
-0.0095455
0.0082788
-0.0009809
0.0006765
-0.0059587
0.0086137
0.0062857
0.0076369
0.0058242
0.0056122
0.0016485
0.0087058
-0.0042623
0.0031991
-0.0070254
-0.0066034
0.0028863
0.0073992
0.0014945
0.0068904
0.006145
-0.0002648
0.0016171
-0.0057654
-0.0098429
-0.0066726
0.0067046
0.0046762
0.0053435
0.0005779
-0.0096484
0.0006066
0.0063137
0.0034129
-0.0005598
0.0008372
-0.0097808
-0.0027246
0.0017201
0.002464
0.0012544
-0.0048841
0.0056751
-0.0084653
0.0073238
-0.0086582
-0.0045224
-0.0040747
-0.0060055
-0.0020787
-0.0026464
-0.0072188
-0.000392
0.0096433
-0.0036701
0.0006844
0.0098258
-0.0027948
-0.0065867
0.0075455
0.0064405
-0.0070531
-0.0044625
0.0067824
-0.009198
-0.0090976
0.000207
-0.0027089
0.0072586
-0.004576
0.0073917
-0.0050068
-0.0011529
0.0085841
-0.0067642
0.000923
0.0075805
-0.0003304
0.0079603
-0.0054837
0.0043308
-0.0002633
0.0086455
-0.0021567
-0.0081297
-0.0055516
0.0056644
0.0070385
0.0070361
0.0025422
-0.0016183
-0.0036831
-0.0034046
0.0067274
0.0001108
0.0056405
0.0027763
0.0090183
-0.0038816
0.008877
0.0066477
0.0029107
-0.0085688
-0.0061399
0.0015786
-0.0095304
-0.0087359
0.0010734
-0.0002357
0.0071356
0.0097958
-0.0037836
0.007498
0.0051257
0.0015657
0.0020968
-0.0029642
-0.0027244
-0.0009408
0.0015814
0.0098983
-0.0081105
-0.0023643
0.009469
-0.0040766
-0.0004884
-0.0017762
0.0031646
0.0014487
-0.0063298
0.0098702
0.0007742
-0.0015443
0.0099499
-0.0019352
-0.000161
-0.0033498
0.0086642
-0.0064189
0.0010277
-0.0014402
-0.0088701
0.0070321
-0.0014037
-0.0058379
-0.0010863
0.0063946
0.007189
-0.0065146
-0.0099588
0.0092183
0.0010702
0.0034674
-0.000518
-0.006191
0.007115
0.0006817
-0.0081834
-0.0055947
0.0074256
0.0054552
-0.0083657
0.0020054
0.0093245
-0.0001224
-0.0022788
-0.0066232
0.0035082
-0.0070712
0.0094382
0.0063355
-0.0048802
-0.0011297
0.0010809
-0.0084274
-0.0096594
0.0054106
-0.0028596
-0.0022493
-0.0004122
0.000297
-0.007085
-0.002653
-0.0066989
0.0017574
0.0014806
-0.00927
0.0008646
0.0001989
-0.0063523
-0.008768
0.0085657
-0.0007046
0.0066456
-0.0070234
-0.0079817
-0.0046522
-0.0001602
0.0068781
-0.0041084
0.005329
-0.006564
0.0091659
-0.0030385
0.0099011
0.0034653
-0.0070369
-0.0058514
0.0013725
0.0095857
0.0056682
-0.0095436
-0.0029351
-0.0096463
0.0071524
-0.0029366
0.0044584
0.0059466
0.0054287
0.001772
-0.002961
0.003006
0.0074277
-0.0099471
0.0068628
-0.0057908
-0.0086638
-0.0091793
1.47e-5
0.0044746
-0.0027678
-0.0022352
-0.0052164
-0.0012442
0.0089638
0.0063876
-0.0095405
-0.0060881
0.0056005
0.0065392
-0.0045676
-0.0009446
-0.004803
-0.0041915
-0.0044929
0.0019196
0.0018917
0.0021956
-0.0006336
0.002618
-0.0092933
-0.0063856
0.0068675
-0.0043482
-0.0084891
-0.0021848
-0.0058991
0.0080109
-0.0014133
-0.0044726
-0.0066265
0.0047909
-0.002827
0.0017668
0.0075803
0.0099068
0.0052924
0.0056499
0.0074831
-0.0001023
0.006167
0.0024836
0.0001799
-0.0064715
0.0057127
0.0031075
0.0009826
0.009087
0.0082257
0.0072775
0.0042121
0.0048213
0.0082957
-0.0085448
0.0052068
0.000108
-0.008045
0.0018553
-0.0020349
-0.0049841
0.0095538
0.0051548
-0.002795
-0.0099333
0.0060093
-0.0066995
0.0064741
-0.0053952
-0.0025327
-0.0099132
-4.94e-5
0.0042703
-0.0046898
-0.0093562
0.0078221
0.0056507
-0.0071367
0.0065835
-0.0059363
0.0026541
-0.0040069
-0.0066886
-0.0081128
-0.0037669
-0.0009547
0.0033748
0.0085484
-0.0090893
-0.0062476
-0.0018389
-0.0027627
0.0099688
-0.0038162
-0.0007717
-0.0091228
0.009367
-0.0045443
-0.0024815
0.0095638
-0.0075726
0.0024551
-0.0083387
-0.0016182
0.0028154
-0.0075363
0.0088663
0.0023082
0.0074985
-0.0020415
0.0029021
-0.0083028
-0.0075448
-0.0043257
0.0009025
0.0049534
-0.0083015
-0.0036849
-0.0053293
0.0010022
-0.004335
0.0093073
0.0018033
-0.0006265
0.0094455
0.0030436
0.0008077
-0.0038598
-0.007111
-0.0012569
0.007151
0.0061598
-0.0089524
-0.0030155
-0.0017894
-0.0049675
0.0023054
-0.0096228
-0.0020693
0.0083702
-0.0010939
-0.0022617
0.0076804
0.0043415
0.0047034
0.0010757
0.0040697
0.0070165
0.0063827
0.0027587
0.0018214
-0.009162
-0.0068451
0.0043738
-0.004748
-0.0002387
-0.0065292
0.0073475
0.007214
0.0064048
-0.0004431
-0.0014244
-0.0032049
-0.007251
0.0037702
-0.0022261
-0.0090162
-0.0090734
0.0023778
0.0016232
-0.0021063
-0.0080777
0.009482
0.0049041
0.0021144
-0.0024491
-0.0081544
0.0042705
-0.0093486
-0.0067946
-0.008197
-0.0088078
0.0066011
0.0090642
0.0053855
0.0040864
0.0032912
-0.005387
0.0010569
0.0044825
-0.0081107
-0.0093439
-0.0030652
-0.0065772
0.0058793
-0.0059925
0.0095244
-0.0052504
