0.0077934
0.0091037
-0.0006086
-0.0074561
-0.0083906
0.0045552
-0.0059944
-0.0086554
-0.0056948
0.0093294
-0.0047688
-0.0083098
0.0062195
0.0044428
-0.004652
0.0067289
0.0085874
-0.0080167
-0.0035607
-0.0092593
0.0002789
0.0062958
1.73e-5
-0.0018308
-0.0093684
-0.0066391
-0.0030311
0.0011976
-0.0050654
0.0064393
0.0034826
-0.0072283
0.0071605
-0.0014102
-0.0009043
0.0052665
0.0005901
0.0063764
-0.0065728
-0.0060973
0.004196
-0.0061657
0.0055825
0.0066514
-0.0071866
-0.0075939
-0.0014078
0.0038959
-0.0010817
0.0059923
-0.0090123
0.003398
0.0007044
0.0061807
0.0077388
-0.0022101
-0.00629
0.008657
0.0012223
0.0058461
0.0080757
0.0042302
-0.0068649
0.007107
0.0069254
0.0017343
-0.0036924
-0.0044454
-0.0059794
0.0014706
0.006278
0.0003333
0.0090556
-0.0019476
-0.0059693
-0.0053963
-0.0067408
0.0024077
0.0005415
-0.009251
0.0069101
-0.0027935
-0.0089923
-0.0074602
0.0027503
0.0024686
-0.0007757
0.0098991
-0.0065689
-0.0097313
-0.0072744
-0.0050882
-0.0086314
0.0062796
0.0014352
0.0068254
0.0060852
0.005908
0.0032799
-0.0027051
0.0035595
-0.0030442
0.0088735
0.0027727
0.0010126
0.00221
-0.0093482
0.0009945
-0.0004755
0.0076798
0.0097349
0.0048711
-0.0030254
-0.0080185
-0.0017167
0.0079027
-0.0022997
-0.0073093
0.0063645
-0.0089802
-0.0025869
0.0009356
-0.0012333
0.007139
0.0035791
-0.0052343
0.0059387
0.0080847
-0.0084437
-0.0064096
-0.0062654
-0.0046331
0.0072872
-0.0087509
-0.0051619
0.0094057
-0.0058717
-0.0016191
-0.0088326
-0.000708
0.006064
-0.0004501
-0.0063629
0.0039928
0.0050038
-0.0016311
0.0036607
0.0072667
0.0035351
0.0018191
0.0030904
0.0054731
-0.004032
0.0089364
0.00712
0.0003187
0.0061792
0.0023954
-0.0075862
0.0091684
0.0022451
-0.0090049
-0.0066341
-0.0017722
0.0043108
0.0013094
0.0095451
0.006903
0.0042399
-0.0031903
0.0080126
-0.0048195
0.0012237
0.0018034
-0.006711
-0.006131
-0.0029965
-0.0099195
0.009686
-0.0009396
0.0065158
0.007375
0.003749
-0.0076933
-0.0012432
-0.0039601
-0.0025702
-0.0059384
-0.0019415
0.0009133
0.0015017
0.0068642
-0.0025476
6.77e-5
0.0077309
0.0017907
0.0022792
0.0025042
0.0079264
-0.0085475
0.0086943
-0.0096561
0.0075917
-0.0028013
0.0029783
0.0009256
-0.0088856
-0.0090657
-0.0099397
0.00369
0.0030272
0.0015061
-0.0076107
0.0025385
0.0029822
-0.0023161
-0.0004159
0.0062006
0.0052493
-0.0075315
-0.0030929
0.0016436
0.0019311
-0.0091058
0.0084424
-0.0024492
0.0074337
0.0050056
0.0074307
-0.0040531
0.0098015
0.0099095
-0.0002099
-0.0048451
0.0099879
0.0051249
-0.0008809
0.0073734
-0.0079867
0.007834
0.0003949
-0.0040355
0.0098612
0.0068003
0.0097934
0.0076084
-0.0059045
-0.0039068
-0.0068841
0.0015697
0.0035019
-0.000285
0.0063807
0.0007582
-0.0021567
-0.0050139
-0.0099506
-0.0003781
-0.0005575
-0.0056168
-0.0087941
0.0020716
-0.0092036
0.003018
0.0066389
-0.0036066
-0.0014051
0.009347
0.0053237
0.002717
0.0063246
-0.0096463
-0.000943
0.0032707
0.0061238
-0.0093705
-0.0022753
-0.0054394
-0.0048996
0.0078857
0.005898
-0.0054402
-0.0020698
0.0027681
0.0002856
0.0062635
-0.0039809
0.0046378
0.0026354
-0.0026866
0.0024522
-0.0024458
0.0049028
-0.0060856
-0.0037002
0.0082448
-0.0025787
0.0065177
-0.0080684
0.0085911
-0.0006648
0.0030384
-0.0047301
0.0002662
0.0030685
-0.0005192
-0.0048142
-0.0071558
-0.0040762
-0.0042172
0.0010041
-0.0036068
-0.0006769
-0.0074158
-0.0061937
0.0095083
0.0069128
-0.0074678
0.0021176
-0.0033607
-0.00571
-0.0009776
0.0077447
0.0042986
0.0005167
0.0011897
0.0099149
0.0044715
0.0084125
0.00029
0.0001204
0.0073406
-0.0036319
0.0051006
-0.0045492
-0.0082671
-0.0059294
0.0066917
0.009252
-0.0058601
-0.0031903
-0.0003746
-0.0010176
0.0049281
0.0022604
-0.0074755
0.0063012
-0.002688
0.0079626
-0.0025608
0.0003078
-0.001374
0.0026497
-0.0098357
-0.0088667
-0.0083425
-0.0021519
0.0046603
-0.0018854
-0.0087334
0.0025982
-0.0076766
0.0021872
0.002586
-0.0092931
-0.0018352
-0.0074134
-0.0051362
-0.0043061
-0.0082794
0.005713
-0.0022769
-0.0016229
-0.0058006
-0.0094634
0.0052136
-0.0034283
-0.0083574
0.0005964
-0.0021276
-0.0061596
-0.002532
0.0042081
0.0094232
-0.0053117
0.0046942
0.0017199
-0.0099823
0.0028584
0.0020696
0.0082082
-0.0089504
0.0019139
-0.003468
-0.0008713
0.0099828
-0.0007934
-0.005235
0.0084957
-0.0061289
0.009172
-0.001311
0.0003335
-0.0038569
0.0087167
0.0096436
-0.0014646
0.0018606
-0.0012329
-0.0093478
0.0008485
0.0013751
0.0091356
-0.0011653
0.0051901
0.0040251
0.0017862
0.0015312
-0.0044828
-0.0009885
-0.0014475
-0.0013352
0.0085173
1.0e-6
0.0027876
0.0055362
0.0091202
0.0071894
0.0040429
0.0057953
0.0036602
0.0039708
0.0021357
0.0051627
-0.0085872
-0.0088199
-0.0037203
-0.0076223
-0.0029683
-0.000526
-0.0035748
-0.0016721
0.0081008
0.0003704
0.0081513
0.0018532
0.0032041
-0.0021646
-0.0073431
0.0029179
-0.0090982
0.0011652
-0.0065187
0.0046408
0.0012976
0.0091298
0.0075116
-0.0007298
-0.0096289
0.0081236
0.0025537
-0.0055476
0.0067084
0.0088905
-0.0045171
-0.0091747
0.0085549
-5.84e-5
0.0068053
0.0035534
0.0008852
0.0056071
7.26e-5
-0.0085
0.0016649
0.0090144
-0.0034525
0.0063501
0.0027863
-0.0072053
0.0097426
0.0019548
-0.0087308
0.005804
-0.002794
-0.0047527
0.0073557
0.0097835
0.0084487
0.0034739
0.0069472
0.0046211
-0.0036919
0.0026539
0.0054446
