-0.0065307
-0.0077452
-0.0066729
0.0044543
-0.0006465
-0.0037527
0.0081242
0.0050136
-0.0079924
0.0028848
-0.0010926
-0.0065967
0.0092166
-0.000773
-0.000848
0.0019026
-0.0098103
-0.0099697
-0.0026468
-0.0020095
0.000653
-0.00481
-0.0020656
0.00633
-0.0023624
-0.0078616
-0.0013624
-0.0014365
0.0059891
-0.0068436
0.0064231
-0.0019006
-0.0062399
0.0053849
0.0061364
0.0039847
0.0083941
-0.0022154
-0.0007597
0.0078049
-0.0074292
0.0064914
0.0071535
-0.0008252
0.0059984
-0.0042336
0.0069398
-0.0078265
-0.0077955
0.0050162
0.0048111
-0.006911
-0.0072518
-0.0012898
-0.0095724
0.0081797
-0.0015258
0.0036553
-0.0053052
0.0071476
-0.0008279
0.0049678
-0.0047626
0.0015348
0.0069755
0.009382
0.0037938
0.0093105
-0.007876
0.008782
-0.0009013
0.0070742
0.0058328
-0.0006743
1.4e-5
-0.0018226
0.0073858
-0.0033647
-0.0077783
0.0065504
0.0051538
0.0027501
-0.0035677
0.0045124
0.003398
0.0064401
0.0004803
-0.0071414
-0.0095032
0.007734
0.0082001
0.0060617
0.0063548
-0.0027968
0.0036229
0.0097842
0.0006471
0.0096849
-0.0067333
0.0015729
0.0084518
-0.0099902
-0.0058118
-0.0029682
-0.0064748
0.0034425
-0.0042685
-0.006434
0.0052518
-0.0009951
-0.0068648
-0.0011875
-0.0072862
0.004577
0.0023607
0.0086041
0.0047296
-0.0092615
-0.0073225
0.0036561
-0.0035614
0.0044104
0.0085686
-0.0098509
-0.0014144
-0.0053272
-0.0085242
0.009822
-0.0041401
-0.006503
-0.0067699
0.0050217
-0.0075768
-0.0045724
0.0087643
0.0096529
0.0038071
0.0063083
-0.0074603
-0.0047259
-0.0044092
0.0045543
-0.0063802
0.0018064
0.0068037
-0.0009802
0.009555
0.0046324
0.0030059
0.0096145
-0.0002005
-0.0073247
-0.0006538
0.0022682
0.0001216
-0.0039137
0.0044202
-0.0050842
-0.0001794
-0.0044819
0.00098
0.0032082
-0.0090282
-0.0018891
0.0035808
0.0003185
-0.0037387
-0.0008859
0.0047726
-0.0028586
0.0062581
-0.0098984
0.0098444
-0.0083925
-0.0043356
-0.0092959
0.0084439
-0.0082079
0.0065728
-0.0059269
-0.0004518
0.0058357
-0.0061273
-0.0039919
-0.005831
-0.0063974
-0.0001387
-0.0041167
-0.0082719
0.0088589
-0.0048441
-0.0005941
0.0055935
-0.0098895
-0.0032075
0.0093958
0.0088362
0.0005301
-0.0004854
-0.0086679
-0.0071394
-0.0031193
-0.0088209
0.0017387
-0.0090131
-0.0047223
0.007253
0.0051164
0.0035602
0.0003402
-0.0076721
0.0062703
0.0002403
0.0022428
-0.0059709
0.0015492
-0.0035511
-0.0041354
-0.0085919
-0.0029466
0.0006167
-0.0046068
0.0099173
0.0014498
0.0018759
0.0058911
-0.001974
0.0024683
-0.0090107
-0.0066453
-0.0038958
-0.0058652
0.0013555
0.002277
-0.0093702
0.0099998
-0.0038952
-0.0028191
0.00022
-0.0079928
0.0072279
0.0099196
0.0013874
0.0080332
0.0075687
-0.0001954
-0.004027
0.0078233
-0.0053404
-0.0091608
-0.0016237
0.0038718
0.0016836
0.0020015
0.0097949
0.0016374
0.0039342
0.009881
0.0003896
0.003024
0.0007803
-0.0085817
-0.0012108
0.0086278
-0.0049277
-0.0015585
0.0052716
-0.0004214
0.0089108
-0.0078223
-0.0027751
0.009588
0.0050275
-0.003631
-0.0051093
0.0015628
0.0096565
-0.0089556
-0.0004066
0.009115
-0.0098392
0.0078686
-0.0050981
0.0036751
0.0092091
-0.0002294
0.0086121
0.0004745
-0.0044726
0.0061258
0.009371
0.0007177
0.0084246
-0.0091787
-0.0066899
-0.0097444
-0.0040428
0.0056984
0.0020573
0.0024426
0.0084001
0.009994
-0.0058456
-0.0080528
-0.0002187
0.0001838
-0.0037247
-0.0099524
-7.57e-5
-0.0035835
0.0066001
-0.0026889
0.0066846
-0.0084995
0.005471
-0.0081994
0.0023648
0.0084605
-0.0093872
0.0037311
0.0067749
-0.0003575
0.002482
0.0068576
0.0005345
-0.0071227
0.0052742
0.0079651
-0.0058379
0.0064266
-0.0066523
0.0064714
-0.0012667
0.0022282
-0.0080206
-0.0057431
-0.0081802
-0.0099235
-0.0061422
-0.0067485
-0.0058606
0.0032072
0.0082577
0.0003473
0.0020101
-0.0035371
-0.0033401
-0.007714
0.0071621
-0.0011713
0.004229
-0.0039744
-0.0030215
0.0072113
0.0009912
0.0091422
0.0037621
0.009425
0.0019745
-0.0044069
0.0050617
-0.001458
0.0073364
-0.0074487
0.0019653
-0.0043818
-0.0021437
0.007358
-0.0008373
-0.0006113
0.0046858
0.0050243
-0.0066695
-0.0093344
0.0034667
0.0049529
0.0062782
0.0017798
0.0029215
-0.0046666
-0.0080115
0.0074001
-0.0021408
-0.0017454
0.008158
0.0025208
0.0030804
0.0092425
-0.0001526
-0.0088341
-0.0010958
-0.0001728
-0.0055295
0.0059366
0.0057379
3.54e-5
0.0066108
0.0029639
-0.0039244
-0.0073522
0.0097128
-0.008081
-0.0018508
-0.0034008
0.0085942
-0.000144
0.0002715
-0.0076199
-0.0004668
-0.004797
-0.0007511
-0.0058144
0.0042768
0.0093447
-0.0095221
-0.0084355
-0.0087626
-0.0060386
-0.0017682
0.0039327
-0.0088103
0.0010515
0.0032462
0.0093064
6.5e-6
0.0085084
0.0093184
-0.007487
-0.0035978
0.0047493
-0.0043991
-0.0039894
-0.0094418
-0.0019391
0.0081024
0.0015239
-0.0030626
0.0046561
-0.0033949
0.0027301
-0.0041846
0.0033877
0.0055493
-0.002111
-0.0013915
0.0006972
-0.0044323
-0.0019732
0.0028638
0.000316
0.007147
0.0008744
0.0096693
-0.0085485
-0.0033622
0.0074166
-0.0037992
-0.0055088
0.0022816
-0.0002655
-0.006892
-0.0002208
0.005425
-0.0023698
0.00094
-7.04e-5
0.0034926
0.0095561
0.0036264
0.0058761
0.0043548
-0.0038473
0.0059165
0.0067137
0.0004836
-0.0046546
0.0087743
-0.0071591
-0.005227
0.0059892
0.0080553
0.0037096
-0.0068513
0.0010743
0.0091188
-0.0061301
-0.0086217
0.0035108
0.0062067
-0.0050097
-0.0082127
-0.0039162
-0.0048899
-0.0014725
0.0004598
