-0.0057805
-0.0063022
0.0089428
-0.0041279
-0.0043067
-0.007636
-0.0036968
-0.0041348
0.0042345
-0.0031761
0.0091966
0.0073418
-0.0003579
-0.0096741
-0.0093218
-0.0019475
-0.0028814
0.0018613
-0.0029837
0.0056974
-0.0096212
0.0079106
0.0084908
-0.0039021
0.0066092
0.0096795
-0.008118
-0.0013642
0.0067542
0.0093499
-0.000718
-0.0077212
-0.0014061
-0.0018641
0.0016729
0.0015838
0.0015534
0.0033428
-0.0057051
0.0007149
0.0041819
-0.0089456
-0.0037215
0.0079071
0.0083304
0.0037051
0.000732
0.0041484
0.0036034
0.003315
-0.0062582
0.0039773
0.0005254
0.0029506
0.0044187
0.0057909
0.0073448
-0.0052505
-0.0054698
-0.0048371
0.0068185
-0.0026083
-0.0094273
0.0041814
-0.0048382
0.0067029
0.0009956
0.0046785
-0.0050947
0.00577
-6.07e-5
-0.0077616
-0.003724
-0.0079967
-0.0057465
-0.0056942
-0.0091752
-0.0066729
-0.0030271
-0.0012347
0.0021655
-0.0093095
-0.0066652
-0.0033713
0.0003691
-0.0021436
-0.005252
0.0021893
-0.0018655
-0.0079273
-0.0054231
-0.009242
-0.0047852
-0.0072272
-0.0061859
0.0076797
-0.0085825
-0.0079485
0.0097729
0.0052662
0.0067197
0.0020647
0.0068081
-0.008749
-0.0047565
-0.007382
-0.0091355
-0.0047279
0.0017525
0.0007047
0.0034099
-0.0074826
-7.17e-5
0.0081815
-0.0014353
0.0004183
0.0002821
0.004138
-0.00063
0.0029328
0.0060383
-0.0054185
-0.0097152
-0.0026102
0.0066616
0.0040956
-0.0026553
-0.0085014
0.0067943
-0.0069837
-0.0086415
0.0096171
-0.0086242
-0.0007649
-0.0094419
-0.008787
-0.0028626
-0.0052315
0.0018551
0.0045122
-0.0002275
-0.0055371
-0.006647
0.0042504
0.0044906
0.004774
-0.008942
0.0088283
-0.0076509
0.0030342
0.0064275
-0.0033816
-0.0070207
-0.0081998
-0.009159
-0.0027049
-0.0064141
0.0049524
0.0084547
0.0087571
0.0054863
0.001248
-0.0021408
0.0009463
-0.0091817
0.0077835
0.00406
-0.0086632
-0.0039389
-0.0051566
0.0043548
0.0029204
-0.0075773
-0.0002878
0.0098894
-0.0079761
0.0067579
-0.0027483
0.007205
-0.0011457
0.0083109
0.0074262
0.0073766
-0.009504
-0.0009244
-0.0097777
-0.0082363
-0.0030382
-0.0044563
-0.0023668
-0.0078309
0.0009102
-0.0033858
0.003644
-0.0013699
0.0058353
-0.0091908
-0.0098295
-0.0085098
-0.0002511
0.0061311
-0.0002783
-1.08e-5
0.0003356
-0.0043496
-0.0099076
-0.0015732
-0.0090532
-0.0069734
-0.0004392
0.0033051
-0.0041615
0.0020045
-0.0073631
-0.0044551
0.0063293
-0.0014109
0.0031598
0.0039063
-0.0098421
-0.0084838
0.0046559
0.0033621
-0.0060461
0.005164
0.0031941
0.0066283
0.0089379
-0.0071151
-0.0091391
0.007974
0.0010457
-0.0099088
-0.0047972
0.0027298
0.0090108
0.0047003
-0.0061708
-0.0059325
0.0011805
-0.0083488
0.0063227
-0.0006444
0.0032336
0.0086928
-0.0016928
-0.0024549
0.0084135
0.0038926
0.0082606
-0.0020916
-0.0027467
-0.0069918
0.0063492
0.0056684
0.000915
0.0068975
0.0093753
-0.0013831
-0.0027144
-0.0021634
0.0068091
0.0020977
-0.0090965
-0.0067332
-0.0020822
-0.0036478
-0.0044504
-0.0056034
-0.009205
0.0054253
0.004895
-0.0040727
0.0073942
-0.0076221
0.0011642
-0.0029558
0.0083943
-0.0047926
-0.0050548
0.0046084
-0.0082739
-0.0012659
-0.0011586
-0.0061502
0.0018258
0.0075444
-0.0073724
-0.0019237
0.009097
0.0016142
-0.0070259
0.0094565
0.004369
-0.0094992
0.000459
-0.0063749
-0.0077165
-0.0014261
0.0086889
0.0069468
-0.0041171
-0.0020365
-0.0067035
-0.0037333
-0.0081545
-0.0040934
-0.0038496
0.0090765
0.0008802
-0.0067496
-0.0089334
0.0039
0.0015967
-0.0089636
0.0016852
-0.0074477
-0.0078194
0.0055234
0.0096016
0.0033811
0.0019555
0.0070426
-0.0007748
-0.0037765
-0.0051893
-0.0024169
-0.0091739
-0.0090241
-0.0047823
-0.0099485
-0.0018774
0.0001063
-0.0021428
-0.0021703
0.0003154
-0.0094428
-0.0033874
0.0030365
-0.0040457
-0.0096976
-0.0089531
0.0010624
0.00038
0.0099414
0.0028884
-0.0036546
-0.0008215
4.14e-5
-0.0086195
0.0071801
0.0071581
0.0048748
-0.0036237
0.0030574
0.008767
0.0044099
0.0082208
0.0080118
0.0042529
0.0098524
-0.0079538
-0.0078572
0.0041449
-0.0073512
0.0066633
-0.0018478
-0.0011789
-0.0079571
0.0044092
-0.0051619
0.0062777
0.0086845
-0.0006245
0.0042103
-0.001013
0.0041352
-0.0002239
0.0041844
-0.0076303
0.0008979
-0.0028807
-0.0041407
0.0096981
0.0021827
-0.0007158
0.0064039
0.0073792
0.0047848
0.0019829
0.0092408
-0.0030849
-0.0007655
-0.0058251
-0.005316
0.0032
-0.0088642
0.0021673
0.0076227
-0.0097757
0.0030257
-0.0037847
-0.0049877
0.0075001
-0.0061708
-0.0033659
0.0035543
0.0063627
0.0078139
-0.001808
-0.0002678
-0.0063975
-0.0099166
0.0001123
-0.0071818
-0.0087342
-0.000457
0.0067226
0.0076867
0.0058664
0.0026513
-0.0007538
0.0092057
-0.0053965
-0.0012906
-0.0015534
-0.0017714
0.0097849
0.0055896
-0.0096633
-0.0041977
-0.0012402
0.0098946
-0.003994
0.0066878
0.0017905
-0.0097436
-0.0065423
0.0031159
-0.0081974
0.002367
0.0011595
-0.0094737
0.0046242
0.0080558
0.0039367
0.0018635
0.0012498
-0.0076495
0.0015228
0.0020843
0.0054035
-0.0005306
0.0063372
-0.009871
-0.004133
0.0090026
0.0051855
-0.0028781
-0.0025517
0.0039593
0.001538
0.0010447
-0.0050922
-0.0009132
-0.0056245
-0.0094752
0.0014107
-0.0069671
0.0045253
-0.0061693
-0.0017485
0.0009232
0.0001016
0.005337
0.0041418
0.0078051
0.0062027
-0.0014745
-0.0048184
0.0013445
0.0029185
0.0080866
-0.0081324
-0.0072809
0.0057773
0.0012794
-0.0076041
0.0065011
-0.0036511
-0.000727
0.0090409
0.0032992
3.1e-5
0.0080042
