-0.0034086
0.002278
0.0096901
0.0011749
-0.0002159
-0.007127
-0.0089039
-0.0006241
-0.0088552
0.0013227
0.0058475
-0.0026486
-0.0043069
0.0057549
-0.0023425
-0.0031479
-0.0079954
-0.0056346
-0.0058673
-0.0035779
-0.0044014
0.0031646
0.0020201
0.0051468
-0.002857
0.0002518
-0.0076141
0.0055329
-0.0072157
0.0047508
0.0067349
0.0094911
0.0069353
-0.0085798
-0.0005781
-0.0025953
0.0099506
-0.0001714
0.0053206
-0.0020882
-0.0031661
-0.0048636
0.0008882
-0.0098416
-0.0071953
0.0079135
0.0007349
-0.0069583
0.0092911
0.0092113
0.0054361
-0.0076211
-0.0057322
0.0097988
-0.0023843
-0.0028096
-0.0039668
0.0059506
0.0061106
0.0031737
-0.0081638
0.0080325
0.0070087
0.0037631
0.0085006
-0.0064554
-0.0040302
-0.0030742
0.0049125
0.0096247
0.0001089
-0.0038695
0.008068
0.0027107
0.0054777
-0.0019179
-0.0093209
0.0029037
0.0083216
0.00749
0.007081
-0.009348
0.0061285
-0.0085499
-0.0053091
-0.0020779
0.0006236
-0.0053363
0.0041939
0.0024819
0.0060676
0.0084715
-0.0018694
-0.0023405
0.0003415
0.0019928
-0.0073386
-0.0031893
-0.0070272
0.0011209
0.0040263
0.0075397
0.0062181
0.0010516
0.0020599
-0.0081702
-0.0012071
0.0098352
0.0032066
-0.002615
0.0088567
-0.0086136
-0.0003889
0.009026
-0.005685
0.0063141
-0.000263
-0.0052685
0.0072695
-0.0032543
-0.0049166
0.0050206
0.0003875
-0.0020938
-0.0076559
-0.0093022
3.0e-5
0.0041585
0.0051225
-0.0012826
-0.0054199
0.0085583
0.0022079
0.0094412
-0.0007091
0.0073534
0.006306
0.0099215
-0.0016792
0.0032283
0.0042634
-0.0020809
0.0064136
-0.0094379
-0.0030629
0.0092795
-0.0073332
-0.0053817
0.0007436
-0.0028415
0.0032166
0.0073646
0.0059175
0.0098945
0.002013
-0.0032345
0.0004843
0.0079768
0.0095378
-0.0059684
0.0086024
0.000257
0.0034497
-0.0044236
-0.0044384
0.0008366
-0.0007468
-0.0035399
-0.0036495
-0.0093577
0.0074661
7.45e-5
0.0048122
-0.0087258
-0.000781
0.0025338
-0.0023113
0.0016127
-0.0062613
0.0004897
0.0070934
0.005582
0.0059445
-0.0072136
0.0048282
0.0066367
0.0066697
-0.0042383
-0.0063337
0.0064893
-0.0023357
0.0092905
-0.0034144
-0.0062617
0.0016982
-0.0033677
-0.0081978
0.0092392
-0.0037113
0.0081233
-0.0078998
-0.0066309
-0.0086397
0.0056506
-0.0027021
-0.0071398
-0.0079788
0.0084273
-0.0072326
-0.0045577
0.0033638
0.005794
0.0061615
-0.0052614
-0.0010255
0.0099597
-0.00209
-0.0068491
-0.0085481
-0.0023389
0.0031705
-0.007152
-0.0074278
-0.0046145
0.0001368
-0.0040058
0.007444
-0.00243
0.0050206
0.0018799
-0.0095242
1.81e-5
-0.0041379
-0.0061423
0.0075311
-0.0054738
-0.0028593
-0.0064809
-0.004478
-0.0001555
-0.0063248
0.0098416
-0.0049696
0.0072153
-0.0024991
0.0088538
0.0018185
0.0074129
0.0091565
0.0022083
0.0079887
0.0036179
-0.0025091
-0.007962
-0.0022385
-0.0030773
-0.0041688
-0.0005775
0.0004108
0.005975
-0.008107
-0.0060616
0.0021458
0.0037733
-0.00293
0.0059661
0.0094684
0.0029148
0.0026062
0.0056803
-0.0014516
-0.0074926
0.0039239
0.0007056
-1.13e-5
-0.0083672
0.0022319
-0.0007326
0.0017495
-0.0042522
0.0025529
-0.0003306
0.0039957
-0.0086969
-0.0087227
-0.0014927
0.0078157
0.0048115
0.0053714
0.009747
0.0037041
0.0053149
0.0074535
0.009876
0.0048193
0.0023628
-0.0050362
0.0040036
-0.0058063
-0.0069693
-0.0044349
0.0088078
0.008593
0.0036199
0.0087377
0.002362
0.0075059
-0.0074144
-0.0084974
0.0097461
-0.0027204
0.0013631
-0.0041078
0.0003683
0.0066284
-0.0053309
0.00104
-0.0038717
-0.0057874
0.0073888
-0.001354
0.0087625
-0.0061783
-0.0051719
0.0091694
0.0039965
0.0088933
-0.0020494
0.0078626
0.0040697
-0.0098147
-0.0004864
0.009636
0.0065902
-0.0068956
-0.0025953
0.004404
-0.0096876
0.0083239
0.0093607
-0.0046036
-0.0051767
0.0045834
-0.0015266
-0.0021677
0.0059582
-0.0080259
0.0035362
0.0017497
-0.0054263
-0.0029063
-0.0073152
-0.0056178
0.0035607
-0.0030345
0.002707
-0.002462
-0.0091226
-6.95e-5
-0.0036859
0.0026904
-0.0054734
0.007846
0.0024084
-0.0007337
-0.0002143
-9.51e-5
-0.0094084
-0.0010128
0.004564
-0.0034907
-0.0022958
-0.0078437
-0.0021274
0.0023979
-0.0025574
-0.0080014
0.006382
-0.0084966
-0.0030328
0.0002555
0.0083383
-0.0041937
-0.0071678
0.0094008
0.0081222
0.0024524
0.0028742
0.005056
-0.0081864
0.0008708
0.006433
0.0005053
-0.0073988
-0.0078656
-0.0053453
0.0066371
0.0027188
-0.0038098
-0.0001766
0.0028847
-0.0022644
0.0037398
-0.0007189
-0.0076899
0.0028754
-0.0079689
-0.001933
-0.0073992
-0.0014754
0.0084883
0.0088224
0.001722
-0.0024367
-0.0090051
-0.0007123
0.0010051
-0.0001181
0.0040754
-0.0037715
-0.0072189
-0.0009027
-0.0001622
0.0006111
-0.008282
0.0089209
-0.0035199
0.0050913
-0.0070387
0.0043634
0.0018211
-0.0068127
0.0067285
-0.0020843
-0.0079976
-0.0093975
-0.002587
0.0036088
0.0015812
-0.0043158
-0.004174
0.0025078
-0.0074984
0.0096982
-0.0002356
0.0020864
-0.0069573
0.0061099
-0.0010212
0.0089585
-0.0085703
-0.0033305
-0.0010247
-0.0067659
-0.0016124
-0.0074842
-0.0016933
-0.0022518
-0.0007604
-0.0020973
0.0090731
0.0065806
0.0084399
-0.0016692
0.006865
0.003028
0.0097839
0.0077745
0.0096153
0.0009607
-0.0075262
0.0093255
0.0065807
-0.0086064
-0.0010147
-0.0018208
0.0087137
-0.0022857
0.0037259
0.0087635
0.002777
0.008042
-0.0033232
-0.0089805
0.0038342
0.002115
-0.002483
-0.0096522
0.0046862
-0.0090515
0.0028299
0.0030789
0.004025
-0.0083099
-0.0095625
