0.0067123
0.004689
-0.0049775
-0.0015404
-0.0049643
0.006868
0.006303
0.0085312
-0.0039402
-0.0002443
0.0041802
-0.0067866
0.0056634
0.0075427
-0.0063678
0.0040292
-0.008462
0.0046153
-0.0020795
-0.0008391
0.0048912
0.0005549
-0.0078608
-0.0098629
0.0030219
-0.0009912
-0.0066604
0.005049
0.0096454
-0.0054405
-0.0039049
0.000901
0.0069055
-0.0037183
0.0010409
-0.0006383
-0.0079231
-0.0049779
-0.0029159
0.00466
0.0074412
-0.0072426
0.0042024
0.0039284
0.0077473
-0.0080835
-0.0085163
0.0080712
-0.0062729
0.0088835
-0.0068889
0.0052761
-0.0045753
0.0063244
0.0014699
-0.0079752
0.0025243
-0.0086048
-0.0005133
0.0006416
-0.0052945
0.0018113
-0.0074252
-0.0093888
-0.0077242
-0.0016242
0.0064879
-0.0098261
0.0045067
-0.0099359
0.0063202
0.009735
0.0028713
-0.0070208
-0.0037234
0.0098904
-0.0014298
-0.0098236
-0.0080791
-0.0022501
-0.0043164
0.000672
-0.0078462
-0.0087558
-0.0090733
0.0026258
-0.0003324
0.0066942
-0.004706
0.0074194
9.87e-5
0.0001947
0.0007455
-0.0044682
0.0097563
-0.0049618
0.0036001
-0.0001504
0.0019598
-0.0059052
-0.0044743
0.0069357
0.0076032
-0.0091859
0.0051767
-0.0046536
-0.0011192
0.0003976
-0.0057186
0.0087387
0.0089942
-0.0042967
0.0098594
-0.0046228
0.0067518
0.0071127
0.0015243
0.0013289
-0.0093575
-0.0040853
-0.0047452
0.0032862
0.0016319
-0.0080667
0.0087634
-0.0018841
0.0023825
-0.0095562
-0.0063532
0.0003912
-0.0089425
-0.0096923
-0.0076415
0.009988
0.0027146
0.0053901
0.0022065
0.0002666
0.0054444
0.0065774
-0.0087462
-0.0096136
0.0078791
-0.0098401
0.0041159
0.0019624
-0.0069607
0.0015627
-0.0026173
-0.0053038
-0.0094952
-0.0056794
0.0099638
-0.0096752
8.87e-5
-0.0076292
-0.0032766
-0.0091964
-0.0050034
-0.006397
0.0058343
-0.0084767
0.0028257
0.0039448
0.0053904
0.0032773
0.0023019
-0.0060988
0.0063055
0.0065613
0.0083741
-0.0089435
-0.0093486
-0.0008407
-0.0068436
-0.0033976
-0.004292
0.0099245
-0.0067625
-0.0020851
0.0058809
0.0078883
0.003825
0.0064385
0.004522
0.0078491
-0.0057806
0.005983
0.0076556
-0.001788
-0.0040614
0.0034688
-0.0059942
-0.0049748
-0.0088088
0.0024026
-0.0028302
-0.0086621
-0.0089317
0.0069627
-0.0069903
0.0070268
0.0037189
-0.0035657
0.0098951
-0.0026673
-0.005676
0.0060148
-0.0049718
-0.0063349
-0.0085864
-0.0098055
0.0027943
-0.0036281
-0.0027144
0.0023743
-0.0041384
0.007797
-0.0011525
-0.0056485
-0.0093197
-0.0060265
-0.003539
-0.0018621
-0.0008402
-0.0015313
0.0086457
0.0014103
0.0044476
-0.0013641
-0.0090126
-0.0059869
-0.0078124
-0.0006117
0.0002961
0.0074759
0.0073809
-0.0084234
0.0080981
0.0037775
0.004979
-0.0084239
0.0032373
0.0024282
-0.0050021
0.0026558
0.007081
-0.0022149
0.000435
0.0018657
-0.0046467
0.0002014
0.0060313
0.0067018
0.0035655
0.0033105
0.0051367
-0.0040531
-0.0099735
-0.0079749
-0.0056261
0.0092082
-0.0031726
-0.0090911
-0.0021084
0.0017555
-0.0051428
0.0043793
0.0058816
-0.0084705
0.0041149
-0.0048277
0.0083146
0.007462
0.0027746
0.0014571
0.0041357
0.0026444
-0.0092984
0.0078924
0.0003576
0.0015926
0.0078455
-0.0082711
-0.0095289
0.0054527
-0.0077877
0.002451
-7.0e-7
-0.0080465
0.0090566
-0.009414
0.001624
-0.0071508
-0.0099499
-0.0016954
-0.0063129
-7.9e-5
0.009175
-0.0069964
0.0023233
0.0079237
0.0098174
0.0036282
-0.005977
0.0084821
0.0072903
0.0054626
0.0012968
0.0022005
-0.0068932
0.0026368
0.00498
-0.0066339
0.0010504
-0.0023679
-0.0073188
0.0031953
0.0047706
-0.003944
-0.0004137
0.0048514
-0.0042994
0.0080034
0.0090217
-0.004276
-0.0048114
0.0026068
0.0056762
-0.0001548
-0.0022053
0.0022767
-0.0033351
0.0045632
-0.0033293
0.0004138
-0.0078011
-0.0038186
0.0040104
0.0015319
-0.0069151
0.0093158
-0.0034822
0.0050313
-0.0073673
-0.0010892
-0.0059299
0.0059
-0.0094896
0.002277
0.0094898
-0.0075869
-0.0044749
0.0064164
-0.0037507
0.009414
0.0036351
-0.0016164
0.002605
0.0059715
0.0027975
-7.23e-5
0.0094725
0.0074411
-0.008094
0.0048343
-0.0065174
0.006771
0.0020429
0.0028636
0.0063103
0.0065994
0.0041805
-0.0092377
0.008435
0.0036374
-0.0040551
-0.0078161
-0.0064979
0.0016474
0.0047665
-0.0036828
-0.0018667
-0.0074957
-0.0055781
-0.0042807
-0.0052809
0.007393
0.0030456
-0.0098969
0.0051908
0.0002799
-0.0054783
-0.0010064
0.0047692
-0.0094239
0.0049719
0.0006007
-0.0043385
0.0057323
0.0072581
-0.005136
-0.0099382
-0.0052062
-0.0088927
0.0020249
-0.0038145
-0.0090338
0.0026139
0.000512
0.0036051
-0.0052046
-0.0091279
-0.0027206
-0.0081991
-0.0023529
-0.0016828
0.0002533
-0.0069987
0.0071516
-0.0084524
0.0070344
-0.0018087
0.0038859
0.0089557
-0.0087953
-0.0006779
0.0016825
0.0041649
-0.0097562
0.0071148
0.007366
-0.0028561
-0.0077681
0.0059251
0.0051568
-0.0011171
-0.0044902
-0.0071107
-0.0063199
-0.0031158
0.0021382
-0.0063188
-0.0038233
0.006012
0.0068347
0.0072071
0.0007288
0.0078695
0.0047592
-0.0050153
0.0033136
0.0087513
-0.0003216
0.0071095
-0.0028012
0.0006705
-0.0029731
-0.0016819
-0.0083583
0.0009955
-0.0055331
-0.0012843
0.0099478
-0.0041251
-0.0080271
-0.0026295
-0.005257
0.0015759
0.0070667
0.0058557
-0.0003033
-0.0040049
0.0029556
-0.0049146
-0.00888
0.0014467
-0.0072675
-0.0066183
0.0020885
-0.0043645
-0.0017723
0.0014617
-0.0081293
0.0006212
-0.009812
0.0025996
0.0062889
-0.0084407
-0.0056029
-0.0040449
0.0044538
0.0090946
0.0007163
-0.0076522
