-0.0065607
-0.0096569
0.0044811
-0.0004531
0.004919
0.0038289
9.64e-5
-0.0037975
-0.0072553
-0.0080082
0.0099759
0.0011137
0.0009338
0.0097928
0.0013528
0.0071715
0.0019804
0.0066484
-0.0004447
0.0011925
-0.002766
-0.0032647
-0.0044555
-0.006688
0.0094964
0.0089421
0.0046535
0.009062
-0.0070177
0.0073735
-0.0001228
0.0063287
-0.0074794
-0.0069875
-0.0013314
0.0051091
-0.0067971
-0.0007943
0.004772
0.0062119
0.0069873
0.0028657
-0.0082155
0.0047474
0.0092391
0.0057299
-0.0015091
0.0096962
-0.0061727
0.0098645
0.0024856
0.000482
-0.0028568
0.0009386
0.0081758
0.0038963
-0.0003676
-0.0053544
-0.003444
-0.0045086
-0.0048406
0.000425
-0.0088957
0.0045466
-0.0072714
0.0084109
0.0061577
0.0018073
-0.0057707
0.0049462
0.0043917
-0.0017735
-0.000938
0.004817
0.0008461
0.0001193
-0.0053499
0.0097284
0.0005233
-0.001669
0.0080312
-0.001212
-0.0097958
-3.25e-5
0.0005731
0.0090227
-0.0013588
-0.0061452
-0.0020898
0.0023241
-0.0006369
0.0086178
0.0012023
0.0063616
0.0015459
-0.0038979
0.008201
0.006311
-0.0006428
-0.0012198
-0.0034185
0.0046392
0.0007865
0.0004989
-0.0065281
-0.0021357
0.0089102
-0.0057526
0.0074456
-0.0072082
6.71e-5
0.0045848
-0.0017194
-0.005001
-0.0016506
0.0036759
0.0016068
0.0048385
-0.0072654
-0.0010192
-0.0090948
-0.0019551
0.0086856
0.0051661
0.0090848
-0.0059347
0.0021589
0.0036024
-0.0056779
-0.0046893
0.0040842
0.0050768
-0.0057738
0.0072719
0.0099624
-0.0002789
0.0021093
-0.0027567
-0.0086184
0.0096279
0.0004791
0.0018849
-0.0054305
-0.0041251
-0.0084653
-0.0092011
0.0017047
-0.0089315
-0.000308
-0.0041482
-0.0034206
0.0044306
-0.0012449
-0.0069988
0.0082771
0.0023299
0.0059818
0.001576
-0.0046961
0.0002559
0.0095135
-0.0049666
-0.0029762
-0.0074695
0.0031524
-0.0035452
-0.0088316
-0.0062547
-0.0042666
-0.0079515
-0.0035662
-0.0057358
-0.0034747
-0.0037489
0.0028563
0.0053146
0.0006218
-0.0036819
-0.0006366
0.0012827
0.0049401
-0.0073655
-0.0029262
0.0007202
0.0071954
0.0091556
-0.0051538
-0.0061193
-0.0031477
0.0028528
0.0052077
-0.0071475
-0.0006785
-0.0041727
0.0052339
0.0038317
-0.0031399
0.0032239
-0.007864
-0.0048665
-0.0037554
0.000961
0.0036457
0.0079774
0.0007736
-0.0004702
-0.0012981
0.0012498
0.0084698
0.008867
-0.0015959
0.0078158
0.0044179
0.0019128
-0.0035841
0.0093385
0.0088414
0.0092967
0.0073183
-0.0010134
-0.0070289
-0.0090331
-0.0007932
0.0094984
-0.0072001
0.0038439
0.0057766
0.0026853
-0.0044866
0.0081662
0.0005491
-0.0088074
0.0014066
0.0099884
0.000675
-0.0031944
-0.0022747
-0.0009775
-0.0092246
-0.0076387
0.00802
-0.0081728
-0.0020621
-0.0099634
-0.0081119
0.0036948
0.0043817
0.006987
-0.002185
-0.0060062
0.0022514
-0.001554
0.0041313
-0.0005745
0.0023606
0.0024307
-4.1e-5
0.0084975
-0.0008563
0.0086916
0.0087171
-0.0076278
0.00456
-0.008744
-0.0011817
-0.0016436
-0.0083985
0.0061884
0.0022305
0.0059212
0.0050097
-0.0099235
0.0054682
-0.0056085
-0.0020524
-0.0096417
0.0050724
-0.0033364
-0.0074027
-0.0012276
0.000904
-0.0089898
-0.0043535
-0.0070395
0.0020294
-0.0083493
-0.0096473
-0.0026049
-0.0037624
0.0074932
0.0013366
0.0072131
0.0029359
-0.0048489
-0.0008543
0.006541
0.0014862
0.0014004
0.0022249
-0.0052755
0.0003305
0.0093646
-0.0003502
-0.0024732
0.0017015
0.0047749
-0.0076454
-0.0003641
0.0044416
0.0054599
0.0070038
-0.0002132
-0.0082744
-0.0098563
-0.0063172
-0.0037574
0.0056694
-0.0033209
-0.0013722
0.0075962
9.8e-5
-0.0084571
-0.0010119
0.0039762
-0.0033709
0.0047194
-0.0095981
0.0026669
0.0005911
0.005424
-0.009314
-0.0081269
0.0077453
0.0045847
-0.0063806
-0.0098855
0.0083078
-0.0096418
-0.0018701
0.0050196
-0.003146
0.0079043
0.0048234
-0.0006753
-0.0045846
-0.0066889
0.0029133
-0.0067534
-0.0014575
0.002044
-0.0098138
0.0037705
0.0083237
0.0012335
-0.0049642
-0.0060787
0.0087542
-0.0027795
0.0007143
-0.0009867
-0.0090785
-0.0075168
0.0053006
0.0027071
-0.008198
-0.0090634
-0.0021888
-0.0063474
0.0086453
0.0071541
-0.0095697
-0.0087044
-0.0015464
0.006888
0.0080941
0.0034444
0.002147
0.0053372
0.0052331
0.0054551
-0.0062477
0.0086487
0.0027637
-9.87e-5
9.98e-5
0.0037154
-0.0046005
-0.0070478
0.0092784
0.0041949
-0.008053
0.0099194
0.0004389
-0.0041881
0.003674
-0.0098586
-0.0030108
-0.0019392
-0.0094395
-0.0094836
-0.0035806
-0.0024503
-0.0065141
-0.0078321
-0.0097659
-0.0053171
0.0099707
-0.0072012
0.0045883
-0.0080423
0.0039449
0.0076984
0.0010823
0.0097654
0.0062782
-0.0020924
0.0089472
-0.0094306
-0.0069665
-0.0067598
-0.0062161
0.0090073
0.000274
-0.0068535
6.84e-5
0.0001473
-0.00016
0.0028964
0.0094411
0.0027757
0.0013876
-0.0064126
0.003406
0.0089947
0.0031777
0.0080308
-0.0065768
0.0011377
-0.0049201
-0.0001191
-0.0036578
0.0027852
-0.0099783
0.0060639
-0.0092794
0.0078676
-0.0067085
-0.0008504
-0.0083502
0.0082516
0.0071606
-0.0096177
-0.0003955
-0.000816
0.0075516
-0.0007438
-0.0061353
-0.0043862
0.0052211
0.0055168
0.0025983
-0.0053903
0.0049109
0.0029367
-0.0056259
-0.0041863
-0.0084
-0.0047154
0.0050085
0.0070971
0.0069801
-0.0087695
0.007555
0.0057193
0.002166
-0.0007229
-0.0084133
0.0083017
-0.0093301
-0.0054787
-0.0024839
-0.0032301
0.0091769
-0.0009144
-0.0092992
-0.0040877
-0.0005373
0.0086886
0.0083707
0.0070765
0.0040663
-0.0020784
-0.0004988
-0.0038246
-0.0017045
