-0.0022421
-0.0031466
-0.0034677
0.0083843
0.0020862
0.0085444
-0.0022852
-0.0060361
0.0037027
0.0080422
-0.0043577
0.0071461
-0.0042025
-0.0072693
0.0023793
0.0081972
-0.0006352
-0.0015681
-0.0025853
0.0031466
-0.0001193
0.0066828
0.0090849
0.0098223
0.0029404
0.0019329
-0.0054044
-0.0083034
-0.0092969
0.0067984
-0.0001472
0.0003928
0.0071903
0.0084735
0.0047516
-0.0081231
-0.0010469
-0.0047918
0.0024918
-0.0070178
0.0024461
0.0071045
0.0033808
0.0004475
-0.007379
0.0068262
0.0060511
-0.005447
-0.0067761
-0.0062298
-0.0090122
0.0026071
0.006664
0.0060632
0.0075412
0.0025779
-0.0085248
-0.0081731
0.0003289
0.0018435
-0.0020777
-0.0041133
0.0090523
0.0088412
0.0035778
-0.0045582
0.0091259
-0.0020973
0.0011709
-0.0090554
-0.0079636
-0.0016193
-0.0085325
-0.0083119
0.0001574
0.0084889
-0.0018708
0.0039344
-0.0097746
-0.009517
-0.0078664
-0.0058067
0.0026958
-0.0020653
-0.0055786
0.003099
0.006686
-0.0089751
0.0055784
0.0094744
-0.0080071
-0.0063469
-0.0012441
-0.0070062
0.0086831
-0.0065046
-0.0097067
0.0075886
-0.0091839
-0.0003785
-0.0090249
-0.007545
0.0070897
0.0085196
0.0003342
-0.0069897
0.0016646
-0.0049384
0.0041291
-0.0044507
0.007061
-0.001676
-0.0036145
0.0089182
-0.0029367
-0.0086007
-0.0057205
-0.0088566
0.0039576
-0.0080547
-0.0063946
-0.0006938
-0.0083511
0.0093224
0.0015752
0.0008152
-0.0097246
-0.0076467
-0.004534
0.0079696
-0.0021905
-0.007912
0.0004422
-0.0086588
-0.009521
0.0083518
-0.0015821
-0.0048351
0.0076555
-0.0013615
-0.0079179
-0.0075619
-0.0095073
-0.0038719
0.0044937
-0.0092579
0.00168
-0.0055018
-0.0058807
-0.0040471
0.0063605
-0.009504
0.0074455
-0.0063604
0.00134
-0.0095398
0.0051033
0.0065769
-0.0096383
-0.005184
-0.0032386
-0.0060915
0.0018666
-0.0059624
0.0028083
0.0048124
-0.0042495
0.0054714
-0.0081446
-0.001426
-0.0074523
-0.0065147
-0.0037613
-0.0063553
-0.0026378
0.0067737
0.0079194
-0.0020317
-0.0054284
-0.0039465
0.0099344
-0.0060116
-0.0010637
0.0022459
0.0090498
-0.0058007
-0.001915
-0.0054774
-0.0078535
0.00022
-0.0099538
0.0021525
0.0047332
0.0004101
-0.0069798
0.0060265
-0.0047858
-0.009487
0.0026618
-0.0026696
-0.0017332
0.0016528
0.0093656
-0.0063257
-0.0073186
-0.0091765
-0.0068907
-0.0098998
0.001298
-0.0064437
-0.0006088
0.0047167
0.0056354
0.0001427
0.0032331
-0.0070581
0.0037232
0.0029845
-0.006566
0.0067938
0.0013273
-0.0094449
-0.0068633
-0.0017606
0.0035014
0.0089095
-0.0090403
-0.0055478
0.0069634
-0.007653
0.0042916
0.0040353
-0.003544
-0.0015664
0.0066417
6.7e-5
-0.0050918
-0.0011165
-0.0052562
-0.0084019
0.0006144
0.0094157
0.0022173
-0.0028644
0.0054036
-0.0066479
-0.0082084
-0.002509
0.0053145
0.006411
-0.0074434
-0.0028528
0.0063304
-0.0068495
0.00679
-0.0040455
0.0049341
0.0005115
0.0093449
-0.0035781
-0.0057823
0.0072672
-0.0063571
-0.0051452
0.003532
0.0060491
-0.0054791
-0.0048628
0.0061047
-0.0055065
0.0057129
-0.0025772
0.0017998
-0.0010572
0.0091163
0.0085901
0.0090245
-0.0009952
-0.005792
-0.0057992
0.0099728
-0.008021
-0.0007233
0.0078922
-0.002174
0.0064019
-0.0073983
0.0001291
0.0019758
0.0099966
-0.0044107
0.0029571
-0.0052289
-0.0057313
-0.0070983
0.0019556
0.0003551
-0.0049584
-0.0008177
-0.0029779
-0.0087072
-0.0026066
-0.0042286
-0.0037073
-0.008474
-0.007675
0.0077856
-0.0034269
0.002864
-0.0058989
-0.0026745
-0.0013751
0.0095817
-0.0027255
0.0013621
-0.0064001
-0.0070358
0.0087309
-0.0034291
0.0099826
0.0041403
-0.0056581
0.0071635
-0.0010846
0.0023323
-0.0064206
0.0036406
-0.0045266
0.0030399
0.0056402
0.0079112
-0.0024504
0.0080809
0.0060174
0.0007253
-0.0049219
0.0078183
-0.0036341
0.0010169
-0.0092388
0.0025848
0.0023664
0.004749
-0.0075887
-0.0027839
0.0040366
0.0022611
0.0021736
-0.0002287
-0.0080231
-0.0042353
7.72e-5
-0.0072694
-0.0009446
0.0012999
-0.0060281
-0.0007421
0.0026097
0.0095344
0.0022457
0.0086057
0.0099044
0.0085975
0.0040818
-0.0071554
-0.0079504
0.0025506
-0.0088747
0.0058756
-0.006904
-0.0025849
-0.0021108
0.0001335
0.0085896
0.007332
0.0004595
-0.0096497
-0.0031589
0.0082685
-0.004448
-0.0029173
0.0002781
-0.0072315
-0.006189
0.0003383
-0.0011295
-0.0082765
0.001241
-0.0077068
-0.0065731
-0.0053021
-0.0030423
-0.0093676
-0.0087066
0.0085785
0.0097578
0.0050881
0.0055372
-0.0002095
0.0001814
-0.0077061
-0.0097596
0.0060183
0.0004379
-0.0033344
0.0088048
0.0096684
-0.0089739
0.005914
-0.0060008
0.0075828
-0.0051687
-0.0099768
-0.0036148
0.0070843
0.0071469
0.0093726
-0.0056422
-0.0099505
-0.0006828
-0.0043933
0.0038619
0.0087039
-0.0053594
0.0028254
0.0036863
-0.0067188
0.0022366
-0.0012092
-0.0027191
0.0006295
-9.9e-6
-0.0043156
-0.0052094
-0.0079948
-0.0016365
0.0055774
0.0022778
0.0093531
-0.0092249
-0.008721
0.0066823
-0.0006552
0.0080167
-0.0024685
0.0075253
-0.003466
-0.0093162
-0.0036351
0.0063675
-0.0031226
-0.008167
0.0065021
-0.0051246
-0.0049526
-0.0023003
-0.0046834
0.0045615
0.001205
0.009452
-0.0032383
0.0039958
-0.0043457
0.0069795
6.27e-5
0.0089457
-0.0054235
-0.0056282
-0.0010656
-0.0048066
0.005581
0.0002673
-0.0008061
-0.0026603
-0.0077708
-0.0086719
-0.0078512
-0.0055392
-0.0050408
0.0086666
-0.0098852
-0.0036543
0.0067899
-0.0061486
-0.0016223
0.0047449
0.0029413
0.0002666
0.0090801
3.94e-5
-0.0080796
2.71e-5
-0.0010092
-0.0006038
0.006065
