-0.006791
-0.0035431
-0.0074994
-0.0007493
0.000676
-0.0008348
0.0077281
0.0049378
0.0015759
0.0056581
-0.0011183
0.0036855
-0.0031055
0.0003977
-1.84e-5
-0.0069739
0.0079837
0.0032383
0.0073569
0.008199
0.0046535
0.0052447
0.0040388
0.0085815
-0.0077333
-0.0048302
0.0075193
0.0091601
0.0095591
-0.0089295
-0.0062724
-0.0042422
0.0098363
-0.006896
-0.0029914
-0.0033718
-0.0096535
0.0012499
0.0032217
-0.0026949
0.0034428
-0.0066106
0.002309
0.0050225
-0.0001926
-0.0024823
0.0061064
-0.0003597
-0.0036969
0.0058439
0.0004987
0.0003674
-0.0030511
0.0053159
-0.0014763
-0.0085276
0.0004268
0.0052197
0.0079228
-0.0040817
-0.0003825
-0.0014537
-0.0022237
-0.0070796
-0.004762
-0.006303
-0.002041
0.002356
-0.0011122
-0.0020948
0.0033638
-0.003031
0.0097598
0.0031222
-0.007079
0.0061759
-0.0047915
-0.0026193
-0.0023915
-0.0088115
0.0036544
-0.0027496
-0.0036978
0.0026518
0.001343
-0.0069921
-0.0040444
-0.0059922
-0.0057319
-0.0052369
-0.0044367
0.0078059
-0.0023285
-0.0090671
-0.0027858
-0.0016392
0.0038285
-0.0007896
0.0002764
-0.0018523
0.0028434
-0.000814
0.0050395
-0.009131
-0.0019995
-0.0009225
0.0006717
-0.0058668
0.0042544
0.0084661
0.0001938
0.0031495
-0.003058
0.0019981
0.0067222
-0.0092208
-0.0097858
-0.000999
0.0093572
0.0099447
0.0010267
0.0081142
-0.0055027
0.009112
0.0049145
-0.0080296
0.0079488
0.0028574
0.0019611
-0.0090138
0.0007207
0.0096643
-0.0015049
0.0025423
0.0083451
0.0028604
0.0045932
-0.0098723
0.0058284
-0.0010124
-0.0020669
-0.0084883
-0.0091904
-0.0049663
-0.0067567
0.0057063
0.0015835
0.0014173
0.001155
0.0080916
0.0045731
0.0045977
0.0054496
0.0027008
0.0032244
-0.0091424
-0.0051559
-0.0070334
-0.0040381
0.0053662
0.0012615
0.0058964
0.0001805
-0.0074237
0.0066918
0.0013338
0.0049654
0.0035022
0.0015737
-0.0039866
0.0052773
-0.0097719
0.0056259
-0.0019219
-0.0088907
-0.0028199
-0.0072659
0.0039166
0.0017106
-0.0076442
0.0023295
-0.0087455
-0.0019696
-0.0036955
0.005858
-0.0052613
0.0060172
0.0019028
-0.0096258
-0.001081
0.0049044
0.0051138
0.0043663
0.0013785
-0.0062334
0.0068187
0.0037956
-0.0094335
-0.0057751
-0.00949
0.0005842
0.0035682
0.0065082
-0.0001096
0.0010636
0.0075048
-0.0016418
-0.0086964
0.008052
0.0010643
0.0031329
-0.004336
8.45e-5
0.0058517
-0.009339
-0.0070798
0.0053555
-0.005242
-0.0011359
-0.0099096
0.0013363
0.0047455
-0.0095453
-0.0061189
0.0017396
0.0055824
0.0063437
0.0032876
0.0059364
0.0095826
0.005834
0.0020287
-0.0023994
0.0070835
-0.0060079
0.0060773
0.0089894
-0.0084891
-0.0035454
0.0096219
0.0079004
0.0049764
0.0011845
-0.0063942
0.0070562
0.0072023
-1.79e-5
0.0035139
0.0044796
0.0094415
0.0031529
-0.0007641
0.0088521
-0.002346
-0.0092187
-0.0098529
0.000648
0.005342
0.0068958
-0.0071874
0.0007418
0.0067629
0.0068016
0.0089722
-0.0056503
0.0071792
-0.0051445
-0.0051682
-0.0044863
0.0034939
0.0096141
-0.0092058
-0.0045728
0.0015083
0.0046127
-0.0078483
-0.008032
0.005988
0.0010576
0.0080666
-0.003074
-0.0076668
0.0013257
-0.0088351
0.0058097
0.0059902
-0.0062913
0.0011099
-0.0055065
0.0007868
-0.0082768
-0.0020471
0.0022193
-0.0007259
-0.001473
0.0070834
0.0028179
0.0077905
-0.0004156
0.007079
-0.004933
-0.0018018
-0.0092823
-0.006213
0.0046288
0.0042128
-0.0007169
-0.001979
0.0090977
0.0009589
-0.0028496
-0.0067663
0.0006837
0.007792
-0.0092785
0.0016003
0.0064906
0.0070608
0.0046956
0.0091194
0.0008901
0.0019197
0.0032596
0.0055872
-0.0086807
0.0035729
0.0030294
-0.009314
0.0080882
0.0067751
-0.0095837
0.005512
-0.0086068
-0.0065693
-0.006446
0.0032269
0.0084218
0.0096102
-0.0032833
0.0050287
0.002895
0.0040474
0.0075398
-0.0091127
-0.008362
0.0095703
0.0079233
0.0068189
-0.0020286
-0.0089225
0.0050662
-0.0006435
-0.0012929
-0.0024103
-0.0092051
-0.0027431
0.0036904
-0.0028538
-0.0033349
-0.0022363
-0.0044777
0.0045626
0.0030555
-0.0086681
0.0080443
-0.009907
-0.0077258
0.0075858
-0.0019316
-0.0033407
-0.0079878
-0.0002482
0.0073916
0.0062352
0.0051932
-0.0097056
0.0061222
0.004163
0.00576
-0.0004727
0.0067527
0.0082122
0.0028708
0.0007345
-0.0098976
-0.001657
-0.0062109
0.0076025
0.0062219
-0.000954
-0.0077491
0.0029351
0.0033489
-0.0087957
-0.0050448
0.0081133
0.0005187
-0.0075376
0.0032216
-0.0036463
0.004142
0.0074941
-0.0014461
0.0070459
-0.0014993
0.0046524
-0.0013602
0.0072855
-0.0082685
0.0017866
0.0043904
0.0084179
0.0058724
-0.0083755
-0.0051319
-0.0092697
-0.000464
-0.0095339
0.0026365
-0.009174
-0.0058208
-0.0098143
0.004372
-0.0053989
0.0030361
0.0053439
-0.0015191
0.0035851
-0.0050823
-0.0062019
0.0065651
-0.0077857
-0.0015278
-0.0021866
-0.0031447
-0.0040348
0.0087532
0.0080712
0.0041248
0.0047912
-0.0004207
-0.0032094
-0.0008839
0.0076307
-0.0058851
-0.0020627
-0.0080658
0.0073915
0.0014478
-0.0005493
-0.0018124
0.0094508
-0.0065606
-0.0096024
-0.0084189
-0.000903
-0.0008729
-0.0001162
0.0086985
-0.0013572
0.0054354
0.0068726
-0.0055255
0.0087267
-0.0050527
0.0031278
0.0001685
0.0056867
0.0022914
-0.0092758
0.0022584
-0.0082501
-0.0056548
-0.0026896
-0.0095167
0.001811
0.0017974
-0.0066993
-0.0065183
0.0078609
0.0070501
-0.0061966
-0.0065336
0.00744
0.001464
-0.001809
0.0024969
-0.0023138
0.0006317
0.009359
-0.0098758
-0.006518
0.0052146
-0.0074011
0.0032509
