0.0085033
0.0084124
0.005925
0.00428
0.0042277
-0.0078671
0.0020451
0.002222
0.0033444
-0.0058646
0.0048546
0.0071798
0.0019482
0.0096273
0.001596
-0.0021778
-0.005878
-0.0015533
-0.0011868
0.0086459
0.0042247
0.0073948
0.0029729
-0.008407
0.0045188
-0.0063101
0.0002812
0.0011152
0.0045454
-0.009878
-0.0036222
-0.0064234
0.0037596
-0.0022145
-0.002445
-0.0045786
0.0044407
-0.0060999
-0.0009045
-0.0091122
-0.0068583
-0.00802
-0.0075667
-0.0019139
-0.0054744
-0.0087345
-0.0066969
0.0065545
0.0084342
0.0011435
-0.0001325
-0.0077154
-0.0084712
0.0051114
0.0095438
-0.001138
-0.0081041
0.0040339
0.0037896
0.0013389
-0.0002853
-0.0044055
0.0017549
-0.0030698
0.0062057
0.0084198
-0.0086414
0.0045469
-0.0031555
0.0055646
-0.0048
8.48e-5
0.0001817
-0.0021543
-0.0087227
-0.0094072
0.0035555
0.0058824
0.0096076
0.0093805
-0.0010154
-0.0011728
0.0040097
0.0019209
7.2e-6
-0.0020221
0.0034143
0.0023166
-0.000229
0.006308
0.0048623
0.0081272
0.0036297
0.0014838
0.0023613
-0.0008165
-0.0044904
0.0095859
0.0013519
0.0012519
0.0005137
-0.0094226
0.0099879
0.0003534
0.00615
0.0023628
-0.0016385
-0.0099373
0.0098987
-0.0030577
-0.0050726
0.0034147
0.0030258
0.0044568
-0.0052222
-0.0034034
0.0073436
-0.0028207
-0.0025218
-0.0036276
0.0094737
-0.0063211
-0.0090536
0.0024496
0.0029939
0.0013883
0.0055781
0.004304
0.0071416
-0.00371
-0.0058955
-0.0010023
0.0014768
-0.0066057
-0.002277
0.0005766
0.0065408
-0.0003122
0.0089446
-0.0017784
0.0061609
0.0030022
-0.0039918
0.0076564
-0.007482
-0.0067534
0.0098329
-0.0092918
-0.0094484
-0.0083314
-0.0099585
0.0032768
-0.004651
0.0005881
8.3e-5
-0.0030318
-0.0004368
-0.0072304
0.0090388
-0.0079272
-0.0083625
0.0048862
0.0097316
-0.0053695
-0.0049334
0.0091907
0.0066539
-0.0029733
-0.002627
-0.0074934
0.0067482
0.0046941
-0.0043549
-0.0070332
-0.0065811
-0.0014658
-0.0060934
0.0097738
0.001555
0.0032722
0.0003393
0.0030191
0.0050141
0.0064329
0.0025731
0.0042199
-0.0040121
-0.0040108
-0.0044181
0.0027748
-0.0020085
-0.0079665
0.0077759
0.001674
0.0045215
-0.0071795
0.0068531
0.0042178
0.0045456
0.0050767
0.0096336
0.0061924
-0.0032047
0.0031255
0.0094569
0.0080998
0.0024621
0.0065544
-0.0075513
-0.0022439
0.0048606
0.0081086
-0.0061847
-0.0054187
0.0082102
0.0056394
-0.0045529
0.0089372
-0.0025251
-0.0033163
0.0083545
0.0018739
0.0047129
0.0038902
0.0059326
-0.0087594
-0.0086734
-0.0036368
-0.0005695
0.0009317
0.0016985
0.0094461
0.0095195
-0.0079752
-0.0043608
0.0078591
0.00637
0.0080405
0.0045958
-0.0097054
-0.0031903
0.0063104
0.009934
-0.0033979
-0.0038337
-0.0046627
0.0008754
0.005376
0.0052593
-0.008581
-0.005721
-0.0072122
0.0086595
0.0080413
0.0013573
-0.0088738
0.0052997
-0.0093123
-0.004345
-0.0057072
-0.0092722
0.0006083
0.0039719
0.0029201
-0.0027434
-0.0010487
0.0025571
-0.0039767
0.006831
0.0006496
0.0065261
0.0087916
-0.0055402
0.0027842
0.0029807
-0.0039731
0.0004072
-0.0011858
0.0036674
-0.0077834
-0.0097509
0.0031481
0.0029987
-0.0041
0.0031822
-0.0088668
0.0058154
0.0057055
-0.0033661
0.0057196
0.0091704
-0.0004478
0.0080212
-0.0016055
0.0057038
0.0066553
-0.0038213
0.0079002
-0.0060351
-0.0096617
-0.0036587
0.0079663
-0.0048305
-0.00891
0.003217
0.0026405
-0.0027638
0.0098967
0.0037857
-0.0045448
0.0091358
0.0044476
0.0059156
0.0031541
-0.0030747
0.0049885
-0.0043939
-0.0010815
0.0045954
-0.0008012
0.0069
-0.0066568
0.0006008
-0.0062591
0.0029097
-0.0013598
0.0079431
-0.00019
0.006439
0.0067438
-0.0018852
-0.0054144
0.0062701
0.0034969
0.00465
0.0056819
-0.0043528
-0.0082418
0.0017812
-0.0067978
-0.0098714
-0.0019777
-0.0016893
0.0086254
-0.009932
-0.0054596
-0.0057742
0.0075123
0.0075795
-0.0010342
-0.0048672
-0.0019434
0.0007893
0.0075284
0.0070223
0.0055706
0.0006636
-0.0074413
0.0012884
-7.62e-5
-0.0087038
-0.0011076
-0.0011334
0.0034045
0.0059742
0.0053767
0.0087859
0.0092056
0.0002132
0.0023964
-0.0038367
0.0024449
0.0020276
-0.0095724
0.0070675
-0.0017225
0.0093181
-0.001668
0.008753
-0.0002124
-0.0075838
0.0012761
-0.0026815
-0.0089724
0.0056165
0.0096778
0.0081652
0.0060356
-0.0056617
-0.0073529
-0.0083838
0.0068607
-0.002522
0.0029898
0.0029337
0.0001528
-0.0016775
-0.0033144
0.002378
-0.0083985
-0.0060358
-0.0057227
-0.0002053
0.0044206
-0.0050529
-0.0078514
-0.0027139
0.0095372
0.0091433
-0.0093141
-0.0020611
0.0049158
0.0050109
0.0063176
0.0029618
-0.009207
-0.0042422
-0.0055296
0.0044903
-0.0072337
0.0084282
0.0083235
-0.0073995
-0.0079608
0.006444
0.002652
-0.0083233
0.0004604
0.0039406
0.0048247
0.0032396
0.0001746
-0.0041877
-0.0027764
1.43e-5
0.0088476
0.0016374
0.0049919
-0.0086397
-0.0044714
-0.0033315
-0.0028955
-0.0018945
-0.0050233
0.0046368
-0.0025474
-0.0082057
-0.0046267
-0.0072229
0.0027352
0.0053399
0.003335
-0.0019371
0.0012598
0.0077094
-0.0026442
0.0042316
-0.0082254
-0.0035426
0.0076883
-0.0086802
0.0001097
-0.0001692
0.002505
-0.0042316
-0.0013921
-0.003928
0.0074716
-0.0018946
-0.0013651
-0.0063095
0.0028651
-0.0024737
-0.0001653
0.0093774
-0.009194
-0.0098681
-0.0087975
-0.0028722
0.0004192
0.0054875
0.0070827
0.0061009
0.0049286
0.0048479
0.0025709
-0.002865
-0.002908
-0.002517
-0.0001717
-0.0005608
-0.0031833
-0.0065775
0.0010063
0.0070568
