0.0047412
0.0047087
-0.0011497
-0.0083544
-0.003776
-0.0002318
-0.0042274
-0.0076843
-0.0099084
0.0038763
0.0084854
-0.0015502
-0.0038128
-0.0017721
-0.0046293
-0.0049281
0.0078796
0.0084965
-0.0077718
0.0065762
0.0094382
0.0040625
0.004892
0.0052365
-0.0087964
-0.0076368
0.0091157
0.0009381
0.0087389
0.0061086
0.0029852
-0.0019863
-0.0061099
0.0044373
-0.0081464
0.0003877
0.0008257
0.0044121
-0.0028098
0.0056797
-0.0055633
0.0099045
0.0076782
0.0006257
-0.0016629
-0.0084467
0.0058326
0.0041075
-0.0076645
0.0096667
-0.0013414
-0.0046611
-0.0012335
-0.0058643
0.0008697
0.0077735
0.0005678
0.0088683
-0.0082768
-0.0086373
0.0001123
0.0022621
0.0080217
0.0076828
0.0049063
-0.0001953
-0.0030496
-0.0080394
-0.0049149
0.0089783
-0.0071595
-0.0013293
-0.0058162
-0.0055575
0.0075891
-0.0088791
-0.0071147
0.0025089
-0.0016629
-0.0033533
0.0063596
-0.0054806
-0.0073393
-0.0011265
0.0027597
0.0054078
-0.0066166
-0.0037821
-0.0033504
0.0004605
0.0088356
-0.0075721
-0.0046166
0.0022572
0.0073501
-0.0009242
-0.0096558
0.0006441
-0.007493
-0.0062506
-0.0027319
-0.0027765
-0.0010527
0.0004157
-0.0047533
0.0008066
-0.003065
-0.0098482
0.007481
0.0066741
-0.0098967
0.0001742
0.0034662
0.0099574
0.004152
-0.00446
-0.0009841
0.0064763
-0.0075134
-0.0011768
0.0034835
-0.0032418
-0.0006107
0.0031201
0.0022481
0.009206
0.0008969
0.0094458
0.009021
-0.0064614
0.0058447
-0.0020139
0.0063082
0.0092642
0.0044109
-0.0025933
0.0018612
0.0053001
0.0018974
-0.0012656
0.0090172
0.0069832
-0.0044983
-0.0066065
-0.0064648
-0.0042083
0.0077899
0.0029136
0.0004499
-0.0067628
0.0008525
0.0064804
-0.0091909
0.0013548
-0.0052038
0.0012371
-0.0060232
-0.005459
0.0052026
-0.0046811
-0.0098089
-0.0035785
0.000495
0.0032982
0.0099154
0.0011736
0.0029001
-0.0007294
0.0031665
0.0076377
-0.0058118
-0.0040665
-0.0026438
0.0005389
0.0077412
-0.0033795
0.0036011
0.0087004
-0.0008064
0.0029846
-0.0053377
-0.0031856
0.007805
0.0004579
0.0085572
0.0068802
-0.0037928
-0.0023182
0.0025922
-9.2e-5
0.0002895
0.0069912
-0.0093804
-0.0005096
0.0099957
-0.0020555
0.0049785
0.0011934
-0.0029516
0.0051023
0.0092273
0.0084809
0.0044724
0.006848
0.0005079
0.001185
0.003329
0.0039498
-0.0065252
0.0059787
-0.0020417
0.0009679
0.0024264
0.0055899
-0.005583
-0.0045756
0.0001976
0.0061925
0.0062707
-0.0056257
-0.0023481
0.0037355
-0.0059019
0.0030072
0.0096342
0.0052492
-0.009631
0.0011242
-0.003835
-0.0009161
-0.0096686
-0.004318
0.0039392
-0.0046745
0.0012913
-0.0064632
-0.0003233
-0.0088863
0.0066394
0.0083553
0.008405
-0.0067366
-0.0052484
-0.0033127
0.0082861
-0.0024974
0.009981
-0.0081315
0.0002419
-0.0073404
-0.000835
-0.0006088
-0.0032952
0.0040036
-0.0034997
-0.008171
-0.0043383
-0.0020996
-0.009084
-0.0085237
0.0071336
-0.0014329
-0.0079805
-0.0081607
-0.0041863
0.0026967
-0.0010937
0.006513
0.0006584
0.0055768
0.0043316
0.0088231
-0.0062544
-0.0045649
0.0065847
0.0039453
0.0029591
0.0016632
-0.0039927
-0.0048295
-0.0036681
0.0021831
-0.0069416
-0.0064691
-0.0037323
-0.0048234
0.0002049
-0.0046179
-0.0007986
0.0022645
0.0038535
-0.0056022
-0.0041658
-0.0036463
-0.0004763
-0.0033873
-0.0095894
-0.0017141
0.0027782
0.0020907
0.0090306
0.0064493
-0.0060299
-0.0068835
0.0008128
0.0057639
-0.0087293
0.0068444
-0.0033023
0.0028962
-0.0094173
-0.002532
-0.0006837
-0.0014504
0.0088844
-0.0031322
-0.0084535
-0.005149
0.0064345
-0.0032724
-0.0026153
0.0086092
-0.0068622
-0.0081961
-0.0091125
-0.003013
0.0003541
-0.0035426
0.0004228
0.0027655
-0.0069315
-0.005776
0.0056542
0.006304
0.0085343
-0.008062
-0.0021191
0.0037381
0.005045
-0.0094417
-0.0055561
-0.0046702
0.008965
0.0024587
0.002901
-0.005307
-0.0067444
-0.0081183
0.0006896
-5.53e-5
0.0061804
0.0053036
0.0093832
0.0097219
0.0042185
0.0051894
-0.0009632
-0.0015276
0.0052839
0.0083278
-0.0065004
0.0040528
0.0051352
0.0068383
-0.0037372
-0.0023715
0.0055265
-0.0061546
0.0042683
0.0062877
0.0071679
-0.0067455
-0.0022145
-0.0082624
-0.0038411
0.0009203
-0.0034766
-0.0060081
-0.000578
-0.0099205
0.0039419
0.0023237
0.0031738
0.0024455
0.0054728
0.0002687
0.0058331
0.0066274
-0.0024371
0.0006035
0.0088177
-0.0054899
-0.0002455
-0.0025934
-0.0050053
-0.0077612
0.0097426
-0.0068266
-0.0084083
0.0036048
0.0036771
-0.0039685
-0.0023239
8.3e-6
-0.0003982
-0.0064791
-0.0004031
-0.0070447
-0.0092686
0.003493
-0.0083326
-0.0046357
-0.00318
-0.0028976
0.0087893
-0.007047
0.0022236
-0.0093096
-0.0015277
0.0079662
-0.0002772
0.0033468
-0.0093453
-0.0030441
-0.0037491
0.0050786
-0.0014781
0.0069191
-0.0016806
-0.0068192
-0.0007116
0.0034311
0.0086767
-0.0099571
-0.0054252
0.0019196
0.0044627
0.0077746
0.0069556
0.0062498
0.0063485
-0.0065498
-0.0047171
0.009993
0.005643
0.0093946
0.0043441
-0.009729
-0.008013
-0.0069554
-0.0042101
0.0048992
0.001356
-0.0075439
-0.0095829
-0.0031958
0.0017681
0.0081645
0.0022092
0.002727
0.0033735
-0.0029972
-0.0092721
-0.0021064
0.0018136
-0.0095072
-0.0065773
0.0056725
-0.0014813
0.0032796
-0.0096579
-0.0046636
0.0030217
0.0088562
0.0093636
-0.0063913
0.0021918
-0.0048259
0.0050575
0.0012887
-0.007986
0.007675
0.0038446
0.0038426
0.0083768
-0.0013657
0.0066846
0.0056935
0.0050215
0.0012559
0.0084205
0.0094509
0.0045131
-0.0057583
-0.0005191
