-0.0090523
0.0048758
-0.0090593
0.0039007
-0.0003921
-0.0059639
0.0040178
-0.0057764
0.0077596
-0.0081616
-0.0082818
0.0033378
0.0006246
-0.0045482
0.0088327
0.0033907
0.0073218
-0.0003134
-0.000948
-0.0098504
-0.0035702
0.0056124
0.0021029
0.0074556
-0.009256
0.004898
-0.00101
-9.25e-5
0.0026958
-0.0018543
0.0011705
-0.0066846
-0.0064386
0.0089113
-0.0067651
0.0078452
0.0031279
-0.007486
0.0015368
0.0025662
-0.0016302
0.0062305
0.0010012
0.0017254
0.0069415
0.0084873
-0.0031701
-0.0068301
-0.0044497
-0.0001691
-0.0011064
-0.0085287
0.0066813
-0.0075295
-0.0005983
0.0055661
0.0011762
0.0064636
-0.0052621
0.0041215
-0.0086491
0.0057469
-0.005262
-0.0040314
-0.0075598
-0.0005539
0.0026934
0.0038942
-0.0085231
-0.0051731
-0.0076587
-0.0002672
0.0055254
-0.0080798
-0.0053676
-0.0097685
-0.0041137
0.0098942
-0.0093622
-0.0094275
0.0083588
0.0034099
-0.0074714
-0.0048561
-0.0069615
0.0058848
-0.0081308
0.0033896
0.0009038
-0.0051971
0.005117
0.0041334
0.0069357
-0.0062801
0.0074481
0.0005794
-0.0060666
0.0021204
-0.0069544
-0.0097041
0.0073127
-0.0045374
-0.0004196
-0.0043922
-0.0005413
-0.0047222
-0.007076
-0.0094243
0.0019986
-0.0016552
-0.0045788
0.0042243
0.0071124
0.0053482
0.006968
0.0098158
0.0086891
0.0023606
-0.0080001
-0.0097557
0.0051049
-0.001677
0.0097451
-0.006414
0.0019114
0.0051993
0.0072562
0.0066633
0.0079192
0.0034397
-0.0030407
-0.0099126
-0.0064695
0.0011635
-0.004123
-0.0082431
-0.0068284
-0.008887
-0.0082046
-0.0065304
-0.0039139
-0.0081538
-0.0022844
0.0070224
0.0084263
-0.0057992
-0.0023614
-0.0043596
0.0061405
-0.0097135
0.0068026
0.0025419
0.0037113
-0.001744
0.0075743
0.0095157
-0.0065085
-0.0001966
0.0003049
-0.0026713
-0.0061413
0.0001864
0.006915
7.24e-5
-0.0051857
-0.0004469
-0.0020299
-0.0022371
0.0020746
0.0045223
-0.004737
-0.0035477
-0.003958
-0.0037485
-0.0036189
-0.0080698
0.0065286
-0.0046294
0.000166
-0.0036696
-0.002764
-0.0038561
-0.0099988
0.0071965
0.0046067
0.0074663
-0.0007044
0.0067549
-0.0005138
-0.0023526
0.0086278
0.0052484
-0.001382
0.0061619
-0.000926
-0.0017216
-0.0028738
-0.0033779
0.0064784
0.0097875
0.0089035
-0.0042809
-0.0012125
0.0082501
-0.0027769
-0.0073642
0.0051391
0.0080286
0.0099544
0.0091273
0.0029163
-0.0078223
0.0006683
0.0070464
0.0070502
-0.0011422
-0.0056278
0.0093605
-0.0014514
-0.0099589
0.0080264
-0.0049765
-0.0093313
-0.0079688
0.0093718
-0.0008072
-0.0062921
0.0029008
0.0054996
-0.0026354
0.001835
0.0008608
0.0058101
-0.0069508
-0.0018236
-0.0030459
0.005929
-0.0010517
-0.0096137
-0.0084338
0.0011435
0.0093532
-0.0029544
0.0085058
0.0052155
0.0020797
-0.003903
0.0097906
0.0076306
0.0074117
-0.0062911
0.0062873
-0.0035113
-0.0033529
0.0004049
-0.0024506
0.0051312
0.0048498
-0.0025028
0.00806
0.0078093
0.0040659
-0.0084922
-0.0086366
0.0096181
0.0025242
-0.002428
-0.0066291
0.004637
0.0063615
0.0068534
-0.0003763
0.0013625
0.0010304
0.0048487
0.0016451
0.0053492
0.006523
0.0003813
0.0028354
-0.0048561
0.0003475
0.0099751
-0.0007491
-0.0065755
-0.0043014
0.0055997
-0.0098249
0.0065097
0.0007005
-0.0054078
-0.0065538
0.0075627
-0.0052364
-0.0062844
-0.0046886
-0.0059698
0.0063536
0.0096563
-0.0089227
0.0035997
-5.68e-5
-0.0025577
0.0060065
0.0056119
0.0050303
0.0055905
-0.0010641
-0.0061273
-0.000556
-0.0065945
-0.008292
0.0005965
0.0011684
-0.0066553
-0.0079968
-0.0036068
-0.0050476
-0.0004915
-0.0055363
0.006703
-0.0011744
-0.0043554
-0.0025027
-0.0043841
0.0073523
-0.0095995
-0.0036794
0.0026688
-0.007967
-0.0033129
-0.0038775
-0.00956
0.0076256
-0.0055388
-0.0043435
-0.0035894
0.0099066
0.0007244
0.002894
0.0076074
0.003473
-0.0076499
0.001315
0.000542
-0.0030278
0.0044548
0.005324
-0.0025576
0.0011106
0.0004932
3.52e-5
0.0009622
-0.0019848
-0.0026055
-0.0069355
0.0013442
0.0077669
0.0002803
-0.0061895
0.0029774
-0.0063014
-0.0097659
0.0061421
0.0057707
0.005867
-7.21e-5
-0.0066358
-0.0052385
0.0059778
0.0083127
-0.0016148
0.0087729
-0.0031306
0.0051504
0.0010141
0.0056594
0.0057144
0.0008777
-0.0010264
0.009402
0.0046259
0.0045111
0.0037069
-0.0074258
-0.0065792
-0.0037324
0.0068951
0.0090934
-0.0085036
0.0047812
-0.0069974
0.004193
0.0045855
0.0072055
-0.0078414
0.0008625
0.0038498
-0.0084826
-0.0065625
0.0031441
0.0064239
-0.0028538
0.008159
-0.0051394
0.0003112
0.0011051
0.0090277
-0.0050633
-0.0063092
0.0040139
-0.007077
-0.0049765
0.0045808
0.004098
-0.0010272
0.0081688
0.0058426
0.0027348
-0.0005582
0.0029386
-0.0094892
-0.0063833
0.0020898
0.0029392
-0.0073893
0.0062232
0.0032572
0.0081757
0.0011424
-0.0065966
0.0096449
-0.0009902
-0.0088106
0.0083905
0.0026178
0.0006314
-0.0036226
0.0085449
-0.0034963
-0.0021413
-0.0093828
0.0095706
0.0001687
0.0074254
-0.009379
0.0031157
0.0078179
-0.007692
0.0069106
-0.0051123
0.0089067
0.0086085
0.00252
-0.0078143
-0.0014359
0.0059588
-0.0047344
-0.009104
0.001437
-0.0006434
-0.008173
0.0078573
-0.0097898
0.0023674
-0.0063062
0.0061805
-0.0073833
-0.0017853
-0.0061581
0.0038143
-0.0063225
-0.006814
0.0010568
0.0051953
-0.0077315
-0.0015648
-0.009936
0.0093098
0.0077948
0.0093457
0.0033271
-0.0010769
0.0005572
-0.0081717
0.005143
0.0032817
-0.0005178
-0.0070905
-0.0016998
0.0018111
0.0056635
-0.0087976
0.0036872
-0.0092206
