-0.0032719
-0.0033291
0.0098561
-0.0087981
0.0050801
-0.0078064
-0.0084098
0.0050417
0.00472
0.0075144
-0.0039098
0.0021716
0.003752
0.0095306
-0.0065944
0.0053334
-0.0059932
0.0095471
-0.0035381
0.0060231
-0.0063692
0.0080172
0.0004222
0.0059828
0.0026224
-0.002495
0.0078944
-0.0021755
0.0048791
-0.0046664
0.000321
-0.0001942
-0.0088913
-0.0086551
-0.0079132
0.0078263
-0.004078
0.002048
-0.0084148
0.002029
0.0054942
0.0082665
0.005159
0.0016997
-0.0023779
-0.0019286
-0.0061387
0.0015812
0.008558
-0.0036697
0.0076812
0.0013052
-0.0018785
0.0082578
0.0064123
0.0024821
0.0062326
0.0002785
0.0062259
-0.0068906
-0.0037086
0.0069798
0.0074847
0.0043141
-0.0023859
-0.0089238
-0.0031914
0.0044774
0.0086286
0.0097654
0.0095606
-0.0023226
-0.0089001
-0.0011023
0.0021496
0.0009744
-0.0067793
0.0034448
0.0051086
-0.0025392
0.0021879
0.0010774
-0.0013181
-0.0073576
0.0012526
-0.0078675
0.0009384
-0.0019835
-0.0005253
0.0094558
0.0005746
-0.0025253
-0.0010636
0.0087721
-0.0036869
-0.0052032
-0.0095404
0.0022487
-0.0016346
0.0006326
-0.0002451
-0.0083649
-0.0013423
-0.0008194
0.0003872
0.0095052
0.0053262
0.0084363
-0.0097951
0.0019297
0.0038618
0.003951
-0.0098156
0.0038344
0.0051939
-0.0045252
0.0071568
-0.0046734
-0.0066524
-0.0006061
0.0020383
0.0077159
-0.0053506
-0.0033118
0.0080556
-0.009362
-0.0094854
0.0094843
0.0046891
0.0034008
0.0014964
-0.0060527
0.0018603
0.0057681
0.0035513
-0.0023687
0.0021956
-0.00683
0.0042609
0.0030819
-0.0005675
-0.008569
-0.0090602
-0.0068967
-0.0007873
-0.0097213
0.0007356
-0.0058702
0.008036
-0.0084846
0.0006797
0.0051349
0.0057453
0.0072141
0.0096173
-0.0088726
0.0054891
0.0039017
0.005397
-0.008635
-0.001007
0.0062
0.0070686
-0.0012034
0.0052408
-0.000805
0.0002001
0.0097016
-0.0048479
-0.0086274
0.00839
-0.0047708
-0.007378
-0.0072432
0.0021221
0.0030771
-0.0092879
0.005779
-0.0052051
0.0048532
0.00492
0.0031422
0.0006653
0.0099552
-0.008038
-0.0057286
-0.0058503
0.0003668
0.00678
0.0044862
0.0013788
0.0003779
0.002104
-0.0003226
0.0073008
-0.0060918
0.0080099
0.0015133
0.0013259
-0.0012641
-0.0048863
-0.0033744
-0.0060377
-0.001947
0.0042097
-0.0003519
-0.0035847
-0.0049239
-0.0036998
-0.0071284
-0.0037561
-0.0042853
-0.0048677
0.0003264
-0.0099447
0.0090398
0.0068172
-0.0061362
0.0004308
0.0073507
-0.0008083
0.004276
0.0099225
-0.0004963
-0.0056028
0.0073471
-0.0067285
0.0007837
0.0045693
0.0028612
-0.0065551
0.0042038
0.0043109
0.0029345
-0.0089247
-0.0054153
0.0017762
0.0052484
-0.0096922
-0.0013407
0.002846
0.0042682
-0.0078008
0.0071687
-0.0066463
0.0002907
-0.0040744
-0.0018009
-0.009177
0.0070955
-0.0059168
-0.0049898
0.0090888
-0.0065415
-0.0036497
0.0068615
0.0098539
0.0057491
-0.0078714
-0.0006666
0.0016622
0.0088275
0.0052441
-0.0090057
-0.0044057
-0.0031884
-0.0042742
-0.0013076
-0.0082271
0.0057536
0.0069775
-0.0072802
-0.0055139
-0.0041462
-0.0054439
-0.0043116
-0.0029313
0.0029192
-0.0023109
0.0043034
-0.007868
-0.0033337
0.0018126
-0.0002175
-0.0074117
0.0016499
-0.0084492
-0.000124
0.0029835
-0.0030183
-0.0063246
-0.0099966
-0.0050013
0.004315
-0.0001176
0.0096334
-0.0031415
-0.0011827
0.008686
-0.0011915
-0.0022957
-0.0041115
0.0034148
-0.0011839
-0.0015016
-0.008229
-0.0049611
0.0020576
-0.0004092
-0.0075412
-4.73e-5
-0.0022759
0.0039127
-0.0098836
-0.0064155
-0.0009033
-0.002998
-0.0071091
-0.0040138
0.0009969
0.0011695
-0.0013617
-0.0005132
-0.0017059
-0.0095057
-0.0049064
-0.0056625
0.0059822
-0.0025359
-0.0086918
-0.0010623
-0.0006774
-0.00981
-0.0046584
-0.0033971
0.008021
0.0023794
-0.0004492
0.0044772
-0.002939
-0.0053529
0.0075849
0.0020164
0.0026427
0.0074502
0.0026027
0.0097272
-0.001687
-0.0067594
-0.0064855
-0.0074092
-0.0018569
-0.0090682
0.0076103
0.0088874
0.0024855
-0.0061977
0.0078163
0.0043849
0.0050402
-0.0035643
0.0072459
0.0065711
-0.0068808
0.0098085
0.0042712
0.0006321
0.0076477
0.009556
-0.0002162
-0.0033101
-0.0093598
0.0090985
-0.006386
0.0006872
-0.0083473
0.0049459
-0.0081585
-0.0013809
0.0061669
0.0064092
-0.0020145
0.0008701
-0.0035793
0.0066213
0.003729
0.0085063
0.0061441
0.0049403
-0.0090742
-0.0039956
0.0012413
0.0028659
-0.0048513
-0.0054901
0.0014353
0.0058979
0.0099796
0.0033514
-0.0033924
0.0005498
-0.0092671
-0.0060136
0.0020124
0.0053477
-0.0074354
-0.0074825
0.001685
-0.0045366
0.0013091
0.007949
0.0068649
-0.0081472
0.0041828
0.0062138
-0.0022824
0.0042574
0.0091107
-0.003672
-0.0083313
-0.0006002
0.0030788
-0.0037157
0.0003786
0.0004231
0.0033717
-0.004111
-0.0001207
-0.0073591
-0.0016507
-0.001497
0.0043991
0.0072813
0.0069054
0.005742
0.0024973
-0.0075692
0.0038797
0.0021309
-0.0056309
-0.003008
0.0056724
0.0022696
0.0017673
-0.0029911
-0.008348
-0.0066338
0.0078213
-0.0030642
-0.0061416
0.0044549
-0.0003171
0.0047372
0.0097627
0.0045612
0.0050611
0.006201
-0.004272
6.64e-5
0.0038117
0.0002632
0.0063755
-0.008461
0.0090283
-0.0002109
-0.0057766
-0.0018959
-0.0075689
-0.0007556
-0.0047328
-0.0001298
0.0012442
-0.0018814
-0.0057904
-0.0070906
0.006792
0.0047078
0.0024909
-0.0084877
0.0025842
-0.0003187
-0.0032832
-0.0035701
-0.0023902
0.0058689
0.007999
-0.007837
0.0036732
0.0030654
0.0090184
0.0028414
0.0070897
-0.0012881
-0.00954
0.004627
