0.0004141
0.0086231
-0.0084841
0.0046458
0.0049823
-0.0056343
-0.0053636
0.0038429
0.0067635
0.0067528
0.0059758
5.04e-5
0.00302
0.0059888
0.0050027
0.0017126
-0.0005204
-0.0053038
-0.00825
-0.0013345
-0.0066617
-0.000138
0.00602
0.009404
0.0046477
0.0008001
0.0052876
-0.0062314
-0.0008783
-0.0086601
-0.0007268
-0.0072613
0.0033152
0.0032133
0.0057213
-0.0094051
0.0058746
-0.0053466
0.0073141
-0.009497
-0.0047421
0.0069501
0.0029158
0.0049126
0.0087438
-0.0091471
0.00571
-0.001451
0.0042307
0.0088211
0.0083033
-0.0055249
-0.0044204
0.0005781
0.0001206
0.0085817
-0.0037526
0.0087626
0.0057593
-0.0077052
0.008675
-0.0009082
-0.0015399
0.0072761
0.0074837
0.0058403
0.0075865
-0.0023024
-0.009071
0.0075798
-0.005815
-0.0030237
0.0060408
0.0062094
-0.007401
-0.007255
0.0043393
0.006845
0.0081698
0.0069726
-0.0015608
0.0043436
-0.0041991
-0.0055531
-0.0027105
-0.0063054
0.0045171
-0.0012454
-0.0033347
0.0083712
-0.0046426
-0.0047146
0.0071041
0.0047471
0.0061252
0.0064034
-0.0081909
0.0090788
-0.0096751
-0.0040229
-0.0036359
-0.0064959
0.0067135
0.0081487
0.008123
-0.0019813
-0.0056157
0.0017902
0.0035866
0.006692
0.0078621
0.004184
-0.0009305
0.0091776
0.0027859
-0.0079766
0.0041188
0.0030328
-0.0093847
0.0086015
0.0084665
0.0043739
0.0065213
-0.0016763
0.0051005
-0.0050562
-0.0090049
-0.008084
0.0051819
-0.0016959
0.0054907
-0.0065535
0.0064171
-0.0080799
-0.0007799
-0.0088385
-0.0098406
0.0014876
0.0032284
0.0097713
-0.0024598
0.00889
-0.0064803
0.0039687
-0.0064972
0.0059323
0.0076288
-0.0072772
0.0018118
-0.0026358
-0.0061362
0.0092925
-0.0021811
0.0082123
0.0094698
0.0021614
0.0004393
-0.0047588
-0.0002246
0.0047696
0.0011937
-0.0029871
-0.006565
0.0003923
0.0013722
0.0071337
-0.0023129
-0.0042287
-0.0070653
-0.0013436
-0.0072479
-0.0059684
-0.0011891
0.0047135
0.00294
0.0084292
-0.005094
-0.0012897
0.0065705
-0.0009468
0.0045399
-0.009094
0.0025999
-0.0081329
0.005042
-0.0084517
-0.0066897
-0.0071688
0.0050032
-0.0085865
0.0071545
-0.0002913
0.0072666
-0.0072446
-0.0023613
0.0093342
-0.006745
0.0026145
0.0033248
-0.0017079
-0.0076364
0.0039782
-0.0001834
0.001885
0.0006874
-0.0047355
0.0061003
0.0022173
-0.0017705
0.0001699
-0.0077102
-0.0083187
-0.0007959
0.0070129
-0.0091924
0.0085697
-0.0081185
0.004229
-0.0016645
0.0041413
0.00254
-0.0023528
-0.0060846
0.0010862
0.0063133
0.0050846
0.0086341
-0.00683
-0.0041
-0.0066681
-0.0038834
0.0017941
0.0046634
0.0028482
0.003488
0.007885
0.005054
0.0005136
-0.0085999
-0.0021808
-0.0030018
0.0007628
-0.0056935
-0.007282
-0.0043516
0.0017143
-0.006646
0.00387
-0.0096527
0.0079595
-0.0074749
0.006841
0.008945
-0.0041521
-0.0069349
-0.0020841
-0.0093427
-0.0092594
0.0034161
-0.0049467
-0.0069179
-0.0055811
-0.0090096
-0.0084533
-0.0026185
-0.0031917
-0.005577
-0.0039207
0.0019082
0.0099884
0.007845
-0.0007883
0.0029928
-0.0051431
0.0013822
0.009839
-0.0041668
0.0034071
-0.0084009
0.0078757
-0.0020964
0.0028032
0.0078555
-0.0014947
8.28e-5
-0.0085156
-0.0009397
-0.0078196
0.0033327
0.0087993
-0.0033601
0.0022458
-0.0002769
0.0025721
0.0010575
-0.0016448
-0.0018092
-0.0038171
-0.0042437
7.2e-5
-0.0098441
0.0091589
0.0085459
-0.0088823
-0.0043754
-0.0006186
-0.0062769
-0.0089046
0.0026473
0.0033023
-0.0014111
0.003699
-0.0015158
0.0071596
0.0074126
0.0093568
-0.0068657
-0.0047464
-0.0048536
0.0083117
-0.0098803
0.0098757
-0.0033566
0.0056518
-0.0044279
0.0078659
0.0086304
0.0049966
0.0009599
0.0071691
-0.0009457
0.0018876
-0.0028224
0.0001694
0.0015664
0.0012071
-0.0043943
-0.0014858
-0.0050134
-0.0008906
0.0081541
-0.0054384
0.0083016
0.0015934
-0.0066023
0.0038696
-0.0028599
-0.008001
-0.0034991
0.0092147
0.0005799
0.0021442
-0.0073118
-0.002377
-0.0049039
0.0071591
0.001971
0.0044143
0.0052658
-0.0026039
0.0037641
0.0094238
0.0085106
0.0015562
0.0037181
0.0094833
-0.0008979
-0.005426
-0.0072017
-0.0066741
0.0040906
-0.0018423
-0.0033794
-0.0016889
0.0099748
-0.0056218
-0.0045103
0.0096494
0.0025103
-0.0083624
-0.0081737
-0.0015185
0.0090725
-0.0066275
-0.0013272
-0.003564
0.0027706
-0.0034489
-0.0050205
0.0024825
-0.0008536
-0.0060791
0.0019094
0.0066462
0.005516
-0.0072299
0.0018878
8.1e-6
-0.0050874
0.0047628
0.0098159
0.0055093
0.009442
0.0095248
0.0058085
0.0045781
-0.0018395
-0.0065859
0.0059565
-0.009057
0.0009747
0.0059762
0.0044083
0.0027242
0.0093656
-0.0081122
0.0073593
-0.0088939
-0.0018666
0.0048673
0.007944
-0.0026299
-0.0070619
0.0091146
-0.0088813
0.0094619
0.0064112
-0.0059795
-0.005372
-0.0082893
-0.0022346
-0.0003958
-0.0076815
-0.0060969
0.0076733
0.0022998
0.0079615
0.0015005
0.0008616
-0.0007382
-0.0032269
-0.0054485
0.006416
-0.0019918
-0.0013625
0.0028663
-0.0099837
0.0050161
-0.00179
0.0094696
-0.008933
-0.0086185
-0.0070146
-0.0015968
0.0046778
-0.0027669
-0.0005523
-0.0009813
-0.0015916
-0.005233
-0.0074655
0.0047713
-0.0039182
-0.0044082
0.0070268
-0.0081771
0.0077848
-0.0027136
-0.0030928
0.0053128
0.0020977
0.0063932
0.0073368
-0.0031346
-0.0003357
0.0099255
-0.000756
0.0049643
-0.0091358
-0.0088448
-0.0044375
0.0033427
-0.0095912
0.0064296
-0.0095959
0.0087001
0.0071637
0.0069416
-0.0022599
0.003481
-0.0026041
0.004222
-0.0060796
0.003617
0.0004076
