-0.0074285
-0.0014481
0.0016544
0.0002201
0.0069863
-0.0084869
-0.0041419
0.0063677
0.0039614
0.0073183
0.0016928
-0.0047516
0.009398
-0.0028844
-0.0094351
-0.0045174
-0.0006078
-0.009823
-0.0042641
-0.0096119
-0.0057805
0.0002854
0.0040734
-0.0092966
0.0090882
0.0028051
-0.0074291
-0.0035353
-0.0098451
0.0095322
0.0047475
0.0012166
-0.0057587
0.0074398
0.0059784
0.006174
0.005747
0.0091454
0.0043478
0.007825
-0.0007742
0.0080408
0.0097076
0.0049516
0.0072113
0.0029808
0.0008535
0.0060278
0.0092082
0.0032936
0.004936
0.0078567
-0.0060153
-0.0091766
0.0087759
-0.0078797
-0.0036973
0.0038423
-0.0095161
0.0049598
-0.0099867
0.002609
-0.0035248
0.0029724
0.0032895
-0.0001671
-0.0062566
0.0090744
0.0011528
0.0084603
-0.0097167
0.0028789
-0.0094314
0.0050235
-0.0075026
0.0006595
-0.0026997
-0.0094035
0.000718
0.0012697
-0.0077599
0.008577
-0.0065076
-0.0025451
-0.0044159
0.0035847
0.0088696
-0.0077751
-0.0013989
-0.0019887
2.86e-5
0.0096494
-0.0014125
-0.0034921
-0.0010165
0.0095403
0.0080517
-0.0077886
-0.0011135
-0.0074269
-3.9e-6
-0.0070996
-0.0037707
0.0097774
0.0063765
-0.0009486
-0.0082194
0.0048078
-0.008986
0.0066376
0.0084912
0.0089845
0.0076828
-0.0016269
0.0077786
-0.006711
0.0063117
-0.0071993
0.003592
7.73e-5
0.0032986
0.0015046
-0.0060357
-0.0091224
-0.0091156
0.0028905
0.0038683
-0.0048029
0.0079305
0.0013647
0.0026847
0.0004482
-0.0002762
-0.0095339
-0.004666
-0.0021841
-0.0027562
-0.0061596
-0.0071778
0.0096156
0.0085893
-0.0025104
0.0061697
0.0059044
0.0054249
0.0076723
0.0040275
0.0050075
-0.0025415
0.0063837
0.0076667
0.0090067
-0.0032639
0.0080982
-0.0039375
-0.0043614
0.0051623
-0.0007398
-0.0035517
-0.0041618
0.0069038
0.006446
-0.0052821
-0.006168
0.0050459
0.0013931
0.0007896
0.0072115
0.0003976
0.0011511
0.0075586
-0.0014647
0.0013608
-0.0070644
0.00017
-0.007636
0.0087345
-0.0095325
0.0025067
0.0027511
-0.0022593
-0.0093534
-0.0092695
0.0060015
0.0069762
-0.0059741
0.0016621
0.0037732
0.0071935
-0.0069176
0.003742
0.001145
-0.0013017
-0.0090746
-0.0044799
-0.0067516
-0.0009278
0.0031919
-0.0019467
-0.0048766
0.006467
-0.0088627
-0.0047405
-0.0049125
-0.0083624
-0.0004082
0.0042167
-4.56e-5
0.0014467
-0.0069852
0.0038502
0.0081978
0.0045047
0.0064623
0.0018201
-0.0023223
0.0033716
0.0025896
-0.0068353
0.005829
0.0035965
-0.0064139
0.0009143
0.0060518
-0.0012945
-0.0004887
-0.0073966
-0.0024358
-0.0080931
0.0070842
-0.0069631
-0.0080654
0.0091861
-0.004735
0.0091268
-0.0059799
-0.0013864
0.0065043
0.0018729
0.0006159
-0.0005548
-0.0025458
0.0080937
0.0076226
-0.0012745
0.0072061
-0.0025828
-0.009793
-0.0004139
0.00434
-0.0053134
0.0085905
0.0079865
-0.0029761
-0.0080672
-0.0014379
-0.0010013
-0.0075841
-0.0028185
-0.0073996
0.0082783
0.0026633
0.0099871
0.0018749
-0.0098068
0.0037013
-0.0002363
0.0070235
-0.0073064
0.0036304
-0.0073293
-0.0040083
-0.0072901
-0.0012027
0.0093817
0.0032374
0.0001973
0.0086539
0.0043286
0.00594
-0.0066908
-0.0010424
0.0075325
0.0019379
0.0086493
0.004474
-0.0016912
-0.0087778
0.0064495
-0.0062362
0.0087009
0.0019201
0.0091831
0.0085539
0.0049049
0.007309
-0.0050733
-0.0039199
0.006763
-0.0046484
0.0042044
0.0042429
0.0040014
-0.0098686
-0.0017457
-0.0043116
-0.0013134
-0.0075869
0.0051394
-0.0012907
0.0053706
-0.0057106
-0.001369
0.0056449
0.0098259
-0.0098381
-0.0033713
-0.0065091
-0.002811
0.0073193
-0.0023536
0.0017572
0.0033692
0.009685
-0.0082979
0.0077882
-0.0083445
-0.0027664
-0.0060392
0.0027529
-0.004337
0.0025199
-0.0051143
0.0015522
0.0092291
-0.0014561
-0.0045681
0.0018714
0.0080961
-0.0028324
0.0065122
-0.0010631
-0.0021217
0.0080156
0.0099615
-0.0082845
0.001457
0.0071963
-0.0079147
-0.0007914
-0.0084851
0.0036395
-0.0057326
0.0041403
-0.0066872
-0.0024969
0.0020892
0.0094061
0.0023898
-0.0024437
0.0031226
0.0011144
-0.0082942
0.0075773
0.0015435
0.0048246
-9.34e-5
0.0067806
0.0023003
0.0002381
0.0032854
0.0080977
0.0065007
0.0005524
0.0004715
0.0072022
-0.008449
0.0025635
-0.0016589
-0.0032041
-0.0008078
-0.0065977
-0.0003223
-0.0087419
0.0064634
0.0089014
0.0062406
-0.0094475
-0.0043961
-0.0074655
-0.0008278
0.0020988
0.0029416
0.0073626
0.0080817
0.008007
-0.0008131
0.001244
-0.0010692
-0.0097275
-0.0045244
0.0069501
-0.0025895
-0.0056446
-0.0012443
-0.0078567
0.0050617
0.0095013
0.0084442
0.0073799
-0.0018076
-0.001711
0.0030575
-0.0071946
0.0004109
0.0078418
-0.0006375
0.0098508
0.005227
-0.0023342
-0.0020677
-0.0053735
0.0099325
0.0055743
0.0094909
-3.9e-5
-0.0050945
-0.0054227
-0.0077484
-0.0060051
0.0094246
0.0011366
-0.0083884
-0.0017293
0.0020639
-0.0009995
0.0067639
-0.0078541
-0.0050074
0.0015058
0.0071567
-0.000835
-0.0022098
-0.0016648
-0.0025683
-0.0070457
0.0093408
-0.0018566
-0.0032169
0.0073984
0.0056655
-0.0089515
0.0062544
-0.0024182
0.0022537
-0.0024444
-0.0086739
-0.0049647
0.0073675
-0.0003591
0.0029106
-0.0078655
0.005519
0.0014046
0.0004675
-0.0087706
0.0015007
-0.0077762
-0.0075369
0.0002324
0.0068708
-0.0033182
-0.0075516
-0.0008076
-0.0040483
-0.0037568
-0.0007403
0.0077894
0.004534
-0.0013663
0.000514
0.0045786
0.0080444
0.0034413
0.0066634
-0.0096211
-0.0083047
0.0052839
-0.0024348
-0.0068391
-0.0099938
-4.81e-5
-0.0042748
-0.006613
0.0010651
