0.0081834
-0.009246
-0.0052047
-0.0021712
-0.0022745
0.0009927
0.0042303
0.0082714
0.0038004
0.0086677
-0.0027503
0.0011067
0.0077809
0.0099729
-0.002574
0.0077607
-0.0029907
0.0087281
0.0062708
0.0044686
-0.0093889
-0.0082597
0.0047565
0.0031492
-0.0051114
0.009325
-0.0077473
-0.0068653
0.0052342
0.0052691
-0.0057602
0.0022006
0.0096599
-0.0087478
0.0059958
0.0036588
0.0091262
0.0099046
0.0077863
0.0019975
0.0009589
-0.0024572
0.0028272
-0.0058777
0.0098116
-0.0014491
0.0043694
0.0029104
-0.0011023
-0.0044192
0.0072974
0.0044757
0.0055498
0.0055351
-0.0049254
0.0096262
-0.0007238
0.0059744
-0.0050463
0.0046168
-0.0079571
-0.0038798
-0.0080867
-0.0083279
-0.0099064
0.0032986
0.0019113
0.0063202
-0.005328
0.0065212
-0.0092832
0.0069047
-0.0084967
-0.0024094
0.002542
-0.0023669
-0.0003679
-0.0088782
-0.0051507
-0.0004886
0.0027706
0.0042716
-0.0088512
-0.0006099
-0.0024944
0.0038151
0.0064098
-0.0020303
0.0088533
-1.53e-5
-0.0096845
0.0026426
0.0095593
0.0062253
-0.0030499
0.0029257
0.0065715
-0.0099946
-0.0007477
0.0032621
-0.0070064
-0.0082344
-0.0001651
0.0041186
-0.0089852
-0.0054113
-0.0097223
0.0088211
0.0015366
-0.0073502
0.0015778
0.0062077
-0.004173
0.0037969
0.0024087
-0.0078697
0.0048803
0.0076484
-0.0082157
6.12e-5
-0.0031861
0.002866
0.0048588
0.0044701
-0.0060883
-0.0055598
-0.0071245
0.0017404
0.0099362
-0.005769
-0.0085711
0.0007785
-0.0051951
-0.001241
0.0090276
0.0014643
0.0018843
-0.0013784
0.0096252
-0.0022654
0.0082847
-0.0093525
0.0099956
0.0064105
-0.003382
0.0030739
0.0060534
0.0009824
-0.005613
0.0083684
-0.0020944
0.0048091
0.0077173
0.0057015
0.006609
0.0067982
-0.0093461
-0.0005137
0.0027055
0.0019378
-0.007074
-0.007641
0.0040656
-0.0012912
-0.009906
-0.0076145
-0.0037318
-0.0081813
-0.0018291
0.0021469
0.0080359
0.0039681
-0.0011937
-0.0021302
-0.0022011
-0.0021969
-0.0012773
0.0058222
0.0099852
0.0004334
-0.0072053
0.0064389
0.0020324
0.0055169
0.008947
0.0016468
-0.0044855
-0.0075986
0.0071663
-0.0060375
0.0094418
0.0088872
-0.0094828
0.0089361
-0.0097359
-0.00399
0.0008319
-0.0076505
0.0096118
0.000243
-0.0048874
-0.0038409
0.0057285
-0.0026675
-0.0050668
0.0053839
-0.0077182
0.0052253
-0.0051978
-9.44e-5
-0.0075974
-0.0077331
0.0080162
0.0021259
0.0040445
-0.0095648
-0.0013382
-0.0059629
-0.0030005
-0.004165
-0.0007712
0.004882
-0.0068747
0.0068599
0.0092628
0.0046167
0.0089408
0.002622
-0.0083038
0.0090471
-0.0060281
0.0026578
-0.0035235
0.001035
0.009824
0.0016319
-0.0004132
-0.0056246
0.0073634
-0.0080006
-0.0025376
0.002578
-0.0026501
-0.0018753
-0.0003869
-0.0019244
-0.0020018
0.0032721
0.008312
0.008489
-0.0011546
-0.0074312
-0.0078939
-0.0077917
0.0040724
-0.0050554
-0.0065553
-0.0055687
-0.0089322
0.0081426
0.0015692
-0.0098695
4.42e-5
-0.000504
-0.0050913
0.0023506
-0.0049508
-0.0009764
0.009269
-0.0013247
-0.0091653
-0.0087192
-0.0065437
-0.0055943
-0.0073447
-0.0051608
-0.0037079
0.0046694
-0.0026607
1.52e-5
0.0056789
-0.0017555
0.0082412
0.0086931
-0.0013222
-0.0087239
-0.003686
-0.0062237
0.0034652
0.0077034
0.0001371
-0.0028928
0.0003382
-0.0012338
0.0028523
-0.0060594
-0.0053903
-0.0029948
-0.004013
0.0080569
0.0043919
-0.0032073
0.0025082
0.0006116
0.0076104
-0.0077945
-0.0036694
-0.0084893
0.0075686
-0.0071875
0.0083003
0.0032316
-0.005374
0.0070854
0.005539
0.0039888
-0.0028839
0.0061177
0.006605
-0.0011783
-0.0037481
-0.0027692
0.0030946
0.0088284
0.0087918
-0.0011351
0.0078219
0.0063166
0.0040094
-0.0069822
0.0088703
0.007115
0.007263
0.009011
0.0078662
0.0091357
-0.0017194
0.0069225
0.0048365
0.0010146
0.0036785
-0.0005316
-0.0030466
0.0075988
0.0023305
0.0013046
-0.0066224
-0.0070436
-0.0046281
0.0055819
0.0092824
0.0092004
-0.0034271
-0.0067608
0.0044843
0.0097466
0.0099983
0.0045116
0.0040536
-0.0083995
0.0021242
-0.0048318
0.0056306
0.0064784
0.0024887
0.0092037
0.0011109
0.0053393
-0.0020484
0.0049486
0.0060164
-0.0098025
-0.0083571
-0.0003424
-0.0065105
0.0046647
-0.0094341
0.0051362
-0.0048809
-0.0076094
-0.0056258
0.0028374
-0.0006613
0.0021051
0.0046078
-0.0052541
-0.0098597
-0.00405
-0.0068858
-3.45e-5
-0.0094953
-0.0040942
6.3e-5
-0.0094947
0.0050761
0.0083254
0.0096705
-0.0040346
-0.0003101
0.003751
0.0044098
-0.0038304
-0.0006999
-0.0019247
-0.002628
-0.0028203
0.0049722
-0.0014975
0.0091809
0.0039667
0.0032023
0.0048904
-0.0059889
-0.0061832
0.0020371
-0.0011049
0.0085306
-0.0022818
0.0094026
-0.0020039
0.0002367
-0.0027031
-0.0042517
-6.2e-6
0.0083705
-0.0025731
0.0084373
-0.0045542
-0.0099452
0.0025302
0.0021401
-0.0015265
0.0018677
-0.0067433
0.0059149
-0.0084523
0.0067481
-0.001343
-0.0007019
0.0084154
0.0046083
0.0078103
0.000866
0.0068969
0.0002811
-0.0063774
-0.0099922
-0.009498
0.0075662
0.0074734
-0.0069605
-0.0046142
-0.003558
-0.003781
0.009522
0.0073513
-0.0040178
0.007527
0.0004712
0.0089724
0.0053753
-0.0066766
-0.0075075
-0.0049023
-0.0071212
0.0055735
-0.007989
0.0099438
-0.0039341
0.0042562
0.0038399
0.0035148
0.007681
0.001188
0.0060912
0.0085834
0.0029852
-0.0020719
-0.0035073
-0.0049169
0.0077553
-0.0043597
-0.0045879
0.0066436
0.0052366
-0.0040822
0.001766
0.0035544
0.000303
0.0024062
-0.0035674
-9.48e-5
-0.0004226
-0.000286
-0.0004668
