0.003119
0.001804
-0.0089409
-0.0015454
-0.0092595
0.0061231
-0.0078769
0.0077487
-0.0079876
0.0016689
-0.0043717
-0.0067497
0.003427
0.0018957
-0.0060219
-0.0060337
0.0011871
-0.0075852
0.00548
-0.0050425
0.0081623
-0.0081383
0.0022703
0.0078656
-0.0010957
0.0081279
-0.0035518
0.0095112
-0.0068093
-0.0028635
-0.0065069
0.0082378
-0.0096798
-0.0037107
0.0055696
-0.0063917
0.0031245
0.0091174
0.0091017
0.0062415
0.0058582
0.009624
-0.0082344
-0.0086262
0.0065115
0.0070008
-0.0019894
-0.005291
-0.0015984
-0.0067295
0.0046909
0.0030175
0.0087497
0.006702
0.0059861
0.0060959
-0.0010705
0.00739
0.0009101
0.009984
-0.0070151
0.0032297
-0.0082336
0.0045008
0.0064279
-0.0098305
0.0094436
-0.0019312
0.0096677
-0.0061192
0.0099744
-0.0026265
-0.001425
0.0037216
0.0089261
-0.0069662
-0.0089318
-0.0054633
-0.0029493
0.0088534
-0.0039778
0.0057316
-0.0005622
0.0041276
-0.0051837
0.0040972
0.0048316
-0.0064596
0.0050478
0.0007566
0.0050053
0.004201
0.0044452
0.004539
0.002835
0.0055265
0.0034562
0.0080311
0.0039749
0.0086927
-0.0048054
-0.0049571
-0.0070938
-0.0082267
-0.0057314
-0.0008515
0.0043669
-0.0017362
0.0042894
-0.0045551
-0.002648
0.0096454
0.0058269
0.0058634
-0.0017103
-0.0001769
0.0015046
0.0027001
0.0006708
-0.0052302
-0.0020006
-0.0080046
0.0084827
-0.0008114
0.0066711
-0.0032105
-0.004176
0.0076909
-0.0042159
-0.0015427
-0.0067955
0.0052228
0.0052294
0.0043816
-0.0068319
0.0089933
0.0002923
-0.0095349
0.000268
0.005743
0.0015987
0.0023134
-0.0030033
0.0072309
0.0084126
-0.0012197
-0.0097798
0.0001248
0.0057235
-0.0050045
-0.000633
0.0072241
-5.55e-5
0.0099583
0.0075844
0.0071472
-0.0096075
-0.0035501
0.0057556
-0.0060934
0.0067999
0.0043471
-0.0004652
0.0047379
-0.0026289
-0.0056969
-0.0092434
0.0001724
0.0049867
-0.0027919
-0.0091657
0.006124
0.0046545
0.0076119
0.0036085
0.0079533
-0.0097134
-0.0070425
0.007525
0.0050405
-0.0058104
-0.0032829
-0.0091435
0.0067053
0.0095577
-0.0064806
0.0041647
0.0053013
0.0073944
-0.0016402
-0.0014719
-0.0001723
0.0029982
0.008446
-0.0013387
0.0038641
-0.008414
-0.0024305
0.0005382
0.0076714
-0.0078203
0.0052128
0.0096108
0.0030606
0.0061658
0.0098838
0.0083202
0.0030091
0.0018157
-0.0023626
-0.0083105
0.0072244
-0.0015773
-0.0041672
0.006294
0.0015864
-0.0030063
0.0079186
0.0089985
0.0012656
-0.007243
0.0083902
0.0043314
0.0004552
-0.0064637
0.0029799
-0.0005136
0.0077604
-0.0001497
-1.37e-5
-0.0040781
0.004049
0.0026404
0.0090258
-0.0091946
-0.0081178
-0.004512
0.0023976
-0.0045175
-0.0006536
0.0068298
-0.0055923
-0.0022847
-0.0094717
-0.0062804
-0.0035804
-0.0016396
0.0043174
0.0007278
0.0014174
0.0086451
0.0022943
0.0046149
0.0037329
-0.0057226
0.0071797
-0.002358
-0.0040681
-0.0077558
0.0024546
-0.0072453
-0.0036109
0.0031109
-0.0055427
0.0096441
0.0084391
0.0068104
-0.002083
0.0065942
-0.0046854
-0.002688
0.0086277
0.0071972
-0.0037837
0.0042332
-0.0010307
0.0064495
-0.0095389
-0.0028027
0.0011955
0.0097842
-0.0066919
0.0016999
-0.0084679
-0.0021775
0.0052397
-0.0058982
-0.0051193
0.0051053
0.0059494
-0.0049804
0.000406
-6.01e-5
0.0093382
-0.0043945
-0.0055142
-0.0018122
-0.0053348
0.00126
0.0018056
-0.00054
-0.0089577
0.0067068
-0.0083305
0.0026608
-0.0037229
0.0012697
-0.0060852
-0.0020831
0.0001481
0.0037722
-0.0095466
-0.0074543
0.0020444
0.0041734
0.0007492
-0.0020143
0.0041296
0.0036268
0.0065293
0.0031898
0.0031278
0.0069238
0.0003886
-0.0057362
0.0069185
0.0077856
-0.0022117
0.0026185
0.0010605
0.0088455
-0.0042982
0.0081551
0.0069473
0.0090805
-0.0076486
0.0058527
0.0030318
-0.0079227
-0.0060003
-0.0047133
0.0074131
-0.0059712
-0.008028
-0.0053712
0.0062708
0.0050336
-0.0032275
0.0092349
-0.0097384
0.0027016
-0.0064355
0.0075144
0.0063662
0.0021089
0.0042943
0.0035055
0.0086422
-0.0065524
-0.0051193
-0.0022921
0.0007702
0.0025705
-0.0083551
0.000737
-0.0049958
-0.0004268
0.0076319
-0.008197
0.0063132
-0.0019502
0.0008937
0.0020256
0.0086319
0.0032358
0.0034524
-0.0098788
0.0045765
0.0002144
-0.0030306
-0.0014425
-0.0036251
0.005109
0.0011496
-0.0070559
-0.0042882
0.0017969
-0.0028782
-0.0039331
0.0045199
-0.0045996
-0.0043518
-0.0082768
0.0025909
0.0053755
0.0092532
0.0061029
0.0014055
0.0024564
-0.0013447
0.0046092
-0.0028435
0.0002978
-0.0020878
0.0007969
0.0063467
-0.0081157
-0.0072231
0.0073258
-0.0077041
0.0003414
0.0032457
-0.0031673
0.0099411
-0.0085573
-0.0097544
0.0044596
0.0069034
0.0001457
-0.0070542
-0.002787
-0.0082285
0.0056026
0.006988
-0.008463
0.0014487
-0.0029994
0.0094304
0.0053975
-0.0021077
-0.0089056
0.0042075
0.0046511
-0.0062327
0.0098052
0.0003687
0.0054032
0.0001023
-0.0070278
0.004245
-0.0068778
-0.0049276
0.0015481
0.0032681
-0.0021794
0.0095653
0.0023251
-0.0022045
-0.006461
-0.0052222
-0.0027767
0.0085258
-0.0013439
0.006025
0.0003906
-0.006692
0.0059663
-0.0051826
0.0027546
0.0025638
0.0056172
0.0046504
-0.0055084
0.0030742
0.0030083
0.0089604
-0.0074168
0.0073523
-0.0062119
-0.0009022
-0.0073496
0.0057353
-0.0099227
0.0014411
0.0098461
0.0098494
0.0032531
-0.0007159
0.0016087
-0.0049298
0.0080828
-0.0056292
0.0072715
-0.0068483
0.0017513
-0.0091143
-0.004198
0.007857
-0.0054324
-0.0065724
-0.0073125
0.0083169
-0.0053451
-2.24e-5
0.0043698
