-0.0026851
-0.0085453
0.0089587
0.0009989
-0.0016553
0.0050006
0.0017098
0.0051925
0.0012355
0.0077904
0.0027715
0.0045376
0.0048854
-0.0099593
-0.0083291
-0.0029275
-0.0092197
-0.0008981
0.0036142
-0.0072313
0.0022365
0.0012782
-0.0015154
-0.0001019
-0.0035514
0.0007836
-0.0030437
0.0012296
-0.0041274
0.0009769
0.0014378
-0.0044
-0.0014873
0.0054361
-0.0056777
-0.0051085
-0.0047784
0.0020665
0.0070477
0.007805
-0.0021443
0.0084471
0.0035549
-0.0066349
-0.0085497
-0.0011303
-0.0007841
-0.0084246
-0.0022193
0.0029152
0.0094288
-0.0002622
0.0052857
0.0007032
0.0089391
-0.0005823
0.0071645
-0.002994
-0.0016067
0.0096503
-0.0029288
0.0058784
0.0049194
-0.0011108
-0.0035823
0.0080951
-0.0014845
0.009494
0.0063393
0.0088477
-0.0097061
0.0081272
0.0032998
-0.0098309
-0.0062183
-0.0038427
0.0026348
0.0011125
0.0061924
-0.0063096
0.0071458
0.008108
0.002206
0.0080027
0.0031831
-0.0042749
-0.0096625
-0.0098871
0.0090007
0.0055432
0.0024778
0.0060824
-0.0096932
0.0077522
0.0083901
0.0034991
-0.0015995
0.0053634
0.0047222
0.0080064
-0.0062052
0.004552
0.0043624
0.0027936
-0.0016046
9.2e-5
-0.0075702
0.0090075
0.0047837
-0.0032662
-0.0014644
-0.0032745
0.0078241
0.0027232
0.0071021
0.0008142
0.0007415
-0.0006553
0.0055529
-0.0038732
-0.0030585
-0.0015328
0.0039411
-0.0051255
0.0093852
0.0002821
0.0045312
-0.0068862
0.0013736
-0.0054435
0.0089398
-9.4e-5
0.004508
-0.0079045
-0.0066609
-0.0068314
-0.0083447
-0.0014184
0.0006381
-0.0066092
0.0015275
-0.0023949
-0.0042859
-0.0072696
0.0086644
-0.0098127
-0.003507
-0.0071386
-0.0032242
-0.005389
-0.0086314
0.0055021
0.0010941
-0.0004642
-0.0020067
-0.0081999
-0.0018633
0.0001191
-0.0058659
-0.0032796
-0.0003305
-0.0037463
-0.0068776
0.0087886
-0.0024051
-0.002956
-0.0019593
-0.0033938
-0.0037108
-0.0060299
0.0099148
0.005238
-0.0045591
-0.0006214
-0.003522
-0.0045841
-0.0014057
-0.0030284
0.0063992
0.0068372
0.0017132
-0.0004182
0.0026582
-0.0091043
0.0089714
-0.0092378
-0.0053557
0.0090055
0.0061537
0.0098249
0.0049738
-0.0008497
-0.0071495
0.000558
0.0007773
0.0081374
-0.0095062
-0.0032502
-0.0029284
-0.0056808
-0.0007796
0.0026685
-0.001513
-0.0053804
-0.0043175
-0.0067993
0.0061024
-0.0080866
-0.0035776
0.0099573
-0.0044858
-0.0064229
0.006481
-0.0035403
-0.0015526
0.0017758
-0.0034128
0.0024049
0.0034475
-0.0010715
0.0092797
-0.0007517
-0.0099438
-0.0024011
-0.0049779
-0.0090325
0.0011333
-0.0038722
0.0021965
0.0034036
0.001539
0.0055076
-0.0072298
-0.0021467
0.0087651
0.0029922
-0.0015841
0.0008466
-0.0001675
0.0084642
0.0082568
-0.0074811
0.0079644
0.0012911
-0.0080485
0.001181
-0.0096603
-0.0045024
0.0031705
-0.0031784
0.0038133
-0.0033986
0.0031224
-0.0059271
-0.0059388
-0.0060352
-0.0037817
-0.0071092
0.0007447
-0.0097581
0.0076012
-0.0065727
0.0044788
0.0071581
-0.0073982
0.0065071
0.0097398
0.0094264
0.0026084
0.0097889
0.0042521
0.0048603
0.0033647
-0.0099604
-0.0066776
0.0018456
0.0085524
-0.0097871
0.0009793
-0.0083226
-0.0024227
-0.0084967
-0.0074697
0.0014372
-0.0039899
-0.0020432
0.0093502
-0.0073703
-0.0016517
0.0071416
0.0063353
0.0039388
-0.0055967
-0.0037947
0.0047137
-0.0016218
0.0044164
-0.0054259
-0.0080342
0.0095751
0.0045545
0.0058527
-0.0048404
0.0020712
-0.0079647
0.0032307
-0.0025472
0.007164
0.0076059
0.0018088
-0.0091585
0.005504
-0.0013844
-0.0014581
0.001471
-0.0046733
-0.0080973
0.0069139
0.0082784
0.0062157
-0.0006951
0.0039298
0.0038186
-0.0027643
0.0072798
-0.0040659
-0.0088267
-0.0082939
0.0048601
0.0093246
0.0030852
-0.008428
0.0014182
0.0036284
-0.0032906
0.005327
-0.0026118
-0.0092207
0.0015535
-0.0025654
0.0073889
0.0099931
0.0023662
-0.0077341
0.0069138
0.0096847
0.0095534
-0.0064346
-0.0084301
0.0085748
0.0061704
0.0032654
0.0007097
0.0038663
0.0099521
-0.0033603
0.0078608
0.0097821
0.0094075
-0.0017518
0.0010183
0.0094755
-0.0072753
-0.0037586
0.0012603
-0.0081206
-0.0060265
-0.0069904
-0.0058127
0.0095181
-0.0058209
-0.0060054
0.0067613
0.0059203
0.0073239
0.0045659
0.0017103
-0.0072746
0.000303
-0.0058965
0.0063954
0.0016199
-0.0034664
0.0048375
-0.0046705
-0.0099523
-0.0022143
0.0070181
-0.0086506
-0.0016291
-0.0032373
0.0005218
-0.0016911
0.0011686
-0.0060798
-0.0005896
-0.0072607
0.0053334
0.0066555
-0.005947
0.0061313
0.009374
0.0019812
0.0022537
0.002989
0.0078095
0.0083606
0.009191
0.0073212
-0.000918
0.0084519
0.0029526
0.0052897
-0.0037233
0.0014366
-0.0069849
-0.0066329
-0.009233
-0.0017389
0.0051044
0.004408
0.0009649
0.0087888
-0.002589
-0.0047277
0.0041763
-0.0003679
-0.0046213
-0.0092276
0.0048511
0.0087899
6.44e-5
0.0099987
0.0055549
-0.0054535
0.0003509
0.0054865
-0.0002218
-0.0022209
0.006464
0.0004975
-3.42e-5
0.0019268
-0.0019587
-0.0056829
-0.0066781
0.0060354
0.0043824
-0.0038245
-0.002718
-0.0079936
-0.0028865
-0.0071075
0.0054634
-0.0042113
0.0049817
-0.0099471
-0.0072026
-0.0085048
-0.0007995
-0.002179
-0.0056592
0.0023617
-5.62e-5
0.0035081
-0.0075882
-0.0099326
-0.0047744
-0.0072021
-0.0028503
-0.0078514
0.0021334
5.95e-5
-0.0010982
0.0082483
-0.0091607
0.0029506
-0.0099388
-0.0031247
-0.0049791
-0.0043877
-0.0092923
-0.0029088
0.0094408
-0.0069527
0.0018205
0.0056676
0.0003095
-0.0022133
-0.0041721
-0.0097231
-0.0079938
-0.0044661
0.0020673
0.0016599
