0.006548
0.0030539
-0.0016853
-0.0094726
-0.0004723
0.0010145
-0.0091433
-0.0016511
0.0051568
-0.0086115
0.0029495
-0.0062248
-0.0017862
0.0024316
-0.0038874
0.0040917
-0.0051326
-0.0078791
-0.0032181
0.0027287
-0.0005862
0.006757
-0.0064253
-0.0023459
-0.0036228
-0.0059757
0.0062877
-0.0020073
0.0055883
-0.0072398
-0.0064969
-0.0007386
0.0008724
-0.0027408
-0.0062199
0.0090801
-0.00482
0.0020054
-0.0073357
-0.0074845
0.0028178
-0.0074815
-0.0015686
-0.0088426
0.0097338
0.006463
0.0030698
0.006733
0.0071308
-0.007773
0.0010974
0.0077779
-0.0035947
-0.0006427
0.0044069
0.0099855
0.0054756
0.0095959
-0.0091349
-0.0065242
-0.0064548
0.0018076
-0.0051402
-0.0037713
0.0042878
0.0076271
-0.0091169
0.0030632
-0.0047511
0.0082147
-0.0022073
-0.0009033
0.0065442
0.0036787
0.0018856
0.0045509
-0.0014122
0.0066663
-0.0015579
0.0076971
0.001853
0.0025559
0.0050317
0.0010716
0.0005727
0.0031834
0.0088908
-0.005406
0.0057452
-0.0007643
-0.0094676
-0.0027319
0.0083331
-0.0059305
0.0043233
-0.0089805
-0.0017084
0.0053552
-0.0067362
0.003782
0.0001878
-0.0052882
0.0022655
-0.0049621
0.0064039
0.00402
0.0050327
-0.0086822
-0.0018985
-0.0077483
0.001861
-0.0031783
0.0066418
0.0009611
-0.0087944
-0.0070199
-0.0060442
-0.0007192
-0.0081234
-0.0078281
0.0030376
-0.0035846
-0.0038094
0.0090638
0.0061296
0.0098168
-0.0093049
0.0015849
-0.0061089
-0.0019227
-0.0089184
0.0080401
0.0092954
0.0002496
0.007633
0.0081596
0.0071255
0.0076537
-0.0008279
0.0027211
0.0041114
-0.0031934
0.0095086
-0.0078045
-0.0067844
0.0063863
-0.0031491
0.000277
-0.0075475
-0.0094192
0.0058872
0.0006244
-0.0021525
0.00679
0.0094722
-0.0030825
-0.0004215
0.0018474
-0.0009657
0.0062199
0.002107
-0.0069005
-0.007637
-0.0093521
-0.002015
0.0047731
0.0023042
-0.0035291
0.0030166
-0.0073664
-0.0094599
-0.0069494
0.0051092
-0.0027527
-0.0045137
-0.0052873
0.0038055
0.0090637
0.0073579
0.0054888
0.0014802
-0.0042237
0.0093398
-0.001289
0.005573
-0.003994
-0.0013135
-0.0081186
0.0044801
0.0031536
-0.0052269
-0.0047892
0.0064738
0.0070699
-0.0068041
-0.009866
0.0033463
-0.0099378
-0.0062465
-0.0003791
-0.0079971
-0.0056746
-0.0081553
0.0025575
0.0009745
-0.0060541
0.0032673
-0.0015005
-0.0065537
-0.0020651
0.0038454
0.007778
0.0049822
-0.0063491
-0.0095766
-0.0019467
-0.0092876
0.0098081
-0.0038246
-0.0059879
-0.0053164
-0.009238
-0.0078003
-0.0062444
-0.0049487
-0.004839
0.0097706
-0.0045563
0.0036979
0.0043132
0.0061816
0.0035488
0.0060718
0.000502
-0.0076672
-0.0069327
-0.0082957
0.0025888
-0.0022658
0.0088527
0.0089576
0.0032869
0.0042959
0.0053698
-0.0079511
0.0027086
-0.0028964
-0.0039688
-0.0046862
-0.0051704
-0.0011422
-0.0056681
0.0025749
0.000315
-0.0020599
0.0040634
0.00509
0.0080425
-0.0030477
-0.0015013
0.0025501
0.0009718
-0.0048999
0.0034823
0.0002679
-0.0067109
-0.0031579
-0.0030658
-0.0047215
0.0090329
-0.0050071
-0.0008122
0.0009815
0.002846
0.0036437
0.0001892
0.0054965
-0.003424
-0.0078445
-0.004197
-0.0088046
0.0023711
-0.0047257
-0.0095387
0.0007606
0.0049148
-0.0010877
0.0035663
0.0057519
0.0023643
0.0063993
-0.0040286
-0.0034985
0.0013068
-0.0091347
-0.0053299
-0.008087
0.0039318
0.0085769
0.0037243
-0.0059918
-0.007826
-0.0071522
0.0086628
-0.0042551
0.0042693
-0.0051878
0.0016358
-0.001954
0.005717
-0.0011782
0.0014566
0.0016928
-0.0044745
-0.0035473
-0.0002413
0.0030784
-0.0069255
0.0069012
-0.0095532
-0.0063664
0.001829
0.0058138
-0.000188
-0.0032808
-0.003462
0.0083888
-0.0022698
-0.0084701
-0.0065691
0.0013555
0.0058845
-0.0063813
-0.0031774
-0.0082477
0.0073478
0.0027488
0.0018662
-0.0033763
0.001666
-0.0069934
-0.0008751
0.0025281
-0.0096626
0.0097458
0.0051179
0.0047633
0.0009939
0.0050264
-0.0076872
0.0023199
0.002146
-0.0032587
0.0045403
0.0019891
-0.0057624
-0.0048033
0.0042655
0.0068493
0.0006021
-0.0040612
0.0052785
-0.0016803
0.0093496
-0.0040573
0.0078241
0.0075749
0.0010371
0.0058978
0.0043017
0.0076663
0.0005101
-0.0038881
-0.0010801
0.0067141
-0.0045548
0.0040301
-0.0022606
0.005109
0.0091705
-0.0080707
0.0029755
0.0079229
-0.0023807
6.83e-5
0.0024997
-0.001897
-0.0010141
-0.0029263
-0.0098157
0.001337
-0.0036683
0.0084483
-0.0058297
0.0077736
0.0093841
-0.0063102
0.0028882
-0.0001826
-0.0094834
0.0055753
-0.004887
-0.0066731
0.0022323
0.0070468
-0.0067182
-0.0019535
0.002044
-0.0064411
-0.0015532
-0.0063937
0.0054472
0.0096686
-0.0063406
-0.0040999
0.0036283
-0.0081681
0.006375
0.003922
-0.0070473
-0.0073887
0.0073359
0.002481
-0.0023663
0.0070339
0.0017496
-0.0012121
-0.0035716
-0.0047088
0.0059204
-0.0054156
-0.0063334
0.0076028
0.0054012
-0.0097793
0.0064681
0.0027448
0.0082965
0.0055098
-0.0051795
0.0069211
-0.0020778
-0.0073954
0.0079642
-0.0096468
0.006738
-0.0061137
-0.0019878
-0.0062191
-0.0063447
0.0069671
0.004019
-0.0034944
0.0053027
-0.0043835
0.0043157
0.003657
-0.006151
0.0099877
-0.0028099
-0.0033571
-0.0048684
-0.0098183
-0.0067296
-0.0066601
-0.0047419
0.0027252
-0.0034296
-0.0019933
0.000985
-0.001157
-0.001249
-0.0065473
-0.0006586
-0.0037249
-0.0029864
-0.0091454
0.0081013
0.0038452
-0.0067868
-0.0082691
-0.0031812
0.0087213
-0.0091715
-0.0085851
-0.0036854
-1.0e-7
-0.0037299
0.0077101
0.0041641
0.0075162
0.0072468
0.0099635
0.0013612
0.0091037
