-0.0011918
-0.003684
-0.006521
0.0053187
-0.0067436
-0.0071332
-0.0073937
0.0060708
0.0040328
0.0010823
0.0045525
-0.0053518
0.0057516
0.0018162
0.0055249
0.0053284
-0.0026819
-0.0045827
0.0052209
-0.0013701
-0.0030637
-0.006256
0.0018016
-0.0014177
-0.0071707
0.0089613
-0.0043281
-0.0081376
0.0038799
0.004398
-0.0088761
0.0059174
0.0006662
-0.0035969
-0.0011601
-0.0045126
0.0004476
-0.0021215
0.0037156
0.0054802
-0.0027516
0.0048401
0.0024801
0.0010202
0.0068771
-0.0070737
0.0032747
-0.0007124
0.0077916
-0.0050168
-0.0061402
-0.0021414
-0.0034007
0.0055976
-0.0031171
-0.0065138
-0.0021428
-0.0024776
-0.0092986
0.0021725
-0.0001079
-0.0062162
-0.0055477
-0.0059729
-0.0052449
-4.5e-6
0.0086196
-0.0097731
0.0025539
0.0020126
0.0073257
0.0026789
0.0042318
-0.0088103
-0.0018575
0.0075814
0.0011051
0.0040589
-0.0085103
0.0070577
-0.004872
-0.0071078
0.0032403
0.0011089
0.0073771
-0.0046723
0.0084888
-0.0095164
0.0025384
-0.0013827
0.003494
-0.0006226
0.001661
-0.0011658
0.0058113
0.0060284
0.0065787
0.0095445
0.0004998
-0.0056099
0.0043806
0.0076113
-0.0053073
-0.002895
-0.0052284
0.0019719
0.00266
-0.0025813
-0.0049483
-0.0004129
0.0051477
0.0052109
0.0099105
-0.0014586
-0.0086218
0.0096568
-0.0081582
-0.0033396
0.0051679
-0.0060074
0.0054375
-0.0018155
-0.0085528
0.0033077
0.0067226
0.0050151
-0.0007852
0.0040174
0.003297
0.0021342
0.0034378
0.0057906
0.0009268
0.0036805
-0.0021217
0.0038336
-0.0062976
-0.0038306
-0.0087708
-0.0003919
0.003726
-0.0017524
-0.0096021
0.0004142
-0.0056843
-0.0048504
0.0086064
-0.0097817
0.0044686
0.0097562
0.0032233
0.0055746
0.0069612
0.0062023
-0.0025492
-0.009353
0.0090635
-0.0020409
0.0069439
-0.0005074
0.0098875
-0.0088869
0.0044996
-0.000699
-0.0079381
-0.0022885
0.007682
-0.0085137
-0.0001612
-0.0067713
-0.0014421
0.0034545
-0.0050495
-0.0006774
-0.006797
0.0020873
-0.0023768
-0.0003362
0.0044187
-0.0036419
0.0073355
0.0040985
0.0061405
0.003037
-0.0053249
-0.0018751
0.0038805
-0.008901
-0.0059883
0.0081765
0.0032803
-0.0019526
0.0061972
-0.0019168
0.007693
-0.0097131
-0.0015177
-0.0009177
0.0074882
-0.0017109
0.0057233
0.0024783
0.0069322
-0.0037699
-0.004083
-0.005229
-0.0080908
-0.0083399
0.0024216
0.0028007
-0.0085431
0.0006971
-0.0022262
0.0006244
0.00198
-0.0035241
0.0082964
0.0043681
-0.0035583
0.0057483
-0.0061637
-0.0085109
0.0014767
-0.0085338
-0.0041024
-0.0027114
-0.001214
-0.008688
-0.00955
-0.0012689
0.006431
-0.0037498
-0.0041248
-0.0030292
0.0034378
0.0019072
-0.0064399
0.0084386
-0.0075875
-0.0072559
0.007057
0.0091519
-0.0023762
0.0036423
-0.006151
-0.0023571
0.0010962
0.0001816
-0.0081373
0.0025364
-0.0053131
0.0093916
0.0095049
-0.0082954
-0.0013308
-0.0010185
-0.0097238
-0.0008063
0.0033005
-0.0066361
-0.0037086
-0.0026604
-0.0010263
0.0030951
-0.0079007
0.0051068
0.0057934
-0.0034438
-0.0006636
0.0080511
-0.0049528
-0.0009164
-0.0042476
-0.0025626
-0.004578
0.0086294
0.0018966
-0.0020117
-0.0025884
-0.0044189
0.0006467
-0.0036719
0.0080207
0.0019503
0.0079364
-0.0016366
0.0076341
-0.004375
-0.0044289
0.0089653
-0.007987
0.0086015
0.0069968
0.0008402
0.0093074
-0.0028624
0.0030911
0.0065785
0.0002643
-0.0011323
0.0052909
0.0017764
0.0044976
-0.002173
0.0038549
0.007909
-0.0041899
0.0081229
0.0045053
0.0041568
-0.0080834
-0.007571
-0.0009106
-0.0079852
0.0041509
0.0019406
0.0075094
-0.0012097
-0.0090268
0.0064468
-0.0024602
0.0034146
-0.0061244
-0.0082784
0.0019766
-0.0028068
-0.0014467
-0.0091454
-0.0081531
-0.0095139
0.0083998
0.0017989
0.0020935
-0.007409
0.0097491
0.0023511
-0.0013682
-0.0007753
0.0094262
-0.0065725
0.0068216
0.0025768
0.0048243
-0.0048867
-0.0018329
0.0008088
-0.0086422
0.0006913
-0.0070132
-0.0037088
0.0017201
-0.0008901
0.0050832
0.0098819
-0.0022544
0.0014174
0.004312
0.0015663
0.0032404
-0.0069711
-0.0026487
0.0084891
0.0041111
-0.0065985
-0.0013075
0.0011423
-0.0097396
-0.0038554
-0.0011864
0.0043957
0.0033542
0.0046561
0.0095989
0.0096355
0.008944
0.0099726
-0.0051951
-0.0098271
-0.002374
0.0085249
-0.0088584
-0.003839
-0.0012736
0.0041162
-0.0061306
-4.82e-5
-0.0064651
-0.0058692
-0.0036451
0.0028964
9.93e-5
0.0078224
-0.0015038
-0.0003638
0.001344
0.0010054
0.0060525
-0.0031538
-0.0050869
0.0015289
-0.003077
-0.0018984
-0.0054684
0.0062333
0.0049572
-0.0082887
-0.0004457
0.0050856
0.0007937
-0.0083405
-0.0009489
-0.0028941
-0.0040615
0.0051006
0.0017232
-0.0062564
0.0093855
0.002633
-0.0007817
-0.0051525
0.0059031
0.0094419
0.0056836
-0.0071394
-0.0095846
-0.001914
-0.0006881
-0.0082311
0.0049096
0.006229
-0.0064553
0.0041211
-0.0038962
-0.0086647
-0.0088037
-0.0021484
-0.0073112
0.0042231
0.0065713
0.0018294
-0.0080911
0.0047384
-0.0078323
0.0052981
0.0065533
-0.0028532
0.0054097
-0.0025409
0.002456
-0.0047288
-0.0029031
-0.0097396
-0.005721
0.0088779
-0.0006714
-0.0011283
-0.0080928
-0.0038335
0.0098739
-0.0031858
0.0002041
-0.0006446
0.0026267
0.004369
-0.0025976
-0.0022585
-2.02e-5
-0.0083941
0.0063121
0.0094524
-0.0061116
0.0075239
0.0072535
0.0094874
0.0078631
0.00692
-0.0052226
0.0098259
0.0095399
-0.0047445
-0.0025378
0.0006602
0.001837
-0.0077043
0.0018118
0.0065125
0.0050331
0.0057763
-0.0012077
0.0006665
-0.0036935
-0.007079
-0.0055323
-3.6e-5
-0.0083561
