0.0028639
0.0081684
-0.0061618
0.0016043
-0.0065132
0.0049161
0.0056759
-0.0043401
-0.0079081
0.008658
-0.0082353
-0.0036528
0.0078031
-0.0055394
-0.00713
-0.0063641
-0.0027476
-0.0015424
-0.0036023
-0.0006348
0.0055247
-0.0067039
-0.0008393
0.0053861
-0.007784
-0.0051839
-0.0003074
0.0002838
-0.0012383
-0.0018542
-0.0085503
-0.0070228
0.0008777
-0.0087443
-0.0087808
0.0057394
-0.0026245
0.0018558
-0.0044388
0.0097353
-0.0036938
0.0028516
0.0020598
-0.003922
-0.0024766
0.0059012
-0.0072644
-0.0073208
-0.0039334
0.0064528
0.000671
-0.00069
0.0021803
0.0013921
0.0002934
0.0086721
0.0039
-0.0058873
-0.0072665
-0.0051152
-0.0028963
-0.0074233
0.0012754
-0.0022435
0.0069014
0.0048382
0.0075676
0.0024797
0.0057289
0.0063624
-0.0060139
0.0021525
0.0057651
0.00899
-0.0094093
-0.0044568
-0.0080225
0.0002309
-0.0061594
-0.0055962
-0.0011429
-0.0060778
-0.001432
0.000125
0.00134
0.003652
-0.0013049
-0.0083259
0.0049596
-0.00332
0.0010822
0.0084244
-0.0096298
-0.0050495
-0.0079274
-0.0043771
-0.0097158
0.0003538
0.0065177
-0.0040023
-0.0004315
-0.004775
-0.0059373
-0.0011349
-0.0080996
-0.0002104
0.0074486
0.0074016
0.0063964
0.0094596
0.0032401
0.003832
-0.0045258
0.0040455
0.0088775
0.0066339
-0.0080363
-0.0086694
9.72e-5
0.0013402
-0.0007927
-0.0032063
-0.0077114
-0.0050441
0.0070537
0.004924
0.0097778
-0.006412
0.0069149
0.0024306
0.009988
-0.0075521
0.0085196
0.006859
0.0010298
0.0097133
-0.0094324
-0.0069601
-0.0039777
0.0002704
-0.0059498
-0.0026254
-0.0024638
-0.0056457
0.0003742
0.0090635
-0.0053452
0.0076758
0.0083727
0.0073602
-2.16e-5
-0.0005942
0.0092344
-0.0065645
0.0040919
-0.0027502
-0.0056754
0.0097343
-0.0001345
-0.0031533
-0.0077492
-0.0025628
-0.0014046
0.0006967
-0.0041333
-0.00948
-0.0093261
-0.0099086
-0.0043909
-0.0065324
-0.0054094
0.0021003
0.0058239
-0.0004374
0.0011947
0.00585
-0.0093216
-0.0091958
-0.0061404
0.0050079
0.0084517
0.0097326
0.0087348
-0.0071336
0.0058572
-0.0027157
-0.0059132
-0.001774
-0.0018927
-0.0066139
0.0094699
-0.0003791
-0.0008885
0.0037405
-0.004003
-0.0035197
0.0088252
-0.0070517
-0.0078179
-0.0029822
-0.008462
-0.0069434
-0.0024332
-0.0022107
-0.0047262
-0.0056604
-0.0048473
0.0011235
-0.0047191
-0.007067
-0.0056572
0.0008091
0.0026175
-0.009726
-0.0078469
-0.0009531
0.0057078
0.0023154
-0.0008247
-0.0004823
0.008385
-0.0097341
-0.002655
-0.002414
-0.005735
-0.0039569
-0.004806
0.0035634
-0.002201
-0.0033579
6.38e-5
0.0096208
-0.0012043
0.0050738
-0.0037406
-0.0014675
-0.0075861
0.0078522
0.0088957
0.0022726
0.0018387
0.0022703
0.0022127
0.0083757
0.0077815
-0.0041685
-0.0087632
-0.001601
-0.005497
0.009946
-0.0079497
-0.0077541
-0.002281
0.0018106
-0.0078317
0.0020596
-0.003968
0.009596
-0.0036407
0.0014469
-0.0015007
0.0045225
-0.0008654
0.0062448
-0.0092348
-0.0019537
0.0088022
0.0015455
-0.0010312
-0.0040583
0.0095889
0.0065276
0.00906
-0.001613
0.0078302
-0.005962
-0.0022279
-0.0038019
-0.0023638
1.43e-5
-0.0017729
0.0050376
-0.0021368
0.005827
-0.0068055
-0.0098618
0.0024188
-0.0030429
-0.0081924
-0.0079613
-0.0033236
-0.0096437
0.0076767
-0.0018265
0.003738
-0.0024228
-0.0015196
0.0093478
-0.0025928
0.0010492
-0.0068282
-0.000134
0.0041627
0.0007165
-0.0084452
-0.0040394
0.0076
0.0011067
0.0085052
-0.0097204
-0.0027594
0.0066745
-0.0037472
0.0087484
-0.0031636
-0.0053651
0.0017665
-0.0008436
0.0011806
0.0003313
0.0077058
0.0069946
-0.0004885
0.0059229
0.0006278
-0.0070234
-0.0018667
-0.0025711
0.0041968
-0.0088448
0.0080053
-0.0007129
-0.0064715
-0.0094503
0.0054647
-0.004262
0.0048132
0.0005919
0.0007847
-0.0099764
0.005387
-0.0041367
-0.0018154
0.0059968
-0.0024441
-0.0025464
0.0013712
0.0038124
8.13e-5
-0.0083469
0.0049922
-0.0034736
-0.0033043
0.0003771
-0.0046678
-0.0029597
0.0038092
-0.0055726
0.006357
0.0008078
-0.0056762
-0.0058194
0.0026884
0.0081957
0.0081349
-0.0092586
-0.0046945
0.0008753
-0.0020723
0.001302
-0.0004468
0.0054905
0.0041746
-0.0072226
-0.0037121
-0.0043172
-0.0057519
-0.0074133
0.0050237
0.0064161
0.0049675
-0.0025224
0.0035556
0.0066375
0.0015404
0.0069701
-0.0076485
0.0076617
0.0020184
-0.0031362
0.0087732
0.0024178
0.0073083
-0.0021819
-0.0084288
-0.001786
-0.0086203
-0.0076365
-0.0096136
0.0042352
-0.0076764
-0.0067226
0.0053108
0.0016742
0.0078112
0.0008696
-0.008028
0.0014145
-0.0010143
-0.0071368
-0.0049199
0.0048139
-0.0011591
0.0050266
0.0014392
-0.0022077
-0.0063225
-0.0001252
-0.005135
-0.0008546
0.003202
-0.0030323
0.0041143
0.0007853
-0.0088886
-0.0049397
0.0027115
0.0017185
-0.003053
-0.0088407
-0.008763
-0.0066002
0.00304
-0.0005862
0.0037626
0.0021331
0.0089935
-0.001173
0.0048981
-0.0093317
-0.0058414
0.0043939
0.0021995
0.0063627
-0.0017474
-0.0010441
-0.0030025
0.000178
-0.0098819
0.0044723
0.0096476
-0.0008032
-0.0089639
-0.0044743
0.0022325
0.0048709
-0.0083136
0.0072398
0.0090523
0.0065996
0.0080212
-0.0014991
0.0067471
0.000358
-0.009757
-0.0035745
-0.0034058
0.0002976
0.0011705
-0.0098945
-0.0006387
0.0023289
0.0067159
-0.0041412
0.0041889
-0.0001402
-0.0057014
-0.0012818
-0.0016129
-0.0073987
-0.0018724
-0.0033962
0.0073433
-0.004982
-0.0095423
0.0094315
0.0066648
-0.0065996
-0.0022006
0.0088662
0.0035969
-0.0077603
-0.0008739
-0.008529
0.0058573
