0.0056038
-0.0065242
0.0088334
-0.0030812
0.0093001
-0.0001225
0.0066126
0.0044836
-0.009179
0.0074362
-0.0071201
0.0016755
-0.0069944
-0.0008662
-0.005292
-0.0010792
0.0073965
0.0019549
0.0028982
-0.0005121
-0.0064357
0.0026615
0.001333
-0.0009156
0.0079735
-0.0053543
0.0098625
0.0083326
0.0081665
-0.0044499
0.0011869
0.0031583
-0.0092336
-7.02e-5
-0.0080409
0.0031808
-0.0038519
-0.0063547
0.001666
-0.0052093
0.001058
0.0074466
-0.0048578
-0.0039795
-0.0046117
-0.0002607
0.003771
0.0058348
0.001687
0.001526
0.0070492
0.0025875
0.0049523
0.0083053
4.14e-5
-0.0074839
0.0083345
-0.0053416
0.006982
0.0003918
0.0009518
0.0081105
-0.0044996
-0.002858
-0.0075101
-0.0006156
0.0083693
-0.0083103
-0.0082487
-0.0031152
0.0066152
0.0012122
0.0091072
-0.0031783
-0.0094791
-0.0093406
0.0083195
0.007497
0.0088948
0.0076182
-0.0057612
-0.0064183
0.0073205
0.0005578
-0.0023601
-0.005235
-0.0018941
-0.001852
-0.0092186
-0.0087959
0.0038361
-0.0023582
0.0044623
0.0067757
-0.0010633
0.0037156
-0.0083465
0.008358
-0.001219
-0.0058713
-0.0050269
-0.004948
0.0079677
-0.0094191
0.0075423
-0.0096609
0.0050025
-0.0006098
-0.0028603
0.0086652
0.0024595
-0.0036242
0.0064497
0.0068012
0.0017139
0.0014175
0.0050726
0.0008433
0.0030722
0.0019696
-0.0081427
-0.0063652
-0.0012861
0.0065886
0.0021241
0.0043793
-0.0070302
-0.0080584
0.0011755
0.00767
-0.007842
0.0031173
-0.004869
0.0088623
-0.0084443
-0.0042599
-0.005034
-0.003022
0.0018338
0.0082269
-0.0011906
0.0081435
-0.0037555
0.0060472
0.004235
-0.0060313
-0.001081
-0.0017646
0.0021167
-0.0007555
-0.0030022
0.0065414
0.0017015
0.0085605
0.0055553
-0.001738
0.0088726
-0.0053107
-0.0030167
-0.0023376
0.001334
-0.0002671
0.007016
0.0018324
-0.0047083
-0.0071936
-0.0085595
0.008686
-0.0034088
-0.0028042
0.0013562
0.0030152
0.0051618
0.0035755
0.0098644
0.0082758
-0.0028099
-0.0097385
0.005183
0.0075197
-0.0097008
-0.0080123
-0.0082102
-0.0011338
-0.0057969
0.000334
0.0077109
0.0047188
0.0054907
-0.0033899
0.0031613
-0.0028483
0.009506
-0.0061699
0.0043438
-0.0024574
-0.0040367
0.007087
-0.0074322
-0.0002716
-0.0075317
-0.0004528
-0.001747
0.0055077
0.0082235
0.0012546
0.0098102
-0.0065346
0.0019955
-0.0050019
-0.0025822
0.0073371
0.0040312
-0.0094481
-0.0046101
-0.0014641
-0.0017353
-0.0051485
0.0085837
0.0081923
0.0079423
0.0003683
0.0083127
-0.007079
-0.0087335
0.0038284
-0.0009488
-0.0096936
0.0064249
-0.001463
0.0054341
0.0061994
-0.0009093
0.0058332
0.0089072
-3.66e-5
-0.0088696
-0.0052812
0.0011664
-0.0037068
-0.0030015
0.0058748
0.0027492
0.002809
-0.0017062
-0.0094793
-0.0072646
-0.0056105
0.0004544
0.0003394
-0.0008312
0.0008372
0.0087539
-0.0031683
-0.0004202
0.0052324
0.0079606
0.0072437
0.0041595
0.0012537
0.0032476
-0.0061718
-0.0045319
0.0014916
-0.0069411
0.0026137
0.0094076
-0.0071225
0.0065481
6.45e-5
0.0010067
-0.0038043
2.4e-6
-0.0056603
0.0095862
0.007447
0.0038112
0.0030254
-0.0004053
0.0084071
-0.0003907
-0.0093605
-0.0098078
-0.0051286
0.006934
0.005449
0.0011697
-0.0078468
0.0053458
-0.003442
0.0074046
-0.0074732
0.0086506
-0.0003856
0.0073847
-0.0098461
-0.0023493
-0.001632
0.0017937
0.0095693
-0.0009305
0.0055705
-0.0069181
0.0044201
0.0011651
0.0017971
0.0095824
0.0036018
-0.0005819
0.0082829
0.0006713
0.0084589
0.0074714
0.0054256
-0.0025279
-0.0023318
-0.0048813
0.0077921
-0.0010617
-0.0068665
-0.0044964
-0.0039833
0.0002248
0.0063182
-0.0026506
0.0063964
-0.0033584
-0.0049625
-0.0081377
0.0041855
-0.0072851
0.0039034
0.0048602
0.0067553
-0.0059062
0.0029485
0.0021713
0.0018183
-0.0087677
0.0094592
-0.0025514
0.0090768
0.0039747
0.0033551
-0.008721
-0.0064916
-0.0058428
0.0096535
0.0048039
0.00704
0.0096571
-0.0093242
-0.0007626
-0.0016051
0.0066047
0.0065327
0.0083506
0.0068937
0.0093462
-0.0076728
-0.0010666
0.0034774
-0.0079178
-0.0053239
0.004181
-0.0041007
-0.0034902
-0.0005862
0.0023278
0.0042229
0.0013341
-0.0060548
0.0069607
0.0039948
-0.0092583
-0.0078276
-0.0012833
-0.0023311
0.00114
0.0063957
-0.0055579
0.002267
0.0038803
-0.0053729
-0.0064375
-0.0086526
0.0081615
3.53e-5
0.0071482
0.0072774
0.003757
-0.0042863
-0.0050246
0.0001964
0.0002625
0.0009124
-0.003735
0.0060485
0.0087172
-0.0084385
0.0098507
0.0004359
-0.0083202
0.0029893
-0.0056239
-0.0060999
0.0078492
-0.0063823
-0.0092226
0.0061838
-0.0078844
0.0057182
0.0074339
0.0034457
0.0050063
0.0075211
0.0046345
-0.0072679
-0.0070885
-0.0059764
0.0001666
0.009682
-0.0081528
0.0055642
-0.0040406
0.0044034
-0.0082376
-0.0043499
0.0057607
0.0095217
-0.0001039
-0.0039574
-0.002666
0.009235
0.0080343
0.0008745
-0.007404
0.0090696
-0.0056674
0.0060669
0.00827
-0.0044256
-0.0023049
-0.0040466
-0.0028723
0.0019219
0.0029871
0.006513
-0.009947
0.0038394
-0.0074327
-0.009056
-0.0066129
0.0016247
0.0086599
0.0018847
-0.0094143
-0.0007923
0.0022505
-0.0032412
-0.0038125
-0.0066287
0.0089917
0.0084528
0.0074104
0.0021034
0.0082799
0.0044534
-0.0025218
-0.009379
-0.0048263
-0.000147
-0.006664
-0.008207
-0.0062728
0.0094999
0.0076642
0.0007265
0.0083245
0.0060216
-0.0043777
0.0064071
0.0016154
-0.0048053
0.0036087
-0.0096755
-0.0098604
-0.0019021
-0.0023565
-0.0013921
-0.0027113
0.0013033
-0.0033851
0.0022487
0.0048652
