0.0023709
0.0048328
0.0099223
0.0096874
0.0078237
-0.0076178
0.0044959
-0.0099021
-0.0089467
0.000444
-0.002791
0.0037728
0.0038657
-0.0068223
-0.0091868
0.0010715
0.0042196
0.0072505
0.0015018
-0.0085984
0.00801
0.0029538
-0.0042941
-0.0043433
-0.0086541
0.0062975
0.0045129
-0.0049014
0.0064183
0.0092605
-0.0080493
0.0082062
-0.0031097
-0.0046165
-0.0008609
0.0030182
-0.0034849
0.0033244
0.0028055
0.0033211
0.0075659
-0.0020985
-0.0005991
0.0013105
0.0039312
0.0067279
-0.0019279
-0.0067621
0.009666
0.0019882
-0.0095042
0.0097735
-0.0045912
0.0090214
0.001585
0.0035771
-0.0086931
-0.0067536
-0.0066893
0.00013
-0.0049716
0.0043633
-0.0068623
0.0073098
0.0074336
0.0053607
0.0055009
0.0008081
0.0020538
-0.0028737
0.0017975
-0.0039109
-0.0030136
0.0043064
0.0059291
0.0004104
0.0025725
-0.0069418
0.0029508
0.0098185
0.009938
-0.0060901
-0.0047847
-0.0031944
0.0066606
-0.008471
-0.0021876
-0.0063938
-0.0030682
0.0025054
-6.33e-5
-0.0008354
0.0027666
0.0006368
0.0056227
-0.0062129
0.005268
0.0081129
-0.0005132
-0.0073834
0.0095406
-0.0017104
0.0007009
-0.0027256
-0.0066102
-0.0052295
0.0065248
0.0015422
-0.0058955
-0.0051256
-0.0002331
-0.0075012
0.0037638
0.0092495
0.003636
-0.004659
0.0087623
0.0035312
-0.0064772
-0.0020911
0.0090453
0.0086882
-0.0033857
0.0076714
-0.0077585
0.0022365
0.0043128
0.0093099
0.0069337
-0.0019137
0.0003817
-0.0007547
-0.0013402
-0.0075345
-0.0078354
0.0020151
-0.0084971
0.0022004
0.0096624
0.0098514
0.0097304
0.0090667
-0.0073201
-0.0090572
0.0076131
-0.0074184
-0.0067107
-0.0056348
-0.0094189
-0.0020366
-0.0028394
0.0013037
-0.0054399
-0.0084093
-0.0059561
0.0063949
-0.0041694
0.0053032
-0.0036365
0.002113
-0.009287
0.0046714
0.0096917
-0.0045219
-0.0004995
-0.0078668
0.0032667
0.003945
-0.0095241
0.0096262
-0.0085477
0.0025052
0.0083421
0.0018993
-0.0057815
0.0092303
-0.0047455
0.008396
0.009317
-0.0059522
-0.0035416
-0.0039486
-0.0079229
0.0031947
-0.007947
0.0046405
-0.0008527
0.0005674
0.002557
-0.0003476
0.0073455
0.003374
0.004842
-0.0033076
0.0096029
-0.0036908
-0.0044802
-0.0087884
-0.0053513
-0.0080645
-0.0047261
-0.0091801
0.0022817
0.0015154
-0.0015229
-0.0039667
-0.0018438
-0.0004572
-0.0016658
0.0067701
-0.0086304
0.0033105
-0.0015444
-0.0037184
0.0049353
0.0055181
0.0065958
0.0054062
-0.0024289
-0.0011647
0.0072604
0.002159
0.0053769
-0.0092318
0.0037901
0.0073196
0.0021298
0.0085711
0.0005156
-0.0027567
0.00321
0.0095233
0.0032272
0.0002038
-0.0089061
-0.0020201
0.0072956
0.0054221
-0.0025579
0.0088553
0.0044861
-0.0032583
-0.0004486
0.0074133
-0.0098838
0.0073713
-0.0048609
-0.0056154
-0.0056641
-0.0078169
-0.008657
0.000466
0.0029462
-0.002309
-0.0070961
0.0073827
0.0076135
0.0091855
0.0079147
0.0097899
-0.0055899
-0.0037407
-0.0026382
0.0014983
0.0039119
0.0002433
-0.0033602
0.0031534
0.0063114
-0.0034052
0.0089986
0.0037701
0.0049126
0.0032707
0.0034888
0.0002738
0.00036
0.0047652
-0.0027768
-0.0024529
0.0008234
0.0050657
-0.0020486
-0.0006982
-0.002904
0.0003582
-0.0051178
0.0030758
0.0065847
-0.0059472
-0.0086745
0.0098701
-0.0027681
0.0054601
0.0020349
-0.0097371
-0.006968
-0.0062039
0.0041297
0.0023652
0.0006598
0.0032539
0.0032579
-0.0067323
0.0011802
0.005936
-0.0070533
0.0075564
-0.009604
0.0088514
-0.0001258
0.0030642
0.0098226
-0.0009545
0.0045074
-0.0098254
-0.0087385
-7.61e-5
-0.0053523
0.001173
-0.0027565
0.0017859
-0.0063785
-0.003947
0.0077334
-0.0001058
0.0031088
0.0082763
-0.0078615
0.0025669
0.0064015
0.0079988
0.0008592
0.0096965
-0.007599
-0.0083513
0.0052988
-0.0062387
0.0052539
-0.0084682
-0.0072676
0.0070536
-0.0084104
0.006815
-0.0006693
-0.0043907
-0.005114
-0.0003539
0.0082328
0.0036699
-0.0033958
0.0029169
0.001774
-0.0010776
-0.0070484
0.002096
-0.0064021
-0.0011596
-0.0062027
-0.0089348
-0.0002395
-0.0097883
-0.0083271
-0.0038967
0.002478
0.0092706
0.0043766
-0.0036516
0.0072509
0.0010718
-0.0075263
-0.0033015
-0.0030345
0.007038
0.0029893
0.0094637
-0.0049805
-0.0078178
-0.007797
-0.0016306
0.0052475
-0.0048043
-0.009526
-0.0096953
-0.0058261
-0.0031983
-0.0064123
0.0089438
0.0057857
-0.0003948
0.0031715
-0.0087923
0.0040065
0.004945
-0.0095321
-0.0021573
-0.0061831
-0.0026125
0.0097153
0.0065838
-0.0099753
-0.0045751
-0.0025173
-0.0052154
0.0066233
-3.48e-5
-0.0061067
0.0082769
-0.0097848
0.0095093
0.0076409
-0.0054666
0.0081481
-0.0051729
0.0069721
0.0094472
0.0015128
0.001522
-0.0075187
-0.0041083
-0.0045393
-0.0042192
-0.007065
0.0082023
-0.0011521
-0.0036013
0.007569
-0.0026037
-0.0023558
0.0036063
-0.0060679
-0.0009181
0.0080467
-0.0059862
0.0066358
0.0089698
0.0083844
0.0001871
-0.0024789
-0.0062938
-0.0064028
-0.0084295
0.0075742
0.0058604
-0.0046956
0.0035736
0.0063974
0.0063108
-0.0032992
0.0030536
0.0096879
-0.0066928
0.0044827
0.0048307
0.0009061
0.0089731
0.00786
0.0033984
0.001025
0.0033356
0.0010757
0.0001241
0.0036237
-0.0004581
0.008538
-0.0056627
0.0037173
7.21e-5
0.004122
-0.0062178
-0.007913
0.0008259
-0.0044679
0.007893
0.0060502
-0.0089476
-0.0077502
0.0003179
0.0067437
-0.008557
-0.0074477
-0.0098417
0.0005498
0.0063618
-0.0094766
-0.0083769
-0.0033319
0.0023805
0.001866
0.0026427
0.0005352
-0.0002203
-0.0089474
-0.0038659
-0.0014976
