-0.0009142
0.0075134
0.0020024
-0.0058332
-0.0099603
-0.0081236
-0.0067929
0.0006633
-0.0044228
-0.0021961
-0.0005672
-0.0032745
-0.008521
0.0016567
0.006895
0.0022558
-0.0014102
0.0084521
0.0067986
-0.006716
0.0019629
0.0098121
0.0028817
-0.0025514
-0.0048584
0.0066851
0.0048745
-0.0032558
-0.0082809
-0.0096661
0.0047642
0.006651
0.0068028
-0.0073267
-0.0076653
0.009031
0.000363
-0.0069978
-0.0058024
-0.0021572
0.0085392
-0.0014092
-0.0022907
-0.0041379
0.0056076
-0.0029152
0.0085815
0.0029213
-0.0062513
0.0030422
0.0084965
-0.0088027
0.0077975
-0.0055236
-0.0012199
0.0094105
0.0035228
0.0051812
-0.0016844
0.0025405
-0.0076089
-0.0009197
0.0097465
0.003319
-0.0069067
-0.0003143
-0.000434
0.0062307
-0.0014289
0.004082
-0.0007846
0.003624
-0.0004182
-0.009587
0.0099528
0.0078491
-0.0086905
0.0017207
0.0046159
-0.0056616
-0.0094935
-0.0056241
0.0010034
0.0059905
-0.0085007
0.006141
0.0061487
-0.0067162
0.000682
-0.004262
-0.0027125
-0.0088144
0.0028485
-0.0039676
0.0006188
-0.0020164
-0.0069998
-0.0014245
-0.0022537
0.0086212
-0.0024307
-0.0073905
-0.0036362
0.0009418
-0.006735
-0.0096438
0.0019124
-0.0046807
0.0039227
-0.0074225
-0.0035449
0.0096489
0.0080342
0.0072131
0.0036689
-0.0043991
-0.005085
0.0010623
-0.0081357
-0.0006809
0.0080818
-0.0039036
0.0049933
-0.0012036
-0.0069654
0.0082076
-0.0096746
0.0018369
-0.0025802
-0.001306
0.0017429
0.0004988
0.0039072
-0.0022925
-0.0029847
0.0003573
0.0034434
0.0085852
0.0059549
0.0086305
0.0042484
-0.0035094
-0.0066753
0.0028173
-9.72e-5
0.0085428
-0.0012411
-0.0078062
0.002937
0.0004009
-0.0048621
0.0068577
0.0010711
-0.0097808
-0.0073603
-0.0014181
0.0061277
-0.0041583
0.0033915
0.001132
-0.0021113
-0.0029612
0.0019637
0.0080462
-0.000946
0.0010507
-0.0026694
-0.0041445
-0.0058362
0.0060954
0.0033317
-0.0066166
0.0071839
0.0088229
0.001703
0.0037004
-0.0044743
-0.0080571
-0.0095348
0.0036595
-0.0040247
0.0029406
0.0038223
-0.005666
0.006412
0.0082816
-0.008526
0.0099494
0.0065274
-0.0082157
-0.0004076
0.0067474
-0.0081754
0.0082439
0.0087405
-0.0070089
0.0088126
-0.002025
0.0073627
0.0094462
0.0004876
-0.0080874
-0.0012622
0.0058889
-0.0081651
-0.0027251
0.0098297
-0.0037295
-0.0055309
0.0039526
0.0070184
-0.0091722
0.0057074
0.005621
0.0058521
0.0071064
-0.0035892
-0.0005153
0.0039209
-0.0093499
0.0061157
-0.0096402
-0.0069711
-0.0028625
0.003927
-0.0058224
0.0005661
0.0025655
-0.0081119
-0.0047398
-0.0054928
0.0061953
-0.0073676
-0.0025619
-0.0094588
0.0005554
0.0086241
-9.75e-5
-0.0069715
0.0043377
-0.0035653
-0.0010241
-0.0066079
0.0090278
-0.0085728
-0.0086878
-0.0041812
-0.0005516
-0.008423
-0.0023762
0.0097405
0.0056499
-0.0061007
-0.0009156
-0.0034481
5.94e-5
-0.0090445
0.0042243
0.0048216
-0.0060865
0.0072358
-0.001031
0.0013329
-0.0077662
0.0038836
-0.004253
-0.0079697
0.0023188
-0.0063776
0.0072429
0.0024409
0.0032059
-0.0001793
0.0040887
0.0077274
-0.0012422
0.000224
-0.0005232
0.0055064
-0.0030406
-0.0073896
-0.0021362
0.0088424
-7.48e-5
0.0068876
0.001794
-0.0041633
0.0049446
-0.0053442
-0.0049585
-0.0069687
-0.0099704
-0.000965
-0.0085335
0.0066753
-0.0036276
-0.0073082
-0.0016393
0.0021873
0.0052897
0.0001822
0.0096905
0.0005202
-0.0090627
0.0046834
-0.009915
-0.0005478
0.0036801
-0.0087075
0.0050285
-0.0061132
-0.0022531
-0.009898
-0.001254
-0.0003323
-0.0077048
0.0081677
-0.0012411
0.0058255
-0.0099194
0.0019249
0.0072005
0.0007129
0.0011859
0.0071069
0.0017507
-0.0007929
-0.0031715
-0.005481
-0.0016636
0.0007237
0.0016972
0.0064161
0.0026269
0.0091059
0.0022533
-0.0039019
0.0066601
0.0006998
-0.0079437
-0.0099056
-0.0028887
-0.002413
-0.0008069
0.0013663
0.0090046
-0.0088164
0.0047693
0.0015046
-0.0042456
0.0049175
0.0005932
-0.0053265
-0.0083245
-0.0058445
-0.0022257
0.0067064
-0.001684
0.00813
0.0015851
-0.0069963
-0.0031839
-0.0038181
-0.0036656
-0.0041531
-0.0070015
0.0097037
-0.0036433
-0.0081202
-0.0051339
0.0096634
0.0036277
0.0043816
-0.0097627
-0.0051629
-0.009898
0.0064731
0.0099239
0.00273
0.0026777
-0.006861
0.0051379
0.0044487
-0.0087713
0.0038785
-0.0047782
-0.0074159
-0.0066187
0.0063915
0.0039956
0.0030016
-0.0008954
-0.0054418
-0.0052009
-0.0061391
0.0039813
0.0008142
0.0004778
0.0040588
0.0085911
0.0056859
0.0013959
-0.0002868
0.0074889
-0.0003865
0.0056914
0.009453
0.0050211
-0.0055223
0.0016847
-0.009019
-0.000321
-0.0038255
0.0049587
-0.00334
0.0055348
-0.0074867
-7.51e-5
-0.0025315
-0.0001987
0.0092991
-0.0077188
-0.0001991
0.0087371
0.0086562
-0.0037103
0.0064762
0.0053009
-0.0069867
0.0032621
0.0052679
0.0067642
-0.0046728
0.0032432
0.0078493
-0.005664
-0.0069972
-0.0061501
0.0055316
0.0035806
0.0023925
0.008251
-0.0009631
-0.0023432
0.0040329
0.0004379
-0.0026576
0.0077847
0.0027039
0.0035176
0.0084419
0.0005605
-4.9e-5
0.0088277
0.0069493
-0.0030149
0.0082347
-0.0065888
0.0062889
0.0054932
-0.0085802
-0.000518
-0.0068994
0.009803
0.0048111
0.0094938
-0.0035153
-0.0016946
0.0084235
-0.0020685
0.0067432
0.0060695
-0.0056463
-0.0017955
0.0072652
-0.0033093
0.0008346
0.0021007
0.0091741
-0.0081452
0.0010067
0.0048247
-0.0016138
0.0088599
0.0044238
0.0030721
-0.0067373
-0.0097868
0.0067302
-0.0065378
-0.0035824
-0.001987
0.0091598
0.0055198
-0.0069137
