0.0040413
-0.0069847
-0.0004049
-2.31e-5
0.0009396
-0.0034176
-0.0040615
0.0079867
0.0029726
0.008351
-0.0070062
-0.0001426
-0.0097406
-0.009571
0.0034383
-0.0069144
-0.0047846
-0.002701
-0.0029651
-0.0068266
-0.0072502
-0.0090705
0.0080148
-0.006017
-0.0018678
-0.0041247
-0.0004934
0.0002723
-0.0015228
0.0015699
0.0078827
0.0023983
0.0052
0.0087451
0.0064665
0.0077935
-0.0064935
0.0046362
0.0074746
0.0077181
0.0082536
0.0047117
-0.0028628
0.0086256
-0.0073918
-0.0013179
0.0057278
0.0027974
0.0028181
-0.0056945
-0.0095756
-0.000197
0.0034637
0.0057201
-0.0098755
0.0051088
-0.0035764
-0.0076303
0.0026554
-0.0059991
0.0017772
-0.0034646
0.0003505
0.0072363
0.0022306
-0.0007176
0.0048979
-0.007303
-0.0031637
-0.0013111
-0.0039408
0.0053654
0.0003653
-0.0017816
0.0089473
0.0075668
-0.007905
0.0080977
-0.0092443
0.0094027
0.0080629
-0.0073742
-0.0061949
-0.0035466
0.0029473
-0.0091819
0.0024749
0.0047409
0.0042656
-0.006956
-0.0007687
0.0034756
-0.0033474
-0.0060626
0.0012263
0.0032046
0.0087739
-0.0065536
-0.0027804
0.0058325
0.0093763
0.0004309
-0.0085408
0.0038605
0.006758
-0.0032357
0.0067837
0.0095028
0.0009826
-0.0007501
-0.0075848
-0.0033592
0.0054733
0.0047185
0.0047615
0.0088524
0.0062925
-0.0040063
0.0088407
-0.0013423
-0.0075726
-0.0072038
0.0069661
-0.0054503
0.0089148
0.0073027
-0.002265
0.0078818
6.52e-5
-0.0052374
-0.0081122
-0.0074821
0.008525
0.0013323
0.0027283
-0.004323
0.0053822
0.0065537
-0.0034065
-0.009478
-0.0075516
0.0075653
0.0056592
-0.0084688
-0.0043339
0.0050983
-0.0030196
-0.0025384
0.0066174
-0.0087133
-0.0098836
-0.0062152
-0.0050013
-0.0039183
-0.004959
-0.0080778
0.0097573
0.0038848
0.0083442
0.0068567
0.0068514
-0.0015492
0.0027895
0.0052735
-0.0042306
-0.0042432
0.0007167
-0.0059966
0.00606
0.0093101
-0.0095648
0.003797
-0.0094506
-0.00492
-0.0074034
0.0015248
0.0017895
-0.0048895
-0.0034444
-0.0006764
-0.0019621
-0.0036576
-0.0010952
-0.0076639
-0.0006707
0.0074968
-0.0045684
-0.0021517
0.008437
-0.0001605
-0.00625
-0.0019888
0.0016305
0.0030578
0.0095697
-0.0079911
-0.0048786
-0.0006881
0.0086073
-0.0061202
-0.0023771
0.0091729
0.0048774
0.0053572
-0.0058613
0.0072656
-0.0008451
0.0011635
-0.0096366
0.0038295
-0.0081879
0.0020321
-0.0080352
-0.0049306
0.0053541
-0.0087993
0.0051314
-0.0082798
-0.0030216
-0.009124
0.0002862
-4.48e-5
-0.0066325
0.001916
-0.002938
-0.0020536
0.0026922
0.0094575
0.0010854
-0.0041761
0.0010205
0.0010651
-0.0003049
-0.0008229
0.0095492
0.0024179
0.0053803
0.0096497
0.0071565
0.007918
-0.0096506
-0.0013528
-0.0027943
-0.0095498
0.0057181
-0.0011072
0.0026053
0.0093272
0.0096555
-0.004437
0.0095178
-0.0038654
9.59e-5
0.009007
-0.0098183
-0.0055509
0.0074254
-0.0038647
0.0002296
-0.0071548
0.0008193
-0.0095034
-0.0050125
0.0056997
-0.0003804
-0.0044418
0.0056975
0.0038973
0.0081139
0.0089091
0.009989
-0.0078063
0.0050669
0.0067271
0.0075674
0.0022855
-0.0098809
-0.0093649
-0.0026345
0.0041345
-0.0021264
0.005555
-0.0072347
0.0064418
-0.0028998
0.0053719
-0.0092196
-0.0024385
0.0069336
0.0029043
0.0013098
0.0062413
-0.0034641
0.0093598
0.001064
-0.0048453
-0.0011792
0.0044693
0.0027672
-0.0067902
0.0013846
0.0064773
0.0072323
0.0058628
-0.0064487
0.0080878
0.0085449
-0.0092464
0.0005497
-0.0030153
-0.0054954
-0.0066372
-0.0019836
0.0063837
-0.004619
0.0053248
-0.0009557
0.0007409
-0.0075564
-0.0010066
0.0092606
-0.0003436
-0.0056716
-0.0099155
-0.005624
0.0092953
-0.0099811
-0.0019572
0.0088909
-0.0017427
-0.0043701
0.0010716
0.0018402
0.0076612
-1.69e-5
0.0054507
-0.0005541
0.0009784
0.0079406
0.0025204
-0.0059452
0.0033763
-0.0038867
0.0090792
-0.0096305
0.0022062
0.0012028
0.0082844
-0.0015456
-0.005984
0.0056742
0.0060624
-0.0083892
-0.0001351
-0.0004275
-0.0020522
0.0056356
0.0055965
-0.0031856
0.0054443
-0.0041547
0.0070358
0.0044951
0.0007744
0.0077953
-0.0079025
0.0092417
-0.003561
-0.0013339
0.0017122
0.0006724
0.0085368
-0.0081664
-0.0088632
-0.0074123
-0.0051765
-0.0046315
0.0068144
-0.0031026
0.0016202
-0.0045926
0.0095968
-0.0048484
0.0058138
-0.0070012
0.0059477
0.003593
0.0032255
-0.0077502
0.0038753
0.0060773
0.0035833
-0.0023708
-0.005067
-0.004544
-0.0082087
-0.0053266
0.0061106
0.0015649
-0.001603
-0.0007725
0.0079789
-0.0047954
0.0025745
0.0001041
-0.0040665
0.0082935
-0.0007621
-0.0038428
-0.0057104
-0.0044373
0.0055216
-0.0069043
0.0025844
0.0059314
-0.0050081
0.0039549
0.0099308
-0.0032008
0.0076623
0.0034816
0.0028552
-0.0064985
0.0064972
-0.0043337
0.0077445
0.0082336
-0.0020492
0.0038727
-0.0014077
0.0043838
-0.0002397
0.0025179
-0.0046036
-0.006401
-0.0003198
0.0069445
0.0086079
0.0071838
0.0015383
0.0034775
0.005359
-0.0049977
-0.0059405
-0.0009882
0.0092913
0.0047905
0.0043081
0.0055122
-0.0088095
0.004276
0.0026906
0.0055264
0.0066578
-0.000548
0.0010581
0.0043775
0.0097473
-0.0062912
0.0003188
-0.0070917
0.0029854
0.0053291
-0.0047536
0.0018529
-0.0024804
0.0089117
-0.0097647
-0.0013255
-0.005556
0.0021292
-0.0053537
-0.0087295
-0.0007868
-0.0072718
0.0043865
0.0048798
0.0041175
-0.0011727
-0.003148
0.0087713
-0.0082719
0.0065197
0.0043629
-0.003439
-0.0060189
-0.0014363
0.0016637
-0.0064862
-0.0023166
0.0055207
0.0080372
0.0087507
0.0003405
0.0010879
