-0.0092422
0.0086151
0.0053061
0.0069027
-0.0041017
-0.0012329
0.0007549
-0.0081228
-0.0029914
0.0027603
0.0035528
0.0025179
-0.0022734
0.0096878
-0.0087059
-0.0070167
-0.0095612
0.0075037
0.0020871
-0.0063267
-0.005368
-0.0011444
0.0077031
0.00713
-0.0030623
0.0057426
-0.0057311
-0.002934
0.0082299
0.0016987
0.0060302
-0.0070921
-0.0044246
0.0010455
0.0036611
0.0047659
0.001301
0.0024333
0.0058583
0.0067055
0.0059553
0.0004193
-0.0001458
-0.008048
0.0025568
0.0057796
-0.0071171
0.0014137
0.0092443
0.0046242
-0.0045252
0.0080163
-0.0091333
0.0046296
-0.0071046
-0.0002839
-0.0086269
0.0041576
0.0089353
7.06e-5
0.0083895
0.0037049
0.0038063
-0.0096637
0.0076762
-0.0013462
-0.0091996
0.0013034
0.0022874
0.0028178
-0.0090329
0.0024222
0.00321
-0.0052885
0.004712
-0.0037603
-0.0078983
0.0098926
-0.0090825
0.0075865
-0.0028437
-0.007453
0.0046054
-0.0049921
-0.0007346
0.0028485
-0.0017195
0.000952
0.0094946
0.0071709
0.0049829
0.003612
-0.0049892
0.0016735
0.0016712
-0.0089161
-0.0047612
-0.005988
0.0062631
0.0053537
-0.00118
0.0059702
0.0047047
-0.0062332
-0.0036455
0.0019281
0.0057437
-0.0044598
0.009208
-0.0010675
-0.0019609
-0.0024032
-5.97e-5
0.0005744
0.0057124
-0.0063286
-0.0048054
0.0019058
0.0057027
0.0060081
-0.0044433
-0.0031776
-0.0057044
-0.0057357
0.007652
0.0061561
0.0030973
0.0045985
0.0067104
-0.0029998
-0.0023501
-0.0034413
-0.0004141
0.0044692
-0.0003977
0.0026838
-0.0015708
0.0088785
0.0022419
-0.0089377
0.0060571
0.007958
0.0044943
0.0022104
0.0073776
0.0052169
0.0065692
0.0097601
0.0016212
0.0045411
0.001844
-0.0019568
-0.0004279
0.0063362
0.0013074
0.0080111
4.2e-6
-0.002652
-0.0030112
-0.0023059
-0.0070416
-0.0072472
-0.0056674
-0.0002077
0.0020836
-0.00564
-0.0073225
0.0068641
-0.0085433
-0.0089986
0.0025774
0.0068219
-0.009377
0.0066515
0.0031308
0.0062324
-0.0099863
0.0045118
0.003174
-0.008629
0.0071539
-0.0071701
0.0089975
0.0025991
-0.0088725
-0.0030049
0.0077633
-0.0077882
-0.0050299
-0.0047685
-0.0079065
-0.0018185
-0.0080034
-0.0045448
-0.0076559
0.0014204
-0.0063452
-0.0043903
0.0092379
0.0088621
-0.0035791
-0.0076946
-0.0083413
-0.0056766
-0.0074375
-0.0098421
0.0052714
-0.0036762
-0.0029124
0.0050773
-0.0041874
-0.0007308
0.0005447
0.0088515
-0.0032436
0.0049714
-0.0037189
-0.0018674
0.003129
-0.0075658
0.0033608
0.0073376
-0.0045188
-0.0070375
0.0059632
0.0015583
-0.0029245
0.0034971
-0.008583
0.002486
0.0077391
-0.0036262
-0.0062828
0.0096861
-0.0081646
0.0029462
0.0071137
-0.0079779
-0.0067203
-0.0007029
0.0046433
7.56e-5
-0.0087781
-0.0074158
-0.0011458
-0.0056202
-0.006595
0.0078671
0.003278
0.0079553
-0.0016729
0.005948
0.001301
0.0034932
-0.0033489
-0.0062222
0.0048719
0.0010792
-0.0039964
0.0010296
-0.0027154
-0.0073674
0.0020129
0.0040324
0.0031792
-0.0046177
0.0073473
-0.0048353
0.0041843
0.0042035
0.004763
0.0014688
0.005099
-0.0056202
0.0049115
-0.0056299
0.0046119
0.0006202
-0.0079143
-0.0090925
-0.0009106
-0.0028805
0.000196
-0.0007569
0.0009183
0.0021474
0.0061287
0.0094666
0.0013255
-0.0016159
-0.0007739
0.0028357
-0.0050906
-0.0052331
0.0011899
0.0063663
-0.0034031
-0.0033307
0.0017951
-0.0051401
-0.0048605
-0.0031445
-0.0065013
0.0081806
0.0083331
0.0032925
0.0091709
0.0051906
-0.0016717
-0.002077
0.0071353
0.0068366
-0.0081437
-0.0065594
0.006482
0.0050353
0.0097389
0.0065819
-0.0005272
0.0074758
-0.0016608
0.008733
0.0089911
0.0086364
0.000139
-0.0024882
0.0055802
0.0004394
0.005091
0.0071839
-0.0074124
-0.0094773
0.0083442
0.0049213
-0.0044887
-0.0052624
-0.0015408
-0.0022401
0.0022782
-0.0061217
0.0051384
-0.0098815
0.0027774
-0.0025806
0.0061692
-0.0066012
-0.0063043
0.0099505
0.006479
0.0072149
-0.0066118
0.004691
0.0045079
0.0051955
0.0015647
-0.0014269
0.0045585
-0.0033232
-0.0045758
-0.0095914
-0.0066099
0.0031452
0.0064368
0.0053562
-0.0053433
-0.005336
-0.0070062
0.0028171
-0.0075686
0.0064204
-0.0004363
0.0097732
-0.001617
-0.0033063
-0.0076123
-0.0047921
0.0024682
-0.0041718
0.002387
-0.0099089
0.0072664
-0.006179
-0.008506
0.0036801
0.0053987
0.0023553
-0.0099344
0.0054961
0.0044031
0.0078166
-0.0028499
0.0046823
0.0045348
-0.0042307
0.0018778
0.0050359
-0.0051262
-0.0050572
-0.0024477
-0.0086444
-0.0075459
0.0057937
-0.0027492
0.006547
0.0055432
-0.0060592
-0.0041387
0.0052681
-0.0055632
-0.0074104
-0.00959
-0.0037057
0.0035214
-0.0088785
0.0092495
0.00071
-0.0070163
0.0009743
0.0073096
-0.0091064
0.0049324
0.0098521
0.0067839
-0.0097972
-0.0018606
-0.008161
-0.0093451
-0.0023138
0.0012184
0.0079598
0.0059078
-0.0028281
0.0031598
0.0064314
-0.0076471
0.0059715
-0.0077845
0.0031186
0.0010934
0.0064936
-0.0006607
0.0098771
-0.005133
-0.000479
-0.0039576
2.15e-5
-0.0089565
-0.0006902
-0.0068405
0.0081127
0.006076
0.0076939
0.006049
0.0057902
-0.0053971
-0.0090092
0.0023412
0.0049125
-0.0077281
0.0068922
-0.0030459
0.0095768
-0.0024702
-0.0009753
0.007458
-0.0067947
0.0097325
-0.002387
0.0084398
0.001655
0.0084773
-0.009627
0.0058605
0.0056719
0.001193
0.0010609
-0.0080254
-0.0022627
0.0070885
0.0008641
0.0083523
-0.0018236
0.0047515
-0.0090116
-0.0043531
-0.0007351
-0.0075849
-0.0084106
0.008806
-0.0057009
0.0008127
-0.0055625
-0.0099244
0.0072022
-0.0081241
