-0.0084388
-0.0031646
0.0009356
-0.0069502
-0.0080575
-0.0018438
0.0025291
5.4e-5
-0.0020837
-0.00883
-0.0093758
0.002878
-0.0070958
-0.0059061
0.0045815
0.0058902
-0.0067803
-0.004857
-0.0097935
0.0058825
-0.0090916
-0.0076289
0.0036536
-0.0011405
0.0032893
0.0092625
-0.0022101
0.0090285
-0.0046687
-0.0097941
0.0065311
0.0079038
0.009725
-0.0013375
0.0037717
0.0071
-0.009249
0.0059207
0.0085896
-0.0001569
0.0024089
0.0082759
0.0005958
-0.0040247
-0.0027589
0.0027035
0.0081709
-0.0026723
-0.0090286
0.0010543
-0.0078206
-0.0037183
0.0061907
-0.0027643
0.0003038
-0.007486
-0.0087931
-0.0041572
-0.0033811
0.0006242
-0.0085458
0.0089465
-0.0067649
-0.008966
0.0007297
0.0023933
-0.0050814
0.0014636
0.0077038
0.0001134
0.0006855
0.0036934
0.0054433
-0.002
0.0099178
-0.00561
0.0098126
0.0012021
-0.0071213
0.0021437
-0.0079754
0.0041811
-0.0004311
-0.0036047
-0.003244
-0.0014225
-0.00095
-0.0008118
-0.0075392
0.0040812
0.005116
-0.0096479
-0.0082177
-0.0016899
0.0007114
-0.0048843
0.0093076
0.0052781
0.0060649
0.0003627
0.0069834
0.0089935
-0.0049474
-0.0025984
0.0075864
-0.0013529
-0.0045553
0.0052738
0.0094883
-0.0011155
0.0054178
0.0008267
-0.0049841
-0.0068768
0.0016288
0.0054698
-0.0041571
-0.0018963
0.0037763
-0.0085736
0.0033346
0.0060346
0.0090458
0.0056133
0.0067456
0.0056947
0.0086642
0.0060312
0.0088457
-0.001919
-0.0065585
0.009112
-0.0017593
-0.0082132
-0.0017782
-0.0074451
-0.0007857
-0.0063365
0.0019882
-0.0042426
-0.0004718
0.0083776
0.0026365
-1.68e-5
0.0026055
-0.0066055
-0.0056136
-0.0094812
-0.0058079
-0.0020658
-0.0092858
-0.0005155
0.009009
0.0052881
0.0051265
-0.0070423
0.0071193
-0.0083739
-0.0009536
-0.0010892
-0.0062574
0.0098449
0.0057427
-0.0046418
-0.005862
0.008098
0.007015
0.0035146
0.0053609
0.0087761
0.0086589
-0.0013168
0.0072164
0.0093912
-0.0051822
0.0025499
-0.0068516
-0.0028277
0.002783
-0.0082176
-0.0084697
-0.0055084
0.0087527
0.0040447
0.009164
-0.0001907
-0.0081847
-0.001138
-0.0093438
-0.0009605
-0.0093523
0.0024578
-0.0005598
-0.0053224
-0.0032636
-0.0020633
0.0024919
0.0099217
0.0035636
0.0044755
0.0077964
0.0063583
0.0026311
-0.002505
0.0023577
0.0070852
0.0073888
-0.00387
0.0077061
0.0080384
-0.0010916
-0.0049059
0.0052727
0.0093339
0.008054
-0.002267
-0.0010783
0.0056159
0.0081572
0.0077125
-0.0031935
0.0012317
-0.0089295
0.0015684
0.005502
0.005441
-0.0080231
-0.0068288
-0.0002178
0.0096523
-0.0036863
-0.0027601
-0.0098974
0.0060931
0.0067436
-0.0088811
0.0017614
0.0027142
-0.0021867
0.0071787
-0.0037656
-0.0020985
0.0003255
0.0053768
0.0069889
0.0079751
0.0080289
0.0009073
-0.002885
0.0070177
0.0037972
-0.0054673
0.0023499
-0.0099392
-0.0067192
0.0053254
-0.0087995
-0.0068478
0.0015163
-0.0060553
-0.0019763
0.0037256
-0.0012124
0.007774
-0.0062733
-0.0014381
-0.0070977
0.0003725
-0.007222
0.0073931
0.006777
0.007354
0.0095609
0.0087463
0.0091023
-0.0081829
-0.0073411
0.0022081
0.0053947
0.0062055
-0.0094352
0.0036443
0.0018263
0.0031564
0.0076051
0.0027379
-0.0028197
0.0024455
-0.0031832
0.0035319
-0.0044658
-0.0009586
0.0051945
0.0079148
-0.0035253
0.0097047
0.0013343
0.0093546
0.0057689
-0.0012459
-0.0059695
0.0087696
0.008678
0.0076992
-0.0072779
0.0044133
0.0070089
-0.0073797
-0.0046859
-0.006707
0.0045653
0.0030519
0.0045869
-0.005103
0.0004684
0.0076116
0.0073758
0.0027076
-0.0013635
-0.0057585
-0.0011848
0.0039689
0.0015295
-0.0033232
0.0037636
-0.003155
-0.0023643
0.0002043
0.0057858
-0.0094497
-0.0062543
0.0085408
-0.0050337
0.0028273
0.0081357
0.0022728
0.0006115
0.000403
0.0097899
-0.0001651
0.0051765
0.0043374
0.0041661
0.0058267
-0.0098274
0.006075
-0.0061141
-0.0014344
-0.0023345
0.0050159
-0.0092518
0.0047192
-0.0097391
-0.009426
-0.0088033
0.0017065
7.82e-5
0.0090625
-0.0022672
-0.00367
0.0065215
0.0051952
-0.0094999
0.0004127
0.002766
0.003895
0.0067797
-0.0049943
-0.0011566
-0.0029287
0.0042513
-0.0049339
-0.0097945
0.0018575
0.0080087
-4.23e-5
-0.0071781
-0.009219
-0.0091792
-0.0018051
-0.0086687
0.0043408
0.0065277
0.0060589
-0.0041657
-0.0044426
0.0009325
0.0065017
-0.00754
0.0079217
0.0004706
-0.0079976
0.000151
0.000886
-0.0096462
0.0052512
-0.0067031
0.0092078
-0.003609
0.0056615
-0.0014771
0.0080479
0.0084017
-0.0013046
-0.0069622
0.0023091
0.0050726
0.008345
-0.0054112
-0.0014911
-0.0060181
0.0003001
-0.0010358
0.0075985
-0.0090031
-0.0077065
0.0053698
-0.001135
-0.0069331
0.0015388
0.0002931
0.0051451
-0.0032812
0.0074314
-0.0061454
-0.0011428
0.0030919
0.0097718
-0.0050117
-0.0055308
0.0066631
0.0080703
0.0048416
0.0044912
0.0018022
0.0073549
0.000235
-0.0058645
0.009237
0.0096718
-0.005441
0.0061101
-0.0048855
-0.0054969
-0.0030015
0.0080154
0.0005213
-0.0076564
-0.0079962
-0.0010106
-0.0097643
-0.0069233
-0.0030664
-0.0073543
0.0026992
-0.0006793
-0.0083145
0.0001513
0.0001413
-0.0040327
-0.0021527
0.0047624
0.0038064
0.0057519
-0.0003244
-0.0006144
-0.0035532
-0.0099672
5.86e-5
-0.0029217
-0.0018114
-0.0081825
0.0065313
-0.0020109
0.0092943
-0.0070632
-0.000397
0.0036295
-0.0074465
0.0033673
-0.0032277
0.0046247
-0.0097412
-0.004271
-0.0099718
0.0005243
0.003718
-0.0062724
0.0044452
0.0073241
-0.009466
-0.0097014
-0.0026379
-0.0072045
-0.0062509
