-0.002727
-0.008179
0.0046648
0.0053926
0.0014976
-0.0004097
-0.0038256
0.0059632
-0.0011147
-0.008964
-0.0047642
-0.0075539
0.0067137
-0.0091584
-0.0014964
-0.0039852
-0.00139
0.0075132
-0.0080459
0.0002735
-0.0085777
0.009668
-0.0098184
0.0021874
0.0057857
-0.0040478
-0.0093105
-0.0075142
-0.0039786
0.0011261
-0.0037213
-0.0084954
0.0047748
0.0053404
0.0008631
-0.0081826
-0.0035809
0.005438
-0.0042776
0.0029771
0.0043632
-0.0051567
0.0061253
-0.0052267
0.0010776
-0.0063282
0.0002623
-0.0092699
0.0044872
0.0055468
-0.0058532
-0.004656
0.0006658
-0.0024759
-0.0067369
0.0035879
0.0088363
0.0057957
-0.0060504
-0.0068324
-0.0080911
0.004998
-0.0076885
-0.0022815
0.0049366
-0.0056405
-0.0076921
0.0071496
0.0067422
-0.0059105
0.0022108
-0.0068036
-0.0025446
-0.0014662
-0.0066042
-0.0055677
0.0098796
-0.0071988
0.0063618
0.0014899
-0.0077884
0.0092402
-0.0053201
-0.0033967
-0.0008366
0.0020056
0.0063436
-0.0052676
0.009871
0.0097898
-0.0017429
-0.0039525
0.0013957
0.0029422
0.00747
-0.0004194
-0.0045353
-0.0076403
-0.0061675
-0.0023796
0.005881
-0.0090754
-0.0077119
0.0076275
4.26e-5
0.0063064
0.0031968
0.0069668
0.0023673
0.008944
0.0074876
-0.0060032
-0.0009078
-0.0075452
-0.0096351
0.0096818
0.002283
-0.0099208
0.0020399
-0.0080189
0.0031307
-0.0066864
0.0017899
-0.0087207
-0.0059046
0.0021252
-0.0063304
-0.0086156
-0.0084622
0.0001908
0.001665
0.0044876
-0.0099636
-0.0002269
0.0021867
-0.0059963
0.0070753
-0.0097509
-0.0002946
0.0006134
0.0063897
0.0084449
0.0095533
0.007256
0.005139
0.0073884
-0.0048259
-0.0018255
0.0029942
-0.0094813
0.0005401
0.0051491
0.0097728
0.0082174
-0.0095722
-0.0084762
0.0053951
-0.0055095
0.0002953
0.0059852
0.0042118
0.0060011
-0.0033151
0.0045744
-0.0025512
-0.0025145
-0.0041975
-0.009688
-0.0048377
-0.0096579
0.0023155
0.0043465
-0.0061107
0.0040363
0.00687
0.0030259
-0.0084225
-0.0099614
-0.0041504
-0.0030615
-0.008564
0.004409
0.0016014
-0.0003419
0.003486
0.0003492
-0.004129
0.0052044
0.0073292
0.0065143
0.0093131
-0.0058744
-0.0069884
0.0030332
-0.0021024
0.0033484
-0.002673
0.0047594
0.0073676
0.0040492
0.0098175
-0.004456
0.0016135
-0.0062902
0.0055008
-0.0031293
-0.0032169
-0.0074551
0.0059539
0.0066053
0.0047238
0.0096637
-0.0098295
-0.0058878
0.0024031
-0.0061656
-0.0052008
-0.0015518
0.0096244
-0.0069096
-0.0010931
0.0079448
0.0088681
-0.0061362
0.0057839
0.0001642
-0.0052477
0.0073261
0.0001118
-0.0011716
-0.0041646
0.0078881
-0.0065997
-0.0032443
0.0091194
0.0095769
-0.00609
-0.0072715
-0.0006761
0.0042468
0.0021424
-0.0090372
-0.0004999
-0.0093372
0.0039306
-0.0085963
-0.0028376
-0.0078057
0.0025273
0.0042765
-0.0048929
0.0078697
-0.0061046
0.0057347
-0.0081412
0.0054511
-0.0057845
-0.0087459
-0.0010977
-0.0085938
0.0050355
-0.0026283
-0.0090173
-0.0002032
-0.006324
0.0006852
-0.0080506
0.00019
0.0055365
0.0090414
0.0066898
0.0047565
0.0092377
0.0090163
0.0074991
0.0007654
0.0009624
-0.0003186
0.0095895
0.0027422
-0.0065655
0.0042473
-0.002214
0.0076259
-0.0039968
0.0002597
0.0009713
-0.0067003
0.0097416
-0.0080014
0.0092456
0.0052747
-0.0036483
0.0005914
-0.00041
0.0041334
0.0083661
0.0092315
0.0096697
0.0072016
-0.0091843
0.0015664
-0.0004046
0.0059919
-0.0016404
-0.0065803
0.00767
-0.0037288
-0.009032
0.0036131
-0.0023743
0.0036018
-0.004425
0.0020231
-0.0068507
0.0076318
0.0025379
0.0001066
-0.0092866
0.0025246
-0.0005859
0.0006816
-0.0073455
-0.0091715
-0.0083884
-0.0091718
0.0024932
-0.0019522
0.0050471
-0.0066629
0.0067888
0.0062386
0.0015859
-0.0060671
-0.0046569
-0.0075956
0.0062936
-0.0094618
0.0026305
0.0098449
-0.0012847
0.0057926
0.0087213
-0.0012606
-0.0095151
0.0008213
0.0051148
0.0028139
-0.000667
-0.0076809
-0.0055938
-0.0015968
-0.0040541
0.0033065
0.0032787
-0.0036794
0.0018569
0.0085539
0.009232
0.006905
0.0070946
-0.006526
-0.007172
0.0047062
0.0097405
0.0025789
-0.0062812
-0.0046766
-0.0031054
-0.0073959
0.0030784
0.0050422
0.0087739
0.0057165
0.0001383
0.0038665
-0.0094859
-0.0071199
0.0028707
0.0048061
-0.0077255
0.0060905
-0.0076852
-0.0056801
-0.0024814
-0.0065034
0.0020276
0.0035924
-0.0044653
0.0031012
-0.0033652
-0.0002983
-0.0066522
-0.0099269
-0.0082284
-0.0053828
-0.0069923
0.0009952
0.009862
-0.0052225
0.0076603
-0.0089151
0.0063543
0.0021363
-0.0025508
-0.0056106
-0.0080756
0.0093659
-0.0091348
-0.0016426
0.0037062
0.0027171
0.0028165
-0.0066491
-0.0017551
-0.0089562
-0.0098067
-0.0030863
0.0021513
-0.0087719
-0.0069413
-0.0060512
-0.0008142
-0.0097175
-0.0019907
0.0076176
-0.0013462
0.0006629
0.0032276
0.0095565
-0.0029496
-0.0070067
0.0056365
-0.0098062
-0.0076319
-0.008732
0.0086028
-0.0095813
-0.0090891
0.0074532
-0.0024356
-0.0074697
0.0087937
-0.0037212
-0.0079833
0.0035306
0.001652
-0.0007456
0.0059455
-0.0079731
0.0091615
-0.0007771
-0.0061681
0.0089826
0.0090982
0.0019946
-0.0069904
-0.0095538
0.0042696
0.0006931
-0.0084858
0.0033874
-0.000896
-0.0064082
-0.001048
0.0058486
0.0091796
-0.0001825
-0.0056925
-0.0029186
0.0058725
0.0018909
-0.0078879
0.0066393
0.0006774
0.0068546
0.0034941
0.0002841
0.002688
-0.0033218
-0.00207
0.0086382
-0.0094042
-0.0032969
-0.0015206
-0.0036999
0.0068942
0.0045132
-0.0015596
-0.0051868
-0.0071388
0.009473
0.0092232
-0.0069758
0.0037821
