-0.0066146
-0.0064021
0.0070604
0.0083522
-0.0015688
-0.0032268
0.0096204
0.0055629
-0.0003281
0.0025412
-0.0063553
-0.002132
-0.0064434
0.0073072
0.0057321
0.0065392
-0.0081234
0.0022044
0.00098
-0.0074113
-0.0082098
-0.0018044
0.0046179
-0.0078354
0.0094283
0.0038612
-0.0085378
-0.0075182
0.0013036
-0.0013954
-0.0073425
0.0053418
-0.0086585
-0.0096372
-0.0071425
-0.0038221
-0.006668
0.005971
0.0079251
-0.0079275
0.0040817
-0.0099334
-9.88e-5
0.0043007
0.0050636
-0.0057128
-0.006068
-0.0071999
-0.0025082
0.0051526
0.0096764
-0.0020901
-0.0014716
-0.001155
0.0085715
2.49e-5
0.0092804
-0.0015516
0.0023875
-0.0044234
0.0045578
-0.0048535
-0.0064284
0.0013451
0.002497
0.0027249
0.0060771
-0.0080004
0.0040219
-0.0003292
0.0002084
-0.0043326
-0.0027739
0.007824
-0.0003253
-0.0052636
-0.0050735
0.0096584
0.0007175
0.002559
0.0020419
0.0032126
-0.0068786
0.002329
-0.0026206
0.00202
0.0073353
-0.0038261
-0.0070147
-0.0056034
0.0013241
0.0040005
0.0087379
-0.0070029
-0.0063548
-0.0055051
0.0071394
-0.0014036
0.0066276
0.0098647
0.0007001
0.0032184
0.0028517
0.0013276
-0.0092866
0.0072284
0.0050448
-0.0059675
0.0023093
0.0076798
-0.0078942
0.0027505
-0.0071096
0.0038741
0.0065092
0.0043281
-0.000766
0.0038115
-0.0051542
0.007607
0.0020953
0.0018277
-0.0087074
-0.0084167
0.0076072
-0.0076477
-0.0028971
0.0092614
-0.002628
-0.0089363
-0.0035796
-0.0008502
0.0019361
0.0034911
0.00597
0.0024083
0.0088357
0.0066066
-0.002811
0.0035912
-0.0049205
0.0058729
0.0007968
0.0052954
-0.0052078
-0.0023481
0.0055043
0.0086642
-0.0012797
-0.0053699
-0.0034673
-0.0012007
-0.0070847
-0.0054082
-0.0084573
-0.0041299
-0.0027624
-0.0093619
-0.0072026
0.0068642
-0.0084216
-0.0014117
0.0010574
0.0056645
-0.0032352
-0.0025824
-0.0030178
-0.007054
0.0099923
-0.0087139
0.0070649
-0.0084417
0.005279
-0.001503
-0.0031555
-0.0074686
-0.0099862
-0.0098462
-0.0091326
0.0089015
0.0017037
-0.0099017
0.0045303
0.0060585
-0.0083693
0.0037195
-0.0072737
-0.005827
-0.0071711
0.0001932
-0.0003763
0.001868
0.0014333
0.0002386
0.0073398
-0.0036579
-0.0087397
0.0090253
0.0094587
-0.0051634
-0.0060659
-0.0099412
-0.0034299
-0.0025549
0.003236
0.0081194
-0.0046162
-0.0097297
0.0048824
0.0099978
-0.0093033
-0.0005104
-0.0065602
-0.0027972
0.0035495
-0.0008335
-0.0088515
0.0098121
-0.0019931
0.0005514
0.0011781
0.004907
-0.0036715
-0.0035572
0.0048319
-0.0062037
0.0080571
-0.0065447
0.0002864
-0.0068291
0.0032391
0.0068649
-0.0024616
0.0094039
-0.0079613
0.0040542
-0.0090966
-0.0034559
0.002261
0.0039124
0.0033762
-0.006713
-0.0084074
0.0014503
0.0004339
-0.0007539
-0.0014513
0.0022132
-0.0064994
0.0057471
-0.0084223
-0.0043427
0.0040606
-0.0029279
-0.0086981
0.0073522
-0.0034411
-0.0077305
0.0024857
-0.0098906
-0.0061726
0.0080749
0.0065361
0.0047872
0.0092588
-0.0087233
-0.0058414
0.0042147
0.0026353
-0.002975
0.0042048
0.0089447
0.0068315
-0.0007253
-0.0003519
-0.0006332
0.0040056
0.0008147
-0.0014646
-0.0074378
0.0095373
0.0003484
-0.0005055
0.0094588
0.0019597
-0.0079509
-0.006716
0.0057752
0.0008036
-0.0020791
-0.0096525
-0.0092004
-0.0040466
0.0041303
-0.0048054
-0.0095684
-0.0025648
-0.0013591
-0.0009994
0.0028404
-0.0038055
0.0073608
-0.0098082
-0.0085399
-0.0030796
-0.0002344
-0.0033805
0.0084306
0.0044076
0.0058138
0.0004031
-0.0061029
-0.0086263
1.5e-6
0.0063976
0.0044318
0.0066382
0.0093108
0.0051389
0.0039007
0.0023912
-0.008517
0.0044525
-0.0085817
-0.007749
0.0027585
-0.0045341
-0.0093478
-0.0013673
-0.0018378
0.0045328
0.0060283
0.001147
0.0026264
-0.0013496
-0.0008584
0.0014098
-0.007676
-0.0081491
-0.0081883
-0.0044668
-0.0096415
-0.0086065
0.0044543
-0.0068649
-0.0061932
-0.0061787
0.0024522
0.0094553
-0.0089072
0.003773
-0.002509
-0.0036369
-0.0033082
0.0028151
0.0036566
-0.0040886
0.0071812
-0.0048885
-0.0008839
-0.002253
-0.0035635
0.0067862
-0.0057594
-0.0043028
0.0014324
0.0022814
-0.0038493
-0.0054107
-0.0096911
0.0061018
0.0043497
-0.0091555
-0.0074204
-0.0020503
-0.0085575
-0.0081061
0.0057269
0.0008368
-0.0033284
0.0003423
-0.0046497
-0.0051338
0.0042726
0.0070844
0.0051128
0.0015982
0.0018038
-0.0008237
-0.0092229
0.007584
0.0030359
-0.0035034
-0.0074003
-0.0089818
0.0055435
0.0021761
-0.007979
0.0037476
0.0093104
0.0031717
-4.68e-5
-0.0099325
0.0047454
0.0014394
0.0099063
-0.0027597
-0.0030801
0.0076098
0.0044504
-0.0090843
-0.0062762
-0.0089205
0.0084883
0.0021496
-0.0040378
-0.0050119
7.3e-5
-0.0029106
0.0020007
-0.0041039
0.0058329
-0.0082566
-0.0093927
0.0055556
0.0057957
0.0096016
0.0028822
-0.0049045
0.0012393
0.0082067
-0.0005045
0.0055915
-0.0021113
-0.0017756
0.0056746
-0.0039774
0.0042228
-0.0085372
0.0032413
0.003276
0.007095
-0.0052126
-0.0066661
0.0019549
0.0067254
-0.0015213
0.0002863
0.0033298
0.0092172
0.0047858
0.005802
0.0009776
0.008348
0.0098402
-0.0053213
0.0092141
-0.0098339
0.0017516
0.0046348
-0.0066085
0.004621
-0.0075976
0.0075921
-0.0092914
8.82e-5
0.0016829
0.0085551
0.0093894
0.0086497
0.0099935
0.001969
0.0028958
-0.0013765
0.0054542
-0.004926
0.0043781
0.0013322
0.0024966
-0.0056242
-0.0001757
-0.0013519
0.0069979
0.0093052
-0.0098226
-0.0036715
-0.0078432
-0.0098469
0.0006878
0.0041224
0.0078703
-0.0029923
-0.0042645
0.0009015
-0.0061089
