-0.0060697
0.006965
0.0055444
0.0081903
-0.0052189
0.0024483
0.0023523
-0.0055026
0.004336
0.0078403
0.0074592
0.0026304
-0.0069598
0.0095001
-0.0088707
-0.0047263
-0.0074212
-0.0063594
-0.001333
-0.0050551
0.0093612
0.0084178
0.0011553
-0.0075426
0.0030402
-0.006677
0.0097635
0.0004018
0.0099736
-0.0017119
0.0094454
-0.0013316
-0.0022014
0.0050517
0.0079614
0.0062716
-0.0083875
-0.0082473
0.0054718
-0.0080779
-0.0014231
0.0061273
0.0079484
0.0088907
-0.0067674
-0.0004806
0.0059997
-0.0067439
0.0075609
0.0033985
-0.0098089
-0.00173
-0.0046262
-0.0013424
0.0021272
0.0066634
0.0004086
0.0022057
0.0084501
0.0094035
-0.0097964
0.0003353
0.0026245
0.0034294
0.0071341
0.0075622
0.0086279
-0.0055788
-0.0079579
-0.0025009
0.0065642
-0.0047142
0.0033131
-0.008068
0.0069835
0.0033372
0.0029639
-0.0035608
0.0091023
0.0016864
0.0053506
-0.0062494
0.0021937
-0.0032969
0.003294
0.0090373
-0.0076441
-0.0053529
0.0025167
-0.009235
0.0020586
0.0065539
0.0043361
-0.0098731
-0.0047066
-0.0024456
0.0005597
0.0061313
0.0027535
0.0091442
-0.0092383
-0.0039427
-0.0093854
0.0058294
-0.0070486
0.0080167
0.0020499
-0.0031692
0.0008948
0.0030343
-0.0046115
-0.0085505
0.004643
-0.0088927
0.0040703
0.006126
-0.0074096
-0.0021069
0.0021634
-0.0037434
0.0001582
-0.0082165
-0.0026735
0.0076184
-0.0006433
0.0002201
0.0017492
0.0045121
-0.0045438
0.0015337
0.0025985
0.0042676
0.0058156
0.0087203
-0.0080059
0.0027989
-0.0092217
0.0003244
0.0095422
0.0066919
0.0026851
0.0098323
0.0042926
0.0062088
-0.0049679
0.004797
-0.0004069
0.0022172
0.0056474
0.0097692
-0.0040012
-0.0095701
0.0015949
0.0047608
0.0071222
-0.0048767
0.0099229
-0.0014924
-0.0090206
-0.004451
-0.0057427
0.0033471
0.0064435
-0.0082061
-0.003472
0.0028484
0.0053062
0.008949
-0.003578
0.0014037
-0.0055528
-0.0003448
-0.0061309
-0.0029244
-0.0082747
-0.0004505
-0.0017014
0.0010698
-0.0006524
-0.0005818
-0.0071968
-0.003283
-0.0069024
-0.0006809
-3.8e-6
0.000289
0.0067373
-0.0017119
-0.0042627
-0.0017786
-0.0086799
-0.0098123
-0.0050754
0.0051663
-0.0075795
0.0006797
-0.0025488
0.0094913
-0.0025125
0.0054753
0.0015824
-0.0099121
0.0017099
-0.0011026
0.0036327
-0.007714
0.0090651
-0.0097446
0.0064432
-0.0065434
-0.0021088
-0.0052534
0.0038902
-0.0082122
-0.0008627
0.0035157
-0.00578
-0.0033029
0.0033885
0.0041812
-0.0070351
0.0023774
0.0036754
-0.0035889
-0.0096896
-0.005625
0.0050181
0.0020861
0.0095362
0.0043367
0.0089328
-0.0018121
-0.0008221
0.0023269
0.0072832
-0.0082064
0.0050579
-0.0086147
0.0007933
-0.0023507
-0.0012801
0.0034609
-0.0092849
-0.002561
-0.0096095
-0.0007836
0.0029159
-0.0003098
0.009928
0.0024888
-0.0053894
0.003671
0.0011091
0.0086348
0.0017217
0.0089286
0.0006065
0.0073906
-0.0084417
0.0033619
0.0066015
-0.0033297
0.0020741
0.0041127
0.0037693
-0.0051523
0.0044208
-0.0047143
-3.4e-5
-0.0005286
0.0053934
0.0026935
0.0029772
0.0034501
0.0020835
0.0062755
0.0013926
-0.0094013
-0.000327
0.0014795
0.0064075
0.0026853
0.007395
-0.000996
0.0021345
0.0013679
0.0046335
-0.0004231
0.0034761
-0.0004056
0.0071569
-0.0004758
0.0015913
-0.0015204
0.0069577
-0.0080802
-0.0085791
-0.0081343
-0.0031555
0.0028745
-0.0031012
-0.0095701
0.0086964
-0.0012516
-0.0044154
0.0002745
0.0076623
-0.0021388
0.0017705
0.0089111
0.0023748
0.0001418
-0.0087124
0.0088029
-0.0045246
-0.0025016
0.0070486
-0.0011719
-0.0067058
0.0064411
-0.0021251
0.0028211
0.0075576
0.009921
0.0065722
0.0055158
0.0051812
-0.0081177
0.0029115
0.0076898
-0.0088465
-0.0085643
-0.0043026
-0.0054527
0.0094424
0.0055637
0.0069223
-0.0015055
-0.0088387
-0.0043141
0.0077261
-0.0023094
-0.0019611
-0.007132
-0.0062405
-0.0057893
0.0069314
-0.0030235
0.0043334
-0.0007455
-0.0042568
-0.0009223
-0.0023178
0.0053176
0.0036878
0.0024312
0.0089765
0.0020709
0.0047955
0.0042517
-0.0044115
-0.0018611
-0.0083736
0.0069839
0.0083291
0.0099074
-0.0068692
-0.0060372
0.0066886
-0.0018105
-0.0006353
3.2e-5
0.0063946
0.0008981
0.004405
-0.0014902
0.0017342
-0.0002016
0.0083641
0.0078027
-0.0072802
-0.0054323
-0.0043878
-0.0073146
-0.0068936
-0.0052448
-0.0078039
-0.0008341
-0.0071638
0.0089831
-0.0016159
-0.0034789
0.0050787
0.0069767
0.0007566
0.0020963
-0.0084847
0.0085575
0.0072988
0.0060402
-0.0007231
0.0078428
0.0072206
0.0086395
0.0051423
0.0063943
0.0060361
-0.000851
0.0048806
0.0057377
0.0008792
-0.0099392
0.0044943
-0.0065406
-0.0019151
0.0011138
0.0046879
-0.0090617
-0.0022639
5.2e-6
-0.0051741
3.01e-5
0.0047464
0.0080001
-0.0007533
-0.0087438
-0.0008769
-0.0055236
-0.0085673
-3.77e-5
0.0045895
-0.0034138
0.0008617
-0.00891
-0.0014341
-0.0020298
-0.0051799
-0.001056
0.001352
-0.0067258
0.0052107
-0.0092544
0.0028318
-0.000611
-0.0015826
0.009171
-0.0091879
0.0014026
0.0035568
-0.0044808
-0.0007913
-0.0097818
-0.0039799
-0.0023892
-0.0091359
-0.0073247
0.0059411
-0.0003545
0.004267
0.0051724
0.0092784
-0.0023253
0.0020381
0.0018411
0.007244
-0.0021626
-0.009946
-0.0028252
-0.0089163
-0.0090456
-0.0003689
0.005458
0.0088363
0.0095372
-0.0032039
-0.0012934
0.0004898
0.0087527
0.0056784
-0.0081037
0.0092775
-0.0083711
0.0080883
0.0055268
0.001372
0.0061318
0.0087
0.0025565
-0.0069613
0.0072948
-0.0004957
0.0081509
0.0085553
-0.0083072
0.0065816
