-0.0094259
-0.0077457
-0.0054457
0.0078881
0.0018457
0.0063114
-6.6e-6
0.0052101
-0.0061428
0.0003753
-0.0038456
-0.005228
-0.0073251
-0.0074299
3.41e-5
0.0091042
-0.0091288
0.0057819
-0.0057363
-0.0017255
-0.001375
-0.0071262
0.0047781
-0.0017309
0.0061047
0.0010626
0.0044973
0.0093463
-0.0003937
-0.003036
-0.0015398
-0.009689
0.0021782
0.001995
0.0095865
-0.0031615
0.0009676
0.0088315
0.0012058
-0.0022758
-0.0049079
0.0060331
-0.0055239
-0.0044819
0.0047564
-0.0027785
0.0008844
0.0040047
0.0024014
-0.0059734
0.0042889
-0.008415
0.0023148
0.0034245
-0.0021214
-0.0019041
0.008677
-5.42e-5
-0.0075151
-0.00353
-0.0082632
0.0071202
0.0069704
-0.0052449
0.0006646
0.0097504
-0.0089437
0.0092524
-0.0004424
-0.0058998
0.0010256
-0.0051733
-0.0063984
-0.0015956
-0.0017013
-0.0011165
-0.0095044
-0.0017188
0.0064658
0.0091957
-0.0008543
0.001799
0.0073059
0.0049541
0.0045628
-0.0014328
0.0042692
0.0055221
0.0039132
-0.0028436
0.0051114
-0.005127
-0.0034035
-0.0071294
-0.0083962
0.0023169
0.0018627
0.0090344
-0.0006765
0.0095506
-0.0015727
-0.0074643
0.0014333
-0.0028793
-0.0014567
0.007744
0.0028963
0.0050836
0.0055979
-0.0039153
-0.0021255
-0.0065894
0.0067248
-0.0078243
-0.0017081
0.0050639
0.0095797
0.000271
0.0053805
0.0022651
0.007853
-0.0097493
0.0046763
-0.000191
0.0080831
0.0086071
-0.0074837
0.0034526
0.0029173
0.0027149
-0.0069477
-0.0063574
-0.0014689
0.0028703
0.0042662
0.0018262
-0.0014978
0.0083947
0.0095253
0.0054321
0.0015275
0.0062809
0.0033665
-0.0056754
0.008266
0.004454
0.0089008
-0.0022367
-0.008693
-0.0018654
-0.0043421
0.0028542
-0.0028506
0.001408
0.0087672
-0.0035922
0.0055408
0.007318
-0.003177
0.0045029
-0.0065523
0.0056858
0.0066145
0.0093329
0.007866
0.0058209
0.0015495
-0.0030799
-0.0045166
-0.0097927
-0.0028462
0.0069221
0.0015138
0.0003329
-0.0074694
-0.0016251
0.0004755
0.0010345
0.0076636
-0.0057976
0.0005878
0.0003911
0.0057429
-0.0007459
0.0057674
0.0006699
0.0002337
0.0044156
0.0095228
0.0067431
0.0053846
-0.0004334
0.0069911
-0.0046553
-0.0080096
-0.0084718
-0.0007804
-0.0088938
-0.0024256
-0.0082377
-0.0067927
0.0058959
0.0029501
-0.0037103
0.006902
0.005549
0.0021679
0.0052475
-0.0016074
0.0053685
-0.0035899
0.0040985
0.0001078
-0.0003648
-0.0025433
0.0076823
-0.0099976
0.0034456
0.0002543
0.0019395
-0.0043172
-0.0006093
0.0029203
0.0075799
-0.0080476
-0.0008577
0.0072667
0.0087504
-0.0068404
-0.0003699
-0.0004369
-0.0090687
-0.0079258
0.0037303
0.0082607
-0.0066285
0.0003903
-0.0008575
0.0085134
-0.0087348
-0.0003457
0.0033957
0.0072727
-0.006184
0.0074631
-0.0067017
0.0074247
0.0025039
0.0077616
-0.0036366
-0.0017696
-0.0090286
-0.0061727
-0.0006499
-0.0004097
-0.0001805
0.003279
-0.0028404
-0.0010266
0.0002937
-0.0098554
-0.0047631
-0.0018016
-0.0040292
-0.0051878
0.0087701
-0.005176
-0.0049903
0.0022975
0.0027116
-0.004777
0.0098282
0.0021197
-0.002363
0.0074428
0.003862
-0.0092328
-0.0060583
-0.0077937
-0.0053587
0.009292
-0.0040631
-0.0092508
-0.0011027
0.0067372
0.0035825
-0.0044723
0.0083177
-0.0080058
-0.0015879
0.0064226
0.008738
-0.0029174
-0.0010829
0.0024529
-0.0072942
-0.0026402
-0.0059974
0.0058264
0.0027588
-0.0019612
0.0074552
0.0081867
0.0083112
-0.0058638
0.0041774
0.0053211
0.0048562
-0.0013245
-0.0054909
-0.0007377
-0.0033477
0.003355
-0.0004595
0.0054504
-0.0077148
-0.005003
0.0023171
0.0066832
-0.0057501
0.0077972
-0.0079479
0.0014696
0.0040424
-0.0094221
0.0099988
0.0029571
-0.0044005
0.0068891
0.0053572
0.0052264
0.0037208
-0.0097344
0.0040926
0.0043788
-0.0019058
-0.0006954
-0.0055482
0.0070117
0.0013584
-0.0053219
-0.0082651
0.0028635
-0.0069817
0.0034731
-0.0004014
0.0097372
-0.0016253
0.003137
-0.0011972
0.0075098
0.0010702
0.0076158
-2.57e-5
0.0053364
-0.0044849
-0.0051839
0.0049654
0.0059721
-0.0088441
-0.0086226
0.0038974
0.0061743
0.0058633
0.0041248
0.0037357
-0.0056063
0.0031766
-5.02e-5
0.0058957
-0.003218
-0.0047482
-0.0058168
0.0027196
-0.0009465
0.0092535
-0.0050465
0.0046861
0.0093814
0.0059632
-0.005165
0.0091456
0.0012837
0.0012799
-0.004937
-0.0066289
0.0083661
-0.0017797
0.0039524
-0.0011502
0.0055045
-0.0033879
0.0082972
-0.0018337
0.005846
0.0041632
-0.0007341
0.0009769
0.0056487
0.0018552
-0.0083672
-0.0007471
-0.0055419
-0.0020136
0.0049858
-9.3e-6
-0.0068594
0.0090062
-0.0057799
0.0043322
0.0062992
-0.0022749
0.0005319
-0.0060829
-0.0007578
0.0082353
-0.0004319
0.009451
0.0020937
0.0061225
0.0086848
0.0010933
-0.0040618
-0.0037384
0.002707
-0.0045941
0.0091772
-0.0045715
-0.0091972
0.0041028
-0.0096217
-0.0013533
0.0054923
-0.0064085
-0.0033419
0.0084294
0.0036327
-0.0014329
-0.0035382
0.006954
-0.0017581
0.0027243
0.0081276
0.002222
0.0060074
0.0038993
-0.004385
-0.0055365
-0.0051988
-0.0003778
0.0083035
0.0049228
-0.0072185
-0.0057939
-0.0036836
0.0065041
0.0052029
7.97e-5
0.0093491
0.0030763
-0.0055326
-0.0067643
0.0068053
0.0079906
-0.0069575
-0.0099957
-0.0009986
0.002345
0.0087714
-0.0075191
-0.0037332
0.0005308
0.0056362
-0.0079199
0.0087058
-0.0011869
0.0083313
0.0097793
0.0088889
0.0031802
0.0053136
0.0002078
-0.0048413
-0.003707
-0.0004421
0.0061685
0.0088867
0.0085758
-0.0051816
-0.0005665
-0.0064049
-0.0007122
-0.0067004
-0.0047996
0.0038414
