0.0043528
0.0008867
0.0055367
-0.0029626
-0.0075649
-0.0027425
0.0055967
-0.0077164
-0.0084219
0.0004636
-0.002372
0.0031105
0.0034858
-0.0074182
0.0028161
-0.0003726
0.0010348
-0.0044349
0.0064021
0.0084143
0.0049462
0.0088357
0.0025024
-0.0007887
-0.0064963
-0.003985
0.0033094
0.0037866
-0.0078049
0.0039174
0.0019509
0.0072014
0.0053571
-0.0036296
0.000461
-0.0077141
0.0033848
0.0086992
0.006355
0.0013333
0.0055269
-0.0092013
-0.0091939
-0.0029712
-0.0025978
-0.0013884
-0.0074293
-0.0090579
0.0038897
-0.0023923
-0.0096602
0.0070618
0.0007759
-0.0076527
-0.0085055
0.0028563
0.0091552
0.0008236
-0.0056879
-0.0095122
-0.0056639
0.0078626
0.0036791
0.0010048
0.0016585
-0.0082011
0.0073245
0.00144
-0.0080131
-0.0088585
0.0033843
0.003181
0.0023171
0.0059953
-0.0061768
0.008069
0.0074626
-0.0071559
0.0074451
0.0041208
0.0023117
-0.0029603
0.001366
0.0060106
0.001321
0.00476
-0.0027981
-0.0030887
-0.0086432
0.0020544
4.01e-5
-0.0027946
-0.0093328
-0.0024069
-0.0067484
0.0061001
0.0060781
0.0024824
0.0057932
0.0042344
0.0012013
0.0048568
-0.0003298
-0.00291
-0.003862
0.0038833
0.0010195
-0.006295
0.0044829
-0.0078953
0.0082602
-0.0051317
-0.0074115
0.0098099
-0.0094235
-0.0007461
-0.0054785
0.0007283
-0.0063238
0.002362
0.0035036
-0.0069289
-0.0072985
0.0046398
-0.0036164
0.000468
0.0067563
0.0066994
0.0008488
0.0086468
-0.0092421
0.0047027
-0.0073618
-0.0091461
0.0027064
0.007533
0.0092038
-0.0074
-0.00749
0.0043346
3.97e-5
-0.0087349
0.0042966
0.0066719
-0.000152
0.0087056
0.0074398
-0.0069116
0.0044013
-0.0008162
0.0018067
0.0098889
-0.0047684
-0.0098204
0.0074853
-0.0030378
0.0041085
-0.0050939
-0.0011649
-0.0010352
-0.0022754
0.0072067
0.004381
0.0066155
0.0094947
0.0040628
0.003585
0.0024158
0.0035957
0.0093565
0.0025873
0.0030292
-0.0071089
0.0023019
-0.0012221
0.0044959
0.0025132
0.0085447
0.0069944
0.0051825
0.0082938
-0.0090641
-0.0031946
-0.0056238
-0.0040981
0.0015246
0.0031683
0.001856
-0.0046182
0.0044001
-0.0024011
-0.0034248
-0.0005107
0.0078505
-0.0090189
-0.0038003
-0.0012524
-0.008502
0.009742
-0.0047322
0.0061595
0.0096444
0.0011473
-0.0043855
-0.0084212
0.0077862
-0.0079292
0.0039693
0.0021194
-0.0050295
0.0070835
0.0003279
-0.008734
0.006891
0.0065828
-0.0077041
-0.0060747
-0.0004957
0.0099587
0.0093485
-0.0057959
0.0009429
-0.0046622
0.0002812
0.0020918
0.0083938
-0.0002254
-0.0064661
0.0090771
-0.0077903
0.0099788
0.0022531
-0.0094039
0.006032
0.0098798
-0.0016263
0.0008648
0.0009004
0.0062066
-0.0061849
0.0089934
-0.0048779
-0.0096996
0.001121
0.0003533
-0.0016848
0.0033264
-0.0044974
-0.0021579
0.0042871
0.0049302
0.005183
0.0057693
0.0041338
-0.0015759
-0.0076386
-0.0085244
-0.0025195
-0.0047211
0.0078495
-0.0093913
0.0090393
-0.0099179
0.0007272
0.0007134
0.0034056
0.0070768
0.0070177
-0.00833
-0.0054234
-0.0043046
-0.0084474
-0.0057055
0.0081146
-0.0020325
0.0088436
-0.0074421
-0.0043276
0.0004887
0.004943
0.0029816
0.0038186
-0.0089948
0.0066225
0.005783
-0.0005982
0.0064048
-0.0006762
0.0071097
0.0031523
-0.0042196
0.0081458
-0.0031305
-0.002174
-0.0078527
-0.0066231
0.0010563
-0.0081549
-0.008098
-0.0007465
-0.0002639
0.0089846
-0.0082581
-0.0084984
0.0054284
-0.0034468
-0.0019899
-0.0083904
0.0098078
0.0034338
-0.0016945
-0.002712
0.0024382
0.0089369
-0.003432
-0.0042397
6.51e-5
-0.0071479
-0.0067112
0.0017335
-0.0020134
-0.0012221
0.0094942
0.0004763
0.0019683
-0.0087424
-0.0006964
-0.0064215
-0.0074218
0.0043862
0.0008419
-0.001927
0.0034911
-0.009988
-0.0061155
0.003976
-0.0044154
-0.0067797
0.0096715
0.0065686
0.0088925
0.0011188
-0.0041774
0.0002733
0.0082547
-0.0017017
0.0033943
0.0082745
-0.0018821
-0.0045661
0.0072322
-0.0089785
0.0038533
0.008513
0.0039163
-0.0054255
0.0023881
-0.0021105
-0.0033895
-0.0052386
0.0050141
0.002128
0.0098966
-0.0012347
-0.0049603
0.0002126
-0.004389
0.0054357
-0.0081551
0.0015619
0.0086588
0.0036342
-0.0069961
0.0058887
-0.0061698
0.002021
0.0053653
-0.0086131
-0.0093469
0.0086161
0.006901
0.0071008
0.0016632
-0.0075347
-0.0076933
0.0029837
-0.0029856
0.0001536
0.0038419
0.0034271
-0.0017622
0.0030918
0.0068367
0.0015638
0.0052617
0.001787
0.0096612
0.0086451
0.0086925
0.0018467
-0.0049218
0.0008906
0.0072349
0.0004183
0.0048516
0.0043207
0.0029903
0.0004758
0.0068033
-0.0005135
-0.000102
0.0013669
0.005979
-0.0017174
0.004034
0.0089736
0.003578
0.0001408
-0.0019295
0.0001975
-0.0002599
-0.0059312
-0.0072075
0.0033704
-0.0009154
-0.0018867
-0.0015361
-0.0039727
-0.0035639
0.0081081
0.008448
0.0029937
-0.0003144
0.0066149
-0.0057844
0.0051717
-0.0004998
0.0042613
0.0082784
0.0077875
0.0069495
-0.0073006
-0.0096867
0.0048081
0.0023989
0.0067173
-0.0041027
-0.001099
0.002457
0.0031265
0.0042558
-0.0098436
0.0075163
-0.0076476
-0.0094523
-0.0061818
0.0059251
-0.0046737
-0.0001952
-0.0008211
0.0078232
0.0064375
-0.0099266
0.0081362
-0.009448
-0.0015077
0.0004619
-0.0045428
0.0019234
-0.0014821
-0.0048489
-0.0016748
0.0039445
-0.0002868
0.0089198
-0.0085566
0.0022413
0.0059248
-0.0019814
-0.0008349
-0.007121
-0.0037278
-0.0030619
0.0091038
0.0064936
0.0082447
-0.0080621
0.0087344
-0.0028974
0.0072418
0.0058925
-0.0029955
-0.0033577
0.0059357
-0.0099413
