0.0017969
0.0077738
-0.0086979
0.0044518
0.0055218
-0.0032041
0.0055461
-0.0081387
0.0038095
-0.0074064
0.0019492
-0.0022701
-0.0090677
0.0053059
-0.004478
0.0026339
0.0034785
0.0069997
0.0034754
0.0072595
0.0035683
-0.0048178
-0.0008711
0.0019633
0.0069655
0.0029238
0.0029114
0.0043417
0.0031113
0.0079705
-0.0049053
0.0029345
0.0025761
-0.0065311
-0.0094899
0.007658
-0.0004979
0.0039309
0.0054319
-0.0014772
0.003558
0.0063828
0.0062853
-0.0003989
0.0081586
0.0068917
0.0055998
-0.0026468
-0.0029084
-0.0073791
0.0043775
-0.0031171
-0.0056824
-0.008958
-0.0005867
-0.0073993
0.0091671
-0.0078846
0.0024567
0.0030017
-0.00968
-0.0033809
0.0025455
0.0044501
0.0077347
0.007304
-0.0082398
-0.008274
-0.0019486
-0.0094544
-0.0061398
-0.0052086
0.0018489
-0.0012751
0.0032503
-0.0001107
0.0077783
-0.0016642
-0.0091403
0.0040827
0.0042476
-0.0071839
-0.0014581
0.0047963
0.0015027
-0.0090413
-0.0070729
-0.0060212
0.0076153
-0.0028184
0.0020899
0.0046433
-0.0060077
0.0052935
-0.0046392
0.0028254
-9.8e-6
-0.0051609
-0.0029981
0.0042364
-0.0005355
0.0077555
0.0092162
-0.0034095
-0.0018265
-0.0003363
-0.0099948
0.000202
-0.006221
-0.0034313
-0.0072003
-0.0099863
0.0036927
-0.0018613
0.0077857
-0.003598
0.0010747
0.009034
0.0049982
-0.0087654
-0.0089521
0.0049969
-0.0003167
0.0060616
-0.0087466
-0.0004287
0.0096283
0.0037328
0.0041466
0.0041766
0.0043577
-0.0005378
-0.003631
-0.0080974
0.0023622
0.0003067
0.0002981
-0.007062
-0.0015357
-0.0009565
0.0024172
-0.0093059
0.0021487
-0.0007963
-0.0006629
-0.0056589
-0.003577
0.000546
-0.0059327
0.0089862
-0.0064946
0.0082467
0.0046067
-0.0096961
0.0099649
-0.006809
-0.0047373
-0.0033141
-0.0085273
0.0034157
-0.0062156
0.0025169
0.0089399
0.0099164
0.0097825
0.0010938
0.009453
-0.0024764
-0.0087296
0.0062023
0.0076218
-0.0002987
0.0016575
0.0050249
0.000298
-0.00212
-0.0072843
0.0076998
-0.0057659
0.007879
-0.0044154
-0.0084228
0.0095323
0.0097328
0.002008
-0.0025763
-0.0081007
0.0071968
0.0055353
-0.0077963
0.0076177
0.0064268
0.0074984
0.0049319
0.005452
0.0058074
-0.0062067
0.0013583
0.0069761
0.0060782
-0.0048103
-0.0081234
0.003987
-0.0077908
0.0004808
0.0011721
0.0084877
-0.0048702
-0.0050877
-0.0081421
0.0029808
-0.0012183
0.0083466
0.002778
-0.0042482
-0.0086935
-0.0052094
0.0035099
-0.0098222
-0.0057705
-0.0077911
0.00222
-0.0082043
0.003378
-0.0095419
0.0050241
0.0023192
0.0008068
-0.0072339
-0.0084113
0.0053837
0.0068552
0.0026058
-0.0047377
-0.0092362
-0.0078998
-0.0078632
-0.0023076
0.0031429
-0.0012353
0.0032125
-0.0009494
-0.0022524
0.0087199
0.0064087
-0.0064497
-0.0037738
0.0042646
0.0090343
0.0017549
0.0025822
-0.0050273
-0.0076805
-0.0009966
0.0012785
0.0032159
0.0052706
-0.0027086
0.0002011
-0.0031699
0.006636
-0.0031896
0.0012062
-0.003307
0.0092773
-0.0091793
0.0091563
0.002953
0.0023523
-0.0041914
0.0073407
-0.009094
-0.000179
0.0062382
0.0006472
0.007657
-0.0065072
-0.0037441
-0.0061579
-0.0056821
-0.0042909
0.0077739
-0.002037
-0.0030377
-0.0097482
0.004806
0.0025567
-0.0075014
-0.0082553
0.0095759
-0.0049522
0.0027328
0.0042184
0.0067295
0.0070778
-0.0056925
-0.0073695
-0.0009262
0.0087428
-0.0067344
0.0082293
-0.0059608
-0.0003513
0.0061597
0.0019062
-0.0050018
0.0068265
0.0088426
0.0056362
-0.0072836
0.0056086
0.0054036
-0.0026825
0.006667
-0.004215
0.0064906
-0.002365
0.0026524
0.0085646
0.0078701
0.0030362
-0.0079789
-0.0045833
-0.0076213
-0.003168
0.0059646
-0.0072994
0.0015599
-0.0007146
-0.0029036
0.0013033
-0.0018987
0.0050894
0.0021641
0.0058664
0.0024799
-0.0016803
-0.003664
-0.0026918
0.0051157
-0.0096689
-0.0007146
0.0043059
0.0086156
0.0071525
0.0089124
0.0051804
-0.0072663
4.76e-5
-0.0058773
0.0030999
0.0005373
-0.0002804
-0.0076561
-0.007259
-2.8e-5
-0.0062772
0.0091652
0.0091081
-0.0017879
-0.0041446
0.0022058
0.0076917
0.0084435
0.0040142
-0.0012269
0.0026165
-0.0070268
-0.0006674
0.0020243
-0.0074853
-0.0087499
0.0010518
0.0086895
-0.0096157
0.0037111
-0.003422
-0.0034972
0.0072011
0.0022847
0.0048994
-0.004492
0.0075174
0.0030066
0.0073147
0.000134
0.0056226
0.004532
0.0056459
0.0010387
0.0091357
-0.0011097
0.0003377
-0.005437
-0.0006822
-0.003201
0.001391
-0.009582
-0.0033604
0.001476
0.0045722
-0.0056935
-0.0089539
0.0054587
0.0090358
0.0055049
0.0014493
0.0028338
0.0042608
-0.0099349
-0.0017878
0.0040643
-0.0075668
-0.0072894
-0.0048595
9.3e-6
0.0077136
0.002788
-0.0098748
0.0083863
-0.0098204
0.0002529
0.009968
0.0064906
0.0091407
-0.0042936
0.0045148
0.0094273
0.0077878
-0.0011293
0.0084887
-0.002557
-0.0079574
0.0008028
-0.0049438
-0.0023123
0.003207
0.0078039
0.0038504
0.00573
0.0032119
0.0094106
-0.0097467
-0.009195
-0.0004148
-0.0022447
0.0098047
-0.0086184
0.0086104
0.0043455
-0.008714
0.0064217
0.0099751
-0.0081728
-0.0040478
-0.0071323
0.0031728
-0.0053999
0.0064914
0.0077597
0.0054873
-0.006144
-0.0084443
0.001107
-0.0039482
0.0060709
-0.0025457
-0.0049806
-0.0052834
0.0061518
0.0081477
0.0089104
0.0017514
-0.0089543
0.0074581
0.0011803
-0.0029335
0.0073553
-0.0076295
-0.0046556
-0.0004874
0.0047041
0.0055908
-0.0062525
-0.0049758
0.0011083
-0.0031312
-0.0058155
0.0095734
0.0001196
-0.0051069
-0.0077323
-0.0013262
0.0077718
0.0010009
