0.0042455
-0.0034775
0.0026885
0.0050809
-0.002217
-0.0029897
0.0044323
-0.0083734
-0.009789
0.0054803
0.0089923
0.0073343
0.0039617
-0.0077928
0.0030112
-0.004561
0.0099826
-0.0049582
-0.0081204
-0.0028322
-0.0026811
0.0067057
-0.0055245
0.0004074
0.00367
0.0073298
0.0094258
-0.0045337
0.0011407
0.0069705
0.006623
-0.0085946
0.0016974
0.0008835
-0.0073937
0.0065419
0.003535
0.0018535
0.0098425
-0.0068631
-0.0008255
-0.0048805
0.0032701
0.0012819
-0.0041536
-0.0075838
0.0002432
0.0009842
-0.008812
0.0097872
-0.0032073
-0.0001387
-0.0054259
0.0017917
0.0060967
-0.0081001
-0.0026986
0.0078458
-0.0096571
-6.53e-5
-0.0001701
0.0075598
0.0076339
-0.0038132
0.0090184
0.0057277
-0.002932
0.0093527
-0.0043551
0.0022677
-0.0031558
-0.0047381
0.0061393
-0.0048141
0.0098456
0.0031015
0.0073618
0.0024616
0.0004108
-0.0029347
-0.0054199
0.0030494
-0.0028935
-0.004485
0.0078834
0.0069408
0.0096943
0.0076874
0.0035027
0.0049713
-0.0039659
-0.007454
0.0094773
-0.0021269
0.0060584
-0.0023046
-0.0031849
-0.0042006
0.0025077
0.0056507
-0.0065252
-0.0064698
-0.0082582
-0.0097285
-0.0039324
-0.0086177
0.0025001
-0.0013124
0.0068178
0.0076705
-0.0032713
0.0057662
-0.0042239
9.24e-5
0.0052777
-0.0070555
-0.0085408
0.006935
0.0090017
-0.0080313
0.0085156
-0.0029134
0.0066344
-0.0059844
0.0033276
0.0058133
0.0062601
-0.0036788
0.0099296
-0.006523
-0.0011659
-0.0016158
0.0030851
0.0020447
0.0087429
-0.0037017
-0.0017801
0.001879
-0.0002815
0.0014203
0.0085908
0.0080943
-0.0014153
0.0017081
-0.0014601
0.0066533
-0.0001914
0.0002921
0.0050569
0.0028375
0.0048046
-0.0048009
0.0003653
0.0066456
-0.003691
-0.0075846
-0.0079829
-0.0060171
0.002282
0.0044645
-0.0064232
0.0077532
0.0011586
-0.0083479
-0.0007121
0.0046104
0.004705
-6.02e-5
-0.0077208
-0.0008478
0.0009576
-0.0055413
0.0019823
-0.0080949
0.0052906
0.0041454
-0.0004021
-0.0065461
-0.0056576
-0.000842
-0.0051178
0.0013103
-0.0009198
0.0061641
-0.0043548
0.0018967
0.0062594
0.0042786
-0.0033336
0.0079157
2.87e-5
0.0054517
-0.0027097
-0.0030467
0.0053253
0.0007004
0.0057849
0.0012379
-0.0032613
-0.0097881
0.0029794
-0.0048434
-0.0004332
0.0024484
0.0025743
-0.0006633
-0.0061069
-0.0089313
0.009899
-0.0041447
0.0047363
-0.0036928
-0.0085789
-0.0019644
-0.0051401
0.0078655
-0.0036458
-0.0032554
-0.0075889
0.0063972
-0.0004958
-0.0010177
-0.0048027
-0.0021751
-0.0004367
0.0006571
-0.0088581
0.0044417
0.0011913
0.0087282
0.0072208
0.0043389
0.0082797
-0.0097514
-0.0097291
-0.0098134
-0.0070322
0.0017209
0.0052219
-0.0072823
0.0003975
-0.0096442
-0.007076
-0.0001398
-0.004233
0.0007415
-0.0030868
0.0091442
-0.0004076
-0.0098183
-0.0022903
0.0025164
-0.0079758
0.0008081
0.0092435
-0.0079844
0.0034867
0.0015261
-0.0041025
-0.0025992
-0.005345
-0.0021707
0.0017227
0.0018374
-0.0002177
0.0032203
0.0044596
-0.0028357
0.002386
0.0056038
0.0053598
0.0012375
-0.0082786
0.0042266
0.0009904
-0.004714
0.0054797
0.00683
0.009985
-0.0064672
-0.0030672
-0.0073901
-0.0026434
-0.003147
0.003739
0.0013111
0.0024616
-0.0072626
-0.0050601
0.0098019
0.0016835
-0.0047409
0.0029539
-0.0006919
-0.0018237
-0.0079106
-0.0018453
-0.0061179
0.0080614
0.000411
0.0005032
-0.0006999
-0.0093207
-0.0099124
-0.0003921
0.0077492
-0.0040536
0.002812
-0.0063366
-0.0064991
-0.0086113
0.0054998
0.0036379
-0.0008318
0.0060964
-0.0082186
-0.0019527
-0.0017905
0.0027049
0.0032971
-0.0068076
-0.009485
0.003052
0.0067098
-0.0045406
-0.0004266
0.0037537
-0.0043164
0.0063879
-0.0052693
0.0024349
-0.0012714
-0.0009299
-0.0011648
0.0003371
0.002587
0.0067447
0.002966
0.0043828
-0.0050374
0.0067707
0.0057165
0.0007311
0.0058412
0.006355
-0.0026702
0.0050527
-0.0080057
-0.0031492
0.009066
-0.005298
0.0049737
0.0045834
0.0055487
0.0087379
0.0037515
-0.0084109
-0.0023164
-0.0078566
-0.0049613
-0.0011237
-0.0038375
-0.0030765
-0.0085212
-0.002019
-0.0091917
-0.002588
0.0031309
0.0030175
-0.0044335
-0.0064271
0.0071377
0.0056993
0.0003301
-0.0086102
0.0003112
0.0092526
0.0086069
-0.003422
-0.0018961
0.0044487
0.0041465
0.0041649
0.0077287
0.0063714
-0.0079771
-0.0065393
-0.0028171
0.0054834
-0.0024389
-0.0014309
0.0097406
-0.0070763
-0.0001207
-0.0042524
-0.0032179
0.0071853
0.0045094
-0.0009942
0.0021698
0.0076317
0.0056009
0.0068864
-0.0097514
0.0087726
-0.0020582
0.0079664
-0.0065339
0.0024518
-0.003218
0.0050381
-0.0009778
-0.0050115
-0.0020498
-0.0006672
-0.0019771
-0.0067853
-0.0026178
-0.0083554
0.0087818
0.0009825
0.0088363
-0.0024384
-0.0008646
0.0026419
0.0013435
0.003686
-0.0046723
0.0033299
-0.0017346
0.0010176
0.0067079
-0.0054653
0.0046983
-0.0033228
-0.0050288
-0.0004958
0.0039028
0.0087924
-0.0096583
0.0038189
-0.009702
-0.003751
0.0025913
-0.0064214
0.0007828
-0.0085263
-0.0065935
0.0096349
-0.0035954
-0.0009016
0.0089447
-0.0071245
0.0028824
0.0088285
-0.0096369
0.0074586
0.0071936
-0.0008799
0.0076521
0.0088985
-0.0020195
0.0055962
-0.0020493
-0.0081871
0.0019779
-0.0074875
0.0077577
-0.008378
0.0096217
0.0047898
0.0087559
-0.0046392
0.0056779
0.0054654
0.0066384
0.0004775
0.0058506
-0.006829
0.0005905
0.0076843
0.0047349
0.0078936
-0.002585
-0.0081512
0.0078579
-0.0011162
-0.0035328
0.0096623
0.005786
-0.0001029
0.0008979
0.0008238
0.0099737
0.0068271
