-0.0015201
-0.009878
0.0036832
0.0004023
0.0007719
0.0090097
-0.0065047
0.0043037
-0.0072176
0.0015613
0.0040801
0.0094015
0.0083991
0.0046388
0.0032034
-0.0070281
-0.0027566
0.0028536
0.0081862
0.0066234
-0.002252
-0.0025312
0.0050039
-0.0002439
-0.0038875
0.0004104
0.0044083
6.49e-5
0.0022681
-0.0010112
-0.0076983
-0.0054603
-0.0090455
-0.0094241
0.0014231
-0.0010181
-0.0067458
-0.000731
0.002574
-0.0080079
0.0099176
0.0001225
-0.0089828
0.0060624
0.0022256
-0.0025911
-0.004285
0.0060011
-0.0048645
-0.0015625
0.0049466
0.0096974
0.0022805
0.0064904
-0.0081382
0.0005217
0.0070797
-0.0045302
0.004807
0.0038439
-0.0012961
0.0018375
-0.0091001
0.0043327
-0.0042113
0.0070262
-0.0059203
-0.0078189
0.0072404
0.0060065
0.0089669
-0.0050796
0.0046957
-0.0093308
0.0014952
-0.004465
0.00651
0.0042668
0.0012823
-0.0042031
-0.0078821
0.0085387
0.0093759
0.0036587
-0.0065847
0.0041113
-0.0086837
-0.005487
-0.0084734
-0.0087806
-0.0050375
-0.0077835
0.0026308
-0.0003324
-0.0085076
-0.003864
0.0052365
-0.004095
-0.0069111
0.0065281
-0.0099538
8.35e-5
0.0056872
0.0059238
-0.0095381
-0.0012388
-0.0077474
-0.0045367
-0.0049283
-0.0057968
0.0013481
-0.0084798
-0.0004617
0.0045875
0.0022097
0.0078188
0.0031148
-0.0097643
0.0015934
0.0080947
-0.0030458
0.0028051
-0.0098327
0.0031505
-0.0070864
-0.0039654
0.0045647
-8.1e-6
-0.0060972
-0.0026118
0.0067419
0.0094151
-0.0056222
-0.0068085
-0.0058373
-0.0028499
0.0096112
-0.0052093
0.0017651
0.0052381
0.0067828
0.0057019
-0.0032018
0.0029231
0.0079321
0.0086928
-0.0062934
-0.0026934
0.0025268
-0.0068564
0.0029543
-0.008879
-0.0036085
0.0004108
-0.0033934
0.0013222
-0.0045281
0.0033161
0.004643
0.0007452
0.0004331
0.0081821
-0.0074141
0.0082337
0.0090151
0.0065798
0.0096693
0.005735
-0.0095989
-0.0035698
0.0084386
0.0093088
0.0030429
0.0049552
0.0043579
0.0046231
-0.0064281
0.0053818
-0.0096063
0.0031364
-0.0027804
0.0057245
0.0014154
-0.0072271
-0.0072919
-0.0002901
-0.0053665
-0.0014497
-0.0036007
0.0050824
-0.0081897
0.0093061
0.0072634
0.0023796
0.0067815
0.0048442
0.0035141
-0.0022726
0.0099224
0.0097061
-0.0045027
0.004642
-0.0075671
0.0036047
0.0028382
-0.0015383
0.008591
0.0032754
-0.0016434
0.00334
-0.007275
0.0035882
0.0096917
-0.0041148
-0.0069938
8.32e-5
0.0092041
0.0094227
-0.0031384
0.0086764
-0.0005383
0.0003642
-0.0007695
0.0079873
0.001642
0.0074532
0.0048437
-0.0065456
-0.0087596
-0.0085177
0.0022425
-0.0053166
-0.0081345
0.0086264
-0.0087202
-0.0098577
-0.0052744
-0.0082478
0.0086309
0.0080196
-0.0084109
0.0016429
0.0062389
-0.0090039
0.0067426
0.0031689
-0.0017419
-0.0042751
-0.0053644
-0.0093246
0.001101
0.0077358
0.008462
0.0026985
-0.0039614
-0.0008476
0.0053721
-0.0050748
-0.0050536
0.0028692
0.0059219
0.0088107
0.0066359
-0.0061984
-0.0004015
-0.0091347
-0.0018462
-0.0045387
0.0072267
0.0068301
-0.0063086
0.0027758
-0.0023446
-0.0071267
0.0028253
0.0020682
-0.0079974
-0.0066205
-0.0032731
-0.0078953
0.0001353
0.0070982
-0.0040457
-0.0004809
0.0028496
0.008938
0.0001624
0.0070021
-0.000101
0.0009863
-0.0087554
-0.0084104
-0.0054886
0.0031099
-0.0074422
-0.0043586
0.0040671
0.0016986
-0.0045374
0.0005706
0.0066966
-0.0077801
0.0073128
-0.00436
0.0010981
-0.0001777
-0.0069061
-0.0057687
0.0017026
0.0099876
-0.0006915
-0.0074335
-0.0033589
0.0056112
-0.003717
-0.0087422
0.0028468
0.0051465
-0.003166
-0.0078754
0.0070193
0.0041993
-0.000907
0.0095998
-0.002779
-0.0011818
0.0046738
-0.0026638
-0.0049787
-0.005963
-0.001525
-0.0038775
-0.0083504
0.0032772
-0.0011948
0.0006855
0.0071935
-0.0037666
0.0062166
-0.0049536
-0.0011481
0.0006975
-0.0001136
-0.009627
0.0075634
-0.0025386
0.0074788
0.0086186
0.0045217
0.0032065
-0.0015249
-0.0018523
0.0089517
0.0090811
-0.0029546
0.0089229
-0.0021992
-0.0062748
0.0035709
0.0070369
0.0048875
-0.0019666
0.009504
-0.0053468
-0.0060834
-0.0003697
-0.0004102
-0.008521
-0.0048338
0.007749
0.0039161
-0.0091285
0.0015231
0.0079689
0.0059678
0.0037371
-0.0041669
-0.0058321
-0.0021272
-0.0041595
-0.0038647
-0.0036599
0.0094522
-0.0039791
-0.0078377
0.0078784
0.0057072
-0.0037739
0.0053103
0.0057163
0.0019669
-0.0021572
-0.0087676
0.0046808
0.0053631
0.0083045
0.0003155
0.0089593
-0.0028167
0.0068977
-0.0054592
0.009514
-0.0031761
-0.0049868
0.008687
-0.003818
-0.0044675
-0.0006953
-0.0047422
-0.0092334
0.006696
-0.0089014
0.0070263
0.0053468
-0.0058223
0.0028899
-0.0038547
-0.006457
0.0090257
-0.0098797
0.0029334
0.000261
0.0029049
-0.0007981
-0.008136
0.006642
-0.0080936
0.0050267
0.0022902
-0.0099944
-0.0052289
-0.0024948
0.007599
-0.0045745
3.1e-5
-0.0085104
-0.0036273
-0.0042916
0.0074327
-0.0097147
-0.0065774
0.0050683
0.0055953
0.0015574
-0.0066336
-0.0032323
0.0082605
-0.0002985
-0.0043543
0.0065173
0.0043236
0.0096283
0.0094858
-0.0016154
0.0061957
-0.0096252
-0.008204
-0.0021011
0.0050033
0.0050456
-0.0034568
0.008691
0.0046975
-0.0057407
0.0007691
-0.0066568
0.0082055
0.0008451
-0.0018104
0.006787
-0.0055066
-0.0080988
0.0057512
-0.0012468
0.0095935
-0.0060617
-0.0048777
-0.0085625
0.0014692
-0.0099631
-0.0057051
-0.0083757
0.001113
-0.0006943
0.0091755
0.0079157
-0.0058708
-0.0085457
0.001987
0.0051001
-0.0041387
-0.0047078
0.0083658
-0.0032398
-0.0085559
