0.0046684
-0.007315
0.0018447
0.0086663
0.0097651
0.0034921
0.0064248
-0.0031814
-0.005824
0.0055074
-0.0073449
0.0064473
-0.0029218
-0.00937
0.006367
0.0093405
-0.0004738
-0.0010799
-0.0020549
-0.0095375
0.0025183
-0.005402
0.0021795
0.0023724
-0.0030663
-0.0096856
-0.0081501
0.0059612
0.0082851
0.0070175
0.0008905
-0.0024169
-0.0002089
-0.0086287
-0.0010068
-0.0027682
0.0027635
-0.007922
-0.009857
-0.000296
0.003273
0.0025215
-0.0051605
-0.0005116
0.0076632
0.0015686
-0.0085189
0.0035939
0.0098137
-0.0008383
-0.0012037
-0.0034796
0.0046379
-0.0053711
-0.0087009
-0.0097446
0.002607
-0.00015
-0.0062144
-0.0037681
-0.0052732
0.0018355
-0.0042447
-0.0096351
0.0016059
-0.0016156
0.0070317
0.0081581
-0.0093846
0.000191
-0.0084282
0.0047523
-0.0080581
-0.0075638
0.0048194
0.0062406
-0.0077152
-0.0075299
0.0044076
-0.0089643
0.0035977
0.0033902
0.0018686
0.006977
0.0073088
0.0075213
0.0052911
-0.0041733
-0.0031787
0.0098046
-0.0046198
-0.0066765
0.0015736
5.27e-5
-0.000869
-0.0037506
-0.0094191
-0.0064144
-0.0070319
-0.0042108
0.0027877
-0.0001495
0.0016664
0.0087953
-0.0057802
-0.0074728
0.0094506
0.0069404
0.0021629
-0.0095223
0.0023138
-0.0035767
-0.0084273
-0.0097941
0.0010651
0.0039023
0.0024011
-0.0091782
0.0074552
-0.0083445
-0.0028494
-0.0095232
-0.005309
-0.0007011
-0.0071553
-0.0035614
0.0051327
-0.0004827
0.0098487
0.0095185
0.0091526
-0.0072426
0.0093071
-0.0049693
-0.0060221
0.0078288
0.0034297
-0.0073662
0.0031988
-0.0040993
-0.0075137
0.0071956
0.0096681
0.007662
-0.0028629
-0.0063599
0.0087413
0.0023593
0.0051267
0.0004728
0.0032738
-0.006428
-0.0093425
0.0067556
-0.0085834
0.0018866
0.0075149
0.0052614
0.0051143
0.0050567
-0.0043032
0.0051323
-0.0048328
0.0057261
0.0053017
-0.0068003
-0.0001053
-0.00935
-0.0046718
-0.0061518
-0.0075191
0.0050736
0.0011563
0.0092797
0.0008163
0.0092573
-0.003337
0.0023074
-0.0099577
0.0007915
-0.0081387
-0.0046074
-0.0022228
-0.0001052
-0.0008023
-0.0030503
-0.0003808
0.0046875
5.2e-6
-0.0078495
-0.0019044
0.0020579
-0.0083808
-0.0036467
-0.0065404
-0.0075612
-0.0025613
-0.0081184
0.0018705
-0.005098
-0.0094398
-0.0070858
-0.0096684
-0.0026583
-0.0091956
0.0061764
-0.0058846
-0.0086971
-0.0058039
-0.0005445
0.0056874
-0.0058877
-0.0076895
0.0024064
0.0027699
0.0065994
-0.008989
0.0052102
0.0086658
-0.0084477
-0.0019849
-0.0040856
-0.0021223
-0.0036479
0.0006446
-0.0004257
-0.0040939
-0.003076
0.0083212
-0.0051248
-0.0059219
0.0006016
-0.0080392
-0.0019103
0.0076471
-0.0012795
0.0087389
0.0030593
0.0054684
0.0032533
-0.0043517
0.0099389
0.0020172
0.0039223
0.0049619
-0.0007073
0.0011429
0.000297
-0.0074513
0.0041283
0.0063157
-0.0015259
0.0005792
-0.0003783
-0.0059929
-0.0074133
0.0032486
-0.0021069
-0.0041513
-0.0054878
-0.0012147
-2.86e-5
0.0064264
-0.000172
0.0047105
-0.0021053
-0.0035804
-0.0031279
-0.0041888
0.0094703
-0.0088988
0.0062458
-0.0004589
-0.0064761
-0.0088062
0.0068165
-0.0016502
0.0064997
-0.005152
0.0022535
0.0059051
-0.0023427
-0.0005548
0.0095128
0.004234
0.0025136
0.0018553
-0.0058344
0.0096725
0.0062864
-0.0093576
-0.0097464
-0.0005374
-0.0008065
-0.0030336
-0.0021296
0.0065691
0.004952
-0.0027425
-0.0043631
0.0033552
0.0095095
0.0027288
0.0020821
0.0080498
-0.0071315
0.0084475
0.0034389
-0.0053773
-0.0037046
0.0037497
0.0099053
0.0058865
0.0047858
-0.0060151
0.0044365
-0.0069595
0.0016183
0.0066745
-0.0024612
0.0041309
0.0018965
0.0038662
0.006387
0.0014512
0.001537
-5.83e-5
-0.0071943
0.0076483
0.0049073
-0.0026003
-0.0039498
0.0070781
-0.0025006
0.0074923
0.007822
0.0024669
-0.0058975
-0.0009849
-0.0016745
-0.0094184
-0.0037877
-0.007845
0.003548
-0.0071192
0.0079507
0.0035381
-0.0027286
-0.0039404
0.0013385
0.0053761
-0.0085825
-0.003778
-0.0026584
0.0045594
0.0078554
-0.0062926
0.0036889
-0.0074102
0.0054464
0.0078421
-0.0094734
-0.0058896
-0.0022331
0.0066834
-0.0070221
-0.006534
0.0081383
0.0027098
0.0088369
0.0063643
0.0041099
-0.0090563
-0.0014618
-0.0024511
-0.0057703
-0.0002071
-0.0049174
-0.0091664
-0.0094454
-0.0062144
-0.0097307
-0.0088136
-0.0036347
0.0028361
0.0096354
0.0026082
-0.0038233
-0.0080121
0.0070205
0.0065568
0.0081219
0.0068316
-0.0074192
-0.0022976
0.0014813
0.0011457
0.0032705
0.0035312
-0.0067112
0.0050651
-0.0004088
-0.0097551
1.5e-6
0.009024
0.0070715
0.0095709
-0.0046293
0.0003076
-0.0078298
0.0053192
0.0099209
-0.008803
0.0062401
0.0007766
0.0033877
-0.0027252
0.0034157
-0.0018571
-0.0090337
0.0032434
-0.0015471
-0.0021585
0.0055731
-0.0062929
-0.0050805
-0.0027924
-0.0064687
-0.0081694
-0.0079083
-0.0001826
-0.0009507
-0.0038064
0.009548
0.0005283
-0.0065703
-0.0074448
-0.0002591
-0.0049558
0.0070017
-0.0094267
0.0071723
-0.0082987
-0.0081507
-0.000501
0.0088097
0.0049764
0.0013916
0.0058091
-0.0065978
0.0011375
0.0042106
-0.0090693
-0.0062416
-0.008584
-0.0083894
-0.0011927
0.0080952
-0.0018243
-0.0066613
0.0003786
-0.0007024
-0.0097756
0.003929
-0.0004322
0.0066231
-0.0019873
-0.0087014
-0.0046442
0.0072759
-0.0074464
0.0005704
0.0038477
0.0009758
0.0065862
-0.0097677
-0.000624
0.0055359
0.0007896
0.0024914
-0.0093107
0.0090603
0.0079961
-0.0011919
-0.0089619
0.0088333
0.0070912
0.0064137
-0.0055084
-0.0072824
0.0085883
-0.0079051
-0.002006
-0.0042236
-0.0068605
