0.0074582
-0.0024195
0.0079413
0.0027238
0.0055986
-0.003984
0.0014433
-0.0079462
-0.0066913
-0.0069502
0.009958
-0.0062683
0.0018154
0.009447
0.0034984
-0.0035892
-0.000449
0.0026997
0.0008093
0.0017431
-0.0087325
-0.0010557
-0.0069967
-0.0098031
0.0048962
-0.000355
-0.0036058
0.0008123
-0.0051863
0.0015736
-0.0028864
-0.0071982
-0.0071685
-0.009557
0.0088346
-0.005066
-0.0037621
0.0052902
0.0088608
0.0050359
-0.0032161
0.0049944
-0.0008078
-0.0056209
0.0082083
0.0052497
0.0091889
-0.0060928
-0.003911
0.0037678
-0.0014704
0.0004122
0.0035448
0.0081678
0.002246
0.0005142
0.0091796
-0.0093381
0.0096607
0.009395
-0.0034287
0.0052761
-0.006598
-0.0002663
0.0048316
-0.000953
-0.0079432
0.0020757
-0.0047145
0.0091876
0.001987
-0.0095346
-0.0066785
-0.0035639
-0.0065484
0.0071609
0.0023483
0.0067123
-0.0021601
0.005479
-0.0011319
-0.0078293
0.0089511
0.004864
0.0041362
0.0019063
-0.0020271
-0.00161
-0.0088604
0.0078489
-0.0098781
-0.0002856
0.0042814
-0.0053918
-0.0060188
0.0080377
-0.0040394
-0.0014989
0.0069276
0.009109
0.0024412
0.0042951
-0.0012537
-0.0004228
0.007511
-0.0053868
-0.0095196
0.0036216
0.0071011
-0.0086437
-0.0072767
0.0027435
-0.003589
0.0005305
-0.0016089
-0.0031732
0.0025799
-0.0052625
0.0014749
0.0046787
0.0092544
-0.0007669
0.0031908
-0.0006895
0.0027263
0.0036851
-0.0082539
0.0045535
-0.0026164
-0.0033883
0.0007933
0.008934
-0.0001374
0.008906
0.0090162
0.0081974
-2.72e-5
0.0002619
0.0067285
-0.0093016
0.0091415
-0.0086429
-0.0030471
0.004623
0.0013853
0.0082896
0.0001489
0.007472
0.0086738
0.0036567
0.0093718
-0.0033685
0.0017215
-0.0011556
-0.0076903
-0.001694
-0.0054138
0.0011163
0.002519
0.0018843
0.0037576
0.0079061
0.0093139
-0.0002859
-0.0086743
-0.0063749
-0.0019075
0.0038414
0.0039673
-0.006528
-0.0090273
-0.0074053
-0.0072272
-0.0003032
0.002911
0.0047006
-0.0049832
-0.0044105
-0.0010773
-0.0024147
-0.00255
-0.0088718
-0.0098686
-0.0097381
-0.0073992
0.0053643
-0.0036318
0.0090292
0.0071988
0.0055114
0.0088227
0.0009963
0.0002439
0.007626
-0.0025308
0.0005145
0.0057226
-0.0053521
0.0052034
-0.0095821
-0.0094484
-0.0077775
0.0093587
-0.0086395
0.0058182
0.0065645
-0.0049976
0.0053777
0.0022831
-0.004005
0.0013944
-0.0038138
0.0071346
-0.0070428
-0.0089224
0.0002167
0.0074696
0.0022268
0.0050503
-0.0023797
0.003574
-0.0065209
0.0037363
-0.0085603
-0.0097523
-0.0095655
-0.0073587
-0.0028009
0.0003417
-0.0094819
0.0021795
7.82e-5
-0.0064147
-0.0039765
0.0091881
-0.0026826
-0.0019526
-0.0042074
0.0002839
-0.0068825
-0.0036745
0.0089839
-0.0034546
-0.0062842
0.0095269
-0.0066791
-0.0072533
0.0092272
0.0017513
-0.0061184
0.0038068
0.000342
-0.0037637
-0.0081147
-0.004893
0.0097418
-0.008287
-0.0070135
-0.0074982
-0.0022423
-0.0022478
0.0031401
0.0051041
-0.0030479
-0.0052567
-0.0008987
0.0054259
0.0059128
0.0068661
-0.0070015
-0.0073445
-0.002763
0.0009777
0.0002342
-0.0042184
-0.0015599
0.0013913
0.0068375
0.0076828
-0.0009494
0.0046942
0.0032174
-0.0087771
0.0088519
0.0095871
-0.0089726
0.0086572
0.0022314
-0.0058453
-0.0028807
-0.0045178
0.0047405
-0.0064969
-0.0071429
-0.0033517
-0.0095261
0.0079684
0.0031615
-0.0086353
-0.0053028
0.0079023
0.0019709
0.0049795
-0.0021077
-0.0066687
0.0029414
0.0064716
-0.0046106
-0.0072186
-0.0018572
0.0058176
-0.0052687
-0.0003852
-0.0050031
0.0093093
0.0024387
0.006156
0.0039099
-0.0008913
0.0055823
0.0024448
0.004049
0.0083704
-0.0045666
0.0019712
0.0091583
-0.0026651
0.0058681
0.0034044
0.0085235
0.0022855
-0.000448
0.0029375
0.0026204
-0.0007916
-0.0013862
-0.0078314
0.0001717
-0.0085008
-0.0099276
0.0016507
0.0090254
0.0046047
-0.0027559
-0.0026435
0.0042894
-0.0065495
-0.0034351
0.0025522
0.0005399
0.0065802
-0.0091021
-0.0004236
0.0074016
0.0020501
0.0029701
0.0025906
0.0094841
0.0076317
-0.0051692
0.0033705
-0.0065069
-0.0059561
0.0035696
-0.0026467
-0.0066945
-0.0018572
0.0009686
-0.0081942
0.0055273
-0.0032412
0.0001178
0.0065493
0.0049202
0.0059865
-0.0054594
0.0067413
5.8e-6
0.0084224
-0.008486
0.009798
-0.0004029
-0.0052958
0.0099121
-0.0037412
0.0011595
-0.0087416
-0.0068179
-0.0068962
0.0017638
-0.0075677
0.0075049
0.0055604
0.009553
0.0083968
0.0048694
-0.0050655
-0.0032195
0.0083498
-0.0052693
-0.0075514
0.0063767
-0.0080712
-0.0070339
0.0061743
-0.0051574
-0.0082608
-0.0057241
0.0072727
0.0025112
0.0085362
-0.0028425
-0.0075983
0.0028925
0.0088214
-0.0050446
0.001488
0.0001518
-0.0026729
-0.0009254
0.0089534
0.0023988
-0.0067705
0.0056747
0.0050624
0.0091742
-0.0053071
-0.0067506
-0.0022133
-0.0048448
0.0039642
0.0028962
-0.0011768
-0.0014574
0.0040581
0.0060665
-0.0010144
0.0094173
-0.0096963
-9.1e-6
-0.0062746
-0.0051613
-0.006665
-0.0073129
0.0029799
0.0031262
-0.008616
-0.0090702
0.006476
0.009866
0.0099005
-0.0012293
-0.0053823
-0.0007952
0.0071636
-0.0063673
-0.0030607
0.0092615
-0.0059947
0.0069031
0.0051212
-0.0006883
-0.0091716
1.7e-5
-0.0015801
-0.0085196
0.0078157
-0.0045113
0.0081632
0.002805
0.0070538
0.0085182
-0.00417
0.0070396
-0.0040607
-0.0099807
-0.0004619
-0.0062677
0.0010564
-0.0024139
0.0022746
0.0032002
-0.0063819
0.0078671
0.0018669
-0.0026168
0.0052904
0.0019245
0.0091816
-0.0071515
0.0082009
-0.006176
0.0018043
0.0009148
-0.005432
