-0.0022622
-0.006084
-0.0025263
-0.0026982
0.0098692
-0.0080676
0.0087898
-0.0014205
-0.0050845
-0.0053104
-0.0068436
-0.0058712
-0.0092984
0.0056505
-0.0096561
0.0006194
-0.0096902
-0.0090626
0.004642
0.0080939
-0.0096585
0.0061778
0.0045092
-0.0092207
0.009589
0.0039767
0.0094964
0.0008119
0.0055591
0.0028845
0.0021783
0.0049158
-0.0069413
-0.0030265
0.0073274
-0.006413
0.0063795
0.0079692
0.0022506
-0.0080419
0.0056125
0.0058455
0.0064792
-0.008346
0.0022198
0.0032033
0.0069819
-0.0027394
-0.0084168
-0.0057545
0.0003586
0.0063133
0.0026256
-0.0088752
-0.0060354
-0.0017607
-0.0068975
0.0071786
-0.0079899
-0.0054587
0.0043909
-0.0040176
-0.0080193
-0.0046301
-0.0059132
-0.0068873
-0.0042935
0.0094575
-0.006085
0.0089484
0.001044
-0.0004612
0.0014089
-0.0064354
0.0012934
-0.001748
0.0009372
0.0070731
-2.42e-5
0.008517
-0.0064457
-0.0065704
0.0021095
-0.001663
-0.0064248
-0.0057775
0.0007103
0.0035309
-0.0073413
-0.0035036
-0.0017124
-0.0085284
-0.0007777
-0.0055619
-0.0004617
-0.0044598
0.00911
0.0019845
0.0062832
-0.0074023
-0.0062451
0.0075306
0.0039308
-0.0059845
-0.0097399
0.0047219
-0.0040315
0.0043604
-0.0007723
-0.0040399
-0.0095491
-0.0008552
-0.008176
0.0033165
-0.0016636
0.0045731
-0.0090642
-0.0074221
0.0027856
-0.0004889
-0.0009431
-0.0071995
-0.0049011
0.001725
0.002049
0.0007651
0.0036132
0.007249
0.0077184
0.0006922
0.0068963
0.0056242
0.0007899
-0.0098544
0.0073624
-0.0086727
0.0037134
0.0036282
-0.0012277
0.0064561
0.0005244
-0.0009081
-0.0030762
0.0098086
-0.009283
0.0025265
0.0032061
0.0020311
0.0020701
-0.0094219
-0.0037152
0.0056152
-0.0081721
-0.0092324
0.0073221
-2.71e-5
-0.0008491
-0.0064044
0.006343
0.0001389
-0.0049486
-0.0081811
0.0066981
-0.0040637
0.008456
0.0063796
0.0037566
-0.0009554
0.0075832
-0.0053995
-0.0023283
0.0007278
-0.0061468
-0.0016253
0.0066236
-0.0050191
-0.0013398
-0.0023973
-0.0017762
0.0069902
-0.0040386
0.0046727
0.005735
0.0097828
0.0017544
0.0079377
-0.0026416
0.0086218
-0.0074105
-0.0087199
0.0077545
-0.0074382
-0.0077205
0.0023616
0.0092876
-0.0096825
0.0075246
0.000493
-0.0005037
-0.0059507
-0.0088388
0.0029417
0.0072471
-0.002154
0.0008554
-0.0021875
0.0014229
-0.0080261
-0.0023092
0.0031779
-0.0014119
-0.0066959
-0.0023173
0.0091821
-0.0099361
-0.0070495
-0.0026497
0.008074
-0.0002031
0.0080403
0.0060879
0.0084974
0.004326
-0.0074286
-0.0008187
-0.0019727
0.0080661
-0.008526
-0.0086254
0.0059138
0.000358
0.006547
0.0015307
0.0065149
-0.0004912
0.0076393
0.0047098
0.001926
-0.0081827
0.004215
0.0086329
0.0016202
-0.0068216
-0.0083908
-0.0016421
-0.0041714
-0.0096822
-0.0025232
0.0056688
-0.0033679
0.0008246
0.0029878
-0.0074571
0.0055954
0.0054488
-0.0014852
-0.0010403
0.0025593
-0.0015254
-0.0027587
-0.0028442
-0.0039989
-0.0016822
-0.0029919
0.0063713
0.0032224
-0.0001536
0.0096634
0.0025865
-0.0008497
0.0044469
-0.0064117
-0.0020808
0.0005228
0.0010218
0.0038762
-0.0047805
0.0094865
-0.0083135
-0.0044918
0.0022949
-0.0008555
0.002647
0.0044688
0.0080893
-0.009517
0.0080868
-0.0001091
-0.0086021
0.0060172
-0.0016647
0.0023368
0.0009869
0.0011093
0.0035734
-0.0060176
-0.0003108
-0.0013378
-0.0006357
0.0029872
0.0015777
-0.0032985
0.0050755
0.0076959
-0.005386
-0.0078905
0.003947
0.0002829
-0.0072999
-0.0069411
0.0020932
0.001053
-0.0025506
0.004787
0.0013386
0.0085973
0.0064942
0.0067384
0.0028206
0.0094749
0.0063235
0.0092123
0.0059212
0.001787
0.0033505
-0.0040592
0.0015683
0.0028976
0.0061529
0.0072928
0.0035194
0.002786
-0.001971
-0.0001475
0.0039674
0.0093137
-0.0096742
0.0088817
-0.0009117
-0.0004054
-0.0073412
0.0045135
0.005171
0.0073479
0.009609
0.0079703
-0.0077465
-0.0096027
-0.0033584
-0.0031762
0.0048403
-0.0043017
0.001106
-0.0073217
0.0040683
-0.0082866
-0.0084127
0.0097753
-0.0027267
0.001065
-0.0072361
-0.0073297
0.0054396
-0.0099849
0.0023476
-0.0080682
-0.0022527
-0.0050492
0.0073662
0.0006803
-0.0033331
-0.0033731
0.009134
-0.0005611
0.0022409
0.0063612
0.004813
-0.0017598
0.0046689
0.0030762
-0.003278
0.0088851
-0.001885
0.0037626
-0.0001469
-0.0060361
-0.0040631
0.0074206
0.0042015
-0.0081098
-0.006727
-0.0089377
0.0022451
-0.0012259
-0.0003948
-0.0071332
0.0010348
0.0047151
-0.0033396
0.0064652
-0.0007541
-0.005175
-0.0071487
-0.0026872
0.005464
-0.0068652
0.0021298
0.0041108
0.0013831
-0.0058148
0.0066056
-0.0069758
0.0076832
0.0035499
0.0095147
0.001334
-0.006633
-0.0087155
0.0053024
-0.000526
-0.0027871
0.0071959
-0.0099238
-0.0040658
-0.0068553
0.0004615
0.0009844
-0.0039238
-0.0047545
0.0003317
-0.0008538
-0.0094667
-0.0067828
0.0084421
0.0086778
0.0003099
0.0071741
-0.0008258
0.0085149
0.0005291
-0.003059
-0.0063143
0.0009891
0.0058579
-0.0092492
-0.0033573
0.000225
-0.0001785
-0.0031544
-0.0087657
0.004976
0.0010601
-0.0038664
0.0054097
-0.003233
0.0005205
-0.0082011
-0.0016056
0.0019701
-0.0020874
-0.0041108
0.0085772
0.0024299
0.0085657
0.0047744
0.0098595
0.0087764
0.0063508
0.0058441
0.0008287
0.009302
-0.0023425
0.0075401
-0.0019988
-0.0036568
-0.0010118
0.0087279
0.0049106
0.0070306
-0.0068016
-0.0026673
-0.0087619
-0.0024398
0.0047522
0.0010703
0.0046678
-0.0054431
0.0065504
0.008399
-0.0056047
0.0087456
-0.0092011
0.0011848
0.0054677
-0.0078074
