0.0077756
-0.002943
-0.0076497
0.0098588
0.0021108
0.0067373
-0.0060031
-0.0018881
-0.0030575
0.0075324
0.0097401
0.0052096
0.0060169
-0.0071575
0.0085459
0.0016168
0.0023203
0.0007544
0.0028294
0.0072577
-0.0041603
0.001576
0.0030725
-0.0052979
0.0088597
0.0097171
0.0096046
-0.0092197
0.0036174
0.0046878
-0.0054046
0.0055818
0.0061976
0.0066106
0.0090332
0.0048793
-0.0052172
-0.0082423
-0.0012019
0.0064013
-0.0071952
0.0059209
0.0002052
-0.0004845
-0.0081162
0.0037364
-0.0050362
-0.0038015
0.0076507
-0.0094036
0.0094136
-0.0037087
0.0053241
0.009887
-0.0077411
0.006782
-0.0009494
-0.004808
0.0077055
0.0015351
0.0068921
-0.0022004
-0.0055007
0.007191
-0.0002942
0.0079818
0.0098068
-0.003355
-0.0099473
-0.0094139
-0.0099913
0.0080287
-0.0081205
0.00956
0.0024595
-0.0081946
0.0081249
-0.0004455
0.0062602
0.0096409
0.0035109
-0.0003832
0.0026461
0.0090075
-0.0007768
-0.0066962
0.0005145
0.0085481
-0.0003367
-0.0079097
-0.001797
-0.0062474
0.008277
0.0011444
0.0097874
0.007611
0.0095457
-0.0081608
-0.0070938
-0.0062634
-0.0030668
-0.0099672
-0.0099818
-0.0029878
0.0038103
0.0077163
-0.0068383
0.0089659
0.0054734
-0.0084302
0.0097121
0.0071856
0.0017657
0.0045927
0.0082774
-0.0012772
-0.0096136
0.0052093
0.0087591
-0.0056562
-0.0033908
0.0067563
0.005655
-0.0096954
0.0009507
-0.0034736
0.0067293
0.0025287
-0.0039438
0.0084141
-0.0049634
0.0082141
0.0039567
0.0039245
-0.0016486
0.0072276
-0.0030592
0.0077451
0.0019671
-0.0059892
-0.0035557
-0.0087607
-0.0074173
0.0097348
0.0044249
0.0039807
0.0048512
0.0016751
-0.0056071
-0.005947
-0.0071165
-0.0047525
-0.0061544
-0.0077699
0.0085266
-0.000902
0.0022929
-0.000941
-0.00067
0.0014877
-0.004765
0.0032038
-0.0085962
-0.009248
-0.0027564
0.0061827
-0.0044686
-0.0058241
-0.0035775
-0.0020967
-0.0044786
0.0004924
-0.0014134
0.009756
0.0096784
0.0063299
-0.0043433
0.007699
-0.0079635
0.0096836
-0.0070776
0.0038568
-0.00486
-0.0014534
0.0016877
0.0002601
-0.008101
-0.0067443
-0.0049422
-0.0010549
0.0093534
-0.0005454
0.0076745
0.0037477
-2.19e-5
-0.0016515
-0.0035573
-0.0010028
0.0016459
-0.0028753
0.0056593
0.0050451
0.0030914
0.008052
-0.0013806
-0.0056764
0.0068675
0.0078133
0.0057899
-0.0099196
-0.0071483
0.0092693
0.0079831
0.0029811
-0.0012031
0.0035206
0.0099281
0.0079786
-0.0053926
-0.0066908
0.007482
-0.0029822
0.0088864
-0.0074378
0.0099893
0.006737
0.0056302
-0.0014904
-0.0024992
0.0051094
0.0035552
-0.0017752
-0.0048344
-0.0057129
0.0029991
-0.0020525
-0.0082816
-0.0040101
-0.0047922
0.001307
0.0049324
0.0066634
-0.0053046
0.0057643
0.0081222
6.73e-5
-0.0030125
-0.0044179
0.0051476
-0.008614
0.0012301
0.0070897
0.0022078
-0.001561
-0.0079389
-0.0001749
0.0022052
0.0052378
0.0084288
0.0086342
0.004266
-0.0083252
0.0071638
0.0074874
0.009386
-0.00751
-0.0098825
0.0024232
0.0075558
0.0078845
0.0078757
0.0038754
-0.0094163
0.0005513
-0.0046667
-0.0003952
-0.0035675
-0.0091185
-0.0093232
-0.0081759
-0.0001899
-0.0062145
0.009005
-3.69e-5
0.0006273
0.0095749
0.0035688
0.0054613
0.0054752
0.0025713
0.0090029
-0.0045772
-0.0043784
-0.0008804
-0.0050091
-0.0058802
-0.0016388
-0.0090483
0.0088179
-0.0037898
-0.0014638
0.0095416
-0.0078304
0.0089744
0.0023037
-0.0003621
0.0022575
0.0039045
-0.0035218
-0.0051202
-0.009932
-0.0072563
-0.0005865
-0.006496
0.0093874
-8.31e-5
-0.0083955
-0.0054053
-0.0065992
-0.0009022
-0.0026082
-0.009534
-0.0032851
-0.0056966
-0.004831
0.0078787
-0.0023906
0.0045865
0.0027387
-0.007659
0.0059716
-0.0011653
-0.0021141
0.0064378
0.009482
0.0054927
-0.0091504
-0.0070078
-0.0022441
-0.0018069
-0.0036715
-0.0051566
0.0033528
-0.001633
0.0032016
-0.0071971
-0.0027421
-0.0095231
-0.0028938
-0.001102
-0.0030877
-0.0027684
-0.0082603
-0.0017021
-0.0097591
-0.0050822
-0.0069424
-0.0045054
0.0034334
-0.0045141
-0.0096791
-0.0082945
0.0021258
-0.0056003
-0.0050952
0.0041434
-0.0078522
0.0086779
-0.0047403
0.0072532
0.0082641
0.0074363
-0.0045011
-0.0076304
-0.0097611
-0.0016131
-0.000438
0.0035775
-0.007778
-0.001997
0.0084313
-0.0017668
-0.0074407
0.0026086
-0.0036769
-0.0028065
-0.0057505
-0.0082734
0.0016336
0.0088523
0.008249
0.0043942
-0.0018834
0.0096928
0.0067405
-0.0037403
0.0099024
0.005073
0.004094
0.000834
0.0092783
-0.0011016
-0.0023121
0.0060367
0.0081115
0.0077915
-0.0087641
0.0015974
0.0089787
-0.0076446
-0.0067215
-0.0045144
-0.0079804
0.0011772
-0.0009312
0.0010577
-0.0039635
7.49e-5
-0.003132
-0.0062514
-0.0070117
0.0080929
0.0077805
-0.0067824
0.0098167
-0.0094127
0.0082143
0.0019134
-0.0078442
-0.006653
-0.0057917
-0.0034937
-0.0064353
-0.0031841
-0.0030522
0.0063629
0.0066926
0.0052462
-0.0029538
0.0083347
-0.0076177
-0.0031767
0.0092315
-0.0048776
-0.0028566
-0.004474
-0.0036052
-0.000392
-0.0008437
-0.0037661
-0.0071838
-0.0021468
0.0012964
-0.00946
-0.004084
0.0067095
0.0045089
0.0021608
-0.0076295
0.0068836
-0.0012794
-0.0084286
-0.0010229
-0.0047745
-0.00211
-0.0029584
0.0061603
-0.0030425
-0.0011908
0.0043226
-0.0079479
-0.0043252
-0.0038479
0.0079521
0.0059
0.0041022
-0.0073424
-0.0090348
-0.004993
0.0040709
0.0018948
0.0029709
-0.0088215
0.0015286
0.005348
-0.0005462
0.0010568
0.0002675
0.0005748
-0.0004625
-0.0065572
-0.0096668
0.0046378
0.0066572
0.0061385
