-0.0002925
-0.0019355
0.0025854
0.00896
-0.004754
-0.0064954
-0.008746
-0.0091891
-0.0025266
-0.0087523
0.0072856
0.0021648
-0.0040843
-0.0069578
0.0032801
0.0085436
0.0028204
-0.0011015
0.0009603
0.0098511
-0.0002158
0.0072518
-0.0010755
-0.0079298
0.0079193
-0.0066625
0.0054505
-0.0050057
-0.0090602
0.0032069
0.0094283
0.0098032
-0.0073165
0.0074401
-0.0090874
0.0024223
0.0058323
-0.0072944
0.0039404
-0.0081495
0.0095305
0.009259
-0.0053355
-0.0036595
0.0001221
-0.0047598
0.0066219
-0.0050822
-0.0098751
-0.0043771
0.0045853
-0.0036037
0.0021157
0.0059799
-0.0053892
0.0047992
-0.0005714
0.000275
0.0002825
-0.0028926
-0.0049385
0.0055764
0.0038603
-0.0033473
0.0076171
-0.0025466
-0.0002323
-0.004926
0.009854
-0.0045966
0.0067387
0.0097955
0.0048695
-0.0068089
0.0036061
-0.0075178
0.0021197
0.0032461
-0.0078884
0.0058533
0.0046278
0.0068983
-0.0004237
0.0092712
0.0047884
0.0052046
-0.0028674
0.0090685
0.0037393
0.003798
-0.0057789
0.0056638
0.0089436
-0.005732
0.0012317
0.0014539
-0.0033456
0.0065641
0.0024401
0.007854
-0.0030586
0.0038143
-0.0052435
-0.0077744
-0.0087592
-0.005013
0.0021232
0.0036006
-0.0026056
0.0092629
-0.0097736
0.001095
-0.0043675
-0.0015372
0.0014444
0.0047348
-0.0073889
0.0087381
-0.0054146
0.0004379
0.0058373
-0.0009971
-0.008002
0.0095934
0.0033326
-0.0043691
-0.0091601
-0.0061754
0.0086286
-0.005207
-0.0064625
0.005747
0.0092678
-0.0022766
0.0067976
8.6e-5
-0.0008193
0.0050897
-0.0026617
-0.0054956
0.002133
-0.0056767
0.0062929
-0.0020991
0.0035373
0.0079809
0.0044951
-0.004339
-0.0096898
-0.000411
-0.0005619
0.0082132
-0.0041131
-0.0075399
0.0061624
-0.0040057
-0.008735
-0.0019647
0.0005441
0.0032795
-0.0019881
0.0042029
-0.006296
0.0033333
0.0018832
0.0095571
-0.0045834
0.0048799
-0.0078718
-0.0052425
-0.0010463
-0.0037387
-0.0023414
0.0079253
0.0049919
-0.0064141
0.003747
-0.0001672
0.0045683
-0.0023412
0.00765
-0.0004099
-0.0028068
-0.0071167
0.0053735
0.004272
-0.0090179
0.0054312
-0.0083869
-0.0012683
0.0074675
-0.0091334
-0.0039288
0.0012254
-0.0020078
0.0051896
0.004838
-0.0015141
-0.0069056
-0.0013734
0.009032
0.0078674
0.0013565
0.0011968
-0.0008911
-0.0002483
0.0044951
0.0031081
0.0067135
-0.0039316
-0.0022779
0.0010899
0.0022323
-0.0034894
0.0099177
0.0022281
-0.0096514
0.0085255
-0.009767
0.0061599
0.0098287
0.0010508
0.0052819
0.0069311
0.0074724
-0.0061632
0.0052898
0.0070424
-0.0091016
-0.005788
-0.0045504
0.0096643
0.0007766
-0.00526
-0.0074409
0.0097794
-0.0034084
0.0028921
0.0077215
0.0083398
-0.0039169
0.0097242
-0.0062727
0.0028883
-0.009171
-0.0043145
-0.0013881
0.0031993
0.0041766
-0.0051122
0.001283
-0.0074729
0.002294
0.0062551
0.0008396
-0.0074095
0.0088827
-0.0015605
0.00101
-0.0064097
0.0026776
0.0042805
-0.0009756
-0.0089413
-0.0091756
0.0012761
0.0097101
0.0072934
-0.004331
0.0088842
-0.0014565
0.0058184
-0.004856
0.003361
0.007532
0.009978
0.0086288
0.0056634
-0.0014259
0.0037288
-0.000383
-0.000589
0.0003873
0.0088129
0.0082122
-0.0076516
-0.0077768
0.0013718
-0.0017829
0.0053655
-0.0099157
-0.0015236
0.0031109
-0.0081029
0.0041252
-0.0044762
0.0087933
-0.0070991
0.0081074
0.0043256
0.0019227
-0.000643
0.005367
-0.0078131
0.0072086
-0.0038922
0.0034014
-0.0060933
-0.0091833
-0.0034149
0.0013293
-0.0070443
-0.0005655
0.0012613
0.0060701
0.0016551
-0.0083922
-0.0061837
-0.0019264
0.0087677
-0.0079041
0.0071665
-0.0016033
-0.0099345
-0.0060832
-0.0044504
0.0033175
-0.0019071
-0.0012822
-0.004976
-0.0031774
5.51e-5
-0.0077092
-0.0032524
-0.0031046
0.0016083
0.0038492
-0.0069263
0.0078152
0.0097732
0.0091087
-0.0057905
-0.0039632
-0.0024284
-0.0079799
-0.0050714
0.0062444
-0.008665
0.0052416
0.0009914
0.0073507
0.0050926
0.0098574
-0.0097228
-0.0043802
-0.0084055
-0.0070538
-0.003661
-0.0020946
-0.001608
-0.0074576
-0.0032562
0.007941
0.0027664
-0.0051973
0.0084251
0.0069569
-0.0040442
-0.0016986
-0.0027334
0.0026352
0.0051353
-0.0012787
-0.0069564
-0.003027
0.0041296
0.0031129
-0.0048086
-0.0046015
-0.0007398
0.0014542
0.0033336
0.0086308
0.0040139
-0.0084206
-0.0009692
-0.0009736
-0.0050727
0.0072856
-0.0005412
-0.0075604
-0.0088847
-0.0079061
-0.0050642
0.0025577
-0.0082445
0.0072693
-0.0017667
-0.0050592
0.0079833
0.0050403
0.0055024
-0.0040367
-0.0027299
-0.0022665
-0.0002545
0.0014193
0.0085147
0.0097153
0.004691
0.0073879
-0.0051111
0.006877
-0.0050291
-0.0044778
-0.0098373
-0.0079804
0.0013927
0.0080261
-0.0011558
0.0065373
-0.0097886
0.0037374
0.0092802
0.0091437
-0.0042086
-0.0043421
-0.0079792
0.0060003
-0.0043346
0.0049337
-0.0062372
-0.0009114
-0.0055278
0.0010683
-0.0069241
0.0080146
0.0009143
-0.0052931
0.0086734
0.0019442
-0.0044106
0.0070243
0.0025959
0.0048578
-0.0016981
0.0072324
0.0093848
-0.0089077
-0.0061605
-0.0010822
0.0004698
-0.0070069
0.0087212
-0.006431
-0.0024415
-0.0041918
0.0062492
0.0047357
-0.002438
0.0030687
0.005605
-0.0017937
0.0015891
0.0020503
-0.0057997
-0.0046331
-0.0089236
-0.0047004
0.0021355
-0.0040449
0.0066045
-0.0043396
-0.00117
0.0007464
0.0040553
0.0083102
-0.007414
-0.0025885
-0.0092971
0.0007359
0.0033429
-0.0061844
-0.0027367
-0.007165
0.0002494
-0.0016062
-0.0085422
-0.0042824
0.0029414
0.0003173
0.004883
0.00614
0.0011636
5.4e-6
