0.0073608
0.0061732
0.0065481
-0.0077749
0.0055535
-0.0068535
0.0061849
0.0099548
-0.004257
0.0069809
0.0034327
0.0059458
-0.0098143
-0.0025881
0.0002744
0.0046899
0.0077295
0.0040607
0.0076095
0.0068619
-0.0042364
0.0077906
-0.0024202
0.0074548
0.0042138
-0.0070456
0.0022516
0.0040663
0.0063326
0.0076043
0.0046776
0.0065903
-0.0058967
-0.0063601
-0.0006457
-0.0004907
-0.0001534
0.0063058
0.0007187
0.0028171
0.0020003
0.005247
0.0038793
-0.0029444
0.0083551
-0.0025678
-0.0078
-0.00836
0.0065312
0.0068655
-0.0028017
-0.00734
-0.0023137
-0.0002035
-0.0050405
-0.004387
-0.0045948
0.0032872
0.0085519
-0.0044872
0.0074708
0.0055773
-0.0017037
-0.0060647
-0.0003951
-0.0071289
-0.005177
-0.0081545
0.0076335
-0.0047352
-0.0010527
-0.0020619
-0.0049477
-0.0090839
0.0045941
-0.0010347
-0.0066623
-0.0095973
-0.0030005
0.0007994
-0.003467
0.0030854
0.0021236
-0.0085731
-0.0067378
0.0019708
0.0076474
0.0018262
0.0094701
0.0031684
0.0054709
0.0081576
-0.0085793
-0.00487
-0.0037072
-0.0057958
0.0052567
-0.0004913
0.0082232
0.0056481
0.0029347
-0.0084547
-0.0062958
0.0026382
-0.0099547
-0.0089029
-0.0045264
-0.0034322
-0.0073923
-0.0083964
-0.0026222
0.0018997
0.0050132
-0.004042
-0.0008655
-0.001706
0.0063536
0.0026028
-0.000884
-0.0067506
-0.0062705
0.0084539
0.007992
0.0045298
-0.0028283
0.0021198
0.0008933
-0.0058765
-0.0063043
-0.0079991
-0.0029025
-0.0053083
-0.00092
-0.0022516
-0.0040906
-0.0051301
-0.0021327
-0.0097194
0.0076656
-0.0031039
-0.0057608
0.0071701
0.00795
0.0097606
0.0003593
0.0016673
0.0011043
0.0050489
-0.0077861
0.0087665
-0.0065805
0.0060921
-0.0009908
0.0029072
-0.0064324
0.007375
-0.0098715
-0.0020913
-0.0019657
0.0087439
-0.0084972
0.0072528
-0.0091599
0.0062632
-0.008864
-0.0056634
-0.001199
-0.0085377
0.0005467
0.0095642
-0.0069805
-0.0033877
-0.0075139
-0.006971
0.0031563
0.0023751
0.0073198
-0.0008902
0.0046277
-0.0068334
0.0084272
0.0057102
0.0046669
0.0068287
0.0028859
0.0020839
-0.0017072
-0.0052471
0.006882
-0.0074168
0.001458
-0.0084309
0.0067856
0.0085665
0.0030027
0.0065979
-0.0057127
0.0011255
0.0068301
0.0018707
-0.0025065
-0.0023749
-0.0093933
-0.0042253
0.0033747
-0.0057773
-0.0008709
0.0029564
0.0094165
0.0037508
0.0078925
-0.005454
0.0042668
0.0032997
0.0071108
0.0096624
-0.0073227
-0.0097451
0.0022982
-0.0046373
-0.0067664
-0.0010841
0.0026128
-0.0051076
-0.0099795
-0.0066541
-0.0059921
0.0041684
-0.0030634
-0.0082934
-0.0035257
0.0004548
-0.0068711
0.0087314
0.0055233
0.0005278
0.0098869
-0.0052191
-0.000371
-0.0002399
0.0020691
-0.0021273
0.00746
-0.000576
-0.006686
-0.0061201
-0.0061588
0.0054143
0.0031194
0.0006434
0.0045377
0.0086726
0.0073227
0.0091029
0.0076017
-0.0093779
0.0050768
0.0069434
-0.0031799
-0.001021
-0.0006299
-0.0017723
-0.0063793
0.0085247
-0.0053637
-0.0079595
-0.0077717
0.0020652
-0.0087144
-0.0080495
-0.0032789
0.0053436
-0.0001199
-0.0080948
-0.0096525
0.0019773
-0.0087273
0.0056841
0.0006883
-0.0049866
-0.0048159
-0.0040624
-0.002229
-0.0097193
-0.007857
0.009978
-0.0040481
-0.0019827
0.0026509
-0.0033666
0.0096326
-0.0042147
-0.0055798
-0.0090689
0.0054737
0.0020618
0.0091149
-0.0081776
-0.0017484
0.0086821
0.0085808
-0.0083578
0.006172
-0.0095411
-0.0017856
-0.0022428
-0.0022157
0.0087533
-0.0082157
-0.0058416
0.0060327
-0.005771
-0.0030369
-0.0002929
-0.0072426
-0.0078844
0.0063099
-0.0087017
0.0061344
-0.0017202
-0.0059131
-0.0030646
0.0031637
-0.003705
-0.0032851
0.0053897
-0.0076922
0.0074775
0.0036174
-0.0046228
0.0022995
0.0083713
-0.0091666
-0.0030363
-0.0009502
-0.0051095
-0.001502
0.0010241
0.0089221
-0.0073402
-0.0089542
-0.0026687
0.0076867
-0.0020665
0.0067277
-0.0019003
-0.0073805
-0.0075279
-0.00402
0.0050041
-0.0024756
0.0017053
-0.000651
-0.0056037
0.0046888
-0.007547
-0.0051768
0.0042339
0.006226
0.002456
-0.004385
0.0003148
-0.0070729
0.0084464
0.0029752
-0.0029879
0.0018688
0.0088854
-0.0039406
-0.0021419
0.0040901
0.0053548
-0.0065551
-0.0096408
0.0012692
-0.0041342
0.009083
-0.0057796
0.0087428
0.0001829
-0.0011732
0.0070642
0.001976
-0.0008182
0.008196
0.0077461
0.0009477
0.00988
0.0074961
-0.0011622
0.0009422
-0.0030351
-0.009839
-0.0015763
0.003343
0.0065452
-0.0062092
-0.0051964
-0.0095785
0.0099261
0.0007151
0.0076199
0.0017548
0.0092717
-0.0069633
-0.0093239
0.0004497
0.0017646
0.0089037
0.0090505
0.0055889
-0.0093777
-0.0052818
-0.0086472
0.0026442
0.0054384
0.005108
-0.0043523
-0.0095704
0.0056597
0.0078938
-0.0086775
0.0070182
0.001689
0.0070354
0.0019404
0.0056591
-0.0010209
-0.003138
0.0032969
0.0051388
-0.0095078
-0.0035455
-0.0009976
0.0008027
-0.0097212
0.0079019
0.0036824
-0.0069994
-0.0022223
0.0092173
0.004851
-0.0017874
0.0098346
-0.0017643
-0.0023475
-0.0056539
-0.0019609
0.0076061
-0.0028293
0.0078036
-0.0069344
-0.0048098
-0.0033793
0.0005709
-0.0098298
0.0056362
0.0095427
0.0047554
0.002825
-0.0021314
-0.0023175
0.0081035
-0.0030356
0.0095241
-0.0081785
-0.0007585
-0.0028764
0.0021513
0.0076776
-0.0046467
-0.007811
-0.005699
0.0064428
0.008732
0.0016246
-0.0014169
-0.0074985
-0.0047045
-0.0007582
-0.0029447
-0.0005988
0.0034765
0.0022441
-0.0031922
-0.0003967
-0.0029944
0.0070834
0.0059695
-0.0010088
0.0052957
-0.0031373
0.0029712
0.0003252
-0.0011482
