0.0086693
-0.0037973
-0.0086261
-0.0071066
-0.0040477
-0.0048585
-0.0017405
-0.0078968
0.0069755
0.0069427
-0.0028128
0.0041161
0.0056632
0.0039586
-0.0095059
-0.002735
0.0014735
-0.0060368
0.0052796
-0.0058519
-0.0063726
0.0009237
-0.0008557
0.0020953
-0.0027426
-0.0045496
-0.0092419
0.0038089
-0.0037495
0.0065227
-0.0065344
0.0041386
-0.0065001
0.000915
0.0078371
-0.0094288
0.0013886
0.0047913
-0.0092102
0.001028
0.0050624
-0.0067221
-0.0044077
0.000564
-0.0065994
0.0073279
-0.0047357
-0.0032181
0.0090437
-0.0022524
0.0085943
0.0066823
-0.0009779
0.0046979
0.0021477
0.0087334
-0.0053065
0.0043241
0.0099486
0.003956
-0.0069594
0.0045496
0.0063475
0.009946
-0.0040369
-0.0012306
-0.0034338
0.0012333
0.0083373
0.0026145
-0.0070133
-0.0014217
0.0017006
0.0017128
-0.001224
-0.0065288
-0.0067997
0.0072879
-0.0059077
-0.0011308
-5.73e-5
-0.0035825
0.008919
0.0028978
0.0085661
0.00115
0.0073668
-0.0053972
-0.0024416
-0.0082575
0.004041
-0.0067134
0.0070921
-0.0024439
0.0063461
0.0045174
-0.0039456
-0.0048614
-0.0015978
-0.0039098
-0.0066231
0.009475
-0.0067406
0.0002059
0.006579
-0.0055027
-0.0002527
0.0044275
-0.0094541
-0.0091371
-0.0024713
-0.0077081
0.0034663
-0.0077227
-0.0021759
-0.0029602
0.0085543
0.0025174
0.000624
0.0035911
-0.0079507
0.0086041
-0.0049751
0.0045184
-0.0091333
0.0046806
0.0053005
-0.0096909
0.008863
0.0094404
0.001021
-0.0087219
-0.0053206
0.0004558
0.0086462
0.0071788
-0.0004126
-0.0062784
0.0051125
-0.0093291
0.0038416
-0.0038544
-0.0007028
-0.0065765
-0.0074595
-0.0031165
-0.0016917
0.0031241
0.004715
0.0073662
0.0022283
-0.003602
0.006838
0.0086514
-0.0001956
0.0019809
0.0045933
0.0058279
0.0066124
-0.0030551
0.0071272
0.0028962
0.0027633
-0.0078188
-0.0078073
-0.0028455
-0.0001088
0.0087737
-0.0080383
0.0080161
0.0048057
-0.0025068
0.0078446
-0.0078918
0.0069334
-0.0082894
0.0070076
0.0002568
-0.0073317
0.0057752
0.0042945
0.0083627
-5.76e-5
-0.0009192
-0.000782
-0.007023
-0.0012944
0.0087994
0.0065474
-0.0084588
0.0045267
-0.0053315
-0.0039246
-0.0057956
-0.0092649
0.0074756
-0.0048161
-0.0024844
-0.0046206
0.0049448
-6.72e-5
0.002915
-0.0053736
-0.0061869
0.0098026
0.0034571
0.0055051
-0.0079023
-0.001915
0.0037228
0.0045004
-0.0053826
-0.0038195
-0.0098824
-0.008065
-0.0097183
-0.0087836
-0.0034423
-0.0083514
8.13e-5
0.005955
-0.0090703
0.0020095
0.0054895
0.0065409
0.00812
0.0096353
-0.0056993
0.0098187
-0.0052069
0.0085005
0.0095572
-0.0083334
-0.0070632
-0.0039533
0.0085882
-0.0002404
-0.0044324
-0.0056248
0.0059596
0.0083768
-0.0099275
0.0071981
-0.0055151
-0.0002629
0.0034358
-0.0057732
0.0094428
-0.0091131
-0.0069436
0.0015851
0.0076125
-0.0071631
0.0020615
0.003292
0.0062968
-0.0027575
-0.0043657
-0.0094452
-0.0082365
-0.0057102
0.0029938
0.0037632
0.0021903
-0.0051392
-0.0097797
-0.0018106
-0.0009351
-0.007822
-0.0081479
-0.0093347
-0.0068849
5.7e-5
0.007947
0.0057363
0.0031509
0.0016731
0.0004653
-0.0077797
-0.0042101
0.0044687
-0.0089778
-0.0093566
0.0045616
0.0096992
0.0054622
0.0073585
0.002549
-0.0077605
-0.0037375
0.009781
0.00545
0.0054001
-0.0090768
-0.0073661
0.0033282
-0.0011893
0.0037888
0.0097014
-0.0003638
0.0076474
-0.0070186
-0.0060791
-0.0004148
0.0014888
-0.0086964
0.0019647
-0.0029967
-0.0075551
-0.0059277
-0.0003838
0.0050677
-0.0064785
-0.0045342
-0.0058699
0.0037733
0.005495
0.0095914
0.0037818
-0.0075684
0.0068989
-0.008435
-0.0061752
-0.003002
-0.0018808
0.001707
0.0061306
0.0059831
-0.0079592
0.0019831
0.0096805
-0.0094085
0.0088707
-0.0008133
0.0046662
0.0068846
0.007467
0.002833
0.0087099
0.0088299
0.000642
0.0020825
0.0035211
0.0035179
-0.0093731
-0.0004873
-0.008589
-0.0063969
0.0043606
0.0044706
-0.0057178
0.0059278
-0.0040311
-0.0067183
-0.0089845
0.0005309
0.0018675
0.0058985
-0.0053923
0.0010255
-0.0011085
0.0068567
-0.0094252
0.0078172
0.006172
-0.0079448
-0.0035052
0.0032286
-0.0053049
-0.0039652
8.7e-5
0.0076885
-0.0025151
-0.0012819
-0.006189
-0.0072472
0.0092921
0.0084778
0.0007213
-0.0006834
-0.0046597
-0.0035566
0.0046846
-0.0063686
0.0055039
0.0034472
-0.0059619
-0.0025475
0.0043116
0.001645
-0.0069745
0.005155
-0.0087168
0.004414
0.0090875
-0.0031864
0.0042242
0.009105
-0.0067381
-0.0019772
0.0028544
-0.0014823
-0.000731
-0.0050369
-0.0026556
0.0077635
-0.0091079
0.0022073
-0.0036054
-0.0034081
-0.0005678
0.0079237
0.0095229
0.0025671
0.0007392
0.0039205
-0.0080749
-0.0069981
0.0044042
0.0028691
0.000291
-0.0082695
-0.0036879
-0.0045232
-0.0046341
0.0066418
-0.0041162
0.0020221
0.0094619
-0.0050751
-0.0064517
-0.0062633
0.000526
0.001155
0.0062195
0.0091223
-0.0004766
-0.0027751
-0.0027567
-0.0071734
-0.0039691
-0.0020452
-0.0045553
0.0033741
-0.0002362
0.0003529
0.0036379
0.004549
-0.0010574
-0.0079195
-0.0009174
0.0030033
0.0053882
-0.0072442
-0.008805
0.0056072
-0.0063446
-0.0082131
-0.003656
0.0069466
-0.0005025
0.0030201
-0.0008174
-0.0053461
0.0030838
0.0099531
0.0020542
-0.0005055
-0.0038272
-0.0005399
0.0098587
0.0011676
0.0031747
0.004054
-0.0097748
-0.0001231
-0.0027002
-0.0029108
0.0076763
-0.0090034
0.0063403
-0.0085531
0.0048651
-0.0028587
0.009949
0.006755
0.0017574
-0.0013442
0.0020317
-0.0081802
-0.0069792
0.0063673
0.0012906
-0.0082595
0.0079625
