-0.0020592
-0.0006695
-0.0005507
-0.0018172
-0.0085997
0.0067738
-0.0076749
0.0010827
-0.0042197
0.0089688
0.0053494
-0.0051727
0.0070372
0.0089659
-0.0060399
0.0014939
0.0093042
0.005924
0.0041944
0.0098485
-0.0041147
-0.0077789
-0.0023222
-0.0025967
0.0055866
-0.0016035
-0.0075391
0.0011992
-0.0086984
-0.0030596
0.0033741
8.37e-5
0.00238
0.0032013
0.0085846
-0.0006094
0.0014392
0.0012609
-0.0008381
-0.0012794
-0.0038037
-0.0019579
0.0040139
0.0060464
-0.0003796
-0.0093345
-0.0084101
0.0049153
0.0076119
0.009625
0.004008
-0.0056744
-0.0011171
0.0075647
-0.0084816
-0.0020214
-0.0057611
0.0084844
-0.0070282
0.0013353
-0.0029183
0.0042714
-0.0047003
-0.0079153
-0.0024617
-0.0051449
-0.0025493
0.0003174
-0.009596
-0.0035075
-0.0094183
0.0062401
-0.0050195
0.0018299
-0.0009828
0.0029477
-0.0064276
-0.0004536
-0.0040544
-0.0029583
-0.0071632
0.0079271
0.0049716
0.0057122
0.0092936
-0.0078681
0.0008235
0.0089511
0.0055448
-0.0020441
-0.0065068
0.0064107
-0.0076032
-0.000252
-0.0029449
0.0087915
0.0049296
-0.0082739
0.0045392
0.0014543
-3.96e-5
-0.0045061
-0.0008562
0.0032169
0.0055718
0.0011199
-0.0076375
-0.0012469
0.0031899
0.0080205
-0.0061063
0.0099725
-0.0001075
-0.002567
0.0097016
-0.0076085
-0.0043849
0.0019875
0.0003669
0.000766
-0.0019313
-0.0065505
-0.0041465
0.0029116
0.0053696
0.0061844
-0.0025627
-0.0004611
0.0096416
-0.0007524
0.0083122
0.0059793
-0.0094388
-0.0072047
-0.0054638
-0.0010436
0.0060278
0.0025225
0.0062426
0.0056703
0.0008455
-0.0096371
-0.0066313
-0.0006327
0.0080975
0.0048843
-0.0077373
0.0060152
-0.005493
0.0047411
0.007786
-0.0076681
0.008151
0.0073061
0.0050912
-0.0049372
0.007438
0.003248
0.0018702
0.0089758
0.0042944
-0.0068518
0.0005331
-0.0098207
-0.0090301
0.0043817
-0.0022688
0.004377
0.0089051
-0.0059672
0.0035515
-0.0077457
0.0008701
0.0055285
-0.0050706
0.0065072
0.0082818
0.0087827
0.0034827
-0.0014385
-0.0064842
-0.0076019
-0.0044815
-0.009239
0.0083569
0.0004628
-0.0014038
-0.0063252
-0.0015011
-0.009598
-0.0094574
0.0035807
0.0092247
-0.0074021
-0.0038198
-0.0014856
-0.0021648
0.0002047
-0.00733
0.0039124
-0.0083831
-0.0076202
-0.0078515
0.0053177
0.0053905
0.0053957
0.0036927
0.0073623
-0.0064242
-0.0095595
-0.0098823
-0.0003828
-0.0053981
-0.0096602
0.005382
-0.0099051
0.0040685
-0.0017473
0.001618
-0.0047097
0.0091545
-0.0091994
0.001409
-0.0067754
0.0094884
-0.0078647
-0.0007597
-0.0086228
0.0068067
-0.0092627
-0.0048548
-0.0078682
-0.000346
0.008768
0.0073309
0.0021817
-0.0004887
0.0036102
0.0005546
-0.0015942
-0.0071261
9.72e-5
-0.0080984
0.0042401
0.0029714
0.0093613
0.0006149
-0.0066961
0.0048656
-0.0045604
-0.0003991
-0.0028673
-0.0083032
0.0090397
-0.002841
0.0021545
-0.0016345
0.0035195
0.0023666
-0.0068887
0.0095803
-0.0092219
-0.0039058
-0.0080934
-0.0007907
0.0072014
-0.00925
-0.0097288
-0.0015137
0.0059934
0.002357
-0.0001498
0.0033855
0.001538
-0.0088797
-0.0023007
-0.0039713
0.0026029
0.002485
-0.0020304
-0.0088794
0.0036826
0.0073537
-0.0026987
0.0084094
-0.0086204
-0.0013333
0.0021052
0.006669
-0.0046542
-0.0040729
-0.0017482
-0.000303
-0.0077375
-0.0043105
0.008054
0.00025
-0.0030137
-0.0094942
-0.0007306
-0.0099648
-0.0065003
0.0049904
0.005168
-0.0038272
0.0070066
-0.0019005
0.0037741
0.0075363
-0.000511
-0.0013724
0.0011967
-0.0087817
0.0080222
0.0073829
0.0001865
0.0049941
-0.0070093
0.0069242
-0.0094461
-0.0042622
-0.0055922
0.0019228
-0.0006699
0.0077136
0.0077936
0.0057029
-0.0091547
0.0097878
0.0038001
0.0030735
-0.0024334
-0.0094117
-0.0022003
-0.0029508
0.0097939
0.0018293
0.0024491
-0.0053004
0.0054365
0.0034931
-0.00751
-0.003351
0.0062259
-0.0027101
-0.0002683
-0.0083326
-0.0043398
-0.0064265
0.0010925
0.0013576
-0.0001355
0.0014336
-0.0086042
-0.0014388
0.005768
0.0080585
-0.000451
0.0052947
-0.0013167
-0.0049563
-0.0006282
-0.0005679
-0.009613
-0.0055399
0.0094297
-0.0082918
-0.008178
0.0036436
0.0052657
0.0040099
0.0063415
-0.0083988
0.0020489
0.0024638
-0.0002305
0.0062726
-0.002528
0.0043522
-0.0087205
-0.0002282
0.0075216
4.94e-5
0.0078606
0.0080533
-0.0022288
-0.0067138
-0.0082538
0.0045237
0.0052049
0.0083985
0.0030362
0.0039826
0.0057777
-0.0045717
-0.0065902
0.0079092
0.004733
-0.0025425
0.0013641
-0.008528
0.0026455
0.0093509
-0.001607
0.0025353
0.0011213
0.0046418
0.0031023
-0.0082247
0.0080172
0.0066379
0.0061467
0.0017269
-0.008515
0.0025712
-0.0034023
0.0004518
-0.0031689
-0.001359
0.0078601
0.0051571
0.0086432
0.002249
-0.0031496
-0.009769
-0.0070873
-0.0050922
0.0012597
-0.0038017
-2.96e-5
-0.0002074
-0.003818
0.0081899
-0.0095468
-0.0036079
0.0099233
0.0024779
0.0096255
-0.0017776
0.0065103
-0.0062229
-0.0033838
-0.0042553
-0.0030434
0.0005461
0.0017511
-0.0061976
-0.000602
-0.0018555
-0.0090663
-0.0016471
-0.0051413
-0.0093323
0.0082515
-0.0058429
-0.0098488
-0.0092024
0.0033092
0.0065677
0.0071607
-0.0093869
0.0035725
-5.16e-5
0.0042929
0.0040052
-0.0018332
-0.0086832
-0.0060092
-0.0022927
0.0085536
0.0096039
-0.0069073
0.0020448
0.000697
0.0079278
0.0027464
0.0054844
0.0083787
-0.0058316
0.0080061
-0.0029489
0.0050829
0.0085699
0.0039141
-0.005153
0.0052828
-0.0088128
-0.0005725
-0.006029
0.0070477
-0.0032338
0.00868
0.0055951
-0.007497
-0.0040262
