-0.0009144
-0.0006471
-0.0074992
0.0066714
-0.004259
0.001621
-0.0068025
0.0003954
-0.0036362
0.0052442
0.0017552
0.0045684
0.0013423
0.0093843
-0.0015477
0.0034861
0.0095712
-0.0001617
0.0029637
-0.0094476
-0.0045527
-0.0084641
0.0092245
0.0023957
0.0019258
-0.0099776
0.0021065
-0.0062105
0.0015324
0.0087366
-0.0049037
-0.0055306
0.0043263
0.0015196
0.008724
-0.0096133
-0.0059502
0.0009513
0.0085118
-0.0038251
0.0088385
-0.006385
0.0064619
0.0023553
0.0028882
0.0050725
0.0057202
0.0012286
0.0040002
0.0049086
0.0096233
0.0096729
0.0078878
0.0032757
0.003428
0.0033178
0.0021574
0.0088719
0.0019595
-0.0014504
-0.002309
-0.0082062
-0.0096718
-0.0036514
0.0003171
-0.0076273
0.0008155
0.0026516
0.0032228
-0.0082046
0.0086181
-0.0095662
-0.0091196
-0.0054684
0.0041592
-0.0019077
3.53e-5
0.0033749
-0.0051499
0.0027539
0.0002964
0.0016502
0.0061769
-0.002386
-0.0015928
0.0053103
-0.0034651
-0.0029948
-0.0004447
0.0079746
0.0003234
-0.0049183
0.0074983
-0.0092762
0.0064018
0.0008891
-0.0015624
0.0057157
-0.0046163
-0.0021207
-0.0080353
0.0072125
-0.0078264
-0.008978
0.0040349
0.0009554
-0.0017607
0.0049166
0.0013659
-0.0059255
-0.0041967
-0.0051446
0.0086032
-0.0073493
-0.0028177
-0.0093427
0.0091818
-0.0097949
-0.0035084
-0.0088766
-0.0031016
0.0069635
-0.0023443
0.0023739
0.0006948
0.0019545
0.0060705
0.0037906
0.0094967
0.0008724
0.0050653
-0.0026152
0.0037856
-0.000787
0.0097246
0.0024375
0.0079546
0.0067955
0.0003452
-0.0084549
0.0082482
-0.0096613
-0.0036532
0.0097117
0.0066254
-0.0002001
0.007631
0.0007457
-0.0052918
-0.009457
-0.0051333
0.0072664
0.0082502
0.0074558
-0.0062139
0.0023717
-0.0096915
-0.0075074
0.0005696
-0.0064943
0.0045181
0.0002461
-0.0096055
0.0064215
0.0085487
-0.0064041
0.0076512
-0.0062326
-0.0015812
-0.0058791
0.0093952
-0.0023872
0.0026262
-0.0087017
-0.0066739
-0.0087416
0.005029
-0.0045043
0.0091886
0.0097775
0.0049998
-0.0070723
0.0045684
0.0030861
-0.0083054
-0.0082566
6.51e-5
0.0098698
0.0005753
0.0097065
0.0093502
-0.0050431
0.0014044
0.0055763
-0.0066385
0.0051595
-0.0023042
0.0027968
-0.0004752
0.0044975
0.0050721
0.0003877
-0.0057588
-0.0080872
-0.0069153
0.0024501
-0.0027422
-0.0072341
-0.0060695
0.0031671
0.0008515
-0.0066586
-0.0035745
0.0025862
-0.0035134
-0.000512
-0.0037896
-0.0058568
0.0055801
0.007143
-0.0026684
-0.0061654
-0.0049219
-0.0022375
0.0091198
0.0049792
0.001749
0.0015261
0.0098218
-0.0096262
0.0053416
-0.0097394
0.0035011
0.0035796
-0.0027776
0.0075081
-0.0041247
0.0050584
-0.0014107
0.0039878
0.0026299
-0.0061678
-0.0013517
0.0047691
0.0012611
0.0001951
0.0095334
0.0033679
0.0029647
-0.0012448
-0.0069652
0.0005655
0.007762
-0.0065966
-0.0008569
-0.0096271
-0.0037994
-0.0030195
0.0067532
-0.0003383
-0.0092516
0.0007963
0.0056539
-0.007367
-0.0028871
0.0010581
0.0003474
0.0057463
0.0016513
0.0006106
-0.0097845
-0.0091885
-0.0084494
0.000641
-0.0091232
-0.0022317
-0.0078548
-0.0046134
0.0068439
-0.0027951
0.0065561
-0.0041783
-0.0056495
0.0086063
-0.0064877
-0.0082973
0.0019762
0.0088579
0.0002664
-0.0041381
-0.0053857
0.0043226
-0.002471
0.0013616
0.000855
-0.0060528
-0.0043248
0.0092619
0.0025843
-0.0067322
0.0081515
0.005268
-0.0040138
-0.0058862
-0.0050927
0.0072207
0.0038178
0.002098
0.0038284
0.0062019
-0.0039964
-0.0066218
0.005452
-0.0083162
0.0036109
-0.0023956
-0.0005378
0.0089686
-0.0057113
0.0062141
-3.6e-6
-0.0032251
-0.005895
-0.0067077
0.0016553
0.0096442
-0.003023
0.0007979
-0.0029172
0.0068181
-0.0018027
-0.00214
0.0074072
-0.009318
-0.0075028
0.0024732
0.0068502
0.0033696
0.0020122
-0.0069816
0.0098183
0.0007941
-0.0064927
0.0023808
0.0063082
-0.0033024
0.0060554
-0.0036027
0.0088531
-0.0075642
-0.0021806
-0.0097199
0.0010529
-0.0019404
0.0056782
-0.0003947
-0.0040332
-0.0039109
0.000846
0.002666
-0.0071999
0.0037768
-0.0038112
0.0018196
-0.0018909
-0.0019694
0.0040165
0.0035523
-0.0090587
-0.0030486
0.0088474
-0.0058702
0.0096159
0.0078219
0.0063119
0.0043219
0.0056269
-0.0053916
-0.0088103
0.0015154
-0.0025743
0.0069185
-0.0062569
-0.0026483
0.0093701
-0.0026571
0.0083345
-0.0003739
0.0076568
0.0064528
0.0057847
-0.0068287
-0.0087067
-0.0077817
0.0087918
-0.0083688
-0.0008451
0.00876
-0.0072407
-0.0066091
0.0026005
0.0077466
0.0087182
-0.0043534
-0.0078146
0.0003666
0.0077214
0.0031468
0.0089122
0.0070275
0.0052923
0.005377
-0.0036811
-0.0078432
-0.003805
-0.0089149
-0.0004779
-0.0010757
-0.0046805
-0.0068841
0.0094093
-0.0057767
-0.0042377
0.0075823
-0.0062022
-0.004394
0.0065765
0.0080658
-0.006849
-0.0085917
-0.0083145
-0.0028498
0.0033836
0.0017166
0.0089578
0.008453
0.0011455
-0.0056072
-0.0061792
-0.003295
-0.0090532
0.0012553
0.0024055
0.0027633
0.0006345
-0.0060031
0.0034042
-0.0011609
-0.0026324
0.0030528
0.0082938
0.0061086
0.0047155
0.0019959
-0.0059027
0.0072858
0.0037309
0.0018819
0.0075607
0.0013443
0.0025525
-5.3e-6
0.0019009
0.005352
0.0081344
0.0048969
0.0060234
-0.0027796
-0.0046976
0.0027602
0.0002902
-0.0046155
-0.0033024
-0.0020475
0.0024344
-0.000468
0.0026826
-0.0018374
0.0044181
-0.0079435
0.0020169
-1.73e-5
-0.0077874
0.0008028
0.0027501
0.0046941
-0.0040512
0.007295
-9.69e-5
-0.0099849
0.0015744
-0.0034554
-0.001553
0.0098292
0.0053974
