0.0080374
-0.0080485
-0.0038186
-0.0057581
0.0013269
0.0011085
-0.0058348
-0.0087451
-0.008854
0.008072
-0.0092984
0.0020668
-0.0051473
-0.0082918
0.0061855
4.56e-5
0.0021749
-0.0042764
-0.0082466
-0.0064182
-0.0074008
0.0050172
0.0097556
0.0044227
0.0040543
0.0050796
0.0079165
-0.0093976
-0.0053964
-0.0049368
0.0088787
-0.00481
0.0002454
0.0004376
0.0030745
-0.0086436
0.0076115
0.0018759
-0.0066277
0.0010792
0.0063997
0.0020152
-0.005842
-0.0098211
0.0088102
-0.0006584
0.004297
0.0044096
-0.0001009
7.11e-5
0.0012754
-0.0080429
0.003963
0.0009857
-0.0089419
-0.0019354
0.0033594
-0.0010618
-0.0058754
0.0074284
-0.0009836
-0.0076704
-0.0066859
0.0024883
0.0095189
0.0096785
0.0089618
0.0001759
0.0080168
0.0063453
-0.0057644
0.0082882
-0.0091403
0.0030318
-0.0089822
8.93e-5
0.0090262
0.0075226
-0.0095984
0.0066185
0.0015614
-0.004426
0.0026131
0.0056241
0.0040442
0.0028577
-0.0034031
0.0098681
-0.0015912
0.0053193
0.0046825
-0.008332
-0.0038046
-0.0002535
0.0064372
-0.0027835
0.0038515
-0.0028741
-0.0032955
0.0005147
-0.0089429
-0.0097333
-0.0048254
-0.0031893
0.0066583
0.0016667
0.0020676
0.0003227
-0.0076596
0.0030266
0.0042528
-0.0036001
-0.0048708
0.0097158
0.0093845
0.0059395
-0.0003404
-0.0090557
0.0024932
0.0027127
0.0092478
0.0068368
0.0063624
0.009317
0.0052355
-0.0093582
-0.0024536
-0.0080387
0.0064024
-0.0032505
-3.8e-6
-0.002663
0.0016121
0.0019281
0.007785
0.0043204
-0.0015998
-0.0024083
-0.0096851
-0.0008597
-0.0070479
0.0070199
0.0011502
0.0044602
0.0042898
0.0046195
0.0039151
0.0018083
-0.0044248
-0.0035846
0.0075255
-0.0034883
-0.0068229
-0.0048684
0.0019807
-0.009035
0.0003914
0.0056847
0.0078886
-0.0051564
0.0091591
0.0026144
-0.0046922
-0.0054382
-0.0066685
-0.0065253
-0.0049718
-0.0022393
0.0010351
0.0062224
-0.0076321
0.0019192
0.0094686
-0.0004311
-0.0087529
-0.0042334
-0.0049507
-0.0034923
-0.0068367
0.0048452
0.0038001
0.0064935
0.0004406
0.0081644
0.0050432
-0.0045151
0.0029371
0.0060408
-0.0073008
0.0091637
-0.0034175
0.0039781
0.0064918
-0.0053408
-0.0063226
-0.008194
-0.0058863
-0.0004978
0.0095215
-0.0060701
0.0046044
-0.0039868
-0.0097943
-0.0028974
-0.0089857
-0.0047324
-0.0005539
0.0039179
-0.0034946
-0.009654
-0.0013976
-0.0009199
0.0042752
0.0016256
0.0038634
0.0055923
-0.0001253
0.0067264
0.0066514
-0.0051009
9.64e-5
-0.0074013
-0.0047767
0.0045292
-0.0074123
0.0078622
-0.0061559
-0.0062724
-0.00388
-0.0031531
-0.0096631
-0.0046702
0.0078366
-0.0033967
-0.0029162
0.0019964
0.0067366
0.0049173
0.0086394
-0.0024499
-0.0002421
-0.0097539
0.0017016
-0.0082419
-0.0082167
-0.0044291
0.0074454
-0.005658
0.0093116
0.0056975
-0.0081283
-0.0055747
-0.0021993
0.0095892
0.0003156
-0.008033
0.0073752
0.0030834
0.0045658
-0.0043853
0.0029887
0.0032728
-0.0029946
-0.0032479
-0.0082559
-0.0068135
-0.0083857
0.0041969
-0.0026815
-0.0054412
0.0077419
-0.0074112
-0.0012961
0.0091972
0.0018022
0.0020602
-0.0031516
-0.0078518
-0.0072941
-0.0016343
0.0097773
-0.0044945
0.001053
0.0081943
0.0087888
0.0028527
-0.0084259
0.0027252
-0.0073948
-0.0097871
0.0023452
-0.0055608
0.0050984
-0.0088285
0.0029296
-0.0068642
-0.001885
-0.0009587
-0.0091372
-0.0078996
0.0006826
-0.0088397
0.0082003
0.0095635
-0.0012753
0.0048837
0.0081159
0.0059274
-3.14e-5
0.0043149
-0.0082972
-0.0084794
-0.0001798
0.0093063
-0.0097998
-0.0047406
0.0043445
-0.0039792
-0.0089354
0.0095908
-0.0093106
-0.0096052
-0.0030806
-0.0046529
0.0051
-0.0072605
0.0053248
-0.0006324
0.0078882
-0.0048016
-0.0023508
0.0015519
-0.0057043
0.007777
0.0003298
0.0051031
0.0064353
-0.0067553
-0.0074172
-0.0039964
0.0029929
-0.006891
-0.0025926
0.0040282
-0.0061231
-0.0031731
0.0082823
0.0047778
-0.0032002
0.0031246
0.0049957
-0.0075076
-0.0094132
-0.0078281
-0.0025698
-0.0069572
0.0058563
-0.0027278
0.008141
0.0024105
0.0096162
0.0057344
0.0030686
0.0061555
0.00347
0.0046778
0.0018905
0.0033094
0.005233
0.007089
0.002232
0.0089563
0.0035135
0.0024891
0.0096639
0.0098682
-0.0003904
-0.0093452
0.0096033
-0.0011771
-0.0017037
0.0039085
-0.0087405
-0.0046635
0.0016988
-0.004851
0.0067528
0.0069247
-0.002631
0.0006868
0.0079954
-0.0037419
0.0053613
-0.0019622
-0.0043805
0.0032636
0.0008449
-0.0005775
0.0021784
0.0092844
0.0095073
0.007327
0.0093456
-0.0009783
0.0053212
0.0089994
-0.0007685
-0.0005293
-0.0057082
-0.0009069
0.008019
-0.0076843
-0.0015259
0.0052579
0.0015177
-0.0005901
0.005374
0.0013834
0.0016572
0.0029972
-0.0012453
0.00722
0.0029861
0.0001365
0.0093795
-0.0028482
0.0002427
-0.0046382
0.0011851
0.0098135
-6.64e-5
-0.0026334
0.0069574
-0.0026239
0.0037926
-0.0047404
0.0089122
-0.0059329
-0.0099465
-3.91e-5
-0.0005594
0.0025329
0.0015423
6.9e-6
0.0086828
0.0013451
0.0054205
-0.0063334
-0.0006539
0.0086168
-0.0096392
0.0048862
-0.0055625
0.0001426
0.0015167
0.0032476
0.0008895
0.0082489
0.0063849
-0.0039164
-0.0054409
0.006678
0.0033708
0.0078541
-0.0088923
-0.0059647
0.0047981
0.0036026
-0.0028838
-0.0064034
0.0009855
0.0075751
-0.0059348
-0.0063709
-0.0081608
-0.0040008
-0.00683
-0.0083161
-0.009947
0.0037027
-0.0057719
0.0038298
-0.004651
-0.0046206
0.0011639
-0.0010812
0.0042154
0.0046187
-0.0082986
-0.0079734
-0.0070336
0.0012259
-0.0073817
-0.0025037
0.0003158
