-0.0086126
-0.0002164
-0.0054503
-0.0034795
-0.0028295
-0.0091048
-0.009868
-0.001249
0.0058119
0.0017775
-0.0076301
0.0039029
0.0059535
0.0093724
0.0018156
-0.0030219
0.004564
0.0027567
-0.0014701
0.0013748
0.0083857
0.0098721
0.0010291
-0.0036812
-0.0078138
-0.0044942
0.0057042
0.0082702
0.0078574
-0.0027376
0.0085234
-0.002438
-0.0095317
-0.0014986
0.0021441
0.0031782
0.0029332
0.0017754
0.0026145
0.0018243
-0.0008744
0.0011997
0.0096755
-0.0095157
0.0044991
0.0031249
1.43e-5
0.005468
-0.0076964
0.0031297
0.0041014
-0.0050134
0.0097688
-0.0043102
-0.0035186
-0.0091156
-0.0065944
0.0006144
-0.0013903
-0.0086181
0.0017782
0.0092651
-0.002506
0.0019201
1.46e-5
-0.0032085
-0.0098083
0.004935
-0.0041503
-0.009007
-0.0047056
-0.0027338
0.0012423
0.0048596
0.0068792
-0.0087766
0.004024
0.0029596
-0.0016235
0.0008666
0.0054271
0.0022783
-0.0029058
-0.0047244
0.005688
-0.0015702
1.86e-5
0.0092165
0.0037604
-0.0069691
0.0035853
-0.0035191
-0.0040487
-0.0002113
0.0097069
0.0081201
0.0073928
-0.0056067
0.0065043
-0.0035948
0.0005651
0.0086612
0.0077939
-0.0076919
0.0093755
0.0005938
-0.0091738
-0.0033807
0.0006665
-0.0073829
0.0049051
-0.0025182
-0.005396
-0.0054776
-0.0093342
-0.004715
0.0065328
-0.0003026
0.0042628
-0.0033705
-0.0008474
-0.0073445
-0.003388
-9.69e-5
0.002997
0.0087792
-0.0002045
0.0092047
-0.0021965
-0.0013969
-0.0021604
-0.0073371
0.0021477
-0.0053746
-0.0074999
-0.0073288
0.0082847
0.0079945
-0.0048118
0.0097207
0.0079869
0.0077369
-0.0069823
0.0069852
-0.007501
0.0003632
-0.0040565
0.0013449
-0.0041645
0.0060562
-0.0023874
0.0002059
0.0033704
0.000841
-0.0084701
-0.0039132
-0.0034738
0.008967
0.0010739
-0.0040009
-0.0056425
0.0031932
0.0023147
-0.0003255
0.0093992
0.0086002
0.0075133
-0.0066686
0.0024756
0.0015434
0.0010832
0.0086586
0.0053852
0.0045074
0.0067196
-0.0027858
-0.0085157
0.0049401
-0.0055873
0.0057617
-0.0087486
-0.0013155
0.0022756
0.0077955
0.0073542
0.0029012
0.0092697
0.0045764
0.0042045
-0.0044004
0.0023823
0.001538
-0.0098196
-0.001505
-0.009372
0.0067264
0.0097677
0.0079659
-0.0092299
0.0062593
-0.00605
0.0021128
0.0003749
-0.0047877
-0.0008665
9.74e-5
-0.0071393
-0.0036441
-0.003435
0.0098505
-0.0031235
0.0050639
-0.0079373
0.0076954
0.0037229
0.0024664
-0.0021948
-0.0002112
-0.0078554
-0.0006624
0.0072312
-0.0032787
-0.0010228
0.0004992
0.000593
-0.0027529
-0.0077208
-0.0064202
0.0091519
0.005849
0.0019268
-0.0087918
-0.008678
-0.0034087
-0.0021965
0.0062116
0.0019712
0.0052043
-0.0001721
0.0060007
0.0065292
-0.0077616
0.0019887
-0.0095762
0.0025435
0.0043255
0.0078925
-0.0057422
-0.0002658
0.0044574
0.0060102
-0.0074336
0.0080872
0.0063891
-0.0002036
-0.0058154
-0.0083008
-0.0066131
0.0022853
0.0092138
0.0006494
-0.0039292
0.00402
0.0006902
0.008375
-0.0007741
-0.0036655
-0.0061787
-0.0023111
0.0023368
0.0078397
0.0031203
0.005257
-0.0055897
0.0073213
0.0078011
-0.0040448
-0.0013838
0.0028304
0.0065287
-0.0062287
-0.0038334
-0.0073972
-0.0094953
-0.0074023
-0.0033342
0.0065976
-0.0043231
-0.0019352
-0.0051029
0.007068
-0.0020886
0.0005232
-0.0080531
0.0047269
0.0047663
0.0088268
-0.0036416
0.0060176
0.0063402
-0.003085
-0.0089503
0.0020546
0.0043283
0.0077374
0.002069
0.0040188
0.0060926
-0.008739
0.0040506
-0.0004562
0.0029741
0.0096015
-0.0064761
-0.004602
0.0046536
-0.002629
0.0037011
-0.0028279
0.0045698
0.0024306
-0.0021354
-0.0010404
0.0063716
-0.0039463
-0.008059
0.0039491
0.0079828
-0.0046192
-0.0041985
-0.0019058
-0.0070416
-0.0099511
-0.0022025
-0.006025
-0.0021355
-0.0037301
0.0033437
0.0041583
0.0063374
0.0065269
-0.0084313
0.007957
0.0033585
0.0004873
-0.0097008
-0.0093648
0.0046009
0.0009924
-0.0020066
-0.0038553
-0.0067565
0.0012954
7.61e-5
-0.0062019
-0.0059274
0.0041048
-0.0070953
0.0040668
-0.0086183
0.0015713
-0.0077012
-0.0013988
0.0094819
0.0098926
0.0003439
0.0022354
-0.0032791
0.0012977
0.0007692
0.005638
-0.0075372
0.0046066
-0.0005386
0.0057324
-0.0070974
-0.0041003
0.0076949
0.0044617
-0.0094557
0.0045544
-0.0007085
0.0060095
-0.0049613
0.0082034
-0.0006234
-0.0082571
0.0076934
0.0099429
-0.0062956
-0.003901
-0.0088426
0.0011137
-0.0053413
-0.006073
-0.0011707
0.0045515
-0.0011337
-0.0074442
0.0016185
-0.0071675
0.005242
-0.0082118
-0.0034305
-0.0092574
0.0077584
-0.0009752
-0.0036742
0.0025192
0.0045367
-0.0054573
-0.007095
-0.0094493
-0.0015894
0.0012516
-0.0060516
-0.005124
0.0076053
-0.0057531
-0.0001612
0.0053954
-0.0045379
0.0059346
0.0069448
0.0066605
0.0007139
-0.0032426
0.0004707
0.003431
0.0070401
-0.0086545
0.0030582
-0.0080776
-0.0028994
-0.0008288
0.0084334
-0.0015459
0.009019
-0.0086088
-0.0052388
0.0071688
0.0086921
0.0054995
-0.0020852
-0.009425
-0.0047184
-0.0030122
-0.0079909
-0.0069075
0.0086802
0.006637
0.0099838
0.0058054
0.0087391
-0.0079614
0.0087553
0.0058697
-0.0054016
0.0012358
0.0023053
0.0052179
-0.0034526
0.0067035
0.0010498
0.0093494
0.0005508
0.0076689
-0.0071975
0.0054908
0.0018638
0.0064559
-0.0025191
-0.0030787
0.0027245
0.0009072
0.0047653
0.0079473
0.0066251
-0.0064745
-0.001786
-0.0066207
-0.0057859
0.0044305
-0.0049249
-0.005661
0.0003705
-0.0091229
-0.0077587
0.0010732
0.0069359
0.0069203
0.0023523
0.0043717
0.0067479
0.0049276
