-0.0082778
0.0013645
-0.0014431
0.0066131
0.0027418
-0.0041216
-0.0050075
-0.0093992
-0.0075151
-0.0064681
0.0094218
-0.0030782
0.0054372
0.0098752
-0.0041312
-0.0031538
0.007096
-0.0046228
-0.0027696
-0.0042457
0.0058336
-0.0029203
-0.0012759
0.0094978
0.0096647
-0.0080113
0.0080231
0.0024101
0.0012994
0.0051781
-0.0083737
0.0060191
0.0083502
-0.0098929
-0.0079285
0.0010771
-0.0091981
0.007643
-0.0019329
0.0005039
-0.0057424
-0.0083743
0.0083885
0.0089244
-0.0027275
-0.0005275
-0.0086359
0.0012393
0.0092626
0.0089457
-0.0075643
-0.0043742
0.004994
-0.0019868
0.0088506
-0.0080615
-0.0079127
0.0080404
0.0056734
-0.0068023
-0.0048187
-0.0060453
-0.0094195
-0.0083571
0.0087194
0.0040721
0.0086722
-0.0090915
-0.0066766
-0.0097521
-0.0016911
0.00472
-0.0018428
-0.0036583
-0.0004313
-0.0007217
-0.0068518
-0.0020915
0.0032359
0.0075757
-0.0085461
0.0044046
0.0012666
-0.0091367
0.0026658
-0.0005776
0.0035215
-0.004323
-0.0036153
0.0092922
0.0021695
0.0075114
0.0002502
0.0050243
-0.0009924
0.005526
-0.0049086
0.0003218
-0.0028783
-0.0073583
0.0026959
-0.0032728
0.0076287
0.0052046
0.0013987
0.0075684
-0.0059861
-0.0050451
-0.0003379
0.005561
0.0036126
-0.0036427
0.0003099
-0.0020664
-0.0019941
-0.0023557
0.0073019
-0.0068908
-0.0022439
0.0065544
0.0076036
-0.0028657
0.0011173
-0.0062284
-0.0011931
0.0011011
-0.0003156
-0.0074118
-0.0039556
0.0076335
0.0070253
0.0008535
-0.0088708
-0.0010706
-0.0037976
0.0048649
-0.0052099
0.0022234
-0.0089144
-0.0008342
-0.0027103
0.002301
0.007816
0.0094489
0.002893
0.0029628
0.0087688
0.0075033
0.0082088
0.0022866
-0.0079909
0.001001
-0.0069636
-0.0078553
-0.0051877
0.0028814
-0.0068045
0.0097374
-0.0030523
-0.0079907
-0.000201
-0.0048493
0.0070618
0.006886
-0.0032324
-0.0035126
0.0078193
9.17e-5
0.0035789
-0.0029902
-0.0065644
-0.0016231
-0.0067117
-0.0066595
-0.0051989
-0.008593
-0.0055691
-0.0004093
-0.0043306
0.0083865
-0.0052847
0.0065299
-0.0026183
-0.007628
0.005104
-0.0007858
0.0070932
-0.0062554
-0.0037714
0.0067806
0.0035891
-0.0054769
-0.0079912
-0.0070126
-0.0039836
0.0061562
0.0065134
-0.0043766
0.0036279
0.0083164
-0.0047267
-0.0065125
0.0054066
-0.0092121
-0.0025081
0.0083344
-0.0095745
0.0065618
0.0068143
0.0066261
0.007221
0.0042356
0.003994
0.0019161
0.0066401
-0.0064805
0.0084254
-0.0054366
-0.0060423
0.0082423
-0.0041213
0.0010524
0.0027307
0.0060413
0.0094312
0.0004655
-0.0060438
-0.0064742
-0.0026784
-0.0024004
-0.0014078
-0.0056705
0.00995
0.0023616
0.0099211
-0.0062055
0.0076422
0.0058404
-0.0082095
0.0063353
0.0094079
-0.0020679
-0.0075224
0.0006274
6.67e-5
0.0094389
-0.0088708
-0.0029218
0.007654
0.0058736
-0.0032665
-0.0013764
-0.0057804
-0.002957
0.0076816
-0.0028543
0.001441
-0.0016642
0.0005917
0.0094978
-0.0040824
-0.0061932
0.0070148
0.0043008
0.0003179
-0.0039724
-0.0013953
0.0080938
-0.0041948
0.0090217
-0.0027706
-0.0086199
-0.0077726
-0.0033851
0.0008039
0.0012219
-0.0050987
-0.0038248
-0.0085878
-0.0085447
0.0078361
-0.0082173
0.0083793
-0.0083702
0.0087534
-0.0016459
-0.0068446
0.0055012
0.0075047
-0.0001948
-0.0063551
0.0093796
0.0011852
-5.8e-6
0.0005939
-0.0079553
-0.0076085
-0.0042962
-0.0092255
-0.0015866
0.0020689
0.000928
0.0035965
-0.0014642
-0.0003917
-0.0052525
0.0096
-0.0025598
0.0082388
0.0096179
0.0037646
0.0041907
-0.0094319
-0.0033148
0.0082948
-0.006909
-0.0044933
-0.0049531
-0.0035992
0.0094835
0.0045999
-0.0013126
-0.0073226
-0.0028701
0.0085203
-0.0098995
-0.0010427
-0.0085326
0.0039803
-0.0049786
-0.0037499
-0.0079121
9.76e-5
-0.0056507
-0.0015233
0.0025867
-0.0009403
-0.0097136
-0.0056079
-0.0083167
-0.0020045
0.0088977
-0.0042098
-0.0003924
-0.0075704
-0.0081692
0.0092704
0.0076151
-0.005332
-0.0071869
0.0016781
-0.0092171
-0.0015053
0.0052664
0.0041919
0.0085817
0.0091934
0.0008937
-0.0028658
0.0051904
-0.0080684
0.009311
-0.0048526
-0.0041582
-0.0031747
-0.002922
0.0010002
0.0098089
-0.0095544
0.0070746
0.0082574
-0.0099125
-0.0023929
0.0010525
0.0034328
0.0066456
0.0011231
-0.0091147
0.0016278
-0.0086322
-0.0081112
0.0016691
-0.0082469
-0.0095611
0.0024034
-0.0087342
-0.0078945
-0.0088605
0.0086088
0.0091608
-0.0045722
-0.0091048
-0.0061824
0.0028122
0.0002462
-0.0049055
-0.00932
-0.0058583
0.0021217
-0.0028185
-0.0005593
0.0066431
0.0059236
-4.93e-5
6.71e-5
0.0035077
-0.0028582
-0.0028482
-0.0085453
0.0050881
0.0025014
0.0077692
-0.0066334
0.0061311
-0.0040375
0.0083131
0.0021046
0.0059445
-0.006067
0.0082978
-0.0072684
-0.0063873
-0.0088015
0.0079099
-0.0093369
-0.0084569
-0.0068766
0.0089903
-0.0008243
-0.0077862
-0.0063863
-0.0003836
-0.0082369
-0.0075831
-0.0095273
-0.0090568
-0.0024396
0.0019722
0.0061739
0.0086722
-0.00918
-0.0037704
0.0091433
-0.0014805
-0.007392
0.007316
-0.0004354
-0.0042742
0.0074587
0.0016594
-0.0096429
-0.0007104
0.0072152
-0.0061527
0.0068065
-0.002429
-0.0038848
0.0082406
0.0013745
-0.0063113
-0.0009489
-0.0081215
-0.0065279
0.0066239
0.0038538
0.0030027
-0.0084666
-0.0045617
0.0065963
-0.0011677
-0.0029503
0.0006073
-0.0067698
-0.0071214
-0.0037427
-0.0043976
0.0093416
7.42e-5
-0.0022822
-0.0032857
0.0049227
-0.0034321
-0.0058558
0.0012218
-0.008537
0.0075598
0.0022788
0.0051854
0.0038854
-0.0036413
-0.0028116
-0.0010216
0.0070292
-0.0086657
0.0036665
