0.007637
0.0020531
0.0097976
-0.0019029
-0.0054675
0.0033848
-0.0052538
-0.0089073
0.0048867
0.0007546
0.0020261
-0.0056276
0.0006812
0.0022207
0.0081351
-0.0098943
0.0050389
0.0090727
0.0057996
-0.0071806
-0.0029597
-0.0030622
-0.0004241
0.0044682
-0.008984
0.002288
0.0023086
-0.0033953
-0.0027563
0.000111
0.0042118
0.0046653
-0.009506
-0.0032383
-0.0024621
-0.0059627
-0.005278
0.0032136
0.0026403
0.0088505
-0.0081547
0.0003314
0.0026529
-0.007457
0.0019402
-0.0016818
0.0011814
0.0034065
-0.001469
-0.0081072
-0.0039937
-0.0010178
-0.000516
0.0037085
-0.0047275
0.0024726
0.0014875
0.0056921
0.0004466
-0.0019611
0.0012074
0.006208
0.0034824
-0.0039586
0.0014019
0.0003266
0.0068936
-0.0083837
0.007933
0.0026439
-0.004309
-0.0083744
0.0006203
0.0043168
0.0036886
0.0038677
0.003519
0.0038144
0.0090443
0.0070001
-0.0032241
0.0045645
0.0085675
0.0021524
-0.0083403
0.009446
-0.0088802
0.0075515
0.0057612
-0.0027917
0.0076227
-0.0048187
0.0078388
-0.0080807
0.0012466
0.0090229
0.0093714
-0.0061983
-0.0006263
-0.003236
0.0026345
0.0025232
0.001247
-0.0097984
0.0007351
0.0087934
-0.002527
0.0091597
0.0006693
0.0023586
-0.0056157
0.0038537
0.0040163
-0.007551
0.0056614
-0.0007897
-0.0095405
0.0074127
0.0052982
-0.0081566
-0.0084222
-0.0086824
0.0028422
0.0051345
-0.0073327
-0.0059859
-0.001918
0.0030153
-0.0088685
-0.0083426
0.0088318
0.0025014
0.0048838
0.002119
-0.0059154
0.0061863
-0.0064447
-0.004149
0.0055791
0.001244
0.0066158
-0.0058006
-0.0094526
0.000708
0.0097465
0.0049318
-0.0032643
-0.002609
0.0039911
-0.0044366
0.0019478
0.0032543
0.0095525
-0.0009932
0.0079944
0.0082319
-0.0003165
-0.0010753
0.0092365
-0.0038533
0.0076223
0.0070985
0.000435
0.0086738
-0.0060946
-0.0063558
0.0047897
-0.0035353
-0.0049612
0.0072628
0.0055058
0.0033461
-0.0041521
-0.0026756
0.0031258
-0.0013896
-0.0044417
-0.0041532
-0.0001147
0.0038864
-0.0060641
-0.0071194
-0.0041957
0.0095652
0.0035353
0.0073485
-0.0018132
-0.0059155
0.0096916
0.0082763
0.0040029
-0.0095667
0.0002233
-0.0044298
-0.0027398
-0.0062166
-0.0018997
0.0073013
-0.002267
-0.0054943
0.0074377
-0.005421
-0.0098899
-0.0096487
-0.0003444
0.0043031
-0.0041894
-0.0037748
-0.0067929
0.0034194
0.0054688
8.06e-5
0.0079267
-0.001057
-0.0031557
-0.0081706
0.0077491
-0.0097405
-0.005447
0.001441
-0.00248
0.0014327
0.0044935
-0.0003299
0.0085884
0.0039559
-0.0066468
-0.00859
-0.0080372
0.0086963
-0.0002906
-0.0020084
0.0006095
-0.0022309
0.0094922
-0.0055065
-0.00847
-0.0006539
0.0068072
-0.0021166
-0.0097898
0.0045233
-0.0091247
-0.0091216
-0.0005548
0.0017788
0.0098349
0.0035011
-0.0088556
-0.0089633
-0.0065128
-0.0053278
0.0044895
0.0047806
0.0065396
0.0090645
0.0059114
0.0037329
-0.0059326
3.41e-5
0.0024898
-0.0005183
-0.0098636
-0.0093585
0.0081779
-0.0079795
0.0007535
0.0039121
-0.0050786
0.0078001
-0.0003364
-0.0053719
-0.0019996
-0.0057966
0.0044796
0.0081654
0.005317
0.0007202
-0.0009919
-0.0032081
-0.0047385
0.0092936
-0.0046641
0.0070023
0.0032783
-0.0072557
0.0053501
-0.0083822
-0.0081746
-0.00131
0.0017761
-0.0069183
-0.0054074
0.0030217
-0.0008714
-0.0052054
-0.0086582
0.0047275
0.0020747
0.0064016
-0.0087572
0.0013285
0.0054051
-0.0018874
-0.009565
0.007823
0.0059759
0.0073867
0.0024479
0.0044638
0.0035941
-0.0027887
-0.0098752
0.0055475
0.007624
-0.003874
-0.0024808
-0.0094424
0.0077905
0.0066756
-0.0020473
-0.0084429
-0.0090883
0.0026793
0.0089323
-0.0036152
0.0075423
0.0045696
-0.004436
0.0036017
-0.0078304
0.0088285
0.004248
0.0079303
0.004548
0.0090535
0.0010053
0.0073977
-0.0066047
-0.000191
0.008173
0.007843
-0.0022125
-0.0044678
-0.00501
0.0009218
-0.0051164
-0.0032586
-0.0062401
0.0039255
-0.0097193
-0.0097691
-0.0035004
0.0064286
0.0070257
-0.0040389
0.0035305
0.0023818
-0.0080101
0.0095151
-0.0001433
-0.0054866
-0.006187
0.0092504
0.0057851
0.009148
-0.0006606
0.0054214
0.0010226
-0.0031236
-0.0074666
-0.0075852
0.0056131
-0.0008564
0.0042089
-0.0070001
-0.0072547
0.0068177
-0.0074147
-0.0014685
-0.0061263
-0.00136
0.0097011
-0.004264
0.0012268
0.0078906
0.0060215
0.0099544
-0.0020356
-0.0055334
-0.0008135
0.0084047
-0.0063129
-0.0041246
0.0073608
-0.0069828
-0.001645
0.0043427
0.0061112
0.0055375
0.0069747
0.0029592
-0.0010742
0.0082875
0.006777
-0.0015457
0.0027603
0.0087301
0.0078284
-0.0019568
0.0037104
0.008167
0.0028265
-0.0045659
-0.0081557
0.0017927
0.0023965
0.0028447
-0.0011467
-0.0059577
-0.0040112
0.0011432
0.0097545
-0.0061357
-0.0011723
0.0041187
-0.0075337
0.0010201
-0.0074372
-0.0026659
-0.0036661
-0.000372
-0.0093471
-0.0012227
0.0081185
-0.0075442
-0.0047831
-0.0041781
-0.0022634
-0.0022541
-0.0004245
0.0076011
-0.0085534
0.0007275
0.0011385
-0.0004999
0.0060707
-0.0002533
0.0042097
-0.0054589
-0.0057194
0.0098013
-0.0060908
-0.0050761
-0.0047681
-0.0071988
-0.0072202
0.0071641
0.0059387
-0.0022086
-0.0003649
-0.0053685
0.0043193
-0.0049528
0.0072119
-0.0035923
-0.0099634
0.0028228
-0.0090548
-0.0027797
0.0073005
-0.0028108
-0.00288
0.0098595
-0.0011724
0.0020035
-0.0019358
-0.0093907
0.0053583
-0.0065401
0.0010069
0.0080474
0.003356
-0.0002654
-0.003277
-0.0027596
-0.008667
-0.0068
0.0081412
0.0041561
-0.001223
-0.0081206
-0.0018712
0.007099
-0.0053189
