-0.000231
0.0090979
-0.0035955
-0.0040725
-0.0094785
0.0025018
-0.0076346
-0.0020946
-0.0054495
0.0078694
-0.0072189
0.0066454
0.0025168
-0.0095292
0.0071237
0.0
-0.0017021
0.0072672
-0.0097372
0.0045611
0.0089874
0.0002422
-0.0056295
-0.0008938
0.0095538
0.0095822
0.0055609
0.0073083
-0.0064343
0.0020351
0.0094268
0.0005286
-0.0064578
0.0045775
-0.0060504
-0.001933
0.0053317
-0.0043117
-0.0013987
0.0006
-0.0012405
-0.0043738
0.004251
0.0037696
-0.0007127
0.0046185
-0.0086501
-0.0096146
0.009449
-0.0066085
-0.0088256
0.0095258
0.0045488
0.0062649
-0.0087472
-0.0043354
0.0046828
-0.009998
0.0075542
-0.0049425
0.002758
0.0007576
-0.0039017
0.0008914
-0.0003945
0.0001839
0.0035035
-0.0099175
0.0003156
-0.003911
-0.001099
-0.001644
0.0092425
0.0064728
-0.007657
0.0043079
0.007654
0.0067407
-0.0037616
0.0054057
-0.006238
0.0089711
-0.0050619
0.0095039
-0.0031647
-0.0081329
0.0014728
-0.0050264
0.0053793
-0.005606
0.0064217
-0.000628
0.0025031
-0.0007441
0.0084244
-0.003632
0.0095827
-0.0071937
0.0085756
0.0038989
-0.0017948
0.0045503
-0.0005084
-0.0041407
-0.0081605
-0.0086084
0.0045879
-0.0053846
-0.0005711
0.0011171
0.0089212
-0.0066427
-0.008349
-0.0013383
-0.002534
-0.0006588
-0.0006464
-0.0003794
0.0005319
-0.0083682
-0.0039196
0.007555
0.0077727
0.0036634
0.0075818
0.0036526
0.0086061
-0.0067916
-0.0069404
-0.005898
0.0027547
0.0031187
-0.0032017
0.0061945
-0.0017185
0.0011536
-0.0035696
0.006686
-0.0070918
0.0097987
0.0040389
0.0080728
-0.0031324
-0.0051822
-0.0026952
-0.0015977
0.0071124
-0.0096501
0.003754
0.0043511
-0.0004659
0.0075968
-0.0077779
0.0038993
-0.0019931
0.0036163
0.0002387
-0.0029041
0.0074619
-0.0010901
0.0043877
0.0042908
0.0046794
-0.0001074
-0.0098556
-0.0064251
-0.007254
0.002149
0.0059773
-0.0089516
-0.0090923
-0.0016979
0.0095469
0.0026517
0.0010103
0.003833
0.0056815
-0.0002011
-0.0002074
-0.0048094
0.0002846
0.0035992
0.0007019
-0.0018964
-0.0084467
-0.0010846
0.0085611
-0.0012708
0.0086134
0.006209
-0.0079525
1.84e-5
0.0030168
-0.000306
0.0050899
0.0052777
-0.0043346
-0.0092763
-0.0040789
-0.0062941
0.0040127
0.0046615
-0.0046012
0.0071437
-0.000788
-0.0064252
0.0041868
0.0046794
-0.0070072
0.009837
-2.76e-5
-0.0095263
0.0098522
0.0021078
0.0022159
-0.0039503
-0.0015006
0.0041716
-0.0002539
0.0094825
0.0082114
0.0039842
-0.0006636
0.006188
-0.0060678
0.0001276
-0.0082893
0.0078982
0.0014427
-0.0017755
0.0084633
-0.0041766
0.0001714
0.0072849
0.0018601
-0.0066713
-0.0079358
0.0066205
0.0093313
0.0066643
0.0094235
-0.0089443
-0.0051331
0.0031214
-0.0001
0.0005384
-0.0044905
-0.0007458
0.0066524
-0.0039158
0.0023695
0.0013392
-0.0073163
-0.0043419
0.0051055
-0.0015532
-0.004555
0.0065875
-0.0075345
0.0069184
-0.0099385
-0.0007347
0.003231
0.0094091
-0.0024539
-0.0075745
-0.0035666
0.0066495
-0.0051824
0.0078726
0.0076761
-0.0096101
-0.0002732
-0.0044117
-0.0023349
0.0058475
-0.0075138
-0.0069211
0.0001073
-4.5e-5
-0.0032588
-0.0002657
0.009536
-0.0076382
-0.0093261
-0.0052553
-0.0012501
-0.0077426
0.0051998
0.0042996
0.001005
0.0066275
-0.0019005
-0.0062019
-0.0061516
0.0061452
0.0005828
0.0014308
0.0020473
0.0093614
-0.0010275
-0.003169
0.0004367
-0.0020078
0.003745
-0.0003252
0.0095445
0.0070115
0.0014874
-0.0043512
-0.0013655
7.83e-5
-0.004039
0.0046261
0.0074742
-0.0007677
-0.0048947
-0.0012777
-0.0023186
0.0053948
-0.0074261
0.0067569
0.0071308
-0.0074297
0.003552
0.0018978
-0.0063046
0.0012897
0.0032157
0.0003577
0.0069651
0.0089193
0.0082289
0.0095609
-0.0016763
0.0049183
-0.0053862
0.0099614
-0.0093463
0.0063993
0.0086891
0.0006313
0.0060665
0.000576
0.0020451
0.0098178
-0.0017886
-0.0092542
-0.0038822
-0.0087848
0.0015095
0.0093096
-0.0002607
-0.00693
-0.0013474
-8.4e-5
0.0058595
0.0097113
0.0090542
0.0083591
-0.0069688
-0.007384
-0.0082071
0.0029494
-0.0035017
0.0015623
0.0025634
0.0036909
0.0093815
0.0040863
-0.0079015
0.0020885
0.0053824
0.0049144
0.0011854
0.0014198
0.0071243
0.0038092
0.0094737
-0.0058093
-0.0081158
-0.0076382
0.0074239
0.0086891
0.0016307
0.0017559
-0.0041383
0.0096475
0.0005933
-0.008631
0.0022065
-0.0072382
-0.0002234
0.0088278
-0.0002483
-0.0072784
0.0035275
0.0024381
-0.0026291
0.0084289
0.0082448
0.0057066
0.0082502
-0.0065635
-0.0007587
-0.0033989
0.0023834
-0.0083478
-0.0040843
0.0024173
-0.0045103
-0.0065374
-0.0039233
-0.0023829
-0.0029321
0.0025514
0.0002579
0.0037097
-0.0097722
0.0057653
-0.0089383
0.006456
-0.0094775
-0.0010101
0.0016243
-0.0093721
0.008144
-0.0091299
-0.0096711
0.0055578
0.0056832
-0.0036422
-0.0097255
-0.0033846
0.0092158
-0.0083049
-0.0037281
-0.0084367
-0.0071
0.0055552
-0.0063886
0.0040634
-0.0049914
-0.0028357
-0.0070332
-0.0066738
-0.0077033
-0.0044232
0.0002814
-0.0014584
0.0037556
0.0052185
0.0076229
0.0011174
-0.00929
0.0057974
-0.0041172
-0.0065255
-0.0032306
-0.0033795
-0.0050575
0.007867
0.004855
0.0012841
0.0062704
-0.0031749
-0.0029225
-0.002758
0.0096519
0.0055907
0.0081355
-0.0069998
-0.0034073
0.0029415
-0.0069192
-0.009021
-0.0037684
-0.0064762
0.001016
0.0091095
-0.0006888
-0.0006021
0.0088167
-0.0090761
0.0001229
-0.000825
0.0082824
0.0034
0.0087766
-0.003579
0.000458
-0.0072636
-0.0077338
-0.0041613
0.0023967
