0.0015246
-0.0091486
0.0025749
0.0091742
-0.0080254
0.0030744
-0.0058529
-0.0017747
0.0025345
-0.0070632
-0.0073975
0.0083479
-0.0046508
0.0084918
0.0003527
0.0033801
-0.0062622
0.002993
0.0059196
-0.0060235
0.0002075
0.0045719
-0.0014963
-0.0045725
-0.0012184
0.0042759
0.0027459
-0.0064336
-0.0005397
0.0085019
0.0064983
0.0054487
0.0096771
0.0018883
0.0052343
-0.0030446
0.0091048
0.0099846
0.0052551
-0.0077056
-0.005588
-0.0032766
-0.0052027
-0.0035664
0.0006453
-0.0016478
-0.0072568
-0.0088413
0.0013514
0.0092845
0.0056896
0.0092505
-0.0020928
0.0093554
-0.0001654
0.0056381
0.0037347
0.0021372
-0.0050472
-0.0056901
0.0084281
-0.0068171
-0.0025165
0.0008023
-0.0014714
-0.0072736
-0.0010824
-0.0069424
-0.0029645
0.0088079
-0.0078251
-0.0036072
-0.0050176
-0.009839
0.0004778
-0.0081876
0.0052782
0.0079357
0.0021951
0.0099253
-0.0024761
0.0066202
-0.0088319
0.0051105
-0.0012621
-0.0063504
-0.0039706
0.0017044
0.0084105
-0.0021478
0.0072261
-0.001313
-0.0054032
-0.0072906
-0.0054506
0.0088397
-0.0058447
-0.0044645
0.0070463
-0.0001351
-0.0033282
0.003532
-0.0032078
0.0080539
-0.0067833
-0.0016753
-0.0060193
0.0064652
-0.0042255
-0.0011278
0.0023196
0.0083375
0.001548
-0.0085774
0.0038053
-0.0018356
-0.0024338
0.0004585
-0.0065894
0.0021873
-0.0072926
-0.0013109
0.0007325
0.0074202
-0.0023675
0.008286
0.0083953
-0.002452
0.0054144
-0.0067324
-0.0007592
0.0049944
-0.0098722
0.0095668
0.0005915
-0.002348
0.0038381
-0.0032319
0.0056792
0.005837
-0.0028227
0.0066686
0.0078757
-0.0049577
0.001525
0.005832
-0.0059647
-0.0087265
0.0047174
-0.0086429
0.0096327
-0.004595
0.0080345
0.0006446
0.0050302
0.0097365
-0.0068107
-0.0045161
-0.0076229
-0.0033218
0.0072534
0.006697
0.0095118
0.0031707
0.0001381
0.0005927
-0.0062979
-0.007809
-0.0083241
0.0091171
-0.0075977
0.0001974
-0.0016352
0.0077661
0.0054236
0.0077818
-0.0096431
0.006499
0.0009878
0.0025986
-0.0047043
0.0085637
-0.0054341
0.0013723
-0.0055925
-0.0050452
-0.006328
-0.0068944
0.0023359
-0.0067305
0.0054738
-0.0001948
0.0090012
0.006295
-0.0007224
0.0096312
0.0071878
-0.0063205
-0.0039381
0.0049994
-0.0058784
0.0053922
0.0067173
-0.0051154
-0.0066824
0.0005299
-0.0024397
0.0074871
0.0067738
0.0085537
-0.0032886
-0.0013885
-0.0065284
0.0037133
-0.0015639
0.0066954
-0.0073803
-0.0050124
0.0003649
0.0088896
0.003612
-0.0008141
-0.0097869
-0.0021465
-0.0032105
-0.0091421
0.0016927
-0.0079218
0.0015468
0.0020553
0.0054838
0.0031594
0.0005967
0.0001536
0.0050245
-0.0091793
0.0076746
-0.0082252
-0.0008943
0.0048046
0.0088189
-0.0021694
-0.0078854
-0.0005719
-0.0014133
-0.001696
0.0080867
-0.0073085
-0.0014699
0.0091664
-0.0011743
0.0006577
-0.0030678
0.0012294
0.0049247
-0.0083237
0.00118
0.0002181
0.0038674
-0.0011895
0.0021009
-0.0015548
0.0060693
0.0010567
-0.0073427
-0.0029533
-0.0020354
0.0049159
0.0039207
-0.0051095
0.0033084
0.0039462
0.0001376
-0.0005746
-0.0020388
0.0035377
0.0064574
0.0047435
0.004449
0.0001164
0.0054798
-0.0022049
0.0006081
0.0013878
0.0011576
0.0057662
-0.0090145
-0.0036401
0.0078067
-0.0093084
0.0039298
0.0099713
0.0034311
-0.0055718
0.008916
0.0025632
-0.0083377
-0.0029613
0.0022562
-0.0020788
-0.0038536
-0.0094859
-0.0046281
0.0040946
0.0033485
0.0047648
-0.0052702
0.0012464
-0.0080763
0.0095014
-0.0058234
0.0023114
-0.0044696
0.0071652
-0.0010976
4.68e-5
-0.0001315
0.0051468
0.0023051
0.0086269
0.0089106
-0.0004567
-0.0045346
0.0082034
0.0049168
-0.0005772
0.007374
-0.0087943
0.0061234
0.0066543
0.0003137
-0.0020099
-0.0070814
-0.0024745
0.0028711
0.0042688
-0.0031011
0.0033441
0.0081126
-0.0057744
0.0007009
0.0084392
-0.0060426
0.0095152
-0.0096548
0.006814
-0.0033362
0.0062215
-0.0073542
0.0069808
0.0077965
0.0085655
-0.0085337
1.66e-5
-0.0018745
-0.000592
-0.0097989
0.0074207
0.0054643
0.0095606
-0.0034716
-0.0056149
-0.0002337
0.0074835
0.005475
0.0089393
-0.0009903
-0.0055078
0.009014
-0.0060893
0.0076645
0.0057937
-0.0071583
0.0098937
-0.0045104
-0.0048647
0.0072198
-0.0071636
0.0049576
-0.0053157
-0.008371
-0.0087214
0.0004393
-0.0029249
0.0047645
-0.0069275
0.0054021
-0.0014115
0.0034587
-0.0092822
-0.0074985
-0.009048
-0.0044961
0.0051821
-0.0030181
0.0012329
0.0094301
-0.0044996
0.0014838
-0.0045084
0.0029651
0.0047451
-0.006425
0.0047267
0.0007664
0.0047008
-0.0099663
-0.0038908
0.0017742
-0.0013862
-0.0005581
-0.0082105
0.004065
0.0005597
-0.0083195
0.0004643
-0.00596
-0.0070931
0.00871
0.0013013
-0.0055031
-0.0018796
0.0008978
-0.0095852
-0.0075223
-0.0091455
-0.0096299
-0.0031014
-0.0024848
0.0040253
0.005595
-0.0038559
-0.007747
-0.0034384
-0.0041201
0.003251
0.0036704
0.0058761
0.0042447
-0.003419
-0.0099337
0.003505
-0.0063448
-0.0044216
-0.0053278
0.0047564
-0.0028152
-0.0065222
0.0072241
-0.0040117
0.0082054
-0.0061295
0.0013408
0.0069624
0.0065602
0.005431
0.0057534
-0.0023745
-0.0058424
-0.007511
-0.0047328
0.0058321
-0.0023402
0.0058012
-0.0083588
0.0016271
-0.0043825
0.0050135
-0.004845
0.0049897
0.0007014
0.0044153
0.0067382
0.0099887
-0.0053347
0.007467
0.0076087
-0.0007211
-0.0041561
-0.0062795
0.0032256
-0.0046174
-0.0032548
0.0077103
-0.0002383
-0.0041507
0.0025047
0.0047692
-0.0016814
0.0087466
-0.0058232
0.0062736
0.0025716
0.0017498
-0.0062867
