-0.0005349
-0.0021458
-0.0078303
0.0062075
0.0089309
0.0044246
0.0064081
-0.0064954
0.0061411
-0.0018343
-0.0035757
-0.0049362
0.00209
-0.0095055
-0.0038276
-0.0079979
0.0070324
-0.0035232
-0.0032348
-0.0021901
-0.0080875
-3.88e-5
0.0042313
-0.008726
-0.0061464
0.0090138
-0.0038031
-0.0090102
0.0090326
0.0037197
-0.0008433
0.0039374
-0.0070397
0.0012639
0.0031143
0.0040882
-0.0023461
0.0005909
0.0015282
-0.0045589
-0.0047519
0.0012062
0.0057466
-0.0070263
-0.0036106
-0.0075703
0.0082515
-0.0044367
-0.0049605
0.0008029
0.0035966
0.0035442
0.0029207
-0.0035722
0.0053851
0.0072924
0.0047638
0.0025204
0.0021649
0.0091456
-0.0069785
0.0014062
0.0095663
-0.0040379
-0.009678
-0.0004449
0.0020109
0.0005373
-0.0004407
-0.0096315
-0.0052236
-0.0027794
0.0037634
0.0003841
0.0013583
0.0011286
0.0025681
-0.0020184
-0.0085613
0.0093057
0.0062284
-0.0005959
0.0009385
-0.002081
0.002179
-0.006875
-0.0008923
0.0077632
0.0047202
-0.0069725
0.0015742
0.0016715
-0.003469
-0.0031398
0.0071198
0.0019691
-0.0063579
0.0075932
-0.0062737
0.0081508
-0.0067106
-0.0001599
0.0001552
0.0065396
-0.0023113
0.0033382
-0.0024136
0.0060199
0.0055
-0.0001511
-0.0097582
0.0091324
0.0041537
-0.0039543
0.0098214
0.0059435
-0.0030654
-0.0015422
0.0058954
0.0073393
-0.0011437
-0.0032179
0.003972
0.002378
-0.000551
0.0033613
0.0013971
-0.0068231
0.0045301
-0.0057774
0.0072977
0.0023956
-0.0003442
-0.0099087
-0.0054144
0.0022108
-0.0074646
0.0045638
0.0063952
-0.0012245
0.0048608
0.0016014
-0.0093679
-0.0031893
-0.0075175
-0.0066759
0.0082914
-0.0015728
0.001205
0.0086804
-0.0025128
-0.0034286
0.0078485
-0.0063071
-0.0045259
0.0060898
-0.0045457
0.0061954
0.0015144
-0.0030936
0.0017711
-0.0039172
0.0042348
0.0085913
-0.0045471
-0.0073859
0.0082645
-0.0077346
0.003444
-0.0035885
0.0071533
-0.009019
-0.0058464
0.0064259
0.0032556
-0.0030652
0.0064441
-0.0063624
-0.0052525
0.0040805
-0.0023271
-0.0079777
-0.0075526
-0.0027865
-0.0028097
-0.0054897
-0.0039672
-0.0016439
-0.008912
-0.003441
-0.0042689
0.0021061
0.0020418
0.0087863
0.0079998
0.0090636
0.0035951
0.0023943
-0.0032948
0.0002917
-0.0086488
-0.0057955
-0.0035555
-0.0077802
-0.0086346
-0.0026635
0.0070025
-0.0073225
-0.008046
-0.0054611
-0.0097616
-0.0042201
0.0036955
0.0091632
0.0093956
0.0015629
0.0065853
-0.0088913
0.0004817
0.0009913
0.0061375
-0.0082529
-0.0076551
-0.0014487
-0.0004772
-0.003556
-0.005053
-0.0004699
0.001528
-0.0036953
0.0023824
0.0097183
0.0032766
-0.0031121
0.0013426
0.0075652
-0.0083172
-0.0021925
0.0083579
-0.0059296
0.0061431
-0.0043347
0.0029623
0.0098868
-0.0012452
-0.0008132
0.0093916
0.0010868
0.0066105
0.0069421
-0.0020631
-0.0024886
-0.0048364
0.0013225
-0.0028575
0.009104
-0.0059759
0.0072703
0.0043471
-0.0022536
0.0004303
0.0043341
-0.0037377
0.0083409
-0.0088743
-1.6e-6
0.0065504
0.00801
-0.0086713
-0.0056756
-0.0004347
0.0022208
0.0086285
0.0097606
0.0094439
-0.0037647
-0.0067524
0.0023363
0.0089171
0.0043237
-0.0075538
0.0087213
-0.0018994
0.007273
0.0040849
-0.0038167
0.0047763
0.0089479
-0.0060075
0.0045361
0.0077597
-0.0053175
-0.0085956
-0.0038348
-0.0007326
-0.0096513
0.0054158
-0.0063002
0.0001724
0.008655
0.0066211
-0.000463
-0.0006828
0.001012
-0.0004477
-0.0037037
-0.0088162
-0.0007582
0.0048041
-0.0034724
0.0056191
-0.0019713
0.0051681
0.0053609
0.0010746
-0.0004908
-0.0041992
-0.0097567
-0.0052628
0.0006144
0.0021494
-0.0069384
-0.0090295
-0.0009684
0.0054878
-0.0046761
0.006219
0.0036957
-0.0010975
-0.0038524
0.0032716
0.0042108
-0.0032263
0.0080336
0.0032765
-0.0007507
-0.0015591
-0.0028778
0.0012482
0.0079194
-0.0049834
-0.0092451
-0.0021835
0.009563
0.0007206
-0.0055692
0.0043477
-0.0039956
-0.0044976
0.0025135
0.0096895
-0.0036702
0.0049798
-0.0079884
-0.002505
-0.0036547
0.00785
-0.0097325
0.0016768
-0.0047782
0.0091387
-0.0095027
-0.0048199
-0.0038474
-0.0081471
0.0062252
6.58e-5
0.0005861
0.0089703
0.0037897
-0.0040951
0.0086236
-0.0088272
-0.0014196
-0.0093899
-0.0016916
-0.0005437
0.0006064
-0.0067677
0.00218
0.0041819
0.0016219
-0.0059931
0.0044723
-0.0083273
0.0054447
0.0096395
0.004391
0.008399
0.0090352
-0.0068299
0.0038088
-0.0024761
-0.0087771
0.0014294
-0.0014211
-0.0012616
-0.0022841
0.003426
0.0013138
0.0087911
0.0036733
0.001576
0.0086485
0.0035202
-0.0076475
-0.0004448
-0.0027901
-0.0090619
0.0029225
-0.0085358
-0.0038497
0.001545
0.0028023
0.006076
0.0002265
-0.0019237
0.0006566
0.006359
-0.0048496
0.0070068
0.0052113
0.0055627
0.0073378
0.0030759
-0.0033689
0.0077516
0.0022879
0.0097775
0.0073007
-0.0064912
-0.0099296
0.0053798
0.0005697
-0.0012562
0.0017934
-0.0008825
0.0070621
0.0087015
-0.0069645
0.0061878
0.006701
-0.0001296
-0.0067291
0.0036456
-0.0074483
-0.0032772
0.0092535
-0.0040975
0.0091249
0.0078822
-0.0021516
-0.0080747
-0.0084224
0.0098811
-0.0002576
-0.0030116
-0.0067693
-0.0048447
-0.0054229
0.0008355
0.0040574
-0.0044156
-0.002526
-0.0039322
-0.0039605
-0.0060863
-0.0040907
0.001799
0.0068813
-0.0051975
0.0029755
-0.0029685
0.0097771
-0.0025988
0.0038557
-6.32e-5
0.0041002
0.0012403
0.0074696
0.0029396
0.0076344
-0.005104
-0.0059131
0.0064545
0.0077883
0.0037818
0.0052621
0.0031379
-0.0079141
-0.0048473
0.0037805
-0.0084836
-0.0018153
0.0017393
