0.0067037
-0.0032684
-0.0017375
0.001013
-0.0024686
0.0044912
0.0009607
-0.0019345
-0.0071008
-0.0043196
0.0086453
0.0051048
-0.0048495
-0.0005834
-0.002673
0.0090428
-0.0008451
-0.0080904
0.0094218
0.0008145
0.0094429
0.0070276
-0.0036581
-0.0021786
-0.0013719
0.0016768
0.0012958
0.0089595
-0.0001568
-0.0057206
0.0094702
-0.0087258
0.0021314
-0.0079263
-0.0016673
0.0059523
0.0095045
-0.0040642
-0.0007823
-0.0033199
-0.007111
0.0091457
0.0045232
-0.0003903
0.0081298
0.0070886
0.0052376
-0.0013652
0.0035205
-0.007475
0.0060432
0.0008625
0.0082167
-0.0009167
0.0002301
0.002184
0.0053044
0.001445
-0.0095236
-0.0022293
-0.0017634
-0.0047604
-0.0045325
0.0037829
0.0052023
-0.0030769
0.006113
0.0072955
-0.0016009
0.007668
-0.0023398
0.0031017
-0.0037531
0.0049916
-0.0020054
0.0082339
0.0048752
-0.0084247
0.007749
-0.009519
-0.0032606
-0.0008866
-0.0076364
0.0004671
0.0023076
0.0059528
-0.0020003
-0.0057252
0.0079047
0.005346
-0.0048028
0.0099692
0.0091989
0.003753
-0.0053883
-0.0014357
-0.0021839
0.0065357
0.0063227
-0.0005136
-0.0082192
-0.003841
-0.0067008
-0.0092189
0.0039852
-0.0044559
-0.0027948
0.0034745
0.0034082
-0.0086793
0.0059083
-0.0074245
0.0076151
-0.0083349
-0.0023481
-0.0079503
-0.0004019
-0.0043745
-0.0036279
-0.0074736
0.0095202
-0.0085968
0.0059703
0.0069595
0.0036064
-0.0022453
-0.0012562
-0.004486
-0.0083655
0.0001533
0.0028837
0.003485
-0.0011183
-0.003893
0.0073872
0.0090419
0.002382
0.0022262
0.0003466
0.0006785
-0.0048839
-0.0048432
0.0087796
-0.0095467
-0.0084054
-0.0029571
-0.0063316
0.0022766
0.0075501
0.0092649
-0.0085555
-0.0008738
0.0032577
0.0054647
0.0039671
-0.0065936
0.0059773
0.0042219
0.0055024
0.0019512
0.0097156
-0.0013879
0.0096263
0.0011201
-0.0002712
0.0030504
-0.0070284
0.0070089
0.009362
0.0038861
0.0015042
-0.0036266
-0.0005937
-0.006416
-0.0020873
-0.0065049
-0.0061066
-0.0033859
0.007867
0.0032105
0.0019967
-0.0098317
0.0093426
0.001279
-0.0009372
0.0039548
-0.0084528
0.0009541
-0.0071604
-0.0087921
0.0090969
0.0059619
-0.0028733
-0.0092476
-0.0046594
0.0032091
0.0009215
-0.007446
0.0036787
0.0058573
-0.0005206
0.0016583
0.0045166
7.9e-6
0.0053081
0.0088614
0.0097493
0.0019035
0.0035685
0.0065973
-0.0005865
-0.004417
0.0053631
0.0005249
0.0017039
-0.0099105
0.0037172
0.0065157
0.000954
0.0077123
0.0091055
-7.97e-5
-0.0092862
-0.0016411
0.0050025
0.0007041
0.008798
-0.0064297
-0.0026842
0.0047355
0.0043423
0.0027303
0.0055378
-0.0099838
-0.0023063
-0.0028538
-0.0058439
-0.0006973
-0.0058781
-0.0026252
0.0075969
0.0021164
0.0067443
-0.0030711
-0.0074456
0.0014192
-0.005344
0.0035113
-0.0083241
-0.0041855
-0.0059933
0.0024656
0.0091717
0.0074578
-0.0092803
-0.0037822
0.0099114
-0.0060859
0.0018151
0.0070758
0.004982
-0.0076104
-0.0065704
0.0054589
0.0078358
0.0055675
-0.0034149
-0.0027022
0.0020255
-0.0073602
-0.0033894
-0.001439
-0.0090222
0.0058501
0.0084045
-0.0089743
-0.0014778
-0.005331
-0.0085887
0.0014229
0.001455
-0.0028662
0.0035926
-0.0093433
0.0099891
0.0074751
-0.0009904
-0.0022251
-0.0057335
0.0095836
-0.0017434
-0.0029478
-0.0059451
0.0096453
0.0084786
0.0037943
-0.0087723
0.0075826
0.0090222
0.003595
-0.0003484
-0.0022641
0.0038972
-0.0094756
-0.0077172
-0.0088343
-0.0028554
0.0099067
0.0020717
-0.0020082
0.009392
0.0089406
-0.0088594
0.0066044
0.002666
-0.0099324
-0.0077755
0.0012106
0.0077124
-0.0032065
0.0060905
0.0096322
-0.0074921
0.006722
0.0091947
-0.004039
0.0016136
0.0075
0.0019925
-0.0037134
-0.0047083
0.0069491
-0.005538
-0.0093739
0.0075389
0.0043168
-0.0048159
-0.0054823
0.0026749
-0.0017728
-0.0026929
0.0092965
0.0012636
-0.0026854
0.0013193
0.0049045
-0.0015597
0.0047868
-0.0008903
-0.0003528
-0.0047398
-0.0048121
-0.0018344
0.0026936
0.0068473
-0.0017033
-0.004063
-0.0088411
0.0038271
-0.0048305
0.0004318
0.0098925
0.0086502
0.0076698
0.0060631
-0.0094348
-0.005013
-0.0064786
-0.0048724
-6.0e-5
0.0012145
0.0004556
0.0081639
-0.0045942
0.0026835
0.0015292
-0.0097876
-0.0017255
0.0051501
0.0026904
-0.0094813
0.0076875
0.0024276
-0.0023139
0.00817
0.0054196
0.0032208
-0.0098511
-0.0064469
0.0051127
-0.0024896
-0.0094295
0.0094259
0.0023437
0.0067866
0.0059755
0.006805
0.0087004
-0.0002094
-0.0082904
-0.0097725
-0.0008436
-0.0096897
-0.0007568
-0.009053
0.0087696
-0.003341
0.0055581
-0.0059187
-0.0090588
0.0052427
-0.0015506
0.0067187
0.0002757
-0.0080217
-0.0049419
0.0040974
0.0087114
0.0066497
0.0015052
0.0012779
0.0014979
-0.0020529
0.0017151
-0.0082535
0.0008299
-0.0099338
0.0060295
-0.0080153
0.0059599
0.0039994
0.0009924
-0.0064178
-0.0056161
-0.0060984
0.0034156
0.002061
0.0045166
0.0088549
-0.0022802
0.0029593
0.0060685
0.0078888
0.005384
0.0005167
0.0072286
0.0027504
-0.0018745
-0.000244
-0.000498
-0.0029376
-0.0014429
-0.004066
0.0063741
0.0044871
-0.001059
0.0072049
0.0018067
-0.0099394
-0.0072625
-1.48e-5
0.006959
0.0059828
-0.0054913
-0.0003914
0.0038292
0.0006409
0.0034204
-0.0080824
-0.0066762
0.0082503
-0.0066481
-0.0028596
-0.0054555
-0.0057031
0.0073455
-0.0060074
-0.0005803
0.0088781
0.0043497
0.0072219
0.0095971
0.0044618
-0.008196
0.0036824
-0.0088758
-0.0024205
0.0072714
0.0089676
0.0094272
-0.0061649
0.0015755
0.0012118
0.0078494
-0.0007733
