-0.0030235
-0.0090599
-0.0082123
-0.0023044
-0.0035564
0.0054097
0.0005577
0.0096872
-0.0035477
0.0077225
-0.0044992
0.0039545
-0.0037394
-0.0067482
-0.0004285
-0.0099019
-0.0006953
-0.0023582
-0.0018517
0.0025993
-0.0096734
0.0036037
-0.008712
0.00591
-0.0055907
-0.0056428
0.0049064
-0.0078109
0.0021836
0.0012163
0.0012582
0.0038184
0.0080425
0.0013275
0.008368
-0.0058781
0.0046447
0.0064504
-0.0010246
0.009365
-0.0054358
-0.0095919
0.0079078
0.008651
0.0091407
0.0057354
-0.0093995
0.0041035
0.0034715
0.0034469
-0.0086546
-0.0013234
0.0064265
0.0004115
-0.0052687
0.005895
0.005004
0.001912
-0.0035779
0.0092788
-0.0050138
-0.0029263
-0.0055983
-0.008669
-0.003397
-0.002529
-0.0080527
0.0047523
-0.0017621
0.0037282
0.0094028
-0.0072886
0.0018752
0.0060082
0.0086277
0.0089274
-0.0077521
-0.0090817
0.0011223
-0.0068327
0.0040209
0.0025505
-0.0046867
0.008777
-0.009865
-0.0004487
0.0090139
-0.005504
0.0060035
-0.0002687
0.0068342
-0.0052583
-0.0029446
0.0031411
0.0006321
-0.0041241
-0.0090064
-0.0009199
-0.0014579
0.0044507
-0.001271
0.0014493
-0.0056412
-0.0052622
-0.0088583
0.0022168
0.0071892
-0.0053306
-0.0067812
-0.0085976
-0.0009097
0.0038993
-0.0087121
-0.006649
0.0001395
0.0066536
0.0097545
-0.0016058
-0.0073745
0.0081211
-0.009692
0.0070116
0.0042272
-0.0022989
0.0076228
-0.0075773
-0.0049769
0.0050042
0.0052274
0.0072541
-0.0096007
0.0018106
-0.0069298
0.0001156
-0.0073421
0.0014953
0.004576
-0.0059923
0.0057639
-0.0083731
0.0018542
0.0012781
0.0045318
0.0087997
-0.0025583
-0.0060887
-0.0030904
-0.0046581
-0.0094032
-0.000552
0.0038098
0.0066456
-0.0076233
0.0034663
-0.0078231
-0.0043162
-0.0065942
0.0073388
-0.005452
-0.0002245
-0.0010907
-0.0012903
0.000342
-0.0060009
-0.0020021
-0.0058854
0.0038437
0.0025245
0.0073374
0.0051626
-0.0027335
-0.0059098
0.0015199
-0.0054478
-0.0010346
-0.0035996
-0.0062431
-0.0060466
0.0021899
0.0004527
-0.0087427
0.00335
-0.0096353
-0.0097601
-0.0075002
0.0076043
0.0055605
9.27e-5
-0.0096848
0.0003044
-0.003019
0.0094941
0.0075791
-0.0053366
-0.0076004
0.0038787
-0.0084016
0.0009154
0.0033843
-0.0056049
0.0051791
-0.0094009
0.002825
0.0052603
0.0083796
-0.0041488
0.0005049
0.0095123
0.001794
0.0032086
0.0033436
-0.0063427
-0.00376
-0.0090255
-0.0043267
-0.0015469
0.0076585
0.002572
0.0047806
0.0067498
-0.0006284
0.0029361
-0.0013319
0.0046999
0.0035267
-0.0079429
-0.0069099
0.0024787
-0.0077564
-0.0033735
-0.0042345
0.0034404
-0.0064363
0.0026626
0.0090332
0.0074293
0.0092546
0.0084103
0.0061
-0.0004758
0.0027825
0.0018897
0.003894
-0.0086974
-0.0036988
0.0059651
-0.0078661
-0.0055762
0.0024251
-0.0083947
-0.0061465
-0.0053888
0.0073284
0.0010459
-0.0062863
0.0038952
-0.0051518
0.0098808
0.0060675
0.0053681
-0.0039654
-0.0040331
-0.0053644
-0.0022831
-0.0039016
-0.0066291
0.0072715
-0.0062906
-0.0023004
0.0084311
-0.0089367
-0.0067122
-0.0079006
0.0091247
-0.0088348
0.0033201
-0.0057373
0.0013659
-0.0032634
0.0042169
0.0026264
-0.0088598
0.0047672
0.0048604
-0.0011231
0.0052208
-0.0003203
-0.004373
0.0069233
0.0063709
0.0081477
0.0029122
-0.0044739
0.0085271
0.0038307
0.0040623
-0.0015263
-0.0038805
0.0020349
0.0042308
-0.0015822
0.0073823
0.0009849
-0.0068033
-0.0013336
0.0003203
-0.0039721
0.0097035
-0.0066629
0.0067967
0.0098011
-0.000178
-0.0078793
-0.0026146
0.0078467
0.0002659
-0.0059009
0.0075459
-0.0064409
0.0071636
-0.0029927
-0.0060425
0.0038272
0.0080643
0.0045612
0.0034768
0.0027033
0.0029744
0.009697
0.0068421
0.009641
0.0081124
-0.0075795
0.0054337
-0.0013842
-0.0056879
0.0005351
0.0066615
-0.0027454
-0.0014762
-0.0034993
0.0026117
0.0093254
-0.0052267
0.0020407
0.0063094
-0.0048775
0.0010692
0.0094139
0.0030141
-0.0021149
0.004342
-0.0075182
-0.0040098
0.0049144
-0.00143
-0.0067354
0.0085237
0.0049437
0.0003166
0.0052313
-0.0048162
-0.0083498
-0.0011734
0.0087869
-0.0026085
0.0024122
0.0058598
0.0085559
0.00532
-0.0042656
-0.0084144
0.0033206
0.0046927
0.0097879
-0.0057998
-0.0026588
-0.0009692
-0.0012845
0.0048265
0.009797
-0.0094436
-0.0064166
0.0085058
-0.0083222
0.0007603
0.0096929
-0.0023952
0.0038942
-0.0022973
0.0009097
0.0046678
0.0076641
-0.007606
-0.0011134
-0.008108
0.0051731
0.0089986
0.0016986
-0.0092985
0.0064694
0.0072724
0.0002201
0.0043789
0.0064887
0.0031078
0.0098733
-0.0059468
0.0023451
0.0060197
0.0044409
0.0087445
0.0058365
-0.0033286
0.0026979
-0.0034423
-0.0063702
-0.0009992
-0.00042
0.0020976
0.0088581
-0.0092543
0.0001602
0.0096488
0.0031643
0.009308
0.0037688
-0.0099111
0.0034875
-0.001913
0.0072399
-0.0070495
0.0042692
0.0061251
-0.0051847
0.0008727
0.0075789
-0.0077451
-0.0060907
-0.0056368
-0.0069251
-0.0011646
-0.009555
0.0082116
-0.0079339
0.0092695
0.0090605
-0.008515
-0.0031803
-0.0075262
0.0030029
0.0061583
-0.0075796
-0.0041922
-0.0025747
0.0045305
0.0024737
-0.0024914
-0.0032582
0.0092486
0.007054
-0.0075032
0.0005761
-0.0001903
-0.002034
-0.0096597
0.0032501
0.0032729
0.0010003
0.0057944
0.0092548
-0.007556
0.0051731
-0.0058759
-0.0007006
-0.0028379
0.0091637
-0.0034292
0.0023288
-0.0016483
0.0005632
-0.0009819
0.0022854
0.0046373
-0.0004128
0.0097527
-0.0011235
0.0045651
0.0076954
-0.0073698
0.007262
0.0032245
-0.0014351
-0.0031466
0.0032756
