-0.0009823
-0.0019975
0.0095541
0.0059698
-0.0041256
0.0099538
-0.000877
-0.0006709
0.0079123
0.0042402
0.0027457
-0.0008817
0.0018213
0.0022675
-0.0029457
-0.009822
0.0026647
-0.0061167
-0.00078
0.0086706
-0.0092833
-0.0099429
-0.0043072
0.0089298
0.0015417
0.0021782
-0.007536
0.0068601
0.0039901
0.0045985
0.0070146
-0.003213
0.0088193
-0.0026169
0.0044644
-0.0044156
0.0002685
-5.3e-6
-0.0045735
0.0079017
-0.0093677
0.0029513
0.0016804
0.0024874
-0.0040172
-0.0077585
-0.0034348
-0.0087166
-0.0026369
0.0079202
0.002664
0.0035632
-0.0043583
0.0038518
-0.0048964
0.0055253
-0.007576
-0.0050686
0.0094813
0.0097495
0.0024604
0.0008014
-0.0018618
-0.0087379
-0.0041313
0.0057536
0.0095095
-0.0079749
0.0045254
0.0076485
-0.0070435
0.0027107
-0.0027843
-0.0016245
-0.0002865
0.006361
0.0090292
-0.0032625
-0.001534
-0.0068616
0.0024269
-0.0018743
-0.0061733
0.0073003
-0.0043659
-0.0018498
0.0009904
0.0033226
0.0024484
-0.0095224
-0.0046423
0.0036607
0.0081018
-0.00791
-0.0086156
-0.0049012
0.0035517
0.0070553
0.0086476
-0.0046134
0.0082752
-0.007689
-0.0051075
-0.003504
0.0089438
-0.0047474
-0.0010924
0.0088835
-0.0056068
0.0048899
0.0052822
0.0073146
-0.0052758
-0.0033072
-0.0039444
-0.0058215
0.0016008
-0.007115
0.0035241
0.0082706
-0.0060555
-0.0066718
-0.006158
0.0034665
-0.0080719
-0.0041812
-0.0084363
0.003021
0.0064538
-0.0046541
0.007157
0.0039262
0.0042616
-0.0057193
-0.0071293
0.0060244
-0.0096277
0.0074234
-0.0010553
-0.0023068
-0.0051786
0.006874
-0.0038761
-0.0088906
0.0061483
0.0072943
-0.0025013
-0.0099709
0.0052048
0.0073243
0.005444
-0.0022455
-0.0039686
0.0023094
-0.0090505
0.0082543
-0.0027339
-0.0089535
-0.0039238
-0.0061226
-0.0032731
-0.008536
-0.0005835
0.0011463
-0.006881
0.0029055
0.003493
-0.0071612
-0.0081915
-0.0088372
0.0082577
-0.0018882
0.0059827
0.0009799
-1.4e-5
0.0013123
0.0042277
-0.0026761
0.0076461
-0.0037262
-0.0052611
-0.0002636
0.0067022
0.0072242
0.0007407
-0.0093293
-0.0018974
0.0090359
-0.0096853
0.0019276
0.0095269
0.0001287
-0.006551
0.0008205
0.002306
0.0080253
-0.0088831
0.0044307
-0.0050401
-0.0066048
0.0071418
-0.0015323
-0.0015025
-0.006413
-0.0082541
-0.0097918
1.99e-5
-0.0015933
-0.00623
-0.0014239
0.0078608
-0.0025334
-0.0071255
0.0010248
0.001586
0.0042982
-0.0048571
-0.0020564
0.0021039
-0.0015103
-0.0079206
-0.0017177
0.0016293
-0.0001083
-0.0015399
-0.0036359
0.009896
0.0062767
-0.0036407
0.0049335
-0.0075205
-0.0039589
0.0024416
-0.0077683
-0.0046905
-0.0048378
0.0048606
0.0060012
0.0009325
-0.004911
-0.0078717
-0.0080721
-0.0086035
-0.0036292
-0.0071753
-0.0033615
-0.0011249
0.0066669
0.0087243
0.0095056
-0.0015301
-0.0029056
0.0095597
-0.0060312
-0.0046016
0.0067507
0.0082818
0.0055673
-0.0029955
0.0056694
-0.0092028
-0.0076993
0.002964
0.0076722
-0.0067181
-0.0074939
-0.0028027
-0.0025576
3.65e-5
-0.0085379
0.0050901
-0.0005846
-0.0028139
-0.004356
-0.0090947
-5.55e-5
-0.0096624
0.0015769
0.0074441
-0.0086748
-0.0053855
0.0025667
-0.0021132
0.0076061
0.0021594
0.0077019
-0.0074193
0.0080518
-0.0031197
-0.0029821
0.0061238
0.0097873
-0.0082927
-0.0031487
0.0040059
-0.009482
0.0076888
-0.0098877
-0.0003625
-0.0099829
-0.001185
0.0081432
0.00667
-0.0091005
-0.0044745
-9.63e-5
0.0017125
9.24e-5
0.0017621
-0.0078294
-0.0003066
-0.0005148
0.0039621
0.0044605
0.0097578
-0.0061934
0.0006244
-0.0001978
-0.0001388
0.006438
-0.0033597
-0.0021191
-0.0025186
-0.0022314
0.0090592
0.0018339
0.0014571
0.0091173
0.0001402
-0.004575
0.0025755
-0.0021839
-9.79e-5
0.0083746
0.0041582
0.0013537
-0.0020429
-0.000709
0.003197
0.0014908
0.0080133
-0.0022858
-0.0057853
0.0070125
-0.0091359
-0.0017488
-0.0085784
-0.0074416
-0.0008566
0.0054533
-0.0007527
-6.38e-5
-0.0011378
0.0058242
0.0040688
-0.0040942
0.0032553
0.0067096
-0.0034962
-0.0013352
-0.0014054
-0.0061865
0.0027576
0.008788
-0.0087527
0.0031673
-0.0040297
0.0071372
0.0057602
-0.0021909
-0.0091932
0.0080822
-0.0061055
-0.0092508
-0.0009909
-0.0059656
-0.0080503
-0.001056
0.0034413
0.0080758
-0.0037136
-0.0011882
0.000247
0.0022281
0.0015648
-0.0049936
-0.0052777
-0.0093101
0.0051594
0.0063599
-0.0002686
0.0020894
0.0039085
0.0087677
-0.0054222
-0.0011257
0.0092866
0.0002104
0.0075772
0.0050941
-0.0016006
-0.007582
-0.0073173
-0.0053687
0.0076701
0.0016324
0.0028788
0.0040803
-0.0042512
-0.0091775
0.0070121
0.0072749
-0.0079406
-0.0043849
-0.0053556
0.0060036
-0.0049064
0.0062389
0.0063056
-0.0047295
0.0058737
-0.0057572
-0.008882
-0.0013173
-0.0096738
0.0032258
0.0005261
-0.0064312
0.0081204
0.006359
-0.0073367
-0.0072783
0.0014622
-0.0093958
0.0098676
-0.0009413
-0.0056977
0.0011493
-0.0074329
-0.0090761
-0.0003609
0.0072175
-0.0011105
-0.0022283
-0.0044691
-0.0014939
-0.0045216
-0.0051205
0.0007109
0.0098322
0.0050504
-0.0047004
0.0054075
-0.0038883
0.0053107
-0.0004033
-0.006565
0.0053377
-0.0004305
0.004404
0.0048915
0.0017287
0.0058977
-0.0062657
0.0056704
0.0035931
0.0094896
-0.0032731
-0.0056089
-0.0068466
-0.0065058
0.0059475
-0.0088564
0.0064001
-0.004239
0.0046813
0.0099978
0.0078706
-0.003642
0.0081179
-0.0023482
-0.0011919
0.0005249
-0.0074382
-0.0041619
-0.0041632
-0.0052601
-0.0084247
-0.0006622
0.0005164
-0.0062349
0.0058617
0.0007161
0.0096234
0.003717
