-0.0014351
0.009794
-0.003294
0.0023977
-0.0054307
-0.0039229
-0.0027194
0.0056976
0.0035554
-0.0096111
-0.0021598
0.0009309
-0.0011974
0.0068855
0.0050385
-0.0081976
0.0014804
-0.0010409
0.0095115
0.0012484
0.0098465
0.0002097
-0.0014442
-0.0063742
0.0008365
0.0075213
-0.0062837
0.0048054
-0.003319
0.0008553
-0.0021688
-0.0068785
0.0036306
-0.0058077
0.0092126
0.0053124
-0.0045875
-0.0089812
-0.0037166
3.44e-5
0.0054879
-0.0082406
-0.0048244
-0.0064833
0.0021533
0.008824
-0.0050406
0.0008336
0.0080234
0.0097813
-0.0069924
-0.0003752
0.0079965
-0.0092019
-0.0018461
0.0009282
-0.0099671
0.0098662
-0.0019672
-0.0010911
0.0025316
0.0038581
-0.000628
0.0013233
-0.0031277
0.0044957
-0.0090861
0.007951
-0.0006684
0.0001113
-0.0013174
0.0053801
0.0041346
0.0087378
0.0033943
0.0031305
-0.0036174
-0.0098475
0.0071064
-0.0002705
-0.0088711
-0.0099541
-0.0060539
0.0017496
0.004797
0.003063
-0.0028972
0.0055914
-0.0074272
0.0022683
-0.0049056
0.002001
-0.0041743
0.0090243
0.0063781
0.0058708
0.0013376
-0.0041981
-0.0016849
0.0021928
0.0005739
0.0039264
0.0071894
0.0054452
0.0035342
0.0036959
0.0048536
0.008457
-0.0044853
-0.0060572
0.005177
0.0006579
0.0058803
-0.0070788
-0.0012737
-0.0088816
0.0056798
0.0076619
0.0050997
0.0026008
0.0003993
-0.0052947
0.0039723
0.0041388
-0.0083417
0.0032189
-0.003323
0.0084073
0.0024354
0.0008449
-0.0014876
0.0087741
-0.0017132
-0.0071823
-0.0072181
-0.0026685
-0.0067223
-0.006237
0.0045076
-0.008137
-0.0029711
-0.0056952
0.0055829
-0.0052981
-0.0062011
-0.0010063
-0.006279
0.0093084
-0.0024027
0.0048625
-0.0018159
-0.0092206
-0.0027932
0.0098814
-0.0099461
0.0067413
0.0014873
0.0003165
0.0019347
-0.0068412
-0.0054805
0.0036699
0.009296
0.0074182
0.0048774
0.0074359
-0.0029495
-0.0058448
0.007606
-0.0022715
0.0070402
0.0007726
-0.0016094
0.0016493
-0.0097441
0.0015441
-0.0071953
-0.001215
-0.0048735
0.005144
0.0044648
0.0056326
0.0059206
-0.0059856
0.0051911
-0.0012029
-0.0013528
0.0017319
0.007093
0.0088852
-0.0085381
-0.0051773
-0.0083605
-0.0089417
-0.0028231
-0.0026921
-0.003411
0.004632
-0.0051082
-0.0012839
-0.0013961
-0.0062536
-0.0080124
0.0023034
0.0012718
-0.0028661
0.0061525
0.0002099
0.0094929
-0.0050759
0.0051967
-0.003636
-0.0003599
0.0018861
0.0083751
0.0085373
-0.0022392
0.0014906
-0.0001781
-0.0090027
0.0099128
0.0022113
-0.0099507
0.0097786
-0.0043433
0.0031954
-0.0062454
0.0037611
-0.0094996
-0.0097222
-0.007956
0.0060101
0.0099008
0.0054949
-0.0067854
-0.0085153
-0.0026624
0.0090581
-0.0044495
-1.32e-5
0.0039263
0.0069334
0.0099615
0.0020258
0.004163
-0.0077357
-0.0085373
-0.0007218
0.0010423
0.0084416
0.006594
-0.0007137
0.0064161
0.0084766
-0.0097342
-0.0010754
-0.0019118
0.0080727
0.0088987
-0.002852
-0.0083985
-0.0064036
-0.001245
-0.0066028
-0.0067904
-1.0e-6
0.0087766
0.0071721
-0.0065419
0.0002765
0.0096437
0.0038849
-0.0094988
-0.000951
-0.0082332
0.0099489
0.0015291
-0.0012933
0.0005012
-0.0043526
-0.0004002
0.0055825
-0.0061551
0.0066499
-0.0068556
0.0057991
-0.0082049
-0.0053348
-0.0066668
0.0074581
0.0062034
0.005594
-0.0081171
0.0063609
-0.0094615
-0.0033956
-0.0077641
-9.31e-5
-0.0048534
0.0059156
-0.0088681
0.0085641
-0.0060835
-0.0045001
-0.0070373
-0.0056924
-0.0062148
0.0090417
0.0016783
0.006242
0.0098367
-0.0018034
-0.0037329
0.0071763
-0.0091287
0.0031212
-0.005709
0.0016702
0.0050212
-0.0071097
0.0023846
-0.0063067
0.0004168
-0.009295
0.0020668
-0.0065689
0.0085699
-0.0065493
0.0024119
-0.0026407
0.007656
-0.0027422
-0.0092873
-0.0026445
-0.0042269
0.0001502
-0.0053261
0.0079711
0.0064975
-0.0088895
-0.0014595
-0.0040243
0.0078386
0.007336
0.0084333
0.003801
-0.0075359
-0.0098123
0.0018379
0.000931
0.0094462
-0.004834
-0.0085182
0.0099704
0.0046822
-0.0096439
-0.003517
-0.0057232
-0.0051975
0.0023144
-0.0088254
0.0034321
0.0004774
0.0099039
-0.0014382
-0.0084756
-0.0057893
0.0096447
-0.0057882
-0.0068485
0.0041084
-0.0092835
0.0086531
-0.0057652
0.0048495
0.0022408
8.3e-6
-0.0099478
0.0093052
-0.0027219
0.0011999
-0.00476
0.0082403
0.006269
0.0066243
0.0097815
-0.0017471
0.0037314
0.0038831
0.0025416
-0.0037652
-0.0037312
0.0028285
0.0090706
-0.0066073
-0.0029785
0.0058858
0.008118
-0.0081158
-0.0028314
-0.0061318
-0.0084039
0.0070813
-0.0021534
-0.0083423
-0.0075719
-0.005807
-0.0016626
0.0018968
-0.0067205
-0.0054932
-0.0071776
-0.0039714
-0.0077437
0.0068817
-0.0018818
0.0050584
-0.0038648
0.0062099
0.0042194
-0.009497
0.0014999
-0.0089615
0.0010704
0.0064483
0.008817
-0.0004846
-0.0056496
-0.0027144
-0.0037929
0.0049363
-0.0043265
0.0069761
0.0044453
0.0076676
-0.004033
0.0067484
-0.0099014
-0.0053181
0.0039021
-0.0019594
0.0017224
-0.0053335
0.0073317
0.0063469
0.0044782
-0.0003671
0.0069406
0.0031807
0.0040981
-0.0007072
0.0063039
0.008404
-0.007794
0.0002262
-0.0015726
-0.0055075
-0.0065877
-0.0079775
0.0059251
0.0069109
0.0075234
0.0026063
0.0001338
-0.0074839
0.0030288
-0.0074133
-0.0018326
0.0028309
0.0086161
-0.0058488
-0.0041951
-0.0091555
-0.0039208
-0.004154
0.0070915
0.0075083
0.0042555
-0.0080535
-0.006994
-0.007461
0.0055188
-0.0070149
-0.0007204
-0.0003566
-0.002329
-0.0066915
-0.0059642
-0.0008304
0.0089744
-0.0085485
0.0008518
-0.0003224
0.0024202
-0.0008556
