0.0085773
-0.0009075
0.001096
0.0089891
-0.0008845
0.0005917
0.0092702
0.0023343
0.0032719
-0.0050072
0.0083574
-0.00173
-0.0089965
-0.0005136
0.0095208
-0.0035652
-0.0068365
0.0073315
0.0089962
-0.0048127
0.0038031
-0.0078351
-0.0096791
0.0080917
0.0014938
-0.0013594
-0.0010602
0.0043462
0.0039994
-0.0001563
0.0045273
0.0093712
0.009625
0.0042814
-0.0047123
0.0047487
0.0031457
-0.0078728
0.0067735
-0.0003595
0.0071036
-0.0004337
-0.0047014
-0.0072201
-0.0039459
-0.0069471
-0.0065457
0.0097835
-0.0055001
0.001451
0.0070114
-0.0021758
-0.0024004
-0.0040684
0.0099454
-0.0046544
-0.0041854
0.0077941
0.0028994
0.0032194
-0.0085267
-0.0064868
0.0079495
0.0072425
0.0031175
-0.0068928
-5.52e-5
0.0054889
-0.0041774
0.0013812
-0.0032205
-0.0077866
-0.0097348
0.0047092
-0.0058287
0.0013211
-0.0043391
-0.0044143
0.0097257
0.0084044
-0.0013401
-0.0048565
-0.0091892
0.0099083
-0.0058768
-0.0078916
-0.0026309
-0.0034208
-0.0023422
-0.0091636
0.0055371
-0.0056792
-0.0042466
0.0023075
0.0084308
0.0073072
-0.005511
-0.006275
-0.00228
0.0085081
-0.0047411
0.0094597
0.0015746
-0.0007228
-0.0072511
-0.0029606
0.000431
-0.0039456
-0.006388
-0.0005082
0.0015042
-0.0062504
0.0029687
-0.0016094
0.0002086
0.00653
-0.00116
0.0080734
-0.0054866
-0.0049562
0.004263
0.0044257
-0.0052572
-0.0026441
0.0031742
0.0086172
0.0040016
-0.0029275
0.0083989
-0.0095711
-0.0059567
-0.0091084
-0.0079395
0.0026415
-0.0080332
0.0090377
-0.0031313
-0.0049073
-0.0056759
-0.0010388
-0.0071158
0.0084757
-0.0051639
0.0068628
0.0045723
0.0031169
0.004795
0.0098717
-0.0076845
8.11e-5
-0.0002272
0.0051915
0.0044028
-0.0045075
-0.0018338
0.0022657
0.0004179
0.0001714
0.0053703
-0.0054092
-0.0011607
0.0073665
-0.0077433
-0.0050592
0.0001431
0.0022573
-0.0031164
0.0005922
-0.0016447
-0.0009551
0.0071431
0.0065307
0.0069776
-0.0013338
-0.0069673
0.0075114
0.0085504
-0.0086549
-0.0042772
0.0032189
0.0077723
-0.0092333
-0.006042
0.0002396
0.000453
-0.0032362
-0.0027011
-0.0095054
-0.0033859
-0.0018882
0.0023025
0.0052796
0.0044277
-0.000972
0.0072778
-0.0063384
0.0055981
-0.0014564
0.0012321
-0.0017054
-0.0041936
-0.0054273
-0.0060555
-0.0024075
-0.0048785
0.0047597
0.0033898
-0.0099301
-0.0042519
0.0050817
-0.0094316
0.0017919
0.0072164
0.007199
-0.0054738
-0.0054963
-0.008754
0.0064703
-0.0017322
-0.0006667
-0.002027
-0.0017086
-0.0018661
0.0088263
-0.0078862
-0.0054694
0.007794
-0.0061751
0.0087915
-0.0039241
0.0065858
0.0004205
-0.0041189
-0.0041832
0.0032622
0.0024691
0.0017593
-0.0079388
-0.0043048
0.002635
0.0027096
-0.0067522
-0.0050688
-0.0059522
-0.0068696
0.0023107
0.0079161
-0.0056835
0.0083573
-0.0042726
-0.0037928
-0.0005723
0.0007357
-0.0017106
-0.0078022
0.0064281
0.0082985
-0.005013
0.0093203
0.0046244
0.0015134
0.0062937
0.0004847
-0.0085652
-0.0043162
-0.0028337
0.0096482
-0.0056933
-0.0024566
0.0036606
-0.0046661
0.001587
0.0084401
-0.0005675
-0.0096469
0.0062665
-0.0096688
0.0056546
-0.0015687
-0.0069347
-0.003028
-0.003384
0.0006768
-0.0023574
0.001753
-0.0075049
-0.001883
0.0013344
-0.0007833
0.0047203
-0.0007665
-0.0085063
-0.002948
0.0050384
-0.009457
0.003116
-0.0096632
-0.0069797
0.0025762
-0.0049573
-0.0091053
0.0086217
-0.0078493
0.0072915
-0.0053493
0.0056251
0.0007818
-0.008141
0.0083403
0.0094366
-0.0023408
-0.0055712
-0.0037936
-0.0072015
0.0023583
-0.0083903
-0.0022262
0.0046557
0.0014399
-0.0053548
-0.0056269
0.0063701
0.0038107
0.0084489
0.0071006
-0.0067961
0.0039198
0.0022955
-0.0093638
0.0046317
-0.0070356
0.0030875
-0.0057701
0.0077661
-0.0083127
0.003479
0.0046283
0.0025824
-0.0038766
-0.0033728
-0.0083977
-0.0097508
0.0091683
-0.0078376
0.0066539
0.0072744
-0.004374
-0.0061691
0.0027608
0.0092488
3.03e-5
0.0042029
-0.0066048
0.005504
0.0078392
-0.0031622
0.0033559
0.0051786
0.0031083
-0.0002744
-0.0020229
0.0084283
-0.0063979
0.0004227
-0.0006713
-0.0098896
0.0061848
-0.0021263
0.0004242
0.0049274
2.35e-5
0.0084647
-0.0097729
-0.0013116
-0.0019259
-0.0075693
-0.0006197
0.0072434
-0.0060874
-0.0044736
-0.002162
-0.003068
0.0031666
0.0085107
0.0042784
0.0057026
0.0071499
0.0008514
0.0043068
-0.0043575
-0.000562
-0.0066465
0.0007738
0.0039296
0.0057863
-0.0021261
0.0023985
0.0011205
-0.0029941
0.0052187
0.0031448
0.0078285
-0.0049856
0.0065873
0.0078783
-0.0023314
0.0085707
-0.0065764
0.0033307
0.007162
0.0063541
0.0069065
-0.0068358
0.001049
-0.0029653
-0.0079452
0.0081194
-0.0050878
-0.0094991
0.002892
-0.0091097
0.0026088
-0.0084026
0.0021693
-0.0066159
0.0079923
-0.006339
0.0055172
-0.0055785
-0.0005444
-0.0043718
-0.0061796
-0.0055006
0.0078546
0.0048638
-0.0062648
-0.0049218
-0.0005784
0.0090788
0.009067
-0.000565
-0.0073364
-0.0038143
0.0015346
0.0050829
0.0015767
0.0080873
-0.007632
-0.0098794
0.0003808
0.0012412
0.008006
-0.0032113
-0.0070967
0.0098588
-0.0031055
-0.0028666
-0.0071498
-0.0010839
0.008865
-0.0008717
0.0028308
-0.0032059
0.0062416
-0.0087736
-0.0034623
0.0004576
-0.000665
0.0029762
0.0092293
-0.0050897
-0.0082319
0.0012231
0.0076873
0.0033592
0.0035244
0.0063598
-0.0026049
0.007384
0.0060709
0.0021053
0.0081615
0.0031597
-0.0003171
0.0054568
0.0047354
-0.0040553
-0.0041664
0.0036386
0.0043598
0.0099714
0.0034561
-0.0097965
-0.0036389
0.0029656
