-7.86e-5
-0.0080442
0.0005325
-0.0035663
-0.0022622
0.0022321
0.0075414
-0.0022724
0.00803
-0.007314
-0.0029542
0.001991
-0.0020018
0.007579
-0.0094012
-0.0056092
-0.006563
-0.0010208
-0.0086488
-0.0073834
-0.0059372
-0.0072122
-0.0021412
0.0021291
0.0073144
-0.008835
-0.0006403
0.0002698
-0.0054273
-0.0044599
0.0085136
-0.0064471
-0.0006525
-0.0020933
-0.0004784
0.006255
-0.0088213
-0.0034223
-0.000128
-0.0045217
0.0081008
-0.0020422
-0.006272
0.0006408
-0.0001169
-0.0051151
-0.0022679
-0.0017449
0.0091743
0.0053682
0.0012904
0.0073633
0.0009912
-0.0043292
-0.0001838
-0.0094037
-0.0047012
-0.0038282
0.0060621
-0.0028448
0.0044135
-0.0007068
-0.0058679
0.0007874
0.0096385
0.0097949
-0.0093309
0.0014034
0.0049442
0.0008081
0.0014614
-0.0007292
0.0049042
0.0097295
-0.000699
-0.0089614
0.0033689
0.0039484
0.0050723
0.0057166
-0.0010694
-0.0083257
-0.0096225
0.0096914
0.0075735
-0.0044815
-0.0012455
0.0023638
0.0063361
-0.0086989
0.0015768
-0.0034792
-0.0076763
-0.0076305
0.00023
-0.0073028
-0.0090123
-0.0068225
0.0029299
-0.0039302
0.0012769
-0.0033979
0.0046425
-0.0096888
0.0012036
0.0029742
0.0099959
-0.0065788
-0.0055712
-0.0014259
-0.000959
-0.0030528
0.0095421
-0.0039501
-0.0077951
0.0076824
-0.0058837
0.0009471
0.0027232
0.0018326
0.005291
0.0052977
0.001671
-0.0045955
1.13e-5
0.0038043
0.0093988
-0.0009782
0.0055778
0.0043342
0.003666
-0.0083449
-0.0025801
0.004258
0.0039173
-0.007354
0.0032327
0.0034157
0.0075612
-0.0097986
-0.0022422
0.0048417
-0.0079252
-0.0080201
0.0080147
0.0020546
-0.000834
0.0063882
-0.0089029
0.0008101
0.0013747
-0.0030529
-0.003193
-0.0034438
-0.0042349
0.0010126
-0.0054333
0.0078592
0.0070009
-0.0079658
0.0070146
0.0024533
0.0091734
-0.0043031
0.007781
0.0076112
-0.0048633
0.0050724
0.0043272
0.0017096
0.0081235
0.00038
0.0071409
0.0021604
0.0047696
0.0023466
-0.0089282
-0.0065094
-0.0098507
0.002356
-0.0033436
-0.0039338
-0.0007527
0.004661
0.0010776
0.0015828
-0.0067758
0.0037647
0.0017043
-0.0053489
0.0013425
0.0092798
0.0054528
-0.0037364
0.0049596
0.0061614
-0.0014958
-0.0020221
0.0089313
0.0003205
0.001726
0.0001969
0.001544
0.0050904
-0.0024302
-0.0088823
0.0064036
0.0093701
0.0051969
0.0073627
0.0061125
-0.0093679
0.0046239
-0.0020773
0.0004461
0.0019467
0.0033801
-0.0088594
0.0073625
0.0026513
0.0007157
0.0025843
-0.0005074
-0.002928
-0.0054933
0.0070318
0.0055262
0.0046046
-0.0033666
0.0019831
-0.0062088
-0.0030013
-0.0051031
0.0087124
0.0039003
-0.0010096
-0.0054339
0.0041245
-0.0013168
0.0024517
0.0032329
-0.0021063
-0.0034801
0.0011788
-0.0033454
0.0014609
-0.0021045
0.0052254
-0.0001256
0.0051195
-0.0078569
-0.0001134
0.0095599
0.0009172
0.0087239
-0.0010087
0.0047847
-0.0064247
0.0075377
0.0079118
0.0015044
-0.0058713
0.0085146
0.0061725
0.0087039
0.0050062
-0.0050901
-0.0085221
-0.0057924
0.0029569
0.0053133
0.0047065
-0.0071604
0.0047428
0.000715
-0.0073674
0.0012911
0.0095437
-0.0075232
0.0048834
0.0068462
0.0071011
0.0056992
-0.0065951
0.0067724
0.0036716
0.0094507
-0.0071719
0.0050911
-0.0018743
-0.0055971
0.0002926
-0.0075921
0.0097541
-0.0057657
-0.0068163
-0.0032706
0.0067959
-0.0034079
0.0001738
-0.0088743
0.0039421
0.001691
-0.0075714
-0.0097572
-0.007764
-0.0026493
-0.0077949
-0.0094349
0.0070114
-0.0014434
-0.0025071
0.0007045
-0.0038597
0.0053483
0.0066583
-0.0061789
-0.0020435
-0.0096786
-0.0042151
0.0042251
0.0007679
0.0033708
-0.0053975
-0.006777
-0.0045663
-0.0054738
-0.0068227
0.0044339
-0.0071132
0.0007632
0.0032048
-0.0098063
-0.008882
0.0022109
0.002954
0.0065411
-0.0016474
-0.0032485
-0.0018231
0.0022222
0.0044834
0.0017356
0.0071724
0.0027352
0.0046655
0.0032977
-0.0049447
-0.008404
-0.0061361
0.009723
-0.0035769
0.0008903
-0.0046658
0.0079652
-0.009338
0.005335
-0.0004023
-0.0052606
0.0017409
0.0061876
0.0055252
0.0044695
0.0046957
0.0086314
0.0005926
-0.0072564
0.00329
-0.0023536
-0.0089641
0.0084783
-0.005311
0.0057455
0.0022903
0.0094528
-0.0013169
0.0044578
-0.0056916
0.0020001
-0.0098981
-0.0027064
-0.0054194
-0.0084847
-0.0085134
0.0065531
-0.0029893
0.0083572
-0.0032939
0.0003616
-0.0018076
0.0049935
-0.0003299
0.0058114
0.0092408
0.0070919
0.000701
-0.0093721
-0.0039143
0.0027602
-0.0013087
-0.0011634
-0.0070564
-0.0093128
-0.0008169
0.0068503
0.0064178
-0.0013771
-0.0016943
-0.007743
0.0028647
0.0003995
0.0087352
-0.0084283
0.0038303
-0.0041771
0.0024893
-0.0030768
-0.0036964
0.0076454
0.009476
0.0023435
0.0009716
0.0020401
-0.0017729
0.0086971
0.0007563
0.0054284
-0.0009979
0.0092169
0.0073148
-0.0071212
0.0098216
-0.0075615
-0.0072061
-0.0073635
-0.0070708
-0.0056856
-0.0009878
-0.0099332
0.0013789
0.0056529
-0.0012657
-0.0093694
-0.0008302
-0.0075812
0.0087896
-0.003308
0.00717
-0.0039943
0.005925
0.0058941
-0.0067965
0.003705
0.0063798
0.0039988
0.001495
-0.0029318
-0.0045336
0.0058548
0.0094882
0.0079572
-0.0092967
-0.0081432
0.0042247
-0.0033762
0.0083275
0.0029938
0.0032664
-0.0044239
0.00126
0.0073031
0.0005552
8.16e-5
-0.0012478
0.0076642
-0.0011868
-0.0098831
0.0025819
0.0035371
0.0045056
0.0044908
0.0017341
-0.0070151
-0.0065787
0.0053803
0.0032437
-0.0008052
0.0009883
0.0024838
-0.0020165
-0.0090155
-0.009056
-0.0080854
0.0098196
-0.0069268
