-0.0050327
0.0096699
-0.0062457
0.0088113
0.0043236
-0.0062682
0.0092151
0.0084597
-0.0009648
0.0042372
0.0037791
0.004103
0.0057055
0.0065961
0.0079719
-0.0071409
0.0091966
0.0029481
-0.002785
-0.0080941
0.0064469
0.0064531
0.0057699
0.0097469
0.0043361
0.0051056
0.0077939
0.0044438
0.0058218
-0.0044137
-0.0056254
0.0058854
0.0027297
0.0064907
0.0016814
-0.0076172
-0.0056785
-0.0063519
-0.0057031
0.0063405
0.0077786
0.0056391
-0.0018813
-0.0066626
-0.0049794
-0.0048508
0.0071629
0.0005989
0.003413
0.0038947
-0.0069105
0.0081813
0.0059928
0.0025455
6.05e-5
-0.0036894
-0.0088521
-0.0039157
-0.0071873
0.0021008
0.0091457
0.0007537
0.0013175
-0.009423
-0.0029215
0.0092631
0.0058045
0.007222
-0.0058004
-0.0046276
-0.0099942
-0.0013536
0.0053758
0.0008621
-0.0070576
0.0020467
-0.0084432
-0.002048
-0.0004709
-0.000614
0.0083311
-0.0013571
-0.0016702
-0.0040721
0.0003135
-0.0051003
0.0078667
-0.001333
-0.0052061
-0.0081763
-0.0069732
0.0086919
-0.0082598
-0.0090184
-0.007642
-0.004873
0.0021186
0.004729
0.0055197
-0.0008003
0.0013724
0.0059129
-0.009463
0.0047377
0.009301
0.0029814
0.0051792
-0.0054799
0.0010683
-0.0051922
-0.0067355
0.0086958
0.0086841
-0.0053149
-0.0058891
-0.0059789
-0.0084265
0.0029458
-0.0009775
-0.0026901
0.0024229
-0.0090038
0.0050308
0.0076789
0.0056132
-0.0087185
0.0036473
0.0065789
0.0077028
-0.0097791
0.0051118
0.006476
-0.0040662
0.003802
-0.009004
0.0052601
0.0070006
0.0041782
0.0064114
0.0062989
-0.0016598
0.001833
-0.0005371
0.0007178
-0.0002214
0.0089382
0.0044579
-0.000862
0.0003766
-0.0046221
0.0091827
0.0086232
0.0002912
0.0017855
-0.007837
-0.0079524
0.0033373
-0.0056531
-0.0031999
-0.0088157
0.0018673
-0.0030947
-0.0001176
0.006462
-0.004839
0.0094827
0.0012332
-0.0004065
-0.0021643
0.0040771
0.0018358
-0.0029349
0.0087454
-0.0032405
-0.0005645
0.005242
0.0061149
-0.001385
-0.0012903
-0.0018663
0.0027429
0.0049723
0.0095075
0.0072944
0.0037703
-0.0037602
-0.0080767
0.0053968
-0.0062312
-0.0005107
-0.0095565
0.003594
-0.0030209
-0.0027587
0.0039528
-0.008666
0.0027683
-0.0059867
0.0029978
0.0097183
0.0059486
-0.0067377
0.0019087
0.0083108
-0.0098671
-0.0054873
0.0002456
-0.0022624
-0.00454
-0.0060967
0.0011363
0.0090129
-0.0049713
-0.0078906
-0.0082993
-0.0039396
0.0050043
-0.00948
0.0033388
-0.0049021
-0.0035186
-0.0062579
-0.0099167
-0.0052026
0.004661
-0.002583
0.0072255
0.0098312
-0.0042948
0.0069131
-0.0054323
-0.0040025
0.0019322
7.49e-5
0.0059917
-0.0003636
0.0042869
-0.0047577
0.0088153
-0.0013092
-0.0068511
-0.0051771
-0.0095271
0.0011461
0.0028496
-0.0086939
-0.0092948
-0.0050408
0.0006476
0.0050394
0.006307
0.0028717
-0.0031095
-0.0069023
-0.0028247
-0.005069
-0.005579
-0.0089616
0.0035629
-0.0070907
-0.0050424
-0.0022041
-0.003242
0.0012738
-0.0024351
-0.0071206
-0.0063014
0.0097211
0.0071718
-0.0089667
0.0012615
0.0074638
-0.0099124
-0.0062692
-0.0077509
0.0078039
-0.0040609
0.0073838
-0.001796
-0.006164
-0.0041667
-0.0050891
-0.0062792
0.0030247
-0.0051418
0.0073639
-0.0086118
-0.0006297
-0.0083851
-0.0051881
0.0031354
-0.0042426
0.0039725
-0.0039165
0.0074155
-0.0018794
0.0018701
-0.0015374
-0.0069649
-0.0045619
0.0034071
-0.0060268
0.0074744
-0.007679
0.0083722
0.0025466
-0.0098124
0.00659
0.00183
0.0040406
-0.0084249
0.0085126
-0.0093433
0.0096881
-0.0098794
0.0078386
-0.0002668
0.0039882
-0.0032994
-0.0064761
0.0002247
0.0018492
0.0075274
-0.0091903
0.0095173
-0.0084926
0.0092537
0.0046376
0.0092189
-0.0028228
-0.0011544
-0.009879
-0.0079379
-0.0085672
-0.0088226
0.0035491
-0.0037525
0.0021633
0.0014733
0.0098386
0.0001034
0.0023839
-0.0069907
-0.0028941
0.0015302
0.0003113
0.0056764
-0.0096978
-0.0010701
0.0010277
0.0041934
0.0094045
-0.0056617
0.0034509
-0.0096541
0.0099833
0.0056627
0.0091342
0.0061867
0.0052504
0.0034969
0.0031399
0.0047558
0.0065841
0.0076203
-0.0043082
0.0063553
0.0054992
-0.0023141
0.0055887
-0.008632
-0.0034937
0.0030236
-0.003031
0.0098371
-0.004653
-0.0087633
0.0036144
-0.008537
-0.0058916
0.0005017
0.0034095
-0.001125
0.0017815
0.0048355
-0.0040151
-0.0097208
0.0027917
-0.004061
0.003502
0.0008792
0.0036764
0.0030871
0.0085197
0.0092769
0.00763
0.0051981
-0.0037808
0.0009157
-0.0008627
0.0070223
0.0089575
0.003388
-0.0052454
0.0066435
-0.0063087
-0.0096548
0.009608
0.0081636
-0.0069008
0.0072664
0.00427
-0.0028424
0.0039425
-0.008233
0.0037356
0.0078891
0.0065691
-0.0014721
-0.0060895
-0.0036901
-0.0027141
0.0079506
-0.0081129
0.0098228
-0.0056657
0.0062026
0.0021878
0.0097717
-0.0068802
0.0019353
0.0031802
0.0085387
-0.005663
-0.0003561
-0.0055565
0.0054569
-0.0036569
-0.0026805
-0.0025078
0.0006982
0.0011853
0.0005946
0.004364
-0.0047426
0.0055834
-0.0043876
0.0053929
-0.0045953
0.002181
0.0069187
0.0049505
-0.0086242
0.006969
0.0017871
-0.0071563
0.0046456
-0.0017708
-0.0076796
0.0037061
0.0048544
0.0048007
-0.0033832
0.0030645
0.0068829
-0.0019024
-0.0093911
0.0090319
-0.0055223
0.0023146
-0.0039305
-0.0079869
-0.0038584
-0.0029652
-0.0098407
-0.0031478
0.0095331
-0.003192
0.0075214
-0.0010047
6.64e-5
-0.0028776
-0.0024186
-0.0012068
0.0085632
0.0015645
-0.0042817
0.0025329
-0.0066205
0.0049251
-0.0091466
-0.0030665
0.001054
0.0092249
-0.002901
