-0.0051084
-0.0039178
0.0075165
-0.0084795
0.0069334
0.0097319
-0.0076687
0.0042154
-0.0052712
0.0005656
-0.0093947
0.0095517
0.0092369
0.0056608
-0.0063237
-0.0062262
-0.0075137
-0.0050235
0.0034421
0.00764
-0.001951
0.0056655
0.0049763
-0.0050278
0.0010138
0.0021378
-0.0070197
0.0031116
0.0052664
-0.0059312
0.0044732
0.0049344
0.0059473
0.0093639
0.0084309
0.0019605
-0.0063298
-0.008497
-0.0094981
-0.0089717
0.0030035
0.0038836
-0.0086848
-0.0044992
-0.0071723
-0.002473
-0.0069343
-0.0019479
0.0071926
-0.0003703
-0.0092198
-0.0086137
-0.0053494
-0.0016385
-0.006646
0.0091213
-0.0068869
-0.0010625
-0.0054677
-0.0078059
-0.008994
0.0023922
-0.0043963
-0.0050846
-0.0053394
-0.0038785
0.0051026
-0.0045511
0.0026427
0.0085219
-0.0007352
0.001662
0.0091324
-0.0071325
0.0028638
0.0041092
0.0058293
0.0038536
0.0093495
-0.0041297
-0.0058925
-0.0035026
0.0088367
-0.0082226
-0.0064136
-0.0089347
-0.0080617
0.0065591
-0.0062338
-0.0093225
0.0049998
-0.0067189
0.0096471
-0.0059426
-0.007026
0.0095862
0.007626
-0.006052
0.0014922
-0.0063058
0.0033648
-0.0029206
-0.007339
0.0087821
0.0082618
0.0070804
-0.0079634
0.0072445
-0.0077847
0.0078277
-0.0097445
0.009402
0.0068309
-0.0093391
-0.0095578
0.0087898
-0.0027881
-0.0069608
-0.0032498
-0.005171
0.0023498
-0.0002926
-0.0024029
0.0025256
0.0032863
-0.002665
0.008074
-0.0092882
-0.0085443
-0.0095226
0.0098742
-0.003445
-0.0051679
0.0037102
-0.0042681
0.0080861
0.0090015
-0.0014296
0.001405
0.0053755
-0.0005763
0.0025017
-0.0010812
0.0067198
-0.0055325
0.0054565
1.29e-5
0.0041349
0.0079425
-0.0010256
0.0057066
-0.0036656
0.0013066
0.002691
-0.0060203
-0.0028841
-0.0038997
-0.0080251
-0.0037991
0.007758
-0.006713
-0.004595
0.0027452
-0.0086413
0.0001427
0.0089563
0.0039047
0.0081924
0.0032104
-0.0040298
0.0015265
0.0090225
0.0013053
-0.0081484
0.0099164
0.002203
0.0031709
-0.0098557
0.001576
0.0053818
-0.0052116
0.0087827
0.0005617
0.0095529
0.0079456
-0.0088249
-0.0071576
0.0062157
-0.009925
0.0011372
-7.0e-7
-0.0066346
0.0044601
-0.0053395
-0.0057535
-0.0015185
0.00903
0.0076121
0.0017879
-0.0031444
-0.0031123
0.002455
-0.0061628
-0.0019809
-0.002972
0.0096072
0.0064425
-0.0027075
0.0032102
0.0001402
0.0075818
0.0061933
-0.0030692
0.0095117
-0.0057387
-9.57e-5
0.00308
0.002057
-0.0082604
0.0059486
-0.0090838
-0.0092471
0.0071768
0.0085286
0.0076612
-0.0073417
-0.0020999
-0.0088549
-0.0010729
0.0088695
-0.003907
0.0003597
-0.0005275
0.0029822
-0.0011318
0.0063604
0.0087223
0.0089062
-0.008204
-0.0015471
0.0040747
-0.0066531
0.0070942
-0.0090462
0.0005971
-0.0089911
-0.0028409
0.004776
-0.0074138
-0.0003952
-0.0048048
0.0066636
0.0075272
-0.0037599
-0.0031259
-0.0015746
-0.0018361
3.81e-5
-0.0046761
-0.0029718
-0.0096121
-0.0003848
-0.0081438
0.0091872
-0.0080205
0.0049988
-0.0067522
0.0071178
-0.0027343
-0.0067766
0.0021814
-0.0069434
-0.0082722
-0.003947
-0.0097858
-0.0054758
-0.0085007
-0.0006708
-0.0082118
-0.0049531
-0.0018203
0.0090358
-0.0047746
-0.0010893
-0.0073057
-0.0073599
0.006287
-0.0009607
0.0035562
-0.0001329
-0.0069196
0.0031983
-0.0029122
-0.0011398
0.0001325
0.0040954
-0.0086077
0.0010312
0.0035983
-0.0089057
0.0055917
0.0047651
-0.0058411
-0.0041551
-0.007797
-0.0016779
-0.0058994
0.0035839
0.0039894
0.0096512
0.0027521
-0.0041478
-0.005204
0.0057887
0.0056432
0.0031018
-0.0018605
0.0076998
-0.0082093
-0.0031023
0.0085877
0.0041422
-0.0030343
0.0077716
-0.0020941
0.0099486
-0.0015438
0.0058464
-0.0015064
0.0073883
-0.006309
0.0056289
-0.0065953
-0.008719
-0.0092086
0.0013126
-0.007842
-0.0005908
-0.0040256
0.0036901
-0.0005458
0.0030225
0.0036692
0.0008776
0.0076579
0.0050453
-0.008859
-0.0064836
0.0091765
-0.0094835
-0.0098585
0.0039761
0.0051284
0.0039636
-0.0058392
0.0074635
0.0051873
-0.0095588
0.0088483
-0.0096902
0.0091401
-0.0015525
-0.0020519
-0.0039597
0.0093012
-0.0046807
-0.0047862
0.009298
0.0021609
-0.0045945
0.004619
0.0022263
-0.0078802
0.0063482
0.0099753
0.0022896
-0.0098323
0.0023558
-0.0013323
0.005018
0.0063752
-0.0093216
-0.0014368
0.0020999
0.0078568
-0.003956
-0.0078716
0.0025628
-7.37e-5
-0.0075173
-0.0099653
-0.0049082
0.0043678
-0.0074126
0.0077617
-0.0079505
0.0038269
0.0069154
0.0013008
-0.0090733
-0.0077692
0.005412
-0.0036133
0.0006943
-0.0031263
0.0012174
-0.0050102
0.0015248
0.0012291
-0.0053435
0.0044694
0.0093941
-0.0004998
-0.0088491
0.0032379
0.0091181
0.0053473
-0.0026
0.002895
0.0083434
0.0034408
0.0005102
0.0004064
-0.0007179
-0.0067887
0.0084468
0.0083149
0.0064458
0.0090899
-0.0097101
-0.0074504
0.0049854
-0.0015952
0.0044883
0.002191
0.0040642
-0.0061896
-0.0077373
-0.0013672
-0.0035474
-0.0021044
-0.002087
-0.0057483
0.004653
0.0022867
0.0040376
0.0065974
0.0063662
0.0005034
-0.0027101
-0.0090665
-0.0029234
0.0035689
0.0052153
0.0077035
-0.0042477
0.009574
-0.0017321
0.0018662
-0.0023051
-0.0018888
0.006721
0.0049669
0.0020034
0.0008605
0.0060799
0.0079775
0.0025374
0.0002545
0.0031543
-0.0061834
0.0095244
-0.0005728
-0.0010673
-0.005185
0.0074571
0.004891
-0.0027348
-0.0087643
-0.0079878
-0.0048971
-0.005038
-0.0081011
0.0061996
-0.004433
0.0
-0.008853
0.0033185
-0.0033409
-0.002004
0.0052136
0.0046811
0.0017577
-0.0054937
-0.0039121
