-0.004691
0.0003144
-0.0047116
-0.0061539
-0.0020891
-0.0024674
-0.0008941
0.0001893
-0.0069472
-0.0084615
0.006878
-0.0047534
-0.0016132
0.0040037
0.0023743
0.008613
0.0005993
-0.0094049
0.003182
-0.0060807
-0.00738
-0.0047619
-0.0047624
0.0016256
0.0069606
0.0050177
-0.0061726
-0.0070839
-0.0069199
-0.0089652
-0.0053378
0.0016076
-0.0063338
0.0038078
-0.0016962
0.0034726
0.0052148
0.0095803
-0.0097443
0.0031379
0.0012074
0.0072804
-0.0051191
0.0036301
0.0050396
-0.0070962
0.0021931
-0.0047897
-0.0068693
-0.0074863
-0.0051607
0.0048519
0.0028585
-0.0098196
0.0041862
0.008903
-0.0047811
-0.0021649
-0.0045151
0.0034499
0.0051575
0.0066843
0.0025017
0.0009817
0.0083934
0.0037099
-0.0011829
0.0066699
0.0010642
-0.0086994
-0.0082064
0.0041952
-0.0086923
-0.009846
0.0092565
0.0026328
0.0066292
0.0063579
-0.0047977
0.0031023
-0.0028395
-0.0021852
-0.0062379
0.0043192
0.0089531
-0.0085279
-0.0037561
0.0078422
-0.0086665
0.0047057
0.0016604
0.0050523
0.0018144
-0.0095232
0.0032997
-0.0017362
-0.0093493
0.0011106
-0.0037993
-0.0019065
0.0092918
-0.0066402
0.0049812
-0.0031996
0.0042986
-0.0092687
0.0071589
0.0014069
0.0023157
-0.0085282
0.0077935
-0.0091536
0.0094019
0.0052371
-0.0011348
-0.0039241
0.0011562
-0.0089373
-0.0036894
0.0011109
-0.0030195
0.0088232
-0.0019301
-0.0094122
-0.0043367
0.0047445
0.0013422
-0.000672
-0.000139
-0.0032217
0.0027346
0.0098333
0.0032958
0.0081484
-0.0072601
-0.0042511
-0.0005825
-0.00603
-0.0072354
-0.0097136
-0.0059588
0.0023588
-0.0058258
-0.0059656
-0.0049711
-0.006125
-0.0049413
-0.0012152
0.0054335
-0.0096074
-0.005304
-0.0034627
-0.0018498
-0.0091617
0.000764
0.0045737
-0.0011665
0.0086607
-0.0027945
-0.0091517
-0.0051707
-0.0036923
-0.0082483
-0.0078099
-0.006571
-0.0060944
0.0076626
0.0080214
0.0068423
-0.0011375
0.0013203
0.0003146
-0.000102
0.0086022
0.0071376
-0.0011046
-0.0020018
-0.00451
0.001711
-0.0068177
-0.005147
0.0081372
0.0022957
0.0014803
-0.0069337
0.0019384
0.004278
0.0015295
-0.0066351
-0.0010961
-0.0086392
0.0088792
0.0039623
-0.0008119
0.0096812
-0.0078931
-0.0066887
-0.0098073
-0.0003484
-0.0065755
0.0038171
0.0080559
-0.0091771
-0.0068
-0.0086525
-0.0067313
-0.0066541
-0.0045629
0.0092707
-0.0008675
0.0078838
-0.0063745
-0.0084305
0.0070467
-0.0062432
-0.006022
3.82e-5
-0.0058499
0.0066452
0.0091466
-0.0033662
0.0024313
-8.83e-5
0.0056032
0.0057358
-0.0007431
-0.0082951
-0.0095625
0.0011214
-0.0096189
0.0017242
-0.0036198
-0.0017197
0.0018053
0.0001567
0.0064788
0.0076916
-0.0018142
-0.0096828
-0.0026986
-0.0067232
0.0011618
0.0076345
-0.006996
0.0007899
0.0074422
-0.0030292
0.0071464
0.0042068
0.0026645
-0.0007339
0.0097862
0.0055499
0.0089111
-0.0073717
-0.0074636
-0.0060657
-0.0030776
-0.005407
-0.0089462
0.0065016
0.0053624
-0.0070597
0.0005659
0.0001241
0.0064035
-0.0055244
0.007447
0.0027379
-0.0051191
-0.0030879
0.005157
-0.0039239
-0.0080479
-0.0073852
0.0047386
-0.0044027
-0.0085828
0.0084736
0.0031211
0.0008064
-0.0001878
-0.0057482
0.0041305
-0.005201
-0.0007576
0.0019205
0.0049904
-0.0008655
0.0030119
0.0011123
0.0056847
-0.002969
-0.0053137
0.0084009
0.0045899
0.0086518
0.0068085
0.0033437
0.0035515
-0.007167
0.003681
-0.0057883
-0.0059159
-0.0040602
-0.008843
-0.0073982
-0.0019042
-0.0003568
0.0076725
-0.0009212
-0.0091202
-0.0041662
-0.0059232
0.0072376
0.0055978
0.0004585
-0.0079877
-0.0012309
-0.0049892
-0.0049198
0.0071824
0.008091
0.0010329
0.0047103
-0.0043546
0.0098955
-0.0049624
-0.0032427
0.0021341
0.0081682
0.0025895
-0.0044378
-0.005578
-0.0042919
-0.0065298
0.0046908
0.0039026
-0.0040718
-0.007523
0.0099858
-0.004116
0.0002794
-0.0076561
0.0080216
0.007507
0.0085784
0.0025246
0.0054752
-0.0098793
-0.0011038
0.0037158
0.0023821
0.0038569
0.0056923
0.0031883
-0.0056898
-0.0057884
0.0051623
-0.0062893
0.0012003
0.0076212
0.0098416
0.0010663
0.0045836
-0.0066771
0.002387
0.000587
0.0037414
-0.0078489
-0.0036885
-0.0097929
0.0094504
-0.0036151
0.0053691
-0.0039492
0.0046081
0.0077831
-0.0040995
-0.0033717
0.0010082
-0.0028402
0.0094374
-0.0001746
-0.0074185
-0.0024623
-0.0090856
-0.002359
-0.0039196
-0.0063832
-0.000654
6.9e-6
-0.0081637
-0.0061384
0.0085672
0.000604
0.0085971
0.0062038
-0.0036221
-0.0028213
-0.0011012
-0.0036013
0.0097401
-0.0083141
0.0074393
0.0082727
0.0022575
0.0095266
-0.0019309
-0.0013796
-0.0004439
0.0080842
-0.0022811
-0.0061138
-0.0068662
-0.0041827
0.0015472
0.0042441
0.0016276
-0.0023071
0.0060734
-0.0092131
0.0057678
0.0010351
-0.0090653
0.0027558
0.0090916
-0.0008788
0.0048291
-0.0063105
-0.0003025
-0.0011405
0.006861
-0.0046753
0.0029081
0.0079445
-0.0057019
-0.004526
-0.0081322
-0.0077678
-0.0068106
0.0069236
0.0029983
-0.0014387
-0.0044062
-0.0076774
-0.0095516
0.0004241
-0.003362
-0.0071157
-0.0054329
-0.005506
0.0003415
0.0053787
0.0082572
-0.0046283
-0.0021521
-0.0026992
0.00516
0.0026147
-5.62e-5
0.0086548
-0.0040075
-0.0049253
-0.007809
0.0038522
-0.0025996
0.0067669
-0.0030696
-0.0038848
-0.0051344
0.0004541
0.0085539
-0.009397
0.0014821
-0.006436
-0.0029284
-0.0090717
-0.0093918
0.0075841
0.0039292
-0.009774
-0.0034948
-0.0021017
-0.0089647
0.004575
-0.0007236
-0.0088341
0.0048209
-0.0071188
-0.006157
-0.0088567
-0.0013461
-0.0090913
0.0053
