-0.0077211
-0.0055336
-0.0004423
0.0012261
0.0070491
0.0027726
-0.0046578
-0.0050294
-0.0083406
-0.0023365
-0.0013239
-0.0050373
-0.000102
0.0006066
0.0025437
-0.0026487
0.007529
-0.0005835
0.0015489
0.0089872
-0.0068791
-0.0071959
-0.0064783
-0.0073283
0.0098197
-0.0023386
-0.0015773
-0.0095062
0.0095823
0.0061455
-0.0069947
0.0079848
0.001276
-0.0089363
-0.0037691
-0.0063648
0.0051581
0.009232
0.0023937
0.0081676
-0.0063642
-0.0001151
0.0064203
-0.0002478
-0.0026145
-0.0086076
-0.0085067
-0.0027289
0.0041538
-0.0012862
-0.0006035
0.0052092
0.004709
-0.0023645
-0.0093442
0.0077627
-0.0007298
-0.0076737
0.0041235
0.0012259
0.0081707
0.0003396
0.0017475
-0.0062722
-0.0001614
-0.0055349
-0.007177
-0.0013885
0.0013819
-0.0062974
0.0072055
-0.0074505
-0.0017022
0.002727
-0.0089788
0.0039524
-0.0085768
-0.0085867
0.0051641
-0.0047713
-0.0091234
0.0066886
-0.0047134
0.0040645
-0.0031814
-0.0067803
-0.0012302
0.0074956
0.0027416
0.0052458
-0.007214
0.0022875
0.0051323
-0.0047988
-0.0019163
0.0098377
0.0021527
-0.0097174
0.0025547
0.0090457
-0.0086416
-0.0031573
0.0065652
-0.0022528
-0.0035758
-0.0088821
0.0096163
6.24e-5
0.0054284
0.00379
0.0009658
0.0094907
0.0075765
-0.0066041
-0.0028046
0.0011699
-0.0014954
0.0093263
0.004989
-0.0070938
-0.0033734
-0.001585
-0.0018701
-0.006905
0.0083296
-0.0070966
0.0087856
0.0003125
0.0060329
-6.67e-5
0.0040041
0.009284
0.0017364
0.0097977
-0.0066204
-0.003949
-0.0080727
-0.0039491
0.0085809
0.0001173
-0.0051997
-0.008336
0.006667
0.0056688
0.0092122
0.0033127
0.0073328
0.0016099
-0.0093493
0.0012949
-0.0077657
0.0009719
0.0025143
0.0061665
-0.0096523
0.0055497
-0.0016956
-0.000832
0.0077995
-0.0064702
-0.0099838
0.0016334
-0.0056154
-0.008933
-0.0016484
0.0028582
-0.0007294
0.0028437
-0.0095399
0.0087406
0.0082124
-0.0093177
0.0041374
-0.0056542
-0.0015675
0.0011214
0.0078447
0.0014891
-0.0049261
0.0036641
-0.009707
-0.0017224
-0.0022169
0.0063829
-0.0043255
0.0036685
-0.0027248
0.0013066
-0.0038809
-0.0057047
0.0074207
-0.0003061
0.0036396
-0.0035491
0.0071249
0.0047098
0.005141
-0.0078983
0.0002562
-0.0019982
0.0003387
-0.0044427
-0.0094633
0.0030879
0.0014277
0.0011943
0.003956
-0.0069355
-0.0026067
0.0089084
0.0049277
-0.0054315
0.0044943
-0.0054587
0.0007726
0.0079403
0.0093603
0.0090383
-0.0010938
-0.003813
0.0045496
-0.0065698
0.00367
-0.0053604
0.0070388
0.0060915
-0.0043455
0.0048637
-0.0051107
0.0017289
0.0013278
-0.0050405
-0.0045976
-0.0040684
-0.0028561
-0.002793
0.0022997
0.0019442
-0.0098234
0.0049334
-0.0045633
0.0002279
0.0080043
0.0013155
-6.14e-5
0.0001506
0.0075127
-0.0050908
0.0037485
-0.0026413
0.0057681
-0.0040495
-0.0083623
-0.0018903
-0.0055876
-0.00941
0.0016856
-0.0038548
0.0001815
0.0014358
0.002099
0.0048395
-0.0078093
0.00833
0.0071497
0.0077398
0.0098036
-0.0063107
0.0052776
0.0035138
-0.0026265
0.0064377
0.0024967
-0.0002566
0.0078694
-0.0016294
-0.0009925
-0.0022017
-0.0028183
-0.0044512
0.0013473
0.009174
0.0074436
0.0063363
0.0006948
-0.0005084
0.0068482
-0.0015347
0.0048598
-0.0016722
0.0061639
-0.007343
2.35e-5
0.0046334
0.0003545
0.0082222
0.0006444
-0.0077246
0.0086204
-0.0037508
-0.0085
0.0075103
-0.001576
0.0015112
0.0049163
-0.0095781
0.0016248
-0.004129
-0.0009897
0.0028991
-0.0060968
-0.0023109
0.0024752
-0.0031053
-0.0054971
0.0023169
-0.0018903
0.0090699
0.0043672
-0.0046283
-0.0035481
0.008409
0.0021909
-0.0074231
-0.0072047
0.0015525
-0.0009491
-0.0083742
0.0069592
-0.002683
0.0026566
0.0036618
0.0057979
0.0063484
-0.0087756
-0.0061335
0.0006005
0.0071351
-0.0090307
0.0085067
-0.0082692
0.0075208
0.0075789
0.001657
-0.007078
-0.0023023
-0.0085268
0.0067776
0.0061983
0.004327
-0.0060975
0.0072752
0.0034747
0.008512
-0.0007266
0.0025715
0.0056559
-0.0017446
0.0052598
-0.0058732
0.0067049
0.0061519
0.0023967
0.0090084
-0.0077563
-0.0028704
-0.0054978
0.0023539
-0.0069019
-0.0002071
-0.0016638
0.0004697
-0.0047694
-0.0017011
-0.0087952
-0.0030445
0.0025804
0.0072141
0.0016356
-0.0009564
0.0002342
0.0075733
-0.0013025
-0.0075358
0.0046201
-0.0075956
0.0088864
-0.0015336
-0.0090209
0.0052384
-0.0082754
-0.0084382
-0.0039509
-0.0044789
-0.0068651
-0.0080712
-0.0055118
-0.0016979
-0.0079789
-0.0085561
-0.0095238
0.0003363
-0.0056097
0.0068071
-0.0083149
0.0029442
-0.0086436
0.0084825
0.0077268
0.0046714
-0.0047162
0.0005529
0.0080511
-0.0043297
-0.0061378
0.0098893
-0.0050369
0.0062498
-0.0081463
-0.0055498
-0.0006666
-0.0099976
-0.0097375
-0.0055486
0.0037684
0.0014041
-0.0086017
-0.0052033
-0.0077767
-0.0023809
0.0096934
0.0038535
-0.0065175
0.0001952
0.0024452
-0.0096632
-0.0066292
-0.0024461
-0.0050743
0.007616
0.0007194
0.0034626
0.0022185
0.0063287
-0.0010089
-0.0015383
-0.0065786
0.0060364
-0.0090316
0.0088362
-0.0056691
0.0067293
0.0036006
-0.0058402
0.0094974
0.0075179
-0.0088654
0.0035636
0.0029425
-0.0055765
-0.0028337
-0.0044467
0.0021084
0.0058092
-0.0017568
0.0061174
-0.0038975
0.0075075
-0.0046722
0.0089391
0.0065101
0.009663
0.0013155
0.0053613
-0.0018411
0.0050052
-0.004629
-0.0056341
0.0056238
0.0019051
-0.0059913
0.0090871
-0.004809
-0.0005058
0.0069063
-0.0072557
-0.0088698
-0.0050007
-0.0090383
-0.0064006
-0.0043437
0.0087002
-0.0044203
0.008351
0.0072924
