-0.0084989
-0.009379
0.0002159
0.0049692
-0.0002478
0.0066627
0.0008024
-0.008407
-0.0074621
-0.0069194
0.0068349
-0.005388
-0.0089632
0.0091604
0.0094398
-0.0002239
0.0058847
-0.0056661
-0.0009646
-0.0099111
0.0067153
0.0094401
-0.0001131
-0.0077286
-0.0075604
-0.0047031
-0.004232
-0.0009182
0.0011259
-0.0068603
0.0029696
-0.0092011
-0.000668
-0.0078524
-0.0098599
-0.0066882
-0.0095288
-0.0081748
-0.0023101
0.0015004
0.0098053
0.0048199
0.0065522
0.0095557
0.0038697
-0.0076139
-0.0058307
-0.0028453
-0.0006807
-0.0064182
0.008137
0.0039228
-0.0026754
0.0018508
-0.0041557
0.0011207
-0.0022568
-0.004718
-0.0067939
0.0084441
0.0028393
0.000416
-0.0098331
0.0093917
0.0013715
0.0050244
0.0066631
0.0051418
0.0018014
-0.0095391
-0.0023059
0.0066058
-0.00973
0.0032987
0.0027223
0.0010846
0.0023376
-0.0021134
-0.0046095
-0.0045151
-0.008489
0.009879
0.0073198
-0.0028129
0.0047668
-0.0002936
-0.0005826
-0.0077221
-0.0097459
-0.0054047
0.0020642
0.0040107
0.0058521
0.0061406
0.005692
0.0007714
0.0002992
0.008864
-0.0033822
-0.0013793
0.0035667
0.0098462
0.0054997
0.006377
-0.0058214
0.0098658
-0.0002243
0.00186
-0.0010242
-0.0010453
-0.0018406
-0.006994
0.0077785
0.0048126
-0.0029185
0.0020816
0.0006238
-0.0097132
0.0024125
0.0061103
-0.0064701
-0.0059845
-0.0071158
-0.0025285
-0.0056017
0.0063989
0.0054584
0.0093213
0.0024302
-0.0045032
-5.09e-5
-0.003925
-0.0053991
0.0009017
-0.0063054
-0.0077566
-0.0035929
0.0032587
0.0042248
0.0049513
-0.0034509
0.0040078
-5.6e-5
-0.0037651
0.0031363
-0.0011459
-0.0080078
-7.62e-5
-0.0055967
0.0027757
-0.0010352
-0.0013332
-0.0078998
0.0077605
0.0010963
0.007609
0.0041368
0.0093275
-0.0024289
-0.0046451
-0.0058478
0.0021033
0.0071381
-0.0035685
0.0006047
-0.0076375
-0.0055648
0.0015771
0.0046234
0.0031503
0.0025463
0.0084591
-0.0016656
-0.0010195
-0.0019971
0.0027622
-0.006212
-0.0008653
0.0030618
0.0052925
0.0045233
-0.0002988
-0.0065568
0.0018495
-0.0045932
-0.0035365
-0.0014097
-0.0031141
0.00283
-0.0065954
0.0079416
-0.0059299
0.0016913
-0.008162
-0.0058732
-0.0016098
0.0061389
-0.0024481
-0.0024633
-0.0025732
-0.0088635
0.001876
-0.006533
-0.0094356
-0.0018238
0.0010406
-0.0070579
0.0072094
-0.0054497
0.0017841
-0.0022067
0.0051947
0.0003726
0.0053527
-0.001195
0.0002172
-0.0006105
-0.0047034
0.0038448
0.001138
0.0031206
-0.0006478
0.0031769
-0.0008346
0.0081024
0.0018453
0.0035134
0.0047061
-0.0082856
0.0002442
-0.0075501
0.0057299
-0.0066948
0.0011345
0.0097263
0.0076963
-9.43e-5
-0.0072617
-0.0008849
0.0001159
-0.0043042
-0.0028664
-0.000883
-0.0061828
0.0088858
0.0080079
-0.0033098
0.0032933
0.0098865
0.0082449
0.0030387
-0.001142
-0.0017089
0.0054251
0.0084734
0.0012254
-0.0088692
-0.0081858
0.0030273
-0.0079007
-0.0022013
-0.0008335
0.0053813
-0.004872
-0.0022818
-0.0018565
-0.0066624
-0.0059656
0.0076682
0.0088182
0.0072042
0.0017627
0.0016637
-0.0075538
0.0072035
0.004339
0.001616
0.0043238
-0.000992
0.0043785
0.0056591
0.0091067
0.0022315
0.0069898
0.0053677
0.0065894
-0.0068129
-0.0093514
-0.0065092
-0.0095136
-0.005442
-0.0086933
-0.0061492
0.0045833
0.0017562
0.0023696
0.0006033
0.0059834
-0.0004174
-0.0024625
0.0066008
0.006574
-0.0030091
-0.0030962
-0.0006192
0.000337
-0.0087671
-0.000995
-0.0087109
0.0051756
0.0015431
0.0063486
-0.0090199
-0.0089631
0.0026429
-0.0008425
0.0028488
0.0064909
-0.0089501
-0.0032747
0.004532
0.0026069
0.003146
-0.0021725
0.0057704
0.0010669
0.0012309
0.0087809
-0.0055834
0.008477
0.0047276
0.0036427
-0.0068916
-0.0072808
0.0060898
-0.0047659
-0.0038651
-0.009333
-0.0083383
0.0028008
-0.0088839
0.0043658
-0.0067083
-0.0084111
0.0083789
0.006153
-0.0058426
0.0044513
0.0070244
0.0028539
0.0094384
-0.0008334
0.0093833
0.0050806
-0.0097479
-0.0087829
-0.0099794
0.0098202
-0.0037168
0.0010273
0.0068227
0.0024129
-0.0025883
0.0006371
-0.0084727
0.0015474
0.0095965
0.0037408
-0.0080949
-0.003927
-0.0065662
0.0043107
0.0002099
0.0063315
0.0094041
0.0027783
0.0080931
0.000368
-0.0082124
0.0002205
0.0007866
-0.0050462
0.0087755
0.0079237
-0.0067075
0.0099221
0.0012549
0.006195
0.0046683
0.0021114
-0.0067113
-0.0037405
0.0037146
-0.0098382
0.0007386
0.0080965
-0.0041377
0.0052929
-0.0014892
-0.0088064
0.0026752
0.0082184
-0.0072001
-0.0099634
-0.0032055
-0.0011861
-0.0021898
-0.0093736
-0.007271
-0.0080842
0.0035266
0.0044846
-0.003306
-0.0072523
-0.0014063
-0.0050835
-0.0082274
-0.0023947
-0.0080748
-0.0065694
0.0073556
-0.0020889
0.0045968
0.0047983
-0.0015746
0.0028202
0.0064269
0.0050683
0.0074314
0.005451
0.0028918
0.0081346
-0.0070079
-0.0047713
0.0096605
0.003723
0.007374
-0.0085842
-0.0087841
2.44e-5
-0.0004763
0.0082252
0.0009665
-0.0032481
-0.0046708
-0.0058091
-0.0002421
0.0015145
0.0023081
-0.0049685
-0.0005988
-0.0093024
-0.0046839
-0.0046648
-0.0060656
-0.0040378
-0.0074805
-0.0036478
-0.0028629
0.004467
-0.0032346
0.0058325
0.0042887
-0.0040681
-0.0033612
-0.0045207
0.0005531
0.0097047
0.0060241
0.0048715
-0.0042732
0.0062594
0.0070752
0.0060233
-0.0063881
0.0002998
-0.0015995
-0.008714
-0.0048681
0.0027299
-0.0070334
-0.0098819
0.0007488
0.0050342
0.0075962
8.37e-5
0.0036071
0.0093628
0.0066407
0.0089484
0.0081604
-0.0023889
0.0022673
-0.0017415
0.0048217
