-0.0089776
0.0079663
0.0032185
-0.0033025
0.0064417
0.0070748
0.0056289
-0.0031905
-0.0060773
-0.0043984
0.0061619
0.0046144
-0.0033478
0.0072803
-0.0058233
0.0025311
0.0065116
-0.0008711
-0.0051794
-0.0012418
0.0029706
0.0099313
0.0002034
-0.0063418
0.0019746
0.0005842
0.0001854
0.0068128
-0.0078258
-0.0070967
-0.0074976
-0.0099168
0.0003118
-0.0033674
0.0014107
0.0098475
0.0007673
-0.0055588
0.0016715
0.0092574
0.0007244
0.0011937
-0.0007479
-0.0025323
-0.0089197
0.0038394
-0.0033337
0.0089048
-0.0014232
-0.0053213
0.0081263
0.0075901
-0.0093347
0.0035176
-0.0041712
-0.009597
-0.0077159
-0.0061239
0.0094927
0.0096209
-0.0045456
-0.0041776
0.0090093
0.0088683
-0.0061719
-0.0069347
0.0017503
0.0064162
0.0033214
-0.0065214
0.0096891
-0.0039873
-0.0041325
0.0016563
-0.0006917
-0.0014789
0.0083542
0.0044934
-0.0029937
-0.0098374
-0.0057586
0.0061058
-0.0001602
0.0065186
-0.0091875
-0.0004787
0.0058062
-0.0004814
0.0042939
-0.0078314
0.0017259
0.0014653
0.0020481
-0.0019718
-0.0037772
-0.0042711
0.0093628
0.0036959
-0.0076698
-0.0088058
-0.0091218
-0.0046023
-0.0091288
-0.004116
-0.0025932
0.0020256
-0.0084628
-0.0001742
0.0046573
0.0048474
-0.0077337
-0.0005166
0.0077595
0.0032843
-0.0056578
0.0052808
-0.0029272
0.0038743
-0.0072601
0.0024228
0.0023484
-0.0063212
-0.0023008
0.0061569
-0.001118
0.0008276
0.0052059
0.0013296
-0.0019554
0.0023422
-0.005805
-0.0006917
0.0071218
0.001727
0.0032625
0.0050905
0.0054564
0.0064249
-0.0035548
0.0093263
-0.0098105
0.0075686
0.0098159
0.0009145
0.0073796
0.0008283
0.0065936
-0.0082884
3.45e-5
0.0081789
-0.0052783
-0.0047717
-0.0002568
-0.000886
0.0027883
-0.0010565
0.0030927
0.0064698
-0.0047939
0.0007937
-0.0020707
-0.0012153
-0.0091689
0.0098924
0.0074343
-0.0038844
0.0094131
-0.0067262
-0.0079577
0.0019867
-0.0091482
0.0090346
0.0083317
-0.0095808
0.0060685
-0.0020023
0.0083315
0.006283
0.0092189
0.0022434
-0.0024198
0.0080543
0.002117
-0.0082327
-0.0030397
-0.0090022
0.0007264
-0.0068861
-0.0097808
0.0067171
0.0058742
-0.0030346
-0.0004307
-0.005566
0.0009665
0.0093207
0.0027831
-0.009787
-0.0064662
0.0031091
-0.0015018
0.0013835
0.0062608
-0.0079903
0.0078355
-0.0064558
-0.0074721
0.0087663
0.0088595
-0.0019414
4.98e-5
0.0048417
-0.0034653
0.0093707
0.0046268
0.0024635
0.0097519
0.008386
0.0089805
-0.0066849
-0.0046986
-0.0086368
0.0037033
0.0099994
-0.0077214
0.0085311
-0.0096036
-0.0041655
-0.0080486
0.0052013
0.0056763
0.0017344
-0.0041804
-0.0006476
0.0081781
-5.19e-5
0.006222
-0.0097802
0.0005744
-0.0015615
0.000877
-0.002534
-0.0075047
-0.0094263
0.0091379
-0.0094701
-0.0022827
0.0032646
-0.0040447
0.0070917
-0.0087881
0.0084995
-0.005054
-0.0009944
0.0069115
0.0052573
-0.0033894
0.0084985
0.0098981
0.0099596
0.00254
0.0060983
-0.0074747
-0.0070384
-0.0056277
0.0043671
-0.0050063
0.0067828
-0.000262
0.0028433
-0.0087973
-0.0008051
0.0066144
-0.008227
0.0028829
-0.0003987
-0.0086467
-0.0093003
-0.0012
-0.0092504
-0.0052823
-0.0071612
0.0068666
0.0093058
-0.0057083
0.0013691
-0.0048706
-0.0046163
-0.0078371
0.0055081
-0.00655
-0.0095799
0.0095802
3.89e-5
-0.0028896
-0.0087552
-0.0082187
0.007716
0.001184
0.0067779
0.009821
-0.0025136
0.0095098
-0.0051687
0.0026201
-0.0066038
-0.0068919
-0.0030743
0.0038341
-0.0008018
-0.0050362
-0.001134
-0.007112
0.0049267
-0.0013823
-0.0010432
0.0065852
0.0014707
0.0049386
-0.0079581
0.0041829
0.0095705
0.0029619
0.0088487
0.0035277
-0.0076172
0.0076725
-0.0083244
-0.0077999
0.0084394
-0.0076046
0.0096618
-0.0070615
-0.0071133
-0.0051339
0.0017562
-0.0065494
0.0091034
-0.0051868
-0.0006404
-0.0020562
-0.0079401
-0.0038471
0.0034362
0.0088063
0.0063254
0.0079186
-0.0051533
-0.0046342
0.0061859
-0.0030739
0.0068013
0.0089726
0.0022523
-0.0025766
0.0013909
-0.0068723
-0.0023194
0.0047027
0.0077991
-0.0034249
0.0080248
0.0005819
-0.003457
-0.0011206
0.0025356
0.0063637
0.001688
0.0039161
-0.0008877
-0.0013428
-0.0027051
-0.0079178
-0.008994
0.0093265
-0.0030281
-0.009008
-0.0040876
-0.0097784
0.00959
-0.0035368
-0.004142
-0.0066792
-0.0071023
-0.0050636
0.0093112
0.0058162
-0.0013668
-0.0005495
-0.0048523
0.0042279
-0.0005008
-0.0028881
-0.0009518
-0.0009202
0.0069237
-0.0088734
0.0084147
0.005594
0.0066835
-0.002619
0.0086598
0.0014584
-0.0032127
0.0040447
-0.0054102
0.0041767
-8.03e-5
-0.0050171
-0.0091233
0.0090402
0.0075964
-0.0062347
-0.0096942
-0.0071944
-0.0092769
0.0060974
-0.0081515
-0.0090086
0.0075815
0.0016046
-0.0008015
0.005859
0.0005161
0.0027799
-0.0071678
-0.0040975
-0.0079252
-0.0075107
-0.0094351
-0.0028738
-0.0026707
-0.0057853
-0.0075005
-4.01e-5
0.005508
-0.0096433
-0.0080158
-0.003114
0.0057201
-0.0050102
-0.0054248
0.0020626
0.0052182
0.0038459
0.0020959
-0.0002191
0.002536
0.0028074
0.0053917
0.0092476
-0.0057143
-0.0001842
-0.0014128
-0.0030624
0.0044049
0.0065766
-0.0059074
-0.0050315
0.0058776
-0.0048318
-0.0045643
-0.0051421
0.0075197
-0.0040005
0.0042389
0.0058879
-0.0013558
-0.0080103
-0.0089128
-0.0022767
-0.0051034
0.008879
0.0093469
1.96e-5
0.0082359
0.0067141
0.0086905
-0.0097585
0.0051606
0.0024832
0.0014164
-0.0016207
0.005345
0.0084923
-0.0068206
0.0024787
-0.0097481
0.0062929
0.0038889
-0.0011679
-0.0024595
-0.0061576
0.0049045
-0.0025617
