0.0053919
0.0009988
-0.0037612
-0.0017876
0.0040717
-0.0074189
-0.008331
-0.0098359
-0.0050315
0.0042463
-0.009252
0.0020863
-0.0008322
-0.004608
-0.0087841
-0.0011974
0.0084781
-0.0038068
0.0099788
0.0072794
-7.41e-5
0.0050351
0.0069016
0.0085122
0.0054635
0.0036628
0.0031595
0.0032533
-0.0092062
-0.0071306
0.0019762
0.0050587
0.0084233
-0.0039355
0.008754
-0.0018523
-0.0084465
-0.0039119
0.0085947
0.0006065
-0.0002911
0.0053623
-0.0051175
-0.0032804
0.0033683
-0.0062948
0.0096696
-0.0083356
-0.006901
0.0097035
0.0008414
0.0013519
0.0019906
-0.0031888
-0.0046939
-0.0047055
-0.0027623
0.0092316
-0.0007324
-0.0031776
-0.0063557
0.0075716
0.0043663
0.0078427
-0.004425
-0.0076718
0.0060096
0.0081462
-0.0055613
-0.0003078
-0.008475
0.0081807
0.0078086
-0.0024998
0.0025751
0.0003201
0.001131
0.0062501
0.0014169
-0.0092703
0.0086597
0.0008136
0.0055426
0.0056164
0.0037723
-0.0028837
-0.0096849
-0.0037963
-0.0082603
-0.0045468
-2.49e-5
0.0067174
-0.0094461
0.0064673
-0.0009982
0.0031832
0.0061395
0.0063611
-0.0023243
0.0028957
0.0080335
0.0001106
0.002646
0.0032713
-0.0043954
0.0037645
-0.0097071
-0.0061529
-0.0028358
-0.0076882
0.0043028
-0.0033975
-0.0051996
0.0014905
-0.0055445
0.0007989
-0.0080866
-0.0031318
-0.0019309
0.0017073
-0.0093372
0.0048039
-0.0042644
0.0059977
0.0035055
0.0025103
0.0003804
-0.0016001
-0.0099928
0.0057153
-0.0084251
0.0073186
-0.0028531
0.0049204
0.0087719
-0.0037154
-9.38e-5
0.008816
-0.0015735
-0.0013917
-0.0097913
-0.0014106
0.0011976
-0.0002233
-0.0049124
-0.007214
0.004599
-0.000557
0.0031545
0.0018932
-0.0083031
0.0077611
-0.004902
0.0076199
-0.0065826
-0.0003147
-0.0028689
-0.0052168
0.009035
-0.0088329
0.0091572
-0.0015785
-0.0035601
0.0096855
-0.0060468
0.0026529
0.0099744
-0.0014345
-0.0051669
0.0078922
-0.0079038
0.0094987
-0.0002077
-0.0034412
0.0002688
-0.0001801
0.0079735
-0.0066297
0.0054767
-0.0015726
-0.0099669
-0.0025108
0.0090153
0.0035294
0.0001045
-0.0059128
0.0076215
0.0006943
-0.0054077
-0.0062965
0.0045627
0.00735
0.0084109
-0.0005087
0.0067008
-0.0029013
0.0088382
-6.06e-5
0.0099262
0.0080227
-0.0081759
-0.0073152
0.0011371
-0.0023628
-0.0023206
0.0062726
0.0099595
0.0067014
-0.004297
0.0067147
0.0055217
-0.0002707
-0.00679
0.0065144
0.0070101
-0.0046563
0.0026923
0.005328
-0.0010262
0.0092741
-0.0032424
0.0096808
0.0060981
-0.0095201
-0.0022113
0.0035244
0.0091512
0.0056484
-0.0023787
0.0025948
-0.0016572
-0.0051209
-0.0084377
-0.0023476
0.0017451
0.0066716
0.0052548
-0.001648
-0.0062273
-0.0088224
0.0055985
0.0028467
-0.0055948
0.0079352
-0.0030954
0.0001377
-0.0033012
0.000275
-0.0020373
0.0084699
0.0028774
-0.009344
0.0074764
-0.0044196
0.0007885
0.0040437
0.0074461
0.0047602
-0.0089465
0.005243
-0.0022947
-0.0083062
0.0070146
-0.0015816
-0.0074407
0.0058901
0.0001491
0.0016176
0.0064529
0.0045339
-0.008212
0.0079008
0.0031225
0.0007765
0.0019407
-0.0041534
0.0061506
-0.0012634
-0.0081291
-0.0091699
-0.0094392
0.0038015
0.0082543
0.0007553
0.0017123
0.004616
0.0041625
-0.0084483
0.0093428
-0.0074502
-0.001013
0.0087363
0.0053526
0.0097688
0.0057183
0.0025247
0.0004397
-0.0064488
0.0013707
-0.0001741
0.0084005
0.0089983
-0.0023748
-0.0039514
-0.0020389
-0.0063142
0.002184
-0.0060823
-0.0080169
0.0071501
-0.0054393
-0.0046145
-0.0051702
0.0023382
0.0001235
0.0002695
0.0024779
-0.0068678
-0.0052461
0.0068688
0.0070072
-0.0039722
-0.0054005
-0.0060969
-0.0077187
0.0090381
0.0080778
0.0047881
-0.0016294
0.0001368
-0.003433
0.0023044
0.0086934
0.0070293
-0.0049216
0.0088792
-0.0025462
0.0016528
0.0070876
-0.0072278
0.0055725
0.0064437
0.0062393
-0.0021836
-0.0090891
-0.0011586
0.0045864
0.0065107
-0.0043939
-0.0037066
0.0087814
-0.0088751
0.0045809
-0.0063263
0.0065798
0.0002741
0.0061169
-0.0004245
-0.0086884
-0.0008496
-0.0028478
0.0026996
0.0013128
0.0099528
0.0081541
-0.0039168
-0.0048364
0.0033571
-0.0009729
-0.0053735
-0.0009313
0.0048766
0.0039326
0.0065362
0.0029073
-0.0019728
-0.005491
-0.0046416
-0.0091612
-0.0079352
0.0078017
-0.0010975
-0.0032321
0.0039135
-0.0076816
-0.0087183
-0.0043847
0.003817
-0.007094
0.0018415
0.0092724
-0.0002359
0.006234
0.0049511
0.008798
0.0022884
0.0098716
0.0016615
-0.0041617
-0.0090442
0.0019404
-0.0001264
0.0090421
0.0004357
0.0019757
-0.0039833
0.0095676
-0.0079809
-0.0034935
-0.0050176
0.005791
-0.0010126
-0.0043651
-0.0062214
0.000945
0.0076698
0.0029805
-0.0096513
-0.0052684
-0.0053555
-0.0031668
-0.0034425
0.0023778
0.0073537
0.0034642
0.003001
0.0074854
-0.0043524
-0.0026966
0.0071729
-0.0067422
0.005688
0.0043086
0.0055527
0.0039275
0.0069154
0.003737
0.0085317
-0.0057992
0.0035371
0.0016791
-0.0075749
-0.0043398
-0.0084925
-0.006227
-0.0092687
-0.0012073
0.0063713
0.0062994
0.0097926
0.0045408
0.009649
-0.0058646
0.0015758
0.0060952
-0.008567
-0.0039185
0.000299
0.0042531
-0.0071757
-0.00356
0.0021929
-0.0037096
0.0078644
0.0077025
-0.0076015
-0.0094343
0.0065153
-0.0055461
0.0087186
0.003886
0.0037286
-0.0091442
-0.0089808
0.0082463
-0.00298
0.0027883
-0.0073645
0.0067579
0.0099106
-0.005522
-9.43e-5
-0.0027008
-0.0070606
-0.0046936
-0.0069305
-0.0006747
-0.0020651
0.0018346
0.0074471
-0.0029783
-0.008819
-0.0019123
-0.0065075
0.0072334
