0.0020333
0.0027419
0.0045522
0.0022054
-0.008103
-0.00485
0.001647
-0.0063866
-0.0023013
0.0063343
0.0060314
-0.0061043
0.0039853
0.0010456
-0.002365
-0.008188
-0.008524
-0.0075219
0.0048304
-0.0019064
-0.00477
0.0026189
-0.008618
0.0042663
0.0088146
0.0058578
-0.0009669
-0.0093955
0.0044385
0.0088485
-0.0009102
0.0072554
0.006212
0.0054404
0.0053369
-0.0084255
0.004657
0.0007644
0.0095989
-0.0031283
0.0087241
0.0016251
0.0015026
-0.0052932
-0.0008318
0.0048519
-0.007627
0.0029007
-0.0097684
-0.0016405
-0.0097581
0.009683
0.0008205
-0.006994
0.0068382
0.0094682
0.0032879
-0.0051421
-0.0024398
0.0039227
0.0021195
-0.0074331
-0.0098811
-0.0003897
0.0037116
0.0028421
-0.0026097
0.0013079
0.0059239
-0.0009075
-0.0046191
0.0060332
0.0012339
-0.0091176
0.0004306
-0.000103
0.0082143
-0.0053726
-0.0014191
-0.0091646
-0.0095617
-0.0015462
-0.0020255
0.0048246
0.0061136
0.0058745
-0.0091728
-0.0049313
-0.0022071
-0.0088507
-0.0013838
-0.0094826
0.0002673
0.0039676
0.0037843
-0.0079003
-0.0086717
-0.0036976
0.0048581
0.0005942
-0.0037551
-0.0090656
-0.0017809
-0.0039404
-0.0050556
0.0006264
-0.0092381
0.0057048
0.0023394
5.4e-6
0.0017892
-0.0004769
0.0006973
-0.0041894
-0.0046881
-0.0085652
-0.0025943
-0.0062688
0.0053325
-0.0055009
0.0084594
0.0078808
0.0041156
0.0060185
-0.0091098
0.0093682
0.0016045
-0.008109
0.0078156
0.0035497
0.0020937
0.009042
0.0036154
-0.0010137
-0.0082002
0.0066812
-0.0011347
0.0099987
0.0056391
0.0076944
0.0064236
0.0024195
-0.0007071
0.0017173
0.0041665
0.000341
0.0059314
-0.0090391
-0.0026906
-0.0045318
0.0016038
-0.0010222
-0.0023287
-0.0040466
-0.0079159
-0.0033366
0.0005328
-0.0023174
0.0085089
-0.0043598
-0.0071061
-0.0013363
-0.0035615
0.0016695
-0.0016329
-0.0043021
-0.0066503
-0.0066225
0.0063444
0.0020147
0.0045684
0.0063877
0.0041978
0.0041741
-0.0084756
0.0077734
-0.0094493
-0.0090656
0.0006206
0.0026081
0.0066086
0.0074544
0.0082014
-0.006834
0.0029826
-0.0059299
-0.0040795
0.0012577
0.0030826
-0.001907
-0.001957
0.0019325
-0.0022132
-0.0020536
-5.0e-7
0.0058709
0.0093185
0.0075252
-0.0017598
-0.0012269
0.0012709
0.0061909
0.0076303
-0.0061622
-0.003068
0.0048425
0.0047116
0.0043169
-0.0054847
0.0007554
0.0014661
-0.0058263
-0.0001971
-0.0003739
-0.0006237
-0.0046095
0.0007476
0.0014781
0.0066955
0.0078356
0.0003949
-0.0041406
0.0010364
-0.0001213
-0.0046672
-0.0073486
0.0043159
-0.0022643
-0.0090311
0.0007002
0.0016869
0.0016523
-0.009819
0.0041167
-0.0051923
0.0047875
-0.0006892
0.0053979
0.0097151
-0.0024767
0.0057696
0.0087029
-0.0042833
0.0007586
-0.0091987
0.0072089
-0.0057852
0.0092266
0.0012376
-0.0059861
0.0075987
-0.0047435
-0.0083667
0.0039185
0.0089872
0.001436
0.0061332
-0.0002064
-0.0024242
0.0013286
0.0081641
-0.0048454
0.0049039
-0.0062086
-0.0024098
-0.009659
0.0059508
0.0083477
-0.0048035
-0.0037963
-4.93e-5
0.0027802
0.0077537
-0.0069795
-0.0088438
-0.0076726
-0.0026863
-0.0089215
-0.0012961
0.0005561
0.0059169
0.0060185
-0.0026203
-0.0097398
-0.0014285
-0.0050933
0.0036377
-0.0048834
0.0034817
0.0048731
0.0023627
-0.0003047
-0.006704
-6.83e-5
0.0034482
-0.0088267
-0.003711
-0.0018494
-0.0053867
0.0033064
0.006594
-0.0017042
-0.0096542
0.0092837
-0.0004376
-0.0028141
0.0061541
0.0046398
-0.0016381
0.0077155
0.0068918
-0.0073494
0.0068764
0.0007757
-0.006171
0.0042777
0.0095815
0.0074674
0.0023899
0.0068163
-0.0038998
0.0052634
-0.0028299
0.004023
-0.0074261
-0.0013058
0.0082884
0.0095045
0.0073381
0.0028006
0.0048067
0.004817
-0.000118
0.0026659
-0.0069558
0.0024274
-0.0070409
-0.0066876
-0.0045448
0.0062092
-0.0073841
-0.0096172
-0.0040659
-0.0081203
0.0036325
0.0072689
-0.0089376
-0.0026414
-0.0010837
-0.0070481
-0.0022083
-0.0027576
-0.0015767
-0.0046434
0.0036868
-0.0066713
-0.000406
0.0066356
0.004928
-0.0066305
0.0037411
-0.0049113
0.0077369
0.0051965
0.000371
0.006295
-0.0060492
-0.0019339
0.0014169
0.0074398
0.0037393
0.0026145
0.0041333
-0.0047472
0.002566
0.0096322
0.009168
-0.0023304
-0.0098338
0.0051795
-0.0077153
-0.0072284
-0.0079067
0.0016958
0.0094887
0.0066523
0.0071066
0.0097626
-0.0013904
-0.0062841
-0.0040338
-0.0068667
-0.0024697
-0.0011364
0.0096264
0.0088477
0.0075783
-0.0027226
-0.0025719
0.0005362
0.0080308
0.0060716
0.0031489
0.0012271
-0.0082431
-0.008838
0.009787
-0.0087138
-0.0086042
0.0092635
0.0007366
0.006496
-0.0057691
0.000111
-0.0007643
0.0058093
-0.0056521
0.0018536
-0.0059066
-0.0069699
0.0028304
-0.0074637
0.0077615
-0.0031454
0.0015447
-8.7e-6
-0.0046845
0.0006512
0.0038937
0.0062426
-0.0050474
0.0042207
0.0052157
-0.0008997
-0.0040484
-0.0061202
-0.0096698
-0.0029003
0.0075623
-0.0073427
0.0077291
0.0004282
-0.0001114
0.0045622
-0.007318
0.002341
7.48e-5
-0.0065488
-0.0040653
0.0023063
-0.004292
0.0097416
-0.0036426
-0.0099664
-0.0042407
0.0076067
0.0082063
0.0056057
-0.0076026
0.0063056
-0.0071832
-0.0022822
-0.0033511
0.0075116
0.006366
-0.0092303
-0.0059007
-0.0062853
-0.0086767
0.0085592
0.0043729
0.0046168
-0.00054
0.0088726
-0.0041181
-0.0089435
-0.0009097
0.0070642
0.00139
0.0092658
-0.0038273
-0.0083081
0.0032292
0.0034324
0.0028366
0.0009602
-0.0088875
0.0005585
0.0024596
-0.0096383
0.0087448
-0.009759
-0.006203
0.0093736
0.0040584
