-0.0091556
0.0050446
0.0093016
0.0082109
-0.0083463
0.0025028
0.0083965
0.0053148
-0.0087048
-0.0031076
-0.0048438
0.0001626
0.0027821
0.0092237
0.0001239
0.0078999
-0.0063455
-0.0056885
0.0029519
0.0014862
-0.0061875
-0.0062054
-0.0099317
-0.0082087
0.0034786
-0.0038679
0.0046797
0.0048105
0.0074869
0.006369
0.0073556
-0.0045819
0.0020673
0.0032661
0.0059562
-0.0016196
-0.0016999
-0.0001404
-0.0003811
0.0032075
0.0096217
-0.0078707
0.0065984
-0.0017897
0.0017351
-0.0040686
-0.0093247
-0.0069415
0.0014057
-0.0082489
-0.0024534
-0.0070848
-0.0013056
0.0081482
0.0015107
-0.0056827
0.0070199
-0.0056937
0.0092719
-0.00783
0.0073808
-0.0033216
-0.0018024
0.0021027
-0.0073507
0.0096448
-0.0030897
-0.0066211
0.0087761
-0.0098038
0.0098571
-0.0031153
-0.0091855
0.0042497
0.0043215
0.0047002
0.0077564
-0.0051469
0.0021891
0.0009843
0.0006151
-0.0094914
0.0054185
0.0091915
0.0086364
0.0073879
-0.0027864
-0.0088105
-0.0071266
-0.0050231
0.0069356
0.000381
0.0054447
0.0071117
-0.0045861
0.0034798
-0.0037482
-0.0080503
-0.0071537
-0.0005299
-0.0072035
-0.0009329
0.0053169
-0.0065503
-0.0012319
-0.0044659
-0.0081693
-0.0094539
-0.0073428
0.0042908
0.0070511
0.0072168
-0.0083299
0.0062722
-0.0016004
-0.0044764
-0.0036958
0.0076698
-0.0024235
-0.0071148
0.0066612
0.0050916
0.0077499
-0.0079123
-0.0046829
0.0059426
-0.0048096
-0.0097234
-0.0013886
-0.0035501
-0.0076404
0.0077792
-0.0060169
0.0097987
0.002368
-0.0045509
-0.0039544
-0.0010456
-0.0057078
-0.0081376
0.0065921
0.007062
-0.0016553
-0.0035469
-0.0076433
0.0072457
0.0030744
-0.0074005
-0.0043198
0.009277
0.0091619
-0.0040013
-0.0009284
0.0039492
-0.0013511
0.0033484
-0.0076987
0.0046825
-0.0041555
-0.0058907
-0.0036494
0.0099456
0.0033861
0.0007795
0.0020682
0.0063162
0.0072096
0.0085311
-0.0093249
0.0031341
0.008235
0.0041725
0.0076613
-0.0075716
-0.0087999
-0.0003605
0.0076601
-0.0059997
-0.0074274
0.0043939
0.0028304
0.0005713
-0.0044268
-0.0056778
-0.0099641
0.0033353
0.0053623
0.0090154
-0.0047664
-0.0083872
0.0006609
0.0066016
-0.0019564
-0.0021565
-0.0036294
0.005068
0.003847
-0.00996
-0.0075339
0.0036984
0.0025246
6.64e-5
0.0017257
0.0036294
-0.0011737
0.0069189
-0.00724
-0.0006045
-0.0016295
-0.0076216
-0.0024418
-0.0008667
0.0080226
-0.0055567
0.0018154
-0.0019182
8.15e-5
-0.0074593
-0.0094857
0.0068109
0.0060754
0.0070486
-0.0088708
-0.0058889
-0.0093898
-0.0035217
0.0099448
-0.0053386
-0.0066723
0.0022832
-0.00391
0.0058618
-0.0019941
0.0040796
-0.0006159
0.0082873
-0.0094601
-0.0048195
0.0012989
-0.0097811
0.0063891
-0.0006837
0.0049467
-0.0043236
0.0041077
0.0098706
-0.0064691
-0.0001774
0.00466
-0.007875
-0.0084428
0.0007834
-0.0076002
-0.0064076
-0.0093468
0.004216
-0.0084313
-0.004352
0.0022933
-0.0046109
-0.0027818
0.0025714
-0.0021615
-0.0063311
0.0087559
-0.0059418
0.0079058
-0.0076447
0.0003328
-0.0014718
-0.0089735
0.0011235
0.0098279
-0.0067285
-0.0018719
0.0034207
0.0037115
-0.0047325
-0.0062416
-0.0048042
-0.00644
-0.0068318
0.0017609
0.0098929
0.0099951
0.0026161
0.0026197
0.0086045
-0.0001276
-0.0032333
0.00286
0.0056806
-0.0027103
-0.0062493
0.0009478
0.0061003
0.0034673
0.0052131
-0.00953
0.0039196
-0.0084782
0.00593
0.0001287
-0.004874
-0.0072404
0.0090541
0.008836
0.0018248
0.0069195
0.0002768
0.0090997
0.0055711
-0.0077216
-0.0063288
0.0054006
-0.0010247
-0.0050449
0.002056
-0.0009634
0.0093002
-0.0066023
-0.0075861
-0.0032571
-0.0022095
-0.0039466
0.001636
0.0021592
-0.0052169
0.0005218
0.0028221
-0.0065921
-0.0083038
0.0061321
-0.0029677
-0.0083867
-0.0012874
-0.0041797
-0.0011729
-0.0062579
-0.0044042
-0.0011493
-0.0062668
0.0032198
-0.0056431
-0.0052293
0.0080142
0.0061738
0.0025367
-0.0014453
-0.0018712
0.0009915
-0.0011123
0.0028528
0.0066217
0.0011866
-0.0025955
0.0072801
-0.0058062
0.0090963
-0.0047515
-0.0093828
-0.0095792
0.009769
-0.0071964
-0.0032905
-0.0025904
0.0072416
-0.0006126
-0.0092168
0.0046603
-0.0008493
-0.0079539
-0.0096463
0.0036835
0.0038034
-0.0006726
-0.007773
0.0013991
-0.009215
-0.00359
-0.0001226
-0.004801
0.0098433
0.0044915
-0.0064012
-0.0084939
-0.0067142
-0.0074698
0.001976
0.0081293
-0.0028632
-0.006971
0.0067533
0.006712
0.0025023
-0.0067181
0.006719
0.0027249
0.0065934
-0.0091132
-0.0041597
-0.009541
-0.0041267
-0.0090554
-0.0017783
0.000131
0.0099641
-0.0096831
0.0053077
0.0006568
-0.0009878
0.0001938
-0.0008314
0.0080494
-0.002215
0.0029498
-0.0074982
-0.002278
0.0036327
-0.008302
-0.0053569
0.0075139
0.0058986
-0.0083214
0.00316
0.0085944
0.0042697
-0.0021689
-0.0036991
-0.0069413
-0.0005114
0.0045386
0.006909
-0.0093061
0.0062022
0.0004634
0.0069491
-0.0057226
0.0079866
0.0049708
-0.005975
-0.0097966
-0.0071335
-0.0086301
0.00969
0.0023859
0.0022149
0.0037487
0.0060419
-0.006004
-0.0033358
-0.0063505
0.0019353
0.0047379
-0.0022054
-0.0014785
0.0013302
0.0015751
-0.0082641
-0.0031066
-0.0025122
0.0085271
-0.0016351
-0.0035831
-0.0031972
0.006318
-0.001487
-0.0093113
-0.0019196
-0.0084223
-0.0094227
-0.0048424
-0.0010705
-0.0044544
-0.0040465
-0.0042023
0.0037945
0.00062
0.0028895
0.0032842
-0.0080183
-0.0010147
-0.0044957
-0.0010802
0.002112
-0.0048271
-0.0046946
0.0082294
-0.0099397
-0.0011139
-0.0030436
0.0041588
-1.21e-5
0.0088803
0.0074964
