-0.0014906
0.0085695
-0.0047795
-0.0010088
0.0035328
-0.0026447
0.0040792
0.0056048
-0.0009703
0.0051142
0.0016598
0.0078856
0.0007681
-0.0054359
0.0087005
-0.0077954
0.0084315
0.0036662
-0.0048295
-0.0067261
0.0028472
-0.0087284
-0.0027237
0.0053504
-0.000475
-0.003025
0.0093446
0.0031879
-0.00622
-0.0059499
-0.0025252
-0.0089975
-0.0020674
0.0073903
0.009196
0.0088181
0.000275
-0.0061361
0.0012337
0.0047053
-0.0045917
0.0056622
0.0032196
0.0024616
-0.0017707
0.003432
-0.0039394
0.0032019
-0.0039942
-0.0003447
-0.0001225
0.0063409
0.0009488
-0.0060354
-0.0095918
-0.0036855
0.0070814
0.0044818
0.0010559
0.0036384
-0.0082912
0.0033451
0.0011543
0.0051318
-0.006426
0.0023306
-0.005912
0.0059503
-0.0072603
-0.0009385
-0.0085424
0.0063786
-0.003669
-0.0060663
-0.0087437
-0.0069145
-0.0097189
0.0065677
0.0013842
0.0085064
0.0039633
0.009999
-0.0065349
0.0093573
-0.0066527
0.0073133
-0.0008883
-0.0093772
0.0020018
-0.0008414
-0.0056762
-0.0030519
-0.0065679
0.008174
0.009064
0.0023686
-0.0066103
0.0040015
0.0078276
1.05e-5
0.0059648
-0.0005777
-0.0029118
0.000966
0.0003
0.0057926
-0.0084557
0.0069438
0.0032251
0.0026119
-0.0085185
-0.0042755
0.0081564
-0.0051131
-0.0041829
0.0043681
-0.0069181
-0.0017607
-0.0058557
0.0014259
0.0061104
0.0082111
0.0063985
-0.0044153
-0.0091719
-0.0060989
0.0089487
0.0061001
-0.0089102
0.0020399
-0.0023726
-0.0076935
0.0015519
-0.0054561
0.0076896
-0.0077965
0.0017768
0.0011826
0.0032084
-0.0050138
-0.0061616
0.0070189
-0.0081693
0.00432
-0.0070255
0.0033286
0.0015245
-0.0006481
-0.0022064
0.0021419
0.0039344
0.0017101
-0.0034092
0.0053267
-0.008563
-0.0033581
-0.0062706
0.003877
0.007175
-0.007015
0.0020434
-0.0073371
-0.0087696
0.0044643
0.0027619
-0.0088849
-0.0031194
0.0017581
0.0042683
0.004466
-0.0058559
-0.0048661
-0.0097068
-0.0006976
0.009113
0.0089655
-0.0003964
-0.0038602
-0.0094927
-0.0025945
-0.0067697
-0.0018591
-0.0002243
0.0075873
0.0030513
0.0028687
-0.0048432
-0.0056705
0.0018862
-0.0070555
0.0040504
0.0037573
0.0009158
-0.00774
0.0049434
0.0062649
0.0011297
-0.0097107
0.0075433
0.0027498
7.31e-5
0.0062212
0.0016819
-0.0007913
-0.0034133
-0.0079267
0.0006535
-0.0025559
0.005132
-0.0005154
-0.0050484
0.0074459
-0.0018644
-0.0046654
-0.0016365
0.0057401
0.0002584
0.0086492
-0.0034409
0.0065246
0.0013074
0.0006678
0.0039575
0.0089895
-0.0063597
0.0028609
-0.0011209
-0.0045402
0.0007941
-0.0098943
0.0052221
0.0051748
-0.002877
-0.0074424
0.0091235
0.0025894
-0.0080951
-0.0011967
-0.0052773
0.0096447
-0.0076049
-0.0042515
0.0066872
0.0089375
0.0017324
0.0030568
-0.0006497
0.0028635
-0.0025526
-0.0069966
0.00404
-0.0021375
-0.0006819
-0.0034919
0.0033375
0.0062612
-0.0079381
0.0090362
0.0072362
-0.0071053
-0.0076988
0.0030759
0.0029583
0.0009306
0.0001918
-0.00489
-0.0027351
-0.0016902
0.002904
0.007568
-0.0032302
-0.004134
0.0024563
0.0069515
0.0017242
0.0075402
0.0001088
-0.0004898
-0.0032267
0.0078262
0.008429
0.0045909
-0.0035652
-0.0044525
0.0044247
0.0057069
-0.0022197
-0.0011986
-0.000117
-0.0022789
0.0078123
0.0011489
-0.0015316
-0.0004902
0.0004682
0.0099617
0.0003291
-0.0077672
-0.0080101
0.0055992
0.0053519
-0.0054583
-0.0063585
-0.0049892
-0.0094563
0.0079386
-0.0021623
0.0027059
0.0037854
-0.0020405
0.0041231
-0.0091127
0.0078435
8.8e-5
-0.0079199
0.000114
0.000847
0.0028373
0.0016818
-0.0082619
-0.0031243
0.0024985
-0.0039954
-0.0038611
-0.0067935
0.0085661
0.0051929
0.0026733
0.0073917
-0.0022232
-0.0021533
-0.0041588
-0.0027321
-0.0050488
-0.0087399
-0.0092301
-0.0057255
-0.0003385
-0.005684
0.0044103
-0.0081182
0.0059022
-0.0072905
0.0084744
0.0029493
-0.0037942
0.0072718
0.0003087
-0.0069421
0.0056256
0.0020871
0.0070134
-0.0007233
-0.0051344
0.0025599
0.0087324
-0.0099949
-0.0034921
0.0092892
-0.0009088
0.0072023
0.005697
-0.0080551
-0.0090204
-0.0075088
-0.0078051
-0.0023025
-0.0024529
0.0071558
0.0092264
-0.0057921
0.0069678
-0.0064091
-0.0077061
-0.0030553
-0.0033478
0.0090136
-0.0059745
0.0027661
0.0071433
-0.0050557
-0.0027746
0.0092973
-0.0049437
-0.0027717
0.0013899
0.0070462
0.0088821
-0.0048723
-0.0038606
0.0055096
-0.0014465
0.0078855
0.0059352
-0.0019941
-0.0010836
-0.0057089
-0.0046569
0.0077704
-0.0067301
-0.0051479
-0.0084706
0.0021794
-0.0032057
-0.0058574
0.0084027
0.0022302
0.0026519
-0.0010657
0.0098061
-0.0067739
0.0026759
0.0046769
-0.0051783
-0.0015202
0.0064666
-0.0047451
0.0017469
0.0088669
-0.0041307
-0.0066694
-0.0060115
0.0023477
0.0034461
0.0002818
-0.0036893
-0.0047978
0.0007567
-0.0049285
0.005465
-0.0047022
0.0024309
-0.0007245
-0.0001334
-0.00062
-0.0038207
0.0051795
0.0055964
-0.009596
-0.0072928
-0.0090977
0.00272
-0.0029406
-0.0065223
0.0072804
0.003982
-0.0089232
-0.0080989
-0.001434
0.0091539
0.0039647
-0.0062911
-0.0051833
0.0047132
-0.0026252
-0.0054175
0.0088154
0.0071044
0.0025753
0.0009207
0.0075666
-0.0028617
-0.0063451
0.0076727
0.0079177
0.004716
0.0034446
0.0065611
0.0019763
0.0040967
-0.0080883
-0.0074228
0.0007314
-0.0078584
0.0090987
-0.0070452
0.0022314
0.0010107
0.0089114
0.0037163
-0.003855
-0.0024911
-0.0049129
-0.0054986
-0.0099308
0.0086838
0.0003607
-0.004245
0.007213
-0.0052119
0.0043575
-0.0093281
0.0074438
-0.0020826
-0.00706
