-0.0067751
-0.0046183
0.0085236
-0.0034705
-0.007753
0.0075406
0.001077
0.0071513
-0.0047976
-0.0078169
0.0072282
-0.0057817
-0.0074228
-0.0086611
-0.0085851
0.0006868
0.002404
0.0066218
-0.0091465
0.0040713
-0.0093803
-0.0078808
0.0096492
0.0054899
0.0018842
0.0046988
-0.0068333
0.0083099
0.0098545
-0.0096797
-0.002244
-0.0056456
-0.0040435
0.0044312
0.0059559
-0.0006843
0.0004856
-0.0055915
-0.0067286
-0.0052207
0.0059026
-0.0043021
-0.0043153
-0.0082415
0.0005607
0.005271
-0.0097575
-0.0011062
-0.0054064
0.0052587
-0.0003088
-0.0009249
-0.0050796
0.0092985
-0.0021622
-0.0004191
-0.003327
-0.0086649
-0.0014083
0.0093576
-0.0096188
-0.006965
0.0011029
0.00839
0.0022161
0.0063433
0.001868
-0.0012876
0.002508
0.0054549
-0.0029663
-0.0006565
0.0014453
-0.001156
0.0012063
0.0013706
0.0024718
-0.009155
-0.000246
-0.0036033
0.0098904
-0.0004978
0.0088914
-0.0044049
-0.00578
-0.0082393
0.006055
-0.0007051
-0.0075579
-0.0020401
0.0012162
-0.0047776
0.0013079
0.0082418
-0.0066554
0.0038254
-0.000865
-0.0035636
0.0071197
-0.0063676
0.0009218
0.0088103
0.0052132
0.0038264
-0.0012536
0.0088547
0.0046478
-0.0081029
0.0073513
0.0098905
0.0061657
0.0094664
0.0044349
0.0061059
0.0020585
-0.0034754
0.0050331
0.0057941
0.0013974
-0.0087824
0.0039992
0.0092285
-0.0089491
0.0043873
0.0029353
0.0017302
0.0076982
0.0079022
0.0064017
-0.0098836
-0.0019693
0.0004717
0.0079098
-0.0086857
-0.0018176
-0.0053805
-0.0025718
-0.0076625
0.0086571
-0.0055611
-0.0077099
-0.001675
0.0079004
-0.002508
0.009677
0.0010442
0.0083686
-0.0052659
0.008055
-0.003418
-0.0072768
-0.0016373
-0.0046683
0.0023843
0.0028516
0.0020025
0.0064248
0.0046112
-0.0079593
0.0091363
0.001489
-0.0050309
-0.0023858
-0.0096011
0.0072414
0.0081849
-0.0012762
0.00767
0.003164
-0.008521
0.0076436
0.0014477
-0.0016005
-0.0044453
-0.0047199
-0.0058697
-0.0022899
0.0060399
0.0068241
-0.0068265
-0.0076494
0.0016646
0.000856
-0.005446
0.0097861
-0.0025532
0.0042066
-0.0030316
-0.0067892
0.0080176
0.0033112
-0.0001075
-0.0059001
-0.0054969
0.0005371
0.00826
0.0056462
0.0025086
0.0080777
-0.0008278
-0.002659
-0.0078613
-0.0020674
-0.0075627
-0.0057771
0.0099413
-0.0029734
-0.0019346
-0.0012911
-0.0065676
0.0074104
-0.0046931
-0.0090059
0.0093431
0.0085467
-0.0066973
0.0046533
-0.0095393
-0.0050373
-0.0017433
-0.0008837
0.0029196
-0.0090885
0.0068487
-0.0041545
0.0070856
0.0086152
0.0025484
0.0053691
-0.0034717
0.0003777
0.0034854
-0.0073089
0.0085407
-0.001606
-0.0048597
0.0045113
0.0077316
0.0072814
0.0043244
0.0038763
-0.0055902
0.0021487
0.0022065
0.0094776
-0.0019463
0.0061821
-0.0032555
-0.0006168
-0.0001654
0.0017763
0.004564
-0.0036843
-0.0011419
-0.0080327
-0.0064425
-0.0046247
0.0024435
-0.0069896
0.0085419
0.0015036
-0.0040287
-3.1e-6
-0.0055564
0.0039279
-0.003089
-0.0084346
-0.0066335
0.0023454
-0.0086688
0.0003428
-0.0007169
0.0092595
0.0066402
0.0070786
0.008153
-0.0002099
-0.0062763
0.0058583
0.0074657
-0.0047912
-0.0055446
-0.0066355
-0.0074477
-0.0027889
-0.0091907
0.0023757
-0.0038598
-0.0083834
-0.0088405
0.0017678
-0.0081991
0.0097492
0.0035115
-0.0004561
-0.0032533
0.0016078
-0.0027049
0.0039796
0.0045785
-0.0093117
0.0088027
0.0013424
-0.0069503
-0.0089018
-0.0043119
0.0043194
-0.0043369
0.004062
-0.0072646
0.0041919
-0.0079318
-0.0078007
-0.0048374
0.0088992
-0.0096518
-0.0057851
0.0038224
0.0041252
-0.0037886
0.007581
0.0031999
0.0045873
-0.008416
-0.007578
-0.0082099
0.0053197
-0.001411
0.0012789
0.0085306
0.0066847
4.39e-5
-0.0038553
0.0036918
0.0053375
-0.0014461
-0.0060507
0.0043505
-0.00477
0.0099835
0.0072384
-0.0052611
0.0013721
0.0005668
0.0001456
-0.0088086
0.0011882
-0.0093834
-0.0085347
0.0022688
0.0028434
-0.0069539
0.0021332
0.0024695
-0.0047467
0.001673
0.0008277
0.0077151
-0.0061232
-0.0011748
0.0025167
0.0077091
0.0090859
0.0010263
0.0054884
-0.0081356
-0.0098439
-0.0060411
0.0083549
0.0072201
0.0029807
-0.0012129
-0.0067937
0.006016
0.0092784
0.0097094
-0.0003902
0.002326
-0.0010583
-0.0088782
-0.0031102
-0.0031041
0.0028745
0.0013023
-0.006493
0.0059929
-0.0013679
0.00413
-0.0041983
-0.0068025
0.0045805
-0.0055617
-0.0075166
0.0045009
-4.76e-5
0.0081243
0.003534
0.0072455
-0.0090366
-0.0043563
0.0064952
-0.0090028
0.0098463
-0.0045681
-0.0072343
0.0046594
-0.0035126
-0.0003209
-0.0082457
0.0057619
-0.0054818
-0.0054654
0.0097685
0.0013086
-0.0059964
-0.0042902
0.0074571
0.0041878
0.0003882
-0.0038441
-0.0052997
-0.0095453
0.0002122
-0.0059657
-0.0056435
0.0036492
0.0076445
-0.0002237
-0.0071923
0.006512
-0.0069752
-0.0045816
0.0042784
-0.0045901
0.0029944
-0.0090628
0.0048226
-0.0091245
0.0074292
0.0074823
-0.00404
-0.0081956
0.0080108
0.0014409
0.0064848
-0.0089116
0.0098175
-0.0076883
-0.0028662
0.0052806
-0.0077663
-0.0089468
0.0045746
-0.0027576
-0.0006548
0.0033116
0.0024958
0.007563
0.0035483
0.0056865
-0.008861
-0.0034798
0.003922
-0.00179
0.0059926
0.0014178
-0.0042142
0.0044629
-0.0012715
0.0055731
0.0032568
-0.00166
0.0033975
0.0038028
-0.0095988
0.0038582
0.0037446
0.0075084
0.0041339
-0.001975
0.0051303
0.0027567
-0.0023641
0.0071726
-0.0040866
0.0086856
-0.003745
0.0056053
-0.0059542
-0.0076323
-9.42e-5
0.0076009
0.0060448
0.0017764
-0.0013194
