-0.0041364
-0.0059173
0.0026337
-0.0016608
0.0030617
-0.0026651
0.0011367
0.0046737
0.0087485
0.0003985
0.0012124
0.003399
-0.0083073
0.0083427
-0.0032197
-0.0072813
0.0007935
-0.0058197
-0.005257
0.0037635
0.0044441
-9.76e-5
0.0070064
-0.0035098
-0.0073035
0.0051759
0.000882
0.0056594
0.0019997
-0.0067248
0.0003577
0.0001453
-0.008161
0.0084845
0.0003269
-0.0062807
-0.0081975
-0.0018822
-0.0067021
0.007749
0.0064711
0.0017444
0.0041277
-0.0091794
0.0055204
0.0024548
-0.0089206
-0.0041305
0.0001207
0.0021136
-0.0049443
-0.0028677
0.0004143
-0.0063664
0.0088493
-0.0087734
0.0055233
-0.0005061
0.00534
0.006603
-0.0042449
-0.0033896
-0.0091419
0.0081051
0.0015955
0.002607
0.0046969
0.0015166
-0.0043971
-0.0054044
0.001094
-0.0071279
-0.0038848
-0.0052594
-0.0039724
-0.0071694
0.0079415
-0.0046651
0.0050358
0.0005941
0.0017295
0.0059628
0.0052094
-0.0023585
0.0015054
-0.0036209
-0.0064981
-0.0061111
0.0047661
0.0070373
-0.0033279
-0.0078994
0.0004862
-0.005567
0.0051017
0.0082627
-0.0062718
-0.0021747
0.0033374
-0.0033028
0.0062745
-0.0032661
-0.0055436
0.0031247
-0.0032119
-0.0055811
-0.0089931
-0.0070378
-0.0013628
-0.0093854
-0.0080087
-0.0026013
0.0038064
0.0025975
0.0053934
-0.0048975
-0.0068718
0.0048675
0.0016342
0.0033105
0.006793
0.0049634
-0.0016238
-0.0097366
0.0039311
0.0015223
0.0058823
0.0021618
0.0077716
0.006617
-0.0067678
0.0019713
0.0076314
-0.0051645
-0.0048421
-0.0052155
-0.0030841
0.0017512
-0.0003385
0.0028722
0.0071981
0.0053288
0.0094262
-0.0047315
0.0008751
0.0092671
-0.0025462
0.0040591
0.0062673
0.0048123
0.0060267
-0.0096312
-0.0044511
0.0002086
0.0060511
-0.0026379
0.0043771
0.003339
-0.0092152
-0.006484
-0.0013448
0.0099694
-0.0099546
0.0045169
0.0016191
0.0085129
0.0048683
-0.0016703
0.0058381
-0.0058697
0.0068535
0.0072545
-0.009534
0.0013073
-0.0007537
0.0028345
0.0034794
-0.0048929
-0.0080283
0.0043931
0.0086423
-0.0033138
-0.0011173
-0.0049815
-0.0019661
-0.0087398
-0.0048442
-0.0004582
-0.0001063
0.0096548
0.0060963
-0.0051382
-0.008606
0.0077429
0.003185
0.0060552
-0.0050962
-0.0064373
0.0081156
-0.0088792
0.0040798
0.0029749
0.0085368
-0.0022017
-0.006133
0.0072246
0.0043037
-0.0036315
0.002416
0.0046827
0.0070259
-0.0038078
-0.0078751
0.0034912
-0.0054841
0.00913
-0.0032799
-0.0073724
0.0096773
0.0046733
0.0013886
-0.0016933
0.0067021
-0.009462
0.0085454
0.0092932
0.0081846
-0.0006632
0.0056432
0.0011892
-0.0095275
-0.0042348
0.0076624
0.006133
-0.0077645
0.0091554
0.0062436
0.006646
-0.0032254
0.003123
0.0048366
-0.0097663
0.0036072
0.007248
-0.0060166
0.0097632
-0.0066356
0.0022991
0.0030061
0.0026135
-0.0055739
0.0045136
-0.005883
-0.006861
0.00683
0.000452
-0.0095634
-0.0071681
0.0024658
0.0073544
0.0002068
-0.0030081
-0.0040655
0.0040013
0.0023322
-0.0056169
0.0022309
-0.0058595
0.00865
-0.003678
-0.0002436
0.0049619
-0.0004421
0.0076228
0.0001422
0.0069694
-0.0095242
0.0072004
0.0010545
-0.002177
0.0097729
-0.0041753
-0.0034033
0.0046391
0.0014427
0.0067981
0.0073185
-0.0036334
0.0042595
-0.0013
-0.0052291
-0.0054495
0.006873
0.0051673
-0.0040043
-0.0086808
-0.0006795
0.0022926
0.0046004
-0.0075614
-0.0069477
-0.008803
-0.0040587
-0.0039945
0.0032051
0.0010246
-0.0018873
-0.003781
-0.0025631
-0.0075885
0.0051981
0.0054107
-0.0064242
-0.0039894
-0.0098868
-0.0026824
0.0083458
0.0030326
0.0013725
0.0031115
-0.0012425
0.0031667
-0.0009114
0.0044286
0.0005355
-0.0084845
0.008598
-0.0030728
-0.0043096
0.0016349
0.0056675
-0.0023269
-0.0002963
-0.0002888
0.006552
-0.0013159
0.006462
-0.0041253
-0.0022609
0.0034082
0.0018594
-0.0010352
0.0075976
-0.006926
-0.0026412
0.0051125
-0.0044758
0.0011113
-0.0066123
0.0006721
-0.0058028
-0.0082553
0.0072303
0.0064821
-0.0032698
0.0067187
0.0044738
0.0055465
0.0079671
0.0054668
-0.0084739
0.0020702
-0.0070858
0.00349
0.0078504
-0.0096491
-0.0092051
0.0086925
0.0042679
0.0069376
-0.0003547
-0.0075068
0.0046293
0.0007366
0.0047098
0.0031417
-0.0061799
0.0003401
0.0019954
0.0094694
0.0089993
-0.0043541
0.0083711
-0.0034715
0.0015726
-0.0027367
0.0093126
0.0040478
0.0013596
0.0084427
0.0092125
-0.0080538
0.0044529
0.0082387
0.0043647
0.0015323
-0.0023261
0.0018194
0.0016666
0.0022075
0.0003875
0.0080433
-7.68e-5
-0.0070504
0.0049783
0.0061025
-0.0060562
-0.0076753
0.008118
-0.0093784
0.0099695
-0.0027921
0.0092783
-0.0021154
0.0068985
0.0063459
-0.0078454
-0.007716
-0.0074946
0.0045668
0.0027485
0.0055529
-0.0081031
0.0062058
-0.0034188
-0.0080804
-0.0042516
0.0043657
0.0004958
-0.0021829
0.0055312
-0.0016722
0.0017629
0.0052724
-0.0015077
0.0056226
0.0021048
-0.0021033
0.0022981
0.0024
-0.0099942
0.0095915
-0.0037668
-0.0066076
0.0070832
0.0077286
0.0053912
0.0054573
0.0006671
-0.0022887
-0.0097705
-0.0010635
-0.0079327
-0.0086862
0.0013137
0.0022916
0.0072338
0.001978
-0.00239
0.0071594
-0.0042008
-0.0002399
-0.0005038
0.0020974
-0.0015231
0.000784
0.0088349
0.0031746
0.0073365
-0.0081786
-0.0052906
0.0009621
0.0046232
0.0076927
-0.0039852
0.0017407
-0.0069877
0.007174
-0.0087585
-0.0035735
0.0052152
-0.0066477
0.0039527
0.0081469
0.000125
0.0083823
-0.0090324
0.0056905
0.0011309
-0.0058619
-0.0036519
-0.0008493
-0.0041569
-0.0097615
0.0066412
