0.0002817
0.0058868
0.0046097
-0.0066458
0.0018686
0.0021149
0.0066137
0.0021081
0.0027228
0.0030816
0.0074915
-0.0096737
-0.003067
0.0038058
-0.0057571
-0.0022924
0.0079811
0.0005572
-0.00366
-0.0042716
-0.0016875
-0.0073484
-0.0089852
-0.0063877
-0.0064182
0.0051844
0.0018876
0.0053286
-0.006991
-0.0056882
0.0080442
0.000222
-0.0050015
-0.0034481
0.0066897
0.0083124
-0.0057806
-0.008796
-0.0018948
-0.0056032
-0.0009231
1.72e-5
-0.0021827
0.0088717
0.0041031
-0.0056647
0.0055048
-0.0052811
-0.0087951
0.0088452
0.0008065
-0.0001056
-0.004652
-0.009198
0.0075718
0.0034048
-0.0074834
-0.0022064
0.0047316
-0.0068454
0.0016553
0.0027449
-0.0037155
0.0080771
0.0018295
-0.0066736
-0.0055153
0.0088861
-0.0050521
0.0005775
-0.002598
0.0063197
-0.0084562
-0.0046195
-0.0094252
0.0047987
0.0073935
0.0091047
0.0086215
-0.0003186
0.0009565
0.0049112
0.0048418
0.0079485
-0.0005617
-0.0040715
-0.0052787
-0.0074086
0.0088438
-0.0020421
-0.0030058
-0.004775
0.0003236
0.0011241
-0.009589
0.0054548
0.0059681
-0.0016181
-0.0002527
0.0090886
8.61e-5
-0.0060766
0.0075666
0.0093413
0.0052803
-0.0049794
0.0082421
0.0070126
0.0089673
0.0035989
-0.0044394
-0.0025472
0.0079506
-0.0087897
0.0064082
0.0016296
-0.0051343
0.0003447
-0.0028241
0.0064521
0.0053424
0.006543
-0.0019786
-0.0084847
-0.0019257
0.0010751
-0.0084156
-0.0047729
0.0064113
0.0048009
0.0001997
0.0017514
-0.0031791
-0.0061291
-0.0072761
0.001617
0.0013808
0.008634
-0.0070594
0.0060901
-0.0049227
-0.0082487
-0.0042099
-0.0020369
-0.0080443
-0.0040807
-0.0073022
-0.000867
-0.0005689
0.0089523
0.004981
-0.0025021
-0.0009117
0.0080673
0.0063526
0.0071018
0.0038965
-0.0014372
-0.0088251
0.0045051
0.0059728
-0.0029469
-0.0040047
-0.003146
0.0006753
-0.0056499
0.0078564
0.0020887
-0.0089734
-0.0022599
0.0029908
0.0026269
0.0015174
-0.0023655
-0.0085058
0.0080713
-0.0013794
0.0010877
0.0019365
0.0079773
-0.0085369
0.0062607
0.003741
-0.0082028
0.0049895
-0.0014283
0.0070558
0.0042688
-0.0005905
-0.008069
0.0073053
-0.0077831
0.0007046
0.0076075
0.0033065
-0.0041784
-0.0071172
0.0082164
0.0063013
0.0029896
-0.0074765
-0.0023
0.0002489
-0.0096174
-0.0071354
-0.0020883
0.0095693
0.0062547
0.0089491
0.0094162
0.0014089
0.0070414
-0.0042
-0.0045164
-0.0054598
-0.0014889
-0.0072352
0.0034738
-0.0060115
0.0045459
-0.0035626
0.0002934
-0.0034214
0.0072118
-0.0027718
0.0011513
-0.0060389
-0.0023975
-0.0055678
-0.0051273
0.0096011
0.000873
-0.0029745
-0.0045942
-0.0025826
-0.0082563
-0.0043116
-0.0084481
-0.0043495
-0.0059319
0.0027092
-0.0030752
-0.0029497
-0.0082893
0.0087396
-0.0020216
0.0025531
-0.0050625
0.0009132
-0.003033
-0.0096145
-0.0094147
0.0004492
-0.0022216
0.0040068
-0.0098427
0.0037053
0.0044083
0.0048452
0.0026952
0.0010994
-0.0093137
0.0098756
0.0073569
0.0039346
-0.003693
0.00256
-0.0009101
-0.0010262
-0.0003983
-0.0072889
0.0067682
-0.0086398
0.0090865
0.0041173
-0.0073279
-0.0030029
-0.0078436
-0.0087206
0.0023524
-0.0048103
-0.0028494
0.0019648
-0.0012226
-0.0039802
0.0058827
0.0075624
0.0082252
0.0064246
0.0073256
0.0038185
-0.0020098
-0.0091769
0.008502
0.0026903
0.0049012
-0.0076101
0.0093061
-0.0018143
-0.0050147
0.0025354
0.0058896
0.0010973
0.0072943
-0.0090477
-0.0065373
0.0022106
-0.00944
0.0035095
-0.0072344
-0.0058993
0.0043884
0.001037
-0.0015701
0.0001528
0.0076343
0.0062092
0.0069641
-0.0040409
-0.0071779
0.0067238
-0.0042125
-0.0071529
-0.008949
0.0052397
0.0046483
0.0072656
0.0018725
0.0048778
-0.001174
0.0061058
-0.0047232
-0.0027706
0.0034964
-0.0073602
0.0054941
-0.0044055
0.0044988
-0.0028747
0.0015286
-0.0010429
-0.0042998
0.0004386
0.0014169
-0.0027214
-0.0091961
0.0092794
-0.0051395
0.0087252
0.0094397
-0.0074354
0.0059535
0.0014515
-0.0046959
-0.0012111
-0.0063442
0.0021021
-0.0037649
-0.0028143
0.0053509
-8.78e-5
-0.0074512
-0.0022919
-0.0053992
0.0055018
-0.0094696
0.0059096
-0.0079037
0.0041312
-0.0050261
-0.0042806
0.009581
-0.0022346
0.0056671
0.0060779
0.0083055
-0.0002153
-0.0049637
0.0039611
0.0041857
0.0047691
0.0012902
0.0015795
0.0007932
-0.0027267
0.0082584
0.0082633
-0.0093371
-0.0076216
0.0050927
-0.0062427
-0.0013705
-0.0098385
0.0037188
-0.0082038
0.0019426
0.0074758
-0.0067705
-0.0053384
0.0092059
-0.0055798
-0.0045778
3.63e-5
-0.0063598
0.0066686
-0.0023431
0.0076882
0.0010011
0.0039323
-0.0062557
-0.0066952
-0.0046346
0.0099982
-0.0045393
0.0097213
-0.0029439
-0.0099704
0.0059744
-0.0056601
0.0085935
-0.0019685
-0.0083567
0.0027788
-0.0080804
0.0055377
0.0002541
0.0013038
-0.0074144
-0.0023923
-0.0036244
0.004623
-0.0099422
0.007839
0.0030094
0.0035311
0.0094453
-0.0015012
-0.0066318
-0.0064931
-0.0073757
0.0006403
-0.0012044
-0.0059513
0.006599
-0.0082011
0.0009576
0.0064016
-0.0099802
0.0079766
-0.0090497
-0.0098039
0.0012484
-0.0063359
0.0069222
0.0068372
0.0066049
0.0002395
0.0033561
-0.0037271
-0.000604
0.0081046
0.0079497
0.0090014
5.85e-5
0.0095902
-0.0003393
-0.0066478
-0.0065137
0.0050966
0.007567
0.0029287
0.006479
-0.0015091
0.0067217
0.003021
0.0001774
-0.0090501
0.0005001
0.008874
-0.0044014
-0.0012788
0.0008517
0.004501
0.0004899
0.0073761
-0.0073454
0.0061254
0.0076981
-0.0038014
0.0087786
-0.0008109
0.0062811
0.008302
-0.0068898
-0.0032162
