0.0042171
-0.005361
0.0085747
-0.000679
0.0041698
0.0032819
-0.0056335
0.0064097
0.0076326
0.0075536
0.0060764
-0.0070751
0.0031375
-0.0063604
0.0061737
0.0093916
0.0037239
0.0080166
-0.0012334
0.0038297
0.0027112
-0.0054918
0.0092325
-0.0009447
-0.0068204
-0.0096215
-0.0077564
0.0098215
-0.0069943
-0.0083574
0.0037018
0.0016807
0.0082691
-0.0009163
-0.0033997
0.0035142
-0.008443
0.0073293
-0.0075912
-0.0054948
-0.0045414
0.0021239
-0.0040101
0.0054563
-0.0039547
0.0087092
0.0067063
-0.0028731
0.0019687
0.0080395
-0.0064153
0.004387
0.0014363
-0.0076843
-0.0084605
-0.001115
-0.004695
0.008699
0.0014348
0.0066754
0.0007883
-0.0056816
0.0039746
0.0089587
-0.0014217
-0.0069235
0.0051191
-0.0098802
-0.0019665
-0.0004004
-0.0082846
0.0002431
0.0052861
-9.56e-5
0.0087338
-0.0049901
-0.0032746
0.0069492
0.0041545
0.008088
0.009244
-0.0017281
-0.0049288
-0.0009918
-0.0082896
-0.0086913
-0.0056201
-0.0016047
-0.0015348
3.04e-5
0.0024432
0.0032377
-0.0038519
-0.0025931
-0.0002388
-0.0085809
-0.0085384
-0.0067218
-0.0052218
-0.0077314
-0.0051461
-0.0033557
0.0041647
0.0060655
0.0060224
0.0058504
0.0026393
0.0086529
-0.0066724
0.0035755
-0.0052573
-0.0086546
-0.0011351
-0.0090318
-0.0058384
-0.0092274
0.0056843
0.0093342
0.0099827
0.0069538
-0.0052508
0.0056962
0.0035891
-0.0099777
-0.0007025
-0.0098958
0.0009113
-0.002041
0.0096046
-0.0020646
0.0032591
-0.0046882
0.0034941
0.0084423
-0.0063923
-0.0007973
0.0001926
0.0060033
-0.0081234
-0.001204
0.0012856
0.0099537
-0.0078288
-0.0017882
0.0083635
0.0091638
0.004987
0.0064382
-0.0082672
-0.0062782
-0.0038863
-0.0026749
-0.0078282
-0.0034303
-0.0037674
-0.0097639
0.0047151
-0.0036146
0.0018412
-0.007147
-0.0091887
0.0047662
-0.0061915
0.0018411
0.0097677
-0.0027162
-0.0078849
0.0037931
0.0076583
-0.0070451
-0.0031873
0.0088209
-0.0047462
0.000352
0.0052678
0.0077491
-0.0062684
-0.0090034
-0.0080067
-0.0022376
-0.0041079
-0.0083377
0.0010244
-0.0098936
-0.0026438
-0.0075857
-0.0099758
-0.0065782
0.0060294
0.0049474
-0.0009656
0.0073641
-0.0003404
-0.0002793
0.0060925
-0.0064222
0.0077908
-0.0022458
-0.008542
0.0010065
0.0033142
-0.0061793
-0.001508
-0.0056723
0.0036098
-0.0088514
0.0013837
-0.0019678
-0.0043248
0.0036741
-0.0016192
0.0038328
-0.004691
0.0058743
0.0053124
0.0051874
-0.0083236
-0.00488
0.0098143
-0.0083559
-0.0034508
-0.0095152
0.0062355
0.0021337
0.0028547
0.0052613
0.0087737
-0.0029367
0.0091431
-0.0087411
-0.0017915
0.0066672
0.0064009
-0.0059973
-0.006574
0.0024095
-0.0021291
0.0006029
-0.0078333
0.0088168
0.0016602
-0.0038248
0.0063353
0.0014008
0.0058867
-0.0057842
0.0095576
-0.0094886
-0.003139
0.0025415
-0.0031282
-0.0089804
-0.0039604
0.0028847
0.0041964
-0.0076192
0.0028449
-0.0090597
0.0001698
-0.0078775
0.0053387
-0.0066394
0.0004155
-0.0085788
0.0052803
-0.0044628
-0.0058477
-0.0086462
-0.0012762
0.0027649
-0.0051798
-0.0044232
5.22e-5
0.0066784
0.0059062
-0.0041144
0.0094642
-0.0089224
0.0085379
0.0021458
-0.0077763
0.0009943
0.0095942
0.009333
0.0086946
-0.0007651
-0.0057505
0.0009358
-0.004985
0.0025427
0.0069427
-0.0036347
-0.0041052
0.0063384
0.0088751
0.0082388
-0.0009411
0.0097588
0.0050714
-0.0028516
0.0027213
0.0093217
0.0053794
0.008738
-0.0085418
0.0077557
-0.0053094
-0.0021012
-0.0046839
-0.0092921
0.0076235
0.0007329
0.0012947
0.0034796
0.0054168
-0.0003129
-0.001056
0.0014993
-0.0009533
-0.0023959
-0.0024056
-0.0009752
0.0085639
0.0067133
-1.44e-5
-0.0027816
-0.0052521
-0.0058791
-0.0052055
-0.006936
0.0069312
0.0071213
0.0036434
0.0040685
-0.0010467
-0.0085432
0.0075317
0.006596
-0.0075965
0.0008435
0.0088161
-0.0028626
-0.0020658
-0.0092532
-0.0066714
0.005188
0.0060298
0.0005452
0.0076316
0.0080272
-0.004741
-0.00533
0.0015765
-0.0069766
0.0088454
0.0098151
-0.0021568
0.0067701
0.0031187
0.0031275
-0.0038712
0.0028708
-0.0039185
0.0051098
-0.0068993
-0.0071243
-0.0038882
-0.0063828
0.0097515
0.0041603
0.0051088
-0.0045383
0.0075387
-0.0089489
-0.0074743
0.0049146
-0.0096407
0.0064304
0.0065077
0.0042555
-0.0097962
0.0056014
0.0075866
9.29e-5
0.0007985
0.002285
0.006731
-0.0068671
-0.0060928
-0.0032275
-0.0040102
0.0071521
-0.002087
0.0084383
0.0088363
-0.0057272
0.0029808
0.0066544
-0.006502
-0.0029876
-0.0003242
0.0037176
0.0082869
0.005628
0.0051373
-0.0044569
-0.0057761
-0.0061009
0.0043427
0.0072383
-0.0052122
-0.0008548
0.0003089
-0.0087317
0.0094628
0.0088617
-0.0003825
-0.0001636
-0.0061996
-0.0091272
0.0056916
0.0024891
0.004411
0.0093131
0.0025684
0.0072511
-0.0074569
0.0049405
0.0056535
0.006868
-0.0044457
0.004145
0.0058235
-0.0091945
-0.0051248
0.0060318
0.0094664
0.0065538
-0.0040059
0.0044411
-0.007043
-0.0090672
0.0001293
-0.0022551
-0.0027669
-0.0029471
0.0032275
0.0043856
0.0059365
0.0065983
0.0070511
0.0003626
0.0083619
0.0029662
-0.0070752
-0.0026443
-0.0045333
-0.0093472
-5.0e-6
-0.0034904
0.0040459
0.0042145
0.0028779
0.0018072
-0.009725
0.0020824
0.0002445
0.0047431
0.0046876
0.006715
0.0083311
0.002064
0.0039087
0.0022821
-0.0025461
0.0011164
-0.0020457
0.0012959
-0.0038825
-0.0052357
0.0004288
0.0090163
-0.0017074
0.0023039
0.0037307
-0.0022317
-0.0030348
0.0028658
-0.0087931
-0.000291
-0.0095527
-0.0018389
-0.0027169
-6.71e-5
-0.0095325
