-0.0075089
0.0033884
-0.0068059
0.0013575
0.0002005
0.0010876
0.0071888
0.0013897
-0.0030236
-0.0014613
0.0069617
-0.0054642
0.0081621
-0.0036171
-0.0012531
-0.0015185
-0.0095715
-0.0031098
0.0015451
0.0090186
-0.0052855
-0.0087404
-0.0018348
-0.0010705
-0.0084457
-0.0093427
0.0061931
-0.002558
-0.0057932
0.0017018
0.002008
0.005134
-0.0003264
0.0086781
-0.0055405
0.0037566
0.000144
0.0074529
-0.0086392
0.0020981
-0.0071195
0.0083412
0.00261
-0.0009003
0.0019988
0.0027766
-0.0045601
-0.00518
-0.0040869
0.0030379
-0.0020817
0.0052178
0.004698
-0.0065811
0.0016989
-0.0035022
-0.0026633
0.009331
0.0035272
-0.0070722
-0.002338
0.0076309
-0.0044959
-0.0052966
0.0070812
-0.0009787
0.0089812
-0.0072519
0.0073652
0.005287
0.0084211
0.0002391
0.0012359
0.0036471
0.0060482
0.0095455
0.0010075
-0.0057726
-0.0030021
0.0071979
0.0081279
0.0060933
-0.0085586
-0.0075572
0.0042614
-0.0028574
-0.0066886
-0.0093761
0.0040982
0.0091025
-0.0095433
0.0057795
-0.0091556
-8.39e-5
0.0068325
0.0083395
-0.009569
-0.0081591
-0.008974
-0.0017827
0.0021077
0.0096037
-0.0004549
0.0025209
-0.004117
0.0096073
-0.0077796
0.0099291
0.0033385
-0.009093
-0.0096527
-0.0049982
0.0044697
0.0045167
-0.0090741
-0.0085506
0.0097036
0.0045406
0.0053963
-0.0053984
-0.0075059
-0.0058823
0.0080355
-0.0085874
-0.0033351
-0.0097194
-0.0089606
-0.0080498
0.0084067
0.0065532
0.0091023
0.0035667
-0.0054049
0.0001903
-0.0022503
-0.0024993
-0.0005587
0.0087109
-0.0068308
-0.0019804
0.0056938
0.0062031
-0.0032931
0.0001253
-0.0077565
0.0095821
0.0009571
0.0002467
0.0001573
-0.0025555
0.0085515
-0.0073289
-0.0089899
0.0088212
-0.0097741
-0.0043862
-0.0031628
0.0070288
0.0011138
-0.0071009
0.0019125
0.0049581
0.0060339
-0.0071003
-0.0070049
-0.0059055
0.0032532
0.0077544
-0.0025663
0.0008109
-0.0077281
-0.0065138
0.0044526
-0.0005107
-0.0047542
-0.000803
0.0004022
0.0060536
-0.0081697
0.0050226
0.0041682
0.0010379
0.0088777
-0.0061541
-0.000867
0.0035598
0.0061808
0.0029806
-0.0039763
-0.0018525
-0.0093019
0.0095333
0.0058625
-0.0010788
0.0034403
-0.0042406
-0.0039187
0.0056184
0.0051405
-0.0055733
0.0067467
0.0079725
-0.0069145
-0.0024454
-0.0086799
0.0088292
-0.0048191
0.0008734
0.0064632
0.0006603
0.0040843
0.000296
0.0015831
0.0065009
-0.0007658
0.0001964
-0.0050187
-0.0024539
-0.0071642
0.0099021
0.0079908
-0.0097546
0.0005987
-0.0027555
-0.0053236
-0.0089298
-0.0009192
0.0033995
-0.0089778
0.0019254
0.0096848
0.0034897
0.0072686
-0.0018246
0.0039864
-0.003509
0.0009612
-0.0076812
0.0008056
0.0096273
-0.0038237
0.0054751
-0.0078753
0.0050371
-0.0088584
-0.0079748
0.0033312
0.0024334
0.00568
-0.009864
-0.0053003
-0.0040172
0.0071996
0.0098466
-0.0085859
-0.0027015
-0.0010303
-0.0013255
-0.001756
-0.006858
-0.0036908
-0.0099817
0.0043
-0.000242
-0.0048282
-0.0041556
-0.0011104
0.0061
-0.0058324
-0.0061264
0.0076286
0.0013148
-0.0056407
-0.0060627
-0.0073736
0.0040634
0.0017823
-0.0058445
0.0071248
-0.0004607
0.0024844
-0.0079286
0.0065006
0.0082879
0.0086723
-0.0066778
-0.0071231
-0.0029587
0.0004851
-0.008977
0.000495
-0.0072422
-0.0069317
0.0003197
0.0052907
0.0017191
0.0089255
0.0065354
0.0064749
-0.0078559
0.0078655
0.0091854
0.0044104
-0.00174
-0.0098734
0.0084875
0.0022783
0.0020526
0.0035089
-0.0054704
-0.0050172
-0.0023054
0.0023443
-0.002564
-0.0012894
-0.0083509
-0.0008195
0.0024423
0.0014712
0.0074623
0.007396
0.0056666
0.0065506
0.0090431
-0.0028291
0.0009565
-0.0059769
-0.0012585
0.0051211
-0.008477
0.0075762
0.0033249
0.0037508
-0.00193
-0.0022312
-0.0083097
-0.0049209
0.0067255
0.0088618
0.006724
0.0046401
0.009239
-0.002277
0.0011821
0.0010062
0.0046786
0.0056538
0.0063715
-0.0043114
0.0092794
-0.0081058
-0.0099778
-0.0020496
-0.0033037
0.0099735
0.0074741
0.0014731
-0.0053555
0.0047948
-0.009991
0.0046344
0.0097601
-0.0026594
-0.0002292
0.0054316
-0.007817
-0.0056746
-0.0014263
0.0057617
-0.0014177
-0.0087615
0.0089078
-0.0044697
-0.0078418
0.0063736
0.0078521
-0.0001155
-0.0097189
0.0051612
0.0050707
0.0098684
-0.0022869
0.0092288
0.0044819
0.008172
0.0013861
0.0062501
0.0017859
-0.0003588
-0.007729
-0.0082257
0.0063807
-0.0013176
0.0031038
0.0092733
-0.0010964
-0.0032952
-0.003713
-0.0042196
-0.0025277
-0.0095585
0.0053031
-0.0097396
0.0020166
-0.0057772
0.0021359
-0.0003179
0.0067344
0.0076739
-0.005887
0.0095293
-0.0013601
-0.0095983
-0.0078764
-0.0089907
-0.0004188
-0.0031872
-0.0039834
-0.0093407
-0.0001973
0.0091422
-0.003229
0.0036089
0.0010935
-0.0020521
-0.0071307
0.001807
0.0009699
-0.0075035
0.0059468
-0.0035646
-0.0052504
0.0078081
0.0041917
0.0029085
6.25e-5
-0.0042866
-0.0064484
0.0051959
-0.0028896
-0.0054668
0.0021547
-0.0051341
0.0090384
0.0003751
0.0074254
-0.0007222
-0.0002612
0.001462
-0.0021798
0.0075274
0.0055031
0.0076043
0.0036718
0.0076909
-0.0003497
-0.0028498
0.006423
0.0088178
-0.0009898
0.0001629
-0.0011279
0.009339
0.0091978
0.0028272
0.0073735
-0.0044818
-0.000149
-0.0004806
-0.0099729
-0.006772
-0.0086488
-0.0016251
-0.0063009
0.0061283
0.0040719
-0.0075118
-0.0028267
0.0071364
-0.0063534
-0.0027978
0.007862
-0.0097169
-0.0073774
-0.0086635
0.0080665
-0.0074305
-0.0065287
0.0099277
-0.0007632
0.0065493
-0.0025606
-0.0064912
-0.005484
0.0057159
