8.8e-6
-0.0048875
-0.0015396
0.0082773
-0.0049715
0.0088629
-0.0086638
0.0098951
0.0014637
0.005859
-0.0083009
0.0092922
-0.0045228
-0.0024473
-0.0054444
0.0069959
-0.0042007
-0.0040339
-0.0070801
0.0055626
-0.0078369
0.0098324
0.0022972
-0.0069894
-0.0085829
-0.0089157
0.0019906
-0.0041374
-0.007043
-0.0088513
0.0032661
0.0009111
-0.0094048
0.0092627
-0.0090082
-0.0008607
-0.0070972
-0.0074653
0.0028754
-0.0097218
-0.007818
-0.0092615
-0.0078195
0.0027922
0.0087021
-0.0090774
0.0054183
0.0065055
-0.0033181
0.0073488
-0.0082411
0.0091694
-0.0046725
-0.0067822
-0.0048837
0.0081216
-0.0002464
-0.0022609
-0.0031029
0.003182
0.0072733
-0.0016798
0.006033
-0.0076801
-0.0034241
0.0055355
-0.0024467
-0.007393
0.0010574
0.0044463
-0.0012898
-0.0061512
-0.0084559
-0.0050715
-0.0001994
0.0086335
0.0034547
0.0005912
0.0082881
0.0003637
-0.00441
-0.0034956
0.0005803
0.0077159
0.0050746
-0.0014211
0.0015778
-0.0014463
0.0098269
-0.0052181
-0.0093721
-0.0066042
0.0015263
-0.007113
0.0011772
-0.0077854
-0.0065513
-0.0076684
0.0083393
-0.0073207
-0.0052491
-0.0088842
-0.0004021
0.0028634
0.0033574
0.0050307
-0.0052588
-0.0038978
0.0009865
-0.0037734
-0.0055966
0.009926
-0.0082045
-0.0096252
-0.0011615
-0.0006575
0.0032272
-0.0009875
-0.0065174
0.0003517
0.0017126
-0.0085106
-0.0045212
-0.0095529
0.0040392
-0.0044235
-0.0079215
-0.0049786
-0.008084
-0.0071113
0.0021672
0.006743
0.0066439
0.0097442
-0.0097393
0.0092048
0.0012283
0.0064716
0.0067083
0.0025225
0.0035545
0.0026331
-0.0042993
0.0021564
-0.0010129
-0.009111
-0.001002
0.0020295
0.0034744
0.000524
-0.0092029
0.000714
0.0002985
-0.0056433
0.0060609
-0.0082497
-0.0061085
-0.0070119
-0.0049066
0.0078235
0.0068886
3.12e-5
0.0030134
-0.0098883
-0.0032543
0.0074882
-0.0031647
-0.0088521
-0.0065299
0.0082731
-0.0021164
0.0010139
-0.0062281
0.0030504
-9.02e-5
-0.0018029
-0.0002388
0.0004662
0.0092813
0.0041344
0.0084435
0.0074175
0.002078
0.0005828
-0.0039459
-0.008827
-0.0072725
0.0016306
0.0020873
-0.0082943
0.0076992
0.0058385
-0.009315
0.0017807
0.0039083
-0.0082788
-0.0047275
-0.004863
0.0012356
0.0034707
0.0062908
-0.0046612
0.0024146
-0.0085166
0.0028712
-0.0084739
0.0042279
0.0074787
0.0066635
0.0037015
-0.0040501
0.0046505
-0.0078405
0.005024
-0.0007528
-0.0093286
0.0065668
0.0091366
0.0055987
-0.0009301
-0.0005755
-0.0056719
0.007992
0.006651
0.001245
0.0012022
-0.0011061
-9.11e-5
0.0055716
-0.0022411
-0.0094555
-0.009462
-0.006094
-0.0049632
-0.0058989
0.0092243
0.0045244
0.0051187
-0.0055138
-0.0087702
0.0087165
0.0073976
-0.0044322
0.0020162
0.0025698
0.0092475
0.0016168
0.0032301
-0.0083085
0.0074951
-0.0068362
-0.0020316
-0.0085487
0.0030527
0.0061979
-0.00598
-0.0061721
-0.0033416
0.0027632
-0.0052594
0.0037531
0.0079664
0.0016437
-0.0009437
0.0066244
-0.0048432
0.0059609
-0.0010685
0.0034627
0.0016545
-0.0034591
-0.0031494
0.0065843
-0.0077279
0.0098526
-0.0037178
-0.0071428
0.0051143
0.0075534
0.0017867
-0.006092
-0.008783
0.0098625
0.0054692
0.0030471
-0.0009464
-0.0050425
-0.0031316
-0.0031497
-0.005676
-0.0042736
-0.0040389
0.0042024
-0.0022956
-0.0020367
0.0088785
0.0050045
-0.0046062
0.0098578
-0.0062498
-0.0097191
0.0061727
0.0079233
-0.0046149
0.0077293
0.0073341
0.0008378
0.0045829
0.006644
-0.0067841
0.0036557
-0.0042955
0.0068888
0.0099602
0.0009728
-0.0052669
0.0021295
-0.0014033
0.0013868
-0.0059838
-0.001013
0.0016386
-0.0035407
0.0098228
-0.0021866
0.0038489
0.0041673
0.0036035
0.003878
-0.0082196
0.0028042
0.0058486
-0.0097254
-0.0030728
-0.0049037
0.0090046
-0.0093041
-0.0054351
0.0022105
0.0031322
-1.28e-5
0.0072444
0.0019313
0.0067837
-0.0090303
0.005485
0.0047567
-0.0012885
-0.0026139
0.0005343
-0.0098264
0.0022041
-0.0026922
0.0012402
-0.0059435
-0.0003385
0.0004901
0.0012736
-0.000116
0.007883
-0.0092569
0.007153
-0.0088161
0.0016844
-0.0089384
0.0059344
-0.0080966
-0.0067955
0.0068945
-0.0028687
0.0087836
0.0058732
-0.0020598
-0.0092543
-0.0073962
-0.0060506
-0.001875
-0.0098451
-0.0086212
0.0029676
0.0024055
-0.0021229
-0.0070109
-0.0005485
0.0090163
0.0033428
0.0067313
-0.005598
-0.0024446
-0.0024075
-0.0027372
-0.0075126
-0.0078668
-0.0049667
-0.0057803
0.0084813
-0.0035492
-0.0019805
-0.0086523
0.0001398
0.0044605
0.0055082
-0.007405
0.0031139
-0.0097096
0.0095453
-0.0073878
0.0053663
0.0053463
0.0060589
0.003983
-0.0018315
-0.004634
-0.0072218
-0.0023313
-0.0037734
0.0099435
0.0095125
0.0005841
0.0074789
0.0040394
0.0083243
0.0017702
-0.0008239
0.0098437
0.0002553
-0.0002839
-0.0059318
0.0070011
0.0008431
-0.0019961
0.0057094
0.0021031
-0.0039675
-0.00014
-0.0094413
-0.0018864
0.0070883
-0.0048897
0.0073341
0.0034152
-0.0077308
-0.0010009
-0.0047987
0.0075699
0.0054957
-0.000929
7.95e-5
0.0004622
-0.0022048
0.0004589
-0.0077605
0.0055219
0.0073897
0.0046852
-0.0070986
0.0002768
-0.0062927
0.0074985
-0.002222
0.0037549
-0.0035919
0.0095953
0.0036561
0.0079975
0.0039119
-0.0021352
-0.0083008
-0.0077656
0.0008643
0.0086544
0.005564
-0.0084648
-0.0077155
-0.0006792
-0.0017713
-0.006904
-0.0079518
-0.0038058
0.0068294
-0.0023457
0.0007805
0.0069793
0.0046483
0.0020186
0.0013408
0.0060195
-0.0071011
0.0011694
-0.0016247
0.007783
0.0047661
-0.0027966
-0.0063561
-0.0047108
