-0.0029728
0.0047128
0.0004562
0.0097145
-0.0090583
-6.79e-5
0.005799
0.0006451
-0.0025783
0.0071538
0.0080905
-0.0055668
-0.0065543
0.0017381
0.0020009
0.0046577
-0.008358
0.0090722
0.0048852
0.0076887
0.0098293
-0.0029584
-0.0050599
-0.0087142
0.0083838
-0.0038912
0.0059279
0.0062479
-0.0065475
-0.0058334
0.0094337
-0.0062802
0.0080879
0.0027268
0.0050992
0.0089197
0.0052
-0.0085187
-0.0094485
-0.0017976
0.0026609
0.0001982
-0.0077588
-0.0037179
-0.0027523
0.0009404
0.0074379
-0.0086224
-0.0082708
0.0051648
-0.0021556
-0.0080481
0.0011332
-0.0073826
0.0045717
0.0017236
0.000907
6.5e-6
-0.0069089
0.0004451
0.0049421
-0.0004238
-0.003823
0.0027352
-0.0082386
0.001297
-0.0088718
-0.0051132
-0.0044425
-0.0064859
-0.0036743
0.0093509
-0.0090495
-0.0067905
-0.0097005
-0.0072755
-0.0069355
0.0004751
0.0033016
0.0045789
0.0034338
0.0032172
-0.0098441
-0.0058251
-0.006771
0.0004417
0.0032504
0.0031975
-0.0043246
0.0023408
0.0056875
-0.0082394
-0.0006457
-0.0004607
-0.0019779
-0.0047149
-0.0092739
0.0013667
-0.0025129
-0.0014371
0.0031931
0.0019001
0.0025992
0.0071226
-0.0080603
0.0066522
-0.0025246
-0.0078481
-0.0054712
0.002634
0.0056372
0.0015779
0.0053224
-0.0065539
0.0054553
-0.0028545
-0.0050422
0.0004975
-0.0099984
0.0098744
-0.0011462
0.006014
0.0069748
0.0064172
-0.0033928
-0.0072092
0.0091583
0.0072239
0.00354
-0.0080773
0.0085321
0.0022086
0.0069519
-0.0073136
-0.0040458
-0.0039219
-0.0017415
-0.0032925
-0.0079679
0.0043928
0.005529
-0.0078049
-0.0044225
0.0039723
-0.0021707
0.0016698
-3.89e-5
0.0085651
0.0061816
-0.0033217
-0.0021027
0.0006859
-0.0059494
0.0056117
-0.0048355
-0.0075453
0.0064618
-0.0056302
0.0066613
-0.0034275
0.0030834
0.0022952
0.0094375
0.0038887
0.0086939
0.0070252
-0.0090591
0.0002041
-0.008747
-0.0056689
0.0056439
0.0002899
0.0067118
-2.27e-5
-0.0081713
-0.0022706
0.0072188
-0.008965
-0.0098496
0.0082839
0.0098442
0.005236
-0.004339
-0.0052156
-0.0025055
0.0081023
0.0061633
-0.005715
-0.0003714
0.00424
-0.0056086
0.0079366
-0.0001279
0.0019357
-0.0064126
-0.0037537
0.0008553
0.0088767
0.0063245
-0.0078836
0.0045236
0.0082025
0.0024538
-0.0008943
-0.0031858
-0.0050924
-0.0020732
0.0099479
-0.0096155
0.00705
-0.0044923
-0.0009562
-0.0042669
0.0055067
0.0090934
-0.0001395
0.0030486
-0.0022435
-0.0082804
0.001498
0.005418
0.0030139
-0.0009133
-0.0062192
-0.0060946
-0.0020729
-0.0019414
-0.0058746
0.0045938
-0.0034303
-0.001147
-0.0050491
0.0020363
0.0003539
-0.0035999
-0.0049914
0.0020925
-0.0009163
0.0072732
-0.0087507
-0.0047197
0.003313
-0.0035754
0.0084039
0.0011808
-0.0054133
-0.0077394
-0.0042146
0.0067511
-0.0038069
-0.0074922
-0.0027805
-0.0098744
0.0023898
-0.0076659
5.93e-5
-0.0037687
0.0034229
-0.0029877
-0.0054836
-0.0033932
-0.0017003
0.0082431
0.0054103
-0.0022794
0.0094875
-0.0060109
-0.0058817
-0.0037136
0.0040224
-0.0013698
0.008626
-0.0073622
0.0056899
-0.0085216
-0.0074542
0.0014953
0.0049061
-0.0015622
0.006322
-0.0033788
-0.0055159
0.0033425
0.005296
-0.0044739
-0.0003628
-0.0019284
0.0071765
0.0097668
-0.0090779
-0.0044814
0.008671
-0.005319
-0.0094869
0.0090556
0.0064948
-0.0023405
0.002325
0.0038327
-0.006259
0.0038591
0.0073
-0.0001626
0.0032666
0.000848
0.0079921
-0.0055141
0.00121
0.0078293
0.0053995
0.0053234
0.0074117
-0.00282
-0.0009505
-0.0065924
-0.0014866
0.0088351
-0.0030456
-0.0008718
-0.0063001
-0.0084514
0.0090845
0.0048488
0.001243
-0.0072631
0.0019444
0.0071492
0.0059171
-0.0029015
-0.0035999
0.0013945
-0.0055234
-0.0024732
-0.0007311
0.0008177
0.009752
-0.0058131
0.0003609
0.007968
-0.0009755
0.0043407
0.0086324
0.0089598
-0.0019356
-0.0056712
0.0012885
-0.0070225
-0.0009268
0.0051296
-0.0066021
0.0066332
0.0024021
0.0051653
0.0075706
0.0088229
0.0038176
-0.0049542
0.0048534
-0.0079304
0.0071386
-0.0081974
0.0027917
0.0026491
-0.0035588
-0.0086139
-0.0035704
0.0065901
-0.0069063
-0.0080631
0.0039178
-0.0083234
0.0098243
0.0042582
-0.0058097
0.0080036
-0.0089169
-0.0017799
0.0043749
0.0049636
-0.0086223
-0.0029855
0.0037736
-0.0015653
-0.0080868
-0.0071559
-0.0041988
0.0051655
0.0059395
-0.0022672
-0.0013946
0.0055187
0.0043263
-0.0067295
0.00697
0.0035115
-0.0082438
0.0074594
0.0095458
0.0002824
-0.0064482
0.0080566
0.0095188
0.0074738
0.0033129
0.0028641
-0.0042516
-0.0099064
0.0063069
-0.0069885
0.0050143
-0.0052311
-0.0072982
0.0076762
0.0034491
-0.0029084
-0.0002061
0.0073085
0.0065603
0.0019234
0.0048407
-0.0037497
0.0077732
-0.0007675
-0.0047437
0.0024638
0.0008466
-0.0035649
-0.0036876
-0.0060038
0.0060044
0.0037837
0.0060967
0.0025974
-0.0002359
0.0001606
-0.0080515
-0.0038989
-0.0003105
0.0052041
-0.0034065
0.000862
0.0033092
0.0054982
-0.0069141
0.0047188
-0.0018274
-0.0056638
-0.0053882
0.0045237
-0.0009915
-0.0054547
-0.0056797
0.0038225
-0.0018213
0.0027852
0.0045542
0.0062352
-0.0091239
-0.0063839
-0.0058919
-0.0083988
0.0011043
0.0047144
-0.0035163
-0.0031492
-0.0068626
0.0076579
0.0031333
-0.0086097
-0.003496
-0.0019613
0.0020201
4.78e-5
-0.0067955
-0.000678
-0.0092995
0.0066259
-0.0019896
-0.0052113
0.0088236
-0.0041613
-0.0021839
0.0046134
0.0018799
0.0092605
0.0089326
-0.0059794
0.00956
0.0043322
0.0003134
-0.004712
-0.0006747
-0.0025066
-0.0042013
0.0040942
