-0.0068816
-0.0027424
-0.0026054
-0.0063106
-0.0013399
-0.0079257
-0.0052204
0.0055079
0.0090413
0.0089198
0.0070323
0.0054947
0.0036988
-0.0043956
0.0002939
-0.005834
-0.0053567
0.0062468
0.0035243
-0.0095847
-0.0016642
0.0036535
-0.0088947
0.0072839
-0.007193
0.0010966
0.0058424
-0.006348
-0.0026411
-0.0053197
-0.007603
-0.0005594
0.0063696
-0.0071528
0.0005819
0.0003253
0.0050366
0.0017768
-0.0013318
-0.0092208
0.0079123
0.0014596
-0.0088329
-0.0061792
-0.0094975
0.0037198
-0.0034263
0.0088939
-0.0076938
0.003477
0.006095
0.0083188
0.0003431
0.0063669
-0.0042679
-0.0056982
0.0079014
0.0023915
0.0083328
-0.007686
0.008852
0.000499
-0.0061713
0.005717
-0.0087167
-0.0086431
-0.0070723
-0.0054275
-0.0006738
-0.0078164
0.0078612
-0.0022003
-0.0019869
-0.0060158
-0.0010742
-0.0055187
0.0001786
-0.0002412
0.0003225
0.0029942
0.0060015
0.0036747
-0.0045167
-0.0023177
0.0042283
-0.0077646
-0.0060272
0.0007793
0.0054558
0.0013013
-0.0002728
0.0005246
-0.0060002
-0.002927
-0.0035394
-0.0019275
-0.0099974
0.0016924
0.0062646
-0.0064218
0.0055753
0.0066252
-0.0005179
-0.0082315
-0.0021325
0.0014284
-0.007113
0.0093191
-0.005819
-0.0085306
0.0010493
-0.0080862
-2.38e-5
0.0062751
-0.0066709
0.0001976
-0.0051478
-0.0054054
-0.0063641
-0.0098715
-0.0086953
0.0089933
-0.0049924
-0.0031561
-0.0096511
-0.0012423
0.0064371
-0.0040514
0.0073963
0.0085302
0.0042028
-0.0043229
-0.0065252
0.0067458
0.0053526
-0.0053089
0.0093969
-0.0001744
-0.0068716
-0.0032026
0.0054227
0.0023148
-0.0062479
0.0036721
-0.0033731
0.0068991
0.0028355
0.0093345
-0.003896
-0.0079505
-9.08e-5
-0.0012097
-0.006771
-0.005922
-0.0041018
-0.0012941
-0.0068557
-0.002869
-0.0032652
0.0092232
-0.0065992
0.0054187
-0.0037816
-0.0041144
-0.007014
-0.0030209
0.0051455
-0.0011679
0.0067968
0.0027711
0.00938
-0.006848
0.0010288
0.0099816
-0.0037296
0.0089142
-0.0098324
-0.0093898
0.009471
-0.007381
0.0063852
-0.0085319
0.0087356
-0.0032542
-0.0057674
-0.0027349
0.0075837
-0.0068232
-0.0023063
-0.0052303
0.0042709
0.0016057
-0.0037578
-0.0007557
0.007384
0.0040512
0.0017632
-0.0027745
-0.0019496
-0.0024074
-0.0002961
0.00257
-0.0082256
0.0055288
0.0050753
0.0035358
0.0080966
0.0017195
0.0058784
-0.0074802
-0.0021341
-0.0026584
0.0067536
-0.0061021
0.006056
0.0092618
-0.003126
-0.0034526
0.0019844
0.0022432
-0.0079151
-0.002349
0.0041269
0.0018463
0.0069902
0.0043366
-0.0006692
-0.0015128
-0.0063746
0.0009945
-0.0021093
0.0036103
-0.0012876
-0.0061847
0.0009125
-0.0038186
-0.0088394
0.0023891
-0.0051906
-0.0046771
-0.006024
0.0002286
0.0018224
-0.0047089
0.0097658
0.0090228
-0.0045511
0.0067988
-0.0008176
-0.0039606
-0.0075026
0.0036562
0.0008188
-0.0046568
0.0045902
-0.0040786
-0.0003953
0.0021924
-0.0079957
-0.000144
0.0036356
0.0008859
0.0091271
-0.0089648
-0.0089115
-0.0059515
0.0034074
-0.0019259
0.0052491
0.0034348
-0.0022847
-0.0054357
-0.0087162
-0.0054525
0.0092101
0.0085967
-0.0053672
-0.0049056
-0.0053304
0.0091237
-0.0070174
-0.0058554
0.004936
0.0032535
-0.0033469
-0.0073028
-0.0075183
0.0060692
-0.0063787
-0.0039911
-0.0006231
0.0093277
0.0085535
0.00992
0.0073589
-0.005567
7.27e-5
0.0004351
-0.0037089
-0.0093507
-0.0024706
0.0037982
-0.0085955
0.0023862
-0.0045891
0.0032592
-0.0017272
-0.0031457
0.0072555
-0.0058369
0.0026246
0.0054389
-0.0085163
0.0041877
-0.0005496
-0.0076709
0.008204
-0.0043556
0.002071
-0.0093544
-0.0024932
-0.0039648
-0.006101
-0.0021719
0.0003366
0.0037864
-0.0058857
-0.0079109
0.0081464
-0.0004556
0.0052647
-0.004841
-0.0035151
0.0071481
-0.0015587
0.0002198
-0.0059694
0.0075003
0.0013514
0.0029196
0.0005289
0.0034731
0.003606
0.0051724
-0.0097353
-0.0062277
0.0041954
0.0027183
-0.003747
0.0038489
-0.0083399
-0.0076345
-0.0038526
0.0004435
-0.0091717
0.0001437
0.0001327
-0.0033948
0.0048297
-0.0022124
-0.0008903
0.0037061
-0.0081072
-0.0013847
0.0042226
0.0092725
0.0072667
-0.0037929
-0.0039157
0.0005346
0.0032073
-0.007073
0.0062454
-0.0036167
0.0039892
0.0060436
-0.0083901
-0.004234
0.0004747
-0.0050414
0.0075565
0.0095697
-0.0091392
-0.00687
-0.0031711
-0.0070687
0.0099488
-0.0063854
0.0086539
0.0031356
0.0017753
0.0072992
-0.0062376
-0.001106
0.0008316
0.0050632
0.0003575
0.0020692
0.0078176
0.0003964
-0.001923
0.0093103
0.0091428
-0.0091586
0.0034219
-0.0036506
-0.0048282
0.0073755
-0.0053131
0.0032051
0.0006595
0.0025928
0.0025784
-0.0076619
-0.0089428
0.0071573
0.0089438
0.006282
0.0057298
-0.0074506
-0.0087956
-0.0030911
0.0084612
-0.0097763
-0.0048475
0.0046332
-0.0086736
-0.00261
0.0011276
-0.0025877
-0.000186
0.0031799
0.0075119
-0.0076088
-0.0049359
-0.0027742
-0.0036565
0.0040404
0.0005443
-0.0095277
-0.0046842
-0.0014138
-0.0026234
-0.0030793
-0.0026752
-0.0021121
-0.0030939
-0.002489
0.0006999
-0.005016
0.0084556
0.0089814
0.0037285
0.005642
0.0042239
0.0002918
-0.0030753
-0.0045955
-0.0063692
-0.0012649
4.03e-5
-0.009068
-0.0046979
0.0057761
0.0051476
0.0004065
0.0025246
0.0008182
-0.0059919
0.0044305
0.0075437
0.0079549
-0.0094259
-0.0045327
-0.006574
-0.0068879
0.0037838
0.0096629
-0.0015277
0.0041724
-0.0030684
0.0073881
-0.0063179
0.0047718
0.0041883
-0.0093455
-0.0068422
0.0011037
0.0008991
-0.0068273
0.0062942
-0.0099829
-0.0022852
-0.0032658
-0.0013623
