0.0091872
0.0087271
0.0009052
0.001481
-0.0038348
-0.0002894
0.0050108
-0.0065556
0.003461
0.0097091
-0.0021705
-0.0031062
0.0097402
-0.0083826
0.0095332
-0.0098071
-0.002572
0.0063272
-0.0057408
0.0047806
0.0080576
-0.0049779
0.0073947
-0.0038109
-0.0086726
-0.0050329
0.0080209
0.0001206
-0.0035634
0.0022728
0.0011581
0.0062638
0.0090354
0.0093906
-0.0054508
-0.0009846
0.0024346
-0.0063108
0.0076706
-0.0085323
-0.0044145
-0.0082376
-0.0039978
0.0081827
0.0061651
-0.0001068
0.0001369
-0.0096918
0.0083535
0.004153
-0.0031985
0.0036549
-0.0037282
-0.0044812
-0.0028079
-0.0073977
0.0070336
-0.006217
0.0045585
-0.0032843
-0.0076544
0.0036809
-0.0062765
-0.0025308
0.0016388
-0.0093047
-0.0070156
0.0014705
0.0067436
0.0050341
-0.0086939
-0.0039934
0.004996
-0.0003488
0.0072101
-0.0021321
0.004184
-0.0041239
0.0031508
0.00061
-0.0063121
-0.0057154
0.0040345
-0.004125
0.0011543
-0.0008587
-0.0072261
0.0054162
0.0021246
-0.0055509
0.0085341
0.0097238
-0.0069438
0.0096529
-0.0019208
0.0001143
-0.0078586
-0.000368
-0.0057088
-0.0082762
-0.0019928
0.0060935
-0.0090917
-0.0066308
0.0041386
0.003584
-0.0006255
0.0064066
0.0059657
-0.0054451
-0.0076585
0.0059737
-0.0046126
-0.0080099
-0.0072134
-0.0085166
0.0018026
-0.0099194
-0.0001922
-0.0029865
0.009198
-0.0003984
4.1e-5
0.0052374
0.0058808
0.0046994
-0.0066937
-0.0006327
-0.0089509
0.0012894
-0.0064728
-0.0060757
0.0049929
-0.0038491
0.0045056
0.0069646
-0.0062124
-0.0007213
0.0008024
0.0063222
0.0089772
-0.0010089
-0.0075272
-0.0098245
-0.0055149
-0.0043495
-0.0074704
0.0041308
0.0007
0.0005638
0.0014993
0.0040907
-0.0080927
0.0072214
0.0046683
0.0088751
-0.0070991
7.74e-5
-0.0029776
-0.0029955
0.0090658
0.0099659
0.0066397
-0.0092211
0.0050224
-0.0012773
0.0090017
-0.0024672
-0.0023574
-0.0079303
0.0058191
0.0051632
0.0027633
0.00285
0.0012152
-0.0092903
0.0057857
0.0016861
-0.0023828
0.0090105
-0.0008628
0.0086821
0.0036642
-0.0021428
0.0048224
-0.0067939
-0.0099092
0.003192
0.0093663
0.005814
0.0090597
0.0032293
-0.0048921
-0.0055056
0.0060914
-0.0090546
-0.0038194
-0.0061916
-0.003579
-0.0035393
-0.0093132
-0.0007399
-0.0079268
-0.005971
0.0078547
0.0060696
0.0065189
0.0034016
-0.0072205
-0.0087307
0.0024443
0.0075916
0.0082024
0.0069681
-0.0044332
0.0035894
0.0082727
-0.0079116
-0.0001076
-0.0022675
0.0011021
0.0093166
-0.0035438
0.0068838
-0.0089132
0.0032754
0.0098427
0.0032762
-0.0080772
-0.0065474
-0.0007368
0.0035563
0.0081832
-0.0051609
0.0076831
-0.0029494
-0.0042771
0.0061738
-0.0018897
-0.0095985
-0.0029116
-0.0011617
-0.0047466
-0.0069163
0.0042363
0.004148
0.0074971
-0.0072968
0.0079659
0.0087998
0.0068204
0.009869
-0.0077184
-0.0027621
0.006872
-0.0036764
0.0002961
-0.0073629
-0.0092481
-0.0029208
0.0047964
-0.0092696
-0.0026688
0.0099061
-0.0023229
-0.0004717
0.0087529
0.0008802
0.0041893
-0.0040099
-0.0034123
-0.008364
0.0023034
-0.0002353
-0.0050527
0.0056245
0.0068327
0.0040575
-0.0086595
0.0028883
0.0023517
0.0074868
0.0089887
0.0076298
-0.0034156
0.0008308
0.0014731
0.0093989
-0.0044173
-0.0006077
-0.0067417
0.0063748
0.008569
0.0016382
0.0003759
0.0029938
0.0035203
0.0049862
-5.42e-5
-0.0034247
0.0021811
-0.0037861
0.0057794
-0.0045002
-0.0031912
0.0002894
0.0089857
0.0009218
-0.0008862
-0.0070001
0.00116
0.0074874
-0.0066355
-0.0043553
-0.0060831
0.0011982
0.0031579
-0.0028341
0.0061337
0.0008936
-0.0017866
-0.0033948
0.0067088
-0.0056939
0.0072356
-0.0082432
-0.0052297
-0.0064342
0.007208
0.0010454
0.0079604
-0.0030402
0.0096994
0.0046366
0.0071213
-0.0066112
0.0085889
0.0017007
-0.0076492
-0.000368
0.0049264
-0.0001693
0.0064312
-0.000215
-0.0025642
0.0035119
0.0039525
-0.0024953
-0.0096989
0.0025214
0.0094778
0.0074447
0.0061807
0.0046441
0.0076228
-0.007817
-0.0039288
0.0034444
-0.0016345
-0.0080342
-0.0090242
-0.0094181
-0.0046753
-0.0005175
0.0083568
-0.0013653
-0.0010743
0.0090428
0.0054569
-0.0092159
0.0085516
-0.0003809
0.0001396
0.0055218
6.65e-5
-0.0022124
0.0003494
0.0066768
-0.0085931
-0.0019204
-0.001033
-0.0072284
0.0007686
0.007422
-0.0035118
0.001214
-0.0084021
-0.0030629
-0.0057972
0.008097
-0.0098204
-0.0051948
0.0078387
0.0029199
-0.0081111
0.0003802
0.0084732
-0.0033358
0.0024803
-0.0076465
-0.0073896
-0.002706
-0.008189
0.0079857
-0.0086557
0.0093212
0.0013154
0.0012398
0.0030015
-0.0084924
0.0028294
0.0027658
0.0010557
-0.0099957
0.0071201
-0.002701
0.0006366
-9.34e-5
-0.0045077
0.0077697
0.0023269
0.0040075
-0.0007738
-0.0044583
-0.0031478
-0.0046807
0.0029483
0.0005012
-0.0065916
0.0051666
0.0033576
0.0011579
0.0086199
-0.0026369
-0.0025867
-0.0073741
-0.0080904
-0.0021349
-0.0020479
0.0041332
-0.0012653
-0.0038677
0.0052418
-0.007956
-0.0071319
-0.0067908
0.007595
-0.0056226
0.0073951
0.0008913
-0.0008355
0.0073919
-0.0008577
0.0091088
-0.0047567
0.0099327
-0.0008137
-0.0082467
-0.0086044
-0.0082966
0.0024674
-0.0071675
0.0079826
0.009334
0.0059254
-0.0066502
-0.0047569
0.00332
-0.0041397
-0.0029583
-0.0084264
0.0023795
2.46e-5
0.0050501
0.0038104
-0.0025291
0.007294
0.0093314
-4.42e-5
-0.003162
0.006509
-0.0031128
0.001888
-0.006627
-0.0035539
0.0070483
-0.0085794
0.0048239
0.0099706
0.007789
-0.0058646
0.0038099
0.0008769
-0.0019712
-0.002324
