-0.0003602
0.0092969
0.0006655
0.0058959
0.00399
-0.0084613
0.0030975
-0.0022355
-0.0025945
0.0063779
-0.0076337
-0.004559
0.0094447
-0.0008282
0.0004533
-0.0041545
0.0090066
0.0099032
0.002728
-0.0007418
-0.0032462
0.0009775
-0.0042625
-0.0035084
-0.0098392
-0.0035032
-0.0017214
-0.0020994
-0.0053997
-0.003661
0.0028446
0.0026986
0.0078162
-0.0054247
-0.0067742
0.0020746
-0.0097013
0.0027357
0.006909
-0.0029292
0.0064346
0.0038715
0.0068107
0.0009715
0.0053124
0.0098168
-0.0051076
0.003752
0.0071228
-0.0041316
0.0016277
0.0031219
0.0035569
-0.0060533
-0.0066224
0.0044111
0.0052558
-0.0069077
-0.0083451
0.0009707
0.0011992
0.0037627
-0.0086601
0.0077841
-0.0056502
-0.0004623
-0.0013853
-0.0091544
9.0e-5
-0.0056411
0.0033821
0.0034243
-0.0064439
0.0089093
0.0041724
0.009745
0.0038979
0.0008774
-0.0045485
0.0047652
-0.0020115
0.0080997
-0.0023254
-0.0003087
0.0016318
0.0061998
0.0010821
0.0019343
0.0049487
-0.0007316
-0.0064619
0.0020634
0.0013359
0.0004649
0.000556
-0.0030531
0.0018536
-0.0005491
0.0098401
0.0084866
0.002765
-0.0021012
-0.005226
-0.0039985
0.0018405
-0.0013247
-0.0058721
-0.0046436
-0.0011729
-0.0013779
-0.0021588
-0.0031642
-0.0034341
-0.0040053
0.0006876
-0.006843
0.0094745
-0.0032924
-0.0070709
0.0066429
0.0098997
-0.0033665
0.0076845
-0.009463
0.0097384
-0.0029866
0.0091561
0.0013406
0.0090553
-0.0070338
0.0040865
-0.0049951
-0.0040415
-0.0074925
0.0016846
0.0057862
-0.0079288
0.0008752
0.0041096
-0.0086442
-0.0079639
0.0061175
0.0096606
-0.0016657
-0.0021344
0.0088444
0.0029237
-0.0073419
0.0025841
0.0084136
-0.0038219
0.005822
0.0003698
-0.001007
0.0085434
-0.0099116
0.0079489
-0.0048351
0.0027545
-0.007221
0.0021498
-0.0054281
-0.0004547
0.0035539
-0.0018033
0.0087437
-0.0068092
-0.0022582
-0.0063502
0.0022784
-0.0042624
-0.008928
0.0061011
-0.005263
0.0046794
-0.0054771
0.0017378
0.0067772
-0.0028104
0.0019202
0.0068387
0.0013128
0.0040791
0.0099619
0.0078725
0.0093269
0.0042827
0.00171
0.0021655
-0.0041192
0.0023656
-0.0007431
-0.0012964
-0.003966
0.0095862
-0.0046065
-0.000697
-0.0044202
-0.0041097
-0.0025526
0.0038866
0.0094641
0.0057074
-0.0057648
-0.0041295
0.0095494
-0.0084787
0.006457
-0.0070964
0.0085553
-0.0005066
0.0034609
0.0087155
0.0016977
-0.0014634
-0.0066693
-0.0073587
0.0046628
-0.0047156
-0.0010964
-0.0006394
0.0066149
0.0028852
-0.0034894
0.006359
-0.0056008
0.0022763
-0.0032972
-0.0044301
-0.0049378
-0.0040268
0.0079976
-0.0027319
-0.0055582
0.0093221
0.0079396
-0.0028638
0.0095661
-0.0076467
0.0038715
-0.0073625
0.0002548
0.0076011
-0.0060475
-0.0075212
0.0056118
-0.0085396
-0.0087282
0.0018404
0.0099465
-0.0004219
-0.0081919
0.0057878
-0.003028
-0.0046493
-0.0092216
0.0001748
0.0064623
-0.0038073
-0.0078987
-0.0089973
0.0083972
-0.004859
-0.002004
-0.001052
-0.0057098
0.0043195
-0.0066702
-0.0093551
0.0013564
-0.009342
0.0041511
0.0035167
0.0005093
0.0088378
-0.0051885
-0.0008037
-0.0051087
0.0017233
0.0066539
-0.0083648
-0.0033764
-0.0099512
-0.0077889
-0.0085413
0.007925
0.0053144
0.0099641
-0.0071343
0.0005679
0.0054945
0.00672
-0.0090231
0.0074844
-0.0041834
-0.0042824
0.0041352
-0.0050502
0.0069706
-0.0022044
-0.0019852
0.0066169
-0.006057
0.0088386
-0.0001049
-0.0054972
-0.0064487
-0.0004479
-0.0075049
-0.0013479
-0.0017801
-0.0065543
0.0020112
-0.0015612
0.0069133
0.0086066
0.001097
-0.0079409
0.0001585
-0.006971
-0.0036341
-0.0053586
0.0063146
0.000824
-0.003088
-0.0010476
0.0017096
0.008307
0.0085275
0.0075434
-0.002031
0.0012099
0.0007774
0.0096515
0.0084178
-0.0065811
0.0037483
0.0089392
-0.0013811
0.0076652
0.0022871
-0.0017125
-0.0012857
0.0011795
0.0031036
0.0074754
-0.0096718
-0.0013834
-0.0059365
0.0037573
-0.0038545
-0.0018274
0.0045984
-0.009811
0.0017438
0.0037974
0.0067184
0.009635
-0.0054219
0.0064403
0.0010182
0.0088275
-0.0015287
-0.0055722
-0.000365
0.0031672
-0.003108
-0.0041351
0.004119
0.0054478
-0.0047485
0.001501
-0.0052376
-0.0033732
-0.0067655
-0.0013601
-0.0094492
0.0073969
0.0058326
-0.0036454
-0.0014306
0.0014675
-0.0094145
0.0058192
0.0080207
0.0028065
0.0013089
-0.0021135
0.009546
0.0040999
-0.005022
-0.0037239
0.002087
-0.0031775
-0.0055775
0.0047618
0.0051725
-0.0091118
-0.0029858
-0.0022223
-0.0077228
0.0029367
0.0031885
0.0069243
0.001491
0.0060878
0.0076602
0.0068096
-0.0018624
-0.0081475
0.0025648
-0.0083813
-0.0043488
-0.0003159
0.0031204
0.0040087
0.0054072
-0.0091269
-0.0024127
0.0001017
-0.0069634
0.0065211
0.0076439
0.0090109
0.0052281
0.0037031
0.0022565
-0.0027031
0.0084816
-4.24e-5
-0.0002264
0.0043173
0.0048078
0.0069714
-0.0018532
-0.0079398
-0.0030004
0.0056131
0.0080972
0.0096558
0.008993
-0.0061952
0.0014544
0.0070982
0.0005533
-0.000215
-0.0093652
0.004097
0.0093218
-0.0051657
-0.0021513
-0.0035331
-0.0048723
-0.0090346
-0.0033286
0.0082793
-0.0039816
-0.0004598
-0.0044578
0.0006874
-0.0008099
-0.0003544
0.0014438
0.0093944
0.0095076
0.0012734
-0.0071744
-0.0009513
-0.0093262
-0.0084962
-0.0050697
-0.0012365
-0.0080973
-0.0060841
-0.0032162
0.0092606
0.0073393
0.0037804
0.0077606
-0.0077835
0.0075142
0.0084885
-0.0048537
-0.0038799
-0.0013208
-0.0090781
-0.0035972
0.0092647
-0.00035
0.0024363
-0.0006487
-0.0045688
0.0014984
-0.0074975
0.0002775
