-0.0005492
-0.0085343
0.0069706
-0.0081346
-0.0074719
0.0059614
-0.0067645
-0.0065999
-0.0002069
0.0009474
-0.0050372
0.0075908
0.0063273
0.0070208
0.0056484
-0.0074395
-0.0026504
0.0009013
0.0008045
-0.0074458
-0.0050914
-0.0021808
-0.0012416
-0.0028175
0.0038571
-0.009671
0.0078861
-0.0090293
-0.0042262
0.0034637
-0.0005924
-0.0051779
-0.0020717
-0.0099539
-0.0013782
0.0016387
0.0030869
-0.0018779
0.0019511
0.0067704
0.0039322
0.0012831
0.0098946
0.0085632
-0.0090652
0.0056643
0.0010024
-0.0045718
-0.0058282
-0.0097396
-0.008542
0.0099227
-0.001543
0.003137
0.008793
-0.0084727
0.0014296
0.002575
0.0047965
-0.0090618
-0.0032103
-0.0092778
0.0080549
0.006083
0.0014858
0.0079182
0.0024319
0.0021935
0.0053953
0.004503
0.0093366
-0.0049812
-0.0097166
-0.0022996
-0.0011014
7.02e-5
0.0001406
0.0058468
0.0018121
-0.0088108
0.0057289
-0.0040634
0.0034585
-0.0014573
0.0048808
-0.0059005
0.0024924
0.0012836
0.0052892
0.003945
-0.0019436
-0.0017195
0.0007791
-0.0019043
-0.0035088
0.0076253
0.0014072
-0.0098558
0.0070154
0.0091116
-0.0063647
-0.0062871
-0.0072191
0.0083354
-0.0007372
0.0031142
0.0011539
0.0090497
-0.0067891
-0.007242
0.0023384
0.0030968
-0.0062405
0.0051679
-0.0056524
-0.0029339
-0.0022169
-0.0039411
-0.009321
-0.0028191
-0.0033937
-0.0097561
-0.008566
-0.0038906
0.0085832
-0.0092515
-0.0085815
-0.0036736
-0.007009
0.0007818
-0.0087499
-0.0032475
0.0030532
0.002794
-0.0002941
-0.0075283
-0.006756
0.0086132
-0.001574
-0.0023195
0.0069624
0.0070264
0.0035661
0.0094831
0.0063511
0.0011839
0.0055204
0.0049948
0.0053431
-0.0049314
-0.0029405
0.0016813
0.0011722
0.00712
-0.0042633
0.00841
0.009157
-0.0065927
-0.0056797
-0.0068903
0.0004482
-0.0081042
-0.0070064
0.0032489
0.0072392
0.0070712
0.0006741
0.0060056
0.0024967
-0.0093489
-0.0004452
-0.0060402
0.0035139
0.0072833
0.009766
-0.0080899
-0.0042327
0.0097706
0.0003274
0.0076981
-0.0049923
0.0016913
0.0099903
-0.0043147
-0.0009004
-0.0011046
-0.0082499
-0.0020018
0.0022145
-0.0067673
0.0005931
-0.0091838
-0.0057551
-0.0055512
-0.0042087
-0.0018623
-0.0027251
0.0074045
0.0049747
-0.0093411
-0.0079543
0.0092929
-0.0069155
-0.0006059
-0.002448
0.006447
0.0026522
0.0038092
-0.0010036
0.0039218
0.0095326
0.009949
-0.0043952
-0.0092352
-0.0057841
-0.0084196
-0.0056188
0.0060337
-0.003249
-0.009269
0.0047075
0.0029224
-0.0048558
0.0090225
0.0065854
0.0019255
-0.0002688
0.0045644
-0.008637
0.0042869
-0.0081572
0.0013997
0.008198
-0.0086941
0.0088268
0.00579
-0.0066861
0.0076327
0.0068084
-0.0024324
-0.0070661
-0.0063499
-0.0060401
-0.0028449
-0.0093205
-0.001862
-0.0078249
0.0042117
-0.0038938
-0.0005144
-0.005755
0.0067705
-9.91e-5
0.0009132
0.0090996
0.009927
0.005142
-0.000225
4.55e-5
0.0025629
-0.0042878
0.0095213
-0.0054519
0.0008693
-0.0025644
-0.0030898
0.0038369
-0.0053068
-0.0031838
-0.0087873
-0.0002557
0.0022616
-0.0057713
0.0005957
0.0072137
0.0033681
-0.005519
-0.0052105
-0.0050483
0.0041481
-0.0049573
0.0036107
0.0066162
0.005294
0.0085683
0.0050889
0.0070376
-0.0035681
-0.0072645
0.001727
-0.008523
0.000986
0.0066523
-0.0026478
-0.0012395
-0.0004116
-0.0089662
0.0014781
-0.002249
-0.0010743
0.0085637
0.0051224
-0.0090957
-0.0042192
-0.0093722
0.0047708
-0.000228
0.000643
-0.0092728
-0.0050301
0.0059371
-0.0087468
0.0053716
0.0026701
0.0046761
0.0052412
-0.0098841
-0.0037541
0.0063955
0.0090207
0.0045838
-0.0092538
0.0076917
-0.0001007
-0.0087978
0.0030172
0.0021333
-0.0015458
0.0071086
-8.58e-5
-0.0009652
0.0025784
0.0054152
0.0027509
-0.001281
0.0031087
-0.0037562
-0.0086458
-0.0094717
0.0079282
0.000421
0.0068579
-0.0020815
-0.0062591
-0.0020154
0.0056098
0.007809
-0.0041112
-0.0008888
0.0094447
-0.0015095
0.009597
0.0048698
0.0052261
-0.0004182
-0.0006016
0.0018659
0.0082561
0.0026831
-0.0078621
-0.0088953
0.0024356
0.0017218
0.0001287
-0.0009985
-0.0094531
0.0030204
-0.0042946
0.0095246
-0.0015875
-0.008454
-0.0026283
0.0076572
-0.0072087
-0.0046571
-0.0020975
0.0052039
-0.0054008
0.006585
-0.0088438
-0.002226
0.0064505
-0.0069351
0.0081105
-0.0090955
0.0025741
-0.000192
3.97e-5
0.0067558
0.0099061
0.0005687
0.0083941
0.0062491
-0.0094343
0.0049831
0.0078285
0.0024081
0.00626
0.0090285
-0.0090882
-0.0005309
0.0029888
-0.006829
0.0013667
-0.0066534
0.006862
-0.0096456
-0.0008183
-0.0006121
0.002781
-0.0011521
0.0017201
-0.0091812
0.0031249
0.0031406
-0.0071216
-0.0044484
-0.0004463
-0.004083
0.0021574
0.0030338
-0.009751
0.001662
0.0047608
-0.005188
0.0001496
0.0062806
-0.0098946
0.0032234
0.0017686
0.0088371
-0.0060329
0.0090048
0.002644
-0.0016097
0.0056723
0.0080977
-0.0033851
0.0021934
-0.0092317
-0.006986
-0.0094399
0.0090441
0.0095613
-2.44e-5
0.0040859
-0.0061042
0.008933
0.0007904
0.0023959
0.0066917
-0.0063807
0.0046928
-0.0013119
-0.0087239
0.0087963
0.0075021
0.0003085
0.00527
-0.0009402
-0.00135
0.0060935
0.0042029
0.00046
0.003059
0.0075846
-0.0081534
-0.0042537
0.0042493
0.008083
-0.0011281
-0.0089095
-0.0099883
-0.0018531
0.0001788
-0.0071012
-0.0018178
0.0011663
0.0082339
-0.0083285
0.0036412
-0.0003833
-0.0003837
-0.0007893
0.0030932
0.0060888
0.005217
-0.0051945
0.0020639
0.0062297
-0.0092182
0.0091445
-0.0074907
0.004788
0.0066152
