-0.0036551
-0.0056856
0.0008359
-0.0076627
0.001003
0.00606
0.0068617
0.0025593
0.0001126
-0.0072991
-0.0064433
0.0078863
0.0015407
-0.0077918
0.0093813
0.0044776
-0.0001852
-0.0005366
-0.0084238
0.0089464
-0.0040962
0.008217
-0.0061671
0.0008871
0.0094437
-0.0037355
-0.0065788
0.0043417
-0.0093548
-0.0089404
0.0031323
-0.0063159
-0.0066571
-0.0077703
0.0099494
-0.0014044
0.0043999
-0.0088719
-0.0046071
0.0013942
-0.0030461
0.0097107
0.0061281
0.0095084
0.0013996
-0.0018328
-0.0097991
-0.0022926
0.0031141
0.0067141
0.0045613
0.0041243
-0.0048651
0.0061859
0.0050782
0.0013782
-0.0081532
0.0096493
-0.0053692
0.0003488
0.0082357
0.0027219
0.0067296
0.0013848
0.0003926
-0.0020235
-0.0080857
-0.0029433
0.0005
-0.0003284
-0.0092054
-0.0056186
-0.0049129
0.0019671
0.0029187
0.0046871
-0.0069524
0.0050694
0.0040531
-0.0015153
-0.0070492
0.0036552
-0.0090372
0.0031348
-0.0063694
0.0022041
-0.0075013
0.0049388
-0.0033538
-0.0026228
0.0049032
0.0035079
0.0050966
0.0068321
-0.0017406
-0.0082184
-0.0094174
0.0023463
0.0099295
-0.0099368
0.0084107
0.0053642
-0.0062602
-0.001654
0.0015389
0.0074798
0.0094959
-0.0010791
0.0064862
0.0079492
-0.0089168
-0.0071242
0.0032122
0.0095633
0.0070029
0.0072857
-0.0012027
0.0037171
0.002118
0.0032583
0.0088927
0.0069388
0.009676
0.0013831
0.0001016
-0.0043659
0.0034934
0.0022934
0.0010396
0.0091242
0.0031873
-0.0039943
-0.0095972
0.0093695
0.0052577
0.0092405
-0.0097547
0.0052935
-0.009559
0.0073692
0.0007921
0.0040681
-0.0077195
0.0074678
-0.0010962
-0.0063751
-0.0046123
-0.0074791
0.0087939
0.0037704
0.0030286
0.0004677
-0.0084789
-0.0006951
0.0044193
-0.0077666
0.0028154
-0.0034688
-0.0043589
-0.0032969
-0.0099815
0.0004645
-0.0033258
-0.0063666
0.0035428
0.003554
0.0083912
-0.0068529
-0.0008327
0.005185
-0.0074073
0.0050152
0.0031292
0.0063493
0.0081953
0.0098322
0.0052508
-0.0050862
0.0051957
0.0074033
-0.0055284
0.0061946
-0.0029787
-0.0080347
0.0053011
-0.0010861
-0.0002119
-0.0003698
-0.0076657
-0.004216
0.001776
0.0014493
-0.0080286
-0.0015773
0.0074355
-0.0001789
0.0003505
0.0012982
-0.0074798
-0.0022083
-0.0048138
0.006482
-0.0058444
0.0056124
0.0035147
-0.0057059
0.0039754
0.0015721
0.0084721
-0.0052892
0.0010555
0.0018779
0.0084028
0.0096944
-0.0072182
-0.0097439
0.0075379
0.009081
-0.0097353
0.0078374
-0.0043417
0.0012303
0.0058413
-0.0078073
0.0007109
-0.0095349
0.0003675
0.0023102
0.0094723
-0.0010298
-0.0032198
-0.0064093
-0.0088002
0.0091633
-0.00901
-0.0005426
-0.0064173
0.0009582
0.0071227
0.0088095
-0.0015566
-0.0010771
-0.007699
-0.0063744
0.0066999
-0.0033723
0.0064184
0.0024087
0.0036717
-0.0070602
-0.0079751
0.0098508
0.0088804
0.0033665
0.0037464
0.0055886
-0.0084786
4.93e-5
-1.64e-5
-0.0015466
-0.0092297
-0.0072342
0.0043903
0.0006487
0.0075994
-0.0035174
-0.0075143
0.009999
-0.0036413
-0.0016611
-0.0019955
-0.004517
0.0078768
0.0020969
-0.0035664
-0.0060333
0.005652
0.0075787
0.0089893
0.0062617
-0.0005859
-0.0079109
0.0074952
-0.0096855
-0.0040902
-0.0092988
-0.0043152
0.0021708
-0.0068396
0.0025521
0.0063216
0.0076117
0.0069196
-0.0070258
-0.008304
0.0072256
0.0036114
0.0093745
-0.0088994
0.006858
-0.0029506
0.0030616
0.0038047
0.0034148
-0.0063403
-0.0009574
-0.0046528
-0.0058578
0.003767
-0.0008032
-0.0012335
0.0065353
-0.0043814
-0.0043605
-0.0086847
-0.0076652
-0.0014502
-0.0014612
0.0034808
0.0031581
0.0075798
0.0052703
-0.0021413
-0.0041816
0.0072024
0.0081215
-0.0083396
-0.0020723
-0.0012732
-0.0025181
-0.0092207
0.0012821
-0.0053992
-0.0059722
0.0023754
0.0097492
0.0058212
0.008878
0.0023331
-0.0041459
-0.0031676
0.0051376
-0.0053383
0.0017103
-0.0089651
-0.009489
0.0099079
0.0075069
-0.0079804
0.0079828
-0.0089079
0.0085295
-0.0075401
-0.0094843
0.0025462
0.0093487
0.0018345
-0.0094478
-0.002502
0.0046953
0.0043992
0.0036517
-0.000192
-0.0063223
0.0089555
0.0032945
-0.0077358
-0.0035669
0.0058534
-0.0013444
0.0054378
-0.0058641
0.0057466
-0.0029832
0.0048476
-0.0077404
0.0071146
-0.0052835
-0.0094254
0.0016971
0.0017902
0.0059134
0.0077953
0.0040782
-0.0002748
-0.0003997
0.0005986
0.0039715
-0.0067066
-0.0065034
0.0040957
0.0091255
-0.0066374
-0.0055904
-0.0072392
-0.0016627
0.0016977
-0.0065889
-0.0064536
-0.0051476
-0.0094485
-0.0085429
0.0016122
0.0075612
-0.006938
0.0004896
0.0096123
-0.0008488
0.0024146
0.0080208
0.0075666
-0.00378
0.0045137
0.0054639
-0.0087448
-0.0098157
0.0074272
0.0086925
0.009766
-0.0081072
0.007194
-0.0065305
-0.0021486
-0.0041376
0.0024087
0.0088621
0.0040817
0.0051326
-0.0070805
0.0066268
0.0009768
-0.0051309
-0.0056685
0.0013006
0.0084217
-0.008025
0.0017933
-0.0042137
-0.0045936
-0.0047169
-0.0070615
-0.0015506
-0.0087753
-0.0024973
0.0099861
-0.0017672
-0.0079409
0.0092023
0.0056656
-0.0007799
-0.001843
0.0099476
0.0098978
-0.006131
-0.004888
0.0026472
0.0023435
0.0043654
-0.0033077
0.0085782
-0.0077254
0.0087822
-0.000529
-0.0066832
0.0055156
0.0035327
0.000121
0.0076493
-0.0065722
-0.0028427
0.0036965
0.006406
-0.0025806
0.0007911
-0.0041911
-0.0063382
0.0025208
-0.0041711
-0.0085351
-0.0095576
0.007481
0.008047
0.0010451
0.0033413
0.0068344
-0.0068716
0.0035694
-0.0022952
-0.0095444
0.0070669
0.0073286
0.0056177
-0.0071481
0.0052825
0.0003956
