-0.0011318
0.0038325
0.0035054
0.0023168
0.0096672
0.0012712
0.0079297
0.0027655
0.0033559
0.0062222
-0.0096985
0.0038504
-0.0042787
-0.0065393
-0.0005917
-0.000736
-0.0029071
-0.0057527
2.81e-5
-0.0048564
-0.0015528
-0.0032103
-0.0060778
0.0031665
0.0018787
0.0029954
0.0039708
-0.0008381
-0.0077796
0.0049555
0.0001255
0.0064315
-0.0046351
-0.0056513
0.0014592
-0.0042185
0.0020392
0.009074
-0.0057112
-0.0042511
-0.0078066
-0.0085942
-0.0048542
-0.0072958
0.0077021
0.0018178
0.0096698
-0.0069719
-0.0063049
0.0075468
-0.0087475
-0.0062317
-0.0029873
0.0035931
-0.0050146
0.0096684
0.009216
-0.0073873
-0.0006768
-0.0070398
-0.0038224
-0.0011589
-0.0049939
0.0019179
-0.0047651
0.0060709
-0.005402
0.0007012
0.0086289
-0.0057579
-0.0044938
0.0004043
0.0035004
-0.0056895
-0.0011601
0.0085188
-0.0001134
-0.0068648
0.0021893
0.0097198
-0.0082392
-0.0014538
-0.0053341
-0.0094021
0.0055195
0.0019253
0.0043683
0.001325
-0.0006388
0.002894
-0.0090585
0.0070159
0.0079523
0.0074588
-0.0063271
0.0072546
0.0041782
-0.0067502
0.0007909
-0.0081359
-0.0084956
-0.0050076
0.0037888
-0.0028994
-0.0028679
0.0093017
0.0017655
-0.0090772
-0.0088077
0.0009505
0.0043887
-0.0085295
-0.0017278
-0.0088374
-0.0094407
0.0091858
-0.005473
-0.0053713
-0.005327
-0.0039729
0.0087295
-0.0086657
-0.0052191
-0.0051072
-0.0027703
0.0086979
-0.0018246
0.0097379
-0.0005309
-0.0016326
-0.0006047
-0.0031399
0.0024032
0.004509
0.0022774
-0.0083202
-0.0008161
0.0060162
-0.0097671
-0.0062745
-0.0069416
0.0062671
0.0014128
0.0069795
-0.0043145
-0.0046313
0.006585
-0.0026818
-0.0045967
-0.0055654
-0.0056644
0.0016121
-0.0057162
0.0062233
-0.0056661
-0.0015449
0.0085402
-0.0018617
0.0028682
-0.0012395
-0.0092424
0.0015349
0.0043523
-0.0038588
0.0079865
0.0030629
0.0076827
-0.0010835
0.0099686
0.008756
-0.003535
-0.0021354
-0.0019462
0.0019082
-0.0058213
0.0064317
-0.0038225
-0.0036666
-0.0016855
-0.0075604
-0.0087077
0.0016
0.0009701
-0.0023262
-0.0063617
0.004805
0.0040585
0.0032919
0.0013116
-0.0051834
0.0013556
0.0016631
0.0096695
0.0087879
0.0060901
0.0076379
0.003868
-0.0003421
0.0011385
-0.0034676
0.0088426
0.0057091
-2.38e-5
0.0010684
-0.0040807
-0.0040503
0.0098095
-0.0060801
0.0025498
0.006409
0.0094984
0.0084654
-0.0038768
0.0039018
-0.0003332
0.0029003
0.006332
-0.0015765
-0.0024937
0.0071425
0.0016195
-0.0046818
-0.0017381
0.0078079
-0.007475
0.0098092
0.0080546
0.0065852
-0.0086255
0.0048219
-0.0074199
0.0059971
-0.0036605
-0.0009807
-0.0050094
-0.0011541
0.0086816
0.0093609
0.0051603
-0.0037146
0.0037848
0.0055902
-0.0039603
-0.0048589
0.0038354
-0.0023777
-0.0093733
-0.0020097
-0.0074522
0.0067118
0.0094155
-0.0038606
0.0015544
0.0088541
-0.005053
-0.001091
0.0016251
0.0018641
0.0094611
-0.0065626
-0.0053528
0.0074882
-0.0052171
0.0097645
-0.0047564
0.0093796
0.0072444
0.0016715
-0.0065787
0.0016742
-0.0041233
-0.0089584
-0.0018646
-0.0076123
0.0080974
0.0079004
-0.0087098
-0.0027918
0.0061292
-0.0028885
0.0082851
-0.0046908
-0.0032092
-0.006457
0.008878
-0.0060968
-0.0018335
-0.0020314
-0.0044126
-0.0015216
-0.0074543
-0.0019077
0.0030016
0.0092611
-0.0086614
0.0059761
-0.0048862
0.0097842
-0.0099934
-0.0017934
-0.0024793
0.0047311
0.0059868
-0.0010934
-0.0062376
-0.0031339
0.0009786
0.005659
0.0074652
-0.0062467
-0.0027736
-0.0002363
-0.0008969
0.0005577
0.0017641
-0.0099615
0.0092597
-0.0091635
0.0042
-0.0052058
-0.0060581
-0.0052102
-0.0003087
-0.0072361
0.0007775
-0.007446
0.0009587
0.0069205
-0.0037133
-0.0085033
-0.008908
-0.0043004
-0.0063393
-0.0092205
-0.0025176
0.0084117
-0.0023874
0.0055577
0.0011894
-0.0046641
-0.0074627
-0.0045006
0.0016878
0.0042056
-0.0062112
8.17e-5
-0.0095969
0.005711
0.0084918
-0.0043849
-0.0039898
0.004578
0.0023841
-0.0012081
0.0043921
-0.0042369
0.0044521
-0.0097599
-0.002878
-0.0022059
-0.0029799
-0.0035675
-0.0056407
-0.0055516
-7.08e-5
-0.0054163
-0.0037064
0.0021612
0.0067941
0.0015498
-0.0061901
0.0081366
0.0006542
0.0084289
-0.003767
0.0005896
-0.0096553
0.0047086
-0.006618
0.000824
0.0031825
-0.0068062
-0.0093734
0.0030727
0.0017192
-0.0042512
-0.0020088
-0.0091897
0.0087426
0.0076408
-0.0016093
0.0005688
0.0045144
-0.0074183
0.0051695
-0.0095984
0.0071567
0.0030102
0.0058669
-0.0047526
-0.0082263
0.0034757
-0.0031353
9.97e-5
0.0016691
-0.0055355
0.0023737
0.0052119
0.0096281
0.0014101
0.0006737
-0.0022645
0.007715
0.0011406
-0.0047326
0.0038367
0.0006579
-0.007699
0.0080187
0.0014518
0.0021294
0.0086048
0.0018197
-0.0079622
-0.0024846
0.0032452
-0.0008984
-0.0060017
0.0013002
0.0006656
0.0017127
0.0062527
0.0058335
0.0082947
-0.0015162
-0.0075335
0.0069244
0.0003048
-0.0060214
-0.007552
0.0051343
0.0015276
-0.0044684
0.0058643
0.0014645
-0.0018904
0.0033158
0.0043759
-0.0014432
-0.0031751
-0.0040012
0.0057749
-0.0034511
-0.001669
0.0061276
-0.0078989
0.0040455
0.0070983
0.0096138
-0.0023372
-0.0025114
0.0048282
-0.0006208
0.0082185
0.0031401
0.0074506
-0.0033603
-0.0084916
-0.0025893
-0.0095156
-0.0073829
0.0052445
0.0018634
0.0069812
-0.0006223
-0.0001153
-0.0056795
0.0058181
0.0017512
-0.0031493
-0.0052891
-0.0041387
0.0080823
0.0096622
-0.0056171
-0.0044679
0.006046
-0.0050096
0.0069204
-0.0096537
-0.007368
-0.0004498
-0.0074421
0.0048485
-0.0030477
