0.0096413
-0.0016573
-0.0090578
0.0083366
0.0079996
-0.0033319
0.0085957
0.0029551
0.005319
-0.0019257
-0.0031636
0.0029403
-0.0047255
0.0084415
0.0062148
0.0008134
-0.0077382
0.005896
-0.0015935
0.000847
-0.0092173
0.0016224
0.005524
0.0077307
0.0032707
0.0021094
0.0086023
-0.0073273
0.0089376
-0.0093481
0.0026215
0.0057728
0.0044087
-0.0035019
-0.0054751
0.0066308
-0.0053408
-0.0059235
-0.0043572
0.0021889
0.0048535
-0.003654
-0.0023473
-0.0050466
0.0042898
-0.0023242
-0.0032915
0.0090497
-0.0007862
0.0005031
-0.0083352
0.0067103
0.0032932
0.002255
-0.0024111
-6.86e-5
0.0052282
0.00112
-0.0083531
0.0069109
-0.0039029
0.0044675
-0.0060424
0.0073257
-0.0013265
0.0040878
-0.0001735
-0.0059329
0.0038099
0.0014505
0.0098537
0.0051564
-0.0011978
0.0037996
-0.0029839
0.0095247
-0.0001125
0.0021311
0.0017127
0.0051756
-0.0016404
-0.0087942
0.0024581
-0.0028743
-0.0095513
-0.0059908
0.0098425
0.0069679
-0.0082749
0.0002548
0.0085075
0.0006986
-0.0006307
0.0020025
-0.0039769
-0.004782
0.0026305
-0.0013779
-0.0043205
-0.0094153
-0.0052319
0.0099215
-0.0011483
-0.0070955
0.0005686
0.0040062
-0.0062414
-0.005522
-0.0091878
0.0072449
0.000265
0.0063643
0.0053211
-0.0021631
0.0062608
-0.0057624
0.0058895
-0.0026189
-0.0022675
-0.0068924
-0.0077918
0.0070245
-0.006021
0.003346
-0.0060133
-0.0030053
0.0079606
0.0029797
-0.0039933
0.0079684
0.0041996
-0.0091144
0.0001477
-0.0085367
0.0095779
0.0070037
0.0083808
0.0099823
0.0057933
-0.0034559
-0.0027362
-0.0037115
0.0070562
-0.0065301
-0.0054088
-0.0066678
-0.0036761
-0.0080086
-0.0079358
-0.009565
0.005915
-0.006763
0.007337
0.0057604
0.0025581
0.00838
-0.0008216
-0.0095533
0.0046812
0.0082526
0.0058038
-0.0037262
-0.0054732
0.0013863
-0.0065088
-0.0062305
-0.0022266
0.0091049
0.0034588
0.0064591
0.0040984
-0.0048445
-0.0075381
0.0041173
-3.7e-5
-0.0030172
0.0080418
0.0086952
-0.0079379
-0.004825
-0.0086702
0.0053772
0.0040986
-0.0086839
0.0063235
-0.0085568
0.0099515
0.002221
-0.0018401
-0.0093551
-0.0066378
-0.0088388
-0.0054565
0.0078707
0.0080955
-0.0053668
0.0080054
0.0080408
-0.0090905
0.009939
0.0048035
-0.0011274
-0.0036366
-0.0052025
0.0060924
-0.0048719
-0.0045527
0.001891
-0.0052828
0.0082828
5.93e-5
-0.0096473
0.0030352
0.0044806
0.001558
-0.0005094
0.0047667
-0.00171
0.0005123
0.0099011
0.0061499
-0.0022276
-0.0067474
-0.0063283
0.0057306
-0.0003792
-0.0058701
-0.0094546
0.0083088
0.0041256
0.0076556
0.0084982
-0.004857
0.0021289
-0.0046896
0.0097507
-0.006205
0.0023474
0.0050477
0.0032078
-0.0065735
-0.0060122
0.0062575
-0.0068258
0.0028591
0.0028159
-0.0063125
-0.0010343
0.0077469
-0.0095571
0.0007921
-0.0004659
0.0039621
-0.0016033
0.0032282
-0.0027258
-0.0097419
0.0019114
-0.000977
-0.0034704
0.0020503
0.0075482
-0.0019192
-0.0004664
0.001166
0.0039349
-0.003446
0.0066922
0.0033777
-0.0070609
-0.0062187
-0.0064714
-0.0074214
-0.0006699
-0.0004216
0.0047251
-0.0046348
-0.0011361
0.0064898
-0.0048398
-0.0095821
0.0039148
-0.0006946
0.0084392
-0.0024989
-0.0033382
-0.0015014
-0.0062121
-0.0001632
0.0062143
-0.007505
0.001903
0.0067931
-0.0077235
0.0071703
-0.0005211
0.0092178
-0.0050846
-0.0015979
-0.004903
0.0082189
0.0077971
0.0069874
-0.0037869
0.0099522
0.0087849
-0.0071916
0.0026674
0.0001847
-0.0066434
-0.0025303
-0.0034419
-0.0010388
0.0020768
0.0088069
-0.0034642
-0.0081604
0.0006797
-0.0008332
-0.0077161
-0.0027019
0.0094092
-0.0037882
0.0006616
-0.0075223
0.0006857
0.004794
0.0098345
0.0022087
0.0029496
-0.0013901
0.0020535
0.0052407
-0.0093164
0.001073
-0.0073427
0.0081629
0.001993
-0.0017773
0.0041251
-0.0098373
-0.0050694
0.0086479
-0.0055516
0.0086873
-0.0055925
0.000224
0.0053585
0.0043829
0.0050178
-0.0052077
-0.0080405
0.0006597
-0.004302
0.0007791
-0.0004055
-0.002376
-0.0058139
0.0090081
0.0016805
-0.0015489
-0.0038648
0.0068426
-0.0004273
0.0095081
-0.0054455
0.0074734
0.0057629
0.0050287
-0.0087645
-0.0067333
-0.0071834
-0.007252
-0.0071363
-0.0001686
0.0077737
-0.0060283
-0.0064078
-0.007299
0.0003321
-0.0090672
0.007367
0.0092952
-0.0090736
0.0070156
0.0057055
0.0059613
0.0034324
-0.0083074
-0.0014347
0.0070948
-0.0099239
0.0079203
0.0059248
-0.0076218
-0.0026288
0.0057533
0.0024939
-0.0017153
0.0081976
0.0004589
0.0005798
0.0008397
0.000731
-0.0059328
-0.0069993
-0.0015388
0.0079649
-0.0066511
-0.005371
0.0029947
0.0018936
-0.0087601
0.0031914
0.0003528
-0.0043198
-0.0088537
-0.0068563
-0.0002079
0.0068671
0.0084617
-0.0066153
-0.0054914
0.0068013
0.0087885
0.0086777
0.0041105
-0.0002416
0.0038923
-0.0058485
0.0024943
0.0094483
-0.0008442
0.0001958
0.0045764
0.0049338
-0.0002987
0.0023212
-0.0006938
0.0084166
0.005658
0.0047906
-0.005457
0.0034424
-0.0031162
-0.003281
0.0064374
0.0062977
0.007367
0.0077892
0.000428
0.0065783
-0.0050247
0.0059899
-0.0058219
0.0093306
-0.0048969
0.0079733
-0.0089083
-0.0031648
0.0050663
0.0069567
0.0065079
0.0082217
0.0007167
-0.0005962
-0.0014874
0.0045294
-0.0014849
0.0047024
0.0074416
-0.0070505
-0.0070233
-0.0041008
-0.009323
-8.42e-5
-0.0001017
-0.0072269
0.0049281
0.0049505
-0.0008871
-0.0045709
0.0087321
0.0083806
0.0034276
-0.0022403
0.0097475
-0.0079042
0.0043385
-0.0026611
0.0057567
-0.0038585
-0.0051177
0.0057588
0.0091344
