0.0074217
-0.000231
0.0042537
0.0041066
0.0002663
-0.0067731
0.0069137
0.0052329
0.0059674
-0.0005884
-0.0053502
0.0099954
-0.008485
0.0025704
-0.0058376
0.0066326
-0.0031975
0.0075231
0.001285
-0.0006592
0.0003999
0.0095298
-0.0020785
0.0016269
0.0014393
-0.0089082
0.0098178
0.0037835
-0.0052454
-0.009798
0.0046022
0.0098127
-0.0054172
0.001081
0.0011439
-0.0085483
-0.000222
-0.0002175
-0.0016267
-0.006098
0.0025637
-0.0081135
-0.0072868
0.0033687
0.0036376
0.0078612
-0.0038683
-0.0081441
-0.0036553
-0.0090784
0.009314
-0.0073492
-0.0021669
-0.0059984
0.0016238
-0.0051573
-0.0085629
-0.0057007
-0.0015142
0.0032753
-0.0081051
0.0019491
-0.0073503
0.0090673
-0.0062348
-0.0070584
-0.0079726
0.0097016
-0.0064634
0.0088421
0.0019883
0.0065986
-0.0020681
-0.0099846
-0.0092327
0.0048505
0.0030675
0.0009662
-0.0091905
-0.0009365
-0.0092551
-0.0028561
0.0029944
0.0094497
-0.0068229
0.0032208
-0.0047923
-0.0081672
0.0069318
-1.61e-5
-0.0083444
0.0091064
0.007635
-0.0086539
-0.003719
0.0078711
0.0039404
0.005522
-0.0089015
0.0058554
-0.0012207
-0.0062829
-0.0083924
0.0063763
-0.0047419
0.0042025
0.0030859
-0.0024759
-0.0079152
0.0083144
0.0092834
-0.0036823
-0.0005455
-0.0010253
-0.0069544
-0.0051436
-0.0068931
0.0077038
0.0041641
-0.0086146
0.0098747
-0.0020472
-0.0060169
0.0019168
-0.0067254
0.0056565
0.0030318
0.0030296
0.0071228
0.0003927
0.0037267
-0.0027742
-0.0009828
0.0095549
-0.0064534
-0.0058853
0.0001784
0.0094411
-0.0058823
-0.0035357
0.0001645
-0.0086914
0.0087554
0.0095937
0.006325
0.0037771
-0.0029071
-0.0035964
-0.0076627
0.0049347
-0.0033414
0.0033849
-0.0012282
-0.004884
0.0070249
-0.0007211
-0.002815
0.0095089
-0.0091147
-0.0098935
0.0004744
-0.0057189
-0.0085621
-0.0033345
0.0067235
0.0065008
0.0095042
-0.0064552
-0.0065931
0.0037088
-0.0061749
-0.0059895
0.0036345
-0.0041806
-0.0092844
-0.0021659
0.0046716
0.0047003
-0.0018362
0.0054555
0.0099722
0.0007548
-0.0091671
-0.008166
0.0095518
0.0084265
-0.0007083
0.0070961
0.0026833
-0.0037113
-0.006424
0.0089435
-0.0071102
-0.0061736
-0.008664
0.0011905
-0.0044135
0.0081375
0.0019964
0.005049
-0.0059601
0.0042871
-0.0031496
-0.003354
-0.006405
0.0058143
0.0012357
-0.0072592
-0.0036069
0.0071392
0.0036195
-0.0037098
-0.0092926
-0.0017172
-0.0044787
0.0049268
-0.0071751
0.0050613
0.0042649
0.0051065
0.0061164
-0.0096242
0.0036035
-0.0036084
-0.001674
-0.0010177
-0.0052579
-0.0003119
-0.0009539
-0.0097467
-0.0004417
0.0049895
0.0065808
-0.0038487
0.0076647
-0.0080863
-0.0098096
0.0075591
0.0077316
0.0013186
-0.0039376
-0.0051198
0.0006445
0.0072282
0.0066045
-0.0037953
-0.0089758
0.0022561
0.0018035
-0.0085493
0.0004909
0.0079073
-0.0012526
0.0023761
-0.0048271
-0.0068793
0.0061261
-0.0071423
-0.004886
0.0034477
0.0065233
0.0082543
0.0040007
-0.0062724
0.0092322
-0.0056297
-0.0082
0.0021515
-0.0010356
0.004318
0.008779
0.0002232
0.0008424
-0.0053247
-0.0017092
-0.0001702
-0.0038173
-0.0044618
-0.0073313
-0.0051203
0.0058154
-0.0031145
-0.0060796
0.0016336
-0.0070121
0.0067227
-0.0020673
-0.0071647
0.0078695
0.0073445
-0.0072258
-0.0029073
-0.0087215
-0.0084604
-0.0014113
0.0079241
0.0057429
0.0005352
0.0068054
0.0027543
0.0025845
0.0075741
0.0089435
-0.0024419
-0.0075832
7.89e-5
-0.0031985
-0.0084153
-0.0056735
0.0027984
0.0044234
0.0079895
-0.000637
-0.0088802
0.004456
-0.0082088
0.0093399
-0.0007931
0.0024889
0.0011483
-0.0004796
0.0046981
0.0043522
-0.0025337
-0.003477
-0.004236
-0.0086497
0.0013986
0.0067856
0.0019597
0.0091807
0.0044128
0.0098061
0.0088939
0.0022735
-0.0025468
-0.0008292
-0.0028667
0.0036684
0.0042999
0.0077776
-0.0090563
-0.0024172
0.0087054
0.0033838
0.0018408
-0.0046784
-0.0018335
-0.0005505
0.0030891
0.0043364
-1.13e-5
-0.00738
-0.0004972
0.0011438
0.0003129
0.0089456
-0.0053238
-0.002528
0.0018594
0.0071112
-0.0087564
0.001613
-0.0054563
-0.0087097
0.0096252
-0.0081457
0.0056186
0.0048162
0.0011638
0.0026867
-0.0090436
-0.0015393
0.0011676
0.0052274
0.0098899
0.0074113
-0.0004986
-0.002854
-0.0056712
0.006684
0.0099065
-0.0094441
-0.008272
-0.0064337
0.0010095
0.0042915
0.0042689
-0.0061382
-0.000364
-0.009881
0.0047892
-0.00533
0.0043029
0.0075465
0.0066725
-0.0006247
0.0044668
-0.0061254
-0.0096299
0.003879
0.0059737
0.0068678
-0.0069868
-0.0046572
0.0026787
0.007246
-0.0071923
-0.0075182
-0.0060934
0.0061026
0.0017174
-0.0023491
-0.0033024
0.0051562
-0.0088865
0.0088962
-0.0047536
0.0009527
-0.0084598
-0.0045247
0.0031225
-0.0035947
0.0068238
-0.0077208
0.0059037
-0.0014614
0.0070624
-0.0020951
-0.0031966
0.004004
0.0031469
-0.0010981
0.0045256
0.0084157
0.003771
-0.0037286
0.0074531
-0.0036612
0.0027453
0.0035848
-0.0093437
0.0098044
0.0018916
0.0012535
0.0013768
0.0071415
-0.0006276
-0.0060426
-0.0066609
-0.004187
-0.0054159
-0.0050432
-0.0089818
0.005407
0.0090218
0.0078473
-0.0002385
0.007005
-0.0034997
0.0034377
0.0068506
-0.0075487
-0.0047603
-0.0069497
0.0011954
-0.0072136
0.0085148
0.0083359
-0.0016849
0.003148
-0.0083325
0.0028242
0.003177
0.0097851
0.0022547
-0.0040352
-0.0049655
-0.0033204
0.0021414
0.0003215
0.0030907
-0.0024778
-0.000512
0.0019378
0.0054046
-0.0088697
-0.0083193
-0.0074013
-0.0075672
-0.0034176
-0.0005054
-0.0084579
0.0054142
0.0017525
