0.0092014
0.0070899
0.0083634
0.0025521
0.0014635
-0.0063613
0.0030193
-2.83e-5
0.0086917
-0.0003419
-0.0046474
0.0031636
0.0047492
0.0036234
0.0021422
-0.0020848
-0.0092069
0.0025358
0.0088519
-0.0008848
-0.0054121
0.0036398
0.0065319
0.0032064
-0.0079158
-0.0089066
-0.0006305
0.0012361
0.0010012
0.0099957
-0.0059608
0.0063863
-0.0025448
-0.0093192
0.0022386
-0.0081264
-0.0078255
-0.0052428
-0.0019697
0.0063479
0.0092301
-0.004258
-0.0002155
0.0008806
-0.0061891
0.0097798
-0.0047267
0.0083346
0.0039647
-0.0089693
0.0068838
-0.0054503
0.0024605
-0.0016553
-0.0009446
-0.0031966
-0.0003695
0.0068605
0.003388
0.009229
-0.0014933
7.51e-5
-0.0077267
0.0021705
0.0048796
0.0088534
0.0071356
0.002274
-0.0068411
0.0044998
0.0092954
0.0066335
-0.0046465
0.0036919
-0.000637
-0.0042381
0.0023537
0.0089659
-0.0009401
0.0050419
-0.0028927
0.0049505
-0.0076647
0.0042771
-0.0058699
-0.0026239
-0.0049913
-0.0015152
0.0092122
-0.006941
1.02e-5
-0.0093704
-0.0041446
-0.007169
0.0089943
0.0016898
-0.0003332
-0.0068516
-0.0032949
0.0019051
0.009303
0.0077641
-0.0045607
-0.0048465
0.0068285
0.0008985
-0.0080913
-0.0051094
0.0060742
-0.0042457
0.0041664
-0.0060547
-0.0063212
0.0064308
0.0012256
0.0082859
0.0021615
0.0060712
-0.004147
0.0066533
-0.0014981
-0.0086924
0.0085545
0.0032705
-0.0019614
-0.0022673
-0.0093783
-0.0050042
-0.0085467
0.0084929
-0.0084546
0.0003677
-0.0049051
0.0035222
-0.0006346
0.0025813
0.0074604
-0.0036583
-0.0017276
-0.0057996
0.0042632
-0.0060953
0.0029581
0.004648
-0.0067689
-0.0098282
-0.0098907
0.0055894
-0.0074746
-0.0038536
0.0002813
0.0016446
0.0065483
-0.0012682
-0.0042005
0.0065532
0.0005023
-0.0084283
0.004927
0.0076419
-0.0077023
0.0002895
0.0088858
-0.000605
-0.0048511
0.0047817
0.0063612
-0.0025216
-0.002294
-0.0075986
0.0077064
0.0092577
-0.003617
-0.0052311
0.0072403
-0.0049804
0.0065436
0.0044117
-0.0004178
-0.0083671
-0.0072117
-0.0014752
0.0093918
0.0037269
-0.0075262
0.0092966
0.0010147
0.0056208
0.001845
-0.0017079
0.0087092
-0.0057798
-0.0067249
-0.0008295
0.0097341
0.0003408
-0.0094583
0.0001125
-0.0035949
0.0076834
0.0061141
-0.00566
0.000421
-0.0042047
-0.0096076
0.0013642
-0.0037695
-0.0066671
0.0004055
-0.0005288
0.0038677
0.0093322
-0.0041727
-0.00021
0.0007995
0.0022794
-0.0007167
0.0050118
-0.003315
0.0013268
0.0011032
0.0012504
-0.0038808
-0.0037103
-0.0026096
0.0010544
-0.0095989
-0.0081327
0.0069203
-0.005017
-0.000378
-0.0085804
0.0029901
-0.0088873
-0.000197
0.001213
0.0011998
0.0077736
0.0081088
0.0064617
0.0094608
-0.0040165
0.0092513
0.0002993
0.0087005
0.0085311
0.005037
0.004238
0.0065069
0.0036077
0.0059034
-0.0023994
0.0051269
-0.0002459
-6.51e-5
-0.001051
0.001224
-0.0044492
-0.0062198
-0.0003613
-0.0092963
0.0096722
-0.0061441
0.0052249
0.0019893
-0.0041441
-0.0071919
0.0051636
0.0023841
-0.0049078
0.0098509
-0.0097201
0.0022373
-0.0051331
-0.0007273
0.008249
0.0052891
0.0069743
0.004468
-0.0071383
-0.0042471
0.0044884
0.0008932
-0.0043889
0.0001629
-0.0034902
-0.0013104
0.0045534
0.0049037
0.0048688
0.0047118
-0.001501
0.0061356
-0.0084296
0.0046215
-0.0053254
-0.0037535
-0.000871
0.0097207
0.0043566
-0.0086666
-0.0059291
-0.0095951
-0.0037738
-0.0038794
0.0067895
-0.0070443
-0.0085181
0.0004686
0.0038137
-0.0007169
0.0048788
-0.0040363
-0.0092559
-0.008562
-0.0006979
0.0003945
0.0021398
-0.0009925
0.001526
0.0009354
0.0037229
0.0016031
-0.0020488
0.0047204
-0.0060155
0.0060121
0.00606
-0.007683
-0.0015291
0.0068227
0.0037322
-0.0029856
0.0014284
-0.0031031
0.008056
-0.008177
-0.0067192
0.0093471
0.0020488
-0.0051284
0.009167
0.004323
-0.0044384
0.0050649
-0.0050101
0.0040742
-0.004912
-0.0016134
0.002214
-0.009997
-0.0065139
-0.0070683
0.0014736
-0.0026678
-0.0065631
0.0054113
0.0015878
0.0089035
0.001346
-0.0019736
-0.0016553
0.0060452
-0.0071451
0.005461
-0.0072869
-0.0017472
-0.0040293
0.0078823
0.0014265
0.0047986
-0.0095728
-0.0060972
0.0037413
-0.0079313
0.0099474
-0.0065655
-0.0008665
-0.0051905
-0.00198
-0.0031197
0.0052821
-0.0055684
0.0042865
-0.0017381
0.0009595
0.0028047
0.0062408
0.0020824
-0.0019792
0.0071474
-0.0061294
-0.0081036
0.004748
-0.0093357
-0.0079879
0.0053217
0.0027895
0.0088443
-0.0087394
-0.0012371
0.0062223
-0.0032004
-0.0052807
-0.006331
-0.0012188
-0.005907
-0.0002171
-0.0076577
0.0014817
0.0012768
0.0031302
0.0096794
-0.0009793
-0.00051
-0.0001174
-0.002547
0.0087372
-0.0084237
-0.0036872
0.0009816
-0.0003655
0.001111
0.006746
0.0058604
0.0099374
-0.0090325
0.0049672
0.0044419
-0.009695
-0.0018556
-0.000223
-0.0026462
0.0075632
0.0004845
-0.0014073
-0.0075174
0.008584
-0.0038583
-0.0083839
-0.0097567
0.0009614
0.0092638
0.0052733
-0.0095044
-0.0001657
0.0004376
0.0039613
-0.0052315
0.0041909
-0.0081769
0.0051984
-0.0098214
4.22e-5
0.00876
0.005176
0.0046076
-8.85e-5
-0.0040218
0.0088807
-0.0002483
0.0016517
-0.0049452
0.0091283
0.0030123
-0.0034924
-0.0001037
-0.0048835
0.0005034
-0.0034269
-0.0087322
0.0055128
0.0027388
0.0098196
-0.0053092
0.0045641
0.0043553
-0.0022838
0.0027984
-0.0086069
-0.0022814
-0.0064136
0.0093714
-0.0041401
0.007955
-0.0069982
-0.0037751
-0.0055415
0.0003665
-0.0089933
4.94e-5
-0.009413
-0.0096152
0.0006125
-0.0097494
