0.0090163
-0.0023182
0.0018177
-0.0031879
-0.0026965
-0.0082443
-0.0078766
-0.0022705
0.0047215
-0.0095108
0.0070481
-0.0071637
0.0009113
0.0050629
-0.0096544
0.0014691
-0.0087545
0.0045484
0.0097962
-0.000596
0.0048855
0.0021965
0.0076825
-0.0072727
0.0001424
-0.0033047
0.006224
0.0092194
-0.0094093
-0.0002146
-0.0054743
0.0030219
-0.0012457
0.007669
0.0040736
-0.0006699
0.0071897
0.0063143
0.0029148
0.0049581
-0.004148
-0.0041587
0.0056797
-0.0051931
-0.0058793
0.0032719
0.0021362
0.0093494
0.0043647
-0.0062141
0.0089518
0.0075135
-0.0078923
0.0086539
-0.0060724
0.0031146
0.0040376
0.0003935
0.0054061
-0.0058155
0.0050208
-0.0090055
0.008978
-0.0004433
-0.0007564
-0.0010325
-0.0092511
0.0063962
-0.0029643
-0.0006078
0.0026116
-6.79e-5
-0.0034412
-0.0058882
-0.008237
-0.0081862
-0.0034225
-0.0092672
0.0043611
-0.0068231
0.0053864
-0.0043924
0.000242
-0.0094557
-0.0009747
-0.0013001
0.007793
-0.0093262
0.0096161
0.0094034
0.0054048
0.0052278
-0.002091
0.0078709
0.0032163
0.0063045
-0.006093
0.0008018
-0.0097408
-0.0063824
0.0099657
0.0074662
-0.0085199
-0.005872
-0.0047923
0.0055573
-0.0089529
0.0028488
-0.001628
0.0084303
0.0048704
-0.0042394
0.0056724
-0.009817
0.0044259
-0.0088699
0.0092894
-0.0046557
-0.006308
0.0027816
0.0037039
0.0048862
-0.0088691
-0.0056383
0.007746
-0.0032561
-0.004782
-0.006562
0.0034447
-0.0055481
0.0036021
-0.0032512
0.0066774
0.0084496
0.0034142
-0.0026941
0.0084236
0.0088843
0.0040085
-0.0034757
0.0070064
0.0087034
-0.0077127
-0.001837
-0.0051891
-0.0038503
-0.0092215
-0.009913
-0.0057303
0.0054193
0.0017148
-0.0038236
0.0021387
0.0062991
-0.0085199
-0.0037107
0.002107
0.0023078
-0.006154
-0.006085
-0.004606
0.004263
0.0008876
-0.0034926
-0.009865
-0.0049584
-0.0067233
0.002565
0.0041822
0.0004407
0.0072579
0.0036241
0.0020916
0.0065138
0.0046019
-0.0099739
-0.0075384
0.0014181
-0.003169
0.0039212
0.0001453
-0.0068737
-0.007724
0.0060297
-0.0099434
-0.0015192
0.0089821
-0.0085739
-0.0051943
-0.0074608
-0.0040228
-0.0014583
-0.0078728
0.0040522
-0.0020435
-0.0088909
0.0006714
0.0099804
-0.0087607
-0.0010733
0.009634
0.0035412
0.0092015
-0.0021141
0.0050254
0.0010414
0.0098505
-0.0020839
0.0088726
-0.0013875
-0.0083623
-0.0014581
-0.0038964
-0.0014114
-0.0091199
-0.0010057
0.0093142
-0.0006775
-0.0041003
0.0091004
-0.0002942
-0.0017699
-0.0083462
0.0005416
-0.0001776
0.0046122
0.006064
0.0042838
-0.0051656
-0.0042567
-0.009386
0.0002084
0.0014822
0.0023617
0.0074632
-0.0026199
-0.0006747
0.0025198
-0.0098748
0.0093144
-0.0034488
-0.0014562
0.0064269
-0.008569
-0.0047516
0.005483
0.0053982
-0.005794
-0.0015033
0.0053441
-0.0054569
0.0009637
-0.0091686
0.0045882
-0.0069364
6.31e-5
-0.0040005
0.0002809
-0.0093254
-0.0073016
-0.0075069
-0.0042527
0.0007576
0.0040909
0.0058617
0.0067814
-0.0063552
-0.0055505
0.0034102
0.001983
0.006628
0.0076896
-0.0072511
7.56e-5
0.0004379
-0.0092791
-0.0088993
0.002231
0.0057759
0.0008715
-0.004493
0.0061531
-0.0076823
0.004846
-0.0007968
-0.003017
0.0042644
-0.0014652
-0.0027585
-0.004911
-0.0016499
-0.0055334
0.0096546
0.0031424
-0.0076107
-0.0011292
-0.002427
-0.0002832
-0.0020687
-0.004996
0.0013848
-0.0092635
-0.0080383
-0.0044447
-0.0099272
-0.002905
-0.0036972
0.0099012
-0.0098027
-0.0001318
0.0063497
-0.0083766
-0.0005195
-0.0085441
-0.0098534
0.0063754
0.0078117
-0.0032804
-0.0092855
0.0020295
0.0007956
0.0014934
-0.0095798
-0.0041943
0.0024141
0.0050485
-0.0089499
-0.0029178
-0.0080594
5.2e-6
0.0018611
-0.0083701
0.000491
-0.0007867
0.006405
0.0021523
-0.0073663
0.0065522
0.007384
-0.0029558
-0.0028268
-0.0065272
-0.0028549
-0.0006446
0.0070726
0.0087173
0.0074835
-0.0016623
0.0099444
-0.0075862
0.0001031
-0.0075109
-0.0011435
-0.0070704
-0.0055962
-0.006762
0.009308
0.00731
0.0010124
-0.0003075
0.0080212
0.0001281
0.009715
-0.009487
-0.0008359
-0.00489
-0.0010129
0.0007963
0.0095318
0.0097245
-0.0050247
0.0013486
-0.0088935
0.0003844
-0.0002824
-0.0063778
-0.0093724
-0.0009019
-0.0052568
0.0066384
-0.0032804
0.0059237
0.0008154
0.0011499
-9.9e-5
2.81e-5
0.0045152
0.0093819
-0.007842
0.0056654
0.0098789
-0.0078002
0.0063069
0.0092608
-0.0012049
-0.0050959
-0.0048895
-0.0008674
-0.0004078
-0.0082251
-0.0088835
-0.0056768
-0.0078811
-0.0073116
0.0049968
-0.0015932
-0.0012776
-0.0083049
0.005718
0.007805
0.0054043
-0.0061235
0.0060999
-0.0023087
-0.006447
0.0015536
-0.0013667
0.0005418
-0.0070747
-0.0031454
-0.0007794
-0.0056896
-2.73e-5
0.0082028
-0.0084134
-0.0010598
0.004258
-0.0025512
0.0013872
0.0059347
0.0013391
-0.0021939
-0.0005553
-0.0083266
-0.0096993
-0.0055302
-0.0025659
-0.0058959
-0.0040059
-0.0041013
-0.007043
0.0073454
-0.000957
0.0098064
0.0013603
-0.0008345
-0.0061477
0.0020203
-0.0099014
-0.0021724
-0.0092473
-0.0030961
-0.0015368
-0.0013582
0.0091711
-0.0061959
0.0046612
-0.0080785
0.0045327
0.005004
-0.0083772
0.0027535
-0.0030762
0.0075205
0.0090076
0.0081901
0.0003492
0.0014312
0.0093002
0.0059666
0.0065518
-0.0050767
0.0076857
0.0048651
0.0071718
0.0076372
0.0010407
-0.0056744
-0.00097
0.0094294
-0.0019148
0.0047215
0.0029421
0.0095645
-0.0030535
-0.0070925
-0.0033227
-0.0096805
-0.0002804
-0.0066002
0.0081055
-0.008362
-0.0084582
-0.0043204
-0.0046957
