-0.0064519
-0.0036959
0.0017375
-0.0093879
0.0012231
0.0009539
-0.0001679
-0.0047995
-0.0004823
0.001999
0.0010051
-0.0064759
-0.0050217
0.0015899
0.0023773
-0.002448
0.0038866
-0.0009175
-0.0022702
0.0083041
-0.0079944
0.0051479
0.0086879
-0.0033902
-0.0030762
-0.0009813
-0.0086653
0.0085793
0.0065954
0.0069757
4.84e-5
0.0029663
-0.0049951
-0.000484
0.0006084
0.0058054
0.0095157
0.0099113
0.0041048
0.0065376
-0.0005463
-0.0028374
0.0072714
-0.0017612
0.006838
0.0032671
0.0095735
-0.0082608
0.0079407
-0.0005957
0.0048316
0.0077542
0.0079365
-0.0023581
-0.0049985
0.0060086
0.0022668
0.004133
0.0008868
0.0026299
0.0070425
0.0053189
0.0002222
0.0017979
0.0050591
-0.0091795
-0.0020531
-0.0027347
0.0055527
-0.0013578
-0.0078424
-0.0028236
-0.0070101
0.0054114
0.0060286
0.0022469
0.00402
-0.0012485
0.0051806
-0.002651
-0.0027532
0.0028271
-0.0093157
0.0029937
0.009972
0.0095411
-1.07e-5
-0.0036589
0.0089675
-0.0054037
0.0089165
0.0059359
-0.0035036
0.0035795
-0.0042115
-0.0037054
-0.0029249
-0.0042472
-0.0003083
0.0053761
-0.0048458
-0.0023471
0.0052502
0.0011273
-0.0022056
-0.0040862
0.0054126
-0.001083
0.003203
0.0043656
-0.0038918
9.47e-5
0.0048987
-0.0099853
-0.0034504
0.0072948
-0.0051309
-0.0042624
0.0067766
0.0001808
0.0078786
-0.0094518
-0.0041974
-0.0058936
-0.0080477
-0.0017137
-0.0059939
0.0088532
0.0042849
0.0097149
-0.0062738
-0.0031401
0.0099507
-0.00187
-0.0012055
-0.0040555
-0.0076724
0.0037843
-0.0023452
0.0046631
0.006911
0.0082185
0.0002854
-0.0034686
0.0040623
0.0067387
-0.0087941
0.0046962
-0.0013256
-0.0058591
0.0004812
0.0059352
-0.0098768
-0.0024666
-0.0001746
0.0046563
-0.0027577
0.0067599
0.0030621
0.001736
-0.0016963
0.0023247
-0.0014664
0.0034377
-0.0004833
-0.0037943
-0.0076204
-0.0088311
0.007843
0.0056211
-0.0062401
-0.0020077
-0.0060062
-0.0086549
-0.0027851
-0.0024727
-0.0030438
9.49e-5
-0.0013959
-0.0089521
-0.0041567
-0.0087405
0.0009182
0.0020227
-0.0065017
0.0097798
0.0061952
0.0068774
-0.004243
-0.0054684
0.0084302
-0.0069232
0.0012869
0.008644
-0.0019282
0.0050585
-0.0067104
0.0027737
-0.0059717
0.0087462
0.0079365
-0.0096655
-0.0096962
-0.0068791
-0.0040277
0.0007372
-0.0032634
-0.0083879
-0.008947
-0.0010449
0.0001415
0.0008799
-0.0042781
0.0066794
0.0040806
-0.0044378
0.0050449
1.4e-6
-0.0052421
0.0029106
-0.0024796
0.0011381
-0.0072547
0.0089187
-0.0012787
-0.0081125
0.0069019
0.0092196
-0.0053936
-0.002812
-0.0080626
0.0035784
-0.0025201
0.0055107
-0.0019661
-0.0030477
0.0013757
0.0002806
-0.0057938
-0.0034797
-0.0034601
-0.0012973
0.0094579
-0.0063871
0.0021057
-0.005968
0.006788
-0.0014059
-0.000385
-0.0016697
0.0076979
-0.0098561
-0.0007629
-0.0046327
0.0021438
0.0002424
0.0078769
0.0083321
-0.0019905
-0.006391
0.0071786
0.000122
-0.0055297
3.0e-5
0.0031307
-0.005398
-0.0059601
-0.0057936
-0.0055522
0.0008198
-0.0032246
0.0012454
-0.0079829
-0.0085225
-0.0012772
-0.0013625
-0.00744
-0.0075155
-0.0030867
-0.0075649
-0.0030965
-0.0015447
-0.0058334
-0.0002802
-0.0059119
0.0007866
0.0082512
0.0052965
0.0084129
0.003677
0.0065426
0.0084347
-0.0076302
0.0004188
-0.0061197
-0.0016701
-0.0089145
0.0081188
0.0055244
-0.0003864
-0.0046359
0.0085838
-0.0074671
0.0085963
0.0030593
-0.0092921
-0.0017871
-0.0038717
0.0037218
0.0088088
0.0052364
-0.0055072
0.0096232
0.0031802
0.0093455
0.0004125
-0.004041
-0.0023768
0.0014442
0.0028929
-0.007351
-0.0001158
0.005212
-0.0061458
-0.0075085
0.0056152
-0.0011841
0.0099871
-0.0078245
0.0015672
-0.0035672
-0.0081683
0.0060072
-0.001723
-0.0002407
-0.000937
0.0058502
0.0084555
-0.0015637
-0.002546
-0.0035515
-0.0092197
0.0019082
-0.0099658
0.0022423
0.0071268
-0.000536
-0.0038962
-0.001029
-0.0094045
0.0035743
0.0013123
0.0018164
-0.0012231
-0.0015762
-0.0077276
-0.0051025
-0.0026747
-0.0024509
0.0006864
0.0052204
0.0075674
0.0008695
-0.0049324
-0.0056202
0.0001547
-0.0096507
-0.0054404
-0.0092023
0.0082176
-0.0056252
0.0027632
-0.0007643
-0.0098473
-0.0091457
0.0053526
-0.0059489
-0.0024431
0.0062596
-0.0062155
0.0027648
-0.0022167
-0.0044049
-0.0009411
0.00355
0.0038286
-0.0082194
-0.0055775
-0.0057622
0.0038377
-0.0036446
0.0046035
-0.0004369
0.008995
0.0032544
-0.0069069
-0.0017238
-0.0025165
-0.0074428
1.81e-5
0.0008263
0.0020447
-0.0067227
-0.0056991
-0.0007217
0.0068685
0.0032503
0.009594
-0.0072839
0.0011741
0.0059953
-0.0042558
0.0050957
0.0013554
0.0091199
0.002672
-0.0064928
-0.0033851
0.0069727
-0.0061986
0.0042044
0.005079
0.0048189
0.0007265
-0.0079806
0.0002057
-0.007059
-0.0013863
-0.0095484
0.005616
0.0023361
-0.007181
-0.0070163
0.005977
0.0055617
-0.0024925
0.0005902
-0.004698
0.0078783
0.0003191
0.0072273
0.0049921
-0.0078237
0.0004405
0.0036741
-0.0091002
0.0016139
0.0061205
-0.0048702
-0.004466
0.0083924
0.0078119
0.0046894
-0.0053909
0.007523
0.0061912
-0.0021642
-0.0009032
0.0001394
0.0077313
0.0012308
-0.0095044
0.009186
-0.0080291
-0.0013669
-0.0047925
-0.0042101
-0.002771
-0.0073081
0.0018011
0.0080187
-0.0007082
-0.0078649
-0.0093016
-0.0012704
-0.0088425
0.0052703
0.0034758
0.0014114
-0.0009205
-0.0042384
0.0060645
-0.005972
0.0053987
-0.0024075
0.0060138
-0.0015158
0.0049897
-0.0002934
0.0018327
-0.0084062
0.0034957
0.0051873
-0.0093493
-0.0092641
