0.0072985
0.0089481
-0.0057545
0.0094312
-0.0049802
-0.0027414
0.0066353
0.0024045
-0.0072236
0.0052698
0.007187
0.0003252
0.0032747
0.0051038
0.0029918
-0.0061013
0.0012266
0.003146
-0.0035047
-0.0051184
0.0011877
-0.0019915
0.0081624
0.0019518
-0.0038469
0.001568
0.0009866
-0.0065868
0.0007158
0.0033921
0.0036854
0.009129
-0.0010386
-0.0057698
0.0045955
0.0002881
-0.0094674
0.0082859
-0.0078127
-0.0071524
0.0034679
-0.0075706
0.0001323
-0.0086093
0.0043336
0.0083711
-0.0060494
-0.0079077
0.0088196
-0.0006754
-0.0049929
0.0019501
0.0095723
-0.0059884
-0.0065163
0.0071754
-0.0030953
0.0034165
0.0035349
-0.0018158
-0.0028734
-0.0007332
0.0024824
0.0065595
0.0088072
0.0077443
-0.0042605
-0.0078697
-0.0082534
-0.0035516
-0.0008592
0.0045745
0.0070939
-0.0020851
0.0014965
-0.0040938
0.0080552
0.0030249
0.0032064
-0.0062998
0.0039978
-0.0044013
0.0065571
-0.0085393
-0.0005202
0.0068323
0.0016508
0.0002347
0.0082391
-0.0072964
0.0003646
0.001351
-0.0046239
-0.0056262
-0.0007135
0.0081417
0.0063415
0.0088398
-0.009768
0.0075809
0.0004379
0.0097793
-0.0054482
0.009466
-0.00246
-0.0003056
-0.0090954
0.0068774
-0.004834
0.0062313
-0.0037821
0.0027958
0.0044811
-0.0062079
0.0036158
0.0075069
0.0048475
-0.0075451
0.0001308
0.002748
-0.004265
0.0031623
-0.0090658
0.0063709
0.0006742
0.005061
-0.0085068
0.0094547
0.000223
-0.0050994
-0.0079418
0.0020628
-0.0037262
-0.0019417
-0.0049088
0.0088153
-0.0094799
-0.0012632
-0.0061382
-0.0020869
-0.0061642
-0.0089146
-0.0088249
0.0025119
0.0002996
0.0083241
-1.21e-5
-0.0023935
0.0091779
0.0099742
-0.0007476
0.0066246
-0.0014711
-0.0097279
-0.0026407
-0.0021106
-0.007486
0.0099906
-0.0044328
0.0012946
0.0094423
-0.0072112
0.0021967
-0.0056838
0.0057965
0.0085997
-0.0081264
0.0076442
0.0096468
0.0032389
0.0053723
-0.0027624
-0.0048545
-0.0013483
-0.00622
-0.0062961
0.0016873
-0.0062415
-0.0005195
-0.0019504
-0.0002321
-0.0051506
-0.0051399
0.0031347
0.0011762
-0.0019895
0.0063444
0.0029302
-0.0001715
-0.0089928
-0.0040142
-0.0078856
-0.0057565
-0.0093562
0.0045273
0.0034742
-0.005844
0.0032217
-0.0052171
-0.0015466
-0.0062088
-0.0042551
-0.0045806
-0.0056918
-0.0063723
0.0022964
-0.0032092
-0.00823
0.0052349
0.0001938
0.0025172
-0.0090221
0.0004154
0.0043661
0.0017356
0.0031788
0.0012998
0.0013642
0.0002164
-0.0048468
0.0014563
-0.0006014
-0.0059966
-0.0028564
-0.0097827
-0.0082447
0.0028962
-0.0090584
-0.0052822
-0.001097
-0.0031518
0.00233
0.0031542
-0.0046183
0.0068297
-0.0043964
-0.0039356
-0.0040315
0.0093006
0.0088199
-0.0029454
-0.0080883
0.0032786
0.0055185
-0.0055252
-0.0008862
0.0087228
-0.0078652
0.0059697
-0.0081506
0.0036321
0.0065958
-0.0043192
-0.0023605
0.0031351
-0.0076778
-0.0038579
0.0021716
-0.0090018
0.0001083
-0.0038895
0.0034736
0.0068081
-0.0004514
0.0049263
0.0053961
0.0055737
-0.0060349
-0.0068712
0.0078051
0.0086877
0.0043122
0.0059141
-0.0058759
0.0043437
0.0099599
-0.0098825
0.006379
-0.0092526
-0.0088993
0.0028402
-0.0008618
-0.0062638
-0.0001372
0.0019436
0.0054469
0.0046203
0.0088659
-0.0093331
0.0073901
0.0096661
-0.0029623
-0.0023337
-0.0043468
-0.0001573
0.0026356
0.0074045
-0.00514
-0.000535
-0.0093296
0.0035233
-0.0062014
0.0006335
-0.0072238
0.006002
-0.0054471
-0.0081436
-0.006127
-0.0097305
-0.0045227
-0.0034511
0.0050361
0.0022016
0.0098901
0.0073629
0.0063832
0.0034203
0.0073186
0.0080202
0.0063639
-0.0088103
0.0034123
-0.0091434
0.0067879
0.0075619
-0.00357
-0.0012006
0.0060252
0.0003446
-0.0010373
0.0098495
0.0078818
-0.0021419
-0.0021331
0.001632
-0.006775
0.0070102
-0.003618
-0.0079783
-0.0097712
0.0038025
-0.0056687
-0.0087046
-0.0008013
0.0053132
-0.0069318
0.0061584
-0.0036761
0.0079282
0.0042335
-0.0051092
0.0035381
0.0008265
0.0009809
-0.0023641
0.006655
0.0098201
-0.0086939
-0.0015884
0.0026547
-0.0012092
0.0029341
-0.0061497
0.0061415
-0.0068651
0.0074376
-0.0092118
0.0007165
0.0022848
0.007408
0.004769
0.0009292
-0.0025342
-0.0084997
-0.0017303
0.0062166
0.0057512
0.0089447
-0.0017925
0.0036136
0.0023848
-0.0058969
-0.0003023
0.0045695
0.00489
-0.0067231
0.0006075
-0.0045756
-0.0049949
-0.0032357
0.0050956
-0.0094751
-0.0009315
-0.0092791
-0.0055877
-0.0046164
0.0060093
-0.0051657
-0.0042229
-0.005366
-0.0092232
-5.91e-5
-0.0038127
-0.0012347
-0.0047965
-0.0056014
0.0023319
-0.0094628
0.0002266
0.0049203
-0.0028134
0.0080189
-0.0078889
0.0026487
-0.0077636
-0.0057758
0.0072096
0.0034063
-0.008262
0.0063482
0.0014093
0.0039603
-0.001819
-0.0092109
-0.0071356
-0.0048759
-0.0063735
-0.0044101
-0.0004556
-0.0091001
-0.0001875
-0.0082141
-0.0043161
0.0085723
-0.0096216
0.0040777
0.0099682
-0.0010969
-0.0004929
-0.0084068
0.00162
0.0079183
-0.0058336
-0.002263
0.0027377
-0.0070458
0.0026264
0.0043234
0.0030599
0.0084913
0.0095154
-0.0068919
0.003698
0.0051934
0.0041991
0.0013372
-0.0015991
0.0099976
0.0046293
-0.009363
0.0057346
0.0012263
-0.0046718
0.0031227
0.0076904
-0.0093895
0.0068659
0.0060869
0.0077147
0.0073507
-0.0027009
-0.0043368
0.0026025
-0.0067458
0.0080172
-0.0085611
0.0001638
0.0090393
0.0009137
-0.0001535
-0.0096284
-0.0014357
0.0057162
0.0081761
0.0061843
-0.0009034
0.0053069
-0.0035219
-0.0077358
0.0089392
0.0011441
0.0078243
-0.0059272
-0.0006939
0.0045455
