0.0071342
-0.0064908
0.0054425
-0.0087027
-0.0013876
-0.0050756
0.0023657
0.0006458
0.0008793
0.005723
-0.0017094
0.0019759
-0.0029059
0.000231
0.0037634
-0.0028418
-0.0095362
0.0088505
-0.0081951
0.0061398
-0.0037773
0.0028104
0.0090729
0.0028386
0.0086279
0.0010754
-0.0084182
0.0038481
-0.0043118
0.0070909
-0.005938
0.0043829
-0.0044378
-0.0090721
0.0043505
0.003146
-0.0052549
-0.0040919
0.0079995
0.0051469
-0.0091153
0.0051009
0.0096047
0.0042571
0.0044013
0.0055377
0.0060211
-0.0088198
-0.0064343
0.0029766
0.0034775
0.0012618
-0.0063842
0.0031184
0.004672
-0.0001842
0.0002564
0.0072963
-0.0013552
0.0097324
0.0076616
-0.0017344
0.0034995
0.0097334
0.0067277
-0.0007767
0.0085989
0.002745
0.0079681
-0.0098993
0.0061364
-0.0057165
0.0098111
-0.0095516
0.0071195
0.0002269
0.0035743
-0.0095064
-0.0050553
0.0011367
0.0022103
0.003921
0.003823
-0.0071735
0.0051538
-0.0044682
0.0057576
0.0006074
-0.0027319
0.0006983
0.0018605
0.0040054
0.0028485
0.0011416
-0.0020452
-0.0019036
0.0026722
-0.005701
0.0066947
-0.0025484
0.0046616
0.0090407
0.001722
0.0022498
-0.0076594
0.0095837
-0.0049386
0.0023811
0.0055317
-0.0014754
-0.0011909
-0.0099399
-0.0043224
-0.0072682
-0.003227
0.0014827
0.0071789
-0.0064301
0.0069831
0.0069579
0.0097674
0.0021427
0.0049772
0.005104
-0.0033929
0.0028535
-0.001596
0.0097209
-0.0046348
-0.0064009
0.0002255
0.0012937
-0.0084103
0.0040774
-0.0035687
0.0020811
-0.0067022
0.0091416
-0.0031188
0.0016481
-0.0004602
-0.0011155
-0.0043892
-0.0039103
-0.0055058
0.0049454
-0.006177
0.0045613
0.0009465
-0.006014
0.0005521
0.0034358
0.0068296
0.0032389
0.0015275
-0.0049273
-0.0065987
-0.0009599
0.0066304
-0.005429
-0.0016403
0.0079278
-0.0064718
-0.0021215
-0.0097009
-0.0062624
0.0053709
0.0017039
0.0076015
-0.0018451
0.0020609
-0.0090281
-0.0035436
-0.0025588
0.004488
0.0071666
-0.0042482
-0.0065221
0.0008321
0.0037123
0.0065744
0.0088183
-0.0071192
-0.0099654
-0.0051465
0.005453
0.0050511
0.0092416
0.0002014
0.0058741
0.0048608
0.0025413
0.0080081
0.0064977
0.0075045
-0.0055572
0.0087619
-0.0056311
-0.0017169
-0.0016117
-0.0062589
0.008976
-0.006837
-0.003532
-0.006492
0.0044343
-0.000856
0.0028007
-0.005993
0.0087835
0.0089928
0.0054194
-0.0045482
-0.0041679
0.0085753
-0.0013436
-0.0046745
-0.0014876
-0.0099733
0.0042097
0.0083904
0.0045618
-0.0069645
-0.0095769
0.0064491
0.0048599
0.0024127
-0.0054705
-8.71e-5
-0.0026336
-0.0028525
0.0007879
0.0077064
-0.0095315
-0.0070376
-0.0093133
-0.0015363
0.0060995
-0.0082419
-0.0036613
0.0004998
0.0082509
0.0078984
0.009399
0.005611
-0.0028148
0.0082412
-0.0008028
0.0079663
0.009042
-0.0053763
0.0039163
-0.0099002
-0.0057401
0.0091843
0.0098775
0.0015504
-0.0030218
0.0053204
-0.0072037
0.0017262
0.0016313
-0.0076781
0.0011645
-0.00525
0.0020877
0.0071877
0.0068932
-0.0095588
-0.0061631
0.0046841
0.0034737
-0.0050339
-0.007817
-0.0012876
0.0059157
0.0033968
-0.00675
0.0029185
3.1e-5
-0.0082273
0.0059503
-0.0049527
0.0031192
0.0068564
-0.008792
-0.0030233
0.0049511
-0.0003716
-0.0048769
0.0032929
0.0095763
-0.0097052
0.0087095
0.0093017
0.0069144
-0.0024268
0.0088474
0.0039824
0.0046365
-0.008651
-0.004818
-0.0099636
0.0049216
0.0066751
0.0081651
0.0098835
0.0047088
0.0057602
0.0008505
-0.001326
0.0086355
0.0082801
-0.001893
-0.0097425
0.0025199
0.0097872
0.0091884
-0.0099902
0.0084917
0.0046981
0.0016304
0.0094955
-0.0017033
-0.0082494
0.0042626
-0.0097291
-0.0018623
-0.0010527
0.0090809
0.0078187
-0.0037432
0.0087151
0.0019676
-0.0076676
-0.0050018
0.0024559
-0.0012934
-0.0097933
-0.0025307
0.006259
0.0049544
-0.0019146
0.0067518
0.0061389
0.0079986
-0.0063697
0.0025778
-0.0089526
-0.0090769
0.0032224
0.0098956
0.0092307
0.0077427
0.0050873
0.0011447
-0.0025472
0.006749
0.0064147
-0.0065625
-0.0014179
0.0046035
0.0088756
0.0016449
0.0008592
-0.0089946
0.003087
0.0016129
-0.0061764
0.0002609
-0.0012107
0.0067215
-0.0098591
0.0031251
-0.0022185
0.0067353
-0.0029181
0.0030072
-0.0073688
-0.0018977
-0.0045828
0.0053037
-0.0066956
0.005648
0.0052537
0.0022621
0.0053735
0.0048177
0.0093948
-0.0088008
5.27e-5
-0.0025975
0.0022938
0.0021675
0.0087122
0.005642
-0.0069442
0.0066423
0.0054204
0.0017225
0.0090836
-0.0010028
-0.0076752
0.0099757
-0.0082436
-0.0026092
-0.0072665
-0.0009868
-0.002023
-0.0005778
-0.0010859
-0.0008452
-0.0057634
9.03e-5
0.007936
-0.0061353
6.7e-5
0.0040863
-0.0010242
0.0072912
0.0088671
-0.0094618
0.0072836
-0.0082781
0.0004127
-0.0059352
-0.0016541
-0.0063322
-0.0083927
0.0072528
-0.0016199
0.0060921
0.0043463
-0.0001496
0.0003491
-0.0014281
0.0012138
-0.0007792
0.0033797
0.0016824
-0.0039922
-0.0085096
0.0004365
0.0079873
-0.0017635
-0.0008679
-0.0097958
-0.0038242
0.0069477
0.0013262
-0.0032196
-0.0013572
-0.0025823
0.0026971
0.0057276
-0.0013274
0.0069247
0.0095709
0.0075409
-0.0027485
0.0094505
0.0023671
-0.0069163
-0.0066936
0.0005793
0.0073682
0.0098816
-0.0040212
-0.0023007
-0.009135
0.0085418
0.0078711
-0.0003316
-0.0009034
-0.0091415
-2.04e-5
-0.0079477
0.0008317
-0.0044936
0.0019478
0.0028916
0.0083763
0.0012758
0.0096224
-0.0043856
-0.0065718
-0.0081708
0.0037785
0.007856
-0.0028087
0.001104
-0.0043742
-0.0080151
0.0086175
-0.0028972
