-0.0097318
-0.0072439
0.0042414
0.0089934
0.0015178
-0.0080084
-0.0083229
-0.0063602
0.0093983
-0.0075835
-0.0091181
-0.0090614
-0.006083
0.0004029
-0.0004314
-0.005963
-0.0082065
0.0037727
0.0088075
-0.0066999
0.0092521
-0.002216
0.0070745
0.0065081
-0.0073989
4.74e-5
-0.0071815
-0.0070855
0.0099342
-0.0049979
-0.0010009
0.0095884
-0.0072721
0.0007587
0.0097305
-0.0094948
0.0040081
-0.0005911
0.0075301
-0.0028887
0.0062217
0.0055988
0.0003923
0.0086827
-0.0065795
-0.0047071
-0.0008344
0.0064538
0.0020923
0.0063094
0.0010007
-0.0076173
0.0019387
0.0097229
0.0034307
-0.0070929
0.0094542
0.0049499
-0.0089813
-0.0032832
-0.0082419
-0.0005746
-0.0019486
-0.0032052
0.0037671
0.0002551
0.0007722
-0.0069781
-0.0058839
0.0005014
-0.0062382
-0.0056358
0.0030505
-0.0093763
-0.0010178
-0.0005142
0.0071712
0.0069176
-0.0016735
0.0042065
-0.0037794
0.0073952
-0.0048726
0.0013704
0.0059644
-0.0021523
0.0040343
0.0079901
-0.0031234
-0.0009038
-0.0041484
0.0025199
-0.0006551
-0.0057515
-0.0067737
-0.0027637
-0.0034867
-0.0089522
0.0094883
0.0089911
0.0073668
0.0064423
0.0089872
0.000955
0.0054128
0.0021438
-0.0040954
-0.0006069
-0.0057986
-0.0021633
-0.0031383
0.0031341
0.0087679
-0.0008284
0.0096094
-0.0062484
0.0079711
0.0031451
-0.0050309
0.0037209
-0.000251
0.0075813
-0.0005696
0.0021776
0.0066613
-0.0071543
0.0032387
-0.0024494
-0.0064192
0.0051551
0.0081733
-0.0072335
-0.00505
0.0052077
0.0033023
-0.007287
-0.0019617
-0.0048521
-0.0080361
0.0046049
-0.0042504
-0.0088907
-0.0063237
0.0012081
-0.0035295
-0.00381
-0.0067397
0.0035631
0.0041373
-0.0044499
0.0060765
0.0052379
-0.0051209
0.0047955
0.0027697
0.0053604
-0.0059604
0.0088642
-0.0053719
0.0075428
0.0038772
-0.0071243
0.0095941
0.0084898
-0.004828
0.0008637
-0.0048625
-0.0002436
0.0065022
0.0090858
0.0082343
0.0077204
0.0017278
-0.0052158
-0.0007161
0.0085652
-0.0056047
-0.0007751
-0.0079606
0.00628
0.0044261
0.0089643
0.0073621
0.0002919
-0.0029655
-0.0077424
-0.0062901
0.0039049
0.0015989
-0.009586
-0.0028028
-0.0026272
0.0065041
-0.0008439
-0.008308
-7.87e-5
-0.0012955
-0.008686
-0.0022529
-0.0098042
0.0010778
-0.0026526
0.000697
-0.0094642
-0.0088782
0.0084694
0.0008004
-0.0088999
-0.0005931
-0.0019683
0.0083653
-0.0080644
-0.0064652
0.0021088
0.0042644
0.0083608
0.0034134
-0.0034707
-0.0012385
-0.0020352
0.0059219
0.0035914
0.003829
-0.0010115
0.009582
0.0028278
-0.0029199
0.0049813
0.0043581
-0.0018121
-0.0078885
0.0052308
0.0016432
-0.0088689
-0.0021854
-0.0079174
-0.0062722
-0.0065443
0.0008355
-0.0069575
0.0001734
0.0071929
0.0052099
-0.0075024
-0.0003584
-0.0098018
-0.0023881
-0.0045111
-0.000684
-0.0009463
0.001711
0.0043321
-0.0039452
-0.0080365
0.0098187
0.0025117
0.0044087
-0.0033374
0.0060031
0.0035709
-0.0077234
0.0063408
-0.0075939
0.0074444
0.0024915
0.0054232
0.0073277
-0.0078588
0.0045383
-0.0015298
0.0089725
0.0079321
-0.0087559
-0.0056833
-0.0078597
0.005193
-0.0039389
0.0058175
0.0032206
0.0019181
-0.0029382
0.005958
4.47e-5
-0.0084269
-0.0028246
-0.0008953
0.0046654
0.0006704
-0.0002636
0.0016334
-0.0085069
0.0024117
-0.0059231
-0.008331
-0.00359
0.008425
0.003439
0.0005867
0.0055828
0.0052734
0.0087678
-0.0033296
0.0019862
-0.0025117
-0.0037473
0.0029232
-0.0025579
-0.0092728
0.0031097
0.0027451
0.0094991
0.002266
-0.0070807
0.0061354
0.0066125
-0.0061551
-0.0083117
0.0081004
-0.0068842
-0.0071791
0.0078275
-0.006636
0.0086591
-0.0056966
-0.0038546
0.0047734
0.0058383
-0.0082206
0.0052805
-0.0034838
0.0086554
-0.0068055
0.0065876
-0.0058933
0.0026054
0.000163
0.0010628
-0.0008413
0.0069491
-0.0008461
0.0008936
-0.0047265
0.0096246
0.0019637
-0.0013008
-0.0093817
0.0022878
0.0095582
0.0060383
0.0093191
-0.0029603
0.0086161
-0.0060037
0.0066944
0.0076369
0.0077264
0.0052391
-0.0096755
-0.0068793
-0.0048271
-0.0084944
-0.0031818
0.0081741
0.00699
-0.005734
0.0016144
0.0044563
0.0074592
0.0088698
-0.00093
0.0083735
0.0063675
0.0025031
-0.0016879
-0.0001905
0.0060379
-0.0009285
0.0080787
0.0045077
0.0086149
0.0013765
0.0051202
0.0042055
-0.0004681
0.0070939
0.0027924
0.0002066
-0.002887
-0.0017616
-0.0014423
-0.000439
0.0061019
0.007726
-0.0022868
-0.000252
-0.0079785
0.0068266
0.0067967
-0.0036647
-0.0082984
0.0085006
-0.0052603
0.0041865
-0.0004935
0.008036
0.0013076
-0.0011559
-0.0048865
0.0005367
0.0039369
0.0089048
0.0080424
-0.0086792
0.0053311
0.0080943
0.0021752
-0.006517
0.001807
0.0059582
0.0006844
0.0046053
0.0096655
-0.0028967
-0.0070284
-0.0087493
-0.0052838
0.0069762
0.0036444
0.0026839
-0.0067629
-0.0075393
0.0029993
-0.008004
-0.0070959
-4.18e-5
0.001317
-0.0016369
-0.0006583
-0.0080414
-0.0009511
-0.0009708
-0.0076769
0.0043455
0.0098636
0.0045842
0.0014904
-0.0032909
0.0052699
-0.0052511
-0.0020396
-0.0003478
-0.00949
-0.0079403
-0.0083931
0.0042698
-0.0082646
0.0005379
0.0087434
0.0070922
-0.0030231
-0.0018105
-3.29e-5
0.0079371
0.001237
0.0077143
0.0061379
-0.0052142
0.0014504
-0.0020459
0.001655
-0.0073658
0.0096324
-0.0077327
0.0039496
-0.0042531
0.0018575
0.0019308
-0.0001899
0.0091527
-0.0083095
-0.0040945
0.0048117
0.0006878
-0.0012368
-0.0060428
-0.0079098
0.006336
-0.0086985
0.0050127
0.0043662
0.00532
0.006433
-0.0099767
0.0032595
-0.0019593
