0.0016927
-0.0041624
0.0011776
-0.0047164
0.0012703
-0.0016368
0.0081692
-0.0023498
0.0054398
0.0021032
-0.0098717
-0.0010993
-0.0091373
0.0079099
0.0002124
0.0025755
-0.0003209
-0.0060288
0.0009588
0.0008497
0.0034113
-0.0081942
-0.0079941
0.0006554
-0.0046903
0.001791
0.0042608
-0.0094372
0.0093308
-0.0087614
0.0045149
0.0015114
0.0007207
-0.0088958
-0.0014401
0.0096181
-0.0023945
-0.0033426
0.0063479
-0.0058458
0.0086807
0.000588
-0.0086619
0.006882
-0.0068312
-0.0019078
-0.0008331
-0.0071418
-0.0015192
0.00729
-0.0033537
0.0057031
0.0060857
0.0020584
-0.0004241
-0.0030307
-0.0009967
-0.0038312
-0.004962
0.0048311
0.0047678
-0.0075553
-0.0020743
0.0016331
0.0082119
-0.0055854
0.0076516
-0.0003413
-0.0090358
0.0003678
-0.0015883
0.0099836
-0.0016946
-0.0076811
-0.00284
-0.0009649
-0.0078454
-0.0033252
0.005712
0.0096232
-0.0084025
0.0047845
-0.0020696
0.0014717
-0.0085958
-0.0043287
-0.0022499
-0.0028399
-0.0096593
-0.0060879
0.0057806
-0.0078589
0.0027819
0.002037
-0.0056508
0.0068058
0.0022164
-0.0045684
-0.0036118
-0.0020573
-0.0029199
-0.0027379
0.0019052
0.0043077
-0.006653
0.0037088
0.0064455
-0.0050429
0.0094119
-0.0030304
0.0084657
-0.0086043
-0.0015198
-0.0085759
0.0091768
0.0002355
-0.0065693
-0.0032279
-0.0031845
-0.0010779
0.0067563
0.0030702
-0.0026178
-0.0087242
-0.0089303
-0.0012931
-0.0030973
0.0047331
-0.0097902
0.0045485
-0.0077493
0.003844
-0.0061409
0.0084497
-0.0051742
-0.0036787
0.0038874
0.0037281
-0.0024194
-0.0054251
-0.0015318
0.0073368
-0.0007154
0.0083452
0.00867
-0.0076829
-0.0017201
-0.0095408
-0.0041505
0.0078334
-0.0043896
0.00602
0.0001523
0.0034812
0.0040902
-0.0084147
-0.0031927
0.0068529
-0.0051344
0.0040282
-0.0005236
0.0072934
0.0076269
-0.0071177
-0.0042709
-0.0032699
0.0002309
-0.0051253
0.0025246
-0.0019831
-0.0066031
0.0074541
-0.0032408
-0.0089193
0.0052947
0.006456
-0.0015401
0.0022014
-0.008452
0.0068078
0.0036808
-0.0098966
-0.0083169
0.0034599
0.0052784
-0.0093894
0.0055098
-0.0039464
0.0088728
-0.0070491
0.000719
0.0085818
-0.008018
0.0088234
-0.0016349
0.0052043
0.0027225
0.000633
0.000826
-0.0013904
0.004825
-0.0084099
-0.0063313
-0.008138
0.0035445
0.0036822
0.0028547
0.0013645
-0.0001232
0.0034335
0.0041564
0.0070121
-0.0028008
-0.0051739
0.0043919
-0.0027324
-0.0032374
-0.0031945
-0.0061913
0.0087289
-0.0026193
-0.0068109
-0.0053214
0.0070143
-0.0021596
-0.0013832
0.0033478
-0.0070554
-0.0089602
0.0047732
-0.0072236
0.0028375
-0.0066
0.003414
-0.0033337
-0.0091645
0.0069145
0.0040915
-0.009397
0.007554
-0.0024037
0.0075642
0.0073985
-0.0084579
0.0084196
-0.0069772
-0.0020264
-0.0084333
0.0042239
0.0050261
-0.0051611
0.0080373
0.0076216
-0.0044085
0.0054864
0.0046128
-0.0082453
-0.0019345
-0.0095987
-0.0024829
0.0001654
-0.0051587
-0.0050945
0.0076019
-0.00453
-0.008057
-0.0036633
0.0091312
-0.0027042
0.0099818
0.0001312
0.0017434
0.0003736
-5.45e-5
-0.0074621
0.0065266
0.0079126
-0.0070257
0.0016152
0.002415
-0.0031124
-0.003121
0.0004207
-0.0096531
0.0073557
0.0092754
-0.0041594
-0.0074541
0.0021989
-0.0089344
0.0080509
-0.0069507
0.0021025
0.0033396
0.0076435
0.0022398
-0.0088548
-0.0089376
-0.0036529
0.0023451
-0.0042498
-0.008002
-0.0029437
-0.0013025
-0.0057512
0.0089838
0.0091094
0.0099434
-0.0009416
0.0087274
0.0007969
-0.0063082
0.0026956
-0.009822
0.005627
0.0077021
-0.0018572
-0.0097086
-0.0050232
0.0073912
0.0058361
0.0085405
0.0099639
0.0058328
-0.00871
-0.0078817
-0.0001919
0.0055969
0.0077077
0.0052434
-0.0029699
0.0080662
0.0080241
0.0092264
0.0024328
-0.0069685
0.0044616
0.0006003
0.0051401
-0.0033864
0.0062668
-0.0008629
-0.0091665
-0.0089618
-0.003969
0.004917
0.0007198
-0.0008936
-0.0088221
-0.0094355
-0.0058404
-0.0053775
0.0011831
0.0095457
-0.001134
-0.0059123
0.001745
0.0014249
0.0062043
-0.0032649
-0.0080945
-0.0099743
-0.0088594
-0.0091162
-0.005089
0.0079744
-0.0022001
0.0086741
0.0074532
-0.0005995
0.0050532
0.0050124
0.006544
-0.0038976
0.0001489
0.0071427
-0.0050985
0.0022169
0.0044871
0.0029549
0.0027016
0.0018079
0.0055614
-0.0030049
0.0046888
-0.00836
-0.0009793
0.0040674
0.000884
0.0007199
0.0002806
0.0083637
0.0093982
0.0033536
-0.0095965
-0.0038603
-0.0095588
-0.0062646
-0.0020413
0.0007544
0.0048079
-0.0038323
0.0045498
-0.002133
-0.0029639
-0.0089083
-0.0034982
-0.0085792
0.0047474
-0.0080324
-0.0027808
0.0046214
0.0085993
0.0060181
0.0037822
0.0028113
0.0048009
0.0039934
0.0088333
0.001893
-0.0004195
0.0028488
-0.0040172
-0.0066794
0.0056584
-0.006917
0.0027046
0.0045673
0.0019839
-0.0021525
-0.0030319
0.0055185
-0.0068711
-0.0050683
0.0046085
0.0063902
-0.0008242
-0.0028235
-0.0032166
0.0085282
-0.003311
-0.0019093
0.0044282
0.008178
-0.0048034
0.0035615
-0.002375
0.0076523
-0.0078294
0.0097885
-0.0080591
0.002807
-0.0066721
-0.001475
-0.0072097
0.0005372
-0.0094157
0.0017617
0.0099059
-0.0094861
0.0028449
-0.0025138
-0.0081833
-0.005562
-0.0085002
0.0020547
-0.0040001
-0.001334
-0.0002934
-0.002626
0.0096274
-0.0048471
-0.0042946
0.005004
0.0031368
-0.0039407
-0.0048313
-0.0072877
0.0099418
-0.0012759
-0.0083177
0.0071351
-0.0053499
0.0063298
-0.0059438
-0.0031027
-0.0045011
0.0005563
0.0054424
-0.0063833
0.0073691
0.0038426
0.004991
0.0057475
0.0013382
