-0.0005316
0.0046874
0.0018447
0.0074765
0.0009001
0.0039752
0.0019631
0.0021652
-0.0047557
0.0004732
0.0071501
-0.0083891
0.0039328
-0.0033901
0.004417
-0.0017106
-0.0063402
-0.0072996
-0.0057782
-0.0071096
-0.0090734
-0.0075773
-0.0037509
0.0014376
-0.0084945
-0.0043628
-0.00796
0.009055
0.0052026
-0.0035925
-0.003936
0.0024039
-0.0052127
-0.0022163
0.0042237
-0.0003038
0.001745
-0.0010293
-0.001838
0.0052341
0.0060651
-0.0002995
0.0092298
0.0073741
-0.0021295
0.0043811
-0.0086223
-0.0029522
-0.0064359
-0.0026883
0.0013322
-0.0062158
0.0098329
-0.0065129
0.0014971
0.0051929
-0.0052282
-0.0068338
0.0006158
-0.0042359
0.0019835
-0.0025567
-0.0097639
-0.005231
0.0007143
0.001706
0.0001278
-0.0084958
-0.0038639
0.0025388
-0.0079037
0.0063651
0.0062978
0.0048449
0.00231
-0.0002858
0.0051001
-0.0094379
0.0049695
-0.0094596
0.0080154
-0.0002234
-0.0072639
0.0063434
-0.0095302
0.0072207
-0.0032621
0.0005304
-0.0074701
2.82e-5
-0.0096009
-0.0043155
0.0055434
0.008059
-0.0022316
-0.0084929
0.0065269
-0.0051442
-0.0012089
-0.0067533
-0.000723
-0.0055381
-0.0014874
-0.0040858
-0.0023109
-0.006165
-0.0062704
-0.006688
-0.0099867
-0.0020668
0.0095963
-0.0092515
-0.0072699
0.0032201
0.0013104
0.0037517
-6.66e-5
-0.0047228
0.0068055
-5.2e-6
-0.0094155
-0.0061979
0.0076964
-0.0027123
-0.0015642
-0.0037981
0.0090472
-0.0026366
-0.0007726
-0.0095148
-0.0001619
0.0039914
-0.0058427
-0.0002402
-0.0035174
-0.0011254
0.007892
0.0010285
0.0038629
-0.0082749
0.0049909
0.0010635
-0.0021205
0.003914
-0.0089421
-0.0036771
0.0017672
0.0018994
-0.0031823
0.0068428
-0.0056484
0.0033718
-0.0017652
0.004678
-0.0015116
-0.0078506
-0.0097353
-0.0040454
-0.0092736
-0.0009253
0.0059569
-0.0034084
0.0071818
-0.0039871
0.0097917
0.0048365
0.0069696
0.0086154
-0.0045471
-0.0067385
-0.0094166
0.0018568
0.0022889
0.0048484
0.0070498
-0.0083894
0.0049733
0.0087916
-0.0031493
-0.0094431
0.0084089
-0.002032
0.0013606
-0.0061324
-0.0045912
0.0034351
0.0088848
-0.0065939
0.0022747
0.0043513
-0.0010716
-0.0097066
-0.0071805
0.0039204
0.0020411
-0.0034681
0.0084318
-0.0084461
-0.0013339
0.0045511
-0.0093925
-0.0008696
-0.0073089
0.0005051
0.0083983
-9.19e-5
-0.0061398
0.0099612
-0.0032003
-0.0057039
-0.0061598
-0.001111
-0.0013508
-0.0028587
-0.0022327
0.0053088
-0.0023941
0.0001582
0.0046237
-0.0024081
0.0071873
-0.0081827
0.0081762
-0.0052562
-0.0021597
-0.0095384
-0.0060028
0.0017114
-0.004721
-0.0091421
-0.0013149
0.0091341
-0.0029413
0.0025642
0.004151
-0.0049029
-0.0009953
0.0043344
0.0012751
0.0013637
-0.0056768
0.0024166
-0.0078909
-0.0083592
-0.0081355
0.0082061
-0.0064032
-0.0067614
-0.0054488
0.0008696
0.0025408
0.0056338
0.0008885
-0.0032957
0.0006083
-5.2e-5
0.0073062
-0.0054303
-0.0097806
0.0018828
0.0020688
0.009783
0.004454
0.0010596
-0.001077
-0.0090961
0.0014278
0.000131
-0.0041076
-0.0036727
0.0003844
0.006458
0.0030938
0.0002894
-0.0094509
-0.0034464
0.0018888
0.0059886
0.0067644
0.008924
0.0017622
-0.0087943
0.0003602
0.0035525
0.0004526
-0.0011833
-0.0030602
0.0040038
-0.0062686
0.0023115
0.0065784
-0.0010006
0.0092123
0.0032865
0.0009742
0.009681
-0.0056739
-0.0069921
-0.0059584
-0.0001015
-0.0059471
-0.0039816
0.0031432
-0.0033296
0.0092257
0.0034861
-0.0074351
0.0069771
-0.0084185
-0.0061915
-0.0031165
-0.0093123
0.0094258
-0.0048484
0.0055648
0.0094825
-0.0014523
0.0084829
0.0026018
0.0044699
0.0011879
-0.0061331
-0.0016174
0.0014862
0.0053585
0.0023204
-0.0007489
0.0032808
-0.0083879
-0.0024312
-0.0040283
-0.0022617
0.0075609
-0.0048744
0.0058642
-0.009337
0.0023673
0.0062648
0.0080507
-0.0090935
0.0007526
0.0024099
0.0032629
0.0047023
-0.0074141
0.0025259
-0.0055669
-0.0093852
-0.0035574
0.0075956
0.0019737
-0.0017567
0.0060438
-0.0019001
0.0086319
0.0005416
-0.0098436
0.0003643
0.004597
-0.0007259
-0.0031286
-0.0066658
-0.0002531
-0.0072178
0.00698
-0.0079233
0.0072857
-0.0037759
0.0045572
-0.0095313
-0.0026794
-0.0012609
0.0076471
-0.0058087
-0.0033023
0.0066011
-0.0057043
-0.0091558
0.0052116
-0.0057505
-0.0030651
0.0067555
0.0001181
-0.0039435
-0.006995
0.0010107
-0.0069066
0.0016282
0.001095
-0.0085423
-0.0051802
0.0074702
0.0085385
-0.0059691
0.0095548
0.0049435
0.0016428
0.0019596
0.0056861
-0.0012705
0.0014422
-0.0051316
-0.0092342
-0.0087029
0.005099
-0.0041882
-0.0067912
0.0054015
-0.0062782
0.0020065
-0.0088671
0.0005438
-0.0045682
-0.0054779
0.0053433
0.0080407
0.0003377
0.0064122
-0.0026604
0.003415
-0.0097592
0.0013366
-0.0066914
0.0065292
0.0094006
-0.0071174
-0.0049792
0.00406
-0.0041949
0.0025583
-0.0046049
-0.0012932
-0.0098446
0.0063176
0.0028863
0.0025006
-0.0057015
0.0017447
-0.0078183
-0.0088086
0.007709
-0.0095691
-0.0044319
-0.0025953
-0.0080957
-0.0053736
0.0076006
0.0087425
-0.009478
0.0092046
-0.0094808
0.0026726
-0.0037945
0.0024203
0.0073854
-0.0024164
0.0068964
-0.0041621
-0.0071889
-0.0022991
-0.0011754
0.0016356
-0.0084153
-0.0090857
0.0031614
0.0026459
-0.0071019
-0.0082175
-0.0053502
0.0090997
-0.0028822
-0.0071631
-0.004384
0.0007537
0.0058325
0.0020758
0.0075896
0.0081578
0.0006941
-0.002597
-0.0016924
-0.0039532
-0.0052794
-0.0039415
-0.001523
0.0067573
-0.0036707
0.0088761
0.0043282
-0.0032374
0.0001305
-0.0046317
-0.0021187
-0.0026458
0.0072335
