-0.0070745
-0.002081
-0.0089532
-0.0070731
0.009358
0.0055928
0.0073639
0.0099846
-0.0042678
0.0075868
-0.0044163
0.0095963
0.005699
0.006834
-0.00516
-0.0011786
0.0073859
-0.0071919
0.0055038
-0.0003966
-0.0046757
0.0097213
0.0067128
-0.0082111
0.0029282
-0.0002358
-0.0026454
0.0020119
0.0065202
0.0001511
-0.0010836
-0.0018202
0.0094503
-0.0029952
-0.0040587
-0.002838
0.00199
-0.0009842
-0.0055054
0.0001331
0.0046248
0.0076312
0.0057419
0.007218
0.0066222
-0.0027782
-0.0007618
0.0021669
0.0090855
-0.0094083
-0.0043616
0.0085819
0.0057922
-0.0035606
-0.0073934
-0.0062739
-0.0054602
-0.0063266
-0.0064494
0.0089627
0.0070055
0.0062578
0.0080259
0.0077904
0.00153
0.0035422
-0.0052738
-0.0030946
-0.0087279
0.000168
0.0044843
-0.0027151
0.0073052
-0.0048819
0.0083566
0.0046241
0.0089494
0.0085859
0.0027862
5.03e-5
-0.0036195
0.0053725
-0.0068809
-0.007239
0.0091438
-0.0099561
-0.0037756
0.008826
0.0034297
0.0091253
-0.005198
-0.0076764
-0.0023841
-0.0038538
0.0039977
-0.0081058
-0.002393
-0.0030167
-0.004056
0.006786
-0.0080446
-0.0077893
0.0006854
-0.0059284
-0.0015601
0.0091717
-0.0007778
-0.0022669
-0.0085114
0.0045305
0.0033288
0.003945
0.0044446
0.0036082
-0.0038599
0.0085683
0.0033534
-0.0018877
0.0047722
0.006197
-0.0032114
-0.0002558
-0.0060682
0.0053755
-0.0063741
-0.0072778
-0.0067106
0.0090688
-0.0098719
-0.0074029
-0.0072334
0.0085627
0.0017554
0.0042373
0.004248
-0.0076586
0.0046096
-0.0029629
-0.0029427
-0.0082091
0.0012799
0.0072836
0.0042232
-0.0064286
0.0067574
0.0093414
0.0087137
0.0098038
0.0046442
-0.0012586
-0.0033152
0.0010594
0.0060214
-0.0001188
0.0084697
0.0021821
-0.0068449
0.0063802
0.0063553
-0.004436
0.009044
-0.0042583
-0.008164
0.0013694
-0.0023008
-0.005849
0.0010834
-0.0064206
0.0093733
0.0091202
0.0050976
0.0007097
-0.0085117
-0.0015565
0.0070363
0.0054117
-0.0087961
0.0033656
-0.0026078
-0.0054631
-0.0003306
-0.0083379
-0.0063469
0.0071795
0.0006658
0.0004478
-0.0019177
0.0050253
0.0098152
0.0006526
-0.0021576
-0.0001666
0.0051232
-0.0049209
-0.0099187
-0.0057698
0.0001638
0.0004758
0.0059045
0.0043433
0.0030011
0.0065619
0.0082883
0.0019547
-0.0072366
-0.0052816
0.0075486
0.00828
0.0069022
-0.0071934
-0.0085879
0.0097819
-0.0092313
-0.0028597
0.0018717
-0.0078915
0.0031893
-0.0009766
0.0088345
0.0036192
0.0049622
-0.0028567
-0.0069906
-0.0001903
0.0007291
-0.0030067
0.0002889
0.0024881
-0.0086874
-0.0001669
-0.0080876
-0.0018493
0.0008235
-0.0092633
-0.0075157
0.0082125
-0.0078208
0.0007244
0.0066718
-0.0039937
-0.001465
0.004112
0.0024557
-0.0046918
-0.0066934
-0.0059027
5.22e-5
-0.0066744
-0.0037907
-0.005882
0.0094496
0.0072826
0.0002654
-0.0050848
-0.0078159
0.0091705
-0.0019957
-0.0088752
-0.0051597
0.0006223
0.0028264
0.0012653
0.0011341
0.0086091
0.0069534
0.0065646
0.0083411
0.0076576
0.007184
0.0081139
0.0016075
-0.0055495
0.0042585
0.0008841
-0.0077698
0.0060519
-0.0049847
-0.0043436
0.0051097
-0.0057437
-0.0013169
-0.0046805
0.0097968
0.0050233
0.0039438
0.0073192
-0.0070226
-0.0094098
-0.0029367
0.003195
-0.0068805
-0.0036868
0.0074318
-0.0042534
0.0039124
-0.00414
-0.0075627
0.0027239
-0.0048535
-0.0078446
0.0081412
-0.0029518
4.94e-5
0.0016564
-0.0001612
-0.0094247
-0.0015524
-0.0080318
0.0063575
0.001751
-0.0082561
-0.0005167
-0.0038828
0.0019089
-0.0097278
-0.0092983
-0.0022014
-0.0075335
0.0058636
0.0088951
-0.0074546
0.005217
0.006848
0.0041291
0.0055984
0.000759
0.0027955
-0.0061687
-0.0062786
-0.0015256
0.0028718
0.0034859
-0.0087752
-0.0029588
0.0064416
-0.0049542
0.0071274
-0.0093463
0.0047369
-0.0031502
-0.0041984
-0.0010612
-0.0062088
0.0060319
0.0024224
-0.0042763
-0.0099333
-0.0038038
-0.0008025
0.0075465
-0.0063478
-0.0067001
0.0062347
-0.0077641
0.0086183
-0.0001901
-0.0065305
0.0027137
-0.0065186
-0.000766
-0.0074747
0.0024038
0.0052308
0.0059488
0.0027941
0.0029421
0.0064024
-0.003352
-0.0013002
0.0079954
0.0033595
0.0068121
-0.0087955
0.0028593
-0.0071986
0.0048219
-0.0051289
-0.006363
-0.0086329
0.0010991
-0.0088319
0.0097165
-0.0095688
0.0095394
-0.0079695
-0.004908
-0.0012033
0.0059372
0.0033384
0.008285
0.0020685
0.0042737
0.0090821
0.0086708
-0.0005262
0.002784
-0.0015055
0.0098012
0.0060819
0.000623
0.0018785
-0.0029127
-0.002602
-0.0017439
-0.0016672
0.0005699
0.0019109
-0.0055661
0.0039887
-0.0081907
0.0050941
-0.0025594
-0.0071985
0.0075221
0.0014795
-0.0032753
-0.0008878
0.0094057
-0.0019209
-0.0085938
-0.0072093
-0.0042867
-0.0030542
-0.0096886
-0.0033407
-0.0018683
0.0052231
-0.007596
-0.0021902
-0.0043764
-2.98e-5
-0.0007821
-0.0075001
0.002658
0.0050134
-1.95e-5
0.0088328
0.0091398
-0.0067679
-0.0015409
0.0091776
0.0097029
0.0038921
0.0060701
0.0062228
0.0050748
0.0068553
-0.0012579
0.0030715
0.0053785
0.0050716
0.006265
-0.0010495
0.0070039
0.0023073
-0.0005297
0.0013879
0.006538
0.0081094
-0.006252
0.009096
0.0009191
0.000676
0.0070699
-0.0041873
0.0084123
0.0087958
0.0040398
-0.0002619
0.002653
-0.0081115
-0.0094523
-0.0070583
-0.0028362
-0.0014993
-0.0072024
0.0090357
-0.0065907
-0.0058216
-0.0093235
-0.0079971
-0.0065506
-0.0046702
-0.0022957
0.0097653
-0.0061392
0.0065327
0.0012398
-0.0008583
0.0057657
0.00134
0.0040306
-0.0022491
0.0015914
0.0049497
