0.0068895
-0.0004361
0.0082497
0.0039607
0.0076786
0.0022804
-0.0086805
-0.0093372
-0.006882
-0.0096496
-0.0098932
-0.0049425
-0.0066901
-0.0053137
0.0021592
-0.0019376
-0.0034078
0.0009217
0.0080078
-0.002353
0.0094306
-0.0045155
0.0082066
-0.0023563
-0.0058482
-0.0004036
-0.0074821
-0.0099636
0.0034723
-0.0011068
0.0054606
0.0007497
0.0054769
0.0098204
0.0009228
0.0048122
-0.0058739
-0.0014215
0.009165
-0.008399
-0.000321
0.0092568
0.0040188
-0.0049886
-0.0053492
0.0021573
0.0080635
0.0029231
0.0006104
0.0010713
-0.0028946
-0.0040543
-0.0074296
0.0004862
0.0025592
0.0096292
-0.0039855
-0.0042322
0.0071387
0.0079809
0.0010032
-0.0094396
-0.0096845
0.0079422
0.0024402
0.0087086
-0.0048687
0.0001692
-0.0065526
-0.009441
0.0089813
-0.0076886
0.0029027
0.0065804
0.0088239
-0.0096989
0.008196
0.0029928
0.0020684
0.0082567
0.0056553
-0.0092072
-0.001591
0.008818
0.0094349
0.0007101
-0.0015982
-0.0032683
-0.0068055
0.0016764
-0.0091276
-0.0035716
0.0029311
-0.0005097
0.0017303
-0.0054801
-0.0059169
0.0036989
0.0023785
0.0046551
-0.001844
0.0048393
-0.0062821
0.0026394
-0.0021231
0.0099633
-0.0052714
-0.0036329
0.0063852
-0.0043989
0.0039963
0.0001298
0.005209
-0.0001958
0.0073603
0.0016665
0.0045701
-0.00701
0.0058514
2.93e-5
-0.0030309
-0.0005001
-0.0028954
-0.00357
-0.0029379
-0.0048768
0.0006893
-0.0001075
-0.0075339
0.0044678
0.0097736
0.0057178
-0.0010338
-0.0037344
0.0002931
-0.0082994
-0.0011241
0.0033515
0.0044471
-0.0089546
4.16e-5
-0.0052012
-0.0035036
-0.0069231
-0.0064881
0.0088779
0.0018911
0.0076623
0.0056923
-0.0090383
-0.0054206
0.006376
-0.00292
-0.0028145
0.0055716
0.0025093
-0.0075426
-0.0018825
0.0033303
0.0099216
0.0008161
-0.0036357
0.0093794
-0.0035339
-0.0091349
0.0094532
-0.0075672
0.0093477
0.0034551
-0.000397
0.0069337
-0.0049798
-0.0047088
0.0092252
-0.0048412
0.0061743
0.0021486
-0.0003396
-0.0066763
0.001408
-0.0079385
0.0015308
-0.0076587
-0.0093944
-0.0092397
0.0022495
0.0048614
-0.0074105
0.0027423
-0.0056247
-0.0089964
0.0070025
-0.0095983
0.0059572
-0.0031445
0.005112
-0.0092354
-0.0005777
-0.0064463
0.0098249
0.000805
0.0013324
0.0071249
-0.0081937
0.0033424
-0.0036026
-0.0010524
0.0088197
-0.0037978
-0.0059414
-0.0055918
0.0009477
-0.0049375
0.0032061
-0.0006907
-0.0060257
-0.0062442
-0.0078816
0.0077967
0.0014073
0.0075149
0.0007494
-0.0096662
0.0066995
-0.0085459
0.0081535
-0.0016696
-0.0060706
0.0073384
0.003738
0.0085904
0.008056
0.0044787
-0.0008975
-0.0038393
0.0072492
0.0011453
0.0048089
0.0078808
-0.0045529
0.0030155
-0.0086387
-0.0013721
-0.0088752
-0.0068646
-0.0010272
0.0061813
0.0060942
-0.0051192
0.0069226
0.0017907
-0.003547
0.0084874
-0.0039167
0.0062668
-0.0098721
0.004574
-0.0068465
-0.0029543
-0.0032452
0.0065809
-0.0068294
-0.0037525
0.0096188
-0.0067249
0.0091239
0.0027878
-0.0082823
-0.0011616
-0.0099484
-0.0088969
-0.0036567
0.000449
-0.0049918
-0.0047292
0.0022689
0.0016277
0.0064173
0.0042025
-0.0089118
-0.0025476
-0.0070429
0.001149
-0.0025801
-0.007869
0.0019255
-0.0017633
-0.0007281
-0.0034351
0.0092375
-0.0065204
0.0018335
0.002901
0.0062709
0.0027479
0.0066194
0.0099839
-0.0013629
-0.0068342
-0.0070249
0.0082992
0.0008387
-0.0056366
0.0057291
0.0039389
-0.0073661
0.00647
-0.0069442
0.0008116
-0.000756
-0.0023015
-0.000272
-0.0041484
-0.0085071
0.0071789
-0.0087378
-0.0005588
0.0036077
0.004511
-0.0063854
0.0098249
0.0097824
-0.0058951
0.0022014
0.0079
-0.000931
-0.0036437
-0.0024094
-0.0041776
0.0043626
-0.0080593
0.0076196
-0.0082456
-0.0008006
0.0018599
-0.0049593
0.0054191
0.0085363
0.0045522
-0.0029333
-0.0003838
0.0024169
-0.0036581
0.0028539
0.0052208
-0.0072201
-0.0048119
0.0083727
-0.0061074
-0.0066461
-0.0027102
-0.0013012
0.0098999
-8.41e-5
0.0021766
0.0066372
-0.0007458
-0.0033001
-0.0074469
-0.0091768
-0.0064387
-0.0069342
-0.0007542
0.0099257
0.0027126
-0.0099556
-0.0089107
-0.0033544
-0.0001292
-0.0057806
-0.0065721
0.0075646
-0.0036009
0.007593
0.00757
-0.0073326
0.0028641
-0.0097887
0.0090328
-0.0089382
0.0028472
0.0051991
-0.0037388
0.0019053
-0.0058068
-0.0073609
-0.0061345
-0.0076466
0.0055554
-0.0040643
0.0064594
-0.0029363
0.0030781
-0.0085167
-0.0021686
0.0023589
-0.0007637
0.0042668
-0.0029859
0.0008507
-0.0031509
0.0069595
0.009513
-0.0038775
0.0079512
-0.0025466
-0.0063448
0.0073107
0.0007747
0.0060806
-0.0074301
-0.0053425
-0.0053865
0.0082424
0.0068256
-0.0040207
-0.0077953
0.0058507
0.0075527
0.0015969
0.0022716
0.0030759
0.0033988
0.0063836
0.0078596
-0.0054773
0.0062799
0.0023299
-0.0012061
0.0013241
0.0034154
-0.0067412
-0.0039025
0.0019431
0.00819
0.0081354
0.0053742
0.0086188
-0.0084161
0.0038156
0.006197
-0.006591
-0.0050397
-0.0086362
0.0017276
0.0073946
-0.0032929
0.0037953
-0.0082057
-0.0040145
-0.0055479
-0.0032069
7.0e-7
-0.0040636
-0.0040415
0.0031314
0.0063912
-0.0097989
0.0053746
-0.0048883
-0.0037953
-0.0094681
0.0077612
0.0063559
-0.0038436
0.0065588
0.0076311
0.0041015
-0.0048865
0.0012529
-0.0049687
0.0018037
0.0025993
-0.0051853
-0.0024731
0.0002309
-0.0069769
-0.003304
-0.0002741
-0.0050913
-0.0055369
-0.0018353
-0.0090874
0.0096965
0.0006771
-0.0066665
-0.00148
0.0037468
-0.0064893
0.0012779
-0.0034658
-0.0017069
-0.0033876
-0.007143
0.0083771
