-0.0084754
0.0098914
-0.0052408
0.0043345
0.0071829
0.0098703
-0.0020861
-0.0063154
-0.003206
-0.0096476
0.0040533
0.0008576
0.0019836
0.0074389
0.0063914
0.0043314
0.0092923
-0.0084335
-0.0080309
0.0091131
-0.0071649
-0.0075603
0.0005296
0.0088416
-0.0068645
-0.004495
0.0099784
0.0025047
-0.0057223
-0.0032078
0.0044339
0.0080376
0.0086899
-0.001491
0.0060213
0.0065239
0.0023247
0.0007269
-0.0021031
0.0028098
-0.0001686
0.0093036
-0.0016186
-0.0034187
-0.0007265
0.0069038
0.0002449
0.0020974
-0.0080338
0.0029067
0.0010718
0.0056002
-0.0035858
0.0008633
-0.0084054
-0.0087928
-0.0036692
0.0041355
-0.0067374
-0.0087479
0.0021526
0.0028229
0.0079792
-0.0060283
0.0059855
0.0085594
-0.002429
0.0079282
-0.0051797
-0.0099461
0.0053461
0.0050172
0.0012942
-0.001482
-0.0077617
-0.0024514
-0.0044261
-0.0097556
-0.0044315
-0.0098926
-0.0032743
-0.0050479
0.0082189
-0.0093308
-0.0076553
-0.0037649
0.0082428
-0.0012843
-0.0090888
0.0054753
-0.0080401
0.0074555
0.0069559
0.0088483
0.0083944
-0.0087467
-0.0075717
-0.0047527
-0.0002231
-0.0047501
0.0001438
0.0087806
0.0073164
-0.0042544
0.0091288
0.0069844
-0.0086308
-0.0076812
-0.0004562
0.005248
0.0082013
-0.0096865
0.0031668
0.0069976
0.0058034
-0.0062914
-0.0040692
-0.0029098
-0.0041856
0.0041264
0.0028527
-0.002152
-0.0051695
0.0008587
-0.0090485
0.0011363
0.0008154
0.008077
0.0050187
-0.0062132
0.000922
-0.0068997
-0.0098574
0.0030118
0.001605
-0.005427
-0.0027289
-0.0072392
-0.0035517
0.0067729
-0.0007777
0.0075644
0.0016054
0.0041933
-0.0087916
0.0072563
0.0009475
-0.0059983
0.0025161
-0.0031849
-0.0072232
-0.0034363
0.0041767
-0.0083964
0.0022783
0.0092503
0.0070113
-0.0001924
0.0074219
-0.0094208
0.0011123
0.0059397
-0.0065187
-0.0061521
-0.000952
0.0054026
0.0037929
-0.0039654
0.0054157
-0.0071523
0.0003956
0.0051779
0.0043974
0.0076335
-0.0010146
0.0080938
0.0071969
-0.0062083
0.0056698
-0.0004366
0.0065785
0.0066939
-0.0049625
0.0097182
-0.0047513
0.0093239
0.0063704
-0.0049132
0.0015279
-0.0046085
0.008962
0.0065406
-0.009599
-0.0058873
-0.0034219
0.0066456
-0.0073814
0.0082506
-0.0019077
-0.008627
-0.0092515
0.0019415
-0.0022903
4.78e-5
-0.0010223
0.0067984
-0.0045684
0.0064778
-0.0050922
-0.0019121
0.0016963
0.0073257
0.0060148
-0.0009396
-0.0095824
0.0034778
-0.0015191
0.0023511
0.0069064
0.0078271
-0.0070189
0.0045731
-0.0044756
-0.0015289
-0.0043021
-0.0020491
0.0081951
0.009829
0.0009345
0.0088392
0.0053618
0.0032993
0.0016776
-0.0070314
-0.00687
-0.0052508
-0.008102
0.0046672
-0.0020553
0.007581
0.0066026
0.0005981
0.0002844
0.0063646
0.0021868
-0.0073333
-0.0095078
0.0067733
-0.0097631
0.0072907
-0.0035287
-0.0078286
0.0097233
-0.0097956
0.0032846
0.0027364
0.0024493
-0.0071932
3.81e-5
0.0004365
0.0056786
0.0083856
0.009947
-0.0098761
-0.0011412
-0.0099591
0.0072797
0.0068612
-0.0080781
-0.0021276
0.0020551
0.0011098
-0.0059166
0.0054839
-0.0057701
-0.0024544
0.0014223
-0.0060974
0.0019999
0.0063664
-0.0003218
0.0090536
0.0051957
0.0022671
0.0029982
0.005995
0.0031624
-0.0090955
-0.0013919
0.0058284
-0.0091114
-0.0021186
-0.0065354
0.0099971
0.0073681
0.0082714
-0.0077097
-0.0046622
0.0053281
0.0034722
0.0032792
0.0059812
0.0095526
-0.0095525
-0.0095549
-0.007905
-0.0071512
0.0082786
0.0015209
-0.0038926
-0.006262
0.0096203
0.0042364
-0.0008831
0.0058661
-0.0071601
-0.0003078
0.008422
-0.0049292
0.0028261
0.0004685
-0.0014655
-0.0060565
-0.0086912
-0.0089698
-0.0083885
0.0031976
0.005961
-0.006087
-0.0090059
-0.0064068
0.0074798
0.0053559
0.0040163
0.0078413
-0.0026549
0.00508
0.004791
0.0022621
0.0078967
-0.001883
-0.0087508
-0.0011458
-0.0065225
0.0003567
-0.0077511
0.0070107
0.0067016
0.0050104
-0.0038899
0.0074101
0.0059965
0.0072295
-0.0066911
0.0084669
0.0063763
-0.0094879
-0.0045383
0.0081299
0.0062498
0.0040243
-0.0029512
0.0030434
0.0054965
-0.0034287
-0.0023746
-0.008981
0.0050904
-0.0041902
0.0095745
0.0034785
-0.0093434
-0.0059443
0.0004171
0.0017522
-0.0062466
-0.0088105
-0.0007053
-0.0037822
-0.0080212
0.0078439
0.0027058
0.0039574
-0.0094665
0.0025205
0.0014302
-0.0076787
-0.0060465
0.0019395
0.0088059
0.0014074
-0.0028061
-0.0081792
-0.0016216
-0.0025975
0.0018486
0.007682
-0.0060809
0.0019834
0.0027723
-0.0074192
0.00784
0.0023022
0.000549
-0.0036011
-0.0069492
0.0057922
-0.0088285
0.0080054
-0.0075226
0.0067545
-0.0023629
-0.0091795
-0.0026096
-0.0015618
-0.0091608
-0.0002976
0.0052899
0.0098819
-0.002734
0.0099842
0.0052269
-0.0048763
-0.0015157
0.0047376
-0.0091294
0.0040625
-0.0058515
0.0090672
-0.0011994
-0.0083868
-0.0023103
0.0031526
-0.0086939
0.0081132
-4.07e-5
-0.0061543
-0.0095581
-0.0025015
-0.0042741
-0.0049248
0.0021069
-0.0021248
0.0083672
0.0097758
0.0058501
-0.0043119
-0.0014874
0.0098866
0.0023355
0.00173
-0.0007169
0.0033697
0.0080782
0.0006772
-0.0097324
-0.0061204
-0.0009495
0.0052638
-0.003137
-0.0087466
0.006347
-0.0072136
0.0065993
0.0049182
0.0016482
0.0096956
0.0066609
0.0053845
-0.0059494
-0.0092212
-0.0083367
0.0022358
0.0030035
0.005181
0.0072223
0.0009614
0.0064496
0.0019143
0.0020874
0.0015319
-0.0076068
0.0089181
0.002731
-0.008169
-0.0006801
0.0019751
0.0056441
-0.0037118
0.0052132
-0.0069514
0.0077823
0.0049015
0.0099213
0.0079181
