0.0093849
0.001427
0.0086351
-0.0064796
-0.0058499
-0.0048646
-0.0001937
-0.0074201
0.0087706
-0.0029158
0.0050937
0.0094635
-0.0021252
0.0019007
-0.0026361
0.0040773
-0.0014249
0.0017633
-0.0021108
-0.0058964
-0.0060097
0.0008849
0.0008739
-0.0060792
-0.0090473
-0.0055297
0.0084259
-0.0081019
-0.0078416
-0.0047512
0.0022061
-0.0089492
-0.0060414
-0.0073604
-0.0040266
7.93e-5
0.0061646
0.0076513
0.0009729
-0.0065635
0.0057718
0.0089268
0.0080562
-0.0099355
-0.0003507
0.0025435
0.0086557
0.0008745
-0.0094339
0.0022826
0.0070799
0.0036659
-0.0027368
0.0004242
0.0037059
-0.0076752
-0.0048619
-0.0073077
0.0089953
-0.0059419
0.0033086
-0.0005979
0.0095773
0.0042096
0.0068573
0.0017184
-0.0019304
-0.0057909
0.0088799
-9.5e-6
-1.09e-5
-0.0015716
-0.0009376
0.0036646
0.0014426
-0.0034585
0.0017731
-0.0053045
0.0063757
-0.0034167
-0.0041991
-0.0055643
0.0034057
0.0021533
0.0072285
0.0042311
0.0008195
0.00171
-0.0029805
0.00617
0.0016925
-0.0049487
-0.0090407
-0.0075047
-0.0057976
0.0018083
0.0006831
-0.0096147
-0.009792
0.0037382
0.0094258
-0.0012937
-0.0058895
0.0093311
-0.0027766
-0.0032634
0.0086536
-0.0018785
0.0064365
0.0028047
0.0079993
-0.0052306
0.0033992
0.0064223
-0.0004864
0.0058058
-0.0084336
-0.0072422
-0.0047891
-0.0022291
0.0031514
-0.0093143
0.0005928
-0.0003011
-0.0078221
-0.00121
0.00348
0.0035264
-0.0019718
-0.002353
-0.0028397
0.0026667
0.0007226
0.0035819
-0.0034137
-0.0025378
0.0082608
0.0045753
-0.0053677
-0.0095466
0.0032015
-0.0040954
0.0034606
0.0088111
-0.0025078
0.0062631
0.0013104
0.0075661
0.0074121
0.0097598
0.0027799
0.0097156
-0.0057424
-0.0099494
-0.0068443
-0.0056135
0.0027899
0.005358
-0.0034687
-0.0011466
0.0057853
0.0021837
-0.0054849
-0.0081779
-0.0088211
-0.0037333
-0.0071838
0.0082568
0.0062741
-0.0032693
-0.0033956
-0.0043538
-0.0075434
-0.0093553
-0.002706
0.0069703
0.0085464
-0.0031988
-0.0016588
-0.0002732
-0.002501
-0.0061274
-0.0032522
-0.0063705
-0.0033854
0.0046027
0.002433
0.0077413
0.0090118
-0.0012022
-0.0042997
-0.000271
0.0005333
-0.0006287
-0.0066543
-0.0072314
0.0066665
-0.001431
0.0066278
0.0026059
0.0007299
-0.007453
0.005914
0.0087338
0.0034674
-0.0066182
-0.0088091
0.0005194
-0.0036526
0.0074851
-0.0057239
0.0017002
0.0074933
0.0046012
0.0078497
0.0093471
0.0041819
0.000217
0.0081268
-0.0094463
-0.0038043
-0.0019009
0.0008358
-0.0040174
-0.0003634
-0.005491
0.0002505
-0.0059589
-0.00157
-0.0008744
-0.0058403
0.0037152
6.66e-5
-0.0073413
-0.0032717
0.0039281
0.0062053
0.0025884
0.0001648
-0.0024893
-0.0072256
0.0080957
0.0044398
-0.0029987
2.86e-5
-0.0005126
0.008155
-0.0065869
0.0035834
-0.0070463
0.0054936
0.0030506
-0.0021235
0.0049496
0.0025985
-0.0048752
-0.0003568
-0.0058033
-0.0012939
-0.0059243
-0.0084746
0.0060352
0.0072138
-0.0063984
-0.0007206
-0.0076139
0.0021483
0.0018258
-0.0022344
0.005847
0.0064762
0.0031519
0.009073
-0.0054494
-0.0038634
0.0085102
0.0083313
0.0074137
0.0013983
0.0028704
-0.0052933
-0.0050996
-0.0049958
0.0031957
0.0096353
0.005343
-0.0071959
-0.0073694
0.0058314
0.0043922
0.0011146
0.0002867
0.0027297
0.0082394
-0.0062584
0.00179
-0.0004792
-0.0035414
-0.00059
-0.0028843
0.0072847
-0.0036158
0.0093202
0.0066264
0.0018749
0.0007821
0.0090814
-0.0046015
-0.0075769
-0.0024642
0.0036576
0.00511
0.0081467
0.0029525
0.0043941
-0.0018978
0.0040071
-0.0082821
0.0049153
0.0028667
-0.0032715
-0.0024013
0.0068206
0.0024966
-5.35e-5
0.006864
0.0096581
-0.0078677
0.0025465
-0.0017326
0.0089543
-0.0042946
-0.000993
-0.0053524
-0.0060443
-0.0081924
0.0057175
0.0056769
-0.0012975
-0.0018309
0.0096113
0.002519
0.0037574
-0.0071559
-0.0041144
0.0060193
0.0011054
0.0069018
-0.0053363
0.007648
0.0019326
0.0089484
-0.002371
0.0015564
-0.002548
-0.0063829
0.0023275
-0.0033834
0.007543
-0.0095018
0.009131
1.49e-5
-0.0034274
-0.0054139
-0.005177
0.0051326
-0.0052111
0.0024807
0.0072841
0.0037426
0.0013942
-0.0022474
0.0075219
-0.0039395
-0.0043145
0.0005925
0.0099266
0.0016979
-0.0008697
-0.0098433
-0.0093365
0.000323
-0.0007975
-0.0074964
0.0025539
0.0077182
-0.0060589
-0.0018612
-0.0041915
-0.0095339
0.0021154
0.0099045
-0.0007956
0.0055482
-0.0024067
0.0093818
-0.0091384
-0.0012534
0.0085917
0.0098726
-0.0065907
-0.0085163
0.0063771
-0.0023579
-0.0031812
0.0091701
0.0023899
0.0093365
0.0042657
-0.0019846
0.0076178
-0.0058727
0.0075148
0.0064924
0.0074035
0.0027214
0.0039293
0.0006462
0.0014602
-0.0027174
-0.0072931
-0.0078918
0.004319
-0.0076348
-0.0046735
-0.0024014
-0.0054615
0.0034213
-0.0069596
0.0050803
0.0066454
-0.0082893
0.0004816
0.007063
0.0025291
0.009055
-0.00409
0.0035802
0.0087136
0.0052916
0.0025529
0.0073627
0.0070844
0.0019221
0.0025365
0.0004993
0.0068772
-0.0042884
-0.0081669
4.47e-5
-0.0005815
-0.0041955
0.0034542
0.0031517
0.0098986
-0.0005933
-0.0059127
-0.005287
0.0004383
0.0067469
-0.0095636
-0.0077127
-0.0051704
0.0058861
-0.0075385
-0.006081
0.0081807
-0.0054212
0.0022743
-0.0073026
-0.0038435
-0.0065469
-0.0018816
0.0056553
-0.0025916
0.0041911
-0.0026448
-0.0085779
-0.0061561
0.0011419
0.0062209
0.0076479
0.0013302
0.0083186
0.0028105
0.0064283
0.0079636
0.0017596
0.0062546
-0.0003828
0.0053642
0.0019858
0.0043953
0.002703
0.0089167
