0.0086445
-0.0083012
0.0090665
0.0067005
-0.0090014
-0.0014399
-0.0041239
-0.0043055
0.0075523
-0.009027
-0.0063522
-0.0008686
-0.0001197
-0.0015735
0.0087118
-1.85e-5
0.0002355
0.0022433
0.0033265
-0.0035255
-0.0061245
0.0003666
-0.0005085
-0.0007121
0.000248
0.0040412
0.000252
0.0097804
-0.0054571
0.0015859
0.0095432
-0.0047822
0.0026263
-0.0040566
-0.0080442
-0.0078455
0.0034738
-0.0066034
0.0062268
0.0041581
-0.0051034
0.0063672
0.0090577
-0.0039337
-0.0026603
-0.0059625
0.0094797
-0.0014831
-0.0074704
-8.63e-5
-0.0089305
-0.0054037
0.0021269
-0.0050505
-0.009747
-0.0023499
-0.0083283
-0.0023598
0.0091983
-0.0042508
0.0053404
0.0014772
-0.0025834
-0.0027218
-0.0072502
-0.0013784
0.0085979
-0.0009462
0.008088
-0.0057853
0.0088733
-0.0033893
-0.0048324
0.00333
-0.0004687
0.0039039
-0.0065356
0.0015363
-0.0085089
0.0055553
0.001888
-0.0024482
-0.0021563
-0.0002059
0.006865
-0.0070288
0.0013979
-0.0048993
-0.0039079
-0.0007173
0.0020585
0.0063952
0.0048487
0.0014236
-0.0071523
0.009891
-0.0037981
0.0099599
-0.0094351
-0.009118
0.0004484
-0.0088714
0.000698
0.0089727
0.0073487
0.001176
0.0043424
0.008873
0.0028636
0.0041302
0.0008312
0.0083584
-0.0067239
0.004143
0.0018226
0.0044836
0.0075746
-0.0099598
0.0040053
-0.0084936
-0.0097866
-0.0033086
-0.0094443
-0.000333
-0.0078136
-0.0021267
-0.0033576
-0.006071
-0.008145
0.0006886
-0.0048598
-0.0090924
-0.0013808
0.0033032
-0.0089244
0.0032208
0.0006655
-0.0057878
0.0020031
0.0039035
0.0062944
-0.0064604
0.0062805
-0.0038092
0.007622
-0.0009195
0.0093212
-0.0074271
-0.0015018
-0.0032278
0.009644
-0.0041495
-0.0052346
-0.0020463
0.0010071
0.0045069
-0.0037688
0.0097742
0.0094464
0.0059365
-0.0026123
0.0010895
0.0016147
-0.001521
0.0047714
-5.38e-5
0.0089099
-0.0071211
0.0093917
0.0074116
-0.0079318
0.0068071
-0.0081322
-0.0028234
0.0049396
-0.008403
-0.0050551
0.0053755
0.0041519
0.0085847
-0.0091205
0.0073557
-0.0069089
-0.0043158
0.0018975
-0.007295
0.0087591
0.0084861
0.0058507
-0.0038751
-0.0025167
0.0004806
-0.0058801
-0.0054047
0.0093526
-0.0041485
0.0062291
0.0058556
0.0099523
0.0099655
-0.0068919
-0.0094207
0.0028269
-0.001399
-0.0048326
-0.0023059
0.0058743
0.0086346
-0.0024505
-0.001619
-0.0073483
0.0042154
0.0016651
-0.0027643
-0.0079515
0.0002253
-0.0094847
-0.0007402
-0.0052417
0.0014904
0.0029607
-0.0075094
-0.0073738
-0.0050277
0.005343
-0.0058402
0.0048055
-0.0096247
-0.0003867
-0.0005586
0.0012887
0.0017905
0.0005536
0.001664
0.0016798
0.0033723
-0.0080673
-0.0093197
0.0073774
0.0057887
-0.008738
0.0068694
-0.0070217
0.0018943
-0.0036854
0.0020778
-0.0017984
-0.0008732
0.0067644
-0.0093556
-0.005014
-0.0034994
-0.0089013
0.0007931
0.0008486
0.0042603
0.0025681
0.0087351
-0.0002043
0.0084329
-0.0037742
0.0029179
-0.0051497
0.0017189
-0.0019343
-0.0012203
-0.0094775
0.000815
0.0015189
-0.0058333
0.0027128
0.0050502
0.0077289
-0.0099729
0.0063128
-0.0074819
0.0023959
-0.0034236
-0.0058265
0.0041704
0.0099366
0.0034496
-0.0061345
0.0039938
0.0020632
-0.0098806
-0.0075857
0.0089776
-0.0077772
-0.0011294
0.0008841
0.0008211
0.0032409
-0.0076052
0.0014614
-0.0069225
0.0082128
-0.000314
-0.0050889
-0.0001571
0.0030031
-0.0019125
0.0001449
0.0078851
-0.0081098
0.0029867
-0.006528
-0.0015133
-0.0053483
0.0016599
-0.0013746
0.0063705
-0.0030538
0.0009332
-0.0099134
-0.0028036
-0.0034295
0.004451
-0.002259
0.0046928
0.005602
-0.0051813
-0.0022405
-0.0073983
0.0064982
-0.0028941
0.0028288
0.0008427
0.0013193
0.002546
0.0090499
-0.0074326
0.0066096
-0.0007396
0.0079211
-0.0019917
0.0073409
-0.0014423
-0.0056972
-0.0090532
-0.0081303
0.0086425
0.0035803
-0.0036791
0.0063006
-0.0074689
-0.0033767
-0.0064153
0.0080609
-0.0039605
-0.0036986
0.006672
0.0009628
-0.0017979
-0.0073299
-0.0077824
0.0096323
-0.0084157
-0.0008915
-0.0083471
0.0038039
-0.00736
0.006196
-0.0023993
0.0097058
0.005122
0.0049694
0.0074004
-0.0057368
0.0049879
0.003687
0.0017721
-0.005816
-0.0026531
0.0024125
-0.0053742
0.0085804
0.004943
-0.004179
0.0093018
0.0007432
-0.0033336
-0.006676
-0.0012262
0.0038522
0.0056355
-0.0021303
0.006366
-0.0035242
-0.0011452
-0.0055044
0.006061
-0.0060759
0.008978
-0.0050486
0.0016115
-0.0074495
-0.0058066
-0.0032686
0.0002931
-0.0071502
-0.0049625
0.0029423
0.0039179
-0.0080166
0.0051399
-0.0002898
-0.0037205
0.0004655
0.003517
0.0019176
0.0060973
-0.0022166
-0.0031004
-0.004589
-0.0083325
0.0087263
0.0018824
0.0007082
-0.0071361
-0.0063658
-0.0089788
0.0055978
0.0086604
-0.0079215
-0.0044443
-0.0091474
0.0048053
0.0055133
-0.006143
0.0043836
0.0019496
0.0004193
0.008816
-0.0095323
0.0060819
0.0048971
0.0049714
0.0090208
0.0057683
0.0091894
-0.0012448
-0.0017026
0.0033742
0.0058674
-0.0055297
0.0094165
-0.0047973
-0.0071448
-0.0077434
-0.0031564
-0.0028437
0.0086364
0.0025027
0.0009022
0.0059612
7.62e-5
0.0030801
-0.0029381
-0.0039742
0.0076228
-0.0095876
-0.0050935
-0.0041041
-0.0070544
-0.0093045
-0.0032315
-0.0048897
-0.0072186
0.005394
0.0005148
-0.0093433
-0.0037473
-0.002016
0.0077166
-0.0037394
-0.0089451
0.0004702
-0.0061361
0.000962
-0.0092037
0.0048901
-0.0066338
-0.0050422
0.0098349
-0.0037633
0.0076192
0.0026985
-0.0027507
3.64e-5
-0.0023983
-0.0062643
-0.0030909
0.0004992
0.0021813
