0.007119
-0.0053697
0.0079957
0.0038931
-0.0033546
0.0099338
0.0023987
-0.0012205
-0.0097767
-0.0046748
0.0089168
0.0086999
-0.0033532
0.0056701
0.004606
0.0082653
0.001578
0.0007349
0.0083395
0.0013169
5.67e-5
0.0058786
0.0042153
-0.0077298
0.0005083
-0.0073298
-0.0049933
-0.0003281
8.19e-5
0.0021836
-0.0074701
-0.009236
0.0038673
-0.0006571
0.005447
-0.0098465
0.0009751
0.001136
-0.0022807
-0.0057672
-0.0069325
-0.0054326
-0.0077123
-0.0084865
-0.0024829
-0.0068241
0.0015936
-0.0068834
-0.0011261
0.0060947
0.0011991
0.0043485
0.0064094
-0.0065133
0.0054683
-0.0095059
0.0022821
0.0088337
0.0088468
0.0027787
-0.0029331
0.0032681
-0.009711
0.0034652
9.5e-5
-0.0025173
-0.0006518
-0.0099132
0.0099838
0.0039647
-0.0079436
0.0011451
0.0026296
0.0095375
-0.0079728
0.007321
0.0023095
-0.0055531
-0.0066385
0.0058599
0.0012603
0.0058936
0.0099789
0.0058989
-9.69e-5
-0.0068004
0.0085109
0.0067716
0.0051252
0.0093532
0.0091778
-0.0091088
0.0090477
-0.0015005
-0.0099814
0.0032016
0.0087478
0.0024281
-0.007185
0.0095198
0.0044253
0.002667
0.0019027
0.0097435
-0.0077459
0.0095895
-0.0022887
0.0090392
-0.0034201
0.0089051
-0.0059157
0.0036946
-0.0052539
-0.0008348
-0.00995
0.0073687
-0.0034341
0.0095948
0.0050257
-0.0068728
-0.001533
0.0050932
0.0031861
-0.0098778
0.0091671
0.0023082
0.0013112
0.0049528
-0.0057891
-0.0093693
0.0067847
0.0013457
-0.0090332
-0.0034471
-0.0074648
-0.0082978
0.0059776
0.0018152
-0.0031096
-0.0079645
0.0034144
0.0013997
-0.00231
-0.0057451
0.0075717
0.0086419
0.0054121
-0.0010524
0.0098096
-0.0078699
0.0040646
0.0040935
-0.0013033
-0.0026092
0.0071886
-0.0099604
-0.0041704
0.0024356
0.0025907
-0.0014157
0.0003156
-0.0034807
0.0018258
-0.0004643
-0.0029461
0.0036521
0.0008361
-0.0085165
-0.0003388
0.0077359
-0.0022085
-0.0036417
2.0e-7
-0.0083098
-0.007597
0.0096786
0.0098981
0.0001897
-0.0009817
0.0041073
-0.0096174
0.0033609
-0.0028863
-0.0072708
0.0013645
0.0021334
0.0092095
-0.0066227
-0.0037394
-0.0041775
0.0005161
-0.0091875
-0.0012648
0.0032026
0.0081432
-0.00573
0.0054276
0.0051245
0.0045504
-0.0050939
-0.0015488
-0.0033927
0.008188
-0.0074109
-0.0050578
0.0017031
-0.0081677
0.008334
0.0015526
-0.0010605
0.0014552
-0.0032911
-0.0036363
-0.0011483
-0.0049046
0.0039661
0.0002829
-0.0043299
0.00049
-0.0044545
-0.0010477
0.0007193
0.0084551
-0.0003794
-0.0061011
0.000432
0.0015691
0.0039876
-0.0007357
-0.0070852
0.008426
0.0027391
0.0072298
-0.002367
-0.0008127
0.0056562
-0.0041997
0.0085087
0.0076054
-0.0065931
0.0048746
-0.0098174
0.0086341
-0.0026534
-0.0016152
-0.0004229
-0.0022191
0.0058563
0.0046879
0.0011597
0.002203
0.005415
0.0027166
0.0072683
0.0069419
0.0006454
-0.0052285
0.0086576
0.0064919
-0.0008566
0.0011801
-0.0020218
-0.0009529
0.007941
0.007097
-0.0036673
0.0001099
0.0050374
0.0009951
-0.0041622
0.0023423
-0.0089771
-0.0042609
0.0038691
0.0073795
0.0014377
-0.0088902
-0.0005897
0.0006834
0.0070563
0.0047532
0.0062226
0.0052873
0.0077373
0.0036394
0.0083911
-0.0007984
-0.0051882
0.0035809
-3.55e-5
0.0046526
-0.0014306
-0.0042994
-0.0066196
0.0080875
0.0015506
0.0017811
-0.0081052
0.0059511
-0.0017084
-0.0027903
-0.0066797
-0.0077377
-0.0082884
-0.0025192
0.0069582
0.001003
0.0096632
0.0096227
-0.0096137
-0.0047106
0.0042726
0.0077748
-0.0071902
0.0011789
-0.005211
-0.0083609
-0.0098923
-0.0063212
-0.0080371
0.0016888
-0.0019388
-0.0016531
-0.0074598
0.0091356
-0.0074245
-0.0081168
-6.5e-5
-0.0070573
-0.0008037
-0.0061949
0.0099039
0.0009707
0.0011399
-0.0056446
0.0017857
0.0004716
-0.0072635
0.0009576
0.0090324
-0.008737
-0.0007827
-0.008279
0.0051927
0.0021779
-0.0088232
0.0009772
-0.0010907
-0.0059758
0.0039614
-0.0059078
-0.0048209
-0.0002115
0.0090567
-0.004836
0.0062029
0.0029665
0.0034891
0.0041797
-0.0018008
-0.0029534
0.0090189
-0.0008418
-0.0082993
0.0089977
0.0067303
0.0022094
-0.0067709
-0.0048925
-0.0098877
0.0096847
-0.0070813
-0.0072127
0.008216
-0.0002015
0.0097135
0.0004467
-0.0078299
0.0035885
0.002597
0.0027841
-0.004199
0.0007316
0.0012001
0.0017162
0.0013643
0.0058457
0.0075157
-0.0052736
0.0056852
0.0031897
0.0047671
0.0050492
0.0030703
0.0031758
0.0093259
0.003797
0.0068197
-0.008818
-0.0040065
0.0076387
-0.006824
-0.0007647
-0.0010343
0.0045942
0.0059506
0.0045712
-0.0051446
0.0018619
-0.0098621
-0.0064905
-0.0081425
-0.0026759
0.008615
-0.0042584
0.008274
0.0015677
-0.0082132
-0.0080179
-0.00136
0.0005489
-0.0070043
-0.0020736
0.0093672
-0.0059872
-0.004009
-0.0057186
0.0026665
-0.0058399
0.0065594
-0.0016066
0.0089472
0.0018579
0.0008985
-0.0096039
-0.0099675
-0.009325
0.0029314
0.0053155
-0.0019182
0.0062605
-0.0050438
-0.0004395
0.000658
-0.0013811
-0.0061434
-0.0048283
-0.0063531
-0.0053036
-0.0022423
0.0008377
-0.0056507
-0.0030279
0.0020486
0.0015938
-0.0031744
-0.0069343
0.0068662
-0.0085776
0.0051729
-0.0012752
0.0009689
-0.0039554
0.0010154
-0.0001527
-0.0063853
-0.009338
0.0013348
0.0060161
0.0075851
-0.0096104
-0.0035222
-0.0029925
0.0002602
0.0027004
-0.0097774
0.0065485
-0.0003893
0.0022464
0.0096885
0.0017758
-0.0064485
0.0019503
-0.001859
0.0027989
-0.0092093
-0.0050847
-0.0091986
-0.0036158
-0.0010181
0.0009517
0.0093323
-0.005503
0.0005407
0.0024395
