0.0057549
0.0091213
-0.0053385
0.006017
0.007371
-0.007548
-0.0078139
-0.0051636
0.0026076
0.0035694
0.008202
0.0048481
-0.0020854
0.0020609
-0.0064444
0.0087559
0.0006136
-0.0076791
0.0035982
-0.0031303
0.0034954
-0.0008664
-0.0019409
-0.0073
-0.0055616
0.0091687
-0.0048589
0.0035771
0.0093944
-0.0035238
-0.0066487
-0.0078735
-0.0061582
0.0054662
0.0014984
-0.0001069
0.0021999
0.0037916
0.0026294
-0.000367
-0.0078082
-0.0057911
-0.0066948
0.0025928
-0.0057706
0.005753
-0.0087333
0.0010224
-0.0090978
0.0098761
0.0006338
0.0002504
0.0045469
-0.0065337
-0.0050711
0.0085529
0.0007182
0.00393
-0.0016755
-0.0029909
0.0064414
-0.0024575
0.0074066
-0.0019139
-0.0086265
0.0033996
-0.0039033
0.0029954
0.0048543
0.0058037
0.0008413
0.0007295
-0.0062219
-0.0053828
0.0058659
0.0039706
-0.0035304
0.0039869
0.0018467
-0.0002353
-0.0062758
-0.0022596
0.0098987
-0.0004224
-0.0004891
0.0040015
0.0045239
-0.004103
-0.0050596
-0.0036235
0.0078168
0.0067711
-0.0057646
-0.0010134
0.0055447
0.0064093
-0.0004307
0.0026723
0.0094268
-0.0075181
0.0021409
0.0081333
-0.0027234
0.0070663
-0.0005624
-0.0089586
0.0071619
-0.00077
-0.003759
0.0072149
0.0018155
-0.0096582
0.0087545
0.00236
0.0022497
0.0010101
-0.0051485
0.0031119
-0.0093891
-0.0088296
-0.0046534
-0.001864
-0.0033208
0.0090583
-0.0024304
-0.0060742
-0.0028822
0.0093339
0.0081447
0.0030733
0.0018957
-0.0079193
-0.0049576
0.002594
-0.0075772
-0.0086523
0.0050316
-0.0039657
0.0069634
-0.0020357
0.003869
-0.0082901
-0.0096268
0.0016051
0.0002898
-0.0032982
-0.0040888
0.0062938
0.0074581
-0.0017072
-0.0016223
-0.0098953
0.0090331
0.0026285
-0.0066909
0.0024232
0.0010978
-0.008899
0.008498
-0.0045602
0.0048799
0.007244
-0.0042646
-0.0054371
0.0043866
-0.0025524
-0.0034951
0.0036761
0.0052599
0.0053269
-0.0063039
-0.0027347
-0.0075941
-0.0082953
0.0033479
0.0037716
0.0061452
-0.000536
-0.0036024
-0.0032315
-0.0061577
0.0092886
0.0014245
-0.0093899
-0.0089643
-0.0076297
-0.0040264
-0.0048532
-0.0093392
-0.0075158
-0.0089441
0.0045501
0.0041343
0.007652
0.0050828
0.0043978
-0.0092164
0.0047908
-0.0047127
-0.0070973
0.007981
0.0003164
0.0042819
-0.0058816
0.0019983
0.000965
-0.000114
-0.0012685
-0.0006433
0.0033012
-0.0079503
0.009741
-0.0035652
-0.0076367
0.003214
0.0031252
-0.0038248
-0.0095577
0.0018721
0.0002854
-0.0090541
-0.0094427
0.0035455
0.00291
0.0032053
-0.0007648
0.0020659
-0.0060896
-0.0080703
0.0053548
0.008634
-0.0082941
-0.0083386
0.0002404
0.0096203
0.0086848
0.0072984
0.0052397
0.0004747
0.0080756
-0.0099853
0.0064003
-0.001762
-0.0067472
-0.0045761
0.0091339
0.0094394
-0.005907
0.004899
-0.0056797
0.0034218
-0.0096207
0.0065354
-0.0070616
0.0060599
0.0040744
0.0019576
-0.0021415
-0.0031897
0.0063204
0.0020356
0.0072992
0.00926
-0.006381
-0.0074914
-0.008756
-0.0031894
0.0069282
-0.0043434
-0.0071458
0.0081354
0.0012332
0.0083486
-0.0047955
0.0025106
-0.0003856
-0.0036581
-0.0027493
0.0072633
0.0041543
0.0030792
-0.0015024
-0.0044287
0.0035676
0.0063396
-0.0046375
0.0081046
-0.002875
0.0084323
0.0089469
-0.0010973
0.0093362
0.0055092
-0.0082967
0.0083676
-0.0083001
0.0057404
-0.0059696
-0.0095615
-0.0025878
0.0068075
-0.0011831
0.0048099
0.0065621
0.0040432
-0.0019921
-0.0091832
-0.0064244
-0.0075403
-0.0045214
-0.0069136
0.0008151
-0.001926
-0.0062966
0.0037976
-0.007245
0.0095559
0.0099123
-0.0096147
0.0053549
0.006761
-0.0021723
0.0087026
0.0060881
0.0052505
-0.0022704
-0.0069703
-0.0074884
-0.0040269
0.0056135
0.0083074
0.0091539
-0.0064912
0.0085411
-0.0025994
0.002482
-0.0052882
-0.0076777
-0.0031531
-0.0060178
0.0084777
0.0006037
-0.0087912
-0.0060736
-0.0070305
-0.0069672
-0.0094129
0.0085124
0.0046312
-0.0078643
0.0079141
0.0041386
-0.0021986
-0.0092819
0.0080185
-0.0044419
-0.0018348
0.0045612
0.0054082
0.0062277
-0.0099573
0.0025208
-0.0021832
0.0020044
-0.0071479
-0.005959
-0.0001302
-0.006235
0.0002809
-0.0087622
0.0052439
-0.0086605
0.0030179
0.0035855
-0.0048913
0.0028328
-0.0064235
-0.0009818
2.61e-5
0.0019981
-0.0063805
0.0081254
-0.0099332
0.0082133
-0.0019201
0.0047112
-0.0072151
-0.0019851
0.008414
0.0088585
0.0090541
2.11e-5
0.0057711
0.0065028
-0.002229
-0.0067629
0.0041099
-0.0036854
0.0012765
0.0083341
-0.0025606
-0.005459
0.0070205
-0.0065611
0.0043887
-0.0093276
0.0065955
0.0077386
0.0051546
-0.0085788
-0.002355
-0.0072438
-0.0036808
-0.0098184
0.0067391
-0.0052037
-0.008986
0.0023129
-0.0005402
0.0013065
0.0092279
0.0026698
-0.007331
-0.000319
-0.0070402
-0.0094228
0.0022499
-0.007042
-0.0048174
0.0073994
-0.0036892
0.0018445
0.0048793
0.0036607
-0.0086993
0.0011787
0.0077558
0.0019565
-0.0077855
-0.0063697
-0.000359
-0.0009416
0.0073173
0.0025637
0.0061056
-0.0033902
-0.0054512
-0.004412
0.0068117
-0.005778
0.002424
-0.0095174
-0.0065385
-0.0090853
0.0083756
0.0015136
-0.0084374
0.0053726
0.0086316
0.0004028
0.0064146
0.0013887
0.0073265
0.0098611
0.0095512
0.0044454
0.0050429
-0.0006778
0.0067002
0.00339
0.0004716
-0.007222
-0.0050202
-0.0068392
-0.0024224
-0.009029
-0.0086185
-0.0022402
-0.0094167
-0.0087846
-0.0045739
-0.0032747
0.0019185
0.0057127
-0.0036726
-6.7e-5
0.0094295
-0.0006223
-0.0079445
-0.0080726
0.0084201
-0.0088943
-0.0094509
0.0076348
-0.0064872
