0.0064937
-0.000579
0.0089943
-0.0032168
-0.0097143
-0.0003441
-0.0064412
0.0066459
4.03e-5
0.0018273
-0.003804
0.0043639
-0.0036757
-0.0074216
-0.0054872
-0.0012236
-0.001332
-0.0020223
0.00793
0.0012334
-0.0091219
-0.0090373
-0.0057112
0.009463
-0.0065748
0.0045474
-0.0046681
0.0047355
-0.0038844
-0.0020374
0.008621
-0.005963
0.0033503
0.0056041
-0.0084571
-0.0093422
-0.0019324
-0.009945
0.0038789
0.009798
-0.0029728
0.006213
0.003891
-0.0059299
0.0027806
0.0008821
-0.0030351
0.0073144
-0.0090795
-0.0044092
0.0011973
-0.0055936
-0.0056126
0.0006916
-0.0017949
0.0056829
-0.009124
0.0076161
0.0018452
0.0075875
-0.0057809
-0.0078346
-0.0050028
-0.008193
0.0034052
-0.00996
-0.0096524
-0.001655
0.0033067
-0.0027358
-0.0096703
0.0084656
-0.0038141
0.0031299
0.0059847
-0.0083716
0.0051709
-0.0095957
0.0035089
-0.0033917
-0.0021906
0.0023836
-0.008673
0.008387
-0.0020288
-0.0036881
-0.0012565
-0.0048568
0.0011376
0.0031602
-0.0022649
-0.0016114
0.0091257
0.0010651
-0.0082592
0.0026508
0.0004357
0.0046594
-0.009479
-0.0064335
0.0066364
0.003532
-0.0050945
0.0028048
0.0061202
0.0003293
0.0067466
-0.0046239
-0.0019716
-0.0068648
0.0041764
0.0009516
0.005552
0.0046332
0.0021698
0.0049866
0.0048933
0.0026908
-0.0096512
0.0097486
0.0002466
0.0049025
-0.0050797
-0.0073719
-0.0071085
-0.0067196
-0.005663
0.0041918
0.006338
0.0007377
0.0052969
0.0069288
-0.0020739
-0.0097376
-0.0064785
0.0071526
0.0087894
-3.7e-6
0.0013935
-0.0013079
-0.0020958
0.0013652
0.0066395
0.0030374
-0.0056577
0.0096496
0.0012306
-0.0055065
0.0053851
-0.0064711
-0.0065996
-0.0031512
-0.0097164
0.003729
0.0014917
0.0007429
0.0038101
-0.0058491
-0.0054184
-0.007009
-0.0019744
-0.0068495
-0.0024843
-0.0079767
-0.0027836
0.0039011
-0.0046005
-0.0054359
0.0036758
0.0015272
0.0028678
-0.0045521
0.0049419
0.0038276
0.0054363
0.0037896
0.0002017
0.0026891
0.0026258
-0.0055371
-0.0073316
0.0064591
-0.0092553
-0.0016917
-0.0011656
0.0015879
-0.0017267
0.004995
0.0016655
-0.0004283
-0.0001952
0.0069985
0.0017448
0.0092066
0.0065041
-0.0005792
0.0030827
-0.0075464
-0.0067836
0.0036774
0.0082862
0.002257
-0.0051322
0.0021476
0.0024119
-0.0062548
0.0068232
0.0053483
-0.0094688
0.0085817
0.007349
-0.0033983
0.0096664
0.0065678
0.0076466
-0.0006149
0.0007698
0.0009581
0.0005685
-0.0021613
0.0075726
-0.0092978
0.0017537
-0.0015817
0.004963
-0.0098176
0.0025628
-0.0042169
0.0044444
0.0056934
-0.0078012
-0.0020787
-0.007469
-0.0063037
-0.0001003
0.0081217
0.0073485
0.0014776
-0.0082205
-0.0060018
0.0032452
-0.0054069
-0.0018178
-0.0084018
-0.0028382
-0.0042037
0.0040114
-0.0082363
0.0078713
0.0008989
-0.0024021
-0.0083279
0.0086067
-0.0062171
-0.0098629
0.00336
-0.0069611
-0.0092855
0.0077475
-0.0059461
-0.0061948
0.0053226
0.0026601
0.0051219
-0.0027261
-0.0061481
0.0033298
0.0028327
-0.0013218
-0.0061014
0.0022746
0.0091657
-0.0083313
-0.0053821
0.0095025
0.0063061
-0.0034527
0.0069164
-0.0073578
-0.0021142
0.005022
-0.0041916
0.0011159
0.0018832
-0.0037902
-0.0080882
-0.0010331
-0.0023185
0.0019623
0.0023848
0.0063829
0.0063277
0.0038268
-0.0053169
0.005058
0.0073515
-0.0075343
0.0095678
0.0038893
-0.0001131
-0.0059386
-5.73e-5
0.0056635
-0.0062341
-0.003098
0.0064894
0.0060385
-0.0077388
-0.0094346
-0.0014686
0.0078556
-0.0020793
-0.008281
-0.0050094
0.0060672
-0.0095128
0.0046167
0.0082939
-0.0016087
-0.0063178
0.0002363
0.0026869
0.0089253
0.0002983
-0.0006625
-0.0003986
-0.007478
0.0017594
0.0026618
-0.0051539
-0.0063654
0.0006518
4.79e-5
0.0016868
0.0083585
-0.0069346
0.0063447
0.0077766
-0.0054045
-0.0030764
0.0082705
-0.004287
0.0041355
0.0005607
-0.0064091
0.0099503
-0.009755
0.0077758
-0.0050776
-0.0087852
-0.0091246
0.0049356
0.0017902
-0.0028622
0.0027937
0.0002453
0.0041932
0.0055583
0.0021381
0.0094843
-0.0057583
0.0021064
-0.0049378
0.0089404
0.0069281
-0.0038692
-0.0054265
-0.0026766
0.0092576
0.0061449
-0.002809
0.008437
-0.0017645
-0.0035422
0.0010598
-0.005852
0.0012927
0.006285
-0.0008107
0.0038627
0.0096766
0.0027156
-0.0058198
-0.0055692
0.0094205
-0.0043556
-0.0011512
0.0053154
0.0016732
0.0060168
-0.0023181
-0.005877
-0.0072392
0.0095302
-0.0072518
-0.0073871
-0.0017705
0.0011623
0.0026181
-0.0099664
0.0088863
0.0093238
-0.0002972
-0.0051894
0.0023535
-0.0074837
0.0087857
0.0097192
0.0028763
-0.0025609
0.0013181
0.0012942
-0.0060492
0.0008018
-0.0084418
0.0033437
0.0097122
-0.0012562
0.0083416
-0.0045348
0.0090855
-0.0039549
0.0028468
0.0090023
0.0019775
0.002585
0.0080743
0.0006278
0.0096193
-0.0019005
-0.001483
0.0019939
-0.0091425
-0.0035784
3.27e-5
-0.0041179
-0.0011018
0.0085436
0.0048842
-0.0043937
-0.0051325
-0.0057528
-0.0097486
0.0080178
0.0085462
-0.0071267
0.0057412
-0.0056675
0.0092244
-0.0092822
-0.0015893
-0.0030144
-0.0077894
0.0017967
0.008644
0.0085187
0.003331
0.0043489
-0.0062411
0.0054035
0.0024262
-0.0033548
-0.0016302
-0.0015727
0.0034654
0.0014581
-0.0027898
-0.0095597
0.0024469
0.0075916
-0.0075312
0.0097557
0.0015549
0.0045177
0.0005019
-0.0050571
0.0080826
0.0030008
0.0072447
0.007198
0.007411
-0.0088204
-0.0079356
-0.0097182
0.0014091
0.0052598
-0.0035339
0.0013153
0.0032663
0.0047571
0.0055191
-0.0067057
-0.0025252
-0.0011404
0.0056424
