-0.0042886
0.0080105
-0.0074099
0.0091549
-0.0013177
0.0024548
0.0021418
0.0011483
0.0010831
0.0056283
0.0010378
-0.0073349
0.009967
-0.0020524
-0.0064717
0.0064138
-0.0008844
-0.0095147
-0.0053238
-0.002131
-0.0007722
-0.009967
0.0020496
-0.0090461
-0.0099359
0.000781
-0.0093937
-0.0045456
0.0023295
-0.003805
0.0002947
-0.0003365
-0.0080894
0.0021156
-0.0090538
-0.0046044
0.0095394
0.0027451
0.0057876
0.0080421
-0.0095198
-0.0033667
-0.0015795
-0.0042517
-0.0024177
-0.0049934
0.0037959
-0.0058184
-0.0004303
-0.0058632
0.008734
0.0037422
-0.00648
-0.0030539
-0.0004575
0.0057686
-0.0079227
0.0049569
0.0072006
0.003584
0.001467
0.007869
0.0070066
0.0027553
0.0006855
-0.0044095
-0.008576
-0.009868
0.0011932
0.0029219
-0.0023121
-0.0033873
-0.0041943
-0.0083562
0.0081262
-0.0020812
0.003203
0.0073144
0.0027652
-0.0033627
0.0009533
-0.0013596
-0.0069295
-0.0073205
0.0004819
-0.0018031
0.006919
0.0034819
0.008142
-0.0061735
0.0031982
-0.0011967
0.0064777
0.0034408
0.0002501
-0.0081717
-0.0017892
-0.0020604
-0.0005534
-0.0007362
-0.0094915
0.0067276
-0.0095122
-0.0090558
-0.0078549
0.0077083
0.0054564
-0.001459
-0.0062758
0.004068
0.0004449
-0.0080407
-0.0047783
-0.0076736
0.0071921
0.0096657
0.0040495
-0.0093308
0.0072379
0.0097114
-0.0083965
0.0032175
-0.0097671
-0.0097108
0.0031421
0.0011562
-0.0095517
-0.0066583
-0.0090188
-0.0007919
-0.0002493
0.0021266
-0.0035085
0.0012683
0.0068623
0.0051576
-0.0061903
-0.0097566
0.001756
0.002793
-0.0093221
-0.0007226
-0.0063477
-0.0025409
0.0033409
-0.0080862
-0.0013479
-0.0040278
-0.0022211
0.001227
-0.0031015
0.0014586
-0.0004657
-0.0003944
0.0078131
-0.0094124
0.0018284
-0.0067114
0.0030615
0.0050472
0.0011707
-0.0016056
-0.0064475
-0.0064277
0.0071294
0.0036044
0.0061895
-0.0028958
-0.0032684
-0.0011114
0.0079863
-0.0095714
0.0049996
0.001562
0.0093701
0.0040468
0.0065257
0.0073421
-0.0018602
-0.0074444
-0.0015342
-0.0090089
-0.0066773
-2.52e-5
0.0028901
0.0066666
-0.0024786
-0.0097299
0.0060643
-0.0057832
0.0094895
-0.0044324
0.0040883
-0.0046891
-0.0046336
0.0086471
0.0090632
0.0014555
-0.0002681
-0.00327
-0.0087614
0.0030412
0.0099058
-0.001327
0.0071265
-0.0098388
0.0033114
0.0017618
0.0078545
0.0083876
0.0069762
0.0018108
-0.005574
0.0030129
-0.0061097
0.0073939
-0.0050677
0.0074799
-0.0077046
-0.0068296
-0.0068561
0.0006086
-0.0042469
0.0076933
0.0011135
-0.006163
0.0041745
-0.008692
-0.0078015
-0.0044628
-0.0048815
0.0078099
0.0068168
-0.0098957
-0.0060242
0.002124
-0.0045447
-0.0084134
-0.003998
-0.0043353
0.0046004
-0.0071559
-0.0089225
0.0095421
-0.0058225
0.0024619
0.0091467
-0.0039506
-0.0098271
-0.008232
-0.0088564
-0.0070224
0.0005808
-0.0005872
-0.0037489
-0.0051945
-0.0062559
0.0014055
0.0070765
0.0021746
0.0068457
0.0073493
0.0057117
-0.00991
-0.0059498
-0.0012083
0.0073178
-0.0087184
-0.0060416
0.0042906
0.0054593
-0.0017898
-0.0034025
0.0061957
-0.0065238
-0.0041131
0.0037137
-0.000864
-0.0067623
-0.0045429
-0.0023938
0.0054371
-0.004554
0.0056928
-0.0003382
-0.0099905
0.0035668
-0.0029079
0.0057875
0.0082561
-0.0071946
-0.0080647
-0.008145
0.0023435
-0.002535
-0.0043661
-0.0012078
0.0054659
-0.0081341
0.0012704
0.0038746
0.0060723
-0.0029577
-0.0021278
-0.0029113
-0.0058595
0.0073309
0.0017227
-0.0036967
-0.0089302
-0.0061353
0.002982
-0.0009496
0.0099561
-0.0048736
0.0002898
-0.0059002
-0.0056433
0.0075371
-0.0040429
0.0066756
0.0002693
-0.004914
0.0079488
-0.0026834
-0.0025416
0.00416
0.0009021
0.0056724
0.005168
0.0025118
0.0021407
-0.0081243
-0.0038092
-0.0099486
0.0073864
-0.0043088
-0.0084167
0.0025577
0.001593
0.0071845
-0.0012409
-0.0022618
0.0002672
0.0071351
0.0093123
0.0081885
0.0033542
0.0082863
-0.0048289
0.0001249
-0.008854
-0.001644
-0.0075616
-0.0004625
-0.002009
-0.0037459
-0.0071832
0.0009573
0.0024375
0.0026774
0.0009884
0.0003905
-0.0046025
-0.0070125
-0.0099499
-0.0008422
0.0077935
-0.0062535
0.0014337
-0.0077027
-0.0030462
0.0041845
0.0015765
0.0083186
-0.009403
0.0015174
-0.0069077
-0.0019287
0.0066716
0.0026434
-0.0007996
-0.0050268
0.0034534
-0.0071665
0.0083012
0.0045118
-0.0037002
-0.0047941
0.0064576
-0.0009203
0.008643
0.000774
-0.0072471
0.0066259
0.0099057
0.0094457
-0.0078838
0.0074685
-0.0056624
0.0027553
-0.00979
0.0033601
0.0014865
0.0028876
0.0025604
-0.008399
0.0099725
0.0044621
0.0047821
-0.0093015
-0.0022182
-0.00679
0.0028971
-0.008575
8.67e-5
-0.0017339
0.0056012
0.0060996
-0.0073381
-0.0063394
-0.0046634
0.0044993
0.0078575
-0.0041326
0.0006128
0.0091874
0.0095053
-0.0080085
-0.0046129
-0.0015104
0.0004086
0.0021458
0.0054712
0.0086671
0.00494
-0.0072537
-0.0041378
0.0018402
0.0048559
0.0084331
-0.0067821
0.0020074
0.0097102
0.0080187
-0.0083588
0.0072206
0.0095915
0.008583
0.0058304
0.0043479
0.0039107
0.0083828
-0.0005424
-0.0077979
0.0086447
0.0008876
-0.0012808
0.006427
0.00591
-0.0027059
-0.0010187
0.0055641
-0.0005022
0.0062302
0.0032973
-0.0097799
-0.0043116
-0.0074401
-0.0009004
-0.0014852
-0.002675
0.0070962
0.0054209
0.0097906
0.0037064
0.001452
-0.0084394
0.0068018
0.0034785
-0.0093578
0.003758
-0.003329
-0.0031025
0.0020363
-0.0090179
0.0028936
0.009736
0.0012894
0.006343
-0.0002584
0.0074232
-0.0018568
-0.0009026
-0.0096478
