0.0029786
0.0087178
-0.0024747
-0.0036091
0.0094558
0.0043411
0.0049364
0.0007814
-0.0009254
0.0071642
-0.0094116
-0.0002886
0.007457
0.0059723
0.0017572
0.0067651
-0.0046013
0.0043647
-0.0036956
0.0063868
0.0063122
-0.0059091
0.0031426
0.0077028
-0.0080898
-0.0047381
-0.0022212
-0.0060117
-0.0098379
-0.0059325
0.0009728
-0.0021533
-0.009344
-0.0092756
-0.0074514
0.0054709
-0.0017683
0.0003684
-0.0033364
0.0052509
0.0008061
-0.0028591
0.0003854
-0.0001874
0.009825
-0.0033608
0.0050582
-0.0009055
0.0084693
0.0080214
0.0017591
0.0014193
0.0095388
0.0035304
-0.0038862
0.0052549
0.008763
0.0089929
-0.0022225
-0.0068411
-0.0098093
0.0043028
0.0034598
0.0012033
-0.0015242
-0.0025474
-0.0032356
0.0022596
0.0081673
-0.0012169
-0.0023915
-0.0009932
0.0053586
-0.0036455
0.0067381
0.0092956
-0.0004053
-0.003701
-0.0085649
0.0081873
-0.0065527
-0.0098086
-0.0059145
-0.0051208
-0.0058414
-0.0004006
0.0099902
0.0062375
0.0065694
0.0078094
-0.0051735
0.0009257
-0.0091727
-0.0019064
0.0071467
0.0097875
0.005512
-0.009656
-0.0042754
-0.003339
0.0003718
-0.0013485
-0.0034996
0.001713
0.0020407
0.0096682
0.0093109
-0.0081746
-0.0098939
0.0008768
0.001169
-0.0029641
-0.0038493
0.0060471
-0.009569
0.0041353
0.0001072
0.0083961
-0.0072188
0.001875
0.0077572
-0.0010112
0.0012556
0.0090642
0.0040307
0.0081836
0.0057606
-0.0090479
0.0015532
0.0047021
0.0002555
-0.0059316
-0.0020372
0.0096442
-0.0083534
0.0013176
-0.0030859
-0.009729
-0.0032492
0.0043958
0.0039057
-0.0087849
-0.0031971
-0.0074141
-0.0052905
0.0023499
0.003462
0.0022844
0.0020334
-0.003158
-0.0029115
0.0053463
0.0010197
8.68e-5
0.0083314
0.004214
0.0099692
0.0089736
0.0023082
-0.0080755
-0.000684
0.0098751
0.0003717
0.0041273
-0.0043117
-0.0055855
-0.008806
-0.0032678
0.0075905
-0.0083014
-0.0011326
-0.0071462
-0.008311
-0.0099307
-0.0012159
0.0081093
-0.0034758
0.0076938
-0.0073909
0.0091214
-0.0061973
0.0029169
-0.0072046
0.009609
-0.0002307
0.0091215
0.0014856
-0.0002461
0.0037538
0.0072838
0.0087381
0.0053527
0.0084327
-3.88e-5
-0.0075191
0.0017407
-0.0030349
-0.0025123
0.0012031
-0.0044474
-0.0028986
-0.0054073
0.0060202
0.0025717
0.0025258
-0.0002805
0.0058455
0.0096228
-0.0030663
-0.0087114
-0.0063102
-0.001538
0.0090542
0.0034155
0.0055285
-0.0057309
-0.0029405
0.0064266
2.49e-5
-0.004526
0.0076875
0.0077012
0.0013012
0.0061535
-0.0075843
0.0055685
0.0013193
-0.0092159
0.0075287
-0.0090537
-0.0004965
0.0001875
0.0035906
-0.0002765
0.0013772
0.002134
0.0025056
-0.0032332
-0.0086943
0.0043873
0.0012185
0.0017145
-0.0025094
-0.00087
0.0075142
-0.0084638
-0.0026853
0.0082719
0.0047166
-0.0047972
-0.0054203
0.0055708
-0.0047874
0.0038856
0.004849
0.0046168
0.004315
-0.0024551
0.0062006
-0.0036742
0.0023293
-0.0043441
-0.0099538
-0.0078318
-0.0053083
-0.008181
-0.0040256
0.0025646
-0.0064388
0.0087795
-0.0013476
-0.0089101
-0.0086065
0.003121
0.007941
0.0017847
0.0018969
-0.0061538
0.0070017
-0.0055004
0.0039511
-0.0095903
0.0053065
0.0002658
-0.0049314
-0.0050668
-0.0057155
-0.0084425
-0.0060339
0.0084599
0.0042492
0.0010205
-0.0011431
-0.0041814
-0.0059786
0.0060167
-0.0085988
-0.0076506
0.0047869
0.006784
0.0023456
-0.0085041
-0.0091543
-0.0086092
-0.0079544
0.0093542
-0.0052446
0.0069227
-0.0042557
0.00976
0.0052147
-0.0097742
0.0039325
-0.0048672
0.0087975
0.0075728
-0.0008923
-0.008353
0.004608
-0.0071288
0.0055078
-0.0005796
-0.0036989
0.0023954
-0.0005147
-0.0073621
0.0077628
0.0072423
0.0016271
0.0042741
0.0061642
0.0079958
-0.0073651
-0.0020177
0.0010333
-0.0045129
-0.0082725
0.002303
0.0022577
0.0030127
0.0097773
0.0082197
-0.0046293
0.0005967
0.0045875
0.0043678
0.0068526
-0.0016446
-0.0087071
-0.0077443
-0.008242
-0.0036115
0.0011751
-0.0058744
-0.0045797
0.0099284
-0.0011672
0.0072339
-0.0056626
-0.0097121
0.0083839
0.0003154
-0.0032577
-0.0007053
0.0096828
0.0016394
-0.0008532
0.0095198
-0.0099899
-4.3e-5
-0.0083471
0.005117
0.0094821
-0.0006183
-0.0022314
-0.0055683
0.0032325
0.0080356
-0.0081604
0.0084486
0.0038392
0.0013941
-0.0033557
0.0099882
0.0051763
-0.0026479
0.0065961
0.0024663
0.009477
-0.0021728
0.0098142
0.0099037
-0.0018448
0.0047406
0.0094265
-0.0003855
-0.0015522
-0.0031792
0.0059916
-0.0004905
0.0080857
0.0079222
-0.0091071
-0.0037059
-0.0093438
0.0069302
0.0081345
-0.0001664
-0.0024884
-0.0025562
0.0088898
-0.0041857
-0.0094173
0.0021478
0.0041837
-0.009701
-0.0030708
0.0002598
-0.0003023
-0.0027494
0.0099357
-0.002493
-0.0048589
0.0009408
0.0043568
-0.0027881
-0.0067996
0.0058236
0.0013283
-0.0018858
-0.0027999
-0.0090798
0.0056598
-0.0015786
0.0090503
0.0004796
0.0080177
0.0089227
0.0047686
0.0004204
-0.0007294
-0.0075778
0.0062545
0.008371
-0.0010061
0.0042912
-0.0034693
0.0054724
0.0032528
-0.0026804
-0.0041675
0.0053229
4.59e-5
-0.0078596
0.0050134
0.0068015
0.0038056
-0.0085462
0.0046273
-0.0098885
0.0036997
0.0077866
0.0011952
0.0098767
0.0065504
-0.0005696
-0.0076053
-0.0035356
0.0020916
0.0080766
-0.0047691
0.0089617
0.0074744
-0.0008849
-0.0036471
-0.0064443
-0.0033722
0.0005109
-0.0044863
-0.0029171
-0.0087514
0.0089719
0.0025196
0.0001963
0.0025333
0.0025666
0.0064187
0.0008818
-0.0021451
0.0033374
-0.0089006
-0.0013371
-0.0084779
0.0093793
0.0052135
