-0.0065457
0.0025661
-0.0039376
0.0023034
0.0006272
-0.0051425
-0.0095968
0.0002398
0.0018156
-0.0075455
-0.008993
0.0044368
-0.0093193
0.0051648
-0.0013882
-0.0021681
0.0037013
2.33e-5
0.0053172
-0.0008547
-0.0002824
0.0067481
-0.0049256
-0.0043389
0.0082326
0.0087465
-0.0040093
-0.0036768
-0.0054003
0.0061928
-0.004465
-0.0063768
-0.003609
-0.0027972
-0.0045642
-0.0089573
0.0032649
-0.0059959
-0.002567
0.0086623
0.0021371
0.0071706
0.0046217
0.0005871
-0.0009114
-0.000965
-0.0026501
-0.0099272
-0.0089753
0.000722
0.0072876
0.0006296
0.0029202
-0.0079538
-0.0045076
-0.0018921
-0.0036614
0.0094308
-0.0072974
0.0030511
0.0092878
-0.0004948
-0.0074014
-0.0057316
0.0064823
0.0074265
0.0028265
-0.0045769
0.0010027
-0.009379
-0.0084643
0.0006385
-0.0063588
-0.0036963
-0.0050005
-0.0076619
0.0019331
-0.0016883
-0.0037774
0.0052045
0.0013309
-0.0076638
-0.0014673
0.0042526
-0.0079634
0.0037718
0.0007654
0.0041052
-0.0054841
-0.0023024
-0.0059796
-0.0034369
-0.0031512
0.0025865
0.0031352
0.0095679
-0.0033648
-0.0053352
-0.0074806
-0.0095837
0.0005743
0.00366
0.0053413
0.0042175
0.0014226
-0.0005482
0.0014151
0.0024861
0.0067996
-6.9e-6
-0.0029646
-0.0009974
-0.0039045
0.0003134
-0.004245
0.0034529
-0.0071249
0.0033884
-0.0099819
-0.0047506
0.0040225
0.0090532
-0.0009776
-0.0012553
-0.0082339
0.0037958
-0.0026669
0.00221
0.0008669
-0.0087181
0.0047446
-0.004002
-0.0099987
-0.0034561
-0.0075325
-0.0084479
0.0002228
-0.0015668
0.0060363
-0.0016983
0.0041648
-0.0033563
-0.0005879
-0.0060595
-0.0021992
-0.0030126
0.0055033
-0.00125
0.0009261
-0.0092818
0.0027857
-0.0030211
0.0072829
-0.006597
-0.0042485
0.0009195
9.62e-5
0.0069576
-0.0038972
0.0056964
0.0014458
0.005893
-0.0073568
-0.0068185
-0.0021643
0.0083829
0.0002753
-0.0012952
0.0065905
0.0014563
-0.0032561
-0.0035218
-0.001134
0.000814
0.0054306
-0.0029536
0.0093352
0.007653
-0.0049541
0.0072543
-0.0088784
-0.004147
0.0092218
0.0087373
-0.0049037
0.005993
-0.0042544
-0.0018964
-0.0038126
-0.0094959
0.0052465
-0.0086492
0.0058699
0.0049091
0.0083985
-0.0010035
0.0039471
-0.0074497
0.0056773
-0.0040063
-0.0001737
-0.0041378
0.0027899
0.0049066
0.0019246
-0.0035975
-0.0023915
0.0072044
-0.0027094
0.0068635
0.002668
0.0008799
0.0024149
-0.0083942
-0.0097518
-0.0037208
0.0091165
-0.0035465
-2.04e-5
0.0098802
-0.0049133
-0.0076214
-0.0051905
0.0080109
0.0062444
-0.0010673
0.000713
-0.0090403
-0.0095982
-0.0022281
-0.0096129
-0.0027438
-0.0040334
-0.0028563
0.0026465
-0.0021065
0.0033323
-0.0066004
-0.0023694
-0.0059351
0.0044252
0.0030597
-0.0038946
0.0073141
-0.0036198
-0.0050702
0.0049785
0.000462
-0.0062262
-0.0098727
-0.0043176
-0.0015119
0.0027164
-0.0039153
0.0082369
0.0027963
-0.009829
0.0098932
0.006451
0.0046229
-0.0031697
-0.0040626
0.0035123
0.0092422
-0.0064756
-0.002626
0.0093115
-0.0058626
0.006174
-0.006989
-0.0070623
-0.0049888
-0.0017521
-0.0036615
0.0008617
0.0094881
-0.0053561
0.0021797
-0.0069679
-0.0097416
0.0029412
-0.0049678
0.001064
0.0064233
-0.0010082
0.0074039
-0.0012606
-0.0075428
-0.0023632
0.0002013
0.0042839
-0.0045225
0.0092921
0.0050155
-0.0097014
0.0044592
0.0095708
0.0046168
0.0001016
0.0033701
0.0019072
0.0094378
0.0035939
0.0059926
0.0071012
0.008459
-0.0003264
0.007086
0.004692
0.0023131
0.0098841
-0.0096643
-0.0027649
-0.0087198
-0.0007782
0.0021223
0.0066096
-0.0007065
0.0074983
0.0087603
-0.0094205
0.0068344
0.0099579
0.0093885
0.0052487
0.0064676
-0.0029723
0.0072976
0.0098267
0.0078619
0.0023966
0.004826
-0.0088277
-0.0031904
0.0032145
0.0039752
-0.0054536
0.0083414
-0.0075095
0.0047508
-0.0061634
0.0020178
0.0062653
0.0015868
0.0076614
0.0025628
-0.0006387
0.001827
0.0031467
-0.0049664
1.7e-6
-0.0012346
0.0065071
-0.0058193
0.0045226
-0.0072478
0.0083013
-0.0019665
0.007177
-0.0003265
0.0001617
-0.0047989
-0.0046703
-0.0038514
-0.001615
-0.0006858
-0.0044841
0.0018946
-0.0074363
0.0092035
0.0061646
0.0022838
0.0038171
0.0037918
0.0027871
0.0076178
0.0033195
0.0058872
-0.0018884
0.0020088
-0.0037949
0.0025177
-0.0091483
0.0062491
0.0011472
-0.0011273
-0.0077218
-0.0099074
-0.0011673
-0.0075076
0.002136
-0.0029143
-0.0040729
-0.0003624
0.0057615
0.0028291
-0.0037674
-0.0019178
0.0053434
-0.0063263
-0.0020384
0.0044109
0.0022528
-0.0090997
0.0042738
0.0089012
-0.0091422
0.0047567
-0.0084886
-0.0017109
0.000575
-0.0086229
0.0093627
0.009418
-0.0007215
-0.0045964
-0.0053929
0.0019728
-0.0090619
-0.0011414
-0.009905
0.0043613
-0.0022181
0.0086174
-0.0095756
-0.0015017
-0.0054831
-0.0037398
0.0033006
0.0026462
0.0050863
0.0077192
-0.0056905
-0.0099506
-0.0017316
0.0076344
0.0088156
0.0098036
-0.0054634
0.0012839
0.0038994
-0.0058027
0.0088215
-0.0040492
-0.0022613
-0.009627
0.0052231
-0.0019799
0.0044019
-0.0097382
-0.0088854
-0.00872
-0.0039809
0.0019103
0.0058721
0.0023334
-0.0016971
-0.0012304
-0.004107
0.0024508
0.0033367
0.0070488
-0.0001981
0.003062
-0.0022869
-0.002477
0.0003872
0.0095682
0.0010754
-0.0049468
-0.003245
-0.0055484
0.0064547
0.0043583
0.001622
-0.0019114
-0.0013405
-0.0076353
0.0031779
-0.0087442
0.0028468
-0.0078103
-0.0067647
0.0053534
-0.0014772
0.0092578
-0.0010901
-0.0081038
-0.0063733
-0.0072374
-0.0035023
-0.007739
-0.0054201
0.0090198
-0.0087683
