-0.0033655
0.0014087
-0.0019836
0.0070396
-0.0008443
0.003448
-0.0087185
-0.0041735
-0.0010786
-0.0056326
0.0087691
-0.00674
0.0095118
0.0070384
0.0004182
0.004104
-0.0041181
0.0008482
-0.0022624
0.0078343
-0.0084647
0.0071556
-0.0044093
0.0020986
0.0021444
-0.0012925
0.005729
-0.0062036
0.0009077
-0.0026927
0.0070458
-0.0020776
-0.0096279
-0.0063956
-0.0071748
-0.0013083
0.0068191
0.0041825
0.0055181
-0.0009397
0.0046806
-0.0025361
-0.005046
-0.0059023
-0.0070859
-0.0033665
0.0073583
-0.0087185
-0.0019676
0.0084894
-0.001697
0.0005413
-0.0031003
0.0088487
0.0022644
0.0022084
-0.0034116
0.0021382
0.0031971
0.0083667
-0.000332
0.0035057
0.0037555
0.008206
0.0060034
-0.0071834
-0.006769
0.0049539
0.0039071
0.003249
0.0064918
0.0088757
0.0045061
-0.0054063
-0.006418
-0.0031435
0.0053679
-0.0032486
0.0073491
0.0062069
0.0005244
-0.0069046
0.0032456
-0.0007254
-0.0081718
0.0032002
-0.0082317
0.0068397
0.0043773
-0.0054382
-0.0034324
-0.0063109
0.0023014
-0.0006131
0.0096039
0.0058908
-0.0042005
0.008939
-0.0086375
0.0077418
0.0010642
0.0009181
0.009806
-0.0034009
0.0017904
0.0088144
-0.0010307
-0.008455
0.0066036
-0.0058472
-0.0032235
-0.006504
-0.0075481
0.0084996
-0.004229
0.0036665
-0.0075665
-0.0064242
-0.0095099
0.00235
-0.0070037
0.0014116
0.0086733
0.0090908
-0.0079905
-0.0076177
-0.0093892
-0.0062858
-0.0047205
0.0069542
0.0066922
-0.0085216
0.0041785
0.0095845
-0.0089515
0.0086625
0.0027091
0.0058085
0.0028344
-0.000611
0.002671
-0.0096786
-0.0047138
0.0020081
-0.0095661
-0.0097721
0.0093587
-0.0082175
0.0094103
0.0072465
0.0020466
0.0074754
-0.0050726
0.0059403
0.0014946
-0.0011247
-0.0045075
0.0026946
0.003352
-0.0093691
0.0088194
-0.0073073
-0.0082482
0.0075434
0.0002823
0.0079202
0.0018793
0.0049716
-0.0070282
-0.0010994
-0.0046352
-0.0017775
-0.0092945
-0.0092148
0.0010906
0.0024288
-0.0023735
-0.0080922
0.0017018
0.0026606
0.0062116
0.0003126
-0.0026747
0.0022634
-0.0091404
-0.0058719
0.0074552
-0.0035047
-0.0082134
-0.0091275
0.0061113
-0.0067935
0.0083535
0.0009765
-0.0016477
0.0034218
0.0030272
-0.0090752
-0.0096273
-0.002112
0.0060872
-0.0016787
0.0053479
0.0041557
-0.0072786
-0.0065349
-0.0012769
-0.0022525
0.0006693
-0.0030498
0.0079657
-0.0013355
-0.0002283
0.0094779
0.0063128
0.0071973
0.0096025
-0.0017404
0.0024753
-0.0073019
-0.0024148
0.0093308
-0.0077855
-0.0092746
-0.0001924
-4.56e-5
0.0053993
0.0038161
0.0084763
-0.0017596
-0.0096603
0.009201
0.0009355
-0.0046807
0.0084259
-0.0001513
-0.0069182
0.0040016
0.0035202
0.0022834
0.0057952
-0.0028189
-0.0058931
0.0058324
0.0024831
-0.003288
0.0053107
-0.0067995
-0.00173
-0.0036076
-0.0077449
-0.0040935
-0.0067475
0.006944
-0.0047911
-0.0024196
-0.0024892
-0.0007635
-0.0060734
0.0027279
0.0062837
-0.0004347
-0.0045736
0.0076322
-0.0015811
-0.004751
0.006384
0.0066608
-0.0009084
-0.0086154
-0.0051367
0.0028101
0.004164
0.0030546
0.0018284
-0.0069936
-0.0078331
-0.0095853
0.0086403
-0.0064357
-0.0056801
0.0018949
-0.0014887
-0.0051949
-0.0019177
0.0050967
0.0066084
0.0052117
0.0036988
0.000119
0.0096966
0.0032927
0.0049834
-0.0048206
-0.0090448
0.0075885
-0.0087146
0.0040937
0.0062037
-0.0010707
-0.0097019
-0.0038073
-0.0094629
-0.0039333
-0.0012332
0.0016232
-0.0052891
-0.0031351
0.0018477
0.0074051
0.007401
0.0039257
0.0054306
-0.0028443
0.0095047
-0.0029841
0.0041522
0.0051015
0.0077585
-0.009053
-0.0004059
0.0034872
-0.0085448
-0.0071372
-0.0005232
0.0027345
-0.0052607
0.0045736
0.0016404
0.0075509
-0.0047149
0.0024462
0.0065443
-0.0046465
0.0027361
-0.0034505
-0.0098491
-0.0028916
0.0037236
0.0098784
-0.0058197
0.0066604
-0.0096248
-0.0033836
0.0094126
0.0061677
0.0040186
0.0002551
-0.0049588
0.0084637
-0.0011283
0.0014857
0.0052377
-0.0016578
0.0019549
0.0075926
-0.0003042
-0.0004218
-0.0009065
-0.0002613
0.0023001
0.0053049
-0.0041154
-0.0002001
-0.0096893
-0.0011833
0.0080045
0.0096461
0.0056351
0.0039268
-0.0031844
-0.0040438
0.0002799
0.0058582
0.0038092
-0.0004009
-0.003761
0.0085313
0.0002342
0.0043211
0.0012454
-0.0010705
0.0096535
-0.0024744
-0.0032711
0.0054824
0.0027534
0.0009243
-0.0080871
0.0079445
-0.0070589
-0.0023346
-0.0042574
-0.0088424
0.0007688
0.0047199
0.0027465
0.0008596
-0.0007999
0.000986
-0.0061879
-0.0041672
0.0014047
0.0090136
-0.0035034
-0.0024684
-0.0018122
-0.0046532
-0.0050094
-0.001093
0.0094558
9.99e-5
-0.0017549
-0.0050616
0.0074954
0.0069179
-0.0049253
0.0062157
0.0080262
0.0076272
-0.0052647
-0.0034908
0.0097765
0.0052261
0.0086445
-0.0087741
-0.0048998
0.0061083
-0.0001583
-0.0034697
-0.0091892
0.0057702
-0.0090943
0.0055511
0.0047304
0.0039464
-0.0004379
-0.0090523
0.0030865
-0.0064771
0.0080111
-0.0028691
0.0017741
-0.0004751
0.0086691
0.0027699
0.0057811
0.001244
0.0016977
0.0076811
-0.0044089
-0.0015632
-0.0079982
0.0023175
0.0042966
0.0001795
-0.0056413
0.001928
0.0066306
0.0029084
0.0062903
-0.0046363
-0.0044517
0.0018201
-0.0015849
-0.0045478
0.007702
-0.003252
-0.003143
-0.0005238
-0.0024784
-0.0011314
-0.0043219
-0.0028548
0.0043116
0.0047677
0.0017959
0.0068604
-0.0076391
0.0022903
0.0033191
0.002918
-0.0007753
-0.0058987
0.0088966
0.009629
-0.0083341
-0.0034301
-0.0047967
0.0061632
0.0071701
-0.0080576
-0.0037063
0.0092428
-0.0080052
