-0.0056847
-0.0009014
0.0037536
-0.0068001
-0.006557
-0.0095641
4.65e-5
0.0032511
0.0006266
-0.0030974
-0.0048536
-0.0024301
0.0067576
0.0065415
-0.0064896
0.0095814
-0.0074435
-0.0022377
-0.0017571
-0.0097289
-0.0037669
0.001661
0.0015771
0.0002869
0.0004767
0.0076115
-0.0079952
0.0017834
0.0081216
0.0039996
-0.0057898
-0.0055515
0.0043883
-0.0053622
0.0061498
0.0001977
0.0057143
-0.0068874
0.0014647
0.0034426
0.0067821
0.0043171
-0.007894
0.0086419
-0.003028
-0.0093803
0.0069764
-0.0013974
-0.0070314
0.0053087
0.0090248
-0.0043391
-0.004914
-0.0034247
-0.0062377
-0.00154
0.0083103
0.0086332
-0.0036784
-0.0053554
-0.0079078
0.0034004
-0.0093399
0.0097355
-0.0031264
0.0075801
-0.0025233
-0.0016053
-0.0099631
5.61e-5
-0.0016437
0.0033496
-0.0003109
-0.0037672
-0.0069033
-0.0080104
-0.0012492
-0.0046335
0.003935
0.0002364
0.0097537
-0.0004061
0.0012745
-0.0060666
0.0085159
0.0062192
-0.0068264
-5.44e-5
-0.0091339
0.0062909
0.0098823
0.006114
-0.0055919
-0.0066555
-0.000995
-0.007726
-0.0094822
-0.0010392
0.0076498
-0.0088011
-0.0048702
0.006506
-0.0048013
0.0027306
0.0090005
0.0046484
-0.0075091
0.0057476
-0.0096065
-0.0039835
0.0073682
0.0044042
0.0027814
0.0092435
-0.0018711
-0.0063251
0.0013024
-0.0065432
0.000279
-0.0099525
0.0005206
0.0092939
0.0038873
5.72e-5
0.0089545
0.0037158
-0.0012536
0.0031566
0.0062057
0.0040488
-0.0078562
-0.0093843
0.0055563
-0.0074118
0.0049526
0.0099505
-0.0019305
0.0008435
-0.0082725
0.0063959
-0.0039816
0.0019992
-0.009611
-0.0033181
-0.0076904
-0.0004839
-0.0060051
0.0060168
0.0016265
-0.0095395
-0.0050113
0.0027086
-0.009228
-0.0025213
0.001927
-0.0025171
0.0024157
-0.0012409
0.0052841
0.0003795
-0.0068917
0.0027543
-0.0080261
0.0032629
0.0098228
0.0067184
0.0087389
-0.0057079
0.0055681
-0.0096469
0.0059326
0.0068795
-0.0018779
-0.0091145
-0.0001519
0.0016614
0.0044729
0.0051818
0.0095802
0.0082071
0.0058137
-0.0085576
-0.0001129
0.0094894
-0.0088551
0.0073707
-0.0091243
0.0003269
-0.0028784
0.0049681
0.0080806
-0.0086748
0.0056395
0.0078855
-0.0058772
0.0087619
0.004239
-0.0080348
-0.0090709
0.0088382
0.0019692
0.008155
-0.0027101
0.0029914
-0.0041175
-0.002145
0.0001202
-0.0008729
0.0001065
0.0033825
-0.0031533
-0.0023308
-0.0066201
-0.0061867
-0.0073354
0.0018407
-0.0081149
0.0034348
0.0001265
-0.0006
0.0019757
0.0090819
-0.0099299
-0.0082194
0.0085667
0.0018694
-0.0082255
0.0023189
-0.0018792
0.0048774
-0.0012425
0.0098887
-0.0044795
-0.0031706
0.0062867
0.0019946
0.0085282
-0.0009492
0.0065469
0.0094381
-0.0027417
0.007155
-0.0067391
-0.0057941
-0.003029
0.0038583
-0.0016151
-0.002739
-0.0045348
0.0026982
0.0053287
-0.0034298
0.008088
-0.0023346
-0.0045578
-0.006039
0.003972
-0.0072963
0.0071936
-0.0004629
-0.004267
-0.0012539
-0.0063581
0.0027314
0.0026962
-0.0012733
0.0025552
-0.0091463
-0.0013205
0.0004705
0.0027722
0.000753
-0.0047467
-0.0077909
0.0069703
0.0076427
-0.000196
0.0076524
0.0067854
-0.0046019
-0.000175
-0.0083079
-0.0066215
-0.0041781
-0.0037128
-0.0086611
-0.0036424
0.0007109
0.006556
0.0006569
-0.0080907
-0.0060085
0.0014818
0.003
-0.0068628
0.0063981
-0.0015884
-0.0027554
-0.0097272
0.0015522
0.0004897
0.0043781
0.0032708
-0.0055256
0.0062247
0.0053432
-0.0026281
-0.0096557
0.0033662
-0.0047191
0.0003001
0.0054832
-0.0028282
-0.0055051
0.003307
0.002833
-0.0093814
0.0037656
-0.0054649
0.0082963
0.0050131
-0.0008842
0.0016086
-0.0045843
0.0054628
0.0027587
-0.0033227
-0.0069313
-0.0028698
-0.0064479
-0.0061308
0.0014643
-0.0004272
-0.0037869
0.0095921
-0.0069733
0.0009733
0.0008101
0.0053175
0.000123
-0.0020663
-0.0015449
0.0079384
0.0094029
-0.0050828
-0.0080728
0.0079828
-0.0089766
0.0003248
-0.0075748
-0.0081508
0.0031435
-0.0018819
0.0042539
-0.0046349
0.0037608
-0.0039117
0.0091235
-0.0094474
0.0060356
0.0076313
0.0054826
0.0026943
-0.0056598
0.0032921
-0.0077909
0.0013121
0.0038152
-0.0002459
-0.0008172
-0.0058844
-0.0026279
-0.0078358
0.0092367
0.0024309
-0.0009134
0.0092813
-0.0068548
-0.000568
0.0013446
-0.0064888
-0.0044938
-0.008657
0.0041564
0.0029405
-0.009956
-0.005972
-0.0052527
-0.0040454
0.0001802
0.0094694
0.0066212
0.0028362
-0.0036564
0.0020863
0.00953
-0.0047332
-0.0068715
-0.0048815
0.0097701
0.0071266
0.0086225
0.0097898
-0.0026914
-0.0073095
-0.0030755
-0.0088303
-0.0074645
0.0046068
-0.0020288
0.0065267
-0.0063047
0.0031607
0.0044092
0.0043415
0.0062021
0.0088108
0.0030981
-0.0095929
0.0056807
-0.0096994
-0.0010556
0.0033997
-0.0042121
0.0085942
0.0042447
0.0085468
-0.004917
0.0036619
-0.0060569
-0.0038798
0.0051575
-0.0014213
0.009641
0.0008972
-0.0090335
0.0045001
-0.0048066
-0.0004652
0.0085132
-0.0001858
-0.0040898
-0.0017215
0.0071874
0.0031281
-0.0089131
0.0069488
0.0045206
0.0001231
-0.0052806
0.0077723
-0.007502
-0.0017843
0.0043755
-0.0082853
0.0064932
-0.0046055
-0.0050693
-0.0005029
0.0033898
0.0090243
-0.0005855
0.0095724
-0.0004967
-0.0020645
-0.0061619
0.0036713
0.0096304
-0.0098277
-0.0043559
0.0023706
-0.0034632
-0.0083682
0.0094739
0.0096133
-0.0021113
0.0070639
0.007334
0.0075742
0.0025979
0.0042414
0.0040298
0.0075609
-0.0063492
0.0009066
-0.0036958
0.0055793
0.0099305
-0.0063505
0.0015218
0.0030179
0.0059198
-0.0086549
-0.0049284
0.0053331
