0.0073533
0.0034191
0.0037693
-0.0076509
-0.0080409
0.0029943
-0.0022349
-0.0048402
-0.002062
0.002403
0.0030108
-0.0085001
0.004909
0.0036842
0.0038431
0.0019112
0.0012496
0.0018627
0.0088959
-0.0045176
0.0062487
-0.0055363
-0.0037212
0.0045083
-0.0015441
0.0005229
0.0077835
0.0028097
-0.0074337
-0.0066558
0.0056291
0.0021755
-0.0035738
0.0050047
-0.0098947
0.0089542
-0.0014698
0.0041539
0.0055414
-0.0016589
-0.0029106
0.008233
0.0020762
-0.0060207
0.0078684
0.0030284
0.006956
0.0067459
-0.0065717
-0.0009517
-0.0062478
-0.0008635
-0.0020664
0.0012595
-0.0095385
0.002851
0.0052964
0.0020813
-0.0053983
-0.0016371
0.0088406
0.0072865
-0.0052589
0.0029189
-0.0032373
0.0085486
-0.0005981
-0.0086306
0.0054239
0.0063877
0.0012946
0.0003029
0.0024278
-0.0003023
-0.0029974
-0.0052803
-0.0058949
-0.0005269
-0.0031247
0.0071043
0.0049282
0.0052665
-0.0069743
-0.0045011
0.0086489
-0.0006154
-0.0020046
-0.0075372
-0.0036034
0.0009125
-0.0027951
-0.0098717
-0.0074035
-0.0057251
-0.0018148
8.7e-6
-0.0023345
0.0036453
0.0084362
0.0034696
0.0025633
-0.0011216
0.0047167
-0.0074273
0.0047984
-0.0006145
-0.0050635
0.0090245
-0.0094114
0.0097137
-0.0084258
0.0038206
-0.0045947
-0.0040049
-0.0079376
-0.0045655
0.0008109
0.0055589
-0.0063692
0.0003278
-0.0033286
-0.0059625
0.0090771
-0.0032512
-0.0056857
0.0061729
-0.0082145
-0.007303
0.0016491
-0.0070797
-0.003417
-0.0090303
0.007752
-0.0015014
0.0090421
-0.0039225
-0.0099786
0.0057973
-0.0002309
-0.0056866
-0.0090649
-0.0061869
0.0054735
-0.0014463
-0.0026269
-0.0011982
-0.0094397
-0.0087268
-0.0057528
-0.0096003
-0.0080491
0.0085913
0.0051788
0.0070041
-0.0015043
-0.0081857
0.0015621
0.0037831
-0.0041671
-0.0058837
0.0023795
-0.0047248
0.0080359
-0.0075166
-0.0013882
-0.0088453
-0.0031992
-0.0039256
-0.0085309
0.0010109
-0.0055963
-0.0086885
0.0028276
-0.0029985
0.0052088
0.0081623
0.0035662
-0.0012079
0.0054072
-0.0047109
-0.0097933
-0.0023502
0.0064977
0.008009
-0.0079474
-0.0049704
0.0061164
0.0067607
0.0090442
0.0061485
-0.0087795
-0.0065731
0.0063396
-0.0044493
-0.0062951
0.003765
0.006718
0.0045149
0.0058999
0.0056976
-0.0003187
-0.0049594
-0.0059454
-0.0076848
-0.0090124
-0.0021062
0.0094472
0.0094479
-0.0056377
-0.0055132
-0.0080476
0.0093271
-0.0092693
0.0041099
0.0088687
0.0035189
-0.0045626
0.0006856
-0.0065765
-0.0093981
0.0074488
-0.0097185
-0.0098645
-0.0081609
-0.0056936
0.000653
-0.0063399
0.0021478
-0.0082035
-0.0094733
0.0015575
0.0024976
-0.0086448
-0.0096677
0.0038259
-0.0017777
5.01e-5
-0.0057298
-0.0074305
-0.0072614
-0.004709
-0.0095449
0.0093994
0.0087377
0.0070048
-0.0034808
0.0081345
-0.0015383
-0.0031456
-0.0063758
0.008623
-0.0045002
-0.0011915
0.0075907
-0.0033838
-0.0099642
-0.0066267
0.0074666
0.0008773
0.009188
-0.0058428
-0.0020635
-0.0071586
0.0037228
-0.0016852
0.0008506
0.0066447
-0.000169
0.0014529
0.0094327
-0.0029124
-0.0041251
0.0071276
-0.0049778
-0.0028926
-0.0092909
-0.0035816
0.0079197
0.0039495
-5.57e-5
-0.0035239
-0.0057205
0.0043302
0.005262
-0.0076397
0.0032517
0.007637
-0.0031976
-0.0051947
-0.0032553
0.0033393
0.0055074
-0.0066519
-0.0017001
-0.0033633
-0.0038561
-0.0082018
-0.008783
0.0047349
-0.0036536
0.0074195
0.0051029
-0.0093979
-0.0020558
0.0052763
0.0018994
-0.0066266
0.0041959
-0.0046813
-0.0018223
-0.0053929
0.0025141
-0.0037763
-0.0077481
-0.0078538
-0.0033947
-0.0099897
0.0022112
-0.0097339
-0.0014384
-0.000502
-0.0034648
0.0044338
0.0032969
-0.0037565
0.0071159
-0.0050334
-0.0088059
-4.8e-6
0.0069073
0.0007259
-0.0081417
0.0059516
-0.00697
-0.0074939
0.0068538
-0.0075738
0.0029863
0.0061814
-0.0046874
-0.0023431
0.0011883
0.0038856
-0.009564
0.0080219
-0.0007563
0.0029409
-0.0005852
-0.0032313
0.008279
0.0066091
-0.0091461
0.0024385
0.0089006
0.0057766
-0.0048884
0.0092632
-0.0039769
-0.0056539
-0.0069537
-0.0069983
0.0007112
0.0037893
6.2e-5
0.0084586
0.0062497
-0.0067019
0.0007312
0.0063564
-0.00105
0.0042929
0.0095463
0.007435
-0.0030219
-0.0053752
-0.0001953
0.005563
-0.0011881
0.0071954
0.0084986
-0.0091932
0.0053046
0.0091155
-0.004311
-0.0030308
-0.0099598
0.0081839
-0.0072611
-0.0086788
-0.0070722
0.0008914
-0.0001249
-0.0021124
-0.0092088
-0.0034098
0.006882
-0.0093385
-0.0043746
0.0063582
-0.0008367
0.0020319
0.0014949
-0.008426
-0.0029797
0.0008875
0.0004772
0.0029197
-0.0001174
0.0032241
-0.0004224
0.0008191
-0.0098693
-0.0028316
-0.0022353
0.0023017
0.0094295
-0.0071412
0.0094592
-0.0029698
-0.0034205
0.0006508
-0.0063351
0.0073206
-0.0016751
-0.0034668
-0.003579
0.0079182
0.0044285
-0.0093557
-0.002427
-0.0037879
-0.0061616
-0.0059659
0.0069447
0.0038967
-0.003394
0.0065597
0.0065911
-0.0008922
0.0020755
-0.0037556
0.0064346
-0.0009256
0.0040908
-0.0078459
0.0013614
-0.0049981
0.0020464
-0.0056843
0.0010691
-0.00323
-0.0064401
0.0010801
0.0049494
-0.0098947
0.0066573
0.0083236
-0.0077857
-0.0003461
-0.0039687
0.0045749
-0.008153
-0.0031071
-0.0028661
0.0097541
0.0052207
-0.0094308
-0.0007271
-0.0055901
7.43e-5
0.0049601
0.0003771
0.0005595
-0.0001632
-0.0072963
0.0043419
0.0017877
-0.0028883
-0.0084644
-0.0079445
0.0096977
-0.0052203
-0.0063919
0.0085309
-0.0006246
-0.0038937
-0.0069354
0.0053662
0.0051818
0.0013306
0.0035223
-0.0036419
-0.0073535
0.0067795
0.0079457
