-0.0033992
-0.0096899
0.0084248
0.0023859
-0.0006125
0.0032459
-0.0042646
-0.0001483
-0.004358
-0.0097638
-0.0078535
-0.0086871
-0.0041878
-0.0033376
-0.0047569
-0.0035106
-0.0086938
-0.0084663
-0.0053203
-0.0002184
-0.0015284
-0.0088222
0.0086312
-0.0090702
0.0094677
0.0050753
-0.008753
-0.0010611
-0.0008353
-0.0069297
0.0075721
0.0012507
-0.0080367
0.0019009
0.0042396
7.4e-6
0.0021859
-0.001941
-0.005245
0.0020829
0.0003566
-0.0014973
0.001656
-0.0019488
0.0060093
0.0001484
-0.0071418
0.0014429
-0.0060722
0.0078807
-0.0028668
0.0089461
0.0065387
-0.0038995
-0.0093333
0.0056647
-0.0076165
0.0067575
0.0076772
-0.0092715
0.0099921
-0.0094387
0.0032813
-0.0034417
-0.0029136
-0.0022122
-0.0021374
-0.0031818
-0.0054411
-0.0027405
-0.0019544
0.0053527
0.0049544
-0.0045499
0.0004418
0.0060834
0.0015932
-0.0034528
-0.0089475
0.0099799
0.0012099
-0.0085184
0.0092576
-0.0020726
0.0046606
-0.0067041
0.0041473
-0.0002716
0.0086083
0.0068414
-0.0090601
0.0093691
0.0040878
-0.0061933
-0.0070129
-0.0073694
-0.0037109
-0.007492
-0.0004273
-0.007255
-0.0071287
0.007515
0.0059947
-0.0020542
0.0045975
0.0099704
0.0014576
-0.0085176
-0.0080283
0.0008025
-0.0057755
-0.008088
-0.0082506
0.0097265
0.0098349
-0.0040093
-0.0041626
0.0077606
-0.0086054
0.007546
-0.0057496
0.0025488
-0.0095638
0.0070467
-0.0075142
0.0067234
-0.0053076
0.0010865
-0.0087343
0.0010111
-0.0019152
-0.0074164
0.0077112
0.0093119
0.0037191
0.0028427
-0.0096852
-0.0039739
0.0091269
0.0010044
0.0058009
0.001167
-0.0071232
0.009562
-0.0033628
0.0043477
0.0036693
-0.0040672
-0.0060827
-0.0023957
0.0025882
0.002078
0.0082226
0.0002978
0.0030061
0.0033491
0.0032953
-0.0018338
-0.0029529
-0.0034321
-0.0035326
0.0061884
0.0091463
-0.0057031
0.0056967
-0.0015975
0.0013719
-0.0042013
0.0020618
-0.0068664
-0.0053747
-0.0098041
-0.0010001
0.000354
0.00941
-0.0064991
0.0011284
-0.0029444
-0.0032365
0.0011053
-0.0058516
-0.0074434
-0.0053697
-0.0073919
-0.0075034
-0.0032668
0.0075784
0.0044848
-0.0075051
-0.0080283
0.0050053
0.005179
0.0013886
0.0033197
-0.0098206
0.0021623
0.0052017
0.0001491
0.0042768
-0.0079051
0.0048957
-0.0007072
0.0059539
0.0046307
0.0029342
0.0046729
-0.0027107
-0.0043413
-0.0001994
-0.0077358
0.0053113
-0.0062203
6.21e-5
0.008712
0.0070284
-0.0017021
0.0057448
0.0090051
-0.0072052
-0.0015136
-0.003369
0.0028446
-0.0096598
-0.004588
0.0019077
0.0053008
0.007219
0.00615
-0.0077951
0.0073165
0.0085549
0.0006344
-0.0093483
-0.0066163
-0.0027531
-0.0047995
0.0083044
0.0067954
0.0034507
0.0092332
0.0022383
0.0053622
0.0014846
0.00372
-0.00307
0.0070541
-0.0019321
-0.0015217
-0.0005836
-0.0015104
-0.0088761
-0.0079328
-0.0018176
-0.0020467
0.0095211
-0.0021833
-0.0076951
0.0056486
0.0011191
-0.0025244
-0.0058815
0.0064321
0.0087569
-0.0036622
0.0095167
-0.0066236
0.009375
0.0058906
-0.0033054
0.0029363
0.0059854
-0.0036158
-0.0064205
-0.0019571
0.0035544
-0.0001148
-0.0004108
0.0062931
0.0030927
0.0020985
0.0051917
-0.0003342
-0.0036503
-0.0006281
-0.0035097
-0.007104
0.0078735
-0.0038218
-0.0011767
-0.0068686
0.0097579
-0.0074093
0.0043489
0.0069553
0.0053195
0.004777
-0.0072707
0.0062489
0.0041752
0.0099124
0.0039032
-0.0068467
0.0069836
-0.0050067
0.0040727
0.0014451
-0.0072003
-0.0038025
-0.0002974
-0.0087433
0.0061059
0.0040811
-0.0063823
-0.0044059
-0.0034542
0.0078778
0.0044409
-0.0078272
-0.0057142
0.0099107
0.0003782
-0.0041446
0.0042779
-0.0066176
-0.0077524
-0.0087241
-0.002612
-0.0012266
0.0064951
0.0097188
-0.0058733
-0.0079605
0.0044737
-0.0049186
-0.0088493
0.0098524
0.0024511
-0.0025675
0.0069239
-0.0001447
0.000576
-0.0075857
-0.000739
-0.0081269
-0.0050607
-0.001852
0.0023488
-0.006246
0.0045984
-0.0016045
-0.0092296
-0.006332
-0.006549
-0.0061575
0.0041594
0.0079523
0.0004511
-0.0066267
-0.0052522
0.0009288
-0.0005301
-0.002852
-0.0096449
-0.006548
0.000996
-0.0039303
0.0045739
0.0069645
-0.009061
0.0050475
-0.0096835
-0.0024181
-0.004717
0.0013462
0.005095
-0.003052
-0.0058432
0.0005826
0.0036919
-0.0074727
-0.0046751
0.0003152
-0.0004811
0.0057444
0.0056886
0.0067945
-0.0076871
0.0052381
-0.0039693
-0.0089715
-0.0006065
9.39e-5
0.0069765
-0.0027823
-0.0098776
-0.0008774
-0.0062017
-0.0095122
-0.0041036
0.0027728
-0.0066633
0.0014703
-0.0061438
0.0040162
-0.0049878
0.0062743
0.0011207
-0.0088882
0.0038002
0.0013814
0.0051545
0.0029912
0.0025469
-0.0049042
0.0056765
0.0057013
-0.0086709
-0.0054022
-0.0093596
0.001174
0.004721
-0.0073771
-0.0041287
0.00189
-0.0095284
0.0055136
-0.0008658
0.0098951
-0.0043066
0.0099522
-0.0045158
-0.0054827
-0.0084018
-0.0042525
-0.0090399
0.0011881
0.0017104
0.0020271
0.0013899
0.0024621
0.0062207
-0.005921
0.0019529
0.002716
0.0099448
0.0048145
0.0099951
0.0096289
0.0048659
0.0049216
0.0092219
-0.0038756
-0.0071654
0.0006097
0.0003746
0.0067087
0.0055434
0.0092972
0.0079409
0.0036804
-0.0058205
0.0075381
0.0071548
-0.0037848
0.0066141
0.0016782
-0.0068732
0.0008812
0.0060562
-0.0089915
-0.0032332
-0.0083668
-0.0080246
-0.0073203
0.0080121
-0.0097616
2.0e-5
0.0011257
-0.0033884
-0.0089505
0.0084702
-0.0054229
-0.0031462
-0.0094058
-0.0004736
0.0044308
0.0078465
0.0011074
-0.0050961
-0.0046305
-0.008477
-0.0006163
0.007129
-0.0076784
-0.0045697
