-0.0083996
0.0094316
0.0041193
0.0004592
-0.0079791
0.0003887
-0.0037832
-0.0094192
-0.0030569
0.0025327
0.0039633
-0.0062946
0.0053077
0.00078
-0.0003417
0.0048999
0.0083141
-0.0056743
0.0083104
-0.0082162
-0.0002241
0.0097574
0.0005411
0.0047525
-0.0083833
-0.0055387
0.003267
-0.0027449
-0.0054169
-0.0008265
0.0023162
0.0029399
-0.0049125
-0.0033087
0.0010313
-0.0082819
0.0040633
-0.0089642
0.0031334
-0.0066329
-0.0074138
0.0007073
-0.0044081
-0.0075045
0.0055316
0.0053158
0.0097097
0.0009728
-0.0024463
-0.0063764
-0.0007906
0.0064309
0.0043886
0.0014978
0.0007087
0.0033074
0.0018538
0.0093512
-0.0026063
-0.0080802
0.0020224
-0.0053992
-0.0050871
-0.0017009
0.0055217
-0.0088941
-0.0006984
-0.0024209
0.0064221
0.0089898
-0.0047691
0.0038185
-0.0025629
-0.0011463
-0.0085777
0.0047906
0.0045072
-0.0049693
0.0030457
-0.0011418
-0.0069862
-0.0015857
-0.0042509
-0.0055524
0.0099128
0.0077752
-0.0092961
0.0051729
0.0033891
0.0082342
-0.0017565
0.0067011
0.0035611
0.0071845
0.0004116
0.0008561
-0.006541
-0.0065612
0.0068044
0.0056865
0.0051122
0.0080051
-0.0002353
0.0054673
-0.0056846
-0.0041026
0.0032539
-0.0051681
-0.0067603
0.0016067
0.0036332
0.0010071
0.0011987
0.0006888
0.0019378
0.0078636
0.0074111
0.0041389
-0.0075918
0.009587
-0.0018707
0.0089272
3.26e-5
0.0079152
0.001292
0.007926
-0.0082385
-0.0030316
-0.0097864
-0.0090372
0.002227
0.0054515
-0.0001184
-0.0067401
-0.0065287
0.0004117
0.0013352
0.0067505
0.0080995
-0.0049487
0.0019841
0.008683
5.46e-5
0.0057359
-7.21e-5
0.00617
0.0037148
0.0061967
0.0063265
-0.0074968
0.0095869
-0.0081547
0.0042969
-4.47e-5
0.0076656
0.0001046
0.0077315
0.0006399
0.0044023
-0.0040856
-0.0016764
-0.0029828
-0.0078685
0.0041524
-0.0027973
-0.0011906
0.007673
-0.0097123
-0.0007598
0.0054992
-0.0010079
-0.0081356
0.0064166
0.0024396
-0.004316
-0.0047818
0.0035846
-0.0099105
0.0069195
-0.0045862
0.0066105
0.0099139
-0.0015421
-0.0096592
-0.0083652
0.0094709
-0.0075375
0.0066554
0.0046061
-0.0055113
-0.0099903
0.0044981
0.0086522
-0.0008288
-0.0099792
-0.004499
-0.0059792
0.003745
-0.0028981
0.0040632
0.0045245
0.0007867
-0.0008932
0.009201
0.0042898
-0.0030416
0.0017641
0.006739
-0.0023379
0.0078353
-0.0004641
-0.0031133
0.0036736
-0.0079718
0.0026042
-0.0034295
0.0005079
0.0086349
0.0015082
0.0048466
0.008532
-0.0058088
0.0056589
-0.0051816
-0.0013255
0.0011699
0.0059018
-0.0048179
-0.0007802
-0.0002359
-0.0001302
-0.0074183
0.0023838
0.0088018
0.0078859
-0.0070837
0.0002727
-0.0034713
-0.0077167
0.0091463
-0.0092246
0.0089772
-0.008767
-0.0007576
0.0076744
-0.0029905
-0.0083478
0.0049008
-0.0081989
-0.0043037
0.0079683
0.0064831
0.0022225
-0.0032319
-0.0083306
0.0064746
-0.0071154
0.0014834
0.0060067
0.0081365
-0.003624
-0.0019077
0.0074585
-0.004948
0.0076446
-0.001471
0.0002691
0.007511
0.0094767
-0.0031871
-0.002407
-0.0028928
0.0073754
0.0054655
-0.0019195
-0.0078891
0.0072376
0.0036381
-0.0006231
-0.0050019
-0.0030383
0.0021284
-3.4e-6
0.0078794
0.0034899
0.0097395
-0.0072526
-0.0030192
0.0026379
-0.0016246
0.0071633
0.0065962
0.0047309
0.0067645
0.0008973
-0.0036413
0.0080385
-0.0040861
-0.0019509
-0.003858
-0.0071414
0.0085614
0.0064893
-0.0068536
-0.0039547
0.0025828
0.0032228
0.0092458
-0.0053815
-0.0039977
-0.0091378
-0.0056887
-0.0069675
-0.0007451
-0.0023086
-0.0047213
0.0058215
0.0056214
-0.0076976
-0.0025934
0.0040297
0.0058086
0.0051645
-0.0069431
0.0018336
0.0009151
-0.0036989
0.004022
-0.0053934
-0.0043466
0.0024554
0.0074961
0.0073861
-0.0092264
0.0032379
-0.0043055
0.0095428
-0.0097073
0.0054828
0.0009487
-0.0080805
-0.005352
0.0092847
-0.0080728
-0.0007672
0.0017133
0.0020826
-0.0036921
-0.0074655
-0.0075816
-9.45e-5
0.0032706
0.0056448
-0.0006679
0.0008382
0.0048228
-0.0028165
0.003859
-0.0090248
-0.0070603
-0.0061345
0.0099773
0.0065477
0.0021818
-0.0030858
0.0049693
0.006356
-0.0091634
-0.0095978
0.0018794
0.0090458
0.0080241
-0.002593
-0.0007014
-0.0092352
-0.0065893
0.0041574
0.0081589
-0.0081182
-0.0046416
-0.0056404
-0.008469
0.0035841
-0.0068874
0.0085137
0.0071913
0.0084848
0.0087951
-0.0008168
0.0034916
0.0038948
0.0070889
-0.0045814
-0.0054684
0.0013121
0.0013555
-0.0098957
-0.0026957
-0.0099331
-0.0019843
0.0046081
-0.0086192
0.0008298
-0.0022269
0.0074463
0.0029117
0.0066007
0.0046378
-0.0033918
0.0042249
0.0062959
0.0099452
0.0028811
0.0036372
0.0073502
-0.0060366
-0.0007229
0.007954
-0.0044668
-0.0067183
0.0091233
-0.0048247
0.0015213
-0.0022807
0.0025571
-0.0070007
0.0084474
-0.0064733
-0.0074888
0.0082767
-0.0027544
-0.0037013
-0.0015496
-0.0028274
0.0017177
0.0009551
0.0027588
0.0044807
0.0085887
0.0041789
-0.0002038
0.0006923
-0.0075099
0.0064688
-0.0075388
-0.0036796
0.0087904
0.0053233
0.002949
0.003976
0.0032897
-0.0014698
0.0073263
0.003374
-0.0044457
-0.0041251
-0.0018417
0.0033532
0.0055335
0.0085027
0.0069622
-0.0028927
0.007548
-0.0075831
-0.0048867
0.0020732
0.0011782
-0.0008332
0.0068058
-0.0017763
0.0037844
0.0003138
0.0057195
-0.006792
0.0097974
0.0065902
-0.0001422
-0.0023764
0.0084562
-0.0062877
-0.0062773
0.0076527
-0.0035445
-0.0024241
-0.0038582
-0.0002035
-0.0026612
0.0016219
0.007518
0.0007762
0.0041775
-0.0027038
0.0001697
0.0001229
0.0004505
