-0.0073773
0.0020356
0.0017743
-0.0021512
0.0079572
0.0012683
-0.0026202
0.0014062
-0.0013008
0.0092611
0.0029707
0.0064169
-0.006541
0.0063166
0.0088689
-0.0066632
-0.0020709
0.0059983
0.0084389
0.0068785
0.0002073
-0.0068436
-0.0042034
0.0014208
0.0022435
-0.0085633
-0.0034253
0.0015255
0.0005998
0.0085823
-0.0042483
-0.0082716
0.0095655
-0.0032165
0.0072974
-0.0008171
-0.0007644
0.0017643
-0.0053084
-7.29e-5
0.0024036
-0.0076953
-0.0051489
0.002486
0.0069291
0.0003283
0.0044637
0.0028643
-0.0071563
-0.000273
0.0066203
0.0027648
0.0051938
-0.0098538
-0.0057588
-0.0039481
-0.0069278
-0.0016207
0.0072677
0.0070801
0.0099086
-0.0069698
0.0020285
-8.45e-5
0.0071939
-0.0074447
0.0087536
0.0047346
0.0083052
0.0084856
0.0082718
-0.0017721
0.0054006
0.0063572
-0.0023478
0.0056312
-0.0055866
0.0058468
0.0095917
-0.0041975
-0.0082079
-0.0083027
0.0049487
-0.0079019
-0.0084368
0.007397
-0.001266
0.0051925
0.003277
0.0007243
-0.0099321
-0.0051425
-0.0062541
-0.0024078
0.0081863
0.0061899
0.0049786
-0.0080977
0.0029726
0.0030917
-0.0009694
0.0062384
0.0067513
0.0065733
-0.0058959
-0.0076862
-0.0028726
-0.0083958
-0.0033278
-0.0091582
-0.0065079
0.0013514
-0.0025137
0.0080535
-0.0032326
7.15e-5
-0.0055592
0.006845
0.0047616
-0.0040914
0.0059948
-0.0087263
-0.0067903
0.0057888
0.0010342
-0.001955
0.0097475
0.0089832
0.0090112
0.0095414
-0.0050188
0.009655
-0.0002525
-0.0051678
0.0080687
-0.0069771
0.0098112
0.0084291
-0.0021925
-0.0092486
-0.0009909
-0.007266
0.0089683
0.0036011
-0.0061884
-0.0069571
0.0077574
0.0069582
0.0063583
0.0054214
-0.0031595
0.0093045
-0.0037335
-0.0052507
0.0079438
0.0017712
0.0016734
-0.0007585
-0.0046827
-0.0088143
-0.0056005
0.008876
0.0036774
0.0011873
0.0068464
0.0084169
0.0052667
0.00965
-0.005747
-0.0055153
-0.0021039
0.0014485
0.0099716
0.0055146
-0.0094395
0.0063833
0.0025868
0.0063587
-0.0049474
-0.0072299
0.0038087
-0.0075371
0.002516
-0.0049235
0.0004397
-0.0078353
-0.0012328
-0.0052854
-0.0018869
-0.0053041
0.0005467
0.0061526
-0.0017531
-0.0057991
0.0026892
-0.0062035
-0.0082967
0.0047332
-0.0005596
-0.0009858
0.0008989
-0.0074977
-0.0080065
-0.0019039
-0.0032615
0.0053377
0.0015239
-0.006485
-0.0086593
-0.0094427
-0.0076688
-0.0016812
0.0037537
-0.0073172
0.0091055
9.28e-5
-0.0081592
-0.0090351
-0.0024178
-0.0054758
0.0012266
-0.0037128
0.0030602
0.0033474
0.0062526
0.0099659
0.0096184
0.0071563
-0.0048312
0.0072343
0.0051055
-0.006413
0.0085179
0.0039813
-0.0093568
0.0052012
-0.0010991
0.0031417
-0.0055049
0.0091936
0.0057433
0.0081088
0.0068706
0.0084894
0.0012731
0.008425
0.0054279
0.0092777
0.0080582
0.0066462
-0.0054654
0.0032764
-0.0054679
-0.0003067
-0.0035823
-0.0009425
0.007677
-0.0078609
-0.000534
0.0028197
-0.0096795
-0.0086529
-0.0079847
-0.0029284
0.0060508
0.0069146
0.0026833
-0.0023088
0.0027188
0.0053273
0.0005633
0.0099935
0.001808
-0.0099878
-0.0001164
-0.0048371
0.0033997
0.0092103
-0.005448
0.0019957
-0.0058876
-0.0062523
0.0086256
0.0080879
0.0031819
0.0047216
0.0021717
0.004214
0.0066317
0.0082281
0.0003654
0.0060975
0.0060594
0.0079316
-0.0036905
0.0028754
0.0064195
0.0007658
-0.0074281
0.0053252
0.0005743
0.0003066
-0.0037525
-0.0016324
0.0004618
0.0022446
0.000455
0.0068719
0.0084474
0.0020885
0.0065794
-0.0040096
-0.0001446
0.0024579
-0.0097817
-0.0062345
-0.0059562
0.0082447
0.0001336
-0.0026949
0.0029456
0.004189
0.0006443
0.0059695
0.004058
-0.0087353
-0.004222
-0.0022782
-0.003076
0.0088489
0.0074908
0.0041854
0.0039744
0.0041186
0.0018649
-0.0014793
-0.0086068
2.5e-5
0.0059026
-0.0083986
0.0039611
-0.002808
0.0033349
-0.0074267
-0.0019399
0.0008541
-0.009755
-0.0044446
-0.0029449
0.0033581
-0.0086695
-0.0046849
-0.0028786
-0.0021347
0.0064752
-0.004148
-0.0025902
0.0008315
-0.0017861
-0.0049387
0.0009606
-0.0043361
-0.0061526
-0.0028525
-0.006269
0.0079099
0.002825
0.0064371
0.0017155
-0.0038669
0.0065405
0.0092255
0.0081637
-0.0063411
0.0087836
0.009947
-0.0069738
0.0047064
-0.0094086
0.0043602
0.0034018
0.0038227
0.0019438
0.0030723
-0.0030329
-0.0088155
-0.006995
0.0021806
-0.0071384
0.0030359
-0.0020404
0.0068754
-0.0021034
0.0046623
-0.0036375
-0.0083063
-0.0040269
-0.0044905
0.004791
-0.0034891
-0.001225
-0.00656
-0.0097083
0.0020756
0.0067197
-0.0066399
-0.0096273
-0.0055947
0.0066826
-0.0048884
0.0008597
-0.0001122
0.0078858
0.0023089
-0.0080327
-0.0008646
0.0071106
0.0049707
-0.0079373
0.0081981
-0.0031388
-0.0044781
-0.001833
0.0054106
-0.0091411
-0.0029522
0.0076324
-0.0041382
-0.0022841
-0.0009054
-0.0096244
0.0061807
-0.00367
-0.0097672
0.0030438
0.0039022
-0.004699
0.0053086
-0.0015806
-0.0072247
0.0010929
0.0014372
0.0098528
0.0003561
0.0035436
-0.001947
0.0029032
-0.0037534
0.0058592
-0.0096387
-0.0056106
0.0003631
0.0046232
-0.0028178
-0.0050156
-0.0099518
0.0025368
0.0026694
-0.008572
0.0085698
-0.0069702
0.0041606
-0.0088028
0.0022
-0.0070023
-0.005711
0.0065398
0.0009737
0.0013683
-0.0083507
-0.0008993
0.0031906
-0.003225
-0.002874
0.007705
-0.0049045
-0.0033199
-0.0055175
0.0052253
0.0031667
-0.0084441
0.0010644
0.0040296
-0.0054168
-0.0009716
0.0075036
0.0049302
0.0050036
-0.0032664
9.54e-5
0.0059302
-0.0084008
-0.0055193
0.0011008
0.0010982
