0.0080663
0.0068903
0.0097422
-0.0059037
0.0004222
0.0016285
-0.0046254
0.0016292
-0.0083842
0.002589
0.0034034
-0.0079905
0.0058722
0.0041743
-0.006293
-0.0096777
-0.0093923
-0.00501
0.004996
0.0088277
0.0085842
-0.0060129
-0.0026023
-0.0067962
-0.0041077
-0.0026714
-0.0055147
0.0062725
0.0090131
0.0079786
-0.009503
0.0076588
0.0087567
0.009795
-0.0069663
-0.008768
-0.0006656
0.0030724
0.0053172
-0.0069119
-0.0052427
0.0055576
-0.0058025
-0.0011165
0.004416
0.0036965
0.0033193
0.0007339
-0.0020071
-0.0042733
0.0021226
0.0026126
-0.0019387
0.0078093
0.00475
-0.0077839
0.0096828
-0.0002963
0.0062753
0.0083712
-0.000764
-0.0007115
0.0076287
0.0008071
-0.0068079
-0.0023267
0.0025749
-0.0016447
0.0096487
0.0097262
0.0045032
0.0061116
0.007987
0.0064161
-0.0080443
-0.0009292
0.0031613
0.0075971
-0.0024029
-0.005389
-0.0047558
0.0032496
-0.0097623
-0.0030654
-0.0013098
-0.0064119
0.0066293
-0.0061598
-0.0019252
-0.0042928
-0.0010603
0.0014782
-0.0039354
-0.0070792
-0.0013079
-0.0092373
-0.0066601
0.0020525
0.0058752
-0.0097461
-0.0032213
0.0049464
0.0067968
-0.0017303
0.0071445
-0.0020449
0.0051643
-0.0012412
-0.0025276
-0.0077126
-0.000943
0.0053727
-0.0008137
-0.0069511
0.0047936
-0.0027509
0.0087586
-0.0059021
0.0077452
-0.0058885
0.0097329
-0.0084333
0.0034437
0.0094868
-0.0030831
-0.0021419
0.0038895
-0.0041892
-0.0086869
-0.0023586
-0.0040111
0.0056581
-0.004425
0.0028819
-0.0082196
0.0086363
0.0025965
-0.0051365
0.0009645
0.0018351
0.0064291
0.006581
0.0089303
-0.0052281
0.0015781
0.005358
0.0065062
-0.0060066
-0.0015532
0.0074183
0.0056825
-0.0083757
-0.0026641
0.0071222
-0.0042819
0.0093755
-0.0087592
-0.0027774
0.0018544
-0.0079268
0.0043466
0.0084632
0.0049338
0.0041309
0.0009489
-0.0002015
-0.0058395
0.0039916
0.005028
0.0041388
-0.0097311
0.0038661
-0.0017903
0.0092538
-0.003774
0.00098
0.0085878
-0.0012471
0.0084554
-0.0012557
-0.006331
-0.0077332
-0.0058781
-0.0095058
6.23e-5
0.0021407
-0.0020396
0.0020144
-0.0071858
-0.0053042
-0.0043007
0.0018296
0.0091287
-0.0014106
-0.0071602
-0.0015386
-0.0010769
-0.0069183
0.0066673
0.0082212
-0.0049087
0.0064769
0.0038098
-0.0029104
0.0070282
0.0007748
-0.0082081
0.0082514
0.0006378
0.000359
0.005944
0.0066356
0.0007179
-0.0062033
-0.0027216
-0.0017818
0.0018351
0.0010965
0.0058537
0.0029017
-0.0092158
0.0084389
0.0005175
0.0051262
0.0084665
0.0051002
0.0038478
0.0075219
0.0099598
0.0042555
0.0054288
-0.0065174
-0.003543
0.0024751
0.0092283
-0.0084586
-0.0051018
0.0076811
0.0005663
-0.0052301
0.0048323
-0.0013153
0.0077672
1.27e-5
0.0056544
0.0028992
0.0051355
0.0045153
0.0083348
0.0082725
0.0041267
-0.001848
0.0015013
0.0078638
0.0062764
0.0076412
-0.0015461
-0.0006041
-0.0090336
0.0079459
0.0004353
0.0005191
-0.0096067
0.0038792
-0.0083863
0.0042506
-0.0025812
-0.0085034
0.0095867
-0.00951
-0.0011126
-0.0095556
-0.0038454
0.0085812
-0.0048471
0.0015837
-0.0043855
-0.0009841
-0.0020567
0.0012022
0.0002845
0.0009849
-0.0058579
0.004986
-0.0023074
0.001801
0.0014801
-0.0098654
0.0047478
0.0095019
0.0003266
0.0084825
-0.0068208
-0.0035841
0.0056285
0.0037652
0.002501
0.005514
0.0065608
0.0064926
-0.0090511
-0.0052005
0.0095189
0.0027025
-0.0054308
-0.0070715
0.0044596
-0.0052096
-0.0031235
0.0009093
0.0016431
0.008547
0.0022513
-0.0017401
0.0009257
-0.0060206
-0.0009477
-0.0021741
-0.0048256
0.0002195
0.0040674
0.0079754
-0.0025446
-0.0051523
-0.0003341
-0.0073672
0.0005487
-0.0003938
0.0001092
-0.0087383
-0.0064998
-0.0079023
-0.0071613
0.0036376
-0.0014296
-0.0043182
-0.0030874
0.0019301
-0.0002065
0.0088538
-0.0094644
-0.0008502
0.0078032
0.0013565
0.0028605
0.0020106
0.0050057
0.0074239
0.0029359
0.0016009
-0.001018
-9.98e-5
0.0045514
-0.0087866
0.009613
0.0002452
-0.0020958
0.0060861
-0.0028929
-0.002877
0.0090774
-0.0099095
-0.0006957
-0.001179
0.0058665
-0.0055121
-0.0073078
-0.0078297
-0.0059399
-0.0003532
0.005697
-0.0062177
-0.0059365
-0.0047551
0.0023949
-0.0036267
-0.0019576
0.0056029
-0.0094451
-0.0077072
0.0031531
0.0078073
-0.0029176
-0.0059898
0.0034161
-0.0097308
0.0067965
0.0030349
0.007339
0.0098887
-0.00065
-0.0083755
0.0015031
0.0016234
0.0083225
0.0069099
0.0012624
0.0017154
0.0071046
-0.0002814
0.0090605
0.0002361
-0.0028768
0.0038367
-0.006055
0.0039438
-0.0085136
-0.005798
0.005717
0.0059805
-0.0055151
0.0058878
-0.004501
-0.0096389
-0.0060083
0.0065874
-0.0010227
-0.0025858
-0.001656
0.0067621
-0.0061036
-0.0091132
-0.0079232
-0.0047301
0.0051625
0.003196
0.0052817
-0.0091439
-0.0061589
-0.0055396
0.0076477
0.0071158
-0.0012127
-0.0055747
0.0073562
0.0092051
0.0047465
-0.0029913
0.0057918
-0.0005117
0.0095752
0.00581
0.0054506
-0.0034078
-0.0050424
-0.0065035
0.0058244
-0.0014987
-0.001507
0.0098326
0.0041568
-0.0027349
0.0022954
-0.0027696
-0.003025
-0.0031543
0.0014532
-0.0053725
0.0013937
0.0078978
-0.0030625
-0.0056152
-0.002133
-0.0054993
0.0070483
-0.0082365
-0.0023178
-0.0006472
-0.0092458
-0.0006479
-0.0043687
0.0007449
-0.0002595
0.0050697
0.0073954
0.0056333
-0.0070905
0.0055285
0.0051818
0.0013055
-0.0008602
-0.0008352
-0.0064298
-0.0076785
0.0094017
-0.0059254
-0.002261
0.0050428
-0.0055777
-0.0047002
0.0057025
-0.0010902
-0.0072431
0.0094588
0.0098239
