-0.0091801
0.0016479
-0.007461
0.0021957
-0.0085379
-0.0029177
-0.0062769
0.008808
0.001479
0.00568
0.0060952
0.0026597
0.0024833
-0.0078027
-0.0085992
0.0016239
0.0046797
0.0013533
0.0091714
0.0050736
0.0070484
-0.0098086
-0.0053628
0.0036495
2.37e-5
0.0034326
-0.0044373
0.0048662
0.0012227
0.004274
-0.0086888
-0.0057826
-0.0031852
-0.0091418
0.0059989
-0.0069271
0.0079799
0.0046022
-0.0021569
0.0045378
-0.0005232
-0.0057888
0.0072977
-0.0099685
-7.34e-5
0.0073563
-0.0020043
0.0052777
0.0054311
-0.0037263
0.009679
0.0058675
-0.0022805
0.0076649
-0.0058217
0.0049297
-0.0037997
0.0014273
-0.0096366
-0.0066865
0.0084063
0.0062452
0.0019543
0.0075891
-0.0021774
0.0087333
0.0072486
-0.0052129
-0.0027518
0.0069385
0.0087012
0.0054789
0.0052688
0.0025494
0.0017
0.0068191
0.0022316
-0.003191
-0.0027885
-0.0024202
0.0085778
0.0056598
-0.0071516
0.0003405
-0.0066459
-0.0085307
-0.0037152
0.0008486
0.006953
-0.0050165
-0.0007358
0.0062018
-0.0037888
0.0046503
0.0079102
0.0044526
-0.0054879
0.0048322
0.0058295
0.0046333
-0.0079246
0.0016624
-0.0001586
-0.0095178
0.007283
0.0013511
0.0079939
0.006352
-0.0075418
0.0019096
-0.0025595
-0.0080531
0.0008035
0.0046289
-0.0023693
0.0057555
-0.0063202
-0.0063126
-0.003545
0.0036346
0.0057631
-0.0053954
-0.0068429
-0.0067955
-0.0006318
0.0083878
0.0002811
-0.0075575
-0.0011452
0.0017485
-0.0023905
-0.0004044
0.0023542
0.0088722
-0.0081225
-0.0035146
-0.0051254
0.0054762
0.0051103
-0.0018295
0.0060285
-0.0025193
0.0022392
-0.0077095
0.0019477
0.0063043
-0.004571
-0.0092905
0.0098298
-0.0093952
-0.0063193
0.0029897
-0.0024832
-0.0008985
0.0077802
-0.0026831
0.006463
0.0076909
-0.0004742
-0.0084056
0.0018636
0.0037313
-0.0060064
0.0090282
-0.0075495
-0.0042033
-0.0006092
-0.0007481
0.0086587
0.0023916
0.0049053
-0.009611
0.0008938
0.003607
-0.0084929
-0.0062789
0.0093753
-0.0075412
0.0097335
-0.0050127
0.0081359
0.0013059
-0.007919
-0.0019314
-0.0054525
0.0078112
0.0033176
0.0083885
0.0014117
0.0050932
-9.8e-6
0.0063442
-0.004642
-0.0021024
-0.0091885
-0.0070227
0.0059303
-0.0001861
-0.000126
0.0005881
-0.0015227
-0.0006459
0.0051851
0.0060184
0.0060857
-0.0055378
0.0048224
-0.0036084
-0.0082382
0.00336
0.0027718
0.0020495
-0.0029687
0.000849
-0.00316
0.0010218
0.0086944
-0.0059379
-0.0053415
-0.009127
0.0046905
0.0042641
-0.0098329
0.0059595
0.0003
-0.001705
0.0083083
0.0014544
0.0059437
0.0037079
-0.0078508
0.0084623
0.0071529
-0.0031282
0.0062326
-0.0046128
0.0049313
0.0047005
0.0089973
-0.0096767
-0.0021975
-0.0098091
0.0095944
-0.0028557
-0.0037652
0.0020159
-0.0087156
-0.0030765
-0.0036423
0.003145
-0.0058583
0.0099238
-0.0089476
-0.0063442
-0.0031638
-0.0001855
-0.0093441
-0.0025646
0.0090156
0.0030912
0.0097537
0.0036198
-0.0084639
0.0046839
-0.0007835
0.0086424
0.0037643
0.0063391
0.0042612
-0.0088882
0.0007234
-0.0014967
-0.0062832
-0.0075296
-0.0070586
0.0017743
0.0004181
-0.0065918
0.0055073
0.0026608
-0.0057336
0.0084829
0.001778
-0.008586
-0.0037075
0.0045941
-0.004568
0.0087303
0.0057906
0.0063913
-0.009616
0.005142
-0.0088404
-0.000671
-0.0057834
0.0005142
-0.0072607
-0.0061344
-0.0050231
0.0019493
0.0022719
-0.0067411
0.0033266
0.0045097
0.0049839
-0.0056764
-0.0091742
-0.0068244
0.0037679
0.0091339
0.0030972
0.0058749
-0.002766
-0.0060423
-0.0004425
0.0085589
-0.0016868
0.0019892
0.0049978
-0.0094743
-0.0002853
0.0056544
0.0047974
0.0021675
-2.45e-5
0.0035141
-0.0038879
-0.0018549
-0.0089736
0.0056554
0.0060899
-0.002237
-0.0095132
-0.0081549
0.001527
-0.0022252
-0.0067752
0.0017968
0.0032644
-0.0039756
0.0084939
-0.0025163
0.0034956
-0.0067974
0.0036544
-0.0034775
0.0028741
0.0017061
0.0099602
0.00772
-0.0056668
-0.0038797
-0.006382
0.0053699
0.0040171
0.0092627
-0.0074281
-0.0075956
0.0040009
0.0070452
0.0077816
0.0026378
-0.0093959
-0.0036422
-0.0065646
-0.0082642
-0.002701
-0.0054335
-0.0086597
0.0036348
-0.0098949
-0.0008959
-0.0013311
0.0045829
0.0032477
-0.0073531
0.0040151
-0.0008852
-0.0016221
0.0078131
0.0066293
-0.0092885
-0.0061326
-0.0010921
-0.0006307
-0.0014135
-0.0039536
0.003749
-0.0025617
-0.0028669
-0.0035266
-0.0019456
-0.0094138
0.0040481
0.0017037
0.001727
0.0089062
-0.0062274
0.0036087
-0.0026061
0.0027597
-0.0015504
-0.0007232
0.0046228
0.0025723
-0.0049273
-0.0081248
-0.0058719
-0.0097267
0.0072335
0.0022266
0.0079593
0.0064762
-0.0065713
-0.005708
-0.0041277
0.00024
0.0039814
-0.0098604
-0.0001531
0.0013605
0.0064522
-0.0098371
-0.0005076
-0.0051312
-0.0056628
-0.0011457
-0.0063059
-0.0098903
0.0041206
0.0083509
0.0021775
0.0048043
-0.0056311
0.0090405
0.0080243
0.0078495
0.0015702
0.0085254
0.0056695
-0.0030344
0.0093177
0.0090264
-0.0091859
0.0008167
-0.0007177
0.0059691
-0.0038578
-0.0021049
-0.0042305
-0.0054501
0.0068315
-0.0074838
-0.0073163
0.0030476
0.0084288
-0.005693
-0.0059181
-0.0085735
-0.0095844
-0.0099981
-0.0057523
-0.0031639
-0.0097453
0.0060567
-0.0071482
-0.0055479
-0.0075648
-0.0011452
-0.0044643
-0.0018855
-0.0097198
-0.0078543
-0.0069484
-0.0088747
-0.0032267
0.0028459
0.0093194
0.0029724
0.0050268
-0.0099568
-0.0050169
-0.004156
0.0087287
-0.005362
0.0092714
-0.0097394
0.0020637
-0.0050981
-0.0018461
0.0052262
0.0074964
-0.0070079
-0.0040149
0.0018946
