0.0077336
-0.0093123
0.0019255
0.0041523
0.0082323
-0.0037064
0.0086794
-0.0007588
-0.0053396
0.007833
0.0084312
0.0040704
-0.0072587
0.0028269
0.0074418
-0.0002017
-0.0070688
0.0079718
0.00545
0.0049214
-0.0047214
-0.0038687
-0.005509
-0.0096453
0.0034057
0.0071469
-0.0015191
0.0001968
0.0051514
-0.0055961
0.0038567
0.009725
-0.004035
-0.0020013
-0.0082247
-0.0094336
-0.0042472
-0.0004771
0.0042926
-0.0041045
0.0078592
-0.0086894
-0.0085374
0.0063908
0.0006491
0.0070057
0.0098144
0.0063957
0.0002479
-0.0024331
-0.0038846
0.0023777
-0.0031469
-0.008887
-0.0047209
0.0037949
-0.0052805
0.0051155
-0.0024634
-0.0047944
0.0062184
0.0057851
0.0045939
-0.0044583
-0.000208
0.00049
0.0003738
0.00374
-0.0005125
-4.02e-5
0.0006247
0.0030749
-0.0088737
0.0034681
-0.0012451
-0.0009334
0.0014354
-0.0068648
-0.001457
-0.0093966
0.0060831
0.0070213
0.0066944
-0.0038405
0.0043005
0.0029676
-0.0025536
-0.0063972
-0.0038927
-0.0025205
0.0058412
0.0074633
0.0042624
0.0068203
0.0065879
0.0075505
0.0046537
-0.0050671
0.0077705
-0.0063233
0.0091852
-0.0053674
0.0028652
-0.0092247
0.0072155
0.0081689
0.0030492
0.0093659
-0.0028681
0.003558
0.0089424
-0.0053132
0.008695
-0.0059332
-0.0069481
-0.0076459
0.0085601
-0.0033799
0.0095421
-0.0046278
0.006146
0.0094551
0.0082333
0.0016182
-0.0047336
0.0043423
-0.0097056
0.0066851
-0.001067
-0.0040748
0.0086502
-0.005672
0.0050521
0.0070933
0.0015993
0.0085397
-0.0043641
0.0068515
-0.0008039
-0.009047
-0.0002443
-0.0017151
-0.0022782
0.0083007
-0.0004281
-0.0033263
-0.0090763
0.0015733
0.006227
-0.0043411
0.008821
-0.0022125
-0.0016138
-0.006345
0.0087311
-0.0076726
0.0077988
-0.0029614
0.0080727
0.0078945
-0.004433
-0.0071344
-0.0052649
0.0074727
0.0062729
0.0055449
0.0033904
0.0004472
0.0016526
-0.0047726
0.0015136
-0.0045439
0.0013243
0.0003876
-0.0043084
-0.0024327
0.0010575
-0.0075569
-0.0063901
-0.0095383
-0.0064625
-0.0043072
-0.0089474
0.0006408
0.0091763
-0.0077797
0.0037665
-0.0031542
0.0077955
0.0096328
-0.0079165
-0.0030969
0.0077988
0.0011842
0.0054261
-0.0065946
0.0090394
0.0097352
0.0098208
-0.0042954
0.0011322
0.0054822
0.0064244
-0.0071667
-0.0085249
-0.0074827
-0.0072139
0.0039703
0.0050385
0.0026956
0.0073775
0.0035187
0.0055087
-0.0028626
-0.0099364
0.000608
-0.005098
0.0014178
-0.0036119
0.0010453
0.0061185
-0.0037648
-0.0064092
-0.0013164
-0.0027623
-0.0055446
-0.0047647
0.0061779
-0.0069698
0.0007339
-0.0041161
0.0062459
0.0073455
-0.0033162
0.0064082
-0.005336
-0.0062037
0.0030405
-0.0058463
-0.0008049
0.0028271
-0.0002956
-0.004147
0.0073148
-0.0081347
-0.008324
0.0001207
-0.0036657
-0.0052182
-0.0011299
-0.0096509
-0.0042179
0.0054008
0.0063503
0.0023497
-0.0052203
0.0040694
-0.0009423
-0.0046664
-0.0019914
-0.0090016
-0.0030566
-0.0008683
0.0020631
0.0088762
-0.0078769
-0.0042267
-0.0061059
-0.0091979
-0.006021
0.0078657
0.0072815
-0.0086586
0.0078932
0.0011137
-0.0036614
-0.0099254
0.0047426
-0.0058734
0.0064507
-0.0013577
0.0018218
-0.0001899
-0.009255
-0.0069005
-0.0070733
0.0093916
0.0058753
-0.0045167
-0.0051755
0.0093636
0.0064021
-0.0076897
0.0050411
-0.0082543
-0.0021505
0.0077159
0.0051491
-0.0039414
0.0098752
-0.0093238
-0.0019069
0.0006407
-0.0052785
-0.0016144
0.0038945
0.0020306
0.0046256
0.0071759
0.0057888
0.0081157
-0.000945
0.0088206
-0.0036995
-0.0007628
0.0086653
0.0033278
0.0006919
-0.0058704
-0.0076468
-0.0057705
0.0086797
0.0004364
0.0049921
0.0053512
0.0076845
0.0019157
-0.0018223
0.0043833
0.0040754
0.0012543
-0.0071684
0.0045108
0.0076071
-0.0074444
-0.0023648
-0.0071681
-0.008904
-0.009889
0.0058442
0.0024878
-0.0065759
0.0077508
0.0072599
0.0001587
-0.0075023
0.0047229
0.0050789
-0.00866
-0.0050456
-0.0024357
0.0045043
-0.004935
-0.0098975
0.0097799
-0.0014876
-0.0002453
0.0094897
-0.007373
0.0077737
-0.0013111
0.0057645
0.0033151
-0.0015652
-0.008304
-0.0016252
-0.0096035
-0.0079129
0.0072384
-0.0032049
-0.005417
0.0072519
0.005176
0.0087157
0.0081334
-0.0037565
0.0063054
-0.0095726
0.0075606
-0.0071593
0.0035698
0.00276
0.0086346
-0.0085374
-0.0093248
0.0051203
0.0096165
0.0063532
-0.0050175
0.005632
-0.0085991
-0.0026482
-0.0093403
-0.0071994
0.0037559
0.00778
-0.0091864
0.0053255
0.0021897
0.0028346
0.002154
0.0006517
0.0055565
0.0060861
0.0033973
-0.0054699
-0.009628
0.0084786
-0.0001583
0.0028287
0.0079975
0.0054517
-0.0075292
0.0031539
-0.00873
-0.0004425
-0.0084702
0.004348
-0.00913
-0.0057001
0.0061697
0.0048649
0.004322
0.0024789
0.007213
0.0003678
-0.0091069
0.0028825
-2.84e-5
0.0084068
0.0067848
0.007165
-0.0035515
0.0066407
0.0056728
-0.0067133
-0.0099471
0.0002102
0.0062282
-0.0071368
0.0004251
0.0047326
0.0048418
0.0065674
0.0072778
-0.0057964
-0.0002302
0.0079864
-0.0010654
0.0001666
-0.0018314
0.0028696
-0.0090457
0.0053389
0.002413
0.0086228
-0.0080565
0.0099643
0.0021177
0.0077923
0.0043784
-0.0067531
-0.0011111
-0.0067453
-0.0026368
-0.0086694
-0.0021136
-0.0036386
-0.009402
-0.006836
-0.0070031
-0.0015778
-0.0023566
0.00705
-0.0060131
-0.0075497
0.0022499
-0.0041502
0.0093802
0.0084632
-0.0074964
-0.0058581
0.003551
-0.0097526
0.0082385
0.0076256
0.0087407
-0.005991
0.0022761
0.0064938
-0.0053028
0.0083205
-0.0018032
-0.0069739
0.0092986
