0.0062802
0.0010117
-0.0052567
-0.0018364
-0.0058723
0.0074826
0.000767
-8.09e-5
0.000527
-0.0065863
0.0003297
-0.0097948
-0.0013138
-1.88e-5
-0.0021794
0.0065329
-0.0086324
0.0094577
-0.0068982
0.0086384
0.0024158
0.0021213
0.0091659
0.0082921
-0.0010521
0.002219
0.0012668
-0.0094199
0.0069071
-0.0024712
0.0012982
-0.0080611
0.0026354
0.0088037
-0.0076033
0.0097881
-0.000898
0.00621
-0.0064583
-0.0013725
0.0055954
-0.0089132
0.0046863
0.0009227
-0.0089975
0.0026802
0.0079774
0.0065403
-0.0097342
-0.0032317
0.0048795
-0.0066353
-0.0004249
0.0051696
-0.0069379
-0.0034322
-0.0071309
-0.0005429
0.0015389
-0.0069174
0.002386
0.0050434
0.0062243
-0.0050373
-0.0074141
0.0057041
-0.0002206
0.0045007
0.0047453
0.0011477
0.0092497
-0.0060145
0.0020546
0.0021721
0.0057773
0.0047682
-0.0009685
-0.006329
0.0020005
0.0095428
0.0052532
0.0007599
0.0019896
0.0047526
0.0030733
-0.0061041
0.0046192
-0.0092971
0.0054403
-0.0068312
-0.000448
0.0047898
-0.0023205
-0.0058047
-0.0068282
-0.001626
0.0059649
0.0008275
0.004496
0.0045456
0.0085085
-0.007597
-0.002833
-0.0031647
0.0094154
-0.002471
-0.006661
-0.0084716
-0.0024091
-0.0093986
-0.0049595
-0.0006778
8.31e-5
-0.0068829
0.0048515
0.0066937
0.002631
-0.0020345
-0.0072534
0.0083368
0.0079942
0.0037513
-0.0074559
-0.0033748
-0.0020591
-0.0040283
0.0080952
0.0008086
0.008653
0.0071724
-0.0091323
-0.0056468
0.0020951
0.0050996
-0.0087987
0.0015506
-0.0043493
0.0081343
-0.0018608
-0.0050695
0.0007201
-0.0044028
0.0031766
-0.0021051
-0.001626
-0.0076903
-0.0040057
-0.0092038
-0.0087371
0.0070861
-0.0004731
0.0002282
0.0006062
0.002861
-0.0053587
-0.0061252
-0.005325
-0.0072776
0.0071854
-0.0067108
0.0003299
0.0020718
0.0071009
0.0047355
-0.0085171
0.0017247
0.0031572
0.0073958
-0.0081819
-0.0052631
-0.0020867
0.0056633
0.0044881
0.0031396
0.0094937
-0.0050893
0.0083397
-0.0044603
-0.0087213
-0.0087653
-0.0067807
-0.0005212
-0.0014263
-0.0067319
-0.0011835
0.0019796
-0.0096845
0.0018547
-0.0018881
-0.0034327
0.0094031
0.0073078
-0.0059369
-0.0039962
-0.0048476
-0.0028044
0.0020371
0.0023847
0.0060928
0.0092281
0.004314
-0.0079403
0.0022566
-0.0076406
-0.0037178
-0.0053407
-0.0028254
-0.0080187
-0.0024083
0.0081548
0.0028137
0.0013809
0.0006858
-0.0086007
-0.0006286
-0.000187
-0.0061823
-0.0091606
0.0007447
0.002022
-0.0066113
-0.0038755
-0.0059686
-0.0083477
0.0021997
-0.0027749
-0.0051823
0.0011966
0.0045402
-0.0012867
-0.009219
0.0037754
-0.0091155
-0.0054077
-0.0096468
-0.0085451
0.0051399
0.0097215
0.0044245
-0.0084313
-0.0073605
-0.0051583
0.0010972
0.0082593
0.0046577
0.0015516
-0.0066648
-0.0095586
0.0088094
0.007724
0.0089238
0.004471
-0.0095184
0.0036311
0.0020708
0.002822
0.0043395
-0.0060188
-0.0031665
0.0054016
0.0062079
-0.0062421
-0.0051948
0.0046583
-0.0070626
7.0e-7
-0.0077757
0.0014631
0.00529
-0.0035676
0.0008906
-0.0076665
-0.0011272
0.0095093
0.00639
0.0030085
0.008952
-0.0010293
-0.007643
0.0040577
-0.0080586
-0.0071199
-0.0018253
0.0012741
0.0019942
-0.0008786
0.0067891
-0.0073162
0.0075744
0.0053273
-0.0083046
-0.0068781
0.0031368
-0.0057108
0.0099631
0.0087841
0.0036644
0.0069863
0.0047276
-0.0052304
0.0068793
0.0085481
0.0044384
0.0096179
-0.0088758
-0.0042153
-0.0070866
-0.0092877
0.0049364
-0.0044365
0.0003761
0.0080736
0.0036484
0.0051146
-0.0022353
0.0076221
0.0099916
0.0076015
0.0028641
0.0047102
-0.0085163
0.0055972
-0.0026095
0.0094584
-0.0019313
0.0008716
0.0025233
0.0002038
-0.0031043
0.0058473
0.0021127
0.0046881
0.0065253
-0.0033016
0.0046733
-0.0011512
0.0055054
0.0071073
-0.0097641
-0.008632
0.0022814
-0.0020662
0.0018756
0.0074248
0.0079415
-0.0082599
0.0075364
-0.0094025
-0.0053912
0.0072658
-0.0015656
-0.0092243
-0.0097273
0.0088862
0.0094754
0.0082256
-0.000903
-0.0004724
0.0099243
-0.0079946
0.0077015
0.0092257
0.0033397
0.0010285
0.000485
-0.0027438
-0.0072428
0.006677
0.0038615
-0.0044391
-0.0051774
-0.0025236
-0.003953
0.007517
0.0061296
-0.0095678
-0.0052177
0.0022308
-0.0052721
0.0017648
0.0062311
0.0004892
-0.007656
0.0035392
0.0004845
-0.0084839
-0.0051236
-0.0092418
-0.0034765
0.0037337
-0.0098105
0.0069627
0.0031302
0.0074947
-0.0064444
-0.0091239
0.0037713
0.0091034
-0.0075733
0.0015202
0.0014509
-0.0011976
0.0076004
0.0010384
0.0075782
-0.0026798
-0.0088727
-0.0098554
-0.0010488
-0.0076664
0.0062918
-0.0089645
-0.0049331
-0.0054051
0.0070012
0.0032813
0.0028525
0.00058
-0.0065785
0.00701
-0.0065449
-0.0011337
0.0024962
-0.0059539
0.0035765
-0.0032072
-0.0070246
0.0062946
0.0084113
0.0097886
0.0002383
0.0060734
-0.0088108
-0.0063501
0.0097922
0.0004549
-0.0031604
0.0023146
-0.0060401
0.0020994
-0.0073771
-0.0010388
0.0070847
0.0070051
-0.0060441
-0.0090133
-0.0096584
-0.0078675
-0.0060705
-0.0060587
0.0081788
0.0070332
-0.0063437
-0.0071973
0.0020795
0.0070196
0.000226
0.0037444
-0.0012338
-0.0054849
-0.0070549
0.0037068
0.0009042
-0.0047111
-0.0055865
0.0041899
-0.0077467
0.0032601
0.003573
0.0012022
0.0095419
0.0005146
-0.0004599
0.0040684
0.009129
-0.0078784
-0.0058137
-0.0071667
-0.0010856
-0.0043917
-0.0049414
0.003413
0.0070138
-0.0052571
0.0052564
0.007043
0.0030924
-0.0038294
0.0042722
0.0017785
-0.0099675
-0.0072088
-0.0047819
0.0095142
0.0099206
