0.0094865
-0.0019616
0.0093251
-0.0091273
0.0087484
0.0048141
-0.0022081
0.0068873
-0.0097433
0.0043796
-0.0016571
0.0048906
0.0086132
-0.0070427
0.0021476
-0.0015046
0.0029052
-0.0002799
0.009306
0.0098418
-0.0041784
-0.0086599
-0.003982
0.0072243
-0.0036869
-0.0099167
-0.000887
-0.0034969
0.0069768
-0.0020023
0.0018273
-0.0040852
-0.0067877
-0.0008167
-0.0010389
0.0083084
-0.005655
-0.0059638
0.0032409
-0.0044149
-0.0099381
0.0042302
0.0084591
-0.0024821
0.009403
0.0003402
0.0079273
0.0029957
-0.0072775
-0.0057226
0.0049632
-0.0087268
0.008596
0.0057243
0.0032369
-0.0039076
-0.0034704
-0.0051116
0.0010709
0.0052095
0.0034179
-0.0090818
-0.0075644
0.0088203
0.0001466
-0.0096949
0.0029018
0.0069961
0.0070299
-0.004023
0.0068534
-0.0042612
0.0055048
-0.0043391
0.000695
-0.0048104
-0.004904
0.0008254
-0.0082148
-0.0039514
0.0025695
0.0046814
0.0049062
-0.007243
0.0030711
0.0046623
0.0018254
0.0030431
-0.0005186
0.0088341
-0.0029526
0.0019204
-0.0090834
-0.003771
-0.0026092
0.0022287
0.0026769
-0.0048082
0.0089713
0.0019088
-0.0076529
-0.0047195
0.0072261
-0.0052981
0.0069281
-0.0021357
-0.0070342
0.0052035
-0.0064226
-0.001042
3.37e-5
0.0064645
0.0026257
0.0066691
0.0029312
-0.0083053
0.0038575
-0.0064805
-0.0053359
0.0027364
0.0053952
-0.0030687
-0.0078482
0.0051761
-0.0003621
0.0032927
0.0053988
0.0066435
-0.0045066
-0.0017383
0.0034575
3.79e-5
-0.0061385
-0.0022955
-0.0070909
0.001012
0.0051282
-0.0046317
0.0052477
0.0058854
0.0049018
0.0092001
-0.009235
0.005639
0.0067914
-0.0069673
-0.0016233
-0.0031761
-0.0036587
0.0046624
0.0026943
0.0055101
-0.0062673
0.0038936
0.0058927
0.0014351
-0.0035563
0.0034563
-0.0091266
-0.0001184
-0.0026781
0.0003988
-0.0009032
-0.008877
0.0076043
-0.0092467
-0.0030985
0.0047387
-0.0002202
0.0038853
-0.0061143
0.0047029
-0.000515
-0.0079662
-0.0057316
0.0041233
0.003424
-0.0048294
-0.0072078
0.0091852
0.0043166
-0.0047083
0.0072763
0.0043672
-0.0082311
0.009378
-0.0058768
-0.0078695
-0.0012531
-0.0010471
0.0051325
-0.006328
0.0065071
-0.004747
-0.0014985
0.0081969
0.0018198
0.0062873
0.0078948
0.0061023
-0.0092838
-0.0028493
0.0028564
0.0040972
-0.0055856
-0.0080011
0.0041955
-0.0011434
0.0076348
0.0073829
0.0029946
-0.0092296
-0.003814
0.0056107
0.0097224
-0.0026956
-0.0039151
-0.008073
-0.0050064
0.0054533
-0.0088748
0.0072688
0.0048718
0.0046295
-0.0040941
0.007898
-0.0003055
0.0052518
0.0042021
-0.0013162
-0.0093177
-0.0078498
-0.0061703
0.0027419
-0.0060066
0.0026943
0.0063539
-0.0026515
-0.0047405
-0.0024584
-0.0095689
-0.0051367
-0.0088645
-0.0071721
-0.004771
0.0010235
-0.0095039
-0.0012598
0.004023
0.0096088
0.0063717
-0.0050268
0.0042321
-0.0088538
-0.0066109
0.0029088
-0.0072105
-0.0008742
0.0069806
0.0023054
-0.0084392
-0.0018323
0.0026545
0.0005261
0.0034557
0.003974
0.0082665
0.0096738
0.0064027
0.0003444
0.0048645
-0.009905
-0.0056398
0.0055706
0.0066234
-0.009122
-0.0075428
0.0098059
-0.0052887
-0.0054636
-0.0069264
-0.0009105
0.0056556
-0.0034045
-0.0013853
-0.0091242
0.0068758
0.0010264
-0.005149
0.0039827
0.0054515
0.0097485
0.008521
-0.0008405
0.0043112
0.0034244
0.0044591
0.0085799
0.0085263
0.0055261
-0.008692
0.0069234
-0.0043405
0.0095272
-0.0002527
0.0061479
0.0005643
-0.0012861
-0.0052634
-0.0026734
0.0076109
-0.00387
-0.0033967
-0.001773
-0.0086179
-0.001188
0.0006668
-9.22e-5
0.0021823
0.0079903
-0.0083095
0.0058496
0.0002845
-0.0057114
-0.0068774
0.0001938
-0.0019408
-0.0001443
-0.006582
-0.0085631
0.0033979
-0.0010731
0.0065314
0.009676
0.001243
-0.0095457
-0.0028532
0.0061214
0.0053001
0.0081781
0.005951
0.0010854
-0.0091945
0.0073636
-0.0079189
0.0001022
-0.0003464
-0.0070153
0.0092418
-0.000991
-0.0082506
-0.005731
0.0006679
-0.0046493
0.0086959
0.0076534
0.0085608
0.0011326
0.0023448
0.0071604
-0.0050827
-0.0005977
0.0091571
-0.002264
-0.0046621
-0.0094818
0.0043498
0.002042
-0.0040712
-0.0020036
-0.00633
0.0024312
-0.0053072
0.009826
-0.0020542
0.0096594
-0.0054977
-0.0075268
0.0037305
0.0047775
0.0070178
0.0055652
-0.0031021
-0.0028071
0.0030793
0.0033449
-0.0015738
-0.0099359
0.0073141
-0.0090783
-0.0083554
0.008226
0.0075358
-0.0008228
0.0069359
0.0063006
0.0086864
-0.0009669
0.0087695
0.0080928
0.0064248
-0.0051089
-0.0025098
0.0062478
-0.0093491
-0.0008408
0.0083447
0.000197
0.0009701
0.0014084
-0.0075493
-0.0026224
0.004845
0.009703
-0.0033458
0.0085631
8.03e-5
0.0094577
0.0040361
0.0086564
-0.008399
0.006324
0.0025061
-0.0082504
-0.0010104
0.0050385
0.0068347
-0.0019394
0.0068339
0.0069944
0.0008541
0.0016338
0.0044931
0.0083687
-0.0064987
-0.007096
0.0017369
0.0028939
-0.0086855
0.008645
-0.0058994
-0.0004438
-0.0019075
-0.0003814
-0.003442
-0.001684
0.0052396
-0.0017791
0.0091258
-0.0043369
-0.0023233
-0.0047044
0.0036836
0.000851
-0.0055746
0.0010032
0.006443
0.0091682
-0.001127
0.0024845
-0.0081327
0.0005598
0.0022352
-0.0081996
0.0090877
-0.0031678
-0.0052464
0.0040543
0.0074637
0.0072785
0.0095773
-0.0018002
-0.0037941
0.0018053
0.003846
0.0060287
0.0092146
0.0094538
0.0061374
-0.0081964
-0.0025552
-0.0047888
0.0041554
-9.77e-5
0.0004824
0.0077504
-0.0086908
0.009671
0.0064093
0.001235
-0.007219
0.0091583
0.0017624
-0.002017
0.0073453
