0.0075668
0.008268
0.0027141
0.0083833
-6.2e-5
-0.0087163
0.0096078
-0.0039836
0.0038955
-9.64e-5
-0.0024444
0.0005098
0.0088999
0.006741
0.0045779
0.0096514
0.0089086
0.006429
0.0081373
0.0016896
-0.0012282
0.0028504
0.0081178
-0.0016094
0.0065488
-0.0041412
0.0055928
0.006039
-0.0039496
0.0003226
-0.0003418
-0.0052754
-0.0015643
-0.0080356
-0.0057456
-0.0063997
0.0034181
-0.0037744
-0.0061528
0.0027228
0.0002171
-0.0094927
-0.0048621
-0.0090894
0.0007726
-0.0097469
0.0057467
-0.0099489
0.0028595
-0.0033864
0.0069561
5.12e-5
-0.0040768
-0.0018414
0.0047911
0.0034338
-0.0048068
-0.0001315
0.0090717
-0.0067407
-0.0065658
-0.0015668
0.0051111
-0.0024041
0.0053315
0.0088581
0.0064904
0.0003088
0.0057592
0.0097928
0.0084733
-0.0087008
-0.0023828
0.0074293
0.0023504
0.0029108
0.006127
-0.0062131
0.0098171
-0.0088425
-0.0069473
-0.0088889
0.0071553
-0.0041239
0.0060347
0.0012628
0.0033074
-0.0089983
0.0045637
-0.007718
-0.0076835
0.0072214
-0.0004422
-0.0025822
-0.0003607
0.0071805
-0.0022012
0.0019116
-0.0038292
0.0054652
-0.0062865
0.0081851
0.004731
-0.0082819
-0.002559
-0.0087496
0.0081498
0.0067975
0.007676
-0.0046359
-0.0060683
0.0007996
0.0025909
0.0004523
-0.0018577
0.0053956
0.0036897
0.0024691
0.0025659
0.0097806
-0.0061367
0.0075188
-0.000156
-0.0081678
0.0016054
0.0035781
0.0083449
-0.0072139
0.001011
-0.0049207
0.0008117
-0.0086308
0.0008326
-0.0095874
0.0018203
0.0063278
0.0041496
0.0094145
-0.0057561
0.0008357
0.0017253
0.0044953
-0.0059464
0.0010733
0.0050644
0.0036723
0.0082777
-0.0068672
-0.0002744
0.0030156
-0.0044588
0.0057006
-0.0018449
-0.005998
0.0046678
-0.0029035
0.0027198
-0.0091694
0.0012814
0.0080652
-0.0020674
-0.0067141
-0.0093818
0.0068369
-0.0008309
0.0077519
-0.0006073
0.0003181
0.0069306
0.00733
-0.0088115
-0.0080114
0.0017137
0.0059328
0.0004021
0.0038465
0.0064591
-0.0082087
0.0090832
0.0074782
0.0063322
0.0053076
0.0051676
0.0052935
-0.007067
0.0046811
-0.0026077
-0.003986
-0.0047756
0.008847
-0.0098523
0.0064307
0.0018816
-0.0058661
0.0065571
0.0094313
-0.0023513
-0.0009527
0.0080044
-0.006797
-0.0074794
0.0034396
-0.0067177
-0.0099303
-0.0028948
0.0038417
-0.0031747
-0.0046004
0.003763
0.0064476
0.00805
-0.0003923
0.0008933
-0.0069311
-0.003925
0.0043158
0.0017828
-0.0035091
-0.0067088
0.007893
0.0019149
-0.0083656
-0.0098325
0.0050698
-0.0083294
-0.007639
0.0035695
-0.0071174
0.0003689
-0.0075678
0.0029824
0.0042211
0.006018
-0.0005337
-0.0092127
0.003801
-0.0087438
-0.0046165
0.005323
0.0099627
0.0041789
-0.0031091
0.0043457
-0.0014518
0.0092266
-0.0002957
0.001198
-0.0090175
-0.0076914
0.0098829
0.0093356
-0.000647
-0.0015327
0.0075129
0.0097819
-0.0091121
0.0011962
-0.00698
0.0039935
-0.0093216
0.0051665
-0.0037515
0.0023341
-0.0009014
-0.0060771
0.003221
0.0081701
-0.0054734
-0.001317
0.0068013
-0.0039914
0.0089354
0.0095703
0.008679
-0.0040401
-0.0058845
0.0053432
-0.0011236
0.0014151
0.0088076
-0.002397
-0.0028144
-0.0078733
0.0008634
-0.0020949
-0.0002053
0.0098747
0.0079598
0.0002604
-0.0047586
-0.0007544
-0.006221
0.0030941
0.0090392
-0.00327
-0.00434
0.0010254
-0.0021452
0.0048691
-0.0081158
-0.009584
0.0043793
-0.0042096
0.0069726
-0.0049789
-0.0064516
0.0009864
0.0055694
0.0069512
-0.0063538
-0.0008078
0.0038862
-0.009835
0.0083118
-0.0099604
-0.002009
0.0034458
0.006772
0.0063042
0.0081386
-0.0021992
-0.0038376
0.0029938
0.0083712
0.0030749
-0.0098334
-0.008589
0.0097774
0.0017706
-0.008357
0.003088
-0.0090985
0.0019302
0.0035127
0.0038849
0.0080799
-0.0090534
0.0035569
-0.0043727
0.0084298
-0.005902
-0.0060977
0.0033693
-0.0002708
0.0064533
-0.0041141
-0.0038491
-0.0051423
-0.0029962
-0.0035491
0.0054222
0.0003007
-0.0083521
-0.0040918
0.0043308
-0.0030302
0.0029575
-0.0069122
0.0096801
-0.0063087
0.0013499
-0.0045131
0.0035684
0.0023401
-0.0088146
0.0050118
-0.0003453
0.0002616
0.0005021
0.0081905
0.0054618
-0.0073616
0.0029559
-0.0040461
-0.0046366
0.0027334
0.0065517
0.0081305
0.0096567
0.0086619
0.0084457
0.0089835
-0.007517
-0.0090383
-0.0086911
-0.008165
-0.0049121
-0.0070856
-0.0077423
-0.0025097
0.0082538
0.0041784
-0.0077543
-0.0079128
-0.0024456
-0.0077404
0.0011545
0.0049464
0.0077842
0.0090123
0.0084623
-0.0075564
0.0017863
0.0021207
-0.0048051
0.0078692
-0.0084518
-0.0021462
-0.0077142
-0.0065716
5.79e-5
-0.0054549
0.0039291
0.0019053
0.0072076
0.009144
-0.0012686
0.0076818
-0.0076053
-0.0064032
0.0069019
0.0036487
-0.0011806
-0.0012498
0.0042217
0.0095391
-0.0038528
0.0004653
0.0068482
-0.0070309
-0.0026876
-0.0043523
-0.0069874
0.0086555
0.0036537
0.0092255
0.0017621
-0.0055234
0.0030963
0.0037331
-0.0061254
-0.0078443
-0.0029525
-0.0088842
0.0045185
-0.0076745
-0.0069112
0.0079828
-0.0038654
0.0087588
-0.008952
-0.0018838
-0.009521
0.0073201
0.0033404
0.0041741
0.0076053
-0.0097355
0.0095283
-0.0074169
0.0077332
0.0055242
0.0025303
0.0032537
-0.0014314
0.0019073
-0.0064732
-0.0017092
-0.006526
0.0032205
0.0014769
-0.0012965
-0.0058365
-0.0099042
0.0048821
0.0038005
0.0087874
-0.0027122
-0.0003359
0.009259
0.0057942
0.0012454
-0.0022929
0.0079561
-0.0037
0.0034568
-0.0040561
-0.0051174
0.007227
-0.0091545
0.0018955
0.0046736
-0.0029154
-0.0080665
0.0033859
