0.0050187
-0.0014574
-0.002769
0.0038047
-0.0065616
0.0093233
0.0034206
0.0093218
0.0018718
0.006328
0.0071458
0.0077141
0.0018378
0.0062194
-0.0057971
0.0094397
-0.0055031
0.0092064
-3.14e-5
-0.0086953
-0.0082839
-0.008498
0.0051346
-0.0021189
-0.0009465
0.0086228
-0.0077575
0.0051973
-0.0027015
-0.0041587
0.0086583
3.06e-5
0.0064236
-0.0088502
0.0006059
0.0036346
-0.0044761
0.0032799
0.0012065
-0.0087247
0.0026028
-0.0025971
0.0083942
0.0029611
0.0041909
0.0057928
0.0014844
0.0087675
0.0030461
0.0075028
0.0005436
-0.0026067
0.0003547
-0.002479
-0.0048175
-0.0096995
0.0057438
-0.0027106
0.0077244
0.0031192
0.0032183
-0.0011065
-0.0023235
0.0098318
-0.002901
0.0054544
-0.0074103
-0.0085902
-0.007141
0.0057537
-0.0066905
0.0080294
-0.0041105
0.0094978
-0.0088629
-0.0094528
-0.0004375
-0.0073947
-0.0096524
0.0044597
0.0059647
-0.0094482
-0.0002867
0.0068034
0.0070805
0.0048164
-0.0093337
-0.004246
0.0052523
0.0061387
0.0002215
0.0063099
0.0092355
0.0072831
-0.0091584
0.0043703
-0.0016433
0.0074924
0.0067741
-0.0094514
0.0032224
-0.0047224
-0.0046742
0.0082108
-0.0021032
-0.0096584
0.0010848
-0.0046646
-0.0033978
0.0094657
0.0056068
2.5e-5
-0.0062866
0.0019493
0.0030296
0.0075099
-0.0016475
-0.0080488
-0.0094714
0.0080092
-0.0048008
0.0035919
-0.0047204
0.0004108
0.0025186
-7.35e-5
0.0007256
0.0075534
-0.0076527
-0.007311
0.003954
0.0075908
-0.0073046
-0.0005148
0.0035179
-0.0009344
-0.0009429
-0.0057904
-0.0060907
-0.0071943
-0.0054898
-0.0026714
-0.0091861
-0.0006654
-0.0091305
-0.007717
0.0075311
-0.0042465
-0.0059903
-0.0093529
0.005337
0.0004181
-0.0080349
0.0052663
-0.0046587
-0.0045955
-0.0030396
-0.0045377
0.0082387
0.0049666
0.0034702
0.0077889
0.0086786
-0.0094961
0.0073833
0.008741
-0.0098084
0.0080547
0.0063858
0.0042918
-0.0020933
0.0030206
-2.45e-5
-0.0038847
-0.0083162
0.008656
-0.0067447
0.0020804
0.0088054
0.0090162
-0.0020123
-0.0097354
0.0074342
0.002883
0.0069401
-0.0074117
0.0009986
0.008696
-0.0080341
-0.0053518
0.0026275
0.0048857
-0.0039687
0.0079151
-0.0073051
-0.0058911
0.0017026
-0.0074046
-0.0088449
-0.0093241
0.0008686
-0.0018351
-0.0043168
-0.0074797
-0.0034267
-0.0024676
-0.0021754
0.0036692
-0.0012277
-0.0038116
-0.0095818
0.0026614
-0.0099107
0.007842
0.0039236
0.0072156
0.0012457
-0.0023516
0.0085782
-0.0034456
0.0077161
-0.0018919
-0.0056801
-0.0083436
0.0004175
0.0013195
0.0009475
0.0064282
-0.0007757
-0.0075455
0.0086035
0.0004985
0.0072343
-0.006052
0.0077768
0.0065288
-0.009282
0.0067414
0.0055091
-0.0097411
0.0004693
-0.0073845
-0.0052234
0.0049094
0.0075125
-0.0017599
0.0028561
0.0074063
0.0067093
0.0031013
0.0085723
-0.00036
-0.0091539
0.0085151
0.0045129
-0.0004816
-0.0084276
0.0035318
-0.0035637
0.0005249
0.0024711
-0.002079
-0.0070365
0.0061027
0.0011322
-0.0090854
0.0022191
0.0079908
-0.0023105
0.0020036
-0.0063495
-0.0076218
0.0086809
0.0035832
9.99e-5
-0.0032431
0.0049648
-0.0023163
0.0086301
-0.0061147
0.007179
-0.0042373
0.0068846
0.0088564
0.0037221
0.005915
0.0003648
0.006743
-0.0020031
0.0019033
0.0013213
-0.0096351
0.0060098
-0.0068529
-0.0083371
0.0058957
0.0087313
-0.0031737
-0.0090911
0.0059331
0.006266
-0.0089283
0.0093173
0.0085263
-0.0093598
-0.0086452
-0.0030913
-0.0081386
-0.0032126
0.003474
0.0011759
-0.0015069
0.0017947
0.0074719
0.0069186
0.0005817
0.0020534
-0.0009398
0.0053094
0.0076501
-0.0069492
0.0077748
-0.0029751
0.002993
-0.0088833
-0.0014381
-0.0035159
0.0066592
0.0089568
-0.0021175
-0.0048228
0.0059715
0.0020635
0.0041215
-0.0087943
-0.0013246
0.0036538
0.0041266
0.0098848
-0.0032923
0.0029916
0.0064968
0.0088973
-0.0048559
0.0083933
-0.0068597
-0.0049909
-0.0043585
0.0013447
0.0086816
-0.0048308
0.005034
0.0049362
0.0052143
0.0023939
-0.0070688
0.0065273
0.0098392
-0.0091269
-0.0086928
0.0097908
0.0038462
-0.0084629
0.0025197
0.0076881
-0.0083069
0.0025186
-0.0091512
0.0085029
0.006736
0.0067674
-0.0047539
0.0033766
-0.0090835
0.0074651
-0.0007029
-0.0084859
0.0024192
-0.0071811
-0.0094294
0.0012733
0.0085698
0.0035726
-0.0069237
6.95e-5
0.0082745
0.0077891
0.0057793
-0.0059815
0.0084142
0.0027854
-0.0017788
-0.0053592
0.0080264
0.0036606
0.0011786
-0.0059081
0.0063456
-8.15e-5
0.0051489
0.0022087
-0.0079633
-0.0066476
0.0096834
-0.0003288
0.0006752
0.0018281
-0.0019427
0.0010436
0.0052781
0.0081816
-0.0050342
0.0091252
0.0061014
-0.0033044
-0.0045318
0.0002474
0.0019749
-0.0094141
-0.0047949
-0.0062871
-0.0097671
-1.5e-5
0.0070274
-0.000146
0.0008046
0.004969
0.0052822
-0.0028491
-0.0008809
-0.0081026
-0.0029998
-0.0098675
-0.0087298
-0.0045181
0.0021557
0.0059172
0.0013217
-0.0035765
-0.0007818
0.0041396
0.008125
0.0017498
-0.0003311
0.0019064
0.0081652
-0.0031192
-0.0079297
-0.0039941
-0.0033439
-0.0062633
0.0008266
-0.0062874
-0.0037121
-0.0024659
-0.0001515
0.0063309
0.0016839
0.0007321
0.0030034
-0.0078011
0.0008837
-0.0079723
0.0072091
0.0033556
0.0099718
-0.0062095
0.0095454
0.0075156
-0.0091101
-0.008854
-0.0072284
0.0019251
0.008856
-0.0072891
-0.0018083
-0.0014054
-0.0010503
-0.0039103
0.0035718
4.65e-5
0.008766
-0.0004056
-0.0085767
0.0007153
-0.0013356
-0.0053761
0.0083941
0.0076641
0.0075785
0.0046438
-0.0080803
0.0070518
0.0037222
-0.0081736
