0.007992
0.0097784
0.0058728
-0.0010067
0.0047016
0.0015884
-0.0020418
0.0059808
-0.0060873
-0.0077672
0.0028012
0.0061111
0.0038744
0.0082048
-0.0047537
-0.0012896
0.0051949
0.0014517
-0.0022583
-0.0006789
-0.0004969
0.0037553
0.0091208
-0.0031293
-0.0079103
0.0049266
-0.0046594
0.0010885
-0.0015198
0.0069084
0.0051479
0.0089549
0.0041557
-0.0013035
-0.0060853
-0.0050415
-0.0022852
0.0046583
-0.0023189
0.0021869
0.0062009
-0.0001974
-0.00474
0.0012776
0.0041716
-0.0029564
0.0085783
-0.0095879
-0.002631
-0.0063674
0.0021145
0.0068262
-0.0088371
0.0015558
-0.0002008
0.002326
-0.0078115
-0.0059804
-0.0061354
-0.0041766
-0.0078734
-0.0015054
0.0001213
-0.0036673
-0.002203
0.0002853
0.0056587
0.0080481
0.0018755
0.0057125
0.0089168
-0.0068029
-0.0046403
-0.0039137
0.0080889
-0.0048537
-0.0071121
0.0009118
-0.0063721
0.000175
-1.42e-5
-0.0031746
0.000699
0.0089944
-0.0073964
-0.0067091
0.0005884
-0.0079542
0.0014745
0.0055871
-0.0039143
0.0036829
-0.0029139
0.0031213
0.0025143
0.0051399
-0.0032414
0.0071402
0.0038004
0.0034375
0.000148
0.0062529
-0.0068158
-0.0055196
-0.0060777
-0.0020405
-0.0026159
0.0036581
0.0028691
0.0004858
-0.0041174
-0.0020105
-0.0059155
0.00243
-0.0065954
0.0038105
-0.0007365
0.008364
0.007974
0.0030892
-0.0093226
0.0072763
0.0080198
-0.001045
-0.0003408
-0.0073504
-0.0008772
0.0074212
-0.0032626
-0.007513
-0.0079068
-0.0082648
0.0003874
-0.0010268
0.0037932
0.0045106
0.0051027
-0.0009441
0.0077313
0.0030962
0.005314
-0.00475
0.0075339
0.0070634
0.0076859
-0.0098459
-0.0022927
0.0071071
-0.0030896
-0.0021539
0.0096965
-0.0088701
-0.0050169
-0.0052379
-0.0026459
0.0032427
0.0086179
0.0034423
0.0092331
0.001557
-0.0089194
-0.0046839
-0.0099707
0.0082406
0.0009638
-0.0016259
0.0066442
0.0065599
-0.0007381
0.0079612
-0.0046532
-0.0053728
0.0078407
0.0083055
0.0020486
-0.0032924
-0.0085258
0.0020831
-0.0099079
-0.0013406
0.000372
0.0061626
-0.008909
-0.0093813
0.0026039
0.0020315
0.0014284
-0.009548
-0.0061718
0.0023048
0.0068584
0.0018957
0.0028463
0.0021007
0.0098851
-0.0031061
0.0023268
0.006627
-0.0078811
-0.003764
0.0054672
0.0070727
-0.0070908
-0.0002945
0.009062
-0.0099831
-0.0041005
0.0023012
-0.0066846
0.0096198
-0.0011329
0.0079551
-0.009371
-0.0063399
-0.0055095
-0.0005339
-0.0074455
0.0068307
-0.0006456
0.0066199
0.0004712
-0.0011953
0.0043925
0.0031576
-0.0068761
0.0058462
-8.83e-5
-0.0093005
0.0069256
0.0010714
-0.0053158
0.0019487
0.0023427
0.0044093
0.0009006
0.0063372
-0.0020229
0.000743
0.0075455
0.0080144
-0.001833
0.0004484
-0.0039862
-0.0026577
0.0076402
0.0093749
-0.0080767
-0.008921
0.0035561
0.0016657
0.0004905
-0.0052346
-0.0043922
-0.0057951
-0.0011008
-0.0034915
-0.0031748
-0.004917
-0.0021005
-0.0064787
-0.0006587
0.0046081
0.0091732
-0.0053712
0.0041855
0.0016955
0.0027343
0.0037105
0.0004021
0.0056176
-0.0057255
0.0040462
-0.0038228
-0.0022244
-0.006856
0.0078139
-0.0013658
0.002377
-0.0047943
0.0095797
0.0013771
0.0008113
-0.0074068
-0.008596
-0.0012536
0.0023536
-0.0020669
0.0074334
-0.0009988
-0.0082
0.004051
-0.0092719
0.003332
-0.0080725
0.0016353
-0.0061986
-0.0046958
-0.0030375
-0.0020271
0.0082072
-0.0084512
0.0099242
0.0092161
-0.0062958
-0.0006458
-0.0042804
0.0015076
0.0014843
0.0063302
0.0052006
0.00796
0.0092181
-0.0043411
0.0016918
-0.0041195
-0.0066079
0.0013939
-0.0090766
-0.00401
-0.007457
-0.005232
-0.0007249
0.0025436
0.0070805
-0.0029595
-0.0018112
-0.0054302
-0.0086722
0.0054942
0.003747
0.0088356
-0.0032432
-0.005638
-0.0070175
-0.0097671
-0.0014431
-0.0034283
-0.0006144
-0.0014708
0.0081059
0.0033398
-0.006138
-0.0019747
-0.0004294
-0.0042158
-0.0022359
0.0027517
0.0072006
0.0068535
-0.0090908
0.0011585
0.0085467
0.000841
0.0096858
0.0076954
0.0089677
0.0005909
0.0004901
-0.008382
-0.0035513
0.000894
0.0037588
-0.0047879
0.0065287
0.0052989
0.0005838
-0.0067657
-0.0040199
0.0086586
0.0054631
-0.0078913
0.0090899
0.0045521
0.0006821
-0.0001707
0.0025825
0.0003942
-0.0037066
-0.003456
-0.0028662
-0.0037009
0.007905
0.009788
-0.0093301
-0.0072011
-0.0044115
0.0015695
0.0003374
0.0050185
0.0072173
0.0002055
-0.0061995
0.0042208
0.0071291
-0.0036906
0.0085983
-0.0050262
-0.0004396
0.0006718
-0.0087473
-0.004874
-6.7e-5
0.0010788
-0.0082084
-0.0056974
-0.0087159
0.0016609
0.0095056
0.0068225
-0.0020452
-0.0052328
-0.0029543
-0.003623
0.0037207
0.0042193
0.0003644
-0.0055454
-0.003954
-0.0071898
-0.0047554
-0.0007727
-0.0038509
0.0069666
-0.0061895
0.0078748
-0.0035535
-0.0034845
0.0050288
0.0036732
-0.0001675
0.0005002
0.0053106
0.001451
-0.008505
-0.0058217
-0.0030105
-0.0001329
-0.0059909
-0.0059818
-0.0073315
-0.0061803
0.004628
-0.0002751
-0.0065267
0.0077251
-0.0062652
-0.0022534
0.0071732
0.0017236
0.0033502
0.0028475
0.0082618
-0.0009953
-0.00627
0.0022325
-0.0056696
-0.0082145
0.0026394
-0.0027904
-0.0088023
-0.0077686
0.0036608
0.0096861
-0.0037489
-0.0028366
-0.0076979
-0.008026
0.0064714
0.0060116
-0.0094855
-0.0028036
0.0088988
0.0011158
-0.0021634
-0.0005571
-0.004051
-0.0033826
0.0073552
0.0083869
0.0011991
-0.0083397
-0.0056561
-0.0048121
0.0089715
-0.0026131
0.0049765
0.0092302
0.0057044
-0.0058651
0.0035612
-0.0095676
-0.0012296
-0.0002916
0.0029621
0.0073578
