-0.0065792
0.0070228
0.0069649
0.0038152
0.0096534
-0.006746
-0.0080339
0.0056048
0.0045852
-0.0048719
0.0015318
-0.002758
0.001255
0.0090354
0.0030944
0.0084658
0.0065703
0.0085422
0.0053132
0.0097511
-0.0097078
-0.0036319
-0.00109
-0.0063058
0.0059607
-0.0078152
-0.0082894
-0.0088014
-0.0097159
-0.0019657
-0.0073128
0.0005761
0.0067872
-0.0032225
0.0070061
-0.0063722
0.0007087
0.0074281
0.0061638
0.0078018
-0.0007543
0.0038056
0.0078173
0.003445
0.0057575
0.004389
0.0097751
0.0005592
-0.0003228
8.15e-5
0.0053981
-0.0050749
-0.0092235
-0.0029058
0.0054596
0.0045186
0.0024698
-0.0077071
0.003185
0.0081923
-0.0055235
0.0036556
0.0089356
-0.0005373
0.0097423
0.0095482
0.0063666
-0.0044311
0.0068277
0.0032223
0.0040916
-9.69e-5
-0.0064041
0.0054863
0.0013214
0.0060972
0.0064541
-0.0002642
-0.0065936
-0.0069037
0.0030179
0.0062274
-0.0085177
0.0058452
0.0049806
0.0001356
0.0001977
0.0019474
-0.0037888
-0.0078888
-0.0077008
-0.0014693
0.0049722
-0.0032512
-0.0009592
0.0030059
-0.0054373
0.0057092
-0.0027019
0.0085232
0.0022506
0.0005735
0.0078228
0.0004782
0.0022875
-0.0092835
0.0046471
0.0015476
-0.0013647
-0.0055316
-0.0095981
-0.0052201
0.0067704
0.0078611
0.0032382
0.0023395
-0.0085158
-0.0076708
0.0053551
-0.000507
0.004647
0.0068334
-0.0049457
0.0088073
-0.0082719
-0.0024727
0.0053219
-0.0047308
-0.0025515
0.0049884
0.0017185
0.0073541
0.0024664
-0.0033407
-0.0064239
0.0081997
-0.0017983
-0.0004188
0.0052153
-0.0040967
-0.006855
-0.0014836
-0.008374
0.0046821
-0.0054004
0.0072123
-0.0004261
-0.0034365
-0.0079962
-0.0049268
0.0050092
0.0019046
0.0091553
0.0092955
0.008105
-0.005267
-0.0026153
0.0018782
-0.0010738
-0.0019034
-0.0051538
-0.0066541
0.0005298
0.0041189
0.0019942
0.0047552
0.0066894
0.0035796
-0.0084138
0.0099042
-0.0015215
-0.0028862
0.0095736
8.62e-5
-0.0091709
0.0067575
-0.0065531
0.002564
0.0026092
-0.00409
-0.0083607
0.0033619
-0.001728
-0.0069228
-0.0029695
-0.0039588
0.0038865
0.002032
0.001021
-0.005467
0.0054254
-0.009374
0.0048988
-0.0062719
0.0012863
0.0096498
0.0078449
-0.0036904
0.0091622
-0.0013344
-0.0066452
-0.0050533
-0.007074
-0.0099809
0.0075638
0.0055882
0.0090647
-0.0070277
0.0090338
-0.0076398
0.004015
-0.0031144
-0.0087572
0.0019093
0.0007109
-0.0033664
0.0068312
-0.0038729
-0.0070088
0.0002628
-0.008148
0.0032076
-0.0064397
0.0071151
-0.0092987
0.0081594
4.73e-5
0.0013774
0.0074408
0.0015188
-0.0057625
-0.0025671
0.0009401
-0.0063328
-0.0020751
0.0088845
0.0002557
-0.0016582
0.0080055
-0.0021408
0.0086602
-0.0018292
-0.0045812
-0.0003213
0.0083011
0.0029325
0.0028057
-0.0025542
-0.0024159
0.0097063
0.0049699
-0.0055231
0.0080584
-0.0028455
0.0036476
0.0036508
-0.0064745
-0.0074892
0.0089134
0.0035161
0.0089026
0.0065814
0.001669
-0.0092062
0.0022056
0.000146
-0.0059757
-0.0022723
0.0060654
0.0030549
0.0099768
-0.0092392
0.0046941
-0.0083117
-0.0080693
0.0099514
0.0058498
0.0092265
-0.0050728
0.0041454
0.0052505
-0.0080616
0.0011111
0.0029205
0.0074796
0.0010217
-0.0046508
0.0055456
-0.0054543
0.004382
9.05e-5
0.0061538
0.0092051
0.0042708
0.006313
0.0045396
-0.0071121
-0.0017223
-0.0083831
0.0069667
0.0023666
0.0090505
0.0020203
0.0092598
0.0059052
-0.0047372
0.0040391
-0.0097077
-0.008261
0.0065292
-0.0027467
-0.0098351
-0.0075334
-0.001025
-0.0072648
-0.0084218
0.0089676
-0.0009119
-0.0040791
0.0050196
0.0002095
-0.0095553
0.0047606
-0.0016153
0.0047443
0.0068342
-0.0042415
-0.0030989
0.00781
-0.0043345
0.0081845
-0.0018988
-0.0058156
-0.0009239
0.0020635
0.0041534
-0.0055375
-0.009596
0.0033987
-0.0040511
0.0060209
0.0096619
-0.0058762
0.0009775
-0.0069016
-0.0076105
0.0024956
0.0016756
-0.005257
-0.0002479
-0.0030384
-0.0008076
-0.0045498
-0.0098202
0.0005523
-0.0063185
-0.0027369
0.0094777
-0.001105
0.0093441
-0.0036533
-0.002492
0.0051891
-0.0022238
0.0018651
-0.0098338
-0.0004202
-0.0098634
0.0064543
2.93e-5
0.0089517
0.0072882
-0.0081917
-0.0051206
-0.0054313
-0.0065055
-0.0010276
-0.0061538
0.0007758
-0.0022297
-0.0001982
-0.0008205
0.0005084
0.0055239
-0.0032998
0.0027888
-0.0025932
0.0003425
0.00984
0.0097376
-0.0085762
-0.0079889
-0.0051426
0.0088976
0.0007987
-0.0066843
-0.0026235
-0.0054278
0.0097538
0.0051382
-0.0038177
0.0033502
0.0064472
0.0055248
0.0082493
-0.0044526
0.0004721
0.0014251
0.0050378
-0.0093561
-0.0098647
0.0013053
-0.0056461
-0.0008984
0.0065993
-0.0019417
0.0083542
-0.0080461
0.005787
0.002906
0.0051105
-0.0044275
-0.0002265
0.0043156
0.0035614
0.0016356
-0.0017007
0.0063033
-0.0037034
0.0061047
-0.0024334
0.0039155
-0.0091703
0.0044751
0.0003859
0.0032389
0.0016579
0.0090102
-0.0092845
-0.0002672
-3.41e-5
-0.0042789
0.006227
-0.0064983
-0.0072616
-0.0038297
-0.0043135
-0.0062827
-0.0081663
0.0071402
0.0058536
0.0004684
-0.008084
-0.0015912
0.003686
-0.0007694
-0.0036902
0.0052464
0.0099998
-0.0029381
-0.0032963
-0.0012153
0.0005814
-0.0035444
0.0085824
-0.0096677
0.008613
-0.0049935
0.005098
-0.0053784
-0.0085524
0.005429
0.0005008
-0.0008289
0.0032927
-0.001912
0.0087876
-0.0063891
0.0056941
0.003309
0.0003966
0.003244
0.0055005
-0.0048645
0.0066219
0.0099989
-0.0072595
-0.0008292
-0.0039586
-0.0043562
0.0036093
-0.0065339
0.0027015
-0.0020657
0.0086887
