-0.0049509
-0.0007023
0.0021694
-0.0019467
0.0061809
0.0010762
0.0090497
-0.0030218
-0.0013182
0.0035732
0.0035627
0.0088388
-0.0095509
0.0080999
-0.0027272
0.002986
-0.0003268
0.0019027
0.0092097
-0.0008734
-0.0067818
0.0035297
0.0004718
-0.0074134
0.0007131
-0.0033568
-0.0076783
-0.0031599
-0.0078001
-0.0005216
-0.0091811
0.0049672
-0.0067783
-0.003145
-0.0059608
0.0072773
-0.0064435
-0.0043482
0.0040855
-0.0060684
-0.0039936
0.0091758
-0.0026438
-0.0034729
0.0015675
0.0013847
0.0011477
0.0029469
0.0027259
0.0057407
-0.0098891
-0.0001804
0.0024486
0.0059097
0.0045722
-0.0012858
0.0079743
0.0084832
0.0073844
0.0034137
0.0094205
-0.005965
-0.006868
0.0032844
0.0033627
-0.0049639
0.0042997
0.0085262
-0.0097751
3.29e-5
0.0007981
-0.0068921
0.004465
-0.0010831
0.0006328
0.0008614
-0.0008186
-0.0081373
-0.0013422
-0.00072
-0.0072156
0.0010812
0.0094694
-0.0090247
0.009188
0.0007452
0.0084777
-0.0080967
0.001005
0.0014618
-0.0094942
0.0031045
0.005564
-0.0092161
0.0073895
-0.0055537
0.0005376
-0.002961
0.0034539
0.0067633
0.0030337
-0.0006669
0.0075253
0.0032577
0.0090131
0.004775
0.0008682
0.0057881
0.009805
0.0081834
-0.0052184
-0.0059024
0.001115
-0.0061134
-0.0014583
0.0030853
-0.0011077
0.004001
0.0071641
-0.0012244
-0.0046483
0.006074
-0.009637
-0.0030537
-0.0082941
0.0089045
-0.0001385
-0.009032
0.0039432
0.0097302
0.0040296
-0.0005841
-0.0032404
-0.0068577
-0.0033964
-0.0024201
-0.0086815
-0.0050948
-0.0065776
0.0005536
-0.0079544
-0.0034904
-0.0003891
0.0018179
-0.000657
-0.0094423
-0.0066945
-0.004098
-0.0035174
-0.0069175
0.0040249
0.0064711
-0.0037112
0.0051741
0.0042812
0.0044439
0.0054864
0.0069607
0.0047762
-0.0094169
-0.0057391
0.0035173
0.005593
-0.0082707
-0.0028835
0.006969
-0.0044609
0.0091207
0.0053797
0.0095579
0.0048414
-0.0015001
0.0029801
0.0078688
0.003625
0.0010444
-0.0078785
0.0093741
-0.0040096
0.0067088
0.0098094
0.0020021
0.0007952
-0.0015029
-0.0070012
-0.0067042
0.0067464
0.0058769
-0.0050251
-0.0011611
-0.0008707
0.0099341
0.0007457
0.0078562
0.0048762
-0.0015392
-0.0051572
0.0056785
0.0041971
0.0003491
-0.0036693
0.0080522
-0.0021622
-0.004204
-0.003646
0.0064342
0.0053093
-0.0031848
0.0072371
-0.0023494
0.0077009
-0.0019137
-0.0054628
-0.0078154
-0.0037325
-0.0053132
0.0099481
-0.0095864
-0.0064615
0.0088794
0.0045798
-0.0068147
-0.006119
0.0048724
0.0059403
-0.0042012
0.0040151
0.0035571
-0.0030796
0.0052351
-0.0024987
0.0093267
0.0020769
0.0069425
-1.39e-5
0.0052853
0.005918
0.0028012
0.0078169
-0.003453
-0.0045732
0.0054452
-0.0047271
0.0076958
0.0008565
-0.0092577
0.0057303
-0.0064732
0.0095112
0.0029673
0.0039661
-0.0038777
0.000605
-0.007645
-0.0017758
0.0086407
-0.0039495
0.0068505
-0.0035998
0.002387
0.0078022
-0.0026209
-0.0083552
0.0001874
-0.0015271
-0.0003481
-0.001054
0.0004815
0.0081252
0.0018411
-0.0068687
0.0075992
0.0034508
-0.0077686
-0.0005537
0.0097992
-0.0077489
0.0099849
0.0049807
-0.0085818
-0.0080998
-0.0008062
0.0028508
0.000743
0.0055127
-0.0081622
0.005953
0.0039272
-0.0005016
-0.0086334
-0.0062446
-0.0092018
0.0051597
-0.0027179
0.0007466
-0.0071465
-0.007908
0.002042
0.0015496
0.005393
-0.0028628
0.006874
0.0098463
-0.0078449
0.007598
-0.0047203
-0.0016979
0.0023866
-0.00578
0.0081131
0.0051539
0.009821
-0.0084429
-0.0049028
0.0072931
0.0072958
0.000783
-0.0034894
0.0072761
-0.0053411
0.0011678
0.0077627
-0.0026627
3.4e-6
-0.0079745
-0.0001965
0.0020532
0.0001429
-0.000959
0.0058861
0.0041599
-0.0074646
0.0034422
0.0034305
0.0060442
-0.0006583
-0.0013419
-0.0025765
0.0040405
0.0019275
0.0021779
-0.0013442
0.0022513
0.0015636
0.0066092
0.0066884
-0.0097056
0.0077239
0.0018175
-0.0073653
0.0045435
-0.0056403
0.0011273
-0.0093325
-0.0070841
-0.0021684
-0.0099304
0.008467
0.0083702
0.0010136
-0.0083738
0.0017019
-0.0044854
-0.0052636
-0.0050043
0.0091348
-0.0090414
-0.0082445
0.0080255
-0.0020401
-0.0095839
-0.0017882
-0.002199
-0.0051368
-0.0082371
-0.0055341
-0.0061682
0.0099007
-0.0053965
0.0009438
0.0012712
0.0041633
0.0087188
-0.000801
-0.0072037
0.0016371
0.0040428
0.0041052
-0.0090952
-0.0007117
0.0012091
0.0002949
0.0008385
0.0039793
-0.0064268
-0.0074388
0.0045525
-0.0011471
-0.0091098
0.0017849
0.0042939
0.0014254
-0.003271
-0.0068705
0.0027214
-0.009294
-0.0097728
0.0009545
-0.0095524
0.0022657
0.0034581
0.0016357
0.0055893
0.0067412
-0.0039385
0.0066027
-0.0025454
-0.0098273
-0.0055929
-0.0062223
-0.0085824
-0.0011414
-0.0034843
0.0014036
-0.0064213
-0.0043225
0.0051042
-0.0080958
-0.0077705
0.0063427
-0.0054651
0.000317
-0.0067013
0.0012209
-0.0047216
0.0049443
0.00011
-0.0073517
-0.0030499
0.0060048
-0.0083868
-0.0011055
0.0088914
-0.0076775
0.0045333
0.0079218
0.0083665
0.0080164
-0.003128
0.0063714
-0.0034199
0.0018713
-0.001053
0.0057596
0.0042288
-0.0068626
0.0016524
0.0006526
0.0089677
0.0020127
-0.0012973
0.0020498
0.006777
-0.0062187
0.0057461
-0.0056451
0.0066931
-0.0054783
-0.0020004
0.00116
-0.005702
-0.0061594
0.0082267
0.002802
0.0095535
-0.0035923
0.0092697
0.0020603
-0.0082979
2.8e-6
0.0076837
-0.0041524
0.0027483
-0.0070878
-0.0089479
0.0087235
-0.0017504
0.0004514
-0.0028246
0.0005738
0.0014079
-0.0063064
-0.006446
0.0084573
0.0026592
