-0.0084587
0.0066212
0.0048826
0.0046814
-0.0002243
0.0067806
-0.0052376
0.0081004
-0.0076998
0.0069215
-0.0071356
0.0060838
-0.0059482
-0.0018902
-0.0061852
0.0052781
0.0064524
-0.0026246
0.0045529
-0.0059428
-1.96e-5
-0.004904
0.0089474
-0.0061268
0.0039883
8.34e-5
0.009189
0.0048784
0.0015476
0.0033948
-0.0097199
0.0012703
-0.0092875
0.0072491
-0.001667
-0.0020674
-0.001235
0.000661
0.005704
0.0061939
0.0004955
-0.0040326
0.0095437
-0.0090072
0.0012744
-0.0078998
-0.0090078
-0.0098856
0.0062773
-0.0040318
-0.0044273
-0.0011784
0.0044115
-0.0098918
-0.0083415
0.001465
-0.0064494
0.0035354
-0.0086747
0.0029978
0.0072092
0.0028675
0.008889
0.0048049
0.0052652
0.0094993
0.0077612
-0.0073004
-0.0007546
0.0022761
0.0080007
0.0058461
0.0094238
0.0090552
-0.0027341
0.0045981
-0.0072259
-0.0091782
0.0049177
-0.001831
-0.0054536
0.0040675
0.0008344
0.0025233
-3.34e-5
-0.0084343
-0.0003494
-0.0055044
-0.0040586
0.0003258
0.0095012
0.0025826
-0.007141
0.0044787
0.0071432
0.0041933
0.0082066
-0.0030637
-0.0031492
0.0059455
-0.006958
0.0055687
0.0028222
0.0092291
0.0090211
-0.0099577
0.0044711
-0.004745
-0.0032427
-0.0015459
-0.0038041
-0.0057581
0.000345
0.0038048
0.0068121
0.0070677
-0.0054872
0.0004407
0.0031928
-0.0074298
0.0095306
0.0036125
-0.0094353
0.0036567
-0.0073905
0.0067343
3.85e-5
-0.0024759
0.0053912
0.002812
0.0096904
-0.0099377
0.0019109
0.0009918
-0.0087496
0.0025269
0.0052886
-0.0004419
0.0075111
0.0041826
-0.0071753
0.0009512
0.0087137
-0.0059025
0.000134
0.0047554
-0.0072163
0.0038815
-0.0069837
-0.0085309
0.0028971
-0.0022383
0.004608
0.0065849
0.0075181
-0.0001121
-0.0048274
-0.0097407
-0.0069064
0.0082719
0.0082124
0.0090045
0.0021376
-0.0021885
0.0024693
-0.0026948
-0.0052716
-0.0006589
0.0025205
-0.0049542
0.0003179
0.0018086
0.0018828
0.001868
-0.0081281
-0.009854
0.0003819
0.0081251
0.00632
-0.0087601
-0.0076595
-0.0094135
0.0016931
-0.0026562
0.0095185
0.0038764
-0.0063212
-0.0083389
-0.0091677
0.0063952
0.0071564
0.0038028
-0.0099444
-0.0090347
0.0077858
-0.0073462
-0.0099568
-0.0061225
-0.0015983
-0.0001979
-0.0009358
-0.0092897
0.0074706
-0.0019868
-0.0052436
0.0016721
-0.0061159
-0.0095832
-0.0008392
0.0090211
0.0057652
0.0076601
0.0085304
-0.0028808
0.004655
0.0053182
0.0044822
-0.0053214
-0.0094161
0.0072289
-0.0061468
-0.0093029
-0.0027164
-0.0013862
0.0068375
-0.0095588
0.0039715
0.0016709
-0.0022003
-0.0087639
0.0064934
-0.000842
-0.0097566
-0.0075586
-0.0002528
0.0012106
0.0029689
0.0046995
0.0089215
-0.0064687
-0.0061175
0.0015655
0.0018701
-0.0098529
-0.0022385
-0.0098909
0.0089897
-0.0022303
0.0002067
0.0070704
-0.0096346
-0.0031771
0.0057958
0.0029743
-0.0012958
0.0017273
0.0077533
0.0015468
-0.009324
-0.0055852
0.0090182
0.0019153
-0.0005781
-0.0015853
0.0040043
0.0031025
0.0007738
0.0097554
0.0072521
-0.0021781
-0.0063871
-0.0028413
0.0039372
0.0041698
0.0082842
0.0099714
-0.0005188
-0.0099199
0.0057137
0.0009008
-0.0044589
-0.0001891
-0.0081108
0.0083499
0.0005739
0.0002227
0.0041299
-0.0044924
5.39e-5
-0.0096821
0.0028827
0.0010073
-0.0013981
0.0074915
-0.0038086
0.0078334
0.0029802
0.0080421
0.0024118
-0.0013889
-0.001055
-0.0069274
0.0092187
-0.0028152
-0.0084477
-0.0006183
-0.0088324
-0.0097456
-0.0038639
0.0006508
0.000534
-0.0025536
0.0058122
0.0066715
-0.0020325
0.0074906
0.0069758
-0.0075986
-0.005053
0.0008979
-0.0056435
0.0088193
0.0050619
0.009868
-0.0092997
0.0033856
0.0047313
0.0042034
0.0037511
0.0049118
0.003718
0.0063768
-0.0022288
-0.0036185
-0.004205
0.0041141
-0.0011322
-0.0073318
-0.0005584
0.0011972
-0.0070642
-0.0061909
0.0053081
-0.0072828
-0.0089698
-0.0088175
0.000286
-7.6e-6
-0.0069039
0.0033478
0.0023278
0.0075462
0.0093006
-0.0093575
-0.0059166
0.008248
0.0094942
-0.0030634
0.0070563
0.004319
0.0066215
0.004371
0.0059592
-0.0042543
-0.000886
0.0016604
0.0040636
-0.0078788
-0.005597
0.0026107
-0.0092814
-0.0091636
0.0045022
-0.0002444
0.0051043
-0.0093294
-0.0079325
-0.0078166
-0.0037868
0.0057323
-0.0035567
-0.0005301
0.0096636
0.00417
0.0013234
-0.0017691
-0.0069761
-0.0017418
-0.0086564
-0.0016002
0.0082736
0.0026204
0.004259
0.0061744
0.0094561
0.0055118
-0.0082615
-0.0051119
-0.0081306
-0.0066098
-0.0050632
0.0086427
0.0086878
0.0034118
-0.0042125
0.0007598
-0.0001622
0.0094923
0.0019601
-0.0070037
-0.0086229
0.0037237
-0.0086075
0.0048208
0.0093304
0.0028146
-0.0039488
0.0009026
0.0070269
0.0058465
-0.0056832
-0.0076626
0.0027211
0.0094535
-0.0094611
0.0078643
0.0015778
-0.0095163
0.0048197
0.0017033
-0.0009956
0.0065472
-0.0044666
0.0043286
-0.0080436
0.0008906
0.0036527
0.0075469
-0.00343
0.0068401
-0.0055909
-0.0067807
-0.0090562
-0.0029075
0.0096856
-0.0091223
-0.0057716
0.0098791
0.007179
0.0004847
-0.003659
-0.0011948
0.0005322
-0.0021719
-0.0063094
0.0030359
0.0079495
0.0025054
-0.0054676
-0.00151
-0.0033062
0.0069878
-0.0090829
-0.0012098
-0.0083018
-0.0075601
-0.0054152
-0.0036385
-0.0012861
-0.0056699
-0.0035264
0.0040831
0.0066366
0.0017075
-0.0007149
0.0027957
0.0093078
-0.007378
0.0090907
0.008511
0.0022112
-0.0083871
0.0040792
-1.78e-5
-0.0068168
0.0091545
-0.0054379
-0.0011678
0.0094725
0.0079426
0.0022595
-0.0065603
-0.0058587
0.0059027
0.0023208
