0.006879
-0.0095666
-0.0049141
-0.0085669
-0.0080848
0.0077659
-0.0073135
-0.0087555
-0.0017762
-0.0090901
0.0050916
-0.0013536
0.0034133
-0.0053149
0.0084664
0.0013044
-0.0074353
0.0018146
-6.15e-5
0.0087257
0.001365
-0.0067201
-0.0034689
-0.0077498
0.0049236
-0.0055868
0.0083139
-0.0011596
0.0005515
-0.0046801
0.0079355
-0.0044491
0.0030186
0.0049628
0.0076587
-0.0036663
0.0099718
-0.0022163
0.0041752
-0.00529
-0.0063421
-0.0097188
-0.0071257
0.0012788
0.0013109
0.0079289
0.0086946
0.0099626
-0.0032773
-0.0090845
0.0037577
-0.0050567
0.0035317
-0.0006585
-0.0046572
0.005555
-0.0034493
-0.0058141
-0.0006067
0.0005475
-0.001161
-0.0017982
0.0098509
-0.0004555
-0.0006509
0.0061383
-0.0066452
0.0071668
0.0090939
0.0072161
0.0009865
-0.0097011
0.0077754
0.0016191
-0.0050664
-0.0072916
0.0084948
0.0075251
0.0047237
-0.0069453
0.0052099
-0.0079865
0.0038965
-0.0065967
0.0079156
0.0067348
0.0047771
0.0027717
-0.0009122
0.0003268
-0.00325
-0.002299
-0.0036801
-0.0022841
0.0036422
0.0004076
0.0053083
-0.0016851
-0.0005316
0.0094261
-0.005167
-0.0052788
-0.0052841
-0.0044425
0.0065646
-0.009863
-0.0080983
-0.0016726
0.0083242
-0.0067954
0.0055229
0.0016517
-0.0009211
-0.0025895
0.0093987
-0.0077787
0.0012072
-0.0093519
-0.0024625
-0.0086678
0.0076773
0.0091914
0.0005749
-0.0077534
0.0059359
0.0092108
0.0040401
-0.0056869
0.0083933
-0.009154
-0.0005397
-0.0049014
-0.0035143
-0.0033275
0.0080891
-0.0086397
0.0048476
0.0049595
-0.0004151
-0.0032633
-0.0029298
-0.003031
-0.0004193
-0.0050776
0.0069265
0.003239
-0.0095604
-0.0004252
-0.0084268
0.005131
-0.0005262
0.0024433
-0.0044392
0.0026699
0.0070503
0.0091814
-0.000698
-0.0084828
0.0029961
-0.0052185
-0.0048212
2.98e-5
0.0056755
0.0071246
0.0057325
0.0051282
-0.0034591
0.0096655
0.0085031
0.0089162
-0.0043695
0.0065844
-0.0047811
0.0058103
-0.0039424
-0.0066605
0.0064183
0.004209
0.0025002
-0.0091203
0.0071883
0.0020572
-0.0028856
0.0029887
-0.0018621
0.007662
0.0078773
0.004298
-0.0023194
0.0009294
0.0073687
-0.0032532
-0.0037402
0.0013113
-0.0059343
0.0064022
-0.0090159
-0.0022158
0.0049573
-0.0097426
-0.005791
0.0038054
0.0002928
-0.0018737
-0.0056016
0.003209
0.0058232
0.0010226
-0.0023304
0.0049174
0.0050134
0.001991
-0.0080834
-0.0084814
-0.0043744
0.001424
-0.000782
-0.0089754
0.0083808
-0.0059568
0.0077315
0.0006592
0.0022472
0.007886
-0.0003411
-0.0050737
0.0026905
-0.0040518
0.0098186
0.0040614
0.0085047
-0.0083585
-0.0067576
0.0076684
-0.0015034
-0.0047857
0.0043021
-0.0077549
0.007958
0.0042031
0.0005992
0.0044603
-0.003297
-0.0066777
-0.0056212
0.0095789
-0.0072195
0.0044133
-0.0072691
0.0047908
-0.0079256
-0.0078862
-0.0006802
0.0024706
0.0099633
-0.0061136
0.0086524
-0.0040911
0.0019141
0.0005275
0.0046505
0.0054515
0.0022851
0.0084029
-0.0042807
-0.0044166
-0.0033814
-0.0041159
-0.0073965
0.0043552
-0.0075897
-0.0024134
0.0008266
0.0013549
-0.0061686
0.0037146
-0.008278
-0.0063918
-0.0004814
-0.0099145
-0.0064724
0.0020049
-0.0058769
0.0093186
0.0095615
-0.0084482
0.0048745
-0.0099678
-0.0078757
-0.0005756
-0.0001543
-0.0013828
-0.0086893
0.0049751
-3.53e-5
-0.0051029
0.0058265
-0.007214
0.0071323
0.0046055
0.0085811
-0.0032227
-0.0087893
0.0096241
-0.0024474
-0.0020019
-0.0045852
-0.007505
-0.0025938
-0.003449
0.0042398
-0.0086666
0.0023109
-0.005997
0.0079489
-0.0067759
-0.0080572
0.0092888
-0.0004079
-0.0029736
0.0089314
0.0058887
0.000221
0.0097996
-0.0048519
0.0018628
-0.0013113
0.0034695
0.0006475
-0.0029835
0.0016143
0.0015972
0.0048978
0.0060969
0.0013072
0.0034975
-0.005652
-0.0083339
-0.0090388
-0.0001715
-0.0067448
0.0045028
-0.0037781
-0.0005187
-0.0003514
0.0079286
-0.0017537
-0.0021447
0.0054047
0.0024389
-0.0067183
-0.0086265
0.009772
0.0067753
0.0039171
-0.0087159
0.0085457
-0.0012651
-0.0028153
0.009254
0.0047124
-0.0044985
-0.0019646
0.0017742
-0.0003547
-0.0090109
-0.0054709
0.0069245
-0.0015154
-0.0052403
-0.0077491
-0.0057058
0.0042946
0.0023526
0.0050634
-0.0020808
0.0027055
0.0001233
-0.004171
-0.008019
0.0049225
-0.0093272
-0.001965
0.0063175
0.001014
-0.0093087
0.0083328
-0.0046775
-0.0058258
4.93e-5
0.003444
-0.000109
0.0058153
-0.001672
0.0008759
0.0019866
0.0090309
-0.0024052
-0.0069961
-0.0003059
0.0030085
-0.0069096
0.0065235
0.0035473
-0.0068234
0.0090171
-8.52e-5
-0.0030773
-0.002012
0.0050905
0.0093352
0.0076185
-0.0063545
0.0031482
-0.0038085
0.0098655
0.0068959
0.0087327
-0.0019008
-0.0076027
-0.0064891
-0.0027939
-0.0078115
-0.0099401
0.0047325
0.0064746
-0.0057662
-0.0026273
-0.0039373
0.0010225
0.0014996
-0.0011703
-0.0043016
-0.0032725
-0.0067748
-0.0023439
-0.0010349
-0.0065014
-0.0054725
-0.0049593
0.0025397
0.0012675
-0.0086924
-0.0040814
-0.0070744
0.007639
-0.0099976
0.0095897
0.0004063
-0.0081639
0.0074097
0.0048199
0.0095822
-0.0053478
-0.0044581
-0.0055189
0.009852
-0.0099977
-0.0047843
0.0083261
0.0036984
0.0091886
-0.0015547
-0.008413
-0.002647
-0.009946
-0.0039002
0.0097932
0.0025193
-0.009278
0.0038254
-0.0003658
-0.005811
0.0045915
0.0068103
-0.0055197
-0.0069363
-0.0053118
0.0047902
0.008596
-0.0088372
-0.0031734
0.0023048
0.0096939
-0.0069056
-0.0083654
-0.0085642
-0.0053278
0.0069352
0.004149
-0.0018369
-0.0060496
-0.0068922
0.0094399
-0.0044081
