0.008668
0.0066408
0.0085504
0.0041338
-0.0059722
-0.0016046
-0.0029095
-0.008968
0.0093668
0.009283
-0.0077616
-0.0048789
-0.0023447
0.0072221
-0.0072158
-0.0014407
-0.0088137
-0.0007134
-0.0094134
-0.0030693
0.0046147
-0.003766
0.0025379
3.17e-5
-0.0067779
-0.0046591
0.0084294
-0.0061354
0.0007139
0.0004794
0.0077321
-0.0098857
-0.0043225
0.0091724
0.0087468
0.0016536
-0.0019422
0.0061376
-0.0017397
0.0069458
0.0045042
0.0017201
-0.0061293
0.0039234
-0.0041678
-0.008011
-0.0033783
-0.0082246
-0.0090247
-0.0062598
-0.0062516
0.0047405
0.0025095
0.0065432
-0.0007627
-0.0015954
0.0077217
-0.0047978
0.0003551
-0.0038396
-0.006348
0.0031065
0.0085297
-0.0020257
0.0031545
-0.0086781
-0.0071282
-0.0051594
0.0012446
-0.0005517
-0.0059374
-0.0042053
0.0079404
-0.0010384
0.0035306
0.0022936
0.0034052
0.009923
-0.0073877
-0.0094758
-0.0057127
-0.009302
-0.0020494
0.0060594
0.0015757
-0.0099381
-0.0079036
0.0020612
-0.0054652
-0.005946
-0.0099504
0.001713
0.0015646
-0.0079749
0.0097143
-0.0017455
-0.0030816
0.0008273
-0.0095065
0.008368
-0.0051066
-0.0092254
-0.0036303
0.0001308
-0.0010206
-0.0079775
0.0052324
0.0091895
0.0081042
8.1e-6
0.0081955
0.0008703
0.0035985
0.0053852
-0.0046052
-0.0026075
-0.006735
-0.004742
-0.0024571
-0.0092165
0.0046879
-0.0001066
0.0030065
-0.000614
0.0098842
0.0082215
0.008238
-0.0008239
-0.0056251
0.0007936
0.0004537
-0.0086641
-0.0049251
-0.0016149
0.0059336
-0.0064772
-0.0083191
-0.0075503
0.0055504
5.23e-5
0.0087265
-0.0066872
-0.0011066
-0.0035986
0.0025464
-0.0053429
-0.0003045
0.0075814
-0.0056241
-0.0014683
0.0082937
-0.0020866
-0.0056249
-0.0027852
-0.0009517
0.0016167
0.0060894
0.0046617
-0.0017393
0.0049097
0.005356
0.0066792
-0.0077189
0.0066457
0.0054863
-0.0001882
0.0048172
-0.0001897
0.0088113
-0.0048654
0.0090529
0.0092227
0.0098131
-0.0098495
0.0097695
0.0026324
-0.0027672
0.0019357
0.0062346
0.0076612
0.0063714
0.0023782
0.0095194
0.0096959
-0.0043847
0.0056422
-0.0025639
0.0076096
-0.0067655
-0.0004787
0.0036954
0.0041536
-0.0096178
0.0052128
-0.0077888
0.0016558
-0.0005971
0.0070596
-0.0083449
0.0017496
0.0039884
-0.0029719
-0.0053338
0.0085287
-0.0090924
0.000883
0.0013289
-0.0038589
-0.0053627
0.001933
0.0033123
0.0014601
-0.002778
0.0061853
0.0077486
0.0047824
0.0099335
0.0029588
-0.0062506
-0.0032937
0.0038606
-0.008501
-0.0029641
0.0055652
0.0080862
-0.0016181
-0.0098733
-0.008601
-0.0023173
0.0013846
-0.0012728
0.0064108
-0.0070161
0.0038763
-0.0051854
-0.0016979
-0.003506
-0.006955
-0.0017158
0.0032705
-0.0093625
0.006084
0.0076065
-0.0056406
0.0037924
0.0089609
0.0011143
-0.000954
-0.0012194
-0.0030034
-0.0093622
-0.0042641
0.0060828
-0.0005075
0.0022754
-0.008638
-0.0094911
-0.0051466
-0.0081589
0.0068694
0.0055591
-0.0007144
0.0075876
0.0007711
0.0064728
0.0035075
0.0079141
-0.0097218
-0.0022218
0.0095218
0.0050259
0.0008444
0.0080296
-0.0012087
-0.0014587
-0.000994
-0.0063761
-0.003941
-0.0074157
0.0064513
0.0092727
-0.0039791
-0.00708
-0.0035013
0.0089066
0.0014649
0.0034874
0.0034333
0.0018032
-0.0050241
-0.0039931
0.008436
0.0037169
-0.0013218
0.0003128
0.0084242
-0.0057459
0.0017771
-0.0028721
0.0090244
-0.0099974
0.0066106
-0.0040759
0.0005436
0.0038586
-0.0020155
-0.008791
-0.0042447
0.0057302
0.0018887
-0.0095305
-0.008056
-0.0079867
0.0069624
-0.0088583
-0.006198
-0.0072262
0.0055819
0.005648
-0.0071989
0.0086251
0.0098704
-0.0009546
-0.0082155
-0.0004189
-0.0047392
0.0006732
0.0097753
0.0083538
-0.0083498
-0.0029146
-0.0039435
-0.0045388
0.006313
-0.0049904
0.0041862
0.0019055
-0.0083691
-0.0079804
0.0025112
-0.0053435
-0.0036751
-0.0024496
0.0036968
0.00459
-0.0025171
0.0092121
-0.0074828
0.0034084
-0.002382
0.0072084
0.0065479
0.0048531
0.0074304
0.005978
-0.0016755
-0.0040555
-0.0093017
-0.0073669
-0.0021533
0.001281
0.0011281
0.0031603
0.0016346
0.0090371
0.00757
0.0019671
0.0015741
0.0013061
0.0003523
0.0085918
0.0045883
0.0035658
0.0017415
-0.0096253
-0.003138
-0.0006399
-0.007348
0.0027654
0.005357
0.0059344
0.00051
0.0015923
0.0062144
-0.003986
-0.0036957
0.0041252
0.0066774
0.0062215
0.0096216
0.0018709
-0.0039749
-0.0074702
-0.0048442
-0.0094109
-0.0009941
-0.0019347
-0.0090174
0.0054134
-0.0040081
-0.0046218
-0.0095202
-0.0038946
0.009524
-0.0020953
-0.009827
-0.002258
0.0015648
-0.0099235
-0.0033129
0.0053634
0.0066053
0.0034708
0.0019371
0.0047862
0.0021755
0.0085943
0.0017231
-0.0028419
-0.0048846
0.0050121
-0.0039226
-0.0029793
0.0090804
-0.000804
-0.0003533
0.0016858
-0.0098348
-0.0093788
-0.0068197
0.0047844
-0.0068602
-0.004386
0.0054133
-0.0050914
-0.0091735
-0.0076369
0.0064659
-0.004276
-0.0013526
-0.0025984
0.0029547
-0.0081784
-0.0036869
-0.0025072
-0.0038327
-0.0040585
0.0038744
0.0014811
0.0097212
0.0037652
0.0035785
0.0008353
-0.0034029
-0.0011838
-0.005356
-0.0064087
0.0021272
0.0059964
0.0005504
0.0038929
0.0016477
-0.0085233
0.0008946
0.0053194
0.0009809
-0.0097462
0.0086586
0.0086751
-0.0069669
-0.0087607
-0.0095926
-0.0017516
-0.0093836
0.0065168
-0.0024404
-0.0018023
0.0085697
-0.0007487
-0.0056234
-0.0082616
-0.00378
-0.009121
0.0016682
-0.0043142
-0.0038615
0.0070897
0.0088007
0.0096264
0.0023522
0.0010885
0.0003095
0.0042227
-0.0094249
-0.0055786
