0.000744
0.0006337
-0.0095574
0.004672
-0.0045742
-0.0023488
-0.0044783
0.000392
-0.0007918
-0.0053622
0.008577
0.0081167
-0.0096636
-0.0002571
-0.0088443
-0.0016527
0.0084412
-0.0050431
0.0056053
-0.0015396
0.006564
0.0025214
0.0022201
0.0047059
0.0063863
0.0005045
-0.0063224
-0.0048855
-0.0094443
-0.0029367
0.0051871
0.0012508
-0.0097685
-0.0013912
-0.009164
-0.0048636
0.0011006
-0.0012074
-0.0073093
0.0080598
-0.00409
-0.009744
0.0052555
0.0034975
0.0024165
0.003723
0.0062828
0.0051107
0.007243
0.0003575
8.91e-5
0.0067059
0.004146
-0.0085596
0.0080525
-0.0008872
0.0062989
0.0089203
-0.0023258
-0.0093365
-0.0036012
0.005251
-0.0089665
0.0066216
0.0050083
-0.0008692
-0.0045167
0.0040319
0.003232
0.007813
0.0048172
0.000597
0.0014509
0.0058248
-0.008879
0.0041323
0.0068684
-0.0054992
0.0042512
0.0088287
0.0079248
0.0078071
-0.0087383
-0.0052059
-0.0093623
0.0090152
-0.0093791
0.0058555
0.0026924
0.0070405
-0.006043
-0.0067058
-0.0038888
-0.0006838
-0.0028643
-0.0024786
0.0024959
0.0002882
0.0067218
0.0097153
-0.0050503
0.0013478
0.0042076
-0.0016041
-0.0050443
0.0062232
-0.0081545
-0.0069054
-0.0076933
0.0057763
0.0069738
0.0080791
-0.0092703
0.006345
0.0016278
-0.0019175
0.0035152
-0.0023026
0.0054898
-0.0050792
0.0004704
-0.0030279
0.0036246
-0.0017736
0.001778
0.0004079
-0.0065355
-0.0036509
-0.0051797
-0.0001323
-0.0041876
0.0061819
-0.0022595
-0.0022232
0.0019011
-0.005637
0.0035147
0.0039846
0.0079208
-0.007412
0.0064133
-0.0015503
-4.8e-5
0.0034745
0.0090979
0.0090989
-0.0077206
0.0009477
0.0018611
-0.0046094
0.0076337
0.0081741
-0.0079172
0.0060358
-0.0095379
0.002563
0.0094875
-0.0027381
-0.0020112
-0.0022217
-0.0089219
-0.0022602
0.0096587
-0.0088833
-0.0080322
-0.0051719
-0.0085414
-0.0056135
-0.0073171
0.0086136
0.0034853
0.0087763
0.0057802
0.0058588
-0.0060428
-0.0055774
-0.009563
-0.0004137
0.0041719
0.0056365
-0.0065084
0.0037023
-0.0013609
0.0028338
-0.0082653
-0.0015827
0.0022003
-0.005238
-0.0042742
-0.0045024
-0.0090089
0.005929
0.0011072
0.0059936
0.0064792
-0.0004057
0.0096539
-0.0049051
0.0025204
-0.0020274
0.0029332
-0.0036028
0.0064223
-0.0072347
-0.0072387
-0.0097544
-0.0022843
-0.0038309
0.007566
0.009602
0.0096825
-0.0018742
0.0086321
0.0059173
0.0031696
0.0010346
-0.0065628
0.0002313
0.0035565
-0.00093
-0.0039386
0.0095203
-0.0085527
0.0033509
0.0015321
0.0029383
0.0050044
0.0073729
0.0064922
0.0010595
0.0095634
-0.0074716
0.0057412
-0.0011472
-0.0067108
-0.0003199
-0.0082241
0.0006966
-0.0033705
-0.0067584
0.0012013
-0.0070609
-0.005608
0.0088241
-0.0017646
-0.0038684
0.0076776
-0.0083966
-0.0089159
-0.0095437
-0.0072889
-0.0016758
-0.0071048
-0.0015084
0.0013766
0.0019852
-0.0066047
0.006161
0.0096339
0.0075625
0.0092835
-0.0043155
0.0087886
0.0015939
0.0088035
-0.005873
-0.0081523
0.0092643
-0.0052621
0.0043046
0.0097452
0.0002907
-0.009001
-0.0030854
0.0095833
0.0054824
0.0035121
0.0033966
-0.009292
0.0002617
-0.0028332
0.0058742
0.005748
-0.0074735
0.000223
-0.0017948
0.0098264
0.0061543
-0.0049362
1.79e-5
-0.0019021
0.0016064
-0.0072266
0.008335
0.0026622
-0.0043987
0.0045233
0.0004399
-0.0096249
0.0003961
-0.0095626
0.0051849
-0.0068221
0.0061507
0.0094175
-0.0082396
-0.0016201
-0.0039801
0.0049261
0.0046588
0.0022186
0.0032813
0.0054025
0.0003429
0.0010269
-0.0059899
0.0086228
0.0087171
0.0082511
0.0086132
-0.0064086
-0.0061012
0.0014544
0.0046965
0.0032588
0.0056567
-0.0019502
0.0029327
0.0096423
-0.0062855
-0.0009401
0.0005128
0.0044315
0.0087944
0.0048048
0.0019916
-0.0023432
0.000467
0.0085601
0.0024732
0.0064155
0.0076815
0.0070772
0.0074059
0.0050199
0.0043
-0.0048085
0.0057684
0.0082517
-0.0051251
-0.0022209
-0.0066379
0.0056659
0.0073955
0.0009248
-0.0029016
0.0070472
-0.0085551
-0.0036204
0.0064606
0.0088502
0.0048207
-0.0051038
-0.0075341
0.0047963
-0.0044539
-0.0038285
0.0059386
-0.0052648
0.0014443
-0.0001661
0.0058778
-0.0079829
-0.0036981
-0.0085411
-0.008273
-0.0096855
-0.0029316
0.0047471
0.0091968
0.0059256
-0.0001923
-0.0008497
0.0082396
0.0040169
0.0054075
-0.0073876
0.0087171
0.0049311
-0.0005547
0.0054859
-0.0090977
0.0080308
-0.0098765
-0.007397
0.0069204
0.0021798
0.0071504
-0.0014328
0.0058795
-0.0066917
-0.0097583
0.0014639
-0.0098006
0.0028082
-0.0084119
0.0066654
0.0019371
-0.0041977
-0.0025392
0.0056516
-0.0018692
-0.0040367
0.0018425
-0.0096041
-0.0041304
0.0092661
-0.0006561
0.0024945
0.0013977
0.0093195
0.0061213
-0.0071577
-0.0081655
0.0039811
0.0088061
0.0023227
0.0031604
0.0035213
0.0004268
-0.0099582
-0.0031955
0.0052833
-0.0021062
0.0093229
0.0069599
0.0047637
0.0092293
0.0082258
-0.0050538
-0.0044036
-0.0054795
-0.0012446
-0.008965
0.0070177
0.0053632
0.0049351
-0.0055799
0.0017924
0.0096888
0.0005649
-0.0061769
-0.0062526
0.0069826
0.0057818
-0.0066564
0.0004986
-0.0093779
-0.0055789
0.0020826
0.0064834
-0.0084499
-0.0016624
0.003837
-0.0048928
-0.001671
-0.0057502
0.0073248
0.0033268
-0.0027417
0.0008158
-0.0015946
0.0046466
0.0076609
0.007795
-0.0087245
0.0042894
-0.0011497
0.0037398
-0.0098942
0.0044068
0.0051077
0.008523
0.0078303
0.0084544
0.0056409
-0.0042849
0.0033801
-0.0039735
0.002794
0.0034234
-0.0032403
-0.0045398
0.0060998
0.007037
