-0.0057824
-0.0093939
0.0048337
-0.0018059
-0.002045
0.0049536
0.0095101
-0.0046373
0.0044336
0.0010754
-0.0093268
0.0011622
0.0043753
-0.0084335
0.0090313
-0.0025957
-0.0035593
-0.0009808
-0.0032269
0.0057211
0.0059935
0.0021894
-0.0029736
0.001415
-0.0077347
0.0029003
0.0013267
-0.007905
-0.0079866
0.0020272
-0.0077498
-0.0050164
-0.0085692
0.0099232
-0.0070191
-0.0045924
0.0055554
-0.0079967
-7.58e-5
-0.0009073
-0.003709
-0.006781
0.0074891
-0.0094502
0.0013704
0.0077036
0.0053236
-0.004704
-0.009241
0.0039748
-0.0021604
0.0080369
0.0002822
0.0045083
-0.0060161
0.0008074
6.93e-5
-0.0037222
0.0052278
0.0070097
0.005324
0.0020953
-0.0026882
-0.0020024
0.0027148
-0.0019668
0.0092872
-0.0032715
-0.0056948
0.0006575
-0.0061328
-0.0096101
-0.0058078
0.0005448
0.0088035
0.0014477
0.0094077
0.003959
0.0026962
-0.0047174
0.0055369
0.0069668
-0.0014987
-0.0090686
0.0069963
-0.007957
-0.0062064
0.0021259
0.0026507
0.0011268
-0.0077599
-0.0021763
-0.0013897
0.0080662
-0.0092665
0.0060904
-0.0095985
0.007588
0.0059492
0.0046654
-0.0037519
0.0040449
-0.0040424
-0.0026361
0.0020264
0.0039501
0.0088914
-0.0049987
-0.0052649
-0.0064085
-0.0066964
-0.0028661
-0.0010515
0.0024549
0.0051074
0.0060732
0.0072733
0.0013754
-0.0019283
0.0061234
-0.0076372
-0.0037765
-0.0054487
-0.0035961
0.0063127
-0.0022293
-0.0057059
-0.0031076
-0.0010349
-0.0017409
0.005782
0.0070141
0.0083359
-0.0094263
-0.0095497
-0.0037955
-0.009371
0.0090767
-0.0064142
-0.0029499
0.0046284
0.0014604
-0.0022568
-0.0099229
0.0091274
-0.0011198
-0.0045765
0.0054071
-0.0036681
-0.0056577
-0.0096297
-0.009503
0.0024455
-0.0085187
0.0020621
0.0099238
-0.0098111
0.0076178
0.0010067
-0.0051207
0.0002993
-0.0077128
0.0010561
-0.0034993
0.003971
-0.0063625
0.0076566
0.0076298
-0.0096703
-0.0090037
-0.0034359
0.0084832
0.0020916
0.0004509
0.0063996
-0.0012992
-0.0014236
-0.008906
-0.0057348
-0.0027803
-0.0028624
0.0086733
0.009849
0.0036324
-0.0018357
0.0083158
-0.0066745
-0.0080797
-0.0062562
0.0095225
0.0047525
-0.0047853
0.0034661
0.0030194
0.0009948
0.0025041
-0.0069461
-0.0072709
-0.001038
-0.0044323
0.0049203
-0.0053077
0.0096133
-0.0026755
-0.0091133
-0.0048755
-0.0026144
-0.0025115
0.0050892
0.0013255
0.0075631
0.0007291
0.0093772
-0.0048055
0.0028644
-0.0055439
-0.0004497
8.47e-5
-0.0086549
0.0062615
-0.0010483
0.0045003
0.0097954
-0.0004685
0.0029639
-0.0004437
-0.0010249
-0.0066755
0.0038424
0.0003071
0.0072231
0.0036073
-0.0040568
0.008145
-0.0098278
0.0009637
-0.005981
0.0029356
0.0033972
-0.0097824
0.0042127
-0.0078509
-0.0057048
-0.0080554
0.0030353
0.0065807
0.0076987
0.0079485
-0.0028841
-0.0084607
0.0033151
0.0030426
-0.0049067
-0.0029509
0.0016621
0.004977
-0.0065286
-0.0089003
0.0068258
-0.0073177
0.0069968
-0.005888
0.004954
-0.0098156
-0.001114
-0.0029307
-0.0072104
-0.0044348
-0.0081177
0.0059278
0.0049947
0.0006971
0.0087375
0.0089143
-0.0047224
0.0093417
-0.0005708
0.0088812
0.005684
0.0036843
0.003306
-0.0036533
-0.0088166
0.0011206
-0.0015369
-0.0082674
-0.0014218
0.0088107
-0.0015507
-0.0053127
0.0095628
0.0052553
0.0031337
-0.0062504
0.0099937
0.0027776
-0.0099372
0.0055893
-0.0008187
0.0074771
0.0054651
-0.0097658
-0.0083775
0.0081759
-0.0041796
-0.0051164
0.0072303
-0.0084107
-0.0051732
0.0022076
0.0090944
0.0052899
-0.0034969
-0.0091283
0.0049358
-0.0027367
0.0025584
-0.003456
-0.0009751
0.00062
-0.0083912
-0.0021373
-0.0001172
0.0083153
0.0070368
0.0069997
-0.0003687
0.0070195
0.0045955
-0.0004735
0.0068544
-0.0083858
-0.0013437
0.0073474
0.0025702
0.0032151
0.0035263
0.0030143
-0.007339
-0.0096235
-0.0048183
-0.0022407
0.0023388
-0.0007007
0.0087091
0.0092678
-0.009013
0.0092311
0.0039178
-0.0022744
0.0001342
0.0053494
0.0081218
0.0021466
0.0064296
0.0076762
-0.0055412
-0.0085998
-0.0023799
0.0048174
0.0045825
-0.0056531
0.0008709
0.0013921
0.0039167
-0.0003022
0.0066802
0.0056392
-0.0075274
-0.0002996
-0.0011637
0.0003618
-0.0099921
-0.0034906
-0.0015934
-0.0082484
-0.0015553
0.0091532
-0.002972
0.0048222
0.0037517
-0.0057606
-0.0038962
0.0037272
-0.0009682
0.0076241
-0.0038224
-0.0037388
0.0028409
-0.0070479
-0.0032144
0.0062723
0.0084026
0.0078292
-0.0095826
-0.0034765
-0.0040231
-0.0016941
-0.0034433
-0.0046526
-0.0098687
0.0076864
0.0014568
-0.0054514
-0.0033374
-0.0010365
0.0091594
0.0010758
-0.0077308
-0.0018013
0.0085746
0.0018943
-0.0083334
0.0059226
-0.003699
0.0015355
0.0062526
-0.0094154
0.0098517
6.97e-5
0.0006261
0.0035023
-0.0032022
-0.000292
0.0037637
-0.0034024
-0.0045367
0.0070474
-0.0094711
0.0018519
0.0099672
0.0053015
-0.0086928
-0.0059716
-0.0063491
-0.0013413
0.0094555
0.009943
0.0077225
0.0015758
-0.0092911
0.0051562
-0.0072984
-0.0077496
0.0090285
-0.007888
-0.0057107
0.0032485
0.0036562
0.0020595
0.0015124
-0.0072984
-0.0013038
0.0023734
0.0013576
0.0054801
-0.0020662
0.0043941
-0.0043446
0.0050912
0.00731
-0.002688
-0.0017443
0.0001225
0.0078232
-0.006658
0.0014864
0.002983
0.0083363
-0.0066771
-0.0011662
-0.0030369
0.0044164
-0.0044426
0.0070435
-0.0087335
0.0052765
-0.0062934
-0.0083111
0.008883
-9.75e-5
0.0058153
-0.0092052
-0.0056214
0.0046991
0.0031033
0.0014889
-0.0060074
-0.0046183
0.0028066
0.0008386
-0.006478
0.0001416
0.0048866
-0.0080006
