0.0024393
0.0083558
0.0036582
-0.0006818
0.0034165
-0.0018227
0.0088947
-0.0009933
-0.0008007
-0.0093866
-0.005805
-0.0061509
0.0015742
-0.0034559
-0.0068903
0.0064029
0.0014529
-0.0026894
-0.0030556
0.0045623
-0.0044819
0.0008704
0.0078706
-0.0019832
-0.0020518
-0.00654
-0.0044025
-0.0047579
-0.0051768
0.0014468
-0.0076583
0.0041812
0.0086621
-0.0041633
-0.0058587
0.0039631
-0.0066037
-0.0058148
-0.0090089
-0.0090815
-0.0001279
0.0051682
-0.001753
-0.0084909
0.0014274
-0.0041431
0.0019989
-0.004352
-5.03e-5
-0.0032153
-0.0005694
-0.0098825
0.0021523
-0.0016602
-0.0062835
-0.0073995
-0.0020835
0.009816
-0.0087994
-0.0038006
0.0003845
0.0047139
-0.0086475
-0.0075661
0.0008493
0.0069667
4.94e-5
-0.0013493
0.003683
0.006954
-0.0092402
0.0008696
0.0041488
-0.0007228
-0.0087611
0.0015523
0.0087362
-0.0058799
0.0038399
0.0066754
0.0029434
0.0014674
-0.0076232
0.0035377
0.0018766
-0.0062573
0.0056409
-0.0028478
-0.0040271
0.0049804
0.00443
0.0030166
0.0062466
-0.0005239
0.0035197
-0.0088018
0.0098864
-0.0016671
0.0016654
0.0017866
-0.0023992
0.0046465
-0.007081
0.0042133
-0.008518
-0.0020794
-0.0026675
-0.009322
0.00791
-0.0042269
0.0086823
-0.0015345
-0.0035903
0.0061063
-0.0055861
-0.0067627
0.0038636
-0.004407
-0.0019422
0.0038032
-0.0032027
-0.0013675
-0.0048534
0.0066742
0.0055933
-0.0045438
-0.0087566
-0.0023741
-0.0027537
0.0060332
-0.0044829
0.0034406
0.0065922
-0.0091974
0.0047051
0.0024282
0.0098573
0.0025655
0.0061604
-0.0011613
0.0012342
-0.0035892
0.002029
0.0008678
0.0028234
0.0042112
0.0096419
-0.0069875
-0.0082843
0.0063928
0.0050297
0.0056776
0.0095501
-0.0087535
-0.0002482
-0.0017424
0.0063088
0.0020214
0.001997
-0.004507
-0.0047954
0.009791
-0.0048606
0.0083669
0.0090295
-0.0084002
-0.0088761
-0.0048156
-0.0084726
-0.0065625
-0.0023177
0.0076967
0.0044351
-0.0084402
-0.0051765
-0.00461
0.0063247
-0.0012678
-0.0027291
-0.0052896
6.5e-5
-0.0035474
-0.003246
-0.0079505
-0.0040713
-0.0078441
0.0033831
0.0028529
0.0068508
-0.0029778
0.0079178
0.0015168
-0.0026117
0.0048759
0.0059239
0.0069521
0.0064881
0.0004422
4.14e-5
0.0084846
-0.0059809
-0.0062041
-0.0018827
-0.0090626
0.0014458
-0.0084197
0.0089969
-0.001158
-0.000727
-0.0025181
-0.0069568
0.0064645
-0.0079393
-0.0063566
0.0045642
0.0071921
-0.0043719
-0.0094905
-0.0041391
-0.0028592
-0.0022359
0.0093276
-0.0066706
0.0030503
-0.0069546
0.009155
-0.009277
0.0025474
0.0080039
-0.005655
0.0069607
-0.0010775
-0.0091654
-0.0023709
0.004742
0.00321
-0.0070908
0.0051998
-0.0005364
0.0042613
-0.0097409
-0.0039335
0.000625
-0.0053668
-0.0099646
0.0080563
0.00356
0.006442
0.00966
0.0098956
0.0090828
0.0041055
-0.0091753
1.0e-5
0.0093216
-0.0045328
0.0098525
0.0051102
0.0004318
0.005591
0.0050476
0.0026648
-0.0079684
0.0096816
0.0032529
0.0042778
-0.0093502
0.0069917
-0.0084931
-0.0003081
0.0098366
0.0027478
0.0034517
-0.0027808
-0.0067904
-0.0032596
-0.0026132
0.0004043
0.0014323
0.0054585
-0.0042817
0.0018199
0.0093834
9.6e-5
0.0049147
0.0008758
-0.0056699
0.0035492
0.0063769
-0.0014067
-0.0028861
-0.0029468
0.0091123
0.0073597
0.0037937
-0.0078964
-0.000396
0.0077673
-0.0037495
0.0095302
-0.0021407
0.0015347
-0.0019924
-0.0090314
0.0015132
-0.0084613
0.0085268
0.0030984
-0.0096575
0.005748
0.0042562
0.0070212
-0.0055104
0.0014545
0.0082108
0.003638
-0.0015043
0.0051199
0.0028547
0.0061035
0.0031021
-0.0077981
0.0079858
-0.0043406
2.0e-5
-0.0022283
-0.0073218
-0.0069086
-0.0015349
0.0093323
0.0020744
0.0085974
0.0023329
-0.0074621
-0.0048991
0.0044697
-0.002451
0.0010227
-0.0084703
0.003426
-0.0088256
0.0089266
-0.0098959
0.000959
0.0076631
-0.0091339
0.0057226
0.0051117
-0.0059069
0.0048526
-0.003465
0.0093694
-0.0099036
0.0040192
-0.0071188
-0.0014761
-0.0030448
-0.0032714
-0.0018142
-0.0099194
0.0077949
-0.0093347
-0.0012038
0.0035041
-0.0059749
0.0087571
0.002163
-0.000666
0.0012558
0.0047384
-0.0047232
0.0075756
-0.003172
-0.0080605
0.0043225
0.001512
0.0043012
-0.0047867
0.004637
-0.0006012
0.0069009
0.0086808
-0.0022794
-0.0090334
-0.0057954
0.0032978
-0.0070973
-0.0085794
0.0087713
0.0013795
-0.0012222
-0.0073008
0.0007513
0.0048965
-0.0094231
-0.0099441
0.0087308
-0.0095519
-0.0032176
-0.0076831
-0.0097633
-0.0090829
-0.0049174
-0.0001317
-0.0055026
0.0075492
-0.0004187
-0.0049912
0.0003758
-0.0093638
0.0090413
-0.0030725
6.61e-5
-0.0086838
-0.0080042
0.0038905
-0.0012142
0.006988
0.0040716
0.0057793
-0.0077043
0.0086889
-0.0041321
-0.0001806
0.0050133
0.0085515
-0.0022646
-0.0005032
-0.0033219
-0.0010937
0.005763
-0.0083084
0.0035445
0.0096805
-0.0022076
-0.0096372
0.005275
0.0081994
0.0013153
-0.0077743
-0.0074636
0.0071695
0.0033648
0.0081191
-0.0047905
0.0072036
0.0070732
-0.0076706
-0.0099968
0.0006949
-0.0052773
0.0011972
0.006099
0.005105
-0.0092456
0.0047303
0.008668
0.0023312
0.004552
-0.0055073
-0.0037315
-0.0075063
-0.0071521
-0.0044114
-0.006499
0.0019783
-0.0075031
0.0069039
-0.0017122
0.0071806
0.0008994
-0.0085893
-0.0094982
-0.0043488
0.0096422
0.0007914
0.0082283
-0.0031675
-0.0049818
-0.003573
-0.0067238
0.0036191
0.0063816
-0.004968
0.0046325
-0.0032314
-0.0094967
-0.006758
0.0083632
0.0088685
0.0075848
-0.008575
0.0099211
0.0014391
0.0063019
