-0.0021621
-0.0058552
-0.0015289
0.0038694
-0.0079514
0.0025576
0.0084751
-0.0074904
0.0033753
-0.0024046
-0.0061315
0.0047404
0.0023621
-0.008063
0.0075415
-0.0072954
-0.0008238
-0.0048435
-0.0058398
-0.001808
0.005175
0.0073879
0.0008699
0.007892
-0.0063355
0.0028386
0.0020808
0.004686
0.0057032
0.0023377
-0.008414
0.0031328
0.0073205
-0.0017688
0.00902
0.007465
-0.0094419
0.0023223
0.0021498
0.0096937
0.0051239
-0.0004787
-0.0071698
-0.0017895
-0.0061943
0.0019693
-0.00332
0.0088143
0.0006837
-0.0062619
0.0019367
-0.0012851
0.005175
0.007643
-0.0008963
0.0048633
0.0018747
-0.0096663
0.0019037
0.0011728
-0.0052505
0.0014584
-0.0053906
-0.0049529
0.005655
0.0057926
-0.0063716
-0.0090138
-0.0018566
-0.0058216
-0.0081544
0.0080219
0.0001342
-0.003955
-0.0064385
0.0085869
0.0005895
-0.0039877
0.0029486
-0.0056098
0.0035288
0.0088042
-0.0051117
0.0022062
-0.0036797
0.002525
-0.0024914
-0.0022499
0.0097377
0.0004366
-0.0086718
0.0014771
0.0038533
-0.0060342
-0.0010896
-0.0040841
0.0047592
0.0094412
-0.0076287
-0.0059204
-0.0051376
0.0093741
0.0037974
-0.0007587
0.0058106
0.0066763
-0.0005895
-0.0018438
0.0016135
-0.0023709
-0.007261
0.0064081
0.0076356
0.0083976
0.0046702
0.0095057
-0.0019711
-0.001465
-0.0097676
0.0026602
0.0057103
0.0001645
-0.0055
-0.0096413
-0.0034941
0.0096439
0.0036426
-0.001976
0.0015496
0.0057231
-0.0041259
-0.008353
0.0064875
0.0070388
-0.0052853
-0.0011705
0.0024497
0.003646
0.0079185
0.0062917
0.0085535
0.0046301
-0.0029999
-0.0089523
-0.0055365
-0.0078761
-0.0071525
-0.0092775
-0.0015606
-0.0076515
-0.0092197
0.0003273
-0.0030387
0.0003668
0.0054926
-0.0035528
0.00644
0.0059479
0.0061998
-0.009194
-0.0053877
0.0012541
0.009565
-0.0070859
-0.0071646
-0.0052379
1.1e-6
-0.0098065
0.0049287
-0.0074889
0.0098874
0.008002
0.0086275
-0.0034469
-0.002773
-0.0031124
-0.0031139
-0.0074972
0.0021223
-0.0051804
0.0053026
0.0057896
-0.0047131
0.007983
0.0047344
-0.0080769
0.0051372
-0.0052891
-0.0031665
0.0021037
-0.0062886
-0.0054623
0.001292
-0.0018631
-0.0087451
-0.0035297
-0.0026995
-0.0087115
0.007278
-0.0074214
-0.0098375
0.0011173
-0.0036826
-0.0078795
-0.0076111
-0.0024507
-0.0007283
-0.0096754
0.005219
0.0016861
0.0057791
-0.0024735
-0.0087899
-0.0010311
0.0060557
0.0048604
0.008068
-0.0006361
-0.0029245
0.0033572
0.0071896
-0.0068079
0.0028874
0.0037293
-0.0094059
0.0050941
0.0071424
-0.0084953
-0.0058765
-0.0008814
0.0051572
0.0066785
-0.0066411
0.0068933
-0.002756
-0.0003301
0.0020748
1.59e-5
0.003707
-0.0001474
0.0094928
0.0097168
-0.0096893
-0.0011187
-4.08e-5
-0.0015374
0.0063158
-0.000474
0.0025625
-0.0062158
0.0060875
0.0055231
-0.0047126
0.0084684
-0.002666
0.0037652
0.0012881
-7.42e-5
0.007629
-0.0040462
0.0067079
-0.0035938
0.0053742
0.0078747
-0.0030386
-0.0039416
0.0045613
-0.0026095
-0.0028404
-0.0003718
0.0095938
-0.0097659
0.005115
-0.0073973
-0.0072228
0.0003204
-0.0016374
-0.0037917
-0.0036829
0.00794
-0.0078454
0.0002883
0.0020014
-0.0083912
-8.0e-5
-0.0008444
-0.0036916
-0.0091659
0.0017799
0.0052721
0.0032301
0.0022181
-0.0077158
0.0095167
0.0094378
-0.0057141
-0.0028783
9.04e-5
0.0058598
0.0063165
0.0016242
-0.0090561
-0.0046557
0.0071246
0.007335
-0.0015758
-0.0083898
-0.0041296
0.0029844
0.003939
0.0016802
0.0094228
0.0039441
0.0050298
-0.007912
0.0024522
0.0029278
0.0001399
0.0073813
0.0012749
-0.0027975
-0.0078235
-0.0085155
0.0059709
0.0092713
-0.0093378
-0.0012678
0.0055999
0.0033962
0.0010827
-0.0025479
0.007198
0.0039996
0.0089059
0.0070878
0.0071812
0.0073768
-0.0066924
0.0061593
-0.0008944
-0.0014052
0.0023914
0.0083481
0.0058845
0.00142
0.0030041
-0.0029612
-0.0034196
0.0028675
-0.0077931
0.0060177
-0.0029933
-0.0067138
0.0077336
-0.0029117
0.0027895
-0.0067383
-0.0019816
0.0045899
-0.002234
-0.0009483
0.0044641
-0.0008419
0.0071571
-0.0034492
-0.0091299
-0.0023436
-0.0024487
-0.0025705
-0.0091563
0.0064177
0.0020365
-0.0089499
0.0085261
0.0063127
0.0034725
-0.0035574
-0.0091441
0.0026625
0.0034448
0.0059136
0.0042735
-0.0080642
0.0070151
0.006925
-0.0043836
0.0021128
-0.0042019
-0.0047906
0.0076055
0.0071531
0.0013487
0.00691
-0.0089047
3.1e-5
0.0012008
0.00992
0.0033918
0.0032922
-0.0094515
0.0043854
0.0030397
0.007087
-0.0079551
-0.0066981
-0.009319
0.0028707
0.0047688
0.0024574
0.0059768
0.0002503
0.0059241
0.0086034
0.0063367
0.0013278
0.0018108
0.0054768
-0.0077841
0.0038623
-0.0040001
0.0097506
0.0073403
-0.0071936
0.0096433
0.0089175
0.0044934
0.0042328
0.0072661
-0.0031988
0.0096046
0.0054359
-0.0084822
-0.0096823
-0.0050967
-0.0047659
-0.0034712
0.0079068
-0.0069975
-0.0025313
-0.0034175
-0.0005477
0.0015327
-0.0023521
0.0083176
0.0028471
-0.0029802
-0.0039153
0.0097739
0.0024127
0.0033665
-0.0050381
0.003502
-0.0058501
0.0029287
0.0007727
-0.0041671
0.0068753
0.0071133
-7.91e-5
0.0088685
-0.0076907
-0.0005193
-0.0051432
-0.0054039
-0.0072596
-0.0065406
0.0049156
0.0009851
0.0024967
-0.0030673
-0.0051603
-0.0079939
0.0077156
0.0086448
0.0015739
0.0005078
0.0060027
0.0049177
-0.0001541
0.0004471
0.0098547
-0.005669
-0.0048868
0.0077236
0.0026008
-0.0080971
-0.0060818
-0.0077906
0.0063435
0.0019387
-0.0073282
0.0089763
-0.0025042
0.0051726
-0.0039826
