-0.0076728
0.0042704
-0.0027435
-0.0018467
-0.0094897
0.0016333
-0.0056909
0.0005145
0.0099051
-0.0032584
0.0079575
0.008358
0.0078543
-0.0046401
0.0027018
-0.0031244
-0.009324
0.0047387
0.0033409
0.0084599
0.0020939
0.0013984
0.0071193
-0.0023754
0.0087641
-0.0002652
-0.0033274
0.0076793
-0.0097506
0.009241
-0.0088399
-0.0004625
0.0071491
0.0026414
-0.0092298
-0.0016409
0.0049398
0.0066184
0.0096577
-0.0011269
-0.0060559
-0.0071811
-0.0036517
-0.0053872
-0.0079354
-0.0008077
-0.0080065
0.0095973
-0.0027047
0.007805
0.0088661
0.0035823
0.0066378
0.004658
-0.0090466
0.0050705
0.0070178
-0.008925
-0.0092583
0.008266
0.0074299
0.0041723
0.0014816
0.0025023
-0.0019686
-0.0088225
-0.0084097
-0.0091977
-0.0009162
-0.0022245
-0.0006084
-0.0045841
-0.0088223
0.0077716
-0.0010843
0.0031031
0.005593
0.00428
-0.0013384
0.0003939
-0.0019841
-0.0003531
0.0002723
-0.0049324
0.0007202
0.0024128
0.0035627
-0.0033209
-0.0024672
-0.0082886
-0.0031967
0.0064907
-0.0026965
0.0099501
-0.00583
0.0072344
0.0005706
0.0031387
-0.0057833
0.0056694
0.0032655
0.0084222
-0.0025925
0.0012509
0.000506
-0.0067012
0.009942
0.0033953
0.0004004
0.0009017
-0.0052036
-0.0073928
-0.0027381
-0.0028023
-0.0080667
-0.002739
-0.0079848
0.0098764
-0.0052295
0.0058614
-0.0027227
-0.0008289
0.0050159
0.0035691
-0.007931
0.001558
0.0036154
-0.0029646
-0.0086364
0.003813
0.0030418
0.0052242
0.004212
0.004713
-0.0080146
-0.0094687
0.009003
0.0039803
-0.0071695
0.009296
-0.0067147
-0.0036227
0.0085099
-0.0086025
-0.0082144
-0.0038803
0.0081084
-0.006718
-0.0005904
-0.0038359
0.0074071
0.0079869
-0.0032903
-0.0002028
-0.0043093
-0.0047362
0.0031389
-0.0013411
-0.0061446
-0.0095326
0.002395
0.0048392
-0.0010101
-0.0012274
-0.0057532
0.0025912
-0.0037319
0.0048107
0.0031108
0.0087805
-0.0068879
0.004828
0.0071881
0.0031344
-0.0052839
0.0077053
-0.0014791
0.001872
-0.004813
-0.0050078
-0.009375
-0.0083541
0.0047372
0.0006536
-0.0033164
-0.0032134
0.0059254
0.0083039
-0.0042257
-0.0028128
0.0071358
0.0063246
-0.004801
0.0016289
0.0041352
-0.0057335
0.00969
-0.0028354
-0.002525
-8.8e-5
0.0045786
0.0049917
0.0066979
0.0007515
0.0041943
-0.0045059
0.005846
-0.0068294
-0.0013512
0.0065367
-0.0044649
-0.007836
0.0053948
-0.0004642
-0.005145
0.0038341
-0.008771
-0.0071693
-0.0092007
0.0040031
0.0035451
-0.0008108
0.0055277
-0.0093273
-0.0018396
0.0027228
-0.0079264
-0.0017849
-0.0030945
0.0039299
-0.0064792
0.0079137
0.0028634
-0.0050928
0.0066197
0.0063851
0.0019316
-0.0088133
0.0041438
-0.0094443
0.0012757
-0.0026876
-0.0016764
-0.0035446
0.0012273
-0.0007724
0.0044028
-0.000687
-0.0013846
7.73e-5
-0.0084335
-0.0082169
-0.0004491
-0.000414
-6.55e-5
-0.0062174
0.003121
0.007952
-0.0022911
-0.0005428
0.0013063
-0.0032682
0.0023644
-0.0018284
-0.0028541
0.0062718
0.0072938
-0.0094999
-0.0022168
0.0093651
-2.94e-5
-0.0009387
0.0079343
0.0069324
-0.0054657
-0.0037214
4.2e-6
0.0042398
-0.0087334
0.0010975
-0.0009939
0.0059886
-0.0093397
0.0004341
-0.0090465
-0.0085887
0.0031103
0.0005843
-0.0019474
-0.000909
-0.0064041
0.0074038
0.0098993
0.0007888
-0.0009051
0.0056832
-0.004556
-0.0004984
-0.005773
-0.0012906
-0.004906
0.0079455
-0.0035563
0.0080733
0.0096368
-0.004341
0.0020827
0.0009372
0.0087654
0.0044301
-0.0002047
-0.0053504
0.0010989
-0.0059677
-0.0074366
0.002715
-0.0041464
-0.0036759
0.0067741
0.006431
-0.0074935
0.0030843
-0.0039144
-0.0097514
0.0020758
-0.0095079
0.0030417
0.0078927
0.0019533
0.0033716
0.0037124
-0.0083751
0.0013591
-0.0059601
0.0032647
-0.0049489
0.0076995
-0.0027094
-0.0033773
0.0019714
-0.0003145
-0.0065985
-0.0076201
-0.0028161
0.0035715
0.0039262
0.0071601
-0.0066865
-0.0069238
0.0080473
0.0064609
0.0004766
-0.0093417
-0.0027821
-0.0069367
-0.0032096
-0.0005417
-0.0089218
-0.0084067
-0.0041857
0.0054583
-0.0078172
-0.0038514
0.0004817
-0.0070297
0.0084101
0.0062926
-0.0087641
0.0019346
0.0097516
-0.0088056
-0.0092262
0.0085867
-0.0059246
-0.0013521
0.0086612
0.0068123
-0.0095594
-0.0059725
-0.0095391
0.0053775
-0.0027351
-0.0063426
-0.0058938
0.0083777
-0.0042861
-0.0049843
0.0003454
0.0021867
-0.0028611
0.0034441
-0.0052302
-0.0065399
0.006822
-0.005698
0.0025236
0.0082804
0.0005928
0.0063809
0.0029937
0.0023709
0.0018888
0.0099041
0.0031407
-4.08e-5
0.0082825
-0.0031167
0.0016334
0.0033891
-0.0013809
-0.0008371
0.0072952
-0.0001732
-0.0002418
0.0098994
-0.0092203
-0.0025427
-0.0045204
-0.0033277
-0.00237
0.0055568
-0.0014431
-0.0059262
0.0063275
0.0094437
-0.0053005
0.0020237
-0.0019111
-0.0020712
0.0081241
0.0031208
0.0050856
-0.002655
0.0045689
0.0021354
0.007706
-0.0099288
0.0018784
-0.0010101
-0.0017423
0.005395
-0.0069481
0.0081009
-0.0041668
-0.0097984
0.0011783
0.0006126
0.005662
0.0045741
0.0058868
0.0086451
-0.0075964
0.0003427
0.0089213
-0.0062804
0.0028502
0.0050705
0.0091098
0.009765
-0.0063428
0.0051094
0.0030001
0.0029254
0.0089861
0.0082016
-0.0039628
-0.0069096
0.0079151
0.0080896
-0.0068895
0.0041775
-0.0034608
-0.0037776
-0.006541
0.001493
0.0082859
0.0006331
-0.003308
0.0071268
0.0064754
0.0007351
0.003824
-0.0039537
-0.0085295
-0.0039984
0.0064377
-0.0006428
-0.0072606
-0.0083538
-0.0001165
-0.007657
0.006742
-0.0053744
-0.0053234
0.0028226
