-0.0004558
0.0090858
-7.62e-5
-0.0021991
0.007985
-0.0069634
-0.001179
-0.0057536
0.0090229
0.0054741
0.0035107
-0.0011338
0.0049836
-0.0049904
0.009622
0.001133
0.000267
0.0031319
0.0049422
-0.0097029
-0.0086753
-0.0016715
-0.0060637
0.0046237
-0.0037923
0.0073802
-9.65e-5
0.0032571
0.0058105
-0.0099263
0.0030502
0.0012028
0.0017244
-0.0076332
-0.0022374
-0.0007382
0.0026914
0.0039004
-0.001735
0.0012647
0.0008922
0.0028911
0.0003774
-0.0013645
0.0093941
-0.0001786
0.0011165
-0.0028443
0.0071314
-0.0027044
0.0098651
-0.0056814
0.0043404
-0.0003486
-0.0007358
-0.0074004
-0.0081505
0.0033664
0.0012549
-0.0014541
-0.0062149
-0.0020369
0.0043995
0.0098665
-0.005519
-0.0061427
0.0059586
0.0015892
0.0013857
-0.0072324
-0.0092692
-0.0028473
0.0075389
0.0017857
0.0009947
0.0065174
0.0063504
-0.0078746
0.0022593
-0.0005711
0.000495
0.0019693
-0.0024057
-0.0073583
0.0024032
-0.0031971
-0.0005672
0.0039813
-0.0042247
0.0042598
0.0013567
0.0010481
0.0048585
0.0010677
-0.0097514
0.0078939
0.0012606
0.0053602
0.0078246
0.0013077
-0.0028409
-0.0091217
0.0007078
0.0099456
-0.0070346
-0.0044938
0.0069382
-0.004595
0.007952
0.002564
-0.0037826
0.0063969
0.0094867
0.0085135
0.0020656
-0.0090738
0.0068675
0.0032576
-0.0008233
-0.005642
0.0093368
0.0014871
0.0071365
0.0075345
0.0094994
-0.0075603
-0.0016165
-0.0011076
-0.0027813
0.0043346
-0.0020381
0.0022588
-0.0085016
-0.0059052
-0.0064447
-0.002975
-0.0030908
-0.0001002
0.0038926
-0.0044597
0.0010059
-0.0042618
0.0010105
-0.0019625
-0.0094427
0.0051706
0.0045077
-0.0090277
-0.0051667
0.0044542
0.0045182
-0.000604
-0.0027938
0.0032
0.0077426
-0.0013351
-0.007709
0.0097262
0.0024256
-0.0025532
-0.0043073
-0.0060828
-0.0083054
-8.45e-5
-0.0085103
-0.0094742
-0.0080825
0.0085412
-0.0062965
-0.0001763
0.0020587
0.0015805
0.0098266
-0.0072154
-0.0046212
0.0026932
0.0080795
-0.0087268
0.0088122
-0.0070233
0.0018509
0.0008135
0.005842
0.0032433
-0.003011
0.004607
0.0070618
0.006229
0.0071839
0.0015686
0.0018251
0.0099551
0.0012961
0.0038404
0.0045021
-0.0084587
-0.0069719
-0.0077006
-0.0017991
0.001822
-0.0024583
0.0086599
-0.0054281
-0.0014773
-0.0036891
-0.0040502
0.000574
-0.0040178
0.0051495
0.0056786
-0.0015054
-0.0029359
0.0015442
-0.0006276
0.007606
-0.0089086
0.0014552
-0.0074979
-0.0080782
-0.0072451
0.0015237
0.0037469
0.0019505
-0.0008062
0.0084037
0.0060282
0.0017053
-0.0018486
0.0071958
-0.0046264
0.0037583
-0.0084177
-0.0063695
-0.0029342
-0.0014713
0.0048208
0.0089665
0.0011864
-0.0095303
-0.0050407
0.0071142
-0.0051037
-0.00608
0.0016623
-0.0072766
-0.0017301
-0.0076494
-0.0070268
0.0095334
0.0097448
0.0051705
0.006037
-0.0072739
0.0071642
-0.0043924
-0.0045789
-0.0099747
0.0087636
0.0034143
-0.0074946
0.0066412
-0.0002975
-0.0049619
-0.0010979
-0.001812
-0.0029319
-0.0055277
-0.0025695
-0.0022691
0.0057254
0.0090615
-0.0008788
0.0019814
0.0004014
-0.0017203
-0.0078025
-0.0063153
-0.0021787
0.0079733
0.0011876
0.0081502
0.0075492
0.006847
0.0019012
0.0040355
-0.001872
-0.0068037
-0.0002631
0.0018766
0.0053328
0.0034121
-0.0047041
0.0053236
0.0013975
0.0058254
0.0055716
0.002498
-0.0002568
0.0049768
0.0059994
0.0024389
0.0061662
-0.00881
0.0024149
-0.0081823
0.0093973
0.007245
0.007381
-0.0057944
0.005862
0.0074496
-0.0043426
0.007423
-0.0060974
0.0086101
0.0052601
0.0067438
-0.0043561
-0.0032024
0.0025563
-0.0032757
0.0044729
-0.0096254
0.0072693
-0.0086297
0.0075449
-0.0008952
-0.0088649
-0.0012893
-0.0060177
0.0053203
0.0029876
-0.0013823
0.0075026
-0.0018168
-0.0071804
0.0088007
-0.0055467
0.0034174
0.0085021
-0.0076695
-0.0091669
0.0076534
-0.006392
-0.006657
-0.0017453
-0.0009068
-0.0052668
-0.0065479
0.0011655
-0.0024197
-0.0005354
-0.00765
-0.0021004
0.0004364
-0.0057801
-0.0045442
0.0023573
-0.001499
-0.0002229
0.0033467
-0.0030644
0.0071553
-0.0072317
-0.0099705
-0.0045602
-0.0043097
-0.0097916
-1.7e-5
0.001051
0.0029492
0.005546
-0.0087243
0.0067093
-0.0032234
-0.0026245
-0.0048356
0.00678
-0.001962
0.0069628
0.0088331
-0.0051936
-0.0025511
0.0082404
-0.0006963
-0.0009555
0.0078237
0.0043157
0.0094413
-0.0031763
0.0097019
0.0073302
-0.0050947
0.0041278
-0.0001182
-0.0082697
-0.0048863
-0.0044302
-0.0009027
-0.0051192
0.0039859
-0.0075361
0.0063575
0.0093303
-0.001568
0.0073609
0.0076364
-0.0096145
0.009535
-0.0071832
0.0083124
0.0061829
-0.0082066
0.0029191
-0.0075993
-0.005495
0.0037289
0.0089006
-0.0037719
0.0008818
0.0039864
0.0042001
0.009299
0.0041803
-0.001323
-0.0017551
0.0019155
0.0094135
0.0003497
-0.0018687
-0.0009535
-0.0027213
0.00168
-0.0038923
0.0081976
-0.0051352
0.0073769
0.0098678
0.0011717
-0.0098275
-0.0008024
0.0083243
0.0063159
0.0072185
-0.0078289
0.0084891
0.0085595
-0.0078494
-0.0078592
0.0080985
0.0058202
0.0057603
-0.007612
-0.0052094
0.0057108
-0.0006547
-0.0075313
0.005084
-0.0036933
-0.0023291
-0.0036101
0.001303
-0.0078721
0.0052053
0.0059552
0.0019552
-0.0078936
-0.0010868
-0.0045824
0.0098172
-0.0045617
-0.0032335
-0.0013349
-0.0007878
0.0022342
-0.0055537
0.0060428
-0.0061046
-0.0067017
0.0081055
0.0068391
-0.0093972
-0.0031366
-0.0096828
0.0013406
0.0062407
-0.0054765
-0.0080644
-0.0036809
0.0011111
0.0057644
-0.0099482
-0.0057373
-0.0035617
0.0090565
