0.0045567
-0.0065889
-0.0080706
0.0072815
0.0001769
-0.0085219
-0.0046645
0.0019504
-0.0006953
-0.0066597
0.0071621
0.0013642
0.004942
0.0095386
0.002017
0.0058774
0.0087455
-0.0090592
-0.0041482
0.0081403
0.0083409
-0.0016702
-0.0076008
-0.0049208
0.0088946
-0.0069648
0.0040011
-0.0095355
-0.0042582
0.0069936
-0.0052833
-0.0034065
0.0025431
0.0014264
-0.0074933
0.0021088
-0.0016176
0.0069497
0.0008804
-0.0046649
0.0093894
0.0040011
-0.0040423
-0.0076692
-0.0036051
-0.0020044
-0.0061424
0.0002415
8.16e-5
0.0066882
-0.0067656
0.0007293
0.0009499
-0.0013698
-0.0016976
-0.0023793
-0.0096837
0.0095259
0.0006601
-0.0046934
-0.0041407
0.0078
-0.0025499
-0.0096841
-0.0028135
-0.0097784
0.0009557
-0.0039653
0.0071896
0.0026805
-0.0047922
0.0043118
-0.0010135
0.0013543
0.0050216
-0.0039465
0.0077006
0.0067024
-0.0017298
-0.0047833
0.0037671
-4.47e-5
-0.0080925
0.0084105
0.0010812
0.007936
0.0076976
-0.008699
-0.0008099
0.0048126
0.0040291
0.0075886
0.0007351
-0.0025532
0.00109
-2.38e-5
0.0088779
-0.0021393
0.0043832
-0.0069436
0.006653
0.0054993
-0.0075191
0.0046605
0.0047169
-0.0018633
0.0098009
0.0008662
-0.0013561
-0.0069492
-0.0068015
-0.0099396
-0.0056967
0.000416
0.0087282
-0.0019741
0.0006026
-0.003454
-0.0082857
0.0082841
-0.0096908
0.0097896
0.0064105
-0.0042854
0.0081711
0.0038352
0.0083057
0.0034425
0.006606
0.0075347
0.0042668
-0.0010709
-0.0002537
0.0022509
0.000426
-0.0021702
0.0010941
-0.0036894
0.0041203
0.0079842
-0.00866
0.0031978
-0.0058136
0.0001771
0.003999
0.0052806
-0.0018161
-0.0031193
-0.0012852
0.0019392
-0.0075843
-0.0008144
-0.0007162
-0.0059076
0.0089298
0.0044059
0.0021967
-0.0083853
-0.0050192
-5.42e-5
-0.0036543
0.0039682
0.0082707
0.003923
-0.000749
0.0089044
-0.0044267
0.0095938
-0.0037737
-0.0016495
0.007603
-0.0041576
0.0030857
0.009117
0.0003425
-0.0062747
0.008806
-0.0035793
0.0088316
-0.0098773
0.0029326
-0.0086823
0.0024068
0.0082738
0.0033436
0.0052699
0.0035942
-0.0096433
-0.0012607
0.0064946
-0.0053347
0.0041895
-0.0025922
0.0023459
-0.0069457
0.0096515
-0.004079
-4.8e-5
0.0002944
0.0081784
-0.0017161
0.0079289
-0.0085764
0.0096484
-0.009501
0.0003414
0.0060086
0.0097314
-0.0096284
-0.0034506
0.0028335
-0.007733
-0.0055577
0.0028994
0.0003579
0.0096412
0.0021809
-0.0007209
-0.0075372
0.0052668
0.0006253
0.0070244
-0.0071606
0.0025098
0.0048915
0.0095314
-0.0008974
-0.0058217
-0.0023974
0.0099031
-0.0077661
0.0029681
-0.0098487
0.0004194
9.91e-5
-0.0031227
-0.0005058
-0.0094705
-0.0054952
0.009487
0.0035793
0.0092064
-0.0067917
-0.0043639
-0.0086438
0.0045959
-0.0042759
-0.0018695
0.0019135
-0.0071241
-0.007297
-0.0002721
-0.0040395
-0.0092926
-0.0056489
-0.0071482
-0.0002397
0.0050326
0.0085065
0.0083899
0.0058877
-0.0086427
-0.0003534
0.0001701
0.0050443
-0.0064631
-0.0087222
-0.0077874
0.0064581
-0.0030341
-0.0048195
0.0043057
-0.0020399
-0.0060449
0.0023189
2.8e-6
-0.005923
-0.001043
0.0071079
-0.0095903
4.1e-5
-0.0050758
0.0070536
-0.0029599
0.001286
0.0057552
0.0037633
0.0039643
-0.0033196
0.0057454
0.0042758
-0.0002061
0.0041489
-0.0041278
-0.0003789
-0.0026686
-0.0068812
0.001311
0.0068722
0.0071439
-0.0058077
-0.0015608
0.0026783
0.0048255
0.0034851
-0.0005639
-0.0082599
0.0083445
-0.0086795
0.0072922
0.0028455
-0.0015685
0.0059946
-0.0078173
-0.0066715
0.0036516
-5.4e-5
0.0032106
-0.0092842
-0.0073845
-0.0051402
-0.0038798
-0.008426
-0.0050318
0.0003112
-0.004352
0.0052513
-0.0004285
-0.0045067
-0.0079631
-0.0098843
0.0012105
0.0078746
-0.0007088
-0.0035114
0.0085219
0.0071033
0.0028677
-0.0059415
-0.004095
-0.0037893
-0.002241
0.0016476
0.0091194
0.0032314
-0.0087293
0.0029152
0.0053391
0.006971
-0.0049947
0.007833
0.0001544
0.0046097
-0.00188
0.0046592
0.0085179
0.005926
0.0048946
0.0095681
0.0024373
-0.0041225
-0.0003821
0.0093423
0.000305
0.0068341
0.0001322
-0.0055412
-0.0086451
0.0007124
-0.0036978
-0.0038077
0.00121
0.009038
-0.0009239
-0.0010349
0.0090451
0.000682
-0.0069326
-0.0084597
-0.0086407
0.0078881
-0.0075605
0.0089132
-0.0061186
-0.0035841
0.003607
0.0099811
-0.0074517
0.0051935
-0.004251
0.0063555
-0.0086678
-0.0088088
0.0067736
-0.0021295
-0.0030188
0.0089774
-0.004776
-0.0030948
0.0091938
-0.0080746
0.006094
-0.0027407
-0.0016207
-0.0010319
0.0053656
0.0041733
-0.0025201
-0.0016844
-0.0033918
0.0054796
0.0034319
0.0012286
0.0074951
0.0069264
0.0055377
-0.00839
0.0091183
-0.0072087
0.0083923
0.0019476
0.0027869
0.0071639
0.0063452
-0.004205
0.0004614
0.0029039
-0.0061124
-0.0058316
0.0058109
-0.0046102
0.007251
0.0093493
-0.0037082
0.0098964
-0.0045516
0.0039141
0.0046755
0.0042964
-0.0006665
-0.0060609
-0.0059272
0.0004549
-0.006068
-0.0030557
0.0081086
0.0038795
0.0053761
-0.0081145
0.0019979
-0.0054593
-0.0095116
0.0019827
0.0028884
0.0058391
-0.0090967
-0.0072793
0.0050053
0.0040155
0.0052878
-0.0059567
0.0052988
0.0076052
0.0065624
0.0076324
-0.0054201
-0.009283
0.0003225
-0.009394
0.0013997
0.0011464
0.0076952
-0.0021141
0.0076286
0.0093148
-0.0082247
-0.0036758
0.0036607
-0.0053108
-0.0064294
-0.0022701
0.0009089
-0.0085394
-0.0092791
0.0026619
0.0001868
0.007894
0.0010456
0.0052832
0.0023991
0.0094478
0.005866
-0.0034447
0.00705
0.0035588
