-0.0001352
0.0081204
0.0074224
0.0054904
0.0074106
0.0040365
0.0071281
-0.0060067
0.0068312
0.0059735
-0.0043533
-0.0072917
0.0085934
0.0001644
0.0039887
0.0064657
-0.0093712
0.0030228
-0.0011078
-0.005743
0.0087314
-0.0044273
0.0067601
-0.0015079
0.0054263
-0.0009945
-0.0018025
0.003694
0.0041724
0.0079068
-0.0074615
0.002232
0.0076783
-0.0021226
-0.0092829
-0.0003077
-0.0033348
-0.0055713
-0.009772
0.0063335
0.0086704
0.0085088
-0.0026631
-0.0082771
-0.0045571
0.0087445
-0.0059589
-0.0086255
-0.009954
-0.0097292
-0.0016765
0.0062464
0.00915
0.0012748
-0.0016547
-0.008398
-0.0029312
0.0028266
0.0070148
0.0044073
0.008868
0.0047978
-0.0012667
-0.0072881
-0.0052776
0.0013434
0.0004744
0.0060057
0.0078644
0.0023543
0.0092433
0.0098024
0.0056685
-0.0075452
-0.0063574
-0.0021386
0.0043091
0.0042374
0.0070657
0.0064108
0.0098293
0.0015366
0.0077989
-0.0073547
0.0025619
-0.0013831
-0.002591
-0.0035473
0.004473
0.0042153
0.0044802
-0.0082772
0.0060913
-0.007283
0.0028428
0.0039407
0.007128
0.0057763
0.0087251
0.0083194
0.0077743
0.0030308
-0.0005811
-0.0069371
-0.0063093
-0.005241
0.0066611
-0.0013681
0.0084527
0.0086731
-0.0081874
0.0073781
0.00775
0.0069716
0.0029976
-0.0094907
0.0093904
0.0097323
5.68e-5
-0.003512
-0.0097114
-0.0085057
-0.0090369
0.0016845
-0.0091378
0.004693
0.0053551
0.0052616
0.009194
-0.0039969
-0.0043689
0.0076889
0.003838
0.0095986
-0.0061799
-0.0042858
0.004603
-0.0071569
0.0022084
0.0040516
0.0068109
0.0095448
0.0061381
0.0035913
0.006256
-0.0004735
0.0039764
0.00986
0.0073214
-0.0092476
-0.0012162
0.0098834
0.0030657
-0.0002001
-0.0087549
-0.0039058
-0.0085076
-0.0012484
0.0070554
-0.0062834
-0.0092206
-0.0064692
0.0027588
0.0092799
0.0073152
0.009621
0.0030524
-0.0040785
0.003994
-0.009242
0.0045377
-0.0045632
0.0059095
0.0071325
0.0048896
-0.0068935
0.0086557
-0.0015825
0.004756
0.0065598
-0.0089872
-0.001848
-0.0030919
-0.0066715
0.0025039
0.002885
0.0033546
0.0010818
-0.0090274
0.0088669
0.0097049
0.0095868
0.0019524
0.0074676
0.0023577
-0.0027218
0.0089401
-5.09e-5
0.0047039
0.0041338
0.0062734
0.003901
0.0006428
-0.0071197
-0.0044101
0.0026379
-0.0017148
-0.0086275
0.0045576
-0.0015169
-0.0072209
0.0078789
0.0085857
0.0087319
-0.0070669
-0.0007015
-0.0073326
-0.0035406
-0.0063436
-0.0051099
-0.003916
-0.0010875
-0.003534
0.0056254
0.0048534
0.0053634
-0.0016479
0.0030078
0.002031
-8.53e-5
0.0071528
-0.0099254
0.0040971
0.0003168
0.0022309
-0.008211
-0.0026859
-0.0042803
0.0024312
-0.0099062
-0.0087876
-0.0040888
-0.0044334
-0.0082429
-0.0069302
0.0020569
-0.0068093
0.0049487
-0.0047619
-0.0033449
-0.0050468
-0.0098908
0.0084459
-0.0002773
0.0041218
0.0004586
0.0052274
-0.0027076
0.005076
-0.0068799
-0.0085266
0.0055726
0.0067041
0.0079229
-0.0079592
0.003869
0.0007953
-0.0021433
-0.0049062
-0.0084649
-0.006639
0.0018263
-0.0057728
-0.005002
0.0033995
-0.0002935
-0.0058972
-0.0024882
-0.0013923
0.0010359
0.0076734
0.0097511
0.0051287
0.0015186
-0.0081125
-0.0086624
0.0097331
0.0089645
-0.0016515
0.0016694
-0.009639
0.0068082
-0.0002167
0.0058951
-0.002691
0.0050863
0.0065318
-0.0023997
-0.0086212
-0.0081653
0.0096343
-0.0048615
0.0079431
0.0093019
0.0049472
0.005082
-0.0062326
-0.0031783
0.0076783
-0.0083894
-0.0056627
-0.0016074
-0.0032484
0.0033975
0.0090416
-0.0076394
-0.009099
-0.0084422
0.0095896
0.0074447
-0.005732
-0.0078059
-0.0041958
-0.0009727
-0.0054395
0.0088373
-0.0024234
-0.0090433
0.0015402
0.0078206
-0.0030479
0.0052205
0.0091144
0.0031129
0.0017566
-0.0045902
0.0091046
-0.0070279
-0.0052673
-0.0078899
0.006986
0.0082091
0.0091177
-0.0065858
-0.0057402
-0.0092536
-0.0091162
-0.0043881
-0.0053477
0.0042149
-0.0063222
0.0061507
-0.0066502
-0.000677
0.0095083
0.0033438
0.0058415
0.0024815
0.0057082
0.0056727
0.0091988
-0.0051436
-0.0077225
0.0066068
-0.004611
0.0018997
0.0028277
0.0025264
0.0074947
-0.002858
-0.0070139
-0.0024221
-0.0048518
0.0010031
0.007537
0.0071557
-0.0012248
0.0072801
-0.0023204
0.0079991
0.0071516
0.0059049
0.0029946
-0.0067817
-0.0025919
0.0036848
0.0065341
-0.0092023
0.0070258
0.0052173
0.0073524
0.0090752
-0.0003246
0.0043061
0.005804
0.0077229
0.006149
0.0019069
0.0051507
0.0012171
-0.0057642
-0.0093434
-0.0070079
-0.0071958
-0.0085594
-0.0074022
-0.0038299
0.0066344
-0.004778
-0.0089339
-0.0032596
0.0011642
-0.0040744
0.0078137
-0.0011841
0.0014935
0.0039454
-0.0016462
0.0043903
0.0080251
-0.0072609
-0.0072187
0.006566
0.0057783
-0.0067023
-0.0044238
0.0039869
0.0012014
-0.0098717
-0.0004364
-0.0065895
-0.0051129
-0.0050641
-0.0076049
-0.0040056
0.0037413
-0.0079797
-0.0037128
-0.0025634
0.0083271
0.0009378
-0.0061564
0.0098823
-0.004012
0.0071111
-0.0046576
-0.0051118
0.0068993
0.0088852
0.0084622
-0.0071822
0.0093684
0.0002408
-0.0048877
-0.0054597
0.0012991
-0.005892
-0.0009697
-0.0049572
0.0003997
-0.0057389
-0.0013792
0.0048761
-0.002753
-0.0015631
-0.0056987
0.0097711
-0.0011816
0.0020599
0.0049156
-0.0079012
0.0038641
-0.0076039
0.0019326
0.0034461
-0.0045366
-0.0077048
0.0086367
0.0051428
0.0004164
0.0065557
-0.0093746
-0.0060741
-0.0035847
0.0075016
-0.0013196
-0.004799
-0.0043423
0.0059974
-0.0028341
-0.0088386
-0.0036293
-0.0081397
0.0029086
-0.0072251
