-0.0019465
-0.0059985
0.0049645
0.00048
-0.0075938
0.0006464
-0.0021536
-0.0059236
-0.0034235
0.0025634
-0.0070978
-0.0077966
0.00144
0.0037705
0.0055952
0.0007021
-0.006671
0.0074469
-0.0012251
-0.0054411
0.0080811
-0.0023721
0.0018474
-0.0011409
-0.0092681
-0.0096453
-0.0006148
0.0099846
0.0013613
-0.0003369
0.0007925
0.0027308
0.0031885
-0.0085111
-0.0074538
0.0096038
-0.002822
-0.0073827
-0.0064188
-0.0050199
0.004761
-0.0057304
-0.0052875
0.0021735
0.0052725
-0.000709
0.0070305
0.0066382
-0.0066159
-0.0097142
-0.0049629
-0.0001664
-0.0031786
-0.0021391
-0.0038092
0.0062472
0.0033084
-0.0033223
-0.0068511
-0.0040275
0.0046038
-0.0050431
-0.0063218
-0.0021925
-0.0096763
-0.0065308
-0.0088777
0.0063158
0.0015449
0.0094502
0.008226
-0.0059929
-0.0014846
-0.0072501
-0.0039386
0.0086792
-0.0055839
0.0069005
0.0077282
-0.0084565
0.0012515
-0.0004496
0.002717
0.0081336
-0.0068274
0.0067053
-0.0045984
0.0095041
-0.0081908
0.0081652
-0.0087221
0.0030018
-0.0097748
-0.0093153
-0.0026405
-0.0025372
0.0033132
-0.0097816
-0.0060815
0.0024603
0.0013469
-0.0039677
-0.0088941
6.6e-6
0.0028787
0.0019454
0.007614
-0.0031268
-0.0053718
0.0079463
-0.000373
-0.0020055
0.0080253
0.0013649
-0.0017936
-0.0066654
0.0063429
-0.0086299
-0.00095
-0.0089567
-0.0038019
-0.0018689
0.0005369
0.0032306
0.0038895
0.0018879
-0.0087825
0.0030964
0.0088611
-0.0005081
-0.0090566
0.0045708
0.0032488
0.0074361
0.007702
-0.0085787
0.0035304
-0.0039627
-0.0096085
-0.0018892
0.0039323
-0.0030802
0.0093675
-0.0004898
-0.0016082
-0.0094799
0.000501
0.000855
-0.004017
-0.0032921
-0.0013383
-0.0052513
-0.0023839
0.0093024
0.009666
0.0045265
-0.0071394
0.0048687
-0.0018807
0.0027968
-0.0080909
-0.0083152
-0.0065859
0.0041501
-0.0001769
0.0024856
0.0058085
0.0028015
-0.0056702
0.0048685
0.0029169
0.0014181
-0.008678
-0.0078536
-0.0020335
0.0078508
0.0072296
0.0089788
0.001531
-0.0073277
-0.0088355
-0.0069938
0.0095692
0.0091294
0.0074219
0.0020349
0.002743
0.0082565
-0.0061733
-0.0009315
-0.0052327
0.003807
-0.0019634
0.0048498
-0.0056132
0.0066908
-0.0083869
-0.0029322
-0.0004326
-0.0093845
0.0072841
0.0088075
-0.0063398
0.000302
-0.0042069
0.0063329
-0.0082862
0.005417
0.002117
0.0052865
-0.0055743
-0.0060303
0.0034767
-0.0095629
-0.005624
-0.0020157
-0.007859
-0.0054929
-0.0081226
-0.0001067
0.0035134
-0.0049195
0.0091468
0.0053045
-0.0005083
0.0051244
0.0042974
-0.0051073
-0.0076973
0.0014493
-0.007434
0.0078659
0.0091656
0.0064829
-0.0014593
-0.0007405
-0.0046547
0.0095854
0.0045241
-0.0071738
0.000965
0.0068019
0.0083418
0.0049919
-0.0037831
0.0053465
-0.005011
-0.0068826
0.0081692
-0.0057361
0.0020797
0.0004098
0.0096832
-0.0088693
0.007369
-0.0022701
0.0071619
-0.0075537
0.0050139
0.0041518
0.0020483
0.0019708
0.0071916
0.0009266
-0.0081617
0.0070303
-0.0083384
-0.0016053
0.0095406
0.0085006
0.0074499
0.000551
-0.0025872
0.000283
0.0034069
0.0040342
-0.0030369
-0.0085802
-0.0096093
-0.005996
-0.0043899
-0.0042132
0.0007637
-0.0002269
-0.0023842
-0.0046576
-0.003562
-0.0034831
-0.0038773
-0.0003436
-0.0005686
-0.0046939
-0.0066552
-0.0087519
-0.0020087
0.0017986
-0.0051076
-0.0059818
-0.0059112
-0.0010683
-0.0059329
-3.48e-5
0.0099881
0.0055621
-0.0033714
-0.0094242
-0.0092191
0.0074758
-0.0072194
0.0076985
-0.0056615
0.0057812
-0.0007675
0.0006531
0.0017616
-0.0036991
-0.0042723
0.0085689
0.0059882
0.0045437
0.0080213
0.0013998
0.0081875
0.0006878
-0.0049061
-0.0052377
-0.009425
0.0075774
-0.0067562
-0.000126
0.0031493
0.0012206
-0.0089926
-0.0030733
0.0061817
-0.0076431
0.00349
-0.0090617
-0.0010959
-0.0030284
-0.0024344
0.0030564
-0.0019248
-0.0094649
-0.004177
-0.0069698
-0.0066935
0.0091765
-0.0030308
-0.0067809
-0.001463
0.008356
0.0020591
-0.0085514
0.0087613
-0.0012254
-0.0023719
0.0039165
-0.0051175
-0.0039543
-0.001978
0.0028276
-0.0011272
-0.0033719
0.0068853
0.0044599
0.0067676
-0.0042412
-0.0001736
-0.000372
0.0071724
-0.0023114
-0.001182
-0.0038233
-0.0040423
0.0056962
0.0098636
-0.0063952
-0.0047087
0.0057175
0.0015863
-0.0060886
0.0088693
-0.0077793
-0.0072302
-0.005569
0.0035208
-0.0058282
0.0089797
-0.0097212
-0.0086946
-0.0075619
-0.009405
4.8e-5
-0.0031361
-0.0062306
-0.0047485
0.0061769
-0.0074613
-0.0036287
7.55e-5
-0.0069608
-0.004326
-0.0050171
0.0051007
-0.00836
0.0066968
0.0085354
-0.008977
-0.0062542
0.0053983
0.0075554
-0.0060334
-0.0013635
-0.0077923
-0.0045137
-0.0064066
0.0093789
0.006675
-0.0017382
0.0030203
0.0035882
0.0078155
-0.0028311
-0.008474
-0.0004828
-0.0031109
0.0055925
-0.0060828
-0.005231
0.0054988
-0.00668
-0.0052705
-0.0057686
0.007269
0.0045879
0.0022857
0.0047814
-0.0075815
-0.0016655
-0.0029711
0.0035816
0.0026818
0.0096444
-0.0013138
0.0087177
-0.0086203
0.0031306
-0.0058308
-0.0065673
0.0002986
-2.7e-6
0.00399
-0.0074434
-0.0049932
-0.0044636
-0.0084803
-0.0090285
0.0017918
0.0089804
-0.0031802
-0.0072344
-0.0053557
-0.0058502
-0.0024416
-0.0085641
0.0042253
-0.0075052
0.0055042
0.0021741
-0.0022438
-0.0036426
0.0063444
-0.0019829
-0.0055883
0.0017184
0.0097914
-0.0084565
-0.0061994
0.0066659
-0.005964
-0.0097865
0.0020333
0.0062759
-0.0008117
-0.0030302
-0.0062718
0.0062524
0.0001416
0.0077491
-0.002211
-0.0089003
-0.0097358
-0.0091502
0.0089841
