0.0089782
-0.0069376
-0.0044975
0.0087193
0.0070345
-0.0011288
0.0077284
-0.0079068
-0.0046613
-0.0065245
-0.006951
0.0082275
-0.0006198
0.0096642
0.0011436
-0.0007436
0.0023883
0.0043906
0.0066932
-0.0008998
-0.0064493
-0.0064999
-0.0062113
-0.0047095
0.0087752
0.0067329
0.0006635
0.0076043
-0.0059772
0.0008633
-0.0090189
0.0056929
0.0025037
-0.0041991
-0.0041071
-0.008577
-0.0098742
-0.008739
0.0093465
-0.0034665
-0.0034279
-0.0026799
0.0093188
0.0019287
0.00919
-0.0079638
0.0081271
0.004909
-0.0040857
0.0086482
0.007229
-0.0008927
0.0026029
0.0041097
0.0094892
-0.0062167
0.0049323
0.0021133
0.0034648
-0.0004085
0.004059
0.0080581
0.0071604
-0.0034496
-0.0062747
0.000651
0.0073773
-0.0030705
-0.0054056
-0.0043215
-0.0039932
-0.0060678
-0.0005212
0.0042235
-0.0096623
-0.0060939
0.0014993
0.0006421
0.0043184
0.006921
0.0001587
-0.0066602
0.004201
0.0099155
-0.006029
-0.0044763
0.0064991
0.0036828
-0.0036596
-0.0099932
-0.0009918
-0.0035909
0.0012802
-0.0028039
-0.0058116
-0.0014366
-0.0088931
0.0063638
0.0022875
0.0067208
0.0050151
0.0092668
-0.0067748
0.0061185
0.0093041
0.0034495
0.0003032
-0.0088219
0.0014496
-0.0002914
0.0047258
-4.63e-5
0.007323
0.0075455
-0.0027974
-0.0004833
0.0024653
-0.0067522
-0.0011861
-0.0052732
0.0003335
-0.0092772
0.0012213
-0.0083691
-0.0007969
-0.009253
-0.0049415
-0.0093805
-0.008376
0.0048069
-0.0099753
-0.0019743
0.0066968
0.0011465
-0.0089901
0.0080161
0.0055731
0.0037013
0.0051264
-0.0054844
-0.0066056
0.005975
-0.0073937
-0.0012903
0.0027704
0.0084584
0.0001312
0.0038785
-0.0093032
0.004605
-0.0079227
-0.0052135
-0.006924
-0.0041283
-0.0070044
0.0069782
-0.0059022
0.0014807
-0.0075726
0.0055072
0.0097805
-0.009292
-0.0023714
-0.0037295
-0.0032272
-0.0065453
-0.0036221
-0.0012951
0.0049578
0.0081382
0.0057931
-0.0069328
-0.000506
0.0055954
0.0082572
0.0041791
0.0091043
0.007048
0.0055514
0.0048195
0.0075465
-0.0054804
0.0046111
-0.0056371
0.0083908
-0.0079307
0.006018
0.0058372
0.000224
0.0052898
-0.0027634
-0.0092503
-0.0006635
-0.0084471
0.0080619
0.0082819
-0.0027845
-0.0097736
-0.0004696
0.0070833
-0.0019233
0.0045627
0.0021177
-0.0079111
-0.0054371
-0.009213
0.0067248
0.0015372
-0.0053054
-0.0001613
0.0077126
-0.0095199
-0.0044846
-0.0076399
0.0089137
0.0012225
0.0022484
-0.0098789
0.008602
0.0071374
0.0084264
-0.009791
0.0093131
0.0093178
0.0020423
0.0023603
0.0023217
-0.0057189
0.0002272
0.0091225
-0.0078616
0.0008194
0.0056418
-0.0099016
-0.0090691
-0.0038322
-0.0065292
0.0013958
0.0058964
-0.0095827
-0.0041221
-0.0055281
-0.0015791
0.0094863
0.0082004
-0.0067512
-0.0091062
0.0058179
-0.0017604
0.0094992
-0.0047578
-0.009573
0.0018453
0.0068427
0.0098293
0.0095592
-0.0005287
0.0083881
0.0070054
0.0032916
0.0023307
0.0009746
0.0094011
0.0015029
-0.006348
0.0015941
-0.0079368
0.0052531
-0.0087912
-0.0048848
-0.005268
0.0044449
0.0043389
-0.0054839
-0.00291
-0.0030125
-0.0050197
-0.0020166
-0.0092182
0.0020377
0.007227
-0.0009742
-0.0053977
-0.005494
0.0039201
-0.0046892
-0.0004259
-0.0098041
-0.0098515
0.0074879
-0.0081633
0.0060233
-0.0015856
-0.0072666
0.0015039
0.0065323
-0.0053088
0.0031727
-0.0057487
0.0043532
-0.0017305
0.0053051
-0.0080957
0.0059072
0.0067514
0.0062511
0.0011744
0.0010567
-0.0038098
0.0059968
0.0026547
-0.0001414
0.0092419
-0.0031344
0.0003705
-0.0041808
-0.0024268
-0.0072688
-0.0082749
-0.0064279
-0.0037823
0.0071817
0.0002522
-0.0053992
0.0062738
-0.0059684
-0.0082692
0.0038523
0.0080824
-0.0082614
0.0045548
0.0002742
-0.0023259
-0.0096267
-0.0095419
5.74e-5
-0.0095512
0.0006646
0.0023815
-0.0008734
0.0047312
0.0007206
0.0049628
-0.0045078
0.004534
-0.0011193
0.0030788
0.0094686
0.0041811
0.0015742
-0.0098284
0.0086115
0.0089995
0.0084288
0.0060416
-0.0085478
-0.0049019
0.006861
0.0076224
-0.0064636
-0.0073727
0.0005474
-0.00415
0.0072747
-0.0052536
-0.0091079
0.0085128
-0.0047135
-0.0052988
-0.0080522
-0.0001228
0.0057879
-0.000717
-0.0032438
-0.007835
-0.0036997
-0.0023249
-0.0055141
0.0039308
0.0052871
-0.0024456
-0.0064807
0.0038034
-0.000688
-0.0094675
-0.0052999
-0.0002488
-0.0002565
0.0038374
-0.000571
0.0094095
0.0025537
-0.0039873
0.0075434
-0.0027799
0.0062488
0.0027647
0.002361
0.0021518
-0.0049791
0.0081791
0.0074871
0.0067569
0.0070198
0.0073105
0.0067515
0.0061788
0.0093568
0.0036185
0.0048483
-0.0073757
-3.35e-5
-0.0005917
0.0075271
0.0073761
-0.0037733
0.0049277
0.0015471
0.008108
0.0019551
-0.0014202
-0.0079024
-0.0022689
0.0039534
0.0028173
-0.0041784
0.0083536
-0.0041713
0.0065761
0.0042782
-0.0086804
-0.0036404
0.0023499
-0.0080593
-0.0035809
-0.0056449
0.0025502
-0.0026545
0.004539
-0.0026599
-0.0087743
-0.004656
0.0052568
-0.0025565
-0.0019674
0.0067873
0.0056564
-0.0080292
-0.0082868
0.0014189
-0.0005844
0.0097827
-0.0038022
0.0048781
-0.007565
-0.0046181
0.0037611
0.0090485
-0.0092837
-0.00519
0.0004061
-0.0083979
0.002311
-0.0007178
0.0020702
0.0055496
-0.0088411
0.0091959
-0.0097444
0.0014619
-0.0046314
-0.0056813
-0.0039507
0.0058661
0.0076106
-0.0054995
-0.0084867
-0.0027321
0.0040661
0.002099
-4.58e-5
-0.0092416
-0.0062412
-0.0001352
-0.0069686
-0.0054679
-0.0074753
-0.0098067
0.0052439
-0.0025197
-0.0080064
-0.00667
-0.0089514
-0.0009662
-0.0040598
