-0.0086825
0.0026397
-0.005186
-0.0097303
-0.009566
0.0097017
-0.009514
-0.0043967
-0.0058958
-0.0082566
0.000207
-0.0065361
-0.0065465
0.0019797
0.0012014
-0.0094298
0.0068265
-0.0070839
0.0060244
-0.009264
-0.0030195
0.0006674
-0.0086745
0.000537
-0.0059592
-0.0002275
0.0053428
0.0094234
0.0087006
0.0052345
-0.0042293
0.0096956
-0.0066155
0.0014335
0.0073837
-0.0039875
0.0067955
0.0089284
-0.0054269
0.0059414
-0.006431
-0.0017089
-0.0058805
0.0077898
-0.0045816
-0.0052087
-0.0076571
2.68e-5
0.0091491
0.0004401
0.0007757
0.0021315
0.0058465
0.0089739
0.0019998
-0.0094487
0.0090236
0.0070715
0.001798
0.0095465
-0.0076999
-0.003962
0.0099687
-0.0099153
-0.0077286
-0.0059186
0.007044
0.0053629
-0.0081452
-0.004307
-0.0053137
-3.36e-5
0.0066769
-0.0080739
-0.0070491
0.0002242
-0.0005177
0.009962
0.0035217
0.0009467
-0.0029859
0.0033839
0.0069838
-0.007971
-0.0014092
-0.0020541
0.0013461
0.0084219
-0.0066386
0.0001216
-0.0085107
0.0004102
-0.0005848
0.0032581
-0.001664
0.0007566
-0.0070198
-0.0067347
0.0054003
-0.0034455
-0.0069442
0.0088795
0.0065825
0.0042289
-0.0072693
0.0058957
-0.0006875
0.0027029
0.0036411
0.0033386
-0.0095433
0.0092611
0.0088436
-0.0064563
-0.0078143
0.0015185
0.0058914
0.0093976
0.0019217
0.0051605
0.0098827
-0.0067862
-0.0007738
0.0010758
-0.0047048
-0.0024811
0.0097663
-0.0033849
-0.0052808
-0.0062314
0.0070712
-0.0061705
0.0026292
-0.0030674
0.0090818
0.0084032
-0.0072399
-0.0098826
-0.0074231
-0.0010199
0.0029219
0.0019638
-0.0094349
0.0073219
-0.002316
-0.0028096
0.0014668
-0.0030751
-0.0015977
-0.0091568
-0.0031383
-0.0085726
-0.0097352
0.0004199
-0.0043016
2.1e-5
0.0069458
-0.0041889
0.0088945
0.0086451
0.0092743
0.0032078
0.0066153
0.0058085
-0.0061927
-0.0051729
0.007609
-0.009871
0.003998
-0.0071215
0.0074961
0.0025131
0.0099832
-0.0072052
-0.004883
0.0089766
0.0062987
0.0016723
-0.005125
-0.0054503
0.0086886
-0.0041987
0.0006805
-0.0098004
-0.0080804
-0.0008881
-0.0084736
-0.0009619
0.0005914
-0.009819
-0.0032934
0.0050188
0.0015098
-0.0096129
0.0016745
0.0016245
0.0059178
-0.0089032
-0.0076105
-0.0008922
-0.0007507
-0.0021113
0.0059923
1.36e-5
0.0080686
0.0012555
-0.006721
-0.0046657
-0.0054051
0.0099477
-0.0097058
0.0049289
-0.0075775
0.0064635
0.0022099
0.0020216
-0.0036967
-0.0099078
-0.0073064
-0.0026558
0.0073559
-0.0003378
0.0039973
-0.0097333
-0.0025251
-0.0042602
-0.0088086
-0.0095867
0.0085455
-0.0054324
-0.0073734
-0.0083041
0.0020383
-0.0012573
-0.0091325
-0.0065454
-0.0039835
-0.0062158
-0.004452
0.0033077
-0.0035638
0.0064965
-0.0099661
0.0033352
-0.0023369
-0.0099833
0.0047151
0.0060915
0.0082081
0.0005836
0.0058002
-0.0050466
0.004722
0.0095628
-0.0015076
-0.0062665
-0.0061765
-0.0062783
0.0019141
-0.0023987
-0.001064
0.0056475
-0.0062159
0.0006634
0.0017612
0.0038298
-0.0053929
0.0060384
0.0010909
-0.006006
0.003883
-0.0002375
0.002397
0.0073892
-0.009134
-0.0053597
-0.0066492
0.0030898
0.0017755
-0.0087249
-0.0065602
0.0014906
0.0048678
-0.0051342
-0.0093138
-0.0092491
0.0050915
0.0068822
-0.0031262
0.0054651
0.0033343
-0.0002407
-0.0043441
0.0084203
0.0050925
0.0011983
-0.0001193
0.0071438
-0.0068139
0.0083745
0.0008059
0.0005925
-0.0052392
0.0083517
0.0035863
0.0068545
0.0042185
0.0074371
0.0014987
0.0084919
-0.0067262
0.0097637
0.0057954
-0.0091464
0.0060292
-0.0086745
0.0070479
0.0070903
0.0018722
0.0049507
0.0032195
0.0090077
-0.0051606
-0.0032962
-0.0063823
-0.0086986
-0.0001254
0.0029974
-0.0011835
0.007115
-5.8e-6
-0.0024003
-0.0019309
-0.0009017
-0.0096325
0.0021464
-0.004288
-0.0017227
-0.00274
0.0002118
0.0077019
0.0085724
0.0093792
0.0023021
0.0049245
0.0090789
-0.0075058
-0.0061284
-0.0047132
0.0044712
0.0013687
0.0011677
-0.0092122
-0.0091071
-0.0072359
-0.00123
-0.0069984
-0.0002387
-0.0067048
0.0018601
-0.0099112
-0.0024442
-0.0064749
0.0021201
-0.0048793
0.0040269
-0.0058476
-0.0040623
0.0091804
0.0043902
0.0050492
-0.0006974
0.00684
0.0046623
0.0063017
-0.0052476
0.006416
-0.008573
-0.0008202
0.0029529
-0.0086013
-0.0060245
0.0060746
0.0053348
0.0089989
0.0096354
-0.0031086
-0.0013663
0.0056469
-0.0085271
-0.0084043
0.0055795
-0.0030889
-0.0032553
-0.0048313
0.006343
0.006565
-0.0022576
-0.0060469
-0.0085612
-0.0050188
-0.0087907
0.0059914
0.0077261
0.0074779
-0.0045266
-0.0079329
0.0051841
-0.0083075
0.0062238
0.009661
-0.0079151
-0.0055353
-0.0085852
-0.0071624
-0.0082375
-0.0014594
0.0068135
0.0095321
0.0072444
-0.0007631
-0.0039971
-0.0023943
-0.0017529
0.0073994
-0.0056334
-0.0058343
-0.001641
-0.0078596
-0.0096109
0.0011252
-0.0011532
-0.0042844
-0.004373
-0.0070592
0.0067001
0.0056656
0.0052145
-0.0078343
-0.0094901
-0.0009822
-0.0044977
-0.0011004
-0.0066861
-0.0068832
0.0089453
0.005857
0.0089375
0.0079068
0.0059615
-0.0004836
0.0042225
-0.0095533
0.0041274
-0.0090477
0.0085957
0.0045907
0.0050807
-0.0061466
0.0040942
0.0029155
0.0061293
-0.0042195
-0.0084865
-0.0092117
-0.0007
-0.0096616
-0.0086779
-0.0067975
-0.0025729
-0.0077238
-0.0048761
-0.0018366
0.00144
0.0097368
0.0086189
-0.0074953
-0.0011566
0.0033158
-0.0047362
-0.0009101
-0.0055244
-0.0022937
-0.0062225
-0.002328
-0.0078604
5.67e-5
-0.0097497
0.0073453
0.0024219
0.009813
0.0096718
0.0024805
0.0096436
-0.0032485
