0.0007332
-0.0060732
0.0081155
0.0007474
-0.0035549
0.0006554
0.0098536
-0.0093294
0.009175
0.00064
0.0080207
-0.0068083
-0.0066712
0.0045575
8.5e-5
-0.0091971
0.0084499
-0.0025068
-0.0050183
0.0016633
0.003844
0.0051458
0.0087509
0.0033505
0.0089908
-0.0049778
-0.0067203
-0.0042252
-0.0003555
0.0065658
-0.0051479
0.0035607
0.0024018
0.0034626
-0.0013848
-0.0075621
0.0054619
-0.008129
-0.0044074
-0.0057443
0.0094578
-0.009971
0.0009761
0.00806
0.009569
-0.0053741
0.0018518
0.0008149
0.0020655
0.0002074
-0.0073558
-0.0062829
0.0087686
0.0099856
-0.0063482
0.0049178
0.0016905
-0.0076058
-0.0044718
-0.0038369
0.0067059
-0.0016479
0.004419
-0.001005
0.0088256
0.0021392
-0.0025159
-0.0011316
-0.0047767
-0.0054122
-0.0071955
-0.0045454
-0.0034099
-0.0035851
-0.0021298
0.0086428
0.008727
0.0063247
0.0090739
-0.0037512
-0.0082316
0.0029236
-0.0090307
-0.0087481
-0.0036655
-0.0085254
-0.0003564
-0.0021433
-0.0050831
-0.006787
0.0003932
0.0069957
-0.0016199
-0.0057976
0.0059213
-0.0086791
0.0096364
0.0002246
-0.0008757
0.0096601
0.0081905
-0.0007583
-0.0067314
-0.0096621
-0.0037977
0.0058289
-0.0077598
-0.0017549
-5.16e-5
-0.0078046
0.0057305
-0.0078654
-0.0030889
0.0096772
-0.0055347
0.0039595
-0.0059489
-0.0080246
0.0094548
-0.0014472
-0.0085988
-0.0072914
0.0010098
0.005156
-0.0085179
-0.0055968
-0.0007018
0.0034989
0.0091604
0.0053359
-0.002364
-0.0049962
-0.0045862
-0.0092422
-0.001015
0.009358
0.0093945
0.0039493
-0.0031746
-0.0061216
-0.0018104
-0.0066505
0.00286
-0.0010908
-0.0072511
-0.0067048
0.0031883
-0.0006619
0.0025318
0.0094474
0.0037274
-0.0066391
-0.0079999
-0.0056666
0.00477
0.0057857
-0.0043105
0.0089988
0.0012512
0.0016437
-0.009363
0.005254
-0.0027155
-0.0005181
-0.0065865
0.0086445
-0.0088337
0.0057785
-0.0008309
-0.0093021
-0.006712
-0.0018131
0.0097597
0.008496
0.0070097
-0.0044936
-0.003938
-0.0006683
-0.0039436
0.0002828
0.003626
0.0032552
-0.0065856
-0.0046137
-0.0013159
0.0008034
0.0040666
0.0047979
0.0092368
-0.0098302
0.0061235
-0.0035229
-0.0055921
-0.002214
-0.0037764
0.0070335
-0.0091833
0.0018899
0.0055263
-0.0055975
0.0086495
0.0055728
0.0050838
0.0046578
0.0041988
-0.0026026
-0.0013675
-0.0066952
0.0041143
-0.006621
-0.0090112
-0.0041624
-0.0038848
-0.0029107
-0.0089357
-0.0095471
-4.36e-5
0.0078366
-0.0066689
0.0039899
0.0036382
-0.0051367
0.008665
-0.0052578
0.00258
-0.0008123
0.00561
-0.0041285
-0.0005665
-9.2e-6
-0.0075102
-0.0084227
-0.0078885
0.0085092
-0.0098555
-0.0007162
-0.007377
-0.0073773
-0.0030426
0.0079417
-0.0052892
-0.0080734
0.0061283
0.0022112
0.0059924
0.0005621
-0.0011054
-0.0058911
-0.0039579
-0.0084152
-0.0092283
-0.0042651
-0.0057101
0.0059497
0.0068063
-0.0096
-0.0089344
0.0040548
-0.004553
-0.0045871
-0.0095498
-0.0037773
-0.0097887
-0.003734
-0.0078566
-0.005068
-0.0009652
-0.00957
0.0099156
-0.0095982
-0.0079165
0.0010935
-0.0039713
0.0015101
-0.0025746
-0.0074
0.008723
0.0068355
0.0045982
0.0090038
0.0059911
0.0090277
0.0015685
-0.0098995
-0.0054659
0.0005841
0.0096585
-0.0060695
-0.0011356
-0.0055644
0.0011949
-0.0035056
-0.0007359
0.005052
-0.0056192
0.0072346
9.5e-5
0.0099882
0.0070631
-0.0010532
0.0064315
-0.0086622
0.0074731
-0.0099316
0.0078965
0.0009357
0.0051274
0.0053643
0.0064149
0.0059022
-0.0028409
0.0097403
0.0012256
-0.0008512
0.0018685
0.0095368
0.0056393
0.0002428
0.0089181
-0.0056358
-0.0054648
0.0050822
-0.0099137
0.0015626
0.001792
-0.0088625
-0.0017432
-0.0053827
0.0078829
0.0067058
0.0082063
-0.0045243
0.0025013
0.0004686
0.0036225
0.0044064
0.0077396
0.0003318
-0.0063022
0.0090653
0.0085666
-0.0027071
-0.0007237
0.0007149
0.0061103
-0.0086421
-0.0059949
-0.0020103
0.0060351
-0.0014013
0.0076365
-0.006934
-0.0088088
-0.0040032
0.0048061
0.0081318
0.0079157
-0.0046263
-0.0050899
0.0027234
0.0023777
0.0094381
0.005396
0.0032628
0.0094911
-0.0063436
-0.0035528
0.0089291
0.0045451
0.0097198
-0.0047279
0.0035271
0.0098471
-0.009709
0.0023644
-0.0070908
0.0040133
-0.0049981
0.0014505
0.005693
-0.005149
0.0082459
-0.004379
0.0001787
-0.0027809
0.0030748
-0.001038
0.0046667
0.002593
-0.0075286
-0.008293
0.0038335
0.0057505
0.0064143
0.0034062
-0.0088296
0.0093938
0.004713
-0.0079453
-0.0099983
-3.8e-6
-0.0064049
-0.00827
-0.0005431
-0.0097871
-0.0024285
0.0052862
-0.0086943
0.0081543
0.0012069
0.0038026
-0.0031163
0.0077327
-0.0046513
-0.0057297
-0.0019596
0.0051009
-0.0047326
0.0095613
0.0022397
-0.0059741
-0.0033174
0.0030121
0.0013687
0.0058446
0.0068565
0.0073422
-0.0063425
-0.0073841
0.0077216
-0.002377
-0.0048718
0.0087144
0.0087383
-0.0069046
-0.0059382
0.0021777
-0.0071474
0.0036403
-0.0010951
-0.0075057
-0.0036739
0.0090471
0.0034038
-0.0060084
-0.0092246
-0.0095995
-0.0006175
0.0018401
0.0067006
-0.0014763
0.0073932
0.0032103
0.0083798
0.0060526
-0.0073818
0.0057071
-0.0044622
0.0075281
-0.0025086
-0.0088612
0.0073545
0.0098739
0.0094774
-0.0091878
0.0064202
-0.0051013
-0.0065468
0.0092495
0.0098315
-0.0007362
0.0094375
0.0006013
0.0088682
0.0055243
-0.0067199
-0.0066906
-0.000983
-0.0069309
0.0057322
0.0089541
0.0052651
-0.0006355
-0.0078979
0.0026996
-0.0036363
0.0030051
-0.0046424
0.0052431
0.0035264
0.004663
-0.0078341
0.0045923
-0.0003453
0.0089369
