0.0065039
0.001423
0.0063476
0.0076917
0.0058868
-0.0029452
-0.009566
-0.0073373
0.0087197
-0.0095918
0.0060727
-0.0090243
-0.0025471
0.0084953
0.0009972
-0.0019
-0.0075426
0.0065384
0.0062287
-0.008905
-0.0098512
0.0018491
-0.0014942
0.0077673
-0.0067224
-0.0045501
0.0024717
0.0033851
-0.0002656
-0.0009385
0.0033508
-0.0030692
0.0060164
-0.009018
-0.0032327
0.001583
-0.0096784
-0.0099418
0.0005512
-0.0050985
0.0014786
0.0086553
0.0057775
0.007132
0.0022821
-0.0062496
-0.0002577
-0.00847
0.0079396
0.0002229
-0.0038426
-0.008991
-0.0058454
-0.0007925
0.0080456
0.0095459
-0.0001147
0.0049601
0.0085603
-0.0035862
-0.0039533
0.0069157
-0.0089133
0.0052733
0.0071702
0.0022355
0.0038104
0.0025226
-0.0084144
-0.0066325
-0.004006
0.0072091
0.0012596
-0.0053102
0.0013374
0.0001068
-0.0026727
0.0017196
0.0004098
-0.0005614
0.0028875
0.0045775
-0.0095903
0.0084132
-0.0043146
-0.0078064
0.0084846
-0.0089745
-0.0021838
-0.0059841
0.0002648
0.0054521
0.0070531
0.0048522
0.0042901
0.0011661
0.0032682
-0.0050138
0.0072633
-0.0050552
-0.0016614
0.0073587
0.0072399
-0.0093517
0.0037942
0.0091942
-0.0009988
-0.0066752
-0.0036035
-0.004001
-0.0059755
-0.0094403
0.0047752
-0.0056395
-0.0008977
-0.0069428
-0.0055653
0.0076948
0.0048614
-0.0036266
0.0066629
-0.0092673
0.0076824
0.007983
-0.0043054
0.0088381
-0.0020583
0.0025911
-0.0093235
-0.0096517
0.0032615
0.0096151
0.001063
-0.0003539
0.0005805
-0.0070004
0.0030069
-0.0097608
-0.0063148
0.0069502
0.0046201
0.0013726
0.0019366
0.007965
0.0044621
0.0033035
-0.0005446
-0.0088286
0.0050141
0.0018275
0.0069532
0.0069136
0.0014623
0.0059642
0.0084787
-0.0076808
0.0093021
-0.0094172
0.0069003
0.002584
-0.0098891
0.0093646
-0.0020122
0.005056
-0.0078889
0.0006056
0.0061006
0.0056761
-0.0009774
-0.006723
-0.0025717
4.5e-5
0.0036732
0.000472
0.002231
-0.0092571
-0.0006651
-0.0017958
0.0003765
-0.0037457
-0.0083444
-0.0044824
0.004957
-0.0073716
0.0064538
-0.0060772
-0.0096043
-0.001383
-0.0075776
-0.0062325
-0.0068423
-0.0052264
0.0075046
-0.0010394
0.0015321
0.008743
-0.0044938
-0.001426
0.0045986
0.0003646
-0.0008066
-0.0072
0.0096827
-0.003289
-0.0072679
0.0005717
-0.0091722
0.0093839
-0.0019339
-0.0099909
-0.0058459
-0.0086872
0.0095645
-0.0081448
0.0012073
0.0005342
0.0001658
0.0046064
-0.0021245
-0.0055839
-0.0060257
0.003055
0.0005541
-0.0065374
0.0057452
-0.0086924
-0.0093548
-0.0066024
-0.0032739
-0.0042422
0.0092328
7.54e-5
0.0006365
-0.0037554
0.0080597
0.0038617
-0.0002991
-0.0027758
-0.0029819
-0.0094176
-0.0082389
-0.0006759
0.007564
-0.0034815
-0.0053791
-0.0002243
-0.0026262
-0.0026384
0.0047838
0.0074081
-0.0082328
0.0098107
-0.0035566
0.0094679
-0.0042172
0.0029397
-0.0084096
0.0032002
0.0028977
0.0012338
-0.0057391
0.0093969
-0.0097248
-0.0047547
-0.0053242
0.0044529
-0.0040785
-0.0036588
0.0084619
0.0029474
-0.0028208
0.006597
0.0073489
-0.0032178
0.0078233
-0.0021344
0.0088891
-0.0040167
-0.0015742
-0.0053399
0.0070599
-0.0077349
0.0093246
-0.003486
0.0023189
-0.0017119
-0.0081933
0.0039055
0.0019466
-0.0092937
-0.0067459
0.0032807
0.0046747
0.0095586
0.0076015
-0.0061855
0.0080132
-0.0004905
-0.0037062
-0.0063052
-0.0051622
-0.0042379
-0.008086
0.0096469
-0.0084414
-0.0026783
0.0036336
-0.0070145
0.0019312
-0.0077578
0.0099219
-0.0051313
0.0066349
0.0089923
0.0071504
-0.0027545
0.0005375
-0.0081214
-0.0008323
0.0087427
-0.0083084
0.0043555
0.0081974
-0.0041975
-0.0040022
0.0082077
-0.0045639
0.0065285
-0.0034822
-0.0093793
0.0080946
-0.0065681
-0.0080827
-0.0031971
0.0064371
0.0069537
0.0093142
0.0096543
-0.0073739
-0.0069539
0.0005435
-0.0078897
0.0089684
-0.0006707
0.0037271
0.0055708
-0.0093161
-0.0012204
-0.0072147
-0.004645
-0.007707
-0.0052097
-0.0031061
-0.0047582
0.0090303
-0.0072247
0.0018869
-0.0084673
-0.0080457
-0.008496
0.0036676
-0.008824
-0.0081629
0.0079175
0.0092378
-0.0082422
0.0086001
-0.0006005
-0.0099587
0.0013097
-0.0012356
-0.0086213
0.0018372
0.0086927
0.0007334
-0.000598
0.0090037
0.0005937
-0.0043507
0.0077825
0.0072218
0.0023132
-0.0061258
0.0014258
-0.0073586
7.4e-6
0.0073
-0.0047977
0.0047562
0.0050507
-0.0052849
0.0003635
-0.0077554
-0.0067487
0.0099719
0.0076085
-0.0009728
0.0090766
-0.0064869
-0.0094495
-0.0023967
0.0009043
0.0002535
0.0003698
-0.0055919
-0.0084654
-0.0084068
-0.0012205
9.64e-5
0.0053037
0.0027088
0.0098313
0.0030512
-0.0092667
-0.002031
-0.0063261
-0.0078883
-0.0018541
-0.0049484
0.0030612
0.0089481
-0.0067505
-0.0025423
0.0039466
0.0033002
-0.0037245
0.0074623
-0.0071202
-0.0090352
-0.0064115
0.002241
0.0079446
-0.008051
-0.0017531
0.0001723
-0.0067527
-0.0077902
-0.0038637
0.0068179
-0.0099543
-0.0005867
0.0098798
-0.0094903
-0.0014964
-0.0047571
-0.0099035
-0.0079857
0.0068233
0.0088498
-0.0025117
0.0095461
-0.0034281
0.0058922
0.0029596
-0.0046248
0.0086509
0.008753
-0.0065078
0.0049166
-0.0099097
0.0084053
0.0069579
0.0023651
-0.0053403
0.0079092
-0.0092905
0.0077316
-0.0062235
0.003919
-0.0047505
-0.0006481
-0.0088804
-5.16e-5
-0.0071261
-0.0020783
-0.0054655
0.0034525
0.0052641
0.0045119
0.0018182
-0.0059953
0.0024509
-0.007409
0.0091589
-0.0050592
-0.0080445
-0.0093616
-0.0096307
-0.0083503
-0.0005242
-0.0001496
-0.0048293
0.0023882
-0.0098422
-0.0072163
