0.0089338
0.0001964
0.0051449
0.0037667
-0.0018361
-0.003632
0.0071286
0.0072951
0.0068535
0.0019523
0.00701
-0.0040183
-0.0055161
0.0096655
0.0086835
0.0020219
0.0044212
-0.0026591
-0.0017909
0.009312
-0.0015244
0.0084013
-0.0075436
0.0051392
-0.0048841
-0.0009939
-0.0011322
-0.0013755
-0.0091733
0.0097397
-0.0085526
0.008477
0.0030252
0.0085267
-0.0037405
-0.0009091
-0.0038553
0.0004841
-0.0031956
-0.0017115
-0.0052314
-0.0025755
0.0038986
0.0051987
0.0053727
0.0018987
0.0071175
-0.0035479
-0.0066549
-0.0008163
0.0094047
0.0066585
-0.0038172
-0.0005196
-0.005579
-0.0007143
0.0054068
-0.0064981
-0.0034917
-0.0099032
0.0004611
-0.0051606
-0.0075726
-0.0072225
-0.0033345
-0.0016952
-0.0030442
-0.0051596
-0.0065271
0.0009195
-0.0057701
0.0099027
0.0017758
0.0051377
-0.0077884
0.0011316
-0.0076301
-0.000974
-0.0067939
-0.0024824
-1.97e-5
0.0008611
0.0019274
-0.0027472
-0.0017352
-0.0004782
0.0032668
-0.009836
0.0095838
-0.0086095
-9.11e-5
-0.0015542
-0.0014455
-0.0028782
-0.0053756
0.0012925
-0.0008918
0.0032269
-0.0034291
-0.0051956
-0.0063174
-0.0042846
-0.0068514
0.0029412
0.0084014
-0.0037873
0.0084354
0.0075304
-0.0081525
-0.005641
0.0065859
-0.0050329
0.0033918
0.0075969
0.0072564
-0.0092384
-0.0082008
-0.0036387
0.0096884
0.000773
0.0095256
-0.0026552
-0.000825
-0.0046661
0.0018088
0.003718
-0.0023017
0.0015224
-0.001703
0.0007443
0.0015996
-0.0029429
-0.0034568
0.0046944
0.0061259
0.0089372
-0.001684
0.00948
0.0083202
-0.0081314
-0.0092879
1.18e-5
0.0055033
-0.0093699
-0.0067815
0.0053903
0.0022393
0.0021673
-0.0057379
0.0010227
-0.0086029
-0.0054377
0.0078224
-0.0087699
-0.0078896
0.0069661
0.0093309
-0.0027439
0.0046653
0.0010903
-0.0027207
0.0011226
0.0092352
0.0049689
-0.0044485
0.0044104
-0.0013389
0.0068818
-0.0051139
-0.0078322
0.0009214
-0.0003682
0.0021201
0.0057342
-0.0012984
0.0044693
-0.0011951
0.0036548
0.0058437
-0.0053843
-0.0077486
-0.0061779
0.0040018
0.0060435
0.0033316
0.0038755
-0.0069309
-0.004139
0.0003513
-0.0097731
-0.0002733
0.0049192
0.000422
0.0028489
0.0034606
-0.0062224
-0.008765
0.0060338
-0.0072594
-0.0020305
-0.0094278
0.0012362
-0.0037077
-0.0084025
-0.0058467
-0.0031733
0.0051264
-0.0014572
0.0006821
0.0053519
-0.0084403
0.0073934
-0.0017766
0.0061965
-0.0028386
-0.0046906
0.0092847
-0.0090857
-0.0043372
-0.0033426
-0.0011468
0.0095187
-0.0015654
0.0008115
-0.0065777
-0.000257
-0.0092641
-0.0035917
-0.0088217
0.0005701
-0.0098831
-0.0017614
0.0026533
-0.005223
-0.0054926
0.0028616
-0.0043819
0.0079532
0.0076585
0.0016842
-0.0070704
-0.0009426
-0.0009074
0.0007235
-0.0095515
-0.008353
-0.0006577
0.0038469
-0.0021005
0.0093472
-0.008826
0.0010335
-0.0035084
0.0035964
0.0084178
0.0086956
0.0042232
-0.0097597
-0.0002089
-0.0014526
0.0029626
0.0098878
0.0081536
-0.001701
-0.0053355
0.005114
5.59e-5
-0.0094016
0.0052582
-0.0094174
-0.0069965
0.0002044
-0.0055918
-0.001512
-0.0028707
-0.0064858
0.0064249
-0.0082333
0.0093916
0.0004739
-0.0033709
-0.0014432
0.0092607
-0.0044376
0.0025882
0.0054647
0.001979
0.0092204
-0.0012539
-0.004046
-0.0087694
0.0054634
0.0033341
-0.0062486
0.0059126
0.0034297
-0.0030657
0.0030865
-0.0008604
0.0077898
0.0084761
-0.0031772
-0.0044631
-6.61e-5
-0.0044027
0.0074482
0.0011033
-0.0058242
0.00061
-0.0051272
-0.007509
0.0045755
-0.002751
-0.0037913
0.0070143
-0.0012122
0.0052829
0.0049773
0.0042023
8.84e-5
0.0062313
0.0033848
-0.0088299
-0.0095635
-0.0060967
0.0086835
-0.0072945
0.0082814
-0.0078885
-0.0002547
-0.0046995
-0.0023666
0.0001386
-0.0057378
0.0064958
0.0046836
0.0088871
-0.0094317
-0.0074141
-0.0072626
0.0039242
-0.0091853
0.0061315
0.0071653
-0.0056121
-0.0062031
-0.0065008
-0.0062072
-0.0028808
0.0097501
-0.0047867
-0.0089312
-0.008809
0.0098846
-0.001837
-0.0035338
0.0049469
0.0048347
0.0037949
0.0071584
0.0081542
-0.0035298
0.0049641
-0.0062261
0.0005752
-0.0032083
0.0064367
0.0055112
0.0076632
0.0079311
-0.0051062
-0.00631
0.0057995
0.0013497
-0.0077374
-0.0057171
0.0010228
-0.0045905
0.0097728
0.0064404
-0.0024977
0.0025223
0.0051114
0.0046188
-0.0071567
-0.0075421
-0.0017137
-0.0092089
-0.0085475
0.0007426
-0.0011594
-0.0030625
-0.0023734
-0.004308
-0.0081052
-0.0055852
-3.73e-5
-0.0001326
0.0038913
0.0099173
0.0067259
-0.0030942
-0.0094733
-0.0035138
-0.0080152
-0.008843
0.0007172
0.0035128
-0.0085731
0.0004112
0.0046213
0.0062189
-0.0066966
0.0043494
0.008383
-0.0068202
0.0096285
-0.0081479
0.0029657
-0.001132
0.0039268
0.0029567
-0.0006306
0.0005211
0.0002587
0.0091116
0.0010911
0.0017501
0.0053322
-0.0045749
0.0079371
0.0092298
-0.0089782
0.0096267
0.0032881
0.0034417
-0.0070462
0.0088273
-0.0099894
0.0013539
-0.0054633
-0.000915
0.0052122
-0.0076302
-0.0082904
0.0027889
0.007137
0.0016845
0.007348
0.0055861
-0.002628
-0.0073936
0.0035868
0.0060791
-0.0064715
0.0030908
-0.0070123
0.0024701
0.0050693
0.0034577
-0.0054361
-0.0078333
-0.0058802
-0.0052118
0.0055492
-0.006499
0.0014395
9.81e-5
-0.0051954
-0.0047682
-0.0013553
0.0054741
0.0028083
0.0009946
-0.0082651
0.0099714
-0.0091685
0.0048325
-0.0028228
0.0076986
0.0076394
0.0048659
-0.0063594
-0.0004608
0.0059165
-0.0071269
0.0072688
-0.0015317
0.0010521
-0.0045568
0.0066942
-0.0005176
0.0056838
0.0055912
-0.0086116
