0.0093239
0.0099514
-0.0014996
-0.0078862
0.0060119
-0.006458
0.0021104
0.0080592
0.0089613
0.0004013
-0.0049966
-0.0068533
0.0007949
-0.003161
-0.0080918
0.0034304
-0.0026765
0.0078279
0.0068181
0.0016558
0.0082617
0.0018523
0.0014671
-0.0021479
-0.005177
0.0058803
0.0021998
0.0033781
-2.9e-6
-0.0074286
-0.0082807
0.0049554
-0.0018998
0.0017499
-0.0049949
0.0004152
-0.0048323
-0.0033212
-0.0032127
0.0070046
-0.0040101
0.0030824
-0.0028765
0.0095479
0.006913
-0.0025011
0.006957
-0.0086498
-0.0030844
-3.82e-5
-0.0091907
0.0055196
0.0012946
0.0041005
0.0041748
-0.0010826
0.003447
-0.0091821
-0.0031804
-0.005636
0.004026
8.96e-5
-0.0044323
0.009125
0.0025056
-0.0016283
0.0072154
0.0058439
-0.0078861
-0.0073767
0.0025434
-0.0006639
0.0002029
0.0092112
-0.0024759
0.0061417
-0.0050313
0.0094377
-0.0042172
-0.008164
-0.0062073
0.008776
0.0038786
-0.0010499
0.0041598
-0.0060818
-0.0054048
0.0015822
0.0007331
0.0088367
-0.0076183
-0.0092342
-0.0049617
-0.0092191
-0.0060507
-0.0038694
-0.0086464
-0.0090163
0.0051685
-0.0096686
-0.0091993
0.0008523
0.0091747
-0.0061891
-0.0001872
-0.0068285
-0.0053596
0.0094715
0.0096621
-0.0042524
0.0033051
-0.0002165
-0.0059933
-0.001733
0.0090103
0.0013699
-0.0067303
-0.0037571
0.0086674
0.0048163
-0.0038577
0.0057941
-0.0010316
0.0039327
0.0083344
-0.0035471
0.0070271
0.0010426
-0.0032676
-0.0058077
0.0039488
-0.0066151
-0.0057715
-5.25e-5
-0.0046904
-0.0006934
-0.00939
-9.97e-5
0.0002121
0.0068344
-0.0016721
-0.0095418
0.0095985
0.0027643
-0.0059373
-0.0046736
-0.0080449
-0.0002733
0.0078284
0.0065642
-0.0089041
0.009089
-0.0006922
0.0072283
0.006678
0.006729
0.0065498
-0.008349
-0.0099839
-0.0083444
-0.0069259
0.0095234
0.0064006
0.0011144
0.0041376
-0.004662
0.0075502
0.0067246
-0.0027175
0.0028792
0.0027392
-0.0022761
-0.0064847
-0.0071212
-0.0034007
0.0064055
0.0093822
0.0043238
0.0093195
-0.0056988
0.0072951
0.0066719
-0.0032857
-0.0088782
0.0020625
0.0095914
0.0042931
0.0098394
0.0082608
0.0008381
-0.0004821
-0.0074504
0.0098769
-0.0065576
0.0028952
-0.0039609
-0.0039119
0.009786
0.0003723
0.0036435
-0.0058945
-0.0024861
0.0069176
0.0017651
-0.0080646
0.0069168
-0.0025091
-0.0033995
0.0044749
0.0037382
-0.0097158
0.0095673
-0.0030011
-0.0099271
-0.0044589
0.0058345
0.0041934
0.0039604
-0.0086855
0.007249
0.0027389
0.0019553
-0.0056612
-0.0006087
0.0025254
0.008377
0.0079065
-0.0022895
-0.0051854
-0.0019551
0.0063957
-0.0005204
-0.0032929
-0.0008156
-5.3e-6
-0.0088857
-0.0095399
0.0086702
0.00142
-0.0095772
-0.0088131
0.0059512
0.0007352
-0.0018603
0.00941
0.0015689
0.0097236
-0.0011871
0.0053043
-0.0041165
0.0083514
0.0055512
0.0055743
-0.0021143
-0.0079116
-0.0001775
-0.0021489
0.008734
0.0071285
0.0017573
-0.0029258
-0.0065656
-0.0019752
-0.0094012
-0.0049637
0.0055743
-0.0036226
-0.0051893
0.009611
-0.003459
-0.0015763
0.0038323
-0.008868
0.0064008
-0.0015209
0.006972
-0.0093099
-0.0064054
0.0013065
-0.0052758
0.0083063
-0.0053618
-0.008181
-0.0077399
0.0072457
-0.0056804
0.0020399
0.0085899
-0.0055313
0.0091536
0.0028485
0.0090016
0.0083571
-0.0029839
-0.0094303
0.0056887
0.0082657
-0.0048119
0.0090213
0.0048393
-0.0009751
0.0002883
-0.0007494
0.0083541
0.0009359
0.0093366
-0.0044338
-0.0054102
-0.0008213
0.0086238
0.0026476
0.0091075
0.0053955
0.0039638
-0.007642
0.0036211
0.0010549
0.0046388
0.0051449
0.004158
0.0003549
-0.0005542
0.0056636
0.0007622
-0.0092949
-0.0071958
-0.0095265
-0.0046043
-0.0090314
0.009811
-0.0046656
-0.0092793
0.0098474
-0.0018933
0.003333
0.0076585
0.0097723
0.0073562
-0.0049463
-0.0049431
0.0081865
-0.0019514
0.0045667
0.0094867
-0.0047243
0.0079316
-0.0011992
0.0006044
0.0049184
-0.0048457
-0.0023409
0.0003898
0.0055977
0.0094166
-0.0061257
-0.0082507
-0.0041832
-0.0096372
-0.0019089
0.0060342
-0.0027685
0.0066175
-0.0020826
0.0024123
-0.0015151
-0.0020261
-0.0034419
-0.0097705
0.0087305
0.0036991
-0.0093596
-0.0091902
-0.0005673
0.0083219
0.0027963
0.0095781
-0.0057557
-0.006505
-0.001264
-0.0040144
-0.0085861
0.0013595
0.0073978
0.0021834
0.0005596
-0.0092157
0.0072035
0.0042028
-0.0045315
-0.0051231
-0.0067309
0.0088816
0.0070593
-0.0026824
0.0012118
-0.0056352
0.0096817
-0.0029748
-0.0071505
-0.0071659
0.0027467
0.0074692
-0.0094915
0.0018478
0.006078
-0.0070992
0.0018117
-0.0005054
-0.002967
0.0063623
-0.0040178
0.0046548
0.0087134
0.0006773
-0.0022933
0.0046276
-0.0056831
-0.007232
0.007164
0.0038778
0.0099984
-0.0076103
0.0020706
0.0037149
-0.0045745
0.00899
-0.0012547
0.0064196
0.0096102
0.00356
-0.0026256
-0.0021201
0.0054527
-0.0033894
-0.0018628
-0.0062094
0.0032642
0.004662
-0.0088456
0.0004624
0.0078545
0.0002236
0.0041068
-0.005361
0.0021541
-0.0024876
0.0099859
0.003461
-0.0040515
-0.0098142
-0.0003361
-0.0063525
-0.0087028
0.0038092
0.0031124
0.0007194
-0.0073943
0.0037004
0.0008072
0.003602
0.0053777
0.0047881
-0.0004479
-0.0061183
0.0024822
-0.006579
-0.0060634
-0.0071297
0.0072499
0.0033691
-0.0066183
0.0070323
-0.0098637
-0.0057848
-0.0028981
0.0092422
-0.0033037
0.0009453
-0.000656
-0.0034943
0.0001341
-0.0074689
0.0031652
-0.0011777
-7.2e-6
0.0068158
-0.0032803
0.0017095
-0.0023267
-0.0020806
-0.0029592
-0.0049053
0.0011892
0.0070199
-0.0067551
