0.0071338
-0.0036829
0.0086948
-0.0004739
0.0071073
-0.0059168
0.005443
0.0028204
-0.0034003
-0.0087002
0.0035268
0.0015816
0.0022158
0.0007866
-0.0016975
-0.0065225
0.008935
0.0045714
-0.0023394
0.0052857
-0.0093783
0.0090897
0.0064346
0.004336
0.003994
0.0057198
0.008795
-0.005859
0.0044256
-0.009336
-0.0057134
0.006582
0.0026356
-0.0009783
0.001717
-0.0087286
0.007189
0.0010432
0.0071335
-0.0013975
0.0080771
-0.004874
0.0088762
0.0044607
-0.0068912
-0.0049202
0.0017299
0.0002812
0.0052955
0.0029845
-0.00016
0.00563
-0.0063941
-0.0019319
0.0078379
0.0026304
-0.0076323
-0.0009558
0.0061932
0.0094278
-0.0086526
-0.0085564
-0.0003824
-0.001252
0.0027321
-0.0039161
0.004951
-0.003594
0.0050969
0.0037456
-0.0060364
0.0063006
-0.0095083
-0.0061052
0.0022378
0.0035786
-0.0059789
-0.0055678
0.0087459
0.008701
0.0051862
0.0087352
0.0015581
0.0052657
-0.0090946
0.0021983
-0.0093304
-0.0057339
0.0043943
0.0088417
-0.0049526
-0.0057691
0.0037627
0.0083553
0.0084604
-0.0064195
0.0078232
-0.0007177
-0.0064038
-0.0005489
0.0080117
-0.0064103
-0.0024396
-0.0074428
0.0015932
0.0089142
-0.0085734
-0.0098724
0.0022493
0.0022462
-0.0016437
0.0028921
0.0045137
-0.0032108
0.0082426
-0.0018734
0.0014826
-0.0077131
0.0009314
-0.0057899
-0.0064576
0.0071568
-0.0082471
-0.0087688
-0.006455
0.0002492
0.0033147
0.0012562
0.0093711
-0.0069412
-0.0011137
0.0019883
0.0046775
-0.0098033
-0.0020113
0.0016019
-0.0002379
0.007995
-0.0096587
-0.0095721
0.0046896
-0.0001892
-0.0060595
0.0030599
-0.0014565
0.0095887
-0.0053777
-0.0055404
0.0061846
0.0023096
-0.0089022
-0.0004772
-0.0075902
-0.0036558
-0.0091066
-0.0092056
0.0071475
-0.0071361
-0.0025686
0.0012575
-0.0072588
0.0010602
-0.0005026
0.0012302
-0.0053344
0.0050177
-0.001072
-0.0090507
0.0044041
-0.0014638
0.0055781
0.0024707
-0.0023521
0.0039311
-0.0090188
-0.0018074
-0.0028278
-0.0084996
-0.0037757
0.008087
-0.003813
-0.009004
-0.0051657
0.0027006
-0.0027404
-8.09e-5
0.0094568
0.0053325
-0.0040254
0.0040098
0.0077675
0.0099523
-0.0034246
-0.007491
-0.0073931
-0.003515
-0.0007145
0.0064639
-0.0053405
0.0024899
0.0025789
-0.0045494
0.003677
-0.0076117
-0.0024556
-0.0088401
0.0014503
0.0007071
-0.0019769
0.006032
0.0048419
-0.0021506
0.0021681
-0.0059062
0.0035658
-0.0076886
-0.0015434
-0.0045501
0.0036484
0.0077008
-0.0090504
-0.0012749
0.0053517
-0.0075119
-0.0031133
0.0031549
-0.0006768
0.0039493
0.0061772
0.007971
0.0041675
0.0004751
0.005163
-0.0014509
-0.0084998
-0.0029083
-0.007639
0.0061199
0.0092807
-0.0069015
0.0072666
-0.0052557
0.0037418
0.0041051
0.0051643
0.0094416
-0.0094241
0.0043189
0.0032325
-2.44e-5
-0.0090924
-0.0067826
0.0014032
-0.0016146
0.0026239
0.0074801
-0.0079282
0.0001535
-0.005973
0.0089106
0.0029113
-9.0e-5
-0.000196
0.0097804
-0.005976
0.0091741
0.0084106
-0.0011118
0.0086505
0.001754
0.0028406
0.0085703
-0.0027985
0.0099549
-0.0003702
-0.0065751
0.0078339
-0.0065918
0.0037576
-0.0091525
-0.0019094
0.0055176
0.0033094
0.0043729
-0.0036792
0.0055721
0.0029629
0.0015823
0.0017344
-0.0060787
0.0099487
-0.0020034
-0.0024172
-0.0087332
-0.0029637
-0.0004199
0.0035446
0.0059143
-0.0097252
0.0088421
-0.0037601
0.0027426
-0.002574
-0.0021749
-0.0084643
-0.0075188
-0.0066206
-0.0085125
-0.0084115
0.0061674
-0.0041079
0.0047684
-0.0091958
-0.0023832
0.0015032
0.0042599
-0.0023767
-0.0021682
-0.0007776
0.0001315
0.0021614
-0.0064392
0.0037411
-0.0042377
0.0007519
0.0059627
0.0049177
-0.0050603
0.0050636
0.0084523
-0.0052663
-0.006859
-0.0092642
-0.0024842
0.0007184
-0.0025176
0.0004244
-0.0098039
-0.0021948
-0.0078909
-0.0057794
-0.0018156
0.0042672
3.27e-5
-0.00528
0.0099678
0.0016549
-0.0040241
0.0073525
0.005789
0.0028515
-0.008076
-0.0081346
0.0038968
-0.0093974
0.0030682
0.0036728
0.009337
0.0060489
0.0018716
0.0011881
-0.0036098
0.0071794
-0.0094456
0.00506
0.0060978
0.0078383
-0.0018172
-0.0094057
0.0096201
0.0026781
0.0019831
0.0068077
-0.0001131
0.0095731
-0.005445
-0.0032843
-0.0035663
-0.0064112
-0.0093475
-0.0097982
-0.0057563
0.0048607
-0.0084669
-0.0063872
0.0017309
-0.0046199
0.0077046
0.0041039
0.0044936
0.0085119
0.0031401
-0.0092405
0.0002199
0.0031611
-0.0097185
0.0034309
0.0006185
0.0007825
0.0070049
0.0043707
-0.0025488
-0.0045582
0.0092375
-0.0074255
-0.0097811
0.0067049
0.0020039
0.0093986
-0.0003495
-0.00988
-0.009623
-0.0026028
0.0087193
-0.0010386
-0.0026002
-0.009634
-0.0042605
-0.0005817
0.0055058
-0.0074891
0.0032569
0.0067772
-0.0016639
-0.0037021
0.0075143
0.0077064
0.0084265
0.0036355
-0.0054503
-0.0030546
0.0006844
-0.0028592
0.005536
-0.0069226
-0.0034556
0.0079821
0.0018024
0.0045956
-0.0024886
0.007742
0.0079822
0.0038676
-0.0011143
-0.0064156
-0.0032537
0.0024942
-0.0004604
-0.0092697
0.003976
-0.0029769
0.0088622
0.0045302
0.0019568
0.0063234
0.0068413
0.0005964
-0.0032236
0.0082328
0.0005707
-0.007312
0.0075337
0.0022346
0.0045548
0.0036653
-0.0097084
-0.0010321
0.0033359
0.0034381
0.0076525
-0.0013832
-0.008459
-0.002147
0.007722
0.0044663
0.0030544
0.0059022
0.0001899
0.0040946
0.0027862
0.0014976
9.0e-6
0.0030229
0.0006006
0.0085624
-0.003964
0.0075791
0.0018008
0.0043831
0.0041069
-0.0067228
-0.0075159
0.0027755
-0.0034119
-0.0068018
