0.001629
-0.0012733
0.0098197
-0.0023815
-0.007371
-0.0006525
-0.0016858
0.0089625
-0.0005081
0.0067761
-0.0045358
-0.0084139
-2.63e-5
0.0033161
-0.008517
-0.0003413
0.0018952
0.0078447
0.0080087
-0.0027914
-0.0009712
-0.0067246
-0.0089061
0.0048492
-0.0050054
-0.0089572
0.0041354
-0.0028254
0.0039789
0.0082779
0.0059576
0.004466
0.0056474
-0.0020217
-0.0069189
-0.0079473
0.0075223
-0.009602
0.0056916
-0.0009582
-0.0056984
0.005778
0.0061808
0.0042254
-0.0067774
-0.0078017
-0.0004583
-0.008221
0.0055455
0.0027839
0.0072273
-0.0087999
0.004811
-0.0071634
-0.0075981
-0.0026464
0.0069112
0.0088718
0.0081001
0.0015027
-0.0081361
0.0076507
0.0052264
-0.0010508
0.0024168
0.003392
-0.0073824
0.0023713
0.000273
-0.001099
-0.0001953
-0.0024814
0.0031891
0.0030414
0.0041689
0.0037797
0.0027811
-0.0026875
0.0073781
0.0065807
-0.0061568
0.0021604
0.0028135
0.0007203
0.0045699
-0.0049059
-0.0084504
-0.0084355
-0.0011285
-0.003827
0.0057891
0.0095222
0.0006043
-0.0094582
-0.0043734
0.0087723
-0.0037627
-0.006025
0.0006952
0.0075804
0.0098506
0.001061
-0.008327
-0.0073218
-0.0036692
0.0067463
0.0034305
-0.0040714
0.0096137
-0.0033666
0.0050248
0.0032951
0.009053
0.0074946
0.0037029
0.0014546
0.0065871
-0.0092595
0.0088278
-0.005275
0.0057836
0.0099908
0.0034659
0.0055662
-0.0027968
0.0027661
-7.02e-5
-0.0043571
-0.0078624
-0.007579
0.003096
0.0023538
-0.0041701
0.0057099
-0.0046407
0.0024052
0.0044462
0.0058409
0.0034129
0.0090917
0.0041663
-0.0075671
0.0096748
0.0022324
-0.0081396
-0.001416
-0.0039424
-0.0088688
0.0065922
-0.0063083
-0.0011871
0.0005265
0.0031433
0.0090006
0.0028195
-0.0046302
-0.0076839
0.0011017
-0.0081472
-0.0029711
0.0065011
0.0043663
0.0050972
0.0020091
0.0022404
-0.0073449
0.0051937
0.0061041
-0.0060704
0.0055858
-0.0016835
0.0042189
0.0045238
-0.009184
0.0098504
0.0033843
0.003377
0.0011835
0.0036939
-0.0053339
-0.0067777
-0.0077717
-0.0087703
-0.0064483
0.0059869
0.0043035
0.0029683
0.0063826
-0.003715
-0.0042041
0.0053237
0.00676
0.0022905
0.0049407
-0.0001109
0.0094893
0.0012061
0.0098912
-0.0043061
-0.0058135
0.0029939
0.0010612
-0.0088261
0.004
0.0032313
-0.0031322
-0.0061086
-0.0079886
0.0098236
-0.0030252
0.0018247
0.0019666
-0.0043519
-0.0009495
0.0084632
0.0051169
-0.0030499
0.0083437
-0.0028336
0.0060113
0.0070608
0.0067374
0.002458
0.0018326
-0.0086045
0.0069925
0.0078808
-0.0063707
-0.0028865
0.0061056
0.0059265
0.0062572
-0.0098544
0.0055542
0.0033949
0.0009081
-0.0010913
0.0050574
0.0060995
0.0013434
-0.0091343
0.0025202
-0.0067867
-0.0062613
0.0078599
0.0049845
-0.0053252
-0.0046881
0.000706
0.0081747
-0.0064478
0.0086094
-0.0043356
0.0052523
0.0020901
-0.0082411
0.0072309
0.0040444
-0.0093967
0.0060011
0.006508
-0.0058377
-0.0017342
-0.0097642
-0.0018932
0.0065862
0.0091252
0.0025133
-0.0043932
-0.0018195
0.0064197
0.0005631
-0.0079108
0.0041931
-0.0008747
-0.0057012
0.001792
0.0064957
-0.0039813
-0.0092717
-0.0001821
-0.0054382
0.0069295
0.0038602
-0.0083536
0.0074981
-0.0084477
0.0007604
-0.0068199
-0.0037715
0.0091779
-0.0068768
-0.0058629
0.0089104
0.0080359
0.0097036
0.007402
0.0049712
0.0097613
-0.0056813
0.0034511
-0.0037929
-0.0046646
-0.008531
-0.0035469
0.0029
-0.007309
-0.0045598
-0.002245
-0.0097876
-0.0076359
0.0097567
-0.0093634
-0.0040182
0.0030064
-0.0073222
-0.0024513
0.0080419
-0.0056
-0.004998
-0.0054737
-0.0096939
0.0076048
0.0074779
0.0004339
-0.005105
0.0022266
0.0060411
0.0071393
0.0048708
-0.0076336
-0.002109
-0.0057531
-0.0064617
0.0066999
0.0061484
-0.0092801
0.0048115
-0.0002813
-0.0030607
0.0079129
0.0058183
-0.0029164
-0.0034863
-0.007285
0.0077415
-0.0032535
-0.0051344
0.0082494
-0.0058129
0.0080532
-0.007133
0.0081105
-0.0046892
-0.0055384
0.0052073
0.0068349
0.0016051
0.0021149
0.0044491
-0.0039338
-0.0072026
-0.0070176
0.0015064
-0.0095971
-0.0037204
-0.0065736
0.0080104
-0.0050181
0.0044377
0.004134
0.008333
-0.0034569
0.0056727
-0.0005883
0.0092491
-0.0046236
0.0031653
-0.0018539
-0.0001723
-0.0052613
0.0051141
-0.0092488
0.0027913
-0.0036845
-0.0049206
0.0058559
0.0080741
0.008345
-0.002544
0.0073721
0.0094661
0.0076467
-0.0035439
-0.007114
0.0014648
0.0050577
-0.009553
-0.006002
-0.0049422
0.0030782
-0.0045604
0.0065945
-0.0065629
-0.0056367
-0.0002066
0.0096956
0.000859
-0.0064369
-0.0060453
-0.0017306
-0.0057048
-0.0017329
0.004566
-0.0073684
-0.0030148
0.0089731
0.0042909
-0.0077292
0.0050381
-0.0090776
-0.0049046
0.0066813
0.0085005
-5.23e-5
-0.0047142
-0.0059964
0.0041911
-0.0027032
-0.0096615
0.0066059
-0.0001252
-0.0030967
-0.0019748
-0.0009553
-0.0007786
0.0076698
0.0037676
0.0098387
-0.0060977
0.0077578
0.0078342
0.0017364
-0.0068458
-0.0007943
0.0070606
-0.0001273
0.0039152
-0.0095247
-0.0038955
-0.0006563
-0.0088796
0.0041626
0.0095882
0.0043864
0.001853
0.0043034
-0.0005158
0.009143
-0.0050516
-0.0051311
-0.0023103
0.005269
0.0016909
-0.0095832
-0.0074292
0.0095741
-0.0055236
0.005293
-0.0058113
-0.0096604
0.0066516
-0.0079811
6.6e-5
0.0056765
-0.0063552
-0.00893
0.0068198
0.0027074
-0.0078257
-0.0083971
-0.0012805
-0.0008896
-0.0019826
-0.0083985
-0.0075613
-0.0041745
-0.0070706
-0.0017855
0.0005962
0.0088019
0.0092586
-0.0020527
0.0073998
0.0077856
