0.0081203
0.001058
-0.0086716
-0.0042152
0.0028908
0.0064474
0.007901
0.0011606
0.0027203
0.0016478
-0.0093587
-0.0044189
0.0011324
0.0004932
-0.0043787
-0.0044029
0.0044815
0.0059207
-0.0021984
0.0008859
-0.0075922
-0.001849
0.0015076
0.0002532
0.0057102
-0.0063974
-0.0082894
-0.0035588
0.0046302
-0.0003465
0.0026358
-0.0074309
-0.0033697
0.005795
-0.0043734
0.0058099
-0.0070491
0.0080897
0.0078771
0.0079708
-0.0083917
0.0023456
-0.0043744
-0.0006394
0.0009858
-0.008306
-0.0015928
-0.0006819
0.007308
0.0041672
0.0094309
0.0090618
0.004735
-0.0058108
0.0042704
0.0075786
-0.0030846
0.0003448
-0.0077919
-0.0015133
0.0048762
-0.0086412
-0.0002743
-0.0053609
-0.0078073
0.0019731
-0.003825
-0.0039253
-0.0071821
-0.0030266
0.0003423
0.0051162
0.0043023
0.0024925
-0.0037399
0.0006475
-0.0090166
0.0073333
-0.0012668
-0.0042619
-0.0069534
0.0098759
0.0019674
-0.009661
0.0049919
0.0070033
-0.0057765
0.0071679
0.0041141
-0.0083619
0.0026707
-0.0043556
-0.0079785
-0.0093219
-0.0013751
-0.0008264
0.0021268
-0.0003927
-0.0051315
0.0006275
0.0024686
0.0056684
0.0019231
-0.0028507
0.0037544
-0.002275
-0.0098131
-0.0067606
0.0015404
0.0008444
-0.0086477
0.0058286
-0.0030122
0.0022114
-0.0070571
-0.0049167
0.0062044
-0.0075224
-0.0030454
-0.0018096
-0.0002222
-0.0069269
-0.0018951
-0.0081487
0.0082658
0.0079536
0.0040665
-0.0074715
-0.0082613
0.0097751
0.0032344
-0.0020581
-0.0050732
-0.0073946
-0.008029
-0.0028669
0.0013987
0.0004309
-0.0020531
-0.0053822
0.007553
0.0062256
0.0029842
0.0058906
-0.0015153
0.0015996
-0.0094138
0.0095518
0.0036555
0.0066867
-0.0050234
0.0008597
0.0061824
-0.0012458
0.0025388
-0.002655
0.0090474
-0.0067117
0.0052902
0.0063647
0.0023478
0.0060769
0.0057874
-0.0089736
-0.00889
0.0035049
0.006777
0.0007453
0.0015982
-0.0048337
0.0082789
0.0028086
-0.0006698
-0.0036823
-0.0049001
0.0037376
-0.0062381
0.0012605
0.0082757
0.0088913
-0.0088336
-0.0059981
0.0066125
-0.0091345
0.0027582
0.0055284
0.0027624
-0.0029108
0.0007501
0.0033474
-0.0024081
-0.0074946
-0.0008524
0.0032273
-0.0025339
0.0064343
-0.0011774
-0.0039996
-0.0012119
0.0062833
0.0078322
-0.0098422
-0.0076208
0.0096121
0.0020663
-0.0005804
0.0002867
0.002381
0.0016145
-0.0094794
-0.0077669
-0.0069819
0.0010019
-0.0030118
-0.0017583
-0.0023251
-0.0064615
0.0083611
-0.0016351
0.0043418
0.0076711
-0.0028848
-0.0052506
0.001943
0.0001705
-0.0062105
-0.0010542
-0.0030547
9.44e-5
0.0089264
0.0057841
0.006079
0.0050334
0.0077516
0.003772
-0.0093202
0.0022554
-0.0072236
0.0062879
-0.0050977
-0.0090212
0.0067173
0.0017798
0.0070273
-0.0055932
0.0023713
0.0027641
-0.0082879
0.0014645
0.0018267
-0.0016386
0.009643
-0.0095494
-0.0067603
-0.0004126
0.0085867
0.001281
-0.0023857
0.0062434
-0.0051552
0.0069769
-0.008487
0.0026754
0.0004643
-0.0062531
-0.0056415
0.0081427
-0.0007495
-0.0020896
0.0082354
0.0066963
-0.0010173
0.0028254
0.0063904
0.0032788
0.0058686
-0.0020486
-0.0046792
0.0020867
-0.0037464
0.0057255
0.0036286
-0.0001478
0.0099501
-0.0068102
0.0050204
0.009659
0.0005379
-0.0028408
-0.0086856
0.0034048
-0.0018171
-0.0006781
0.0064536
0.0064521
0.0089876
0.0089059
0.0069638
-0.0096777
-0.0050695
0.0042722
-0.0005972
0.0045002
0.0038531
0.0025124
0.0081932
-0.002974
-0.0080117
0.0027773
-0.0059735
0.0066369
0.0065944
-0.004408
0.006754
-0.0046539
-0.0055184
-0.0033783
-0.0040502
-0.0059375
0.0077626
0.0011976
-0.0037889
-0.0099233
-0.0054031
-0.0044945
0.0030748
0.005798
-0.0051472
0.0084462
-4.4e-6
0.0050003
0.0019154
-0.0001175
-0.0091335
0.002931
0.0087694
0.0003294
0.0019118
-0.0048568
0.006244
-0.0054487
-0.0004228
-0.0032943
-0.0001064
0.0039421
-0.0060734
-0.0012656
0.0091945
-0.0083281
-0.0066319
0.0023679
-0.0058575
0.0001501
0.0027462
0.005521
0.0031958
-0.0061405
0.0080195
0.0041202
0.0063994
-0.0044499
0.0094557
-0.0005339
0.0003456
-0.0097942
0.0015556
0.0079516
-0.0043395
-0.0032046
-0.0086445
0.0085215
0.0020595
-0.002518
-0.0056365
-0.0019896
-0.0014404
-0.0072616
0.0096948
-0.009978
-0.0007661
0.0093587
0.0013233
-0.0034377
0.0096539
0.0083909
-0.009182
-0.0024392
-0.002748
-0.0098495
-0.0028287
-0.0008551
0.0065368
-0.0082795
0.0021979
-0.0023099
-0.001281
-0.0036971
0.0057666
0.0044293
-0.0097207
-0.0067032
-0.0085183
0.0041838
0.0013897
0.0056243
-0.0085863
0.0085447
0.0072042
-0.0096061
0.0039151
-0.000495
-0.0077013
-0.007381
-0.0058221
0.0024348
0.0063401
0.008283
0.0007072
-0.0048245
-0.0089654
-0.0047915
0.0082891
0.0049227
0.0081854
-0.0088162
0.0051326
0.0038092
0.0058067
-0.009612
0.0090408
-5.97e-5
-0.0028172
0.0025326
-0.0087163
-0.0036393
0.007144
0.0035588
0.0035123
-0.0073724
0.0078272
-0.0094503
-0.003004
-0.0029838
0.0011013
-0.0074529
-0.0096892
0.0025555
-0.0077145
-0.0046362
0.0033712
-9.5e-5
0.002447
0.0020991
-0.009131
0.0068189
0.0094409
0.0039923
0.0024091
0.0047936
0.0084058
0.0075112
0.0080186
0.0013596
0.0089786
-0.001237
0.0086396
-0.0051397
0.0038218
-0.0029521
-0.0099021
0.0033226
0.0047813
0.0070974
0.0028144
0.0055733
0.0039891
0.0084751
0.008962
0.0001619
0.0020179
0.0094005
-0.0078249
0.0092826
0.0024986
-0.0084274
0.0072379
0.0011274
0.0044766
0.0029195
-0.0053985
0.0086324
-0.0005975
-0.0033342
-0.0079312
-0.0018827
