0.0019853
-0.0039866
0.0032605
0.0073599
-0.0009544
-0.0088128
0.0021107
0.0028405
0.0082367
-0.0078514
-0.0081116
0.0088638
-0.0041682
-0.0087088
-0.0076887
-0.0008003
9.63e-5
0.0080883
0.0039447
0.0006591
-0.0084151
-0.0002368
0.0091519
-0.0097649
0.0097074
-0.0030601
-0.0087248
0.0036743
0.0035227
0.0084855
0.0073872
-0.0039486
0.0067204
0.0004304
-0.0064956
0.0098621
-0.0030062
-0.0025586
0.0075955
-0.005511
-0.0064746
0.0008611
-0.0064004
0.0064652
0.0027636
-0.0044844
0.0064964
-0.0014319
-0.0012174
0.0082303
-0.0048216
0.0075216
0.0006735
0.0055853
-0.002202
0.0093752
0.0099506
0.0064881
-0.009776
0.0024244
-0.004351
-0.0031638
0.0091818
0.0041708
-0.005764
0.0003215
-0.0080427
0.0059099
-0.0032417
-0.0018977
0.0089249
0.0090111
0.007883
-0.0034673
-0.0026515
-0.0060597
0.0017576
-0.0015575
0.0016997
0.0025244
-0.0022186
-0.0011838
0.0075641
-0.0037886
-0.0056688
0.006495
-0.0031829
-0.0037378
-0.0067377
-0.0053641
0.0022276
-0.0075714
-0.0041356
0.0047624
-0.0092515
-0.0048766
0.0008139
-0.0051653
-0.0083785
0.0042202
-0.0066638
0.0050291
-0.0078786
-0.0007951
-0.0054837
0.009161
0.0008058
0.0064877
0.0036855
-0.0059036
-0.0071438
-0.0006658
-0.0088926
-0.0087487
-0.0087046
-0.0003158
0.0080462
-0.0074045
-0.0070743
0.008092
-0.000656
-0.0077816
-0.0088916
0.0007215
0.0072201
-0.0072692
-0.0049695
0.001988
-0.0062999
-0.0012311
0.0092146
-0.0067556
0.0042982
0.0010833
-0.0026073
0.0004157
-0.0029606
0.009208
-0.0039311
-0.0059889
0.004266
-0.0028169
-0.0063176
-0.0048584
0.0056901
-0.0083027
-0.003725
0.008911
0.0086427
-0.0022421
0.0037135
0.0013226
-0.0058931
0.0067675
-0.0019631
0.0022093
-0.0057707
-0.0054277
-0.0015988
-0.007513
-0.0010833
-0.0007428
-0.0048031
-0.0093041
-0.0053309
0.0099146
0.0097194
0.0008044
0.0023616
-0.0099886
-0.0079231
0.0046445
-0.0067533
0.0047947
-0.005291
-0.0062137
-0.0088306
0.0004916
0.0037497
0.0068659
0.0014923
0.0003881
-0.0021755
-0.0067274
-0.0004763
-0.0063127
-0.0020911
-0.0070933
-0.0093274
-0.0024063
0.0040799
0.0067566
-0.0076461
-0.0062802
-0.0044013
-0.0037094
-0.0097378
0.005007
0.0029437
0.0088475
-0.0083245
0.0041771
0.0053716
0.0089729
0.003251
0.0087556
-0.0011822
0.0065772
0.005183
0.0003437
0.0038427
0.0046344
-0.0026593
0.0034981
-0.0045191
-0.0009437
-0.0059809
0.0079977
-0.0081197
-0.0002954
-0.0090014
-0.0052054
0.0076885
-0.0098012
-0.0077054
0.0007098
0.0052841
-0.0031489
-0.0089134
0.000699
-0.0070411
0.0010921
-0.0088269
0.006612
0.0093067
-0.0083699
0.0029921
0.0044423
0.0021991
-0.0023083
0.0082046
0.0089798
0.0080889
0.0061132
0.0001175
-0.003106
0.0053735
0.0087088
-0.0087939
-0.0007522
0.0009879
0.0070344
-0.0013733
-0.0070327
0.0018405
0.009919
0.0066732
0.0021231
-0.0043299
0.0037339
-0.0069805
-0.0051776
-0.0002208
-0.0045565
-0.0034874
-0.0071727
-0.0077172
-0.0043173
-7.6e-6
0.004898
-0.0070272
0.0068962
0.0033964
-0.0069574
0.0096055
-0.0066934
0.009
0.0090159
-0.0056142
0.0062172
-0.0024672
0.0002367
-0.0040279
-0.0070077
-0.0019079
0.0026723
-0.0018584
0.007186
0.0098801
-0.007124
0.0056884
0.0051697
-0.0028405
-0.0009217
0.0012202
-0.0096799
0.0067289
0.004566
-0.0080487
-0.0022594
-0.0026923
0.0008598
0.0005877
0.0060879
-0.0055246
-0.000148
0.0075323
0.0015245
0.0002371
0.0014972
0.0085419
-0.0041173
0.0075574
0.0020436
4.02e-5
-0.005279
-0.0064262
0.0029458
-0.0047899
0.0042575
0.0041096
0.0062707
-0.0083491
0.0077228
-0.0038389
-0.0026756
-0.0051277
0.0091968
0.0033781
0.0076257
0.0032361
-0.0007252
-0.003273
-6.54e-5
0.0011744
-0.0045683
0.0068379
0.0015545
0.0095526
-0.0009257
-0.0026132
0.0013125
-0.0032207
-0.0027003
0.0066296
0.0095292
0.0016787
-0.00314
-0.0074962
0.0085558
-0.0048883
0.0025628
4.25e-5
-0.0045482
0.003321
-0.0027009
0.0055162
0.0001744
0.0042384
-0.0057714
0.0049164
-0.0099147
-0.0097979
0.0052567
-0.0044691
-0.0007178
0.0014158
-0.0028441
-0.008183
0.0043439
0.0036925
-0.0059286
0.0081407
0.0093094
-0.0016259
-0.0069316
-0.0012491
-0.0004988
-0.0034969
0.0007149
0.0064913
0.0001832
3.13e-5
0.0079994
0.0030807
-0.0033103
-0.0065707
-0.0052187
0.0074564
0.0091128
0.00979
0.009646
0.0082849
-0.0011952
-0.0011278
-0.0058708
0.0052678
0.0069224
-0.0062344
0.0025583
-0.0068217
-0.0014346
-0.0074092
-0.0022324
0.0027037
0.0043121
-0.0013353
-0.0018028
-0.0004644
0.0013776
-0.0017939
-0.0075673
0.0089634
0.0073934
-0.0092861
-0.0056532
0.0030074
0.0048676
0.0025491
-0.0098862
-0.0087413
0.0013876
-0.0057717
0.0052836
0.0034781
-0.0001283
0.0067539
-0.0045634
-0.00187
-0.0033108
-0.0080362
0.0056228
-0.0033134
-0.0006428
-0.0086633
-0.0099671
0.0010154
0.0071772
0.0001152
-0.0011745
0.0035361
-0.0079254
0.0042757
-0.0022142
-0.0067453
-0.0033132
0.0090014
-0.007828
-0.0084529
-0.0027567
-0.0061958
0.0020104
0.0077137
-0.0031398
0.0026583
-0.0048748
-0.0033148
0.0018115
-0.0032442
0.0076079
0.0016165
0.0027279
0.0086421
-0.0084353
0.0068764
-0.0065991
-0.0091122
0.0099709
-0.0080158
-0.0037064
0.0013284
-0.0021589
0.0018342
-0.0032892
0.0080551
-0.0003346
-0.0080136
-0.0059667
0.0094261
-0.009797
0.001172
-0.0022564
-0.002114
0.0064186
-0.0068257
0.0053978
-0.0090881
0.0082032
0.005671
0.007113
-0.004131
-0.0091913
-0.0011367
-0.0060335
-0.0096733
