0.0032998
-0.0013927
0.0061848
-0.0002523
0.0031902
0.0047523
-0.0001467
0.0046391
0.0089782
0.0066212
0.0069385
-0.0094373
0.0047314
0.009865
0.0023122
-0.0011727
-0.0064501
0.0012293
-0.0080717
-0.0051372
0.00547
-0.009309
0.006696
-0.0019691
-0.0042417
0.003656
-0.000632
-0.0098448
-0.0059871
-0.0021109
-0.0090311
0.0023714
0.0065703
-0.0011149
0.0076019
0.0009715
0.0085693
-0.007592
-0.0033503
-0.0071254
-0.0003939
-0.0071816
-0.0020444
-0.0014871
0.0097767
0.0058675
0.0059117
0.0080822
-0.0089949
0.00703
0.0097004
-0.0070459
-0.0053083
-0.0090347
-0.0046213
0.0048355
0.0074196
0.0074971
0.0039707
-0.0098399
0.0032632
-0.0075701
0.0034113
0.0007533
0.0052485
-0.0075271
0.0033603
-0.0048344
0.0060426
-0.0029346
-0.0007216
0.0049687
-0.0001866
-0.0080434
0.0008878
0.0023978
0.0032275
0.0062965
-0.009261
0.0068754
-0.0007616
-0.0058919
-0.0026947
0.0052911
-0.0095206
0.002317
-0.0029916
0.0016593
-0.0098336
-0.0028921
-0.001444
-0.0040575
-0.0032129
-0.0030991
0.0007006
0.0037368
-0.005242
0.0064578
0.0032267
-0.0017558
-0.0015214
0.003172
0.0008938
-0.0090792
-0.0094747
-0.0045695
0.0008777
0.0013957
0.0072777
-0.0089319
0.0094851
-0.0043903
-0.002943
-0.0079523
0.0039208
-0.0071679
0.0060975
0.0015176
0.0066145
-1.25e-5
0.0096492
-0.0072191
-0.0022856
-0.004122
-0.0030273
0.0031954
-0.0004114
-0.0053091
0.0070755
-0.003827
0.0072486
0.0016734
0.0041553
0.0084607
0.0051531
-0.0081136
0.0015726
-0.0014585
-0.0060004
-0.0089749
0.0030485
0.004351
0.0061018
0.001159
-0.0066038
-0.0088965
0.004428
-0.0091551
-0.0061035
0.0010602
-0.0075699
0.0098719
0.0024933
0.0034354
-0.0083402
0.0057366
-0.0027653
0.002194
-0.004525
0.0043121
0.007396
-0.0014805
-0.0017632
0.0072643
0.0054116
-0.0017631
0.0073157
-0.0048836
0.009879
-0.0016196
-0.0086375
0.002221
0.0007095
0.002536
0.0090013
-0.0034745
-0.0035874
-0.0024041
0.0073355
0.0091932
0.0038061
-0.007202
-0.0044079
-0.0060543
-0.0057185
-0.0038629
0.0031325
-0.0024705
0.0025612
-9.31e-5
-0.0034609
-0.0022727
-0.000907
0.0026856
-0.0072616
0.0083321
-0.0052686
-0.0077295
-0.0020667
-0.0088654
0.0091623
0.0080975
-0.0014532
-0.0063797
-0.0031536
0.0067621
0.0063485
0.0066888
0.0091793
-0.002741
0.004551
-0.0005401
-0.0020303
0.0016634
-0.0023713
0.0035893
0.0056082
-0.0035895
0.0064316
0.000467
-0.0016346
0.0076284
-0.0073429
-0.0075681
-0.0075677
0.0023248
-0.0089777
-0.0009586
0.0073722
0.0052985
0.0031118
0.0051728
-0.008633
-0.0066131
-0.009549
0.0095377
0.0023479
0.0050138
0.0006711
-0.0018495
0.0029833
0.0079816
0.0012698
-0.0039476
0.0041318
-0.0038609
-0.0057198
-0.0067118
0.0023166
-0.000303
0.0079832
-0.0095729
-0.0009009
-0.0051193
-0.0070581
0.0036616
0.0002475
0.0083067
-0.006514
-0.001266
0.0082583
-0.0038426
0.0056506
-0.0013899
-0.0089651
0.0040636
-0.0048477
0.0047251
-0.009742
0.0008636
0.0045882
-0.0006921
0.0031362
0.0060799
-0.0068323
0.0025166
0.009414
0.0070994
-0.0072344
0.002178
0.0088588
-0.0076157
-0.0062144
-0.0034977
-0.001703
0.001781
-0.00131
-0.0034522
0.0017231
0.0035658
0.0036129
-0.0006121
0.0064287
-0.00932
-0.0071325
-0.0023603
0.0057039
0.0025871
-0.0028327
-0.0040864
0.0058742
0.004361
-0.0053192
-0.0024413
-0.0059416
0.0099365
-5.22e-5
-0.0092229
0.0055321
-0.0067867
-0.0001266
0.0093762
0.0089078
0.0056989
-0.0024747
0.0076429
0.0027363
-0.0085378
-0.0088793
0.0064751
0.0001231
0.0006645
0.0041597
-0.0042665
-0.0025178
-0.0038936
0.004591
-0.0098003
-0.0045238
0.0088794
-0.0033452
0.0006312
-0.004802
-0.0060005
-0.0004591
0.0070977
-0.0049154
-0.0015034
0.0040697
-0.0065263
-0.0026454
-0.0014967
0.0043856
-0.0020017
0.0046498
0.0033467
0.0028312
-0.0003019
-0.0036431
-0.0061404
0.0040311
0.0056886
0.0074781
0.0090932
0.0040841
-0.00841
0.0036265
-0.0087455
4.93e-5
0.0093949
0.0014777
0.0068358
-0.0009917
-0.0097005
-0.0076179
-0.004183
-0.0041141
-0.0077963
-0.0044485
-0.0045809
-0.0050543
0.0087001
-0.0099201
-0.0023906
0.0096195
-0.0013572
-0.0018967
0.0074024
-0.0071576
-0.005295
0.0084118
0.0090115
0.0011646
-0.008518
-0.0037358
0.0071181
0.0034422
0.0079741
0.0096949
0.004603
-0.0004131
-0.0054794
-0.0046117
0.0021528
-0.0060702
-0.0091967
-0.0090516
-0.0009091
0.0062773
-0.0057486
0.0058896
-0.0018087
-0.0006553
0.0067407
0.0058218
-0.0094729
-0.0079978
-0.0092628
-0.009472
0.0079813
-0.0030866
-0.0063128
-0.005998
-0.0057745
-0.0011354
0.0031851
-0.0003454
0.0033753
0.0077172
-0.0002857
0.0049163
0.0026862
0.0
-0.0007346
0.0072265
-0.0039019
-0.000881
-0.0034767
0.0046964
-0.0050194
-0.0012732
-0.0012465
-0.0015238
-0.0068106
-0.0097593
-0.0079725
-0.0021163
-0.0092619
-0.0051617
-0.0007627
-0.0071222
-0.0093198
0.0096813
-0.0003422
0.0084583
-0.0037797
-0.0050443
-0.0011364
-0.0073494
-0.0034442
-0.0084003
-0.0049721
0.0014758
0.0004099
-0.0076108
-0.0088925
-0.0046713
-0.0065529
0.005331
-0.0040769
-0.0065448
-0.0084915
0.0035699
0.0097416
0.0027797
-0.0047686
0.004716
0.0007952
5.86e-5
-0.0058136
0.0023226
-0.0080691
-0.0029398
-0.0061759
0.0001612
0.0046441
-0.000562
-0.0072829
0.0054661
-0.0098967
-0.0043639
-0.0036386
-0.0081918
-0.0080364
0.0037435
-0.00059
0.0021931
-0.0082192
-0.0065657
0.0058507
0.0023003
0.0023092
-0.0085425
-0.0091685
0.0014478
