0.00294
-0.0051673
-0.0014242
0.008617
0.0032174
0.0080598
-0.0022058
0.0063866
-0.0096457
-0.0093876
0.0022467
-0.005135
-0.0080033
-0.0089386
-0.0003617
0.0051651
-0.0074047
0.0064257
-0.008474
-0.0065534
0.0031831
-0.0038521
-0.0052603
-0.0034488
-0.0031093
0.0002223
0.000663
-0.0015009
7.92e-5
-0.0027461
0.0095757
0.0087907
0.0063116
0.0040728
0.0038084
0.0093417
0.000163
0.0087012
-0.008508
0.0031315
0.0011685
0.006226
-0.0086612
-0.0074813
-0.0033953
-0.0093285
0.0003351
-0.0083746
-0.0098601
-0.0009804
0.0088943
0.0090635
-0.00831
0.0076024
-0.0044187
-0.006239
-0.0011552
-0.0012992
-0.0034735
0.007451
-0.0054926
0.0080591
0.001244
-0.0056745
0.0061288
0.0031164
0.0051009
-0.0073939
0.0096072
-0.0038609
0.0098166
0.0098846
0.0095241
-0.007959
-0.0073644
0.002573
0.0093823
-0.0023059
-0.0032484
-0.0064232
0.0096161
-0.0054316
-0.0086227
0.0067051
5.4e-5
-0.0041498
-0.0071744
-0.008155
0.0029485
0.00346
-0.003954
-0.0009609
-0.007951
-0.004451
0.0024828
0.0045568
0.0002106
0.000437
0.0044169
-0.0002767
-0.0060669
0.007219
0.0026544
-0.0035094
-0.0096772
0.0076963
-0.0043901
0.0040739
-0.0023011
-0.0092548
0.0066533
-0.0035905
0.0042972
-0.0089749
-0.0075494
-0.0074671
7.4e-6
0.0031517
0.004834
-0.0084581
-0.006591
0.0079335
0.0009546
0.0044738
-0.0054228
-0.0083247
-0.0006915
0.0082892
0.0031017
-0.0041303
0.0058007
-0.0095435
-0.0081228
0.0038078
0.0050296
0.0043801
0.000524
0.0067865
-0.0018935
-0.0074639
0.0078083
0.0056004
-0.0029876
-0.0080442
0.0099168
-0.0038181
-0.0019191
-0.0095074
0.0057886
0.0006942
0.0004169
0.0084305
-0.0074495
-0.0055565
0.0038339
0.002368
-0.0026626
-0.0056838
-0.0084601
0.0086116
-0.0040929
-0.0063229
-0.0098772
0.0092156
0.0063977
0.0088048
-0.0063443
0.0066355
-0.0052205
0.0077673
-0.0026695
0.0037666
0.0030964
-0.0089108
-0.0044312
-0.0056217
-0.0093712
0.003625
-0.0004292
-0.0042398
0.0018873
0.0009188
-0.0073994
0.0014975
-0.0057471
-0.0061306
0.0056481
0.0039332
0.0044297
0.0007422
-0.0016809
-0.0015795
-0.0010667
0.0057757
0.0028345
-0.0072632
0.0032852
-0.0033598
-0.0054908
0.0093086
0.0027737
0.008108
0.002232
0.0036662
-0.0017625
-0.0062929
0.005367
0.0079797
-0.0085632
-0.0024467
-0.004007
0.0081755
0.0049055
0.0064233
-0.0031657
-0.0050889
0.0099194
-0.0001756
0.0073865
0.0027809
0.0084883
-0.009821
0.0095977
0.0044705
0.0082407
-0.0064218
0.0098544
-0.0014362
0.0073338
0.0082264
-0.0086772
0.004447
0.0090108
-0.0060103
0.0036007
-0.0009754
-0.0077748
0.0049397
-0.0017151
0.0023978
0.0081305
-0.0017825
-0.0040144
-0.0021877
0.0096588
-0.0073532
0.0077085
0.0002928
0.0091599
0.0008575
-0.0034357
0.0070449
0.0049047
0.0086613
-0.0004935
-0.0069664
0.0052819
-0.001722
-0.0044492
0.006659
0.0090065
-0.0015316
-0.0024485
-0.0057413
-0.0007505
-0.0045361
-0.0059243
0.0031295
0.0005394
-0.002075
-0.0034175
-0.0064416
0.0014149
0.0004923
0.0021228
0.0016801
-0.0045293
0.0001705
-0.0023728
-0.006023
0.0056261
-0.0040171
0.0043529
0.0054575
0.0018011
-0.0041539
-0.0099062
-0.0021557
0.0057189
-0.0088763
-0.0010622
0.0081676
-0.0051788
0.0087255
-0.0096511
0.0007415
-0.0098856
0.0070976
-0.0064822
0.0058125
-0.0055389
6.33e-5
0.0009074
0.0041313
0.0037489
-0.003372
-0.0004824
0.0081668
0.0016287
-0.0080983
-0.0030277
0.0036603
0.0011152
0.0011305
0.0036947
-0.008236
-0.0066417
0.0081612
-0.0068498
-0.009196
0.0097428
-0.0007157
-0.0094601
-0.0017916
-0.004347
-0.0028028
-0.0051641
-0.0053223
-0.0045092
0.0056157
-0.0020025
-0.0058081
0.0071276
0.0059882
-0.0036134
0.0078455
-0.0032822
0.008269
0.0022728
0.0039941
-0.0047254
0.0003479
0.0092343
0.0041125
0.0062475
-0.0003769
-0.0093544
0.0014217
-0.0005589
0.0029631
0.005993
0.004096
-0.0001162
-0.008297
-0.0083956
-0.0028097
-0.0094484
0.0080071
0.0097124
0.0043428
0.0088696
0.0026956
-1.98e-5
-0.0008832
-0.0032302
-0.0033263
0.0078237
-0.0020498
0.0032184
0.0095249
0.0084003
-0.0079301
0.002181
0.0070865
-0.0041561
0.0054961
0.0025389
0.0039749
0.0012463
0.0004134
-0.0078688
-0.0063964
-0.0098497
-0.0053255
0.0083977
-0.0071535
-0.0012745
0.0059117
-0.0081164
0.0071658
0.0068458
-0.0069507
0.0083254
-0.0025105
0.0005904
0.0086533
0.0067997
-0.0024833
0.0029564
-0.0067514
-0.0020403
-0.0058679
0.0053252
-0.0061851
-0.0070322
-0.0017216
-0.0071468
0.0042886
-0.0044108
-0.0071226
0.0035406
0.001156
-0.0063429
0.0073333
-0.0025065
0.0024447
0.0059317
-0.0061991
-0.0059741
0.007312
0.0008638
0.0084322
0.0024828
-0.0094329
0.0060834
0.0056504
0.0014108
0.003201
0.0066634
0.0062906
-0.008491
-0.0038818
0.0088203
-0.0013029
0.0051837
-0.005182
0.0069525
0.0050304
-0.0088838
0.0011044
-0.005425
0.007026
-0.0065255
0.0043879
-0.0056219
0.0074271
-0.005828
0.0052364
0.0097315
0.0058187
0.0095765
0.0052316
0.0067878
-0.0013029
0.0006368
0.0094709
0.0074467
0.0039452
0.0013983
0.0003255
-0.0031107
-0.0085451
-0.0030012
0.0019388
-0.0099659
-0.0068573
-0.0019182
0.0051193
-0.0013915
0.0057177
-0.0008726
0.0056666
0.0011258
0.0048553
0.0085409
-0.0022259
0.0005214
-0.0077999
-0.0067601
-0.0067271
0.0087582
-0.0021403
-0.0010683
0.0060234
0.0069181
0.0019834
0.0008758
-0.0065321
-0.0003514
0.0074911
0.0018352
-0.0022901
0.0088045
-0.0045069
0.0051589
