0.0038264
0.0040325
-0.0037984
0.0003578
0.0077505
-0.0044022
-0.0047595
-0.008415
0.0079469
-0.0067574
0.0053499
0.0073907
0.0091463
-0.004201
0.0052739
-0.0027733
0.0047176
0.0056027
-0.0074144
0.0098459
0.0042223
0.0049008
0.0029902
0.0075463
0.0035624
0.0029317
-0.0009659
-0.0099285
-0.0072034
0.0092822
-0.0067656
-8.4e-5
-0.0049966
0.0030742
0.0008329
0.0002278
0.0009853
-0.0003165
0.0030163
-0.0017511
0.0035482
-0.0008204
0.0082631
0.0049973
-0.0065274
0.0002752
-8.11e-5
-0.005555
-0.0043143
0.0060538
-0.008029
-0.0006412
-0.0083818
0.0074716
-0.0056122
-0.0014349
-0.0059327
0.007599
0.0012815
-0.0076567
-0.0043961
0.0076579
0.005972
0.0064702
-0.0013173
-0.0056499
0.000831
0.0070998
0.0044332
0.0097041
0.003408
0.0092945
-0.0084936
-0.0099846
0.0083201
0.0046697
-0.0010141
8.49e-5
0.0087984
0.008271
-0.005135
-0.0070405
-0.0037616
0.0071605
-0.0048442
0.0088813
-0.0060403
0.0016825
-0.0018039
0.0025723
-0.0003679
-0.0096247
-0.0046168
-0.0030357
-0.0009976
0.0056618
-0.0012888
-0.0069996
0.0068492
0.0067948
-0.0003589
-0.0064296
0.0013938
7.25e-5
0.0027994
0.0047639
-0.0041262
-0.0055055
-0.0049829
-0.0054745
-0.005715
0.001509
0.0076407
-0.0067791
-0.0072033
0.000233
-0.0073788
0.0005262
0.0014864
0.0045289
0.0047644
0.0016701
-0.0031086
-0.0037286
0.0075277
0.002414
-0.0063938
0.008993
-0.0028455
0.0089791
0.0090938
0.0049219
0.0019249
-0.0075773
-0.0038813
-0.009626
-0.0071172
-0.0071405
-0.0071606
0.0013593
-0.0032369
-0.0072596
-0.0072456
-0.0029707
0.0064669
0.0044761
-0.0079823
0.0032539
-0.0085147
0.0058242
-0.0073068
0.0051362
0.0038959
0.0086091
-0.0051338
-0.0098992
-0.0054393
0.0066489
-0.009856
-0.0097404
0.0086889
0.0031848
0.0039683
-0.004578
0.0073046
-0.0002445
-0.0076527
0.0081246
0.0083696
0.0062207
0.0034388
-0.0048569
0.0079883
-0.0003005
0.0004887
-0.0063205
-0.0094937
-0.0036514
0.0069443
0.0079888
0.0046496
-0.0064926
-0.0018874
-0.0093287
0.0005995
-0.0032193
-0.0043223
-0.0015964
0.0033978
0.009427
0.0049902
-0.0005042
0.0048033
-0.0078761
-0.0002074
0.000733
-0.0067563
-0.0073308
-0.0010987
-0.0071026
-0.0083313
-0.0007592
0.0004374
-0.0079693
-0.008231
7.16e-5
-0.0001442
-0.0028823
-0.0036095
0.0077452
0.0072979
-0.0003049
0.0081383
0.0060092
-0.0076921
-0.0052775
-0.00254
0.0063019
-0.0091849
-0.0001063
-0.0066634
-0.0083923
0.0092269
-0.0060556
0.0072771
-0.0005067
0.0064868
-0.0082715
0.0082923
0.0012074
-0.0069003
-0.0016628
-0.000286
0.0011898
0.0080362
-0.0011313
-0.0089468
0.0077296
0.0038623
-0.0009703
0.0056622
-0.0071209
-0.0065655
-0.0060807
-0.0060149
-0.0010128
0.0070909
0.0032843
-0.001756
0.001989
0.0031557
0.0084983
-0.0092567
-0.0035304
-0.0064387
-0.004
0.0095213
-0.0034165
0.0082519
0.0006163
0.001632
0.0068737
-0.006309
-0.0062997
0.0042716
0.0056409
0.0041153
0.0089864
0.0047111
0.0011795
0.0083039
-0.0022242
-0.0018666
0.0012578
0.0089349
-0.0092225
0.0041546
-0.0056219
0.0047555
-0.0008477
-0.0096541
-0.0030182
-0.0028954
0.0002901
-0.008575
0.0077545
-0.0031377
0.0090431
-0.002792
-0.0043222
-0.0093276
0.0004662
-0.0068381
-0.0084825
-2.64e-5
-0.0089913
0.0028961
0.0011392
-0.0054124
-0.0019844
-0.002222
-0.00996
0.0095648
0.0005932
0.0028712
9.69e-5
0.0030299
0.0075813
-0.00383
0.0093933
0.0026388
0.0001584
0.0010092
-0.005623
-0.0032361
-0.0038148
0.0064726
-0.0017089
-0.0052898
-0.0070678
0.0062202
0.0037381
-0.0080622
-0.0023345
0.0039876
-0.0066466
-0.0013997
-0.0085161
-0.0055336
-0.0039524
0.0019272
-0.0089968
0.0025028
-0.0075719
0.0006231
-0.0023479
0.0055168
-0.0009065
-0.0019696
-0.0072715
-0.0007193
0.0063943
-0.0048647
-0.0029931
0.0066675
0.0072638
0.0034074
0.0015146
-0.0009519
0.0073158
0.0038896
-0.0057555
-0.0005584
-0.0070299
-0.0071624
0.0006621
0.0043335
0.0089727
9.64e-5
-0.0042484
-0.0069741
-0.0065394
0.0010417
0.0061882
0.0078359
-0.0052286
0.0066341
0.0011925
0.0011166
-0.0022562
-0.0037601
-0.0013065
-0.0050591
-0.0052969
-0.0065585
0.0020194
-0.0029878
-0.0013835
0.0015473
0.002553
-0.0068195
0.0066954
0.0084477
0.0005055
-0.0015653
0.000959
0.0032711
0.0022014
0.007976
-0.0057679
-0.0092927
0.0069296
0.0043196
0.0053631
0.0082112
0.0056075
-0.0082984
0.0022072
0.0070585
0.0041673
0.0061484
0.0090459
-0.0042278
0.0017508
0.0062057
0.0081858
0.0032736
-0.0024886
0.001624
0.0098983
0.0005958
-0.0092212
-0.001225
-0.0055299
-0.002301
0.0016211
-0.0073938
-0.0027596
0.0083286
0.0012462
-0.0071316
0.0089102
-0.008166
-0.008948
-0.0046479
0.0043875
0.0010097
-0.0037113
-0.0074294
0.0096386
0.0080144
0.0077432
0.0097158
-0.0086564
0.0036805
-0.0046507
-0.0059884
-0.0026226
0.0037833
-0.0011127
-0.0081325
-0.0009246
0.005809
-0.0070471
-0.0071421
-0.0044102
-0.0037337
-0.0092029
-0.0028435
0.0053278
-0.0057661
-0.0085847
0.006899
0.0086835
0.0044337
0.0069806
0.0036499
0.0097331
0.0025897
-0.0059403
-0.0026292
-0.0056486
0.0012961
-0.009016
0.0052776
0.0008755
-0.0025445
-0.0070797
-0.0081509
-0.0014862
0.0051723
0.0029142
0.0093241
0.000323
0.0024692
-0.0035944
0.0050632
-0.0094809
-0.0087626
0.0066093
-0.0081158
-0.0086399
-0.0028538
0.0032874
-0.0043755
0.0006105
0.0031774
0.000732
-0.0021819
-0.0014159
0.0040571
-0.005572
-0.0035415
-0.0056451
0.0015417
