0.0072379
-0.0006376
-0.0017687
-0.0035127
0.0059629
0.007621
0.0098238
-0.0042292
0.0008423
-0.0043528
0.0095631
0.0035065
-0.0094408
-0.0025841
-0.0054119
-0.0021361
-0.001357
0.007593
0.0071564
0.0013515
0.005442
0.0039762
-0.0022873
0.0075125
-0.0066444
0.0095018
0.0051634
-0.0023124
-0.0071864
0.0069997
-0.0078203
0.0062995
-0.0003739
-0.0085388
0.0054147
-0.003073
0.0048465
-0.0056977
0.0077782
-0.0018211
0.0053293
0.0058805
-0.0044873
-0.0054595
0.0006597
0.009057
0.0054972
0.006413
-0.0096764
0.0042338
-0.0093762
-0.0056327
-0.0024234
-0.0057252
-0.0058525
-0.0055533
-0.0031791
-0.0099662
0.0020652
-0.0046392
0.000201
0.0057491
0.0088218
0.0088879
-0.0038782
-0.0012134
-0.0082127
0.0058594
0.0088813
-0.0061137
-0.004391
0.0053239
-0.0006159
0.0046727
0.0065285
0.0011755
0.0061869
0.0079417
-0.0015722
-0.0051593
-0.0006046
0.0067816
0.0033424
0.0032179
0.0093007
-6.58e-5
-0.0092159
0.0058806
-0.0076441
0.0002718
0.002907
-0.001211
0.001927
-0.0086986
0.0019055
0.0073647
-0.001336
-0.0095397
0.0087768
0.0078286
0.0035323
-0.0015629
-0.0022605
-0.0041037
-0.0001696
0.00942
0.0083461
-0.0044338
0.0052468
-0.0067306
-0.0046367
-0.0006982
0.0040811
-0.0025349
-0.0004181
0.0047345
0.0040948
-0.0054939
-0.0086611
-0.0049493
-0.0022592
-0.0024386
-0.0039046
0.005069
-0.0043623
-0.0053538
0.0016972
-0.0013536
0.0042074
-0.001107
-0.0001042
0.0092389
-0.0027718
-0.0085998
-0.0056378
-0.0001147
-0.007562
-0.0053964
-0.00455
0.0040457
0.0086956
-0.0038683
-0.0058287
-0.0097347
0.0015176
-0.0075182
0.0013267
-0.0042609
-0.0070751
-0.0012578
-0.0089511
-0.0082286
-0.0056651
-0.0013512
0.0092456
-0.0014535
0.0026454
0.0017427
-0.0016091
0.008826
-0.0084678
0.0003698
0.0086307
0.0061498
-0.0092504
0.0053492
0.0004242
0.0042526
0.0055719
-0.0074783
0.003036
0.0066236
0.0026547
-0.0035375
-0.0089388
0.0078044
-0.0043106
-0.0062553
-0.0008579
-0.0007641
-0.0067964
-0.0050083
0.0043258
0.001981
0.0051923
-0.0032443
0.0052038
-0.0076688
-0.0097498
0.0061902
-0.006596
0.0057776
0.0013632
0.0017073
0.0055768
-0.0077009
0.0094418
0.0092555
-0.0072056
0.0067256
0.0055597
-0.0085888
0.0047466
-0.000396
-0.0089949
-0.0060486
-0.0020572
-0.0076557
0.0095313
-0.0032501
0.0045533
-0.0063234
0.0044845
-0.0021386
0.0022955
0.0051088
0.0036989
0.0098838
0.0024666
0.0079631
0.0012321
-0.0036411
-0.0011761
0.0079882
0.0058247
0.003963
-0.0081278
-0.0076251
0.0036496
-0.0058427
-0.0071767
0.0056929
0.0005423
0.008284
0.0035752
0.0060624
0.0045037
-0.0007747
0.0071121
-0.0048133
0.00056
-0.0035457
0.008105
-0.0034542
-0.0091729
-0.0093869
0.0053534
-0.0029888
0.0063815
-0.0033228
-0.0036207
0.0004879
0.0090892
-0.0070437
-0.00961
-0.0079474
-0.0078295
-0.0085261
0.0041348
-0.0028081
-0.0007515
-0.0003921
0.007307
0.0015592
0.0082959
-0.0098993
0.0041558
-0.0060912
-0.0068961
-0.004337
-0.0080684
0.0092448
-0.0073444
0.0010389
-0.0086062
-0.0025041
0.0090831
0.0092727
0.0025371
-0.0057007
0.0094015
0.0015855
-0.008758
0.005123
0.0060366
-0.0015258
0.0036683
-0.0039463
0.0097472
0.0016154
0.0055876
-0.003897
-0.0077238
0.0076974
-0.0019844
-0.0056735
-0.002704
0.0082194
-0.002028
0.0058413
-0.001299
-0.0072485
-0.0065432
-0.0063455
-0.0005804
0.0064711
0.0022624
0.0051415
0.0044551
-0.0084941
0.0019199
0.0099087
0.0044744
-0.0034955
-0.0018764
-0.0016335
-0.0016003
0.0080336
2.04e-5
-0.0003335
0.0002452
-0.00846
-0.0073736
-0.0099762
0.0091953
0.0037105
-0.0059563
0.0046745
0.0029621
0.0041855
-0.0053765
0.0059937
-0.0023772
-0.0090418
0.0012134
-0.0062641
-0.0078762
0.0021472
0.0079778
-0.0007317
-0.0073708
0.0027478
-0.0030561
0.0034383
-0.0070435
0.001835
0.0029037
0.009961
0.0082558
-0.0035767
-0.0067622
-0.0079222
-0.0094436
0.0024222
0.0001261
-0.0014508
-0.0061963
-0.0082084
-0.0083529
-0.0070902
0.002966
-0.0011992
-0.0016547
-0.0050531
0.0070285
-0.0012255
0.0058641
0.000951
-0.007397
0.0025543
0.0074278
-0.0089763
-0.0028311
0.0098436
-0.0071261
-0.0004125
-0.0053465
8.4e-5
0.0088446
-0.0020013
0.0079834
0.0091487
-0.002883
-0.000704
0.0031846
-0.0036959
-0.0084775
0.0051407
-0.0082368
-0.0041211
0.007756
-0.0005206
0.0025438
-0.0078066
0.0018251
0.0043842
0.002154
-0.0082788
0.0041291
-0.0073789
0.0061518
0.0078898
0.0008042
0.0058951
0.004397
-0.0075247
-0.0015894
0.003867
-0.0037841
0.0061617
-0.0004839
-0.0056003
0.0074054
0.0077933
-0.0010496
0.0069669
-0.0011874
-0.0049638
-0.0037959
-1.76e-5
0.0088407
-0.0058778
0.0049932
0.0091363
0.006522
0.006701
-0.0071787
-0.0088803
-0.0004026
0.0020858
0.0008106
0.0067054
0.0006729
-0.0035764
-0.0092543
0.0047211
0.0022496
0.0001985
-0.0047509
-0.0082301
-0.009244
0.008085
0.0065744
0.0097732
-0.0010922
-0.0026028
-0.0072133
-0.002941
-0.0003284
-0.004254
0.0056328
0.0078726
0.0027888
-0.0061858
0.0006807
0.0044285
0.0020852
0.0034895
0.0055423
-0.0021405
-0.0004912
0.005034
0.0051224
-0.0073126
0.0037525
-0.0082853
-0.0058925
-0.0006249
0.0021145
0.0043333
-0.0038503
0.0050325
-0.0062487
-0.0012129
-0.0048963
-0.0023696
-0.0088913
-0.0072859
-0.0078637
-0.0051299
0.0019917
0.0080044
-0.0077273
0.004754
0.001824
-0.0043901
0.0043184
0.0015163
-0.0058379
0.0042123
-0.0044868
0.0001561
-0.0020153
-0.0038727
-0.0039761
