-0.0050867
-0.0091445
-0.0077698
-0.0044922
0.0064021
0.0089358
-0.0078243
-0.0028272
0.0093591
0.0008824
0.0092243
0.005588
0.0088555
0.0014532
-0.0069543
-0.0037936
0.0027273
0.0094053
-0.0042428
0.005548
-0.0010072
0.009423
-0.0044455
-0.0033766
0.0098028
0.0051365
0.0086927
-0.0060984
0.0093497
-0.0049384
-0.0027334
-0.0044055
-0.0040358
0.0028941
-0.0095641
0.002448
0.0054384
-0.0006219
-0.0090491
-0.0021018
0.0021379
0.0050269
-0.0072418
-0.0048277
0.0014922
0.0069527
0.0033264
-0.0074407
-0.0081819
-0.0053863
0.0015637
0.0095567
-0.0053977
0.0056629
-0.005944
0.0068493
-0.0019899
-0.0024001
0.0010678
0.0095898
0.0057599
0.0099644
-0.0033369
0.0068655
-0.0012237
-0.0091531
0.0009953
-0.0096767
0.0012623
-0.005021
0.0018285
-0.0015747
-0.0049557
0.0053408
0.0084377
0.0055592
0.0079425
-0.0088437
0.0096091
-0.0047027
0.0083975
-0.0099622
-0.0088397
-0.001782
0.0060549
0.0054897
0.0021446
0.0034049
-0.0072532
0.0021867
-0.0090719
-0.0024735
0.0034876
-0.0043994
-0.0086264
-0.0016957
0.0003718
-0.0082185
-0.0078576
0.0063384
0.0093292
0.0096335
0.0090276
0.0086352
-0.0049031
0.0089853
-0.0055838
0.0049892
0.0050686
0.0061935
0.0047452
-0.0063343
-0.0088422
-0.0087545
-0.0053025
0.002153
0.004361
-0.0059146
-0.0040886
-0.0091163
-0.0036318
-0.0099168
0.0081141
0.002659
-0.0050869
-0.0094875
-0.0065912
-0.0036052
0.005708
0.0074472
-0.0021394
-0.0064232
-0.0058602
-0.0002525
-0.005355
0.0004928
-0.008904
-0.0091172
0.0095489
-0.001989
-0.009414
0.0016491
-0.0005921
0.0032123
-0.0040944
-0.0080664
-0.0087738
-0.0009282
-0.0033058
-0.0076126
0.0044991
0.0007547
0.0007208
-0.0074263
0.0024501
0.0070101
-0.0071048
-0.0087399
-0.0027583
-0.0025771
0.0032175
0.0087805
-0.0022322
-0.0049224
0.0014732
0.006323
-0.0031704
0.0061491
-0.0070924
-0.0040747
-0.0060784
0.009477
-0.0024009
-0.0052077
0.0005081
-0.0033176
0.0093429
0.007949
0.003718
0.001816
-0.0084994
0.0002775
-0.0075598
-0.0081065
-0.0098767
0.0067584
-0.0072687
0.009756
0.0043395
-7.47e-5
0.0050003
-0.0053953
0.0009519
0.008445
0.0013766
0.0087215
0.0007076
0.0057883
-0.0028821
0.0089957
-0.0084649
0.0071759
-0.001112
-0.00617
0.0015539
0.0004807
-0.0067082
-0.0022537
-0.0077963
0.0073392
0.004839
0.0067003
-0.0073077
2.38e-5
0.0047126
-0.0089297
0.0022378
-0.0036409
0.0046894
0.0010996
0.0085257
0.0045875
0.0002282
-0.0003997
-0.0046957
0.009807
-0.0079074
-0.0016329
0.009469
0.001905
-0.0017886
-0.0038725
-0.0094046
0.0077244
-0.0059846
-0.0072742
0.0010143
-0.0083348
-0.0018992
0.0093722
-0.0069367
0.0020418
0.0036823
0.0076003
0.0053705
0.0027528
0.0073867
0.0070765
-0.0069628
-0.0026498
0.0048886
-0.0016573
0.0047651
0.0048607
-0.0046652
-0.0096121
0.0020984
0.0049117
0.007511
-0.0025673
0.0048387
-0.007887
0.0071758
0.0033744
0.0062868
-0.0079033
0.0010894
0.0086136
-0.0015834
-0.0086663
-0.0002709
0.0074983
-0.0039103
-0.0005838
0.0072207
0.0067558
-0.0085022
0.0011877
0.0048623
-0.0064799
0.0011551
-0.0053413
-0.0001355
-0.0097933
-0.007664
-0.0013209
0.0026081
0.0037
-0.0025103
0.0025244
-0.001454
-0.0036507
-0.0064973
0.0084424
-0.0047348
0.0073418
-0.0048664
-0.0009418
0.006386
0.0079204
0.0033955
0.0097171
0.0031342
-0.0034112
-0.0061794
0.0040473
-0.0046541
-0.0002728
-0.0068584
-0.0025814
0.0039502
-0.0051279
-0.0009884
-0.0084146
0.0099611
-0.0051818
0.0087134
0.008054
0.0030278
-0.0076365
0.0091471
-0.0079696
0.0065385
0.0024747
0.0007837
-0.0094226
0.0088538
-0.0016421
0.0014627
0.009377
0.0067091
0.0048216
-0.0027661
-0.0015379
-0.0096964
-0.0067795
-0.0048791
-0.0047273
-6.11e-5
-0.0026934
0.0004371
-0.0068376
-0.0008571
-0.0022216
0.0076145
0.001173
0.0027367
0.0051213
0.0089013
0.0047604
0.0015602
-2.86e-5
0.0077356
0.0024427
0.0063944
0.0088893
0.0016489
-0.0004521
0.0063028
-0.0051361
0.0096616
-0.0050644
0.0022651
-0.004413
0.0044805
-0.0066729
-0.0058463
-0.0024786
0.0054942
0.005353
0.0082218
0.0070229
-0.0067501
0.0078092
-0.0087217
-0.0051874
-0.0022009
-0.0030866
0.0028562
0.0029737
0.0091207
-0.0076801
-0.0018664
0.0087722
-0.0089188
0.0069841
-0.0026796
0.0049158
0.0064251
0.0088158
-0.0052356
0.0083481
0.0032741
-0.0091777
0.0048444
-0.0090986
-0.0097432
0.0068634
-0.0074848
0.0077178
0.0049959
0.004838
-0.0017815
0.0028342
0.0062058
-0.0047337
0.0022925
-0.0006246
0.0085446
0.0016684
-0.0005946
0.0039399
0.0006845
0.0038708
0.0071918
-0.0012478
-0.0039122
-0.0044264
-5.9e-6
-0.006108
-0.0013714
-0.0044358
0.009568
-0.0023914
-0.0022314
-0.0011798
-0.0053246
-5.38e-5
0.0074624
-0.0034314
-0.0006912
0.0006695
-0.0055363
0.0043886
0.005455
-0.0062311
0.0082846
5.89e-5
0.0025023
-0.0005771
0.0056242
0.0048221
0.0074827
0.0050684
-0.0073116
-0.0071715
0.0097911
-0.0038994
-0.0063915
-0.0036126
-0.0040552
0.0068483
0.0050543
0.0005404
-0.0042651
-0.0003982
-7.32e-5
-0.0094466
0.0081435
-0.0060527
0.0013049
0.0063331
-0.0094527
-0.0018745
-0.0071026
-0.0001033
0.0040344
0.0062384
0.0057454
0.0022323
-0.0026388
0.0076165
-0.0050345
-0.0003279
0.0048989
0.002498
-0.0013195
-0.0091082
-0.0001699
-0.0011874
0.0064737
-0.0044585
-0.0067497
-0.0014181
-0.0050731
-0.0046672
-0.0076927
-0.0022041
0.0091578
-0.0056103
0.0048216
-0.0028709
0.0073077
0.0026117
0.0085787
