0.0083801
-0.0029507
-7.65e-5
0.0014451
-0.0066202
-0.0049699
0.0069961
0.0002753
0.00083
0.0052009
-0.0029255
0.0038348
-7.92e-5
-0.001676
0.0078896
-0.0006237
0.0053274
-0.007513
0.0003754
-0.0026093
-0.0056522
-0.0052485
0.0090972
-0.0036432
0.0040156
0.0039899
0.0087245
-0.003065
-0.0042678
0.0054559
-0.0051279
0.0063186
-0.0052648
0.0008881
-0.0043604
-0.002671
-0.0061911
-0.0068351
0.0092051
-0.0070712
0.0075337
0.0057745
-0.0068162
0.009555
-0.0031078
-0.002977
0.0076526
0.0039484
0.0064393
0.0005917
-0.0073705
-0.0014485
-0.0082178
0.001392
0.0080443
-0.0031085
0.0060488
-0.0082174
-0.0038143
-0.0088418
-0.0033154
-0.0002365
-0.003359
-0.0056994
-0.0008175
0.0079362
0.0091027
-0.0063745
-0.0033102
0.000169
0.0045318
0.0029899
-0.0063389
-0.0013798
0.0022055
-0.0064792
0.0037667
-0.004871
-0.0024769
-0.0041865
-0.0073159
5.76e-5
-0.00964
0.000704
-0.0043661
-0.0018266
0.0065076
-0.0029574
-0.0072171
0.0098294
-0.0013592
-0.0040921
-0.0024612
0.0076828
-0.0058831
-0.0052901
-0.0010812
0.0076764
0.0024591
-0.0075839
0.0067148
-0.0010488
-0.0038906
-0.0045299
0.0053648
-0.0026674
0.0057268
-0.0077307
-0.0034184
0.0023664
-0.0079437
0.0083584
-0.0065571
-0.0004095
0.0004739
-0.0020399
0.0073418
-0.0092739
0.0077433
0.004174
-0.002506
-0.0065949
0.0005344
-0.0082719
-0.0067486
-0.0056185
-0.0062787
7.03e-5
0.0081641
0.0017407
-0.000102
0.0083438
0.0059821
-0.0074007
0.0033172
-0.0001078
0.0065017
0.0032265
0.0046804
-0.0095994
0.0071313
0.0015101
0.009664
0.0046276
-0.0080729
-0.0033661
0.0030264
0.0073068
0.0082202
0.0033616
-0.0024566
0.0043217
-0.0047769
-0.0054234
-0.0089044
0.0022661
0.0050251
0.007786
0.0045985
-0.0038856
0.0005807
-0.007651
-0.0090903
-0.0002837
-0.0045954
0.0001615
0.008077
-0.003336
0.0008306
-0.004972
-0.0096636
0.0061315
6.72e-5
-0.0025441
0.0085467
-0.0055527
-0.0066995
0.0049251
-0.0044725
0.0038845
0.0095515
0.0028447
0.0057594
0.0085601
-0.0052792
-0.0015355
-0.0002003
-0.0089198
-7.7e-5
0.0074751
0.0036314
0.0053531
2.7e-5
0.0016608
0.0036956
0.0076566
-0.0079785
-0.0096919
-0.0029474
0.0010898
0.0076606
-0.0054842
0.0070591
-0.0054357
-0.0072953
-0.0050675
-0.0043779
0.0090054
-0.00912
-0.0049426
0.0002722
-0.001202
0.0050227
0.007621
0.0013195
-0.0088313
0.0064078
0.0037884
0.0011015
-0.0081227
-0.0045981
0.0006776
-0.0036014
0.0086742
-0.0045081
-0.0049497
-0.005436
0.0003101
-0.000158
-0.0066376
0.0078331
-0.003811
-0.0043296
0.0083389
0.0068811
0.0014427
-0.0018494
-0.0080077
0.0016916
0.0076142
-0.0090571
0.0058749
-0.0050645
0.0072272
-0.0095527
-0.0099317
0.0017317
-0.0076143
0.0061757
-0.0039062
-0.0058841
0.0018238
-0.006464
-0.0011203
-0.0054683
-0.0033529
0.0089951
-0.00015
-0.0055392
-0.0095787
-0.0032936
0.0071923
0.0082156
0.0045906
0.0076504
0.0045139
0.0063102
0.008977
0.000377
-0.0092624
-0.0087674
-0.0048643
-0.0031013
-0.0089804
-0.0087494
0.0060133
0.0058023
-0.0078346
-0.0049308
0.0005949
-0.0014693
0.0058017
-0.0001497
-0.0074792
-0.0052046
0.0098163
0.0006764
0.0033747
-0.0036423
0.000543
0.0006563
0.0055506
0.00233
-0.0091257
-0.0068226
-0.0041661
0.0019776
-0.0058594
0.0060484
0.0076244
0.0023214
0.0064229
0.0089403
0.0092366
-0.0024006
0.0023366
0.0069925
0.0013403
0.0089261
-0.0079809
-0.0030693
-0.0029066
0.0007672
-0.0066225
0.0040152
0.0079337
-0.0043023
-0.0055319
-0.0031445
-0.0090092
-0.007283
-0.0097827
-0.0001831
-0.00541
0.0068618
0.0096806
-0.0085987
0.0031583
-0.0089236
0.003963
0.0022926
0.0084403
-0.0036072
-0.0080368
0.0006029
0.008504
0.0019847
0.0019116
0.0007398
-0.000763
0.0029609
0.0005707
-0.0054252
0.0042602
0.0070489
-0.0057798
0.0072119
-0.0075487
0.0085593
0.0072017
0.0034515
0.0051051
-0.008271
0.0057444
-0.0017262
0.0087146
-0.0007292
0.0002157
0.0036932
0.0095694
0.00326
0.0082245
0.0077402
-0.0094551
-0.0030876
-0.0005423
-0.0004793
0.0016587
-0.0020639
0.0036676
0.0020761
0.0065299
-0.002822
-0.0007977
-0.0061426
0.0073453
-0.0085493
-0.0096751
0.0020113
0.0063166
-0.0050093
-0.0080011
-0.007361
0.0053497
0.001557
-0.0091284
0.0019677
0.0089677
-0.0002757
-0.0063395
0.0080615
-0.009593
-0.0047682
0.0010434
-0.0041474
-0.0015057
-0.000632
0.0046252
0.0081497
0.0093085
0.0003959
-0.0094884
0.0071716
-0.0098617
-0.0057079
-0.0009247
-0.0018434
-0.0030762
-0.001024
0.0027841
-0.0029186
0.0038497
0.0060551
-0.0061674
0.0096322
0.0092052
-0.0016046
0.0023436
-0.0078362
0.0095988
0.0078717
-0.0093913
-0.0043114
0.0061791
0.0021633
0.0015767
0.0061425
0.0075004
-0.0087227
-0.0013199
-0.0092329
-0.0034118
0.0063297
0.0017499
0.0036562
-0.0078194
0.0095693
0.0089466
-0.0058366
0.0096575
-0.0071476
0.0056154
0.0038523
-0.0059404
-0.0032889
0.0089745
0.0017874
0.0011665
-0.0050075
0.0011607
-0.0009316
-0.000866
0.0036607
-0.0026535
0.0013496
-0.0056231
-0.0010512
0.0099319
-0.0055253
-0.0083993
-0.0067604
-0.0078632
-0.007562
-0.0095967
0.0089997
0.0037374
0.0078771
-0.0076007
0.0078421
0.0067099
-0.0012635
0.0076549
-0.0010819
-0.0008793
0.0093025
0.0067805
0.002558
0.0072244
-0.0079806
-0.0054448
0.0064732
0.008313
-0.0078345
-0.0045773
-0.0008322
0.0086958
0.0053791
0.0021681
-0.0090627
-0.0043836
0.0047259
-0.0034891
-0.009634
-0.0091307
0.0073908
