-0.0001394
0.0025521
-0.0095006
-0.0003533
0.0084606
-0.0042757
-0.0061627
-0.00797
-0.0030113
0.0052702
-0.006209
0.0051016
0.0018654
0.0027062
0.0021182
0.0048485
0.0059394
-0.0048795
-0.0051938
3.84e-5
-0.0074847
-0.0030926
-1.54e-5
-0.0029525
-0.0055911
-0.001485
0.0021903
0.0012543
0.0076207
0.0012818
-0.0079894
-0.0016772
0.006815
0.0062506
0.0084275
-0.0071359
-0.0038472
0.004531
-0.0090174
-0.0049383
0.0022793
0.008343
0.0082306
0.0004692
0.0058728
-0.0020508
0.0038361
0.0095319
0.0048302
-0.0078276
0.0021016
-0.0018631
0.0015173
-0.0069263
-0.0061606
0.0055978
0.0089644
-0.0069297
-0.0049655
-0.007121
-0.0009529
0.0091838
-0.0064267
-0.000557
0.0026482
-0.0026485
-0.008317
-0.0049123
0.0068894
-0.004216
0.00651
-0.0097534
0.0097639
0.0088408
-0.0076754
-0.0097826
-0.0088021
0.0092373
0.0030978
0.0019038
-0.0039319
-0.0071895
-9.16e-5
0.0012957
-0.0035501
0.0069498
0.000328
0.0052723
0.0075801
0.0055056
0.006626
0.00343
-0.0011645
-0.0023345
-0.0015425
-0.0061475
-0.00015
-0.0030939
-0.0027414
0.0018131
0.0062257
0.0081483
0.0020043
0.0043057
0.0052344
-0.0080575
-0.0086946
0.0005693
0.0063503
0.0039814
0.0005953
0.0028987
-0.0057552
0.0084686
0.0033406
0.0001637
0.00917
-0.0067471
-0.0074737
0.003105
0.0033741
-0.0072273
0.0032667
0.0068679
0.005807
0.0016096
-0.0052101
0.0028102
-0.002861
0.0045013
0.000421
-0.0036853
0.0014984
0.0059698
0.0037617
-0.006719
-0.0034664
0.0026693
0.0070768
-0.0062894
-0.0011493
-0.0003719
-0.0018621
-0.0060124
0.0080417
-0.0066484
0.0019841
-0.0051229
0.0047006
-0.0029008
-0.0034675
-0.0098563
0.0046859
0.0082589
0.0018394
-0.0086762
-2.01e-5
-0.0007068
-0.0089439
0.0053732
-0.0033384
0.0069095
0.00718
0.0045487
0.009835
0.0004469
0.002682
0.0008076
0.0071035
-0.0083359
-0.0054239
0.0041102
0.0096572
0.0016787
-0.008154
-0.0099966
0.0063798
0.0068125
-0.0027712
-0.0041678
-0.0033611
-0.0019154
0.0093232
0.003286
-0.0048643
0.0024928
-0.0010036
-0.0061811
-0.0071471
0.0027213
0.0005539
0.0031209
0.0057797
0.0085894
-0.0061271
0.0050735
-0.0005016
0.002417
0.0045147
0.0026317
-0.0056874
-0.007014
-0.004463
-0.0020651
-0.0064789
-0.0069573
0.0055706
0.0068618
0.0006233
0.0011173
0.0052282
0.0092123
0.0035444
0.0012562
-0.0012793
-0.0048579
-0.005154
0.0039413
0.0032865
-0.0010737
0.0059846
-0.0057709
0.0098128
0.0061899
0.0028725
0.0017166
0.0044813
-0.0061662
-0.0072828
0.0086417
0.004773
0.0001845
0.0034934
0.0024367
-0.002051
-0.0013524
-0.0012056
0.0088217
-0.0082714
-0.0039509
-0.0084912
0.0017697
0.000139
0.0014279
-0.009563
0.0079988
0.002295
-0.0042388
0.0014072
8.3e-5
-0.0019221
-0.0089382
-0.0019683
0.0041096
0.0085705
0.0033465
-0.0060786
-0.0085343
0.006215
0.0030429
0.0028723
-0.0037887
0.0010723
-0.0032729
-0.0079849
0.0077897
-0.0019171
0.0033297
0.0070034
-0.009221
-0.0089658
-0.0037891
0.0055667
-0.0039406
0.0049373
-0.0066288
0.0042423
-0.0093165
0.0042796
-0.0081573
0.0017462
0.00026
0.000189
-0.0010504
-0.0028057
-0.0085431
0.0063126
0.009404
0.0074533
0.0076306
-0.005579
0.0077188
-0.0075762
-0.0058335
0.0039447
0.0083702
-0.0039585
-0.0063749
0.0038316
-0.0086721
0.0070951
0.0025291
0.0074841
-0.0082913
0.0042264
-0.0080457
-0.0095903
0.0076836
0.0003332
-0.0019573
-0.0044289
0.0006047
0.0054616
0.0047874
-0.0009885
-0.0097662
0.0037778
0.0016784
0.0095513
0.0023383
-0.0069567
0.0062886
0.005907
0.0090862
0.0081094
-0.0012822
-0.0044655
-0.0092637
0.0042189
0.0058033
-0.0006778
-0.0095364
-0.0014533
-0.0089276
-0.000748
-0.0056845
0.0063475
0.0027298
0.0048833
0.0042725
-0.0052035
0.0006878
-0.0098902
0.0079639
0.006987
-0.0067181
-0.0094465
-0.0048188
0.0007958
-0.0082384
0.0051322
-0.0039433
-0.0099347
-0.0046507
-0.0015935
-0.0027429
-0.0009068
-0.000978
0.0086352
0.0099713
-0.0099714
-0.0046241
-0.0035495
-0.0082203
0.0093685
0.0017008
-0.0093198
-0.0033769
0.004902
-0.0031433
-0.0023567
-0.0088112
-0.004991
-0.0024396
0.0091422
0.009599
-0.0051877
-0.0005871
0.0003941
-0.0096554
-0.0053047
-0.0096227
0.0072487
-0.0045554
-0.0033529
-0.00734
0.0098899
-0.0088374
0.008545
0.0032781
0.0013833
-0.0030352
0.0039345
-0.0061323
-0.0002982
0.0083814
0.0012123
0.0056876
-0.0070319
0.005861
0.0033464
0.0009964
0.004937
0.0020854
-0.0068393
0.0041501
-0.0091002
0.0017174
0.0022138
-0.0023404
0.0086489
-0.0004738
0.002919
0.0096538
-0.0064287
-0.0007594
-0.0016159
0.0052392
-0.0050945
-0.0015299
0.0066529
0.0099592
0.0066681
0.0018951
0.0001104
0.001054
0.0038262
-0.0060734
-0.0045443
0.0059286
0.0041125
-0.0095395
-0.0017901
-0.0013999
-0.0024237
0.0001601
-0.006379
0.0034286
-0.0076568
0.0093653
0.0065746
0.0037018
0.0005164
-0.0005672
0.0069998
0.0079737
0.0075187
0.0084674
-0.0030943
-0.0080295
-0.0009788
-0.0041644
0.0054706
-0.0027164
-0.0093739
-0.0015124
0.0091958
0.0015947
0.0092494
0.0026224
-0.0084858
-0.0080871
-0.0043017
-0.0025507
0.0009892
-0.0080676
0.0011913
0.0040089
0.0091447
0.0007931
0.0091514
0.0032932
-0.0030924
-0.0042757
0.0053558
0.0014693
0.0083212
0.0071857
0.0021585
-0.0078522
0.0047863
-0.0062189
-0.0035294
0.0029772
0.0061614
0.0092433
0.0009905
0.0001036
0.0043915
0.0065012
0.0062488
0.0007378
0.0015537
0.0098144
0.0029808
