-0.0038786
-0.0095835
0.0005363
0.0034942
0.0069577
0.0036903
-0.0065326
0.0055428
0.0091038
0.0035217
-0.0061778
-0.0077111
-0.0011346
-0.005968
-0.0054376
0.0036015
0.0015951
0.0066788
0.0027555
-0.0043668
0.0032965
-0.0032867
0.0028686
-0.0074047
-0.0056046
-0.0035639
-0.0034992
0.008196
-0.0024846
0.0062943
-0.0009869
0.0037724
-0.002634
-0.0020794
-0.0072333
-0.0089453
0.0075241
0.0037058
-0.0001694
0.0052873
-0.0073976
0.0092527
-0.0085191
-0.0060486
-0.0061417
-0.0068368
-0.006461
-0.0007636
-0.0072481
0.0043386
-0.0074373
-0.0013006
-0.0081615
2.72e-5
0.0031244
-0.0047775
0.0089473
0.0007628
-0.0011311
1.84e-5
-0.0036733
-0.0047307
0.0014278
-0.0099027
0.0001081
-0.0028692
0.0001343
0.0090108
0.0045634
0.0078832
-0.0047698
-0.0089603
0.0070084
-0.0049681
-0.0093984
0.0090704
0.0045354
0.0086443
0.0092406
0.0015682
0.004144
-0.0027657
0.008646
-0.0056475
-0.0062344
0.0032985
0.0016583
0.0024363
0.0076825
-0.0023198
0.0021794
0.0063807
-0.0091879
-0.0089685
-0.0073999
-0.0003183
0.002226
-1.79e-5
0.0078605
0.0036973
0.0008302
-0.0028114
-0.0012256
-0.0023614
0.0054438
0.0045795
0.0045108
0.0005331
-0.0036024
0.0077939
-0.0038057
0.0040605
0.0029341
0.0049927
-0.008795
-0.0044873
0.0075613
0.0028139
0.0068591
0.0067558
0.0007723
0.0030791
-0.0046171
-0.0042573
-0.0070064
0.0083244
-0.0054527
0.0020937
0.0003849
-0.0046955
-0.0016093
-0.0087666
0.0095153
-0.0055671
-0.005924
0.0037058
0.0092024
0.0061373
0.0027395
0.0053913
-0.0092017
0.0047606
0.0030007
0.0077025
-0.0076988
-0.0084677
-0.0057266
-0.0062262
-0.0081
0.0074222
0.0002834
-0.003578
-0.0091907
0.0043447
-0.0045603
-0.004901
0.0069103
0.0061373
-0.0008074
-0.0036117
0.0023734
-0.009426
0.0080921
0.0033101
0.0018654
-0.0099614
0.0079508
-0.0034868
0.0018164
0.0094555
0.0047226
-0.0002199
-0.0099157
-0.0065387
0.0046593
0.0043365
-0.0095486
-0.0018758
-0.0045239
-0.0030611
0.0016394
-0.0031906
-0.0092884
-0.0040441
0.0031772
0.0057267
0.0018583
-0.0089988
0.0079741
0.0063123
-0.0029136
0.0064766
0.0056465
0.0034469
-0.0019759
-0.000726
-0.0066891
0.0029179
-0.0087985
-0.0009898
-0.0058096
0.0051293
-0.0037358
0.0096025
0.0059638
0.0088354
-0.0006211
0.0063379
-0.0072226
0.00178
-0.0099152
-0.002478
-0.0056892
-9.15e-5
0.001514
-8.82e-5
-0.0006869
-0.0063842
-0.0033052
0.0056517
0.002333
0.0097987
0.0010381
0.0093968
-0.0091912
-0.0091884
-0.0049195
0.0057055
-0.0068087
-0.0043668
0.005526
-0.0008756
0.0027519
0.0080944
0.001534
0.0013697
-0.007333
0.0078081
0.0039938
0.0028331
0.0071146
-0.0083062
0.0074342
0.0077398
0.0068794
-0.0087253
-0.009691
0.0079722
-0.0095356
0.0057121
-0.0093328
0.0094056
0.0099794
0.0022043
-0.0078042
0.0093346
0.0078888
0.0050461
-0.0076981
0.0055878
0.0081597
-0.0077024
0.0046316
-0.006423
0.0052581
-0.0013807
0.0082924
-0.0003595
-0.0028454
0.004112
0.0053964
-0.0035532
0.0006962
-0.0016492
-0.0058528
0.0066389
-0.0040714
0.0098085
-0.0084069
-0.0022927
0.0021151
-0.0047585
0.0058493
-0.0024616
0.0019531
0.0049694
0.0010857
-0.0023917
-0.0003274
-0.0084141
-0.0006656
-0.003332
-0.0065968
-0.0031511
-0.0058666
0.002779
-0.0036709
-0.0050129
-0.0003105
0.004073
-0.0013168
0.0008959
-0.0096764
0.0048292
-0.0050098
0.008174
0.0031217
-0.0076806
-0.009771
-0.0086362
0.0008367
0.004312
0.0047055
-0.0067115
-0.0094961
-0.005301
0.0041281
0.0018763
0.0024574
-0.0070681
-0.0061796
-0.0009263
0.0037735
-0.0050463
-0.0066583
0.0094148
-0.005382
-0.0062985
-0.004115
0.0067283
0.0066404
-0.009367
0.0070473
0.0089554
0.0053878
-0.0002933
0.008126
0.0075337
0.0072021
0.0022168
-0.0003561
-0.0075369
0.007818
-0.0012534
-0.0092036
0.0031148
0.0007068
0.0025557
0.0092914
0.0099924
0.0044358
-0.0025795
0.0076691
-0.005732
0.0061113
-0.008964
0.0058194
-0.0038314
0.0096408
0.0095262
0.0067787
-0.0012221
-0.0081069
0.0050559
-0.0099742
-0.0045485
0.0018447
-0.0044635
0.0074173
-0.0025762
-0.0083263
0.0019369
-0.0074801
-0.0093799
-0.0009404
0.0079583
-0.003305
-0.0009571
0.0073458
0.0015967
0.0047656
0.0009415
0.0025121
-0.007729
0.0029094
-0.0041088
0.0050736
-0.0024954
-0.003156
-0.0044386
0.0098419
0.0033916
0.0074765
0.0041479
0.0067828
-0.0069025
-0.0042699
0.0014104
-0.0023948
0.0040871
0.0035563
0.0008027
0.0002356
-0.0024196
-0.0072362
0.0006225
0.0062611
0.0063966
-0.0044035
0.0018069
-0.0035288
0.0031576
0.0083847
0.0032906
-0.0046029
0.0008876
-3.2e-6
-0.0032899
-0.0027565
-0.0087518
-0.0011183
1.19e-5
0.0035025
0.0043238
0.0057108
0.0072575
0.0017851
-0.0025414
0.0064702
-0.0050698
0.0001718
0.0011995
-0.0005797
0.0028057
-0.0017225
-0.0041543
0.000364
0.0036182
-0.0042022
0.0031739
0.0069055
-0.0026867
-0.0088474
-0.0012666
-0.0028869
-0.0091347
0.0048609
0.0002061
0.0009022
-0.0029915
-0.0038879
-0.0003587
0.0064978
0.0084583
-0.0061273
0.003587
0.0014878
-0.0041591
0.0035903
-0.00084
-0.0024033
0.009375
-0.0086482
0.0097151
-0.0048546
-0.005838
0.0006768
0.0069901
-0.0008697
-0.0074179
-0.0026956
-0.0030186
0.0065173
-0.0017563
0.0061535
0.0005037
0.0075116
-0.0062002
-0.0065371
0.0094636
-0.0024868
0.0090237
-0.0048428
0.0080876
-0.0035476
-0.0008921
-0.0039188
-0.0092276
0.0019512
0.0039121
0.0075024
0.0011905
0.0028367
0.0035876
0.0094198
