0.0024446
0.0003191
-0.0075988
0.0079847
-0.0069146
0.0073423
0.0047525
0.0044373
0.0048614
-0.0047289
0.0069006
-0.0016202
0.0028165
-0.0011741
-0.0040318
-0.0095176
-0.0063669
0.0001598
0.0023372
-0.0071757
-0.0010402
0.0024015
-0.0079749
0.0091485
-0.0010258
0.0045063
-0.0097194
-0.0035134
0.00511
0.001751
-0.0014898
0.0064675
0.0049901
0.0025398
-0.0029928
0.0006809
-0.002136
0.000255
0.006846
-0.0069117
-0.0077604
-0.0023179
0.0054719
-0.0097024
0.0054479
0.0057975
0.0023818
0.0054133
0.0021677
0.0006721
0.0078464
-0.0070732
0.0049065
9.89e-5
-0.0040932
0.0038454
-0.007656
0.008087
0.0064504
0.0087346
0.0034413
-0.0096092
0.0076652
0.007873
-0.0006723
0.0064766
-0.002307
-0.0069913
-0.0054645
-0.0037196
0.0026212
-0.0023572
-0.0020681
-0.0089194
0.0072309
0.0026459
0.0043267
-0.0055644
-0.0026381
0.0048049
-0.0038269
0.0049601
0.0071525
0.0013042
0.0008701
-0.0061344
0.0035436
0.0029333
0.0090701
0.0079702
-0.0002761
-0.0034232
0.0008965
-0.0082969
0.0068944
0.0041366
0.0034047
0.0073035
-0.0077977
0.0095386
0.0040165
0.0037922
0.0001094
0.0020717
0.000675
-0.0098834
-0.0088855
0.0050411
-0.0030111
-0.005937
-0.0011065
-0.0055272
-0.0056474
7.0e-5
-0.0042502
-0.00444
0.0048436
-0.0013485
-0.0023254
-0.0068886
0.0093023
-0.0071075
0.0037557
-0.0007478
-0.0094524
-0.002155
-0.0023327
-0.0035281
-0.0053905
0.0015521
0.0080866
0.0003886
-0.0016424
-0.0057631
-0.0080833
-0.0010465
0.0010246
0.0056385
0.000443
-0.0042949
-0.0072516
0.0066926
0.0017372
0.0017848
-0.0006159
-0.0041313
-0.0092289
0.0004354
0.0075483
0.0049744
0.0067377
-0.0049041
-0.0043336
-0.0055708
0.0065842
-0.004099
0.0043267
-0.0086976
-0.0021378
-0.0061978
-0.0093473
-0.0033651
0.0031019
-0.0093953
0.005957
0.0084011
0.0047817
0.0050955
0.0051272
0.0072577
0.005423
-0.0098033
-0.009462
0.0027954
-0.0013532
-0.005171
0.0091101
0.0073919
-0.0021169
-0.0092021
0.0003489
-0.0036704
-0.0056698
0.0056566
-0.0048702
0.0049139
0.0039085
0.0002864
0.0055819
0.0024644
0.0042465
-0.0067045
-0.003319
-0.0052531
0.0026168
0.0084162
0.0037218
-0.0019909
-0.0091738
0.0086458
0.0026027
-0.0017109
-0.0021768
-0.0061446
0.0048077
-0.0042683
-0.0009427
0.0011681
0.0038871
-0.008421
-0.007209
-0.0085604
-0.0059994
-0.0080517
0.002048
-0.0050361
-0.0001082
-0.0006991
-0.0062501
0.0066462
0.0051094
-0.0083564
-0.0023188
-0.0071917
0.0021697
-0.0015372
-0.0038693
0.0036574
-0.0043862
-0.0029284
-0.0094678
0.0095871
-0.0070179
0.0001743
0.0049284
0.0004743
0.0004696
-0.002852
-0.0052033
0.0091314
-0.0033729
-0.0098763
0.0022056
-0.0037292
-0.0006585
-0.005555
0.0036321
-0.0091626
0.0058715
0.0082339
0.0060486
0.0098333
-0.0046752
-0.0056089
0.0024844
-0.0044064
-0.0020986
-0.0035507
0.0054269
0.0006717
0.0001215
-0.0093514
-0.0079419
-0.0023087
-0.0024921
0.0068164
0.0092316
0.0082006
0.0053565
-0.0041715
-0.0069214
-0.008781
0.0052025
-0.0001451
0.0078745
-0.0069345
-0.0075404
0.0062167
0.0004166
0.0021606
-0.0085358
-0.0042725
-0.0023915
0.004675
-0.0047404
0.0068578
-0.0021428
0.0055715
0.0038541
0.0046247
0.0014711
0.0057037
-0.0016414
-0.0045693
-0.0028857
-0.0048899
0.0005736
0.0077432
-0.0003113
-0.0027596
-0.0047606
-0.0024974
-0.0073828
-0.0003082
-0.0002121
0.008695
-0.0016696
0.0010988
0.004305
0.0019584
0.0024216
-0.0014067
0.0081187
-0.0077571
0.0083634
-0.0074085
-0.0023349
-0.0027255
-0.0019341
-0.0008539
0.006373
0.0020138
-0.0015974
0.0068486
0.0086555
-0.0051784
0.0059131
-0.0062012
-0.001537
-0.005998
-0.0071647
-0.0038385
0.0020907
0.0025558
0.0067454
-0.0018475
0.0028176
0.001832
0.0098906
0.0098348
0.0087509
-0.0019349
0.0049301
-0.0007146
-0.0006591
0.0090759
0.0075676
-0.0079901
0.0095654
0.0071445
0.0053328
-0.0021855
0.0035373
-0.0046769
0.0060869
-0.0021069
-0.0009764
0.0069807
-0.0081502
0.0076321
-0.0035922
0.0080299
-0.0094725
-0.0064775
0.0018324
0.002921
-0.007664
-0.0092991
0.008379
-0.0056161
-0.0076568
-0.0016234
-0.0018143
-0.0019912
-0.0079884
0.0095275
-0.008915
0.0061442
-0.0092645
-0.0008748
-0.0080253
-0.0071822
0.0013062
-0.0046435
-0.0077306
-0.0069957
-0.0084988
0.0027424
0.0094468
-0.0071785
0.0087958
0.0033688
0.0091388
-0.0019284
-0.0037527
0.0055924
-0.0060409
-0.0089154
0.0053699
-0.0073149
0.0060854
0.007825
0.0042051
-0.0031017
-0.0051628
0.0054447
-0.0037242
-0.0070632
-0.0011892
0.0052693
-0.0003647
-0.0041634
0.0063159
-0.0088845
-0.0052143
0.0096759
-0.0085075
0.0024199
0.0017409
-0.0080234
-0.0055043
0.0095256
-0.00816
0.0092644
0.0023544
-0.0010319
0.0073594
-0.004344
0.0089584
-0.0080188
-0.0036722
-0.00577
0.0019143
-0.0042635
-0.0078282
-0.0070954
-0.0019717
0.0053458
0.0029327
-0.0045002
0.0009114
0.0053326
0.0089197
0.0025406
-0.0009402
-0.005684
0.0049831
-0.0045115
-0.0087274
-0.0037656
0.0038572
-0.0033175
0.0096747
-0.0010671
0.0088922
-0.0050097
-0.0006188
-0.0042362
0.0046241
-0.0080697
0.0073682
-0.0062273
-0.0097386
0.0068414
-0.0033737
0.0071068
-0.0063888
0.008367
-0.0086139
-0.0065385
0.0057668
0.0006388
-0.0070459
0.0025989
-0.0094073
0.0097996
0.0071505
-0.0043265
-0.0036232
-0.0069912
0.0008555
-0.0070271
-0.0056493
-0.0008032
0.0059354
0.0008613
-0.0042454
0.0042026
0.0092084
0.0067457
-0.006415
-0.0097024
0.0010318
0.0060596
-0.0099095
