0.0060506
-0.0003491
0.0096035
0.0074788
-0.003054
-0.0075578
0.0017617
0.0081278
0.0004309
0.0051123
0.0003352
0.0088169
0.0004023
-0.0022245
-0.0026639
0.0053454
0.0095736
-0.0022552
-0.0030349
0.006575
0.006554
-0.0039813
-0.0098289
-0.005569
-0.002991
0.0099976
0.0031107
-0.0066669
0.0056886
-0.0054195
-0.0051368
-0.0091001
0.0092207
0.0007775
0.0041685
0.0064075
0.0064849
-0.0009098
-0.0031615
0.0012131
-0.0030412
-0.0094273
0.0059066
-0.0005663
-0.001597
2.8e-5
0.0008955
0.0085881
-0.0030201
0.0039017
0.0065249
0.0043943
-0.0067672
-0.0018953
0.0023654
-0.0033154
-0.0057477
-0.008361
0.0050773
0.0094781
0.0090687
-0.0062553
-0.0093576
0.0085851
-0.0032291
0.0066811
-0.0081797
-0.0069233
-0.0017108
0.0058317
-0.0085011
-0.0054141
-0.0057894
0.0030176
0.0099226
0.0070124
0.0064639
0.0008381
-0.0023365
-0.0078713
-0.0036907
0.0075921
0.0030173
-0.0005363
0.0006472
0.0006251
0.0004569
0.006759
0.0042708
-0.0033183
-0.0066779
0.0059605
-0.0092395
0.0076117
-0.0011288
-0.0024404
0.0044478
0.0041054
0.0030704
0.0005827
-0.0054727
0.000506
-0.0043158
-0.006876
0.0023878
-0.0031937
0.0064845
-0.0058068
-0.0037269
-0.0077273
-0.0021287
-0.0085404
-0.0044387
0.0058401
-0.0055323
0.0032575
-0.0008288
-0.0006463
0.0007901
-0.0054188
0.0082734
-0.0087814
0.0043281
-0.0009551
0.0059048
0.005348
0.0068153
-0.0096459
-0.008392
-0.0074275
0.0050165
0.0011252
-0.0032152
-0.0021384
0.0036251
-0.0026953
-0.0034434
0.0033312
-0.0078886
0.0093895
-0.0066267
0.0057769
-0.004037
-0.0073811
0.0048761
-0.0029984
0.0014725
0.0055808
0.0090871
-0.0036773
0.0017651
-0.0096066
0.0049416
-0.0058463
-0.0036596
-0.0093075
-0.0099728
-0.0078208
0.0022335
-0.0047186
0.0057133
0.0057343
-2.03e-5
0.002902
0.0033447
0.0007512
0.0071734
-0.0021743
-0.0040029
-0.0062888
-0.0098515
-0.0056444
0.00039
0.0092435
-0.0026192
0.0043666
-0.0036998
0.0025583
0.0025861
-0.0055683
-0.0057712
-0.0076057
0.0086663
0.0025644
-0.0067519
-0.0089263
-0.0096611
0.0076534
0.0064917
0.0065473
0.0048016
-0.007812
-0.0055497
0.0049482
-0.0027133
-0.0079352
-0.0011675
0.0061438
-0.0017872
0.0010276
-0.0032988
-0.0073851
0.0014264
-0.0002486
0.0087628
0.0053356
0.0063121
0.0026639
0.0063159
-0.0082981
-0.0087462
-0.0030951
0.0096377
-0.0019691
-0.0049695
-0.0091349
0.0098495
0.0027209
0.0010005
-0.0021308
-0.0081776
0.0022204
-0.007783
0.004152
-0.0069053
0.0067026
-0.0022878
0.0039647
0.0018328
-0.0099912
-0.0011399
-0.0003512
-0.0040266
-0.007814
0.0065323
0.0029995
0.0010444
0.0022918
-0.0011088
0.007712
-0.0071902
-0.0026909
-0.009419
0.0004282
0.0049257
-0.0008764
0.0078455
-0.0082177
-0.0093242
0.0059898
0.0077275
0.0060849
0.0048426
0.0092166
0.0033551
0.0036963
-0.0031933
-0.0005519
-0.0069789
-0.003146
0.0072235
0.0033088
0.0004017
-0.0064833
0.0086928
-0.0088456
0.0002783
0.0056436
0.0091594
-0.003692
0.0077382
-0.0038254
-0.0027707
-0.0023837
0.0099451
-0.0001054
-0.0068701
0.0027743
-0.0084522
-0.0056751
-0.0022416
0.0052569
0.0045169
0.002897
0.0015166
0.0015409
-0.0037455
0.0041261
-0.0065994
-0.002655
-0.0090982
-0.0080143
-0.0020603
0.0008292
0.0057356
0.0066185
0.009462
-0.0077439
0.0054199
0.0046056
-0.0009601
-0.0053502
-0.0091011
0.0099406
0.001303
-0.00724
-0.0002228
-0.0066841
-0.007176
0.0072602
-0.0085487
0.0071876
-0.0099384
0.0059509
0.0030866
-0.0087201
0.005874
-0.0066408
-0.0088309
0.0081386
0.0089388
0.0098269
-0.0094153
0.0028176
0.0098825
0.0037639
-0.0023138
0.0029512
-0.0029394
0.0007701
0.0056068
0.008395
0.0066699
0.0075626
-0.0085341
0.0001687
0.0070427
-0.0003313
0.0024211
-0.0076188
-0.0037054
-0.008318
-0.0004512
-0.0084902
-0.0030521
-0.0087019
-0.0016588
0.0082385
-0.0016885
-0.0021588
-0.0019722
-0.0008146
0.0089012
-0.005882
-0.0002187
0.0088938
0.0072926
0.0096712
-0.0056903
-0.0014884
-0.00085
-0.0020789
-0.0093273
0.0048707
0.0062951
-0.0012614
0.0007656
4.37e-5
0.0037218
-0.0046521
0.0027468
-0.0020066
0.0033991
-0.004522
0.0012475
0.0086765
0.0020813
0.0017551
0.0033042
-0.005294
0.0039448
0.0088014
-0.0030261
-0.0030247
0.0043629
0.0013703
0.0032123
0.0097714
0.0055177
0.0036585
-0.0001634
-0.0025211
-0.0014713
-0.0015527
-0.0064714
0.0098851
-5.28e-5
0.0085938
0.0067409
-0.0041089
-0.0007091
0.0048445
-0.0021003
-0.0012613
0.0061047
-0.0013405
-0.0028157
0.0020644
0.0088611
-0.0076889
0.0060385
0.0053678
-0.0063525
0.0005183
0.0078959
-0.0064771
-0.0047364
-0.0059515
-0.0066863
-0.0058242
-0.0011686
-0.002434
-0.0062525
0.0080051
-0.006165
0.0064571
0.0095425
0.0028842
-0.002951
-0.0004094
0.0079823
0.0001871
0.0038011
-0.0002236
-0.0025504
-0.0030289
0.0071306
-0.0098744
-0.0079306
0.0073506
-0.0074645
-0.0047338
-0.0093353
0.0036382
0.0067462
-0.0010485
-0.0013368
0.0096267
0.0054188
-0.0051495
-0.0061698
0.0020543
0.0027547
0.0094513
-0.0036355
0.0056645
-0.0016638
-0.0053103
-0.0028275
0.000171
0.0042812
0.0074517
-0.0051454
-0.0002638
-0.0010523
-0.0017733
-0.0029891
-0.0078288
0.0038116
-0.0064053
-0.0043741
-0.0031429
0.004137
0.0070733
0.0090372
0.0015274
-0.0092284
0.0045623
-0.0058964
0.0045097
0.0025034
0.0040502
0.0087035
0.0076466
0.00763
-0.0093721
0.0027024
0.0015968
0.0003134
-0.0089662
-0.0026761
0.0010721
0.008837
0.0054068
0.0080543
