-0.0013572
-0.0012252
-0.009214
-0.0081687
0.004537
-0.0019571
0.0067828
0.0049428
0.0094848
0.0064227
-0.008938
0.0005298
-0.0095003
-0.003978
-0.0062727
-9.02e-5
-0.0053655
-0.0073756
-0.0078032
0.0038415
0.0022512
0.0096515
0.0021858
0.0075636
0.0004157
0.0085782
-0.0079626
-0.006786
0.0096659
-0.0016787
-0.0093193
-0.0043273
0.0097643
-0.0049941
0.0067151
-0.0044634
0.0095565
-0.0044467
0.0014227
0.0015095
0.0029641
-0.007368
0.0031395
-0.0085391
-0.0037129
0.0093546
0.0072372
-0.0029553
-0.0066718
-0.0013424
0.0098905
0.0074346
0.0070324
-0.0026959
-0.0039436
-0.0093344
0.0056487
0.0010733
0.0027067
-0.0076728
0.0070373
0.0086935
-0.0085733
0.009825
0.0032251
0.0003379
0.0021304
0.0027774
-0.0092551
-0.0001857
-0.0043287
0.0047167
0.0042249
0.0052384
0.0081403
-0.0042713
0.0071283
-0.0019518
-0.0083194
-0.0098295
-0.0035586
0.0073135
0.0007061
-0.0040712
0.0089095
-0.0005287
-0.0051241
-0.0017188
0.0053949
-0.0090046
-0.0077756
-0.0082169
0.0083975
-0.0089723
-0.0050491
-0.0024011
-0.0003835
0.0075411
-0.0067307
-0.0050575
0.0092839
-0.0035577
-0.0035884
0.0051189
0.008166
0.0015202
0.0066195
-0.0042437
0.0009738
-0.0086466
0.0025738
-0.0072839
0.0065557
0.0078016
0.0090602
0.0081638
-0.0037976
0.0067174
-0.0004955
-0.0080083
0.0083981
0.0090623
-0.0050013
-0.0086221
0.0089457
-0.005403
-0.0049228
0.0045916
-0.0079272
0.003694
-0.0056523
-0.0049992
0.0024137
0.0005937
-0.0056438
0.0058159
0.0010856
0.0039996
-0.0082034
-0.0019689
-0.0065277
0.0052447
0.0080258
-0.005146
0.0011827
0.0085848
-0.0090156
0.0042445
-0.0007298
-0.0022217
-0.0061743
-0.0021903
0.0062953
-0.0094433
0.0028011
-0.0086718
-0.0019936
0.0019164
-0.0022259
0.0051567
0.0016101
-0.0063733
-0.0088222
0.0015759
0.0064428
-0.0051082
0.0036897
0.0073856
0.0052672
-0.0074037
-0.0017613
0.0021606
-0.001547
-0.0080073
-0.0086381
0.0068427
-0.0023218
0.0008967
0.0043572
0.0024662
0.0093453
-0.0047058
-0.006195
-0.0092521
-0.0075123
0.0001076
0.0022545
0.0051735
-0.0017659
0.003123
-0.0007761
-0.0026239
0.0044443
0.0051349
-0.0034435
0.0087696
0.0016242
0.0076588
0.007633
0.0085999
0.0052002
0.0016307
-0.0090701
0.0002899
-0.0034093
0.0037035
0.0041335
0.0082549
-0.0043237
-0.0075674
0.0061111
-0.0035979
0.0097969
0.003895
0.0096596
0.0093702
0.0018981
-0.007617
-0.0067274
0.0048691
0.0074101
0.0059058
-0.004877
-0.0067216
0.0073551
0.0063556
0.0056356
-0.0052104
0.0051605
-7.89e-5
0.0042369
-0.0084345
0.0013892
0.0097991
0.0097351
-0.0049172
-0.0042047
0.0051073
0.0041519
0.0070121
-0.0018153
-0.0091698
-0.0010163
-0.0039695
-0.0062493
0.0088595
-0.007682
-0.0001998
-0.0072602
0.0087101
-0.0045685
0.0070696
0.009399
-0.0010761
-0.0092914
-0.009508
0.0036504
-0.0051824
0.0099133
-0.000152
0.0058735
-0.0091514
0.0081904
-0.0058968
-0.0032829
0.0083891
0.0064071
0.0052281
0.0090577
0.0043148
0.000678
0.0085585
0.0033676
0.0025405
0.0004179
0.0008713
-0.0040075
-0.0064932
0.0072949
0.0067507
0.0088255
-0.0069832
0.008919
0.005533
0.0068895
-0.002217
-0.004475
-0.0055472
0.0063455
0.0088811
-0.00776
0.0071953
0.0076987
-0.0018369
0.0081008
0.0071073
-0.0081124
0.0060815
0.0009095
-0.0025887
-0.0021135
-0.0044751
-0.0032283
-0.0056021
0.009154
-0.0067398
0.0090364
0.0020998
-0.0053968
-0.0032613
0.0055177
-0.0043459
-0.0050462
-0.0090635
-0.0079638
-0.0028464
0.0099903
0.0036553
-0.0036218
0.0013936
-0.0006136
-0.0001673
0.0063531
-0.002063
-0.001043
0.008203
0.0035557
0.0027461
0.0088126
-0.0002662
0.0045237
0.0089484
-0.0029411
-0.0001141
0.0077715
-0.0097873
0.0018968
-0.0052018
0.0092904
0.0005324
0.0005055
-0.0003946
0.0002106
0.0012447
0.0072201
-0.0050002
0.0085946
0.003302
9.1e-6
0.0028465
0.0086547
-0.0099984
0.003883
0.0061052
-0.0046161
0.0010883
-0.0073758
0.0017741
0.0030772
0.0083548
0.0027291
-0.0088573
0.007515
0.0063017
0.0003734
0.0002763
-7.74e-5
0.0006775
-0.0064784
0.0036779
-0.0059436
-0.0036862
-5.26e-5
0.0006138
-0.0053548
-0.0005616
-0.0032729
0.0045403
0.0012062
-0.002445
-0.0009153
-0.0020495
-0.0003336
0.0087546
0.0060368
0.0003194
-0.0028836
-0.0098905
0.0092194
-0.0015603
0.0002777
-0.0029012
-0.0097699
-0.0033439
0.0076557
-0.0051387
0.000722
0.0039189
-0.0089378
-0.0002426
0.0039111
-0.0017533
-0.0044138
-0.0025876
0.006406
-0.0011085
-0.0038148
0.0029439
-0.0028324
0.0054982
-0.0092925
-0.0007762
0.0031249
0.007579
-0.0028302
0.0053819
0.0071168
0.0023774
0.0057171
0.0007983
0.0061029
0.0095546
0.0041107
-0.0061473
0.0005344
-0.0019397
5.39e-5
0.0074468
-0.0010906
0.0028504
0.00376
-0.0027346
0.0028481
0.0044732
0.0016605
-0.0036978
-0.0091813
-0.0068868
0.0065563
0.0088237
-0.0024282
-0.0038372
-0.0030076
0.0012937
-0.0027039
-0.0021598
0.0036024
-0.0002621
-4.35e-5
0.0080998
-0.0098509
-0.0018008
0.0020407
-0.0038815
0.0085972
-0.0025261
-0.0047318
0.0015698
0.0021648
-0.0096942
0.0004868
-0.0003259
0.003099
-0.009363
0.0010051
0.0015534
0.0022002
0.0072726
0.0080161
0.0069061
0.0017999
-0.0005861
0.0002691
0.0020904
-0.0037956
-0.0076272
-0.0058837
-0.0031606
-0.0097477
-0.0042053
-0.0018274
0.0061904
-0.0036395
-0.0094446
-0.0074863
0.0011602
0.0075359
-0.0038193
-0.0029683
0.0072509
0.001968
-0.0038142
-0.0024081
0.0019899
0.0067644
