0.0073011
-0.0098478
0.0006707
0.0024296
-0.0070874
0.0010622
-0.00872
-0.0091541
-0.0005774
-0.0015571
0.0019001
0.0091993
0.0083423
-0.0033997
0.0082252
-0.0016095
-0.0074043
0.0095142
0.0072263
-0.0016283
-0.0001255
-0.0071984
0.0019522
-0.0098548
0.0080446
0.008919
-0.0036473
-0.0063865
-0.0001414
0.0025903
0.0018657
-0.0073347
0.0060519
0.0091023
-0.0059836
-0.0017249
-0.0074926
-0.0075448
0.0054667
-0.0020248
-0.0078845
0.0025563
-0.0016671
0.0067077
0.0007065
0.0086618
-0.0010476
0.0042482
-0.0045502
-0.0070742
0.0045882
0.0093055
-0.0013829
-0.0059894
0.0002789
0.0078363
0.0015436
0.0060855
-0.0037361
0.0048555
0.0058401
0.0039565
0.0001952
0.0024123
0.0087317
-0.0068093
0.0005033
-0.0079848
0.0028378
0.0090496
0.0036511
0.0031769
-0.0038986
-0.0058045
0.0074361
0.0059436
0.0044556
0.0039562
-0.0007836
-0.0059763
0.0039098
0.0026156
-0.0059615
-0.0028872
-0.0052138
-0.008745
-0.0031511
-0.0051354
0.0018862
0.0071387
0.0092874
-0.003591
0.0078824
0.0013144
0.0036047
0.0073328
-0.0079841
0.0093246
-0.005971
-0.0037807
-0.0010418
-0.0055031
0.0064882
0.0017691
-0.0028221
0.0027373
-0.0052044
-0.0007465
-0.0044567
-0.0085899
0.0003847
0.009452
0.0056619
-0.001956
-0.0026054
0.0010387
-0.0042759
0.0027944
-0.0005346
0.0035224
-0.0004519
-0.0089856
0.0048031
0.0081983
-0.0079496
-0.0034727
0.0088019
-0.0045851
-7.48e-5
-0.005862
-0.0057223
-0.0049555
0.0044506
0.0067904
0.0009613
0.0025819
-0.0066374
0.0033185
0.0077867
0.0035079
-0.003952
0.0024923
-0.0042455
-0.0060242
-0.0081681
-0.0051808
0.0017523
0.0096107
-0.0024085
0.0025089
0.0091934
-0.00752
0.0063679
-0.006464
-0.0067492
0.0057957
-0.0034067
-0.0025728
0.0089694
-0.0082562
-0.0020608
-0.0016704
0.0059938
0.0037411
-0.0082572
0.0091679
-0.0093503
-0.0070774
-0.0032442
0.0015965
-0.0045167
0.006569
0.0070159
-0.0034041
-0.0055835
2.92e-5
-0.0089518
0.0096599
-0.0037909
0.0093323
0.0058011
0.0071265
0.0021356
0.0025218
-0.0022984
-0.0046687
0.0077681
0.0032171
-0.0002825
-0.0034502
-0.0046261
-0.0064364
-0.0026669
0.0096978
-0.0031001
-0.008777
-0.0054148
0.0037169
-0.0059802
0.0091765
0.006967
0.0022565
0.0081882
-0.0068227
0.0008628
0.000653
-0.0007905
-0.002255
0.005499
0.0082324
5.87e-5
-0.0057472
0.0071549
0.0068443
0.0074397
0.008523
0.0090457
-5.0e-5
0.0070756
0.0052256
0.0016904
-0.0046384
-0.0031185
0.0036106
-0.0068391
0.002012
0.0016024
0.0096861
-0.0035491
-0.0039143
0.0002509
-0.0086235
-0.0066799
-0.002818
-0.0074942
0.003223
0.0026621
0.0086799
0.0043948
0.0029895
-0.0090794
0.0063833
-0.0099036
0.0094482
-0.0042616
0.0043197
0.0020908
0.0096352
0.000148
-0.0033126
-0.0078562
-0.0024969
-0.0042823
-0.0041255
0.0051763
0.0056105
-0.0071076
-0.008981
0.0087772
-0.0027093
-0.0027449
0.0027995
-0.0066109
0.0086484
0.0045442
0.0079428
0.0034786
0.0064958
0.0044124
0.001297
0.0004295
0.0094253
-0.0075574
-0.0059584
0.0036691
-0.0040404
-0.0038996
-0.0030465
-0.0095147
0.0006276
-0.0095408
-0.0092118
-0.003933
-0.0060375
-0.009564
0.0069486
0.0025054
-0.0005432
0.0090455
0.0062128
0.0007755
-0.0011958
-0.0027204
-0.0034188
0.0092999
-0.0089098
-0.0043726
-0.0038349
-0.0056426
0.0031167
0.0008348
0.007514
0.0053234
0.0072974
-0.0072071
0.0042297
-0.0037336
-0.0031325
-0.0021388
0.0098911
0.0046802
0.0097685
-0.0024254
0.0078764
-0.0069972
0.0056142
-0.0079773
0.0019801
0.0007198
-0.0040176
0.009933
0.0024229
-0.0020547
-0.0012128
-0.0084692
-0.0029578
-0.0015608
0.0030138
-0.001917
0.0088287
0.0055624
-0.0013011
-0.0061026
0.0057776
-0.0076684
0.0070375
0.0039179
0.0053786
0.0016358
-0.0009865
-0.0054139
-0.0061976
-0.0019593
0.0037832
0.0024993
-0.0081111
-0.0014419
-0.0054934
0.0047246
-0.0026902
-0.0011137
-0.0011476
0.0086669
0.0028548
0.007442
-0.0012513
0.0042926
0.0092433
-0.0006552
-0.0081155
-0.0076549
0.0009376
0.0079393
0.0098547
0.0089074
0.0028893
0.0026355
0.0097434
-0.0072129
-0.0038765
-0.0037696
0.0056845
0.004551
-0.0037727
0.0076957
-0.002662
0.0093196
-0.0028691
-0.0085404
0.0061031
0.0028212
-0.0079331
-0.0001497
0.0047281
-0.0091442
0.0045256
0.0014595
0.0010148
-0.0089116
-0.0050009
-0.002424
-0.0043288
-0.0007693
0.0083145
-0.009748
0.0092392
0.0087862
0.0029974
0.0097017
-0.0097431
0.0011774
-0.0044968
0.0055216
-0.0025595
-0.0006143
-0.0026231
0.0039186
-0.0099625
-0.0041178
-0.0077991
0.0066581
-0.0097217
0.0044084
0.0054244
0.0005376
0.005905
0.0092086
-0.0088402
-0.0028954
-0.007471
0.0095407
0.0020491
-0.0022498
0.0080391
0.0074636
-0.0073481
-0.0082176
0.0027304
0.001899
-0.0064713
0.0006157
-0.009442
-0.0035399
0.0021374
-0.002773
0.0036264
0.0047755
0.0035428
0.0049176
0.0040725
0.0008082
0.0088434
0.0049851
-0.0088183
-0.0061922
0.0090117
0.0024856
0.0012243
-0.0051427
0.0028492
0.0089016
0.003737
-0.0007913
-0.0046227
0.0068261
0.0020221
-0.0096571
-0.0017259
-0.0052316
0.0080358
0.0055383
-0.0070738
0.0006469
0.0012858
0.0087112
-0.0002755
0.0083876
0.0048432
0.0048262
-0.003056
-0.0045893
-0.0008966
-0.0091069
0.0072867
0.0081045
0.0066023
-0.0008089
0.0080398
-0.0069971
0.0050018
-8.87e-5
-0.0081552
-0.0020912
-0.0008836
-0.0061355
0.0002072
0.0011664
-0.0010212
-0.0041367
0.0085917
0.0031578
-0.004376
0.0079177
-0.0034969
-0.007392
