0.0055269
-0.0080023
-0.0063458
0.006813
-0.0099469
0.0026692
0.0015215
0.0091416
0.0015428
0.0056525
0.0032072
0.00154
-0.002703
0.0009007
-5.71e-5
-0.0006756
-0.0017192
0.0090585
0.0021759
0.0005947
0.0001588
-0.0065064
-0.0073026
-0.008372
-0.0055532
-0.0074756
-0.0035775
-0.0096606
0.0039718
0.0081907
0.0036865
-0.001862
-0.0013854
0.0082581
0.002269
0.0018299
-0.0073101
-0.0076685
-0.0007624
0.0026243
0.0073581
-0.0024443
0.0023937
-0.0006082
0.0089465
0.0043581
0.0090528
-0.0037733
-0.0074995
0.0048898
0.0098288
0.0047138
0.0064
0.0057187
0.0063024
0.0021683
0.0002835
0.0047436
0.0059883
-0.0078829
0.0074874
-0.0088985
-0.0079348
0.008663
-0.0058246
0.0056291
0.0090519
-0.0032916
0.00321
-0.0096203
0.0005235
0.0023391
-0.0031586
-0.0016679
0.0024829
0.0093657
-0.0013829
-0.0063307
-9.71e-5
0.0097822
-0.0037696
-0.0041616
8.59e-5
-0.0063789
0.00654
0.0056131
0.0045802
-0.0088244
0.0062126
-0.0084843
0.0019238
0.0004868
0.0016898
-0.0062926
0.0007127
-0.0071282
-0.0003826
0.0070166
-0.0099337
0.0066557
0.0035365
-0.0063371
0.0004529
0.0006303
-0.0067225
0.0028766
-0.0061425
0.0065471
0.0079962
-0.0099119
0.006899
-0.0060839
-0.0072668
0.0093694
-0.0052297
0.0007609
-0.0059871
-0.0027321
-0.0098847
0.0007103
0.0022836
0.0093779
0.0056201
0.0057375
0.003788
0.0069879
0.0076769
0.0047684
0.0025837
0.006068
0.0081254
-0.0029699
0.0085136
0.008592
0.0029476
-0.0024375
-0.0018193
0.0052412
-0.0042761
-0.0089505
-0.0068536
0.0044715
0.0012643
0.0052209
-0.0087107
0.0024473
0.0049913
0.0012261
0.0071309
0.0069565
-0.0099248
-0.0071115
0.006451
-0.0063631
0.0018487
-0.0081346
0.0017461
-0.0030641
-0.0075418
-0.0059547
0.0088269
-0.0059114
0.0038983
0.0096336
-0.0088753
-0.0002048
-0.0032289
7.69e-5
-0.0020189
-0.0047506
-0.0016138
-0.0044418
-0.0068546
-0.0055789
-0.0093491
-0.0018792
0.0001261
0.0067326
-0.0059879
-0.0072564
-0.0018875
-0.002113
0.0082666
-0.005446
-0.0090817
0.0073463
-0.0073854
0.0095248
-0.0026706
-0.0052153
0.0025273
-0.004079
-0.0037312
0.0041071
0.0094959
-0.0004097
-0.0002938
-0.0094271
0.0002191
-0.0090752
0.0001089
-0.0073393
0.0058922
0.007756
0.0008906
0.0086673
0.0019875
-0.0066401
0.005696
-0.0018974
0.0043462
0.0045468
-0.0076167
-0.0049086
0.0074011
-0.0054233
-0.0057869
0.0063385
-0.0006947
0.0088043
-0.0020182
0.0014871
-0.0085369
-0.002877
0.0070251
0.0074825
0.009651
0.0026489
-0.0083666
0.0079482
0.0056086
0.0045534
0.0049683
0.0011419
0.0051439
0.0095342
0.002994
-0.0025454
-0.0055724
0.0051651
0.0025511
-0.0024499
-0.0047971
0.0046078
-0.0058147
0.0087776
-0.0098116
-0.0064638
0.0045418
-0.0061255
-0.0043887
0.0068956
-0.0067659
0.0016915
-0.0079146
-0.0038698
0.0027997
0.0051592
-0.0056915
-0.0081394
0.0016416
0.0096815
-0.005986
-0.000935
-0.0047394
-0.0058692
0.0065461
-0.0075555
-0.0007382
-0.0096914
0.0026788
-0.0052166
0.0027189
-0.0066751
-0.0082512
-0.004216
0.0091448
0.0013839
-0.0079818
0.0060899
0.0063904
0.0009103
0.0037786
-0.0094975
-0.0049235
-0.0059084
0.0062076
0.0075449
0.0029103
-0.0035606
-0.0019187
-0.0024454
0.0017055
0.0008708
-0.008691
0.0015573
0.0030174
-0.0057761
-0.0046723
0.0072409
0.009479
-0.0053764
0.0042945
0.0086561
0.0065839
0.0001358
-0.0021152
0.0094039
0.0098179
0.0083548
-0.0031908
0.0025287
0.0049016
-0.0051511
-0.0027487
0.0033648
-0.0052942
0.0081109
0.004176
-0.0003663
0.0088082
0.0025606
-0.006326
0.0087824
0.0061465
-0.0001195
-0.0031733
0.0037819
-0.0085684
0.0039794
0.0028797
0.004256
0.0018944
-0.0051238
-0.0024031
-0.0019604
0.0029281
-0.0043622
-0.0008782
0.0046676
-0.0046206
0.0083609
-0.0049302
-0.009481
0.0078739
-0.0049343
0.0094172
-0.005619
-0.0036471
-0.001209
0.0074272
0.0010171
-0.0086605
0.0009805
0.0098913
-0.0070033
-0.009747
-0.0014339
-0.009834
0.0042236
-0.006934
0.0096663
-0.0078659
0.0013368
0.0009428
0.0076896
0.0020709
-0.0097501
0.0087242
0.0071041
-0.0095026
-0.0002695
0.0060086
-0.0043978
0.0078805
0.0064859
-0.0010063
0.0092651
0.0085144
0.0042922
0.0049713
-0.0077434
0.0014385
0.0072218
0.0019919
0.0058965
0.0015084
-0.0072178
0.0085879
-0.0045689
-0.0031869
-0.0074709
-0.0009247
-0.0076463
-0.0033379
-0.0049628
0.0092699
-0.0050732
0.0075992
0.0066566
-0.0033359
-0.0093064
-0.0001813
0.0079416
-0.0072047
0.0088889
0.0033597
-0.0091726
-0.0043093
0.0022694
-0.0008575
0.0052208
-0.0032225
-0.0047166
-0.007407
-0.0007927
0.0081824
0.0058406
-0.002855
-0.0027068
-0.0001624
0.0038249
-0.0022626
0.0003424
-0.0013432
0.0089675
-0.0065771
0.0049967
-0.000173
0.0085717
0.0073577
0.005961
-0.0037549
-0.0006192
-0.0086971
-0.0082317
-0.0080334
0.0033536
-0.0049284
-0.0008677
-0.0029706
-0.0027178
0.0030893
-0.0072867
-0.0022222
0.0042563
-3.25e-5
-0.008183
-0.0073835
-0.005872
-0.0061442
-0.0063048
-0.0093269
0.0007099
-0.0070882
-0.0085975
-0.0010351
0.0073141
-0.0086831
-0.0073447
0.0014689
0.0073587
-0.0036369
-0.0017541
0.0010911
-0.0060247
0.0036834
-0.0010181
-0.0094488
-0.0024798
0.0010134
-0.0084871
0.0030812
0.0064879
0.0010804
0.0073378
-0.0062583
0.0078951
-0.003141
0.0027739
-0.0009783
0.0033091
-0.0052597
-0.0031622
0.0079415
-0.0098965
-0.0001557
-0.0064538
-2.75e-5
0.0080295
0.0046624
-0.0001408
-0.0076098
0.0090857
0.0084254
