-0.0041019
-0.0085645
0.0025535
-0.0005509
-0.00322
-0.0038187
-0.009274
0.0062899
0.0089296
-0.0085509
0.0017646
-0.0037407
-0.0054041
0.0032052
0.0064111
-0.0022221
-0.0067273
0.0012534
0.0005682
0.0062969
-0.000762
0.0031633
0.0004219
0.0033644
-0.0051913
-0.0076463
-0.0003967
-0.0017626
-0.0083764
-0.0044314
-0.0051996
0.0026727
0.0002633
-0.0074054
-0.0063422
-0.0002364
0.0085704
0.0067217
-0.0096228
-0.0021884
-0.0007038
-0.0053307
0.0041294
0.0036793
0.0033459
0.0030422
0.0016538
0.0060658
-0.0021073
-0.0059776
-0.0090794
0.0049669
0.0058698
-0.0041649
-0.0051875
-0.0062221
0.0094391
0.0089676
-0.0015441
0.0046728
0.0027853
0.0081561
0.0085685
0.0018639
0.0060825
0.0054245
0.0028196
0.0012719
0.0023873
0.0068026
0.0006829
7.13e-5
-0.000149
0.0045797
0.0011777
-0.0095656
-0.0015443
0.0066876
-0.004377
0.0018622
0.0015782
0.0081479
0.0095361
-0.003096
0.000193
0.0093747
-0.0073551
-0.0004299
0.0076773
-0.0014998
0.0070517
-0.000776
-0.0012633
0.0073586
0.0090001
0.0099945
0.0048694
-0.0069772
-0.0021244
0.0013478
0.002719
0.0066652
-0.005533
0.0080735
0.0088385
-0.0067916
-0.0075897
-0.0051933
0.005029
-0.0080665
-0.0026336
-0.0061904
-0.0072457
-0.0004006
-0.0093075
0.0033534
-0.0002201
-0.0044799
-0.0021926
0.0072021
-0.0078722
-0.0030464
0.003459
-0.0047047
-0.0061596
-0.00868
-0.006398
-0.0048223
-0.0060798
0.0070481
-0.0080573
-0.0042506
-0.0058108
0.0061841
0.0015582
-0.0061021
-0.0068587
-0.0070304
0.0021174
-0.0034196
-0.0062436
-0.0016625
-0.0093704
-0.001044
-0.0006116
-0.003575
0.0032808
-0.0047768
-0.0025051
-0.0005688
0.0019217
-0.0051079
0.0088708
-0.0039562
0.003275
-0.0026313
0.0023495
0.0084074
-0.0088723
-0.0050467
-0.0078342
-0.0062102
-7.51e-5
0.0059896
0.0003119
-0.0060707
0.0083195
0.0043762
0.0027396
0.0051809
0.0030894
-0.0095301
-0.0092356
-0.0035139
0.0025817
-0.0069643
0.0033114
0.0062782
0.0003193
0.0042175
0.00397
-0.0031269
0.0093596
0.0022203
-0.0015937
-0.0077856
0.0019909
0.008811
0.0094789
-0.0034542
-0.0088965
-0.0039192
-0.0064065
0.0094402
0.0063477
-0.0047816
-0.0088945
-0.0035442
0.0048953
-0.0090335
0.0008768
0.0009143
0.0092629
-0.0087879
0.0085496
0.0050591
-0.003466
-0.0047193
0.0009281
0.0033971
-0.0002477
-0.0056761
-0.0064747
-0.0098984
0.0019315
0.0028835
0.0023462
0.0039294
0.0012702
0.0068952
-0.0038788
0.002695
-0.0068501
0.0094743
-0.0073472
-0.0090615
-0.0055207
0.0071249
-0.002586
-0.0062803
-0.0033309
8.6e-6
0.0067684
-0.0015717
0.0063807
-0.002892
-0.0044996
-0.0009448
-0.0070483
-0.0022542
-0.0037124
0.0057282
0.0037893
0.0014243
0.0022697
-0.0046608
-0.0060341
0.0016367
-0.0002944
-0.0042394
-0.0017504
-0.0093913
-0.0051089
-0.0073249
-0.000239
-0.0091589
0.0090412
0.0053965
0.0095959
0.0021344
0.0017683
0.0072267
-0.0011423
-3.22e-5
0.0004977
-0.0058227
0.0018226
0.0091342
-0.0076871
0.0005717
0.0033905
-0.0046534
0.0040158
0.0037466
0.00818
0.0023388
-0.0085681
9.16e-5
0.0009186
-0.0047173
0.0089455
-0.0078055
-0.0009832
0.0001005
-0.0029851
-6.01e-5
0.0041295
0.0023544
0.0001683
-0.0078993
0.0099382
0.0070339
-0.0001582
-0.0056712
-0.0073127
0.0060143
0.0056942
0.0017182
-0.0099046
0.0022996
0.0002576
0.0072734
-0.000888
0.0018634
0.0064054
-0.0039335
0.0036934
-0.0065007
0.0063421
0.009604
0.0091745
0.0056869
-0.0077614
-0.0075712
0.0018944
-0.0030422
-0.0047065
0.0008526
-0.0084524
-0.0098741
-0.001167
-0.0020832
0.0066063
0.009204
0.0088591
-0.0060943
0.0021482
-0.0046175
-0.0024145
-0.0008146
-0.0051739
-0.0027995
0.0021852
0.0072414
0.0031582
0.0091087
-0.0092187
-0.0008084
0.0073907
-0.0056969
0.0037632
-0.0078605
-0.002145
0.0092788
0.0031114
-0.0069489
-0.0068011
0.0073075
-0.0069781
0.0001539
-0.0025947
0.0026574
0.0083258
-0.0060047
-0.0069625
0.0062115
0.0059405
0.0049334
-0.0086588
-0.002382
0.0017833
0.0033232
0.0099859
-0.0066797
-0.0066565
0.0084145
0.0080087
-0.0019774
0.0027151
-0.0038438
0.0029775
0.001034
-0.0018195
0.0052202
0.002605
-0.0093046
-0.0020024
-0.0018051
0.0066994
0.0031074
-0.0020735
-0.0059226
0.0052695
0.0048176
-0.0094704
-0.0054764
0.0015739
-0.0078321
-0.0089913
-0.0074037
-0.0011836
0.0049671
0.0062951
-0.0080442
0.0031848
-0.0029096
0.0030857
-0.003543
-0.0048068
0.0099279
-0.0094149
0.0038403
0.0094689
0.0047407
-0.0005078
0.0095972
0.000894
-0.0004316
-0.0052739
-0.0038032
-0.0042651
0.0062994
-0.0099225
-0.0004635
-0.0055975
0.0015668
-0.0076414
-0.0061516
-0.0065235
0.0030744
0.0014033
-0.0013324
0.0018765
0.0068089
0.0086511
0.0066141
-0.0082146
-0.0050691
0.0045175
-0.0051492
-0.0020029
-0.0064151
0.008038
-0.0094736
0.0007688
0.0001722
-0.0060174
-0.007811
0.0017791
-0.0001848
0.0096619
0.0098297
-0.0024156
0.0075398
0.0055427
-0.0089191
0.0077948
0.0022296
-0.0088884
-0.0040743
-0.0072353
-0.0009837
-0.0007386
-0.0082246
-0.0003318
-0.0071545
-0.0073559
0.0004897
0.001067
-0.0015577
0.00313
0.0047363
0.0099471
-0.0009009
0.005077
0.0005517
0.005012
-0.0055295
-0.0094169
0.0069675
-0.0033969
0.0073677
-0.0098603
0.0064697
-0.0027084
0.0004003
0.008911
-0.0087758
-0.0092577
0.0091693
-0.0038441
-0.00475
0.0008887
-0.0072136
0.005617
-0.0004239
-0.0026734
0.0020949
-0.0013312
0.0031284
0.0018302
0.0009247
0.0037421
0.000597
0.009025
