-0.0026595
0.0012124
-0.0094909
0.0001743
-0.0022508
-0.0043274
-0.0059235
-0.0040101
-0.0095173
0.0017102
0.0011798
-0.0050279
0.0076414
-0.0014167
0.0031858
0.004111
-0.0065856
-0.0051086
0.0021338
-0.0064036
0.0039299
-0.004344
-0.0037815
0.0096354
0.0002366
0.0070118
-0.0025846
-0.000315
0.0060237
-0.0029892
-0.0029858
5.01e-5
0.0032394
0.00335
-0.0017012
-0.0078048
-0.0014429
0.00793
0.0036671
-0.0059572
-0.0090846
0.0042635
0.0076324
0.002567
-0.0006024
0.0093606
-0.006127
-0.0036501
-0.0062127
0.0057052
-0.0025899
0.0017307
0.0092926
0.0038723
0.0085699
-0.0021933
-0.0078598
0.0060963
0.0029424
0.0046499
-0.0065887
-0.0096898
0.0084562
0.0034518
-0.0016505
0.0034891
0.001661
0.0068524
-0.0009678
0.0006871
0.0042323
0.0022731
0.0047834
0.0042798
-0.0094946
0.0061427
0.0064555
0.0026881
-0.0041137
0.0094437
0.0035863
-0.0058373
-0.007265
-0.0031949
0.0098021
0.0017076
-0.0042344
0.0027709
-0.0061502
0.0081954
-0.0081927
0.0039269
-0.0076125
0.0063161
-0.0062185
0.0017594
-0.0099091
0.0061935
-0.0055663
0.0053188
-0.0053222
-0.0040733
0.0032028
0.0052594
-0.0097194
0.009912
-3.57e-5
-0.0068898
0.0005145
-0.0063174
0.0004984
0.0072337
-0.0085565
-0.0087555
-0.0030204
0.0031387
-0.0041927
0.0050152
0.001543
-0.00446
0.0062568
0.0052783
0.0021171
-0.0037139
-0.0040662
0.0081555
-0.0046988
0.0056221
0.00354
0.0085142
-0.0031424
0.0019458
0.0006616
-0.0054579
0.0072799
-0.0068533
-7.72e-5
0.0052989
-0.0013466
-0.0049489
-0.0007465
0.0086047
0.0012728
0.0055874
-0.0067093
0.0020405
0.0094002
0.0012547
0.0068398
0.0049899
0.0059991
-0.0090287
-0.000952
-0.0076104
-0.0037236
-0.0080789
-0.0030072
0.004815
0.0058594
0.0072508
-0.0029286
0.0077171
-0.0029941
-0.0027533
0.0041224
0.0021003
0.0079754
-0.0030857
-0.0009525
0.0039772
0.0009797
-0.0072129
0.0044359
0.002806
-0.0070354
-0.0028137
-0.0060035
0.0030098
0.0066129
-0.0021311
-0.0076986
0.0036888
-0.0014256
-0.008331
0.0077932
0.0042887
-0.0003391
0.0099727
-0.0037262
0.0036876
-0.0074493
-0.0088682
0.0077112
-0.0028296
-0.0053681
-0.0069331
0.005164
-0.0051017
0.0065544
-0.0059402
0.0087089
-0.0021621
0.0046325
-0.0059719
-0.0042761
-0.0071595
0.0064384
0.0068781
-0.0095898
-0.0074352
0.0042586
0.0012573
-0.0095109
-0.0059133
0.0006736
-0.0023665
-0.0057798
-0.0032487
0.0057749
0.0093727
0.0069827
0.0002313
0.0096925
-0.0018848
-0.0051493
-0.0026156
0.0055675
-0.0076808
-0.0074936
-0.0058484
0.0010821
0.0017723
-0.0028848
-0.0097523
-0.0088762
0.0005048
0.0072603
-0.004901
0.0086884
0.009357
0.0006338
0.0073245
6.37e-5
0.0048612
0.0040119
0.0012593
0.0075074
0.001869
-0.0015154
-0.0084232
-0.0014738
-0.0020932
-0.0045548
0.0066109
0.0039143
0.0093957
-0.0086229
-0.0009809
-0.0099182
-0.0022949
0.0003214
0.0035373
-0.0044975
-0.0078383
-0.0022765
-0.0014403
-0.0013413
-0.0002114
0.0065093
-0.009114
0.0040596
0.0055382
-0.0084564
-0.0078361
-0.0050267
-0.0076394
0.0001237
0.0060474
-0.0083307
-0.0082036
-0.0077109
0.0024212
0.0042102
0.0037737
0.0064073
-0.007845
-0.0027867
-0.0065733
0.0048666
0.004186
-0.0006195
-0.0064775
-0.0081113
-0.0001124
0.0085514
0.0011077
0.0075448
0.003172
0.0001351
-0.0085241
-0.0044755
-0.0002702
-0.0031076
0.0018803
-0.0098798
-0.0009442
0.0041869
0.0093682
-0.003757
6.29e-5
0.0071772
0.0074725
-0.0040217
0.0058296
0.0042635
-0.0060294
0.009145
-0.0024702
-0.0024628
0.0075257
-0.0077376
-0.0020003
-0.0048254
0.0014868
-0.0071801
0.0052378
0.0028737
0.0040863
-0.0057499
0.0001234
-0.0029524
0.0045166
0.0005305
-0.0047472
-0.0048495
0.0001349
0.0083032
-0.0052992
-0.0085549
0.0047773
-0.0075506
-0.0095587
-0.0001784
0.0087393
0.0033875
-0.0027944
0.0011113
-0.0036876
0.0064605
0.0096452
0.0061219
0.0088655
0.0088274
-0.0023155
0.0014467
0.0024014
0.0005251
-0.0030175
-0.0063843
-0.0099099
0.0020404
-0.0010619
-0.0012509
-0.0091784
0.0052278
0.0058892
-0.0053642
-0.0019218
0.0061589
6.72e-5
0.0074958
-0.0015115
-0.0022127
-0.0093855
-0.0019449
-7.89e-5
-0.0081905
0.0052349
-0.000143
-0.0077288
-0.0033342
-0.0077174
-0.0098425
-0.0047291
0.0049202
-0.0069058
0.004522
-0.004548
0.0012152
0.0056698
-0.0007634
-0.0013991
-0.0038532
6.77e-5
0.0061312
0.0006214
0.0015606
0.0082169
-0.0036663
-0.0068448
-0.0061937
-0.0001513
0.0030541
-0.0005377
-0.0005075
0.0027121
-0.0099625
-0.0077173
-0.0082861
-0.0022404
0.0013363
0.0029026
0.0035506
-0.0024375
-0.003929
-0.0097209
0.0069197
-0.0063725
0.0065102
-0.0095784
0.0025176
-0.0036437
0.0026582
-0.0045003
0.008452
-0.0047822
-0.0030964
0.0008018
-0.0070902
0.0050061
-0.0011586
-0.0057989
0.0083399
-0.0059796
-0.0032379
0.0098873
-0.0018147
0.0074845
0.0075235
-0.0058337
-0.0098017
0.0026187
0.0078658
0.0097364
0.0075028
-0.0098315
-0.0046271
-0.0049736
-0.0071582
0.0029262
-0.0069979
0.0072276
-0.0035662
0.0049298
-0.0084706
-0.006787
-0.008814
0.0052291
0.0051813
-0.0044644
0.0077687
-0.0042713
-0.0098272
-0.0065254
-0.0075919
-0.0007767
0.0010258
0.0039439
0.0035499
-0.0090222
-0.0040025
-0.0084168
-0.0057218
-0.0097405
-0.0026888
0.0071328
0.0004485
0.003615
-0.0071161
0.0009381
0.0093677
-0.0021691
-0.0095743
0.0029189
0.0046154
0.0017249
-0.0050037
0.0038533
-0.0003015
0.009609
-0.0025765
0.0066017
-0.0073104
-0.0025499
-0.0047049
