0.0082981
0.0011619
-0.0069471
0.0056158
-0.00713
0.0042142
0.0034281
0.0057849
0.0051581
-0.002163
0.0034255
-0.001706
0.0087956
-0.0062909
0.0033392
0.0076538
-0.009049
0.0082152
0.0040397
0.0060715
-0.007639
-0.008732
-0.003678
-0.0019502
0.0062795
-0.0074428
0.0066537
0.0044757
0.0004548
-0.0053549
0.0026184
0.004268
0.0064385
-0.0087054
-0.0058319
0.0026244
0.0084024
0.0097378
0.0062124
-0.0057347
0.0016675
0.0060947
0.0096206
0.0010484
0.0011982
0.0017319
-0.0048978
0.0028633
0.0088724
0.009179
-9.75e-5
-0.0014157
0.0029987
-0.0082348
-0.0054786
-0.0015618
-0.0037697
0.0021277
0.0064942
-0.0021099
-0.0011395
0.0092315
0.0020044
0.0042769
0.0070766
0.0099058
-0.0060082
-0.0072415
-0.0072314
0.0040077
0.0027873
0.0064431
0.0012678
0.0086931
-0.0006649
0.009285
0.0032683
0.0089164
-0.0076838
0.0054066
-0.004721
0.0033255
0.0052444
-0.0058308
-0.0080013
0.0021886
-0.0033047
-0.0089705
-0.0013841
-0.0058575
-0.0093349
0.0069252
-0.0080453
0.0084761
-0.0082511
0.0002188
-0.0017685
-0.0081965
0.0070377
-0.0099841
-0.0092434
-0.0062627
-0.0006529
0.0083988
-0.0032011
0.0024322
0.0099885
-0.0070441
0.0066007
-0.0072475
-0.0097578
0.0015653
0.0078261
0.00935
0.0081912
0.0025465
0.002431
-0.0008066
-0.0040221
-0.007021
0.0018259
-0.0015875
-0.0095521
-0.002867
0.0066687
0.0064202
0.0028136
0.0051191
-0.0089339
-0.0082867
-0.0024203
-0.0089288
0.0081481
-0.009069
-0.0012676
-0.0096405
0.0028914
-0.0085769
-0.004076
-0.0050648
0.0097723
0.0006362
0.0096704
0.0040334
0.0026284
0.0097047
-0.0018314
0.007719
-0.0062583
0.0033152
0.0003861
0.0086131
-0.0094118
-0.0022998
0.0080376
-0.0081291
-0.0056092
0.0054651
0.0003449
0.0056311
0.0006578
0.0073419
0.0073559
-0.0085136
0.0026317
-0.0026422
0.0020386
-0.0073463
-0.0028708
-0.0040794
0.0090176
-0.0009782
-0.0051669
0.0068519
-0.0095786
-0.0022638
0.0008135
0.0001828
0.0091827
-0.0035141
-0.0090567
-0.0013435
0.0002232
0.0073089
-0.0068047
-0.0033651
0.009171
-0.0022492
-0.0009402
-0.0072504
-0.0046736
-0.0063607
-0.0017113
-0.0028568
-0.004353
0.0027641
-0.0054267
-0.0079507
-0.0017348
-0.0089569
0.0066223
0.0020484
0.0045616
-0.0088319
0.0070099
-0.0023857
0.0027056
-0.0054361
-0.0081263
0.005086
0.0062361
0.003179
-4.74e-5
-0.0043712
0.0008567
-0.0065819
0.0008895
0.0034522
0.0031829
0.0086149
0.0040042
-0.0089433
-0.002122
0.0080715
-0.0096586
0.0014952
-0.0039974
0.0021014
-0.0021659
-0.0003432
-0.0025189
-0.0045051
0.0063989
-0.0007891
0.0017418
0.0083034
0.0055128
-0.0039226
0.0049394
-0.0035077
-0.0031816
0.0004843
-0.0058871
0.0063053
-0.0062742
-0.0045712
0.0026543
0.0008863
-0.0007845
-0.0052497
0.0041037
0.0014244
-0.0091263
-0.0014833
-0.0096284
-0.008837
-0.0059901
0.0032172
-0.0094528
-0.0035632
0.0079749
0.0012977
0.0028079
-0.0077782
-0.0046539
-0.002942
0.0073966
0.002552
-0.0032478
-0.0039482
0.0056243
-0.0081577
0.0016683
0.0040234
-0.0022178
0.008092
0.0089149
0.0072399
-0.0072612
-0.0041186
-0.000941
-0.0010464
-0.0096826
0.0010329
-0.0078169
0.000168
0.0056287
0.009365
0.0008695
0.0056085
-0.0093238
0.0060626
0.0049439
0.0051284
0.001851
-0.0001912
0.006758
0.0039976
0.0020871
0.0015949
-0.0067935
0.0065696
-0.0068433
0.0012264
0.0052287
0.0015871
-0.0031735
-0.0012648
-0.0083537
0.0037512
0.0054631
0.0008892
0.0035819
0.0041048
0.0027577
0.0001031
0.0086646
0.0098046
0.0055209
-0.0094612
-0.0080757
0.0079177
-0.0020439
0.0010187
-0.0051967
0.0099871
-0.007624
-0.0035251
0.0018716
-0.003208
0.0070449
-0.002505
0.0058874
0.0028212
-0.0008384
-0.0015804
-0.004441
0.0004714
0.0047255
-0.0048213
-0.0070126
-0.0034996
-0.005281
0.0068102
0.0097264
0.0035012
-0.009551
-0.0009668
0.0048185
0.0012477
0.0090615
-0.0084288
-0.0078009
-0.0058904
-0.0025597
-0.0028894
0.000437
-0.0055891
0.0035152
0.0025517
0.0009392
-0.0072066
0.001666
0.0075267
0.0046712
0.0048077
-0.0075614
-0.0006737
0.0037996
-0.0083891
-0.0087823
0.0084503
-0.0043366
0.0061753
0.00951
-0.0023888
-0.0015655
-0.0037375
0.0003032
0.0021113
-0.009028
-0.0021948
-0.0053339
-0.009319
-0.0057021
0.0003155
0.0083719
0.0084943
0.0011362
-0.0069843
-0.0083306
-0.0009945
0.0097757
-0.0077631
-0.0006902
-0.0033263
0.0092602
0.0006233
0.0030937
0.0073443
-0.0025774
0.008009
0.0029466
-0.0041666
-0.0034627
0.0024694
0.0039137
-9.38e-5
-0.0033527
0.0042488
-0.005875
0.0092537
0.0082568
-0.0023567
-0.0055633
0.0066605
0.005889
0.0010881
0.0001655
0.0035758
-0.0063013
0.0052217
0.0087944
-0.0011529
-0.0068612
-0.0061029
-0.0096634
0.0098263
0.007412
-0.0038738
-0.0007364
0.0004956
-0.0093945
-0.0065592
-0.0030989
-0.0090459
-0.0095104
-0.0085142
-0.0005158
0.0074889
0.0002971
-0.0005885
0.0046385
-0.0091191
0.0086817
0.0031611
-0.0033071
0.0023871
-0.0059732
0.0040161
-0.0003453
0.0036017
-0.0040215
-0.0063952
-0.000536
0.0054217
0.0097004
-0.0002579
-0.0081087
0.0087676
0.0012586
-0.0051148
-0.0069907
0.0070261
0.0049917
-0.0030767
-0.0012231
0.0046628
-0.0034645
0.0030266
-0.0039946
0.005713
0.0032488
-0.0014547
-0.0074863
-0.0007308
0.0068165
0.0080394
0.0053766
-0.0074791
-0.0019006
-0.0040169
-0.0080589
-0.0042858
-0.0030282
0.0064915
0.0027905
-0.0067169
0.0077759
-0.007898
-0.0041918
-0.0009696
0.0055239
-0.0034931
0.0073421
