-0.0006618
-0.0014471
0.0078014
-0.0087583
0.0046317
-0.0011083
0.0015832
0.0048303
0.0045473
0.0011135
0.0062831
0.0027878
0.0031143
-0.0087472
-0.0033797
-0.0058014
0.0093876
0.0020988
-4.59e-5
-0.0006569
-0.0019888
0.0093752
-0.0075664
0.0054044
0.0091531
0.0009544
0.0069389
0.0059586
0.0012878
0.0010301
-0.0057933
0.0030473
-0.0055441
0.0069185
-0.0080403
-0.0094663
-0.0005808
0.006556
-0.0034458
-0.0079348
0.0034662
-0.0068594
-0.0023889
-0.0014474
0.0023213
-0.0048663
-0.0092581
0.0013804
-0.0031895
-0.0002708
-0.0097526
-0.0026068
-0.0007662
0.0096089
0.0036082
-0.0060605
-0.007696
-0.0048518
0.0088965
0.0067976
-0.0012829
0.0087268
-0.0006355
0.0047383
0.0078933
0.0055438
-0.0039413
-0.0034543
-0.0028831
0.0059317
0.0097439
-0.0088681
-0.0062317
-0.0088273
0.0025694
-0.0098453
0.0092273
0.0073149
-0.0026604
0.002505
0.0075904
0.0048758
-0.0005402
0.0038712
-0.0048335
0.0047569
-0.0047225
0.0008453
-0.0017493
-0.0094097
-0.0066119
-0.0048447
0.0003277
0.0055084
0.004234
0.002192
-0.0049986
0.0092515
0.0027059
-0.0093059
-0.00853
-0.0042328
-0.0029565
0.0062194
0.0093779
-0.0033581
-0.0004926
0.0091572
-0.0089215
0.007146
-0.0090855
0.0081477
0.0045979
-0.0031431
-0.0065455
0.0062953
0.0060223
-0.0061776
0.0036113
-0.0094303
-0.006524
-0.0006088
-0.0020811
0.0043582
-0.0083555
-0.0062268
-0.0055998
0.0093076
-0.0083623
-0.0036784
-0.0027493
0.0075194
0.0060055
-0.0084929
-0.0022421
-0.0034279
0.007634
-0.0001149
-0.0073094
-0.0031215
0.0011677
-0.006531
-0.0047401
-0.0023245
-0.0038682
0.0092056
0.0074239
0.0040426
0.0002653
0.0097963
0.0088716
-0.0057576
-0.0021551
-0.0011563
-0.0086095
-0.005529
0.0001527
0.0013778
0.0094731
0.0015774
-0.0076364
0.0058195
-0.0068022
-0.0071007
-0.008706
-0.0026814
-0.0037536
0.0094975
-0.0094621
-0.0096516
-0.0041309
-0.0098161
-0.0003094
0.0029271
-0.0017029
-0.0064446
-0.0039814
-0.0036757
0.0044825
-0.0035754
0.0057108
-0.0097646
0.0070454
-0.0041701
-0.0054151
-0.007554
0.0022573
-0.0089626
-0.0037677
0.0070062
-0.0025069
0.0075783
-0.008413
0.0092669
0.0030098
0.0060038
0.0057096
0.0042288
-0.0023397
-0.0050862
0.0023877
0.0095875
-0.0034535
0.0094647
-0.0071004
0.0038613
0.0032653
0.0029231
-0.0004896
0.0057459
-0.0041972
-0.0039644
0.0063519
-0.0083106
0.0018988
-0.0086982
-0.0071279
0.001208
-0.0042178
-0.0035345
0.0036432
0.0068748
-0.0057139
-0.0098528
0.0006973
-0.005055
-0.0082657
-0.0084653
-0.0016356
0.006293
-0.0049896
0.006054
0.0024979
0.0042189
0.0094373
0.0035432
-0.0059794
0.0005
-0.0008611
0.000203
0.0072311
0.0054501
-0.0087548
0.0005877
-0.0070373
-0.003248
0.0088261
-0.0082018
0.0099327
0.007323
0.0063772
0.0013136
0.0040288
-0.0025074
0.0086248
-0.0057303
-0.0003897
0.0064595
0.0007458
-0.0073763
0.0018976
-0.0010633
0.0097217
-0.0071744
-0.0095194
0.009505
-0.0057277
0.0017372
0.0082501
-0.0084428
0.0008373
0.0016017
0.0088199
-0.0080403
0.0075085
-0.0043988
0.0058018
-0.0035445
0.0075248
-0.0061491
0.0039619
0.0002569
-0.0072471
0.0031383
-0.0004155
-0.0099571
0.0023994
0.0076666
-0.004587
0.0030387
-0.0065716
0.0011054
-0.0086117
-0.0050115
-0.0022875
-0.00041
0.0045078
0.0067065
0.006935
0.0068131
-0.0038581
-0.0031967
-0.0010246
0.005667
-0.0069672
0.003162
0.0043313
-0.0016876
0.007046
-0.0073872
0.0051811
0.0065563
0.0080686
0.0083318
0.0082107
0.0060989
-0.0097011
0.0049779
0.004321
0.0019792
-0.0034361
0.0087646
0.0039216
0.0059056
-0.0027129
-0.0075407
0.0093773
0.0038163
-0.0044878
-0.0003334
-0.0035643
0.0063488
0.007009
-0.0059261
-0.0019173
-0.0058558
-0.000756
-0.0050643
-0.0068473
-0.0017937
-0.0025381
-0.0034673
0.004894
-0.0047317
-0.0002444
-0.0033815
-0.0059881
0.0068829
-0.0058508
-0.0075903
0.006537
-0.0087613
-0.0097498
-0.0007197
-0.0015258
0.0003215
0.0006684
-0.0046093
0.0085774
-0.0057496
0.0085744
0.0064762
-0.0024975
0.0050056
0.0051846
0.0081662
0.0083711
0.0037625
-0.0070062
-0.0088257
0.0006619
0.0045467
-0.0070851
0.0017876
-0.0094316
0.0049603
0.008626
-0.0069432
-0.0087174
-0.0014076
0.0031164
-0.0015987
0.0044209
-0.0092479
0.0060884
-0.0052903
-0.0009633
0.0034366
-0.0030776
-0.0050024
7.29e-5
-0.0065141
-0.0081506
-0.0033246
-0.0053641
0.0058485
0.0056822
0.0077125
-0.0095952
-0.002779
0.0054836
-0.0055195
0.0096796
-0.0056446
-0.0096586
0.0068846
0.0014537
-0.0027461
-4.19e-5
0.0092768
-0.0097929
-0.0045474
0.0073623
0.0034646
0.0069347
0.0084236
0.0096453
0.003578
-0.0067142
0.0024663
0.009427
0.0091914
0.004377
-0.0072595
-0.007153
-0.0035246
-0.0052936
-0.0029999
-0.0096396
-0.0011475
0.0061136
0.006587
0.003717
0.0088412
0.0014856
-0.0067521
-0.001226
0.0051333
0.0028307
0.0019866
0.0070366
0.0027798
-0.0096913
7.16e-5
-0.0078486
-0.0017785
-0.0099297
0.0065583
-0.0088758
0.0088169
-0.0083837
0.0027415
0.0027617
-0.0071364
0.0069116
0.004107
-0.0023738
-0.0052379
-0.0027395
0.0019654
0.0037056
0.0055122
-0.0008962
0.0083223
-0.0072385
0.0062315
-0.0070355
-0.005743
0.0061016
-0.0013838
-0.007763
-0.0029403
-0.0057625
0.0067525
-0.0029527
-0.0007673
0.0067126
-0.008284
-0.0041847
-0.0012048
-0.0039086
-0.0028957
0.005879
0.0099337
-0.0072104
-0.0022075
-0.0001122
-0.0060058
0.0083858
0.0078632
0.0019352
0.0084319
-0.0080475
-0.0008614
0.0082339
