-0.0071186
-0.0010471
0.0018544
-0.0093192
-0.0088794
0.001646
-0.008548
0.0015674
0.0074971
-0.0039441
-0.0085885
-0.0014213
0.0012253
0.000899
-0.0091054
-0.0035655
0.0074277
0.0039445
0.0042115
0.0010586
0.008589
-0.0005779
-0.003725
0.0023191
-0.0084431
-0.0098997
0.0059762
0.0092837
-0.0087622
0.0080917
0.001014
0.0047405
-0.0005537
0.0067637
0.0012144
-0.0050717
-0.0091772
-0.0011382
-0.0001147
-0.0097513
-0.0002413
-0.0092531
-0.0088293
-0.0095167
0.0050368
-0.0089178
-0.0025912
0.0040027
6.73e-5
0.005521
-0.0024023
0.0045458
0.0097055
-0.0092565
0.0046412
0.0012941
0.0079788
-0.0044236
-0.0085912
0.0033243
0.0025333
0.0043287
-0.0020065
0.0017274
0.0063344
-0.0084313
-0.0012487
0.0080619
0.0035588
-0.0006184
0.003576
0.0011294
-0.0034299
0.0029803
-0.0068431
0.0037873
-0.0064952
-0.007458
-0.0016604
0.0095146
-0.0001246
-0.0097527
0.0032157
-0.008421
-0.0098584
0.0080589
-0.0073301
-0.0053052
0.0012062
0.0071705
-0.0071948
0.0078433
0.0022055
0.004406
-0.0095343
-0.0033645
0.0027315
0.006959
0.0009969
0.0030911
-0.0017984
0.0031356
-0.0077895
-0.003718
0.0058774
-0.0040627
0.0082552
-0.0028686
0.0022922
-0.0009006
-5.01e-5
0.0069816
0.0015763
-0.0024408
-0.0078151
0.0040244
-0.0016668
-0.0069236
0.001005
-0.0006008
-0.0080579
-0.0006436
-0.0087531
-0.0014625
0.0006099
0.0066321
-0.0028661
-0.0038298
0.0022171
-0.0025898
-0.007001
-0.0068639
-0.0042189
0.0054977
-0.0092668
-0.0077887
0.0007838
0.0059802
0.0044987
0.0025575
-0.0004829
0.0019415
-0.0030141
0.0065469
-0.005155
-0.0020231
0.0020807
-0.002797
0.0080797
0.0038753
-0.0001808
0.007802
0.006646
0.0043408
0.0019544
-0.0017557
0.0071816
-0.0061493
0.0009457
0.0098206
-0.0039667
-0.0058672
-0.0005634
0.0002712
-0.0004125
0.004287
0.0048752
-0.0075036
0.0047131
-0.00627
0.0081318
0.0049095
-0.0077764
-0.0063082
-0.0006495
0.0010499
0.005672
-0.0066407
-0.0034874
0.0030257
0.003977
0.0040022
-0.0089202
-0.0025705
-0.0046051
0.0069465
-0.0020343
-0.0083238
-0.0069705
0.0060206
-0.0077238
-0.000867
-0.005787
0.0070783
0.0044399
-0.0055639
0.0004393
0.0070592
-0.0045532
0.0048058
0.0074974
-0.0010118
0.0063741
-0.0015834
0.0065046
-0.0088579
0.0084245
-0.0042661
-0.0006528
-0.0008884
-0.003329
-0.0058431
0.0003127
-0.006309
-0.0017924
-0.0020844
0.008948
0.0066174
-0.0016569
0.0063988
-0.0094681
-0.0087393
0.0018077
-0.0007159
-0.002866
-0.0047667
-0.0056032
0.0008946
0.006189
-0.0017116
-0.0019494
-0.0004036
-0.0060679
0.0084471
0.0076865
-0.0027896
0.0036881
-0.0062404
-0.0024012
0.0049259
-0.0095361
0.0011483
-0.0026868
0.0052448
-0.0053862
0.0049051
0.002967
0.004552
-0.0058669
0.0071655
-0.0046553
0.0016562
-0.0042668
-0.004515
0.0006165
-0.0057962
-0.0074656
-0.0021315
-0.009546
-0.0027694
-0.0073692
0.0018043
-0.0005864
0.0026438
0.0050386
0.0041443
0.0099225
0.0076855
-0.0021244
0.0076147
-0.0062988
-0.0078966
0.0084166
0.0035907
-0.0085661
-0.001923
0.0074171
-0.0062384
0.009964
0.0082764
-0.0070193
0.0086362
0.0034494
0.0034233
-0.0010298
0.0057656
0.0090662
-0.0071691
-0.0026117
0.0064248
-0.0082881
-0.0033943
0.0018676
0.0059774
-0.0031684
-0.0092457
0.0021487
0.0044196
0.0030924
0.0086795
-0.0090227
-0.0092024
0.0077514
0.0043425
-0.0052089
0.0004679
0.0072828
-0.0066218
0.0018346
0.0042284
0.004229
0.0012297
-0.0081207
-0.0052452
0.0099359
-0.0077238
0.0049897
-0.0076241
0.0091309
-0.000569
0.0051534
-0.0072068
-0.0084273
0.0029043
0.0008632
-0.0073936
-0.0059796
0.0086606
0.0096844
-0.005048
0.0062655
-0.0044694
-0.0054207
0.0017419
9.53e-5
-0.001844
-0.0094425
0.0043035
0.0097705
-0.0087998
-0.0068166
0.0066579
0.001103
0.009448
0.0013055
-0.0019887
0.004687
0.0039368
-0.0025223
-0.0021285
-0.0021635
-0.0041588
0.0065183
0.0085088
-0.0001214
0.000437
0.0061744
-0.0083979
-0.0030183
-0.0061922
-0.0079511
-0.0027311
0.0023134
0.0067534
0.0026616
0.0084584
0.0061568
-0.0095984
-0.0082782
-0.0019814
-0.0069216
-0.0033555
0.0011207
-0.0013118
0.0063357
-0.0058089
-0.0065892
0.0057764
0.0096735
-0.0044766
-0.0062888
0.0011117
0.0033137
-0.0006742
0.0059632
0.0051007
0.0027557
-0.0051021
0.0020855
0.0072919
0.0070777
0.0019917
-0.0010496
0.0052303
-0.0080332
-0.0090857
0.0042855
0.0020465
0.0094279
0.0074387
-0.0083555
-0.0044835
0.0077668
0.0007549
0.0023084
-0.0084259
0.0090189
0.0048022
0.0084938
-0.0010237
-0.0002312
0.0065285
-0.001428
-0.0046006
0.0020521
-0.0085265
0.0054947
0.0089191
-0.0016781
0.0070699
-0.0042584
-0.0005148
0.0055461
0.0072413
-6.5e-5
-0.0082457
0.0008719
4.31e-5
-0.0019362
0.0058401
0.0071472
0.0001113
0.0025554
-0.0005897
0.0008026
-0.0055088
0.0087211
0.0004076
-0.0080569
0.001648
0.0045911
-0.006196
-0.0066277
-0.002148
-0.0058005
-0.0075916
0.0090429
-0.0019087
-0.0027676
-0.0029812
0.0019107
-0.0046735
0.0005404
0.0040387
0.0072268
-0.0078983
-0.0070822
0.0011308
0.0022845
-0.0068996
-0.0004922
0.0015761
0.0003014
-0.0064818
0.0034964
-0.0043615
0.0011547
0.005416
0.0075571
0.0045959
-0.009004
-0.0099412
0.0048798
-0.0082746
-0.0062393
0.0048979
-0.0087509
-0.0092904
-0.0048717
-0.005096
-0.0087133
-0.0048501
-0.0047899
-0.0001862
-0.0057531
0.0097799
-0.0038686
-0.0066989
0.0006606
0.0051223
-0.0055163
0.0010274
-0.0080075
0.000588
0.0045881
