0.0058958
0.0056978
-0.0079363
-0.0055464
0.0031833
0.0042955
-0.0054544
-0.0047421
0.0066191
-0.004635
0.0061456
-0.0094664
0.0021683
0.0074832
-0.0085758
-0.0041504
0.0089934
-0.0075192
0.0027955
-0.0062624
-0.0098026
0.0092452
-0.0085719
-0.0012429
0.007692
0.0016881
0.0003501
0.0024048
-0.0070481
0.004868
-0.0092164
-0.005846
-0.0033717
0.0058435
0.0030213
-0.0024147
0.0072583
-0.0051643
0.0088468
-0.0075712
0.0001559
0.0073831
0.0095451
0.0014372
-0.0030082
-0.002034
0.0066754
-0.0079487
-0.0070629
0.0027517
0.008589
0.0087072
-0.0088102
-0.0099743
-0.0008492
0.0056816
-0.0095074
-0.0027406
-0.0036003
0.0036354
0.0072142
0.0031363
0.0045251
-0.0019885
-0.0071143
0.0058262
-0.0037788
-0.0081283
0.0099715
0.0021699
0.0046272
-0.0045458
-0.0074612
0.0022002
-0.0076959
-0.0021941
-0.0041688
-0.0099091
0.0040522
-0.0028952
0.0074926
-0.0013891
-0.0006965
-0.0046146
0.0005977
-0.0069947
0.0004826
0.0069393
0.0065465
0.0064855
-0.0038863
-0.002738
0.0015547
0.0054266
0.0099592
0.0072249
-0.0024321
-0.0038887
0.0013501
0.0051372
0.0019144
-0.0087979
0.0046383
-0.0097706
-0.006525
0.006262
-0.0016134
-0.0019768
-0.002747
-0.0091262
0.0022508
-0.0045503
-0.0016511
-0.0093745
-0.0027338
0.0057513
-0.0009834
-0.0035786
0.0076452
-0.0041212
-0.0055611
0.0074201
-0.006628
0.0094325
0.0004966
0.0081336
-0.0095902
-0.0056811
-0.0098817
0.0080266
0.0079188
0.00611
0.0077895
-0.0027517
-0.0016248
-0.0077379
0.0003259
0.0044808
-0.0098031
-0.0042865
0.0062676
-0.0099308
-0.0030642
-0.0007235
0.0049104
-0.0046676
0.0033789
0.0001635
0.0034511
0.0004646
-0.0085998
-0.0017208
-0.0028653
0.001666
0.0003147
-0.0067566
0.0096782
-0.0068226
-0.0028035
-0.0049207
-0.0053976
-0.0077188
0.0068199
-0.0002104
-0.0029624
-0.0092092
-0.0085376
-0.0030296
-0.0062313
-0.0088424
0.005044
-0.0077218
0.0051073
-0.0087304
0.0034604
-0.0027614
0.0076275
-0.0065042
-0.0053906
0.0021524
0.00532
0.007244
0.0055685
0.0075117
0.0050515
-0.0064359
-0.0063626
0.0084948
0.0057214
-0.0062216
-0.0097506
-0.0072057
-0.0027171
0.0082513
0.0070166
0.0009644
0.0095082
0.0069815
-0.0010984
0.0072875
0.0030459
0.0085917
-0.0016992
0.0036836
-0.0058705
-0.0004001
0.0089168
-0.0020578
0.0050139
0.0070024
-0.008103
-0.0030203
0.0079361
0.0041499
0.0099489
0.0035508
-0.0018515
0.0024285
0.0025681
0.0078135
-0.0062197
0.0083875
-0.0066565
0.0067603
0.0064448
-0.0039039
-0.0052714
0.0070382
0.003437
-0.0014088
-0.0099
0.0069298
-0.0098942
0.0002807
-0.0008111
-0.0013701
-0.0017834
-0.0076959
-0.0008883
0.0014179
-0.0047291
-0.0055028
-0.0053428
-0.0082724
0.0050541
0.0059348
0.002989
-0.0034377
0.0016688
-0.0076637
-0.0091011
0.0085993
-0.0029421
0.0001554
-0.0096301
0.0009221
-0.0066074
0.0059229
-0.0061464
-0.0026694
-0.0057305
0.0027989
-0.0043467
-0.0079843
-0.0053306
0.0006431
0.0060508
-0.00978
0.0045512
0.0045559
0.0088648
0.0010698
-0.0041489
-0.0009852
0.0083231
-0.0070999
0.0085549
0.009005
-0.0048879
0.0029567
-0.0095166
0.0064689
-0.0057945
-0.0021406
-0.0020846
0.0092838
-0.0082026
0.0012756
-0.001495
-0.008319
-0.0074281
-0.0067933
-0.0092257
0.0031828
-0.0027006
-0.0079817
0.0044158
0.0097716
0.0083351
-0.0026233
0.0029504
0.0071508
-0.0084348
-0.0020884
-0.0071327
-0.0018922
-0.0085914
-0.0086282
-0.0083264
0.0040374
0.0084856
0.0088159
-0.0012716
-0.000751
-0.0066149
0.0043809
-0.0082345
0.0023144
0.0005596
-0.0097943
0.0083536
-0.0093225
0.0069315
0.0088286
0.0063789
0.0015966
-0.0023506
-0.0092608
0.009011
0.005353
-0.008032
0.0096229
-0.0058131
-0.0038329
-0.008947
-0.0010982
0.0039686
0.0068924
-0.0042723
0.007798
0.0025409
-0.006472
-0.0097364
-0.0070603
0.0003095
-0.0008659
-0.0031568
-0.0077978
0.0089122
-0.0086035
-0.0012185
0.0049305
-0.0099816
-0.0025209
-0.0046957
0.0045227
-0.0024
0.0038928
-0.0082463
-0.002422
-0.007112
-0.0016747
-0.0036454
0.0024782
0.0045662
-0.0056275
0.0099689
0.0098952
-0.0064051
-0.0015954
-0.0003709
-0.0069591
0.0037829
0.0038326
-0.0018875
0.007075
-0.0084136
0.0024045
0.0004534
0.003164
0.002704
0.008932
-0.0088895
0.0032873
-0.0033292
-0.0050144
-0.0018889
-0.0007225
0.003802
-0.0009895
-0.0036929
-0.0019919
0.0052998
0.0050579
-0.0052066
-0.0046146
-0.0005234
0.0059174
0.0057665
0.0074273
-0.0085563
0.0010285
0.0059741
0.0006799
-0.0064589
0.0046191
-0.0038115
-0.0056458
-0.0001697
-0.0021196
-0.0018424
-0.0095725
-0.0012667
-0.0020665
0.0071807
-0.0075229
0.0009383
0.0062485
0.0009757
-0.0077619
-0.00035
-0.005937
-0.0017036
-0.0018445
-0.0033658
0.0058711
0.0050352
0.008751
-0.0025228
-0.0033224
0.0080325
0.0041912
0.0021968
0.0072512
0.0017271
0.008021
0.0079097
0.0034115
0.0040099
0.0098853
0.005031
-0.005853
0.0087622
-0.0028504
-0.0074041
-0.0089738
0.0050402
0.0044029
0.0081116
0.0088369
0.0018291
-0.0020479
-0.0025526
-0.0069746
0.0045595
-0.0051912
0.0055245
0.0090709
0.0047183
-0.0072167
-0.0081917
0.0015755
-0.009112
-0.0082705
0.0019508
-0.0064538
-0.0095782
-0.0052878
-0.0032462
0.0060828
0.0074736
0.0073255
-0.0040303
0.0095037
0.0038559
0.0012163
-0.0030593
-0.0030287
-0.0073336
0.0036531
-0.0047135
0.0095246
-0.0012857
0.0097931
0.0095994
0.0043785
0.0004065
0.0035425
-0.0051845
-0.0018361
0.0066942
0.0099112
-0.003245
-0.0022461
-0.0055392
