-0.0043803
-0.0006302
-0.0039683
0.0059294
-0.0059562
-0.0074907
-0.0095855
-0.0017075
-0.0011788
-0.0085641
0.0044233
-0.0042302
-0.0046896
0.0058739
-0.0060057
0.0061434
0.0029531
0.0057654
0.0011946
0.0064849
-0.0069259
0.0037463
0.0044809
0.0023033
-0.0034746
-0.0076111
-0.0028361
0.0098436
-0.008085
-0.0074224
0.0035349
0.0064986
0.0010897
0.0032529
-0.0058268
0.0016648
0.0005361
0.0071598
0.0076376
0.0061384
0.0016705
0.0005427
0.0004356
0.0008145
-0.0054036
0.0030555
0.0037979
-0.0072722
0.0007124
-0.0060147
-0.0078741
-0.0094743
-0.0011212
-0.0042174
-0.0026604
-0.0044041
-0.0085459
-0.0031954
0.0011879
0.0069719
-0.0009555
-0.0035079
-0.0051187
0.0098596
0.0025294
-0.0082082
0.0044432
0.0060442
5.4e-6
-0.0004559
0.0070086
-0.007762
-0.0065554
-0.0018222
0.0042907
0.000244
-0.0055492
-0.0095333
0.001062
0.0079693
-0.0079961
-0.0074864
-0.0090926
0.005831
-0.0038675
0.002128
-0.0052723
-0.0039162
-0.0024531
-0.0062215
8.27e-5
-0.0092499
0.0039475
-0.0073585
0.0057036
0.0082531
0.0044002
0.0086894
0.001957
-0.00165
0.0070547
0.0098385
-0.0054255
-0.0079887
0.0060643
-0.0096867
-0.0052669
0.0073195
0.0039715
-0.007819
0.0099525
0.0069141
0.0006046
0.0022723
-0.0027088
0.0074879
-0.0070456
-0.0084754
-0.0089092
-0.0063647
0.0055766
0.0095066
-0.0054791
-0.006619
-5.89e-5
-0.0094646
-0.0082874
-0.0064738
-0.0063984
0.0060223
-0.0022593
0.0031858
0.0088889
-0.0052083
-0.0014186
0.0017104
0.0099016
-0.0026145
-0.0022018
-0.0088005
0.0043402
-0.0051921
-0.0022193
-0.0051286
0.005218
-0.0063917
0.0052633
-0.0094588
-0.0033121
0.0063545
-0.0003951
0.0072166
-0.0096104
-0.0026996
0.0058069
-0.003688
-0.0039205
-0.0063017
-0.0026311
-0.0068064
-0.0020309
-0.0062882
0.0025281
0.0061209
-0.0084145
-0.007689
0.0069195
0.0022476
-0.0016808
-0.0027532
-0.0072564
-0.0013296
0.0093604
0.0081205
0.0033905
-0.0060203
0.0081424
0.0032463
0.0032891
-0.0041807
-0.0055982
-0.0028146
0.0077321
-0.0018884
-0.0012563
-0.0011184
0.0089331
0.0038371
-0.0028192
-0.0096444
0.0076371
-0.006432
0.0049912
-0.0011837
0.0097271
0.0090527
0.0068143
0.0003365
-0.0037534
-0.0011122
0.000308
-0.0049631
0.0080749
-9.96e-5
0.0004118
-0.0058951
-0.003756
-0.0091935
0.0045382
0.0009058
-0.001422
0.0065246
-0.0079218
-0.006009
0.0097389
0.0010156
-0.0052731
-0.0072353
0.0089575
-0.0059781
0.0060534
-8.22e-5
-0.0089182
0.0028
0.0008721
-0.0004341
-9.58e-5
-0.0090816
0.0059118
-0.0058942
-0.0015865
-0.0006387
-0.0049255
-0.009484
-0.0020442
0.0082059
0.0063287
-0.0046145
0.0070589
-8.86e-5
-0.0021534
-0.0037707
-0.001679
-0.0053966
6.02e-5
-0.0045475
0.0025149
-0.0045887
-0.0086527
-0.0094202
-7.54e-5
-0.0094869
-0.0014719
-0.0021993
0.0087366
0.0017658
0.0027241
0.0070787
0.0096805
0.0044108
-0.0043444
0.0074508
-0.0088085
-6.64e-5
0.0046429
-0.0011929
-0.0068477
0.0019765
-0.0063516
-0.00985
-0.008212
-0.0082136
0.0017165
0.0027363
-0.0032345
0.0018304
-0.0089767
0.004941
0.0091332
0.001703
-0.0044444
0.000705
0.0018134
-0.0020055
0.0055159
-0.0082165
-0.0044625
-0.005496
-0.0089033
0.0032497
-0.0072209
-0.0094425
-0.003353
0.0065326
0.0010842
0.0038994
-0.0091425
-0.0033903
-0.0083247
-0.0037506
0.0045246
0.0095528
0.0015135
-0.0037978
0.008379
0.0013873
0.0088579
-0.0096493
-0.0031889
-0.0029837
0.0043181
-0.0013028
-0.006006
0.0003513
0.0004593
-0.0086935
-0.0010008
-0.0018982
-0.0052605
0.004914
0.0013381
0.0069944
0.0055978
0.0007775
-0.0034318
-0.008693
0.0004804
-0.0036861
0.0063597
-0.0014051
0.009027
-0.0035647
-0.0038561
0.0045703
-0.0067941
0.0065113
0.0007168
-0.0061691
-0.0096788
0.003879
-0.009121
0.0047677
0.0074691
-0.0039726
-0.0033382
0.0064339
0.0060282
-0.0087649
0.0032353
-1.13e-5
0.0026178
0.008097
0.0099433
0.0057833
0.0042277
0.0051006
-0.0060065
0.0027744
-0.0054435
0.0079987
-0.0099534
-0.0090871
0.0046176
-0.0008088
-0.0008095
-0.0025373
-0.0046995
-0.0084355
0.0097675
0.0078579
0.0076182
-0.0075102
0.0059282
-0.0083928
0.0089396
-0.0062293
0.0048438
-0.0025717
0.0012708
0.005828
-0.0028774
-0.0074376
0.0026906
0.0044912
-0.0083249
0.0007824
-0.0068352
0.0057466
-0.0070332
-0.0093438
0.0063391
0.0010851
-0.004228
-0.0054841
0.0055369
0.0034353
0.0079512
-0.0032085
0.0028442
0.0018138
-0.0084602
-0.0079402
0.0027262
-0.0044968
0.0013646
-0.0048576
0.001624
-0.0011413
0.0098072
-0.007667
-0.0081343
0.0013766
-0.0057774
-0.0006496
0.0051475
-0.0008166
0.0050346
0.0007525
0.0002523
0.0037746
0.004675
-0.0019423
-0.0002029
0.0095992
-0.0051582
0.0037721
0.0046692
-0.0014122
0.0044013
-0.0038268
0.0056595
-0.0077603
-0.0021689
0.0093121
0.0064182
0.0049894
0.0065138
0.0099866
0.0012436
0.0020671
-0.0076278
-0.0027197
0.0042015
0.0041029
-0.0093589
0.0062037
0.0002615
-0.0053231
-0.0074845
-0.00877
0.0090394
-0.0080347
-0.0098174
-0.0055772
-0.0030535
-0.0038523
0.0094806
0.0081351
-0.007074
-0.0087006
0.0089874
0.0026018
-0.0071705
0.00679
0.0003568
0.0071467
-0.0043153
-0.0042477
-0.0037231
0.0068505
-0.0018952
0.0040337
0.0019674
-0.0084161
0.0070034
-0.003247
0.0036237
0.0032066
-0.0037844
-0.0062846
0.0066957
-0.0022988
-0.0063102
-0.0046237
0.0026634
-0.0075249
0.0002079
0.0039124
0.0006448
-0.0026772
0.0012159
-0.0003079
-0.005802
0.0066669
-0.009963
