0.0016733
0.0088671
0.0043164
-0.0069008
0.0093088
0.0022672
0.001564
0.0037487
0.0052504
-0.0071045
0.0080381
0.0098664
-0.0069375
-0.0020513
-0.0015292
-0.000183
-0.0002711
-0.0013122
0.0041114
0.0067451
0.0020253
-0.0041091
-0.0028857
-0.0072504
-0.0068684
-0.0032033
0.0051643
-0.0089772
-0.0097277
0.0008438
-0.0007743
0.0064858
0.0060466
-0.0048204
-0.0054224
-0.0078181
0.0096519
-0.0013202
0.0070422
0.0054316
0.0043905
0.0096819
0.0097642
-0.0015693
0.0002194
0.0003923
0.0063681
-0.0086571
0.0004225
0.0088489
-0.0039136
-0.0038924
9.2e-6
0.0070599
0.0053349
-0.0064668
-0.0069591
0.0082306
-0.0005229
-0.0016757
-0.0004074
-0.0075888
-0.0062735
0.0010749
0.0053747
0.0043961
-0.007131
0.0074769
-0.0048428
0.0038569
0.0025871
0.0067715
-0.0085168
0.0089793
-0.004876
-0.0006732
0.0030414
-0.0077524
0.0078581
-0.0097045
0.0007391
0.0062217
0.0081425
-0.002683
-0.0062398
0.0070339
0.0033838
0.0075092
-0.006876
-0.0037014
0.0046893
-0.0055309
-0.0068233
0.0033628
0.0025657
-0.0076013
0.000374
0.0070052
0.0053906
0.0062315
0.0092178
-0.005824
0.0005825
-0.0047219
-0.0057082
3.54e-5
0.0051156
-0.0064496
0.0073106
0.0008103
-0.000676
-0.0062775
0.0062766
0.0066384
-0.0030907
0.0076293
-0.0074818
-0.0053175
0.0076049
-9.18e-5
-0.0017209
-0.0090106
-0.001952
-0.0019692
-0.0045956
-0.0067194
-0.0096145
-0.0055554
-0.0035625
0.0023706
-0.0069969
-0.0072832
0.0018058
0.0011681
0.0081014
0.003993
-0.0051364
0.0004816
0.0050666
-0.0068188
0.0030014
-0.0067478
0.0096858
-0.0036077
0.0038597
0.0066097
-0.000634
-0.0098087
-0.003672
-0.0026178
0.0080344
0.0044995
0.0086443
-0.004044
0.0098171
0.0024562
0.0009065
-0.0056184
0.0064718
0.0071434
-0.0091166
-0.0067377
0.0021859
-0.0090041
0.005944
-0.0042255
-0.0085959
-0.0010293
0.0029274
-0.0013652
0.0097304
-0.009429
-0.0076427
-0.0053608
1.97e-5
0.0001419
0.0034373
0.0089132
-0.0008233
0.0057229
0.00835
-0.0094948
-0.0015289
-0.0012866
0.0088128
0.0080364
-0.0034471
0.0063354
0.0013362
0.0030694
-0.0099632
0.0020062
-0.0073262
0.0007307
-0.0073375
-0.0022079
-0.0075508
0.0031926
0.001504
-0.0048597
-0.0036568
0.004736
-0.0019559
-0.0080766
-0.0056821
-0.0048466
0.0020627
-0.005634
0.007695
-0.0039685
-0.0079134
-0.0080925
0.0054372
-0.004135
0.0051876
0.0025257
0.0009119
0.001306
0.0004065
0.0051118
0.0069371
0.0083054
-0.0063383
-0.0015998
-0.0087588
-0.0074894
0.0072708
6.88e-5
0.0076673
-0.0065173
0.0053571
0.0052992
-0.0056955
0.0047039
0.008883
0.0099846
0.0048987
-0.0077252
0.002582
-0.0037948
0.009481
0.0029386
0.009604
-0.0080617
-0.0091488
-0.0035524
-0.0020817
0.0009946
-0.0046019
0.0050352
0.0031976
-0.0080098
-0.0046594
0.0068763
0.0027721
-0.0036189
-0.0051676
-0.0098929
-0.0035415
0.006263
-0.0047201
-0.0093902
-0.004557
-0.0063812
-0.0060296
-0.0075398
0.0004872
-0.0024226
-0.0091389
-0.0026969
0.0044548
0.0074697
-0.008055
-0.0019264
0.0039537
-0.0098288
-0.0029968
0.0042874
0.0070216
-0.0039934
0.0032648
0.0011782
-0.0035498
0.0038918
0.0035941
0.0063424
0.003774
0.0074393
-0.0074293
-0.0012343
0.000645
0.0002028
-0.0004179
0.0017188
-0.0022069
-0.0004846
-0.0095522
-0.0088971
0.0050472
0.002071
-0.0093821
0.0074171
0.0030078
-0.00301
-0.0002416
0.0086994
0.0068414
-0.0007464
-0.0034687
-0.0021779
0.0091749
-0.0013325
-0.0061332
-0.0021714
0.0087547
-0.0004683
0.0064035
0.0024527
-0.0093114
-0.0056241
-0.0064442
-0.0088197
0.0024206
0.0089899
0.0030388
-0.0066649
0.0079094
0.0071095
0.0004818
-0.0072101
0.0040465
0.0031067
-0.0057502
-0.0056955
-0.0024569
-0.0088696
-0.004255
-0.0094981
-0.0084667
0.0093276
0.0013948
0.0046298
-0.0095097
0.0055104
0.0014678
-0.0083088
0.0060509
0.0048287
-0.0010615
-0.0083697
-0.0003591
0.0028075
-0.0035941
0.0001195
-0.0020702
0.0098543
0.0024858
0.0006784
0.0073507
-0.0060884
-0.0034731
-0.0028712
-0.0008484
0.0062333
-0.0025845
0.0063032
-0.0049062
-0.0076369
0.0027788
0.0097421
-0.0056318
0.0006071
-0.0081813
0.0002747
0.0062468
0.0099047
0.0076692
-0.0053552
0.003263
0.0022332
0.0093927
0.007046
-0.0036968
-0.0041915
-0.0054679
-0.0074251
0.0068248
-0.0083537
-0.0058264
0.0057537
-0.006
0.0012323
-0.0022395
0.0003244
0.0075126
0.0024438
-0.0019255
0.0092973
-0.0065922
0.0094497
-0.0001141
0.0030236
-0.0043439
0.0092451
-0.0089574
0.0042052
-0.002243
-0.0043264
0.0081829
0.0093673
-0.0059205
-0.0068881
0.0066146
0.0067636
-0.006614
-0.0093076
-0.0096764
0.0002962
0.0085298
-0.0040362
-0.0097549
-0.0017348
0.0049718
-0.0084506
0.00413
0.0066771
0.0063372
-0.0049378
0.0055181
-0.0035953
-0.006751
0.0071774
0.0090677
0.0032068
-0.0059094
-0.0022049
0.0073986
0.0053708
-0.0006169
-0.0019625
-0.0066357
-0.0055294
0.0090573
-0.0043358
-0.0029155
0.0064439
0.0033575
0.0035874
0.0061663
0.0049504
0.0013102
0.0039175
0.0087224
-0.0082365
0.0007434
-0.004249
-0.0087757
0.0070966
0.0052762
-0.0045687
-0.0046949
0.0040845
-0.0035209
0.0044716
0.0039168
-0.004809
0.0051868
0.0060815
-0.0006238
-0.0047105
-0.0009023
0.0048093
0.0039811
-0.0058754
-0.0047352
0.0055259
0.0003699
0.0074775
0.0014279
0.0097566
-0.0065334
0.0066775
-0.00918
-0.0081773
-0.0093644
0.0017112
-0.0059281
0.005658
-0.0010082
0.0037537
0.0032715
-0.0030065
-0.0018343
0.0003269
0.0098791
