0.0062894
0.006577
0.0020795
0.0087258
-0.0009016
-0.0061593
0.0047212
0.0044307
0.0051792
-0.0099289
-0.0028695
0.0030348
0.0070278
-0.0057936
0.0062006
-0.0014567
0.0048648
-0.0095599
0.0070078
0.0069105
-0.0046131
-0.0023124
-0.0076371
0.0085403
-0.0022181
0.0016541
0.0020698
0.0010047
0.0070053
-0.0043125
-0.0002885
0.0082843
-0.0084767
-0.0062627
0.00792
0.0033868
-0.0086216
0.0095716
-0.0077443
-0.0029222
-0.0090394
-0.0005309
0.0038547
-0.0005162
0.0076268
0.0099565
-0.0045769
-0.0042321
0.0013874
-0.0025961
0.0074769
-0.0012102
-0.0045346
0.004967
-0.0035857
0.0079709
0.0066916
-0.0030177
-0.0085709
-0.0073784
-0.0012858
0.0008014
-0.002029
-0.0024421
-0.0010192
0.0071173
-0.0013517
-0.0004387
-0.0085032
-0.0042354
-0.0062295
0.0087813
0.0041625
-0.0042439
0.0079206
-0.0016828
0.0095608
-0.0036974
0.0057932
-0.0089621
-0.0033118
-0.0028531
0.0017414
0.0002082
-0.0095686
-0.0046436
0.00636
-0.005531
-9.97e-5
0.0069713
0.0043925
0.0032624
0.005837
0.0070918
-0.0066408
-0.0021609
-0.0024877
-0.0097621
0.0009018
-0.004107
-0.0052698
0.0066495
-0.0061358
0.0072352
0.0051607
0.0008566
0.0070521
-0.0049215
0.0093584
0.0032986
-0.0011598
-0.009328
-0.0033372
0.0034971
-0.0065925
-0.0051858
0.0058699
-0.0030349
-0.0097506
0.0047243
0.0053325
0.0062423
0.0070947
-0.0003388
-0.0030723
0.0036662
0.0097091
0.0020326
0.0060346
-0.0024062
-0.002716
-0.0043755
0.00916
0.0083511
0.0098325
-0.002904
-0.0058322
0.0005093
-0.0031236
0.0068965
0.0063018
0.0053633
0.0060253
-0.0054221
0.0016253
-0.004458
-0.0045966
0.0068761
0.001008
-0.0050303
-0.0029845
0.0003803
0.0053996
0.0089528
-0.0049137
0.0013772
-0.0012528
0.0062842
0.0049937
0.001926
-0.0080222
-0.0019617
-0.0020847
0.0007365
0.0052424
-0.0049269
-0.0065936
-0.000876
0.005298
0.0076087
-0.0009291
-0.0003126
0.0009072
0.0073409
0.0046516
0.0030038
-0.001804
0.0042728
-0.0066532
0.0024267
-0.002395
0.0044625
-0.0012679
0.0058762
-0.0062624
-0.0012202
-0.0099566
0.0080271
-0.0088673
0.0085873
0.0081164
-0.0004387
-0.0025093
-0.0075998
-0.0084628
-0.0018381
0.001737
0.0066746
0.0070875
-0.0099275
-0.0094825
0.0057511
0.0026142
-0.0058674
-0.0094922
0.0069411
0.0018537
-0.0070436
0.0087662
0.0014442
-0.0091527
0.0066319
-0.0055049
0.0061373
-0.0001248
-0.0072904
-0.0004375
0.0012087
-0.0009371
0.0083699
8.4e-5
0.0001805
0.0071749
0.0076045
-0.0035323
-0.0077384
-0.007194
0.005742
-0.0081175
0.0010101
0.0021464
-0.0082081
-0.0074615
-0.0053185
-0.0091038
0.0042822
0.0097128
-0.005533
-0.008945
0.0071074
0.0091692
-0.0098174
-0.0035167
-0.0033725
0.0062839
0.0081775
0.0065128
-0.0080905
-0.0025559
0.0084977
-0.0055917
-0.007463
0.0017092
0.0087535
-0.0087694
0.0055342
0.0085084
0.0065075
0.009779
-0.0022818
0.0037668
-0.0042918
0.0003665
0.0081611
0.0073745
0.0049932
-0.0098872
0.0007271
0.0092028
0.0089579
-0.0029518
-0.0049367
0.0054814
0.0053876
0.0042629
0.0021614
0.0025212
0.0011067
-0.008464
-0.0057476
-0.0023012
-0.0001205
-0.0036626
-0.0025023
-0.0061844
-0.0063719
0.0060938
0.0006763
0.0027103
-0.0023517
0.000112
-0.0050649
0.0024238
0.0051501
-0.003868
0.0093245
-0.0093953
-0.0073371
-0.0024808
-0.0067685
-0.0068709
0.0044959
0.0007416
0.0067667
0.0038985
0.0048492
0.0059042
0.0079969
0.0097107
-0.0099265
-0.0056602
0.0049546
0.008411
0.0088625
-0.0043601
-0.0002665
-0.004712
0.0013581
0.0063657
0.003867
-0.0065325
0.0017029
0.0099204
-0.0067998
0.0033666
0.0073124
0.0036237
0.0056519
0.0055464
0.0083994
-0.0098257
0.0036551
0.0019861
-0.0098719
0.0066185
0.0037128
-0.0088636
-0.0051892
0.001941
-0.0024956
-0.0066507
0.0056629
0.0054713
0.0063548
0.0002405
-0.0044246
-0.0080457
-0.0092868
-0.0094552
0.0024894
0.00711
0.0091186
0.0094114
0.0021764
-0.0096333
0.0019802
0.0078676
0.0033146
-0.0092299
0.0068498
0.0014861
-0.0029585
-0.0082293
0.0049273
-0.0036038
-0.0058267
0.0064647
0.0079962
0.0073749
0.0034936
-0.0049218
0.0052299
-0.0050969
-0.0075692
0.0004052
0.0027263
0.0005503
-0.0089052
0.0046521
0.0033042
-0.0018092
0.0002837
-0.0020674
0.0082719
-0.0048329
0.0026158
0.0015807
0.0064492
-0.0067844
0.0026558
-0.0056829
-0.009514
0.002753
0.0067076
0.0079602
0.0010121
-0.0046929
0.0092196
0.0025862
-0.0047564
0.0032555
-0.0007703
0.0044045
0.0084077
-0.0049175
-0.0002074
-0.0034673
-0.0003614
0.0097612
-0.0047628
-0.0024779
0.0039377
-0.0011152
0.0098629
0.0046479
-0.006115
0.0074283
0.0026243
0.0041272
-0.0026082
-0.0089321
-0.0013507
0.0010256
-0.0059668
0.0009978
0.0081445
-0.0089384
-0.0092561
-0.0001538
-0.0049459
0.0042728
-0.0010635
-0.0046171
-0.0076915
-0.0081479
9.81e-5
0.0009459
-0.0086919
0.0034635
0.0061548
0.0024753
0.0042882
0.0074954
-0.0057677
-0.0094216
0.0070637
-0.0083542
-0.0046145
0.0092855
-0.0091102
0.0070931
-0.0004818
0.0052052
-0.0076817
0.0069687
0.0089118
-0.0091023
0.0043907
-0.0091678
-0.00743
0.0043425
-0.008338
0.0055322
0.0098457
-0.0079146
0.0096507
0.0050943
0.0034605
0.0043566
0.0029512
-0.001415
0.007945
-0.0006867
-0.0012463
0.0016616
0.0074689
0.0008284
0.0078219
-0.002083
-0.0069255
-0.0057101
0.0053629
0.0014167
-0.0064632
0.0034793
0.0010344
0.0016644
0.0012834
-0.0007522
0.0008894
0.0068669
-0.0006897
0.0084821
0.0070087
-0.0040454
