-0.003311
0.0055304
-0.0027178
0.0013336
0.0025997
-0.005308
0.0079419
0.0083463
-0.0063875
-0.0011322
-0.002755
0.0083542
-0.0092398
0.0087708
-0.0013642
0.0087906
-0.0092112
0.0033796
0.0099349
-0.0056219
0.0028924
0.0013525
0.0030133
0.0012202
-0.0004592
2.23e-5
-0.0005064
0.0042063
-0.0016479
-0.0014353
-0.0020172
-0.0024899
0.0024337
-0.0092627
-0.0051301
-0.0049653
-0.0085394
0.0010496
0.0011141
0.0029071
-0.0041679
-0.0019042
0.0035493
0.0088602
0.0088439
-0.0064656
0.0075778
-0.0084962
-0.0049607
0.0077548
-0.003842
0.0091528
0.0077379
0.0094029
-0.0039648
0.0053298
0.0030268
0.0054579
-0.0002497
-0.0002484
-0.0099395
-0.007508
0.0079752
0.0075395
0.0099251
0.0088513
0.0087757
-0.0011714
0.0034819
-0.0061884
-0.0078525
0.0011761
0.0031902
-0.009615
0.0050441
0.0097112
-0.0021416
-0.0087171
-0.0028281
0.0022709
0.0027763
0.0003821
0.0089418
-0.0079768
0.0069636
0.0018384
0.0017586
0.002863
-0.0077874
-0.009734
2.97e-5
0.0026776
-0.0026642
0.0087251
0.0048133
-0.0048481
0.0084107
0.0079822
0.0075269
-0.0033989
0.0077552
0.0078053
0.009446
-0.0048465
-0.0065085
0.0081146
0.0055234
-0.0021791
-0.0053727
-0.0009799
-0.0098933
-0.0032809
0.007208
-0.0057865
0.0007718
-0.0042418
0.0006491
0.0020655
0.0084271
0.0031042
-0.0014301
-0.0076112
-0.0040315
0.0065007
0.0036966
-0.0038732
-0.0010797
-0.0032433
-0.0036242
0.0040428
-0.0067492
-0.0049821
0.0063923
-0.0079623
0.0003083
-0.0090748
0.0076182
-0.0026084
-0.0023903
0.0034297
0.0027777
-0.0093575
-0.0062418
0.0019611
-0.0075884
0.0056201
0.0099024
-0.0004828
0.008621
-0.0041409
-0.0046519
-0.0057845
-0.0079318
0.002245
0.0066051
-0.0047515
0.0095457
-0.0008933
-0.0057005
-0.0001808
-0.0028631
0.0081022
0.0022263
-0.0045489
-0.0051317
-0.0001485
0.0007236
-0.0076207
-0.0032311
-0.0082572
-0.0087831
0.0083424
-0.0006677
0.0052267
-0.0085694
0.008355
0.0057907
0.009583
-0.0074001
-0.0086916
0.0097881
-0.0042826
0.0075521
0.0047039
0.0080319
-0.0071174
0.0084728
-0.0019237
-0.0019542
0.0045504
0.0070197
0.0018711
-0.0099396
0.0004948
0.0084891
-0.0006666
0.0056491
0.005076
0.0039535
0.0040569
-0.0014833
-0.0097751
0.0086783
0.0015784
-0.0077524
0.0003468
-0.0077615
-0.0063722
0.001343
-0.0031579
0.0083717
-0.0058694
-0.0097332
0.0050288
-0.0098211
0.0019642
-0.0062725
-0.0058918
-0.0039493
0.0024594
-0.0066548
0.0099909
0.0014362
0.0078307
0.0077637
0.0014219
-0.0002517
-0.0070409
0.0040205
0.0075783
-0.0093604
-0.0054538
-0.0065764
0.007645
-0.0030537
0.0013942
0.0004148
-0.0015125
0.0002415
0.0021861
0.0068564
0.001747
0.0004177
-0.0036987
0.0064407
-0.0058409
0.001561
0.0057637
0.0026231
0.0006514
-0.0088172
-0.0085786
0.0038077
0.0067284
0.0048296
0.0079687
0.0028131
-0.0009803
-0.0046833
-0.0017722
0.006824
-0.0022009
0.0055798
0.0017781
0.000803
-0.00919
0.0052902
-0.0075201
0.0084837
-0.0001912
0.006876
0.0067522
-0.0026175
-0.0048588
-0.0002289
-0.0006176
-0.0027873
-0.0030339
-0.0018045
-0.0038949
-0.003778
-0.0053646
-0.0023589
-6.76e-5
0.0023998
-0.0004435
-0.003802
-0.0068132
-0.0008117
0.0033526
0.0016943
-0.0081657
-0.0003331
0.0070242
0.0093008
-0.0045181
0.0082027
0.0051139
0.0038178
-0.0078393
0.0087021
-0.0095311
0.0007497
-0.0093935
-0.0081963
0.0045979
-0.0021782
0.0079743
0.0019822
0.0080797
0.0043739
-0.0093747
0.0071813
-0.0052819
-0.0082146
-0.0046378
-0.000442
0.0033889
-0.0074048
-0.0031823
0.0088844
-0.0093117
0.0028224
-0.0057078
0.0096297
-0.0068767
0.0026475
-0.0074133
-0.0065737
0.0098617
-0.008313
0.0092849
-0.0097153
0.0027716
-0.0022898
-0.0064509
-0.0071259
0.0040512
-0.0022793
0.0023536
0.0006033
0.0044413
0.004486
0.0051581
0.001775
-0.0053379
-0.0005015
0.0057306
0.0077546
-0.0025554
0.0010219
-0.0045611
0.0091552
0.0001447
0.0048995
0.0092584
0.0065118
0.0041581
-0.0042912
0.0001701
-0.0037287
-0.0024047
-0.0026558
0.0045431
-0.009337
0.0078157
0.0025835
0.0041997
0.0075698
-0.004981
-0.0011633
-0.0061463
0.0088732
-0.0064497
0.0069174
-0.0076654
0.0085908
0.0019934
-0.0099105
-0.0024136
0.003726
0.0023026
-0.0027846
-0.0099592
-0.0017299
0.0071302
-0.0027153
0.0063118
0.0073027
0.0043273
-0.008497
0.0037122
-0.0024634
0.0094555
0.0022724
-0.0054563
-0.0035091
0.0024259
0.0021169
-0.0052985
0.0022012
-0.0075899
-0.0025438
0.0080943
-0.0074582
-0.0022071
-0.0070722
0.0046369
0.0093399
-0.0090622
-0.0098371
0.0043809
0.0032888
0.0027991
-0.0099517
0.0095065
-0.0072427
-0.0034564
-0.0075566
-0.0008637
0.0072162
0.0050692
-0.0068518
0.0074548
-0.0049111
0.0057212
-0.0044721
0.0049802
-0.0017277
0.0023791
-0.0029132
-0.0047432
0.0003607
-0.0095789
0.0019634
-0.0099318
0.0054702
0.0038381
0.0081174
0.009169
0.0056013
-0.001317
0.0036054
0.0002942
-0.0088391
-0.0086716
-0.0043278
-0.0087653
0.0036817
-0.0024292
-0.0005519
0.0084007
-0.0084464
-0.0036682
0.0067834
-0.0081815
6.4e-6
0.0041583
0.0043245
0.0096548
-0.006414
0.0042244
0.006395
-0.0020981
-0.0019445
0.0086596
0.0002194
-0.0056929
0.0046496
-0.0025711
-0.0046447
0.0063399
0.007016
0.0001107
0.0007355
-0.0016182
0.0010529
-0.0027855
0.0008976
0.0021271
-0.0099323
0.0018648
-0.0055724
0.0038816
0.0027793
0.0047637
-0.0005946
-0.0049227
-0.0051739
-0.0012843
-0.0016244
0.0043819
0.0013119
-0.0083347
-0.0023876
