-0.0028007
-0.0037698
-0.0043515
-0.0014714
-0.0066065
0.0087209
0.0087568
-0.0032832
-0.0058374
-0.0066421
-0.008893
-0.0056882
0.0072258
0.0080572
0.006705
-0.009039
-0.0019755
-0.0019536
0.0033715
-0.007902
-0.0074236
0.0065748
-0.0004099
0.0095726
0.0087585
0.0035272
-0.0061127
0.0079734
-0.0076834
0.0007916
-0.0092607
0.008885
-0.0043461
-0.0098126
-0.0045296
0.0004828
0.0091536
-0.0098894
-0.0071169
-0.0051206
0.0069144
0.0085775
0.0034429
-0.0069951
0.0009425
-0.0035287
0.0010034
-0.0060669
0.0039149
-0.0002782
0.0095465
0.0007081
0.0086646
-0.0070766
0.0026131
0.0005605
0.0035273
-0.0050223
0.008205
0.0054649
0.0042327
-0.0062903
-0.0067317
0.0034282
0.0084267
-0.0062077
-0.0081432
-0.0076603
-0.0048578
-0.0055043
0.0081172
0.0097062
-0.0074086
0.0060878
0.0055204
-0.0049656
0.0090523
0.0053755
-0.0042403
0.0086457
0.0001687
0.0011959
0.0012118
-0.0034954
0.0003185
-0.0079885
-0.0083398
0.0037068
0.0031551
-0.0074493
0.0023318
0.0002495
0.0065098
0.001669
-0.0042942
0.0017325
-0.0005911
0.0080857
-0.0005153
0.0020153
7.97e-5
-0.0036984
-0.0073263
-0.0007608
-0.0022836
-0.0035689
-0.0002297
-0.0026412
-0.0031276
0.0005996
0.008932
0.0075112
-0.0050907
-0.0004256
0.0039525
-0.0097937
0.009955
-0.0077456
-0.0027128
-0.0008175
0.0084455
0.0096662
0.0051061
0.0043008
-0.0003872
0.0022291
-0.0024976
0.0077286
9.5e-5
0.0048838
-0.0044947
-0.0039259
-0.0070292
-0.0047849
0.0030017
-0.0024734
-0.0075101
0.0095995
-0.0013822
-0.0038273
0.0025546
-0.0013091
-0.009305
0.0014534
-0.0096208
-0.0059851
0.0013732
0.0013247
0.0075878
-0.0058327
-0.004326
0.0041821
0.0021365
-0.0015606
0.0090489
0.0052668
0.0083287
-0.0030008
-0.0089864
0.0008365
-0.0002941
0.000131
0.0064496
0.0077591
-0.0087365
-0.0082864
0.0055179
0.0069152
-0.0061264
0.0048082
-0.0034509
-0.0036562
-0.0089259
-0.0022275
-0.0008123
-2.8e-5
0.0087061
-0.0071869
0.0032259
0.0061145
0.0094131
0.0012641
-0.0003888
0.0020057
-0.0078108
0.0060059
-0.0016121
-0.0047854
0.0051233
-0.0021315
0.004273
-0.0028163
0.0097089
0.0014724
0.0060921
0.0067123
0.0078099
-0.0048556
0.0059179
0.0086556
-0.0089928
-0.0031528
0.009137
0.0044344
0.0081538
-0.0069102
-0.0094685
-0.006267
0.0032176
0.0049713
0.004346
0.0020361
-0.0041587
-0.0046003
-0.000556
-0.0063398
-0.001849
-0.0020466
0.0074213
0.0024889
-0.0052119
-0.008154
-0.0024275
0.0099456
-0.0063076
-0.0019106
0.0093425
0.0036169
-0.0058918
0.0084043
-0.0076337
-0.0038875
-0.0031011
-0.001706
-0.0065056
-0.000364
0.0012862
0.0017112
-0.002412
-0.00159
-0.008959
-0.0075227
0.002442
-0.0057562
-0.0091371
0.0047576
-0.0004228
-0.0089001
0.0060626
-0.0033319
0.0052206
0.0074543
0.0063497
-0.0031085
-0.007375
0.0047346
-0.0048321
-0.0057132
-0.0091955
0.0054263
-0.0070652
0.0077038
-0.0067498
-0.0018054
0.0038749
0.0054141
-0.0003416
-0.0030642
-0.0060427
0.0056892
0.006308
0.0015783
0.0050857
-0.001281
0.0076431
-0.0077687
0.008303
0.0064491
-0.0054857
-0.0069247
-0.0090878
0.0005435
0.0015842
0.009445
0.0046671
-0.0003282
-0.0085289
-0.0027246
0.0022112
-0.005465
0.0052313
-0.0091691
-0.0024288
-0.0089668
-0.0092531
-0.0046692
-0.0044624
-0.0036692
0.0087813
0.0095763
0.0060164
-0.0034038
0.0048369
0.0016959
0.0025625
-0.0010132
0.001099
0.0059353
0.0058317
0.0077944
0.00216
0.0015567
0.0026894
-0.0078144
-0.0017616
0.0048025
-0.0036633
0.0044157
0.0016259
-0.0037079
-0.0025499
-0.0033657
-0.0082937
0.001208
-0.0010262
-0.0092381
0.0033892
0.0016264
0.0034505
0.0078215
-0.0087391
0.0088459
0.0091278
0.0023193
-0.0042645
0.0017048
0.0047226
0.0039154
-0.0078183
-0.0011465
0.0087874
0.004195
-0.0065789
-0.0071087
0.0032125
-0.0011125
-0.002983
0.0027279
-0.0039352
0.0078649
-0.0088361
0.0053133
0.0082849
0.0023895
-0.009319
-0.0049901
-0.0046046
0.0059802
-0.0049566
0.0043126
-0.000933
0.0001798
0.0097536
-0.0075988
0.0089986
-0.0062915
0.0073469
-0.0093964
0.0008444
0.0003697
-0.0042927
0.004676
-0.0095951
-0.0087212
-0.0047848
-0.0017167
0.0044497
-0.0050459
-0.00455
-0.0024751
0.0003948
0.005324
-0.0024126
-0.0063408
-0.0010593
0.004532
0.001691
0.0070348
-0.0032505
-0.0028141
0.0006953
0.0057837
0.0090997
0.0066149
0.0002978
-0.0002142
0.0017525
-0.0072351
0.0042252
-0.0033332
-0.000325
0.0003784
-0.0001023
0.0024156
-0.0023213
-0.0058287
-0.004774
0.0019208
0.0074232
0.0024093
-0.0029665
-0.0082954
-0.0044137
0.0005333
-0.0018954
-0.0079247
0.0009067
-0.0092298
0.0093712
-0.004992
0.0092113
-0.0044263
0.0034724
0.0090065
0.0074237
-0.002484
0.0068937
0.0066208
0.0001932
0.0079743
-0.0012181
-0.0068491
0.0008662
-0.0042776
0.001586
0.0028573
-0.0001091
-0.0034735
-0.0045987
-0.0083966
0.0094434
-0.0062491
0.0077097
0.0021441
-0.006739
-0.0011271
0.0031229
0.0060585
0.00656
0.009111
-0.0098166
0.0083866
0.0099716
-0.0001915
0.0039524
0.002092
0.0070012
-0.0011439
0.0093104
-0.0080353
0.0023872
0.0012515
0.0065369
0.0034412
0.0096005
0.0076934
0.0064614
0.0076135
-0.0045834
-0.0066477
-0.0080255
0.0078612
0.0094369
-0.0045535
-0.005949
0.0039919
-0.0078836
-0.0003698
0.0011827
0.0021357
0.0006988
-0.0060943
0.0096813
0.003872
0.0035111
-0.0069031
-0.0081935
-0.0058308
-0.000906
-0.00666
0.0080258
0.0066896
0.0038137
-0.0043611
0.0044687
