0.0094452
-0.0061527
-0.0092883
0.0068788
0.0080689
-0.0080392
-0.0021941
-0.0051211
0.0068413
0.0029825
0.0025969
-0.0052255
0.0019685
-0.0021302
-0.008039
0.009648
0.0089787
0.0078122
-0.0044144
0.0066847
0.0024537
0.0003906
0.0064838
-0.0089219
-0.009198
0.0045369
-0.0040194
-0.000538
0.0010487
-0.0065826
0.0047827
0.0076332
-0.0073931
0.0092631
0.0090145
-0.0033907
-0.0073168
-0.0044212
-0.0004095
-0.0046294
0.0066293
0.007431
-0.0033986
-0.007034
0.0064673
0.0041692
-0.0087837
-0.0079213
0.0096545
-8.71e-5
-0.0050187
-0.0082898
-0.0011183
0.0021703
-0.0004169
0.0092964
-0.0048546
0.0080363
0.0084768
-0.0008533
-0.0087846
-0.0006115
-0.0058259
-0.000797
0.0045825
-0.0019077
-0.0027653
-0.0071079
-0.0072832
0.0021505
-0.0020774
-0.009405
-0.0033826
-0.005942
-0.0038196
-0.0074785
-0.0067656
0.003268
0.0057206
0.0008232
-0.0039353
-0.0072342
0.0045258
0.0086309
-0.0002314
0.009635
-0.0040019
0.0034153
0.0016544
0.0060437
0.0052053
0.0024444
-0.0066995
-0.0021729
0.005998
0.0093975
0.0092994
0.0090273
-0.006415
-0.007326
0.0099145
-0.0005774
0.0098411
0.0007761
-0.0026802
-0.0071107
0.0016723
-0.0097405
0.0076183
0.0024129
-0.0061614
0.0097385
0.0059802
0.0018557
-0.0035916
0.0033276
0.0029388
0.0044911
0.0065908
-0.0051247
0.003562
0.0058444
-0.0015079
-0.0098572
-0.0099344
-0.0062101
-0.0087653
0.0074801
0.0015826
0.0035501
9.62e-5
0.0075609
-0.0038171
-0.0072087
-0.0036205
-0.0051289
-0.0093166
-0.0025839
0.0055667
-0.0088377
0.0085423
-0.0099906
-0.008983
-0.0079597
0.0005417
-0.0019156
-0.0079138
0.0093367
0.0036335
-0.0021513
0.0004094
-0.0062183
-0.0024977
-0.0088377
0.0096938
-0.0098036
-0.0011472
-0.0005902
-0.0087265
0.0003647
-0.0006759
-0.0057493
-0.0082096
0.006005
-0.0092802
-0.0045131
-0.0088865
-0.0060039
0.0075022
-0.0001542
-0.0040132
0.005944
0.0074395
-0.0010467
0.0046462
-0.0047969
0.000657
-0.0067888
-0.0026749
-0.0099671
0.0053743
-0.0050885
-0.0030913
0.0054636
-0.0078821
-0.0037508
0.0088916
5.37e-5
-0.0087871
0.0093659
-0.0020776
-0.0029638
0.0082955
0.002657
-0.0088175
-0.0090073
-0.0037681
-0.0075333
-0.0019829
-0.0035971
0.0017059
-0.0087564
0.005132
0.0087077
0.0051685
-0.0008619
-0.0019992
-0.006513
0.0041783
0.0095273
-0.0016139
-0.0024165
0.0097616
-0.0099765
0.0012739
-0.0072616
0.0008644
0.0081658
0.0030596
0.0040815
0.0032671
0.0022609
-0.0052156
-0.0011664
-0.0047111
0.0076818
-0.0091544
0.0067328
0.0042204
0.0039736
-0.0071403
-0.0032581
0.0004194
0.0071894
0.0068239
-0.0084083
0.0012005
-0.0084461
0.0017252
0.0046154
0.0003916
0.0027094
0.0027184
0.0074934
-0.0048453
0.0085246
0.0077422
-0.008088
-0.008986
-0.0043437
-0.0065589
-0.005325
0.0020658
-0.0024264
0.0033838
-0.0039366
-0.0095052
-0.0020083
0.0017862
-0.002616
-0.0003741
-0.0086535
-0.0067339
0.0099741
-0.0081096
0.0019778
-0.0066669
0.0056551
-0.0077169
0.0052836
0.0020054
0.0072237
-0.0014049
0.0049493
0.0012657
0.0016236
0.0093645
0.0003434
-0.0064374
0.008591
-0.003796
0.0044483
0.0043792
0.005178
-0.0093267
0.0065918
-0.0050244
0.0053741
0.003795
0.0024569
-0.0029377
-0.0062789
-0.0037701
0.0017049
-0.0025776
0.0017974
-0.0099774
0.0061082
-0.0079786
0.0088895
0.0096366
-0.0010702
-0.0071168
-0.006246
0.0058752
0.0023974
-0.0020868
0.0022143
0.0069648
0.000316
0.001111
-0.0038959
0.0055279
-0.000346
-0.00828
-0.004234
0.0079612
0.0012682
0.0019316
0.0041637
0.0023614
0.0058304
-0.0063157
0.0026685
0.0054848
-0.0080175
0.0099127
-0.0063118
-0.0069848
-0.0068136
-0.0082268
-0.0045857
0.0042033
0.0069483
-0.0030006
-0.0052107
-0.0057163
-0.0091829
-0.0066663
-0.0034217
0.0064465
-0.0099021
0.0072478
-0.0098105
-0.0080168
-0.0089638
-0.002446
-0.0069111
0.0060894
0.0082023
-0.0051784
0.0086591
-0.0006757
-0.0036411
-0.0021747
0.0095566
0.0007239
-0.0057486
0.0083021
0.008479
0.0056998
-0.0025529
0.0011462
0.0025561
0.0051671
0.0024468
-0.0026017
-0.0079394
-0.0075163
-0.0066037
0.0034006
0.0083584
-0.0056163
0.0087655
-0.0003896
0.0086448
-0.0034336
-0.0017617
0.0091233
0.0074644
-0.0055781
0.0035675
0.0069591
3.58e-5
-0.0001004
0.0097452
0.0096544
-0.0030825
0.0082209
-0.000629
-0.0017684
-0.0075434
-0.005059
0.007535
0.0027414
0.0041777
-0.0084113
0.0002061
0.0010747
-0.0095426
0.0079682
0.0065269
0.0051482
0.0016617
-0.0023639
-0.0063189
0.0073514
0.0012448
0.0056842
0.0023059
-0.0019646
0.0091687
-0.0076409
0.0075793
-0.0001089
-0.0032327
0.002614
-0.0055068
-0.0090919
0.0029864
-0.0078363
-0.0053623
-0.0032488
0.0080231
2.43e-5
-0.0027436
-0.0006191
-0.0037895
-0.0040371
0.0048372
0.0008272
0.0048961
-0.0012955
0.0070951
0.00037
-0.0026679
-0.0076847
0.0037827
0.0016839
0.0057092
0.0080282
0.0052903
-0.0081472
-0.0025501
-0.0078613
-0.0095605
0.0040611
-0.0077181
-0.0097059
-0.009971
-0.0052933
0.0081027
-0.0059895
0.0055311
-0.0096875
0.000404
-0.0014061
-0.0077782
-0.0002827
-0.0077497
0.0062397
-0.0097566
-0.007541
0.0071574
0.0052683
0.0078895
0.0055612
-0.0018494
-0.0010158
0.0018126
0.0062754
0.0003342
0.0097513
0.0021912
0.0049451
0.0041761
0.0035077
-0.0065247
-0.007839
-0.0045377
-0.0099993
-0.0083708
0.0022707
-0.0056513
0.0042125
0.0069377
0.0007061
0.001643
-0.0046972
0.0023468
-0.0098239
-0.0097776
0.0094978
0.0088172
-0.0003802
