0.0020964
-0.0047865
0.0007245
-0.0013689
-0.0071688
-0.002697
-0.0027111
-0.0029766
0.0061465
0.0078557
8.61e-5
0.0036922
-0.0046565
-0.0011282
-4.55e-5
-0.0020089
0.0083089
0.0094569
-0.0075649
0.0094936
-0.0099751
-0.0070044
0.0024407
0.0016755
-0.0053761
-0.0096813
-0.0033819
-0.009426
0.0007068
-0.0094176
-0.0067326
0.0009809
0.0010028
-0.0047905
-0.009427
-0.0082766
-0.0040497
-0.0041893
-0.0027193
-0.0064929
-0.003694
-0.0046344
0.0039473
-0.0088223
0.0046977
0.0008934
-0.0001595
-0.0020105
0.00898
-0.0014201
0.0008392
-0.0056583
0.0016533
0.0090272
0.004083
-0.0001735
0.007664
-0.005003
-0.0095217
-0.0089325
-0.0026958
0.0084359
-0.002308
-0.0024598
-0.0094521
-0.0060162
-0.0083425
0.0072799
-0.0024568
0.0070904
0.0040912
-0.0051728
-0.0094287
0.0034062
-0.0072606
-0.007043
0.0002296
0.0063413
-0.0086458
0.0009005
-0.0067582
0.0084058
-0.0007341
0.0059978
0.0066143
-0.002927
-0.0005923
0.0029112
-0.0068436
-0.0021448
0.0027057
-0.0090161
-0.0086867
-0.0069605
-0.0001139
-0.0025143
-0.0033263
0.0067055
0.0099853
-0.0064542
-0.0037908
-0.0085347
0.0079237
0.0009048
0.0087286
0.0022565
-0.0071811
-0.0083487
-0.003934
0.0081543
0.0094651
-0.0056662
0.0060438
-0.0089642
0.007251
0.0053848
0.0078099
0.0043391
0.0039921
0.0094021
-0.0089846
-0.0096353
0.0098571
-0.0092974
0.0054732
-0.0088739
0.0015148
-0.006391
-0.0014759
0.0063839
-0.0021393
0.0013082
-0.0021174
0.0095867
0.0063581
-0.0012862
-0.009586
0.0082215
0.0073033
0.0005851
-0.005947
0.0004594
0.0042533
-0.0088128
0.0002975
-0.0031136
0.0030111
-0.0062364
0.0090427
0.0063028
0.0046267
0.0037227
0.0038831
-0.0017534
0.0002285
0.0043557
0.0001421
-0.0098882
0.0043785
0.0080463
0.0043325
-0.0009562
-0.0079338
-0.002602
-0.0068865
-0.0065171
-0.0066581
-0.0080889
-0.0086979
-0.001984
0.0006722
0.0056577
0.0075042
-0.0042553
-0.0038157
-0.0099399
-0.0065219
-0.0050697
0.0075032
0.0020414
0.0075219
-0.006886
0.0070919
0.0021634
0.0084489
0.0074758
-0.0067797
0.0077018
-0.0042079
-7.2e-5
-0.0010173
-0.0075191
-0.0082211
-0.0042696
-0.0040482
-0.0010026
0.008223
-0.009372
0.0007045
-0.0047529
-0.0062623
0.0029214
0.0047992
-0.0061794
-0.0070198
0.0072461
0.0004898
0.0071695
0.006821
0.0022309
-0.0003112
-0.0029284
0.0060902
-0.0024081
0.0007688
0.0044601
0.0068639
-0.0053088
0.0031833
0.0082044
-0.008895
0.0078558
-0.0059575
-0.0068469
-0.0019302
0.0046218
0.0041795
0.0012069
0.0008416
0.0029223
-0.0056111
-0.0087579
0.0073989
-0.0035995
-0.0049519
0.0001912
-0.0068584
0.0021421
-0.0065455
0.0011573
-0.0046039
-2.16e-5
-0.0015326
-0.0043792
-0.0087884
-0.0063705
-0.0086905
-0.0026586
0.009791
-0.0086156
-0.0092358
-0.0081424
-0.0099016
-0.0007061
-0.0061727
0.0067098
-0.0019488
-0.0027814
-0.0053288
0.0065196
-0.0033032
0.007858
-0.0015853
0.0061052
-0.0096146
-0.0027112
-0.0001261
0.0013079
0.0014079
0.0035018
-0.0070792
0.0018236
0.0054903
0.0073883
-0.0026447
0.0083893
-0.0034221
-0.0026894
-0.0096197
-0.0066872
-0.0036731
0.0080199
-0.000209
0.0050876
0.0014325
0.0003899
-0.0015118
0.0045662
-0.0067795
0.0027989
0.0098665
-0.0004943
-0.0071441
0.0067032
-0.0085454
0.0089323
0.0079816
0.0051058
0.0026358
0.0096894
0.0015598
-0.0044661
0.0086064
-0.0099036
0.0010117
0.000403
0.0003933
-0.0091696
0.0042307
0.0021861
-0.0007056
0.0006252
-0.0065958
0.0017021
-0.0064755
-0.0092369
0.009815
0.0046964
0.0092423
-0.0082128
0.0043536
0.0067479
-0.0087449
-0.0086021
0.006077
0.0020918
-0.0080154
-0.0053272
0.0087616
0.0054838
0.0097594
0.0092764
-0.0035233
0.0054283
-0.0015913
-0.0056722
-0.0002261
0.0043037
-0.0040554
-0.0068284
0.0060721
0.0027297
0.0042995
0.0059244
-0.0096312
-0.0058372
-0.0079846
0.0023915
-0.0034687
0.0052908
-0.0049425
0.0034474
0.0089416
0.0098344
0.0067142
-0.0064701
0.0022013
0.0072103
0.0042831
0.0034478
-0.0075385
-0.0067853
0.0086161
-0.0030584
0.0093731
0.0070024
0.008528
-0.0075044
0.0012213
-0.0020974
-0.0023137
-0.0045295
0.0057864
0.0096519
0.0046224
-0.0026963
-0.0047186
-0.0095713
-0.0028377
0.0011096
-0.0010753
0.009633
-0.0005624
0.0012201
-0.0078344
0.0073309
-0.0020882
0.0010294
0.0017303
-0.0005271
0.0065988
-0.0098686
-0.0092597
-0.009891
-0.0052595
0.003495
-0.0060603
0.0090737
-0.0043591
-0.0059685
0.0047649
-0.0056192
-0.0033185
0.0086846
-0.0009932
0.0070525
-0.0098856
-0.0039268
0.0067097
-0.0045852
-0.006929
-0.0056674
0.0039604
-0.0041844
0.0069371
0.0035012
-0.0048302
-0.0094666
0.0080518
-0.0064313
0.0061091
-0.0026898
0.0043245
-0.005308
0.0016037
-0.0084921
0.0017131
-0.0086663
0.0083449
0.0053883
-0.0019841
0.0025762
0.002543
-0.0025884
0.0099382
0.0098666
-0.0069192
0.0073035
0.0036337
-0.0099203
0.0029135
-0.0028244
0.0090749
0.009634
-0.002354
0.0072842
-0.0080226
-0.0099078
-0.0056879
0.0031857
-0.0067335
0.0045231
0.0091749
-0.0033756
0.0036383
-0.007439
-0.0067547
-0.0095072
0.0053899
-0.008276
-0.002391
-0.0065197
0.0067237
0.0011961
0.0036377
0.009813
0.0047791
-0.0046073
-0.0088172
-0.0063955
-0.0029465
-0.0074508
0.0046664
0.0043464
0.0006007
0.0043333
-4.61e-5
-0.0008963
-0.0003425
0.0082194
0.0001527
-0.0087814
0.0097954
-0.0052038
-0.008536
-0.0050247
-0.0088153
-0.0082152
0.0008099
-0.0001836
-0.0087633
0.0054774
0.0014704
0.0035397
0.003074
