-0.0024305
-0.0007852
0.0001085
0.0030938
-0.0054617
-0.0030421
0.0065212
0.0020516
-0.0087703
0.0096125
0.0023848
0.0088176
0.0074262
0.0052559
-0.004254
-0.0018374
0.0033257
-0.0010897
0.0046256
-0.004041
-0.0069006
-0.0081376
0.004642
0.0084313
0.0048174
0.005196
-0.0015086
0.0024946
0.0003457
-0.0048377
0.0063976
-0.0010598
-0.0004775
0.0051101
-0.0048637
-0.0097467
0.0046879
-0.0030918
0.0047034
-0.0093862
-0.0032085
-0.0023732
-0.0033905
0.0050385
-0.0070882
-0.0061589
0.0054946
0.0044852
-0.0044065
-0.0060817
-0.0059844
0.0089916
-0.0025309
0.0041628
0.0085439
-0.0041391
-0.0091378
-0.0071375
-0.0023062
0.0055691
0.009607
0.0058222
0.0059932
0.0093018
-0.0078183
0.0002334
-0.0052101
0.0033832
-0.0099471
-0.0009796
-0.0051568
-0.0093066
0.0032209
0.0050407
-0.0045821
0.0025272
0.0041279
-0.0032899
-0.0090138
-0.0016764
0.0095218
0.0029572
-0.0074014
0.008135
0.0045199
-0.0040368
0.0084396
-0.007501
0.00165
-0.0080984
-0.0084116
-0.0059068
0.0007887
-0.0076146
-0.0094408
-0.0060833
0.0036408
-0.0059839
-0.0092426
0.0071083
0.0088095
0.0090942
0.008148
-0.0006486
0.0020053
0.0087866
0.0043637
-0.0002863
0.0020895
-0.0046125
0.0074832
0.0032471
0.0083172
0.0086114
-0.0029949
-0.0042732
-0.006463
-0.0094181
0.0039787
0.0079727
0.0030433
-0.0020124
0.0090265
0.0009808
-0.0015438
0.0013018
-0.0023951
-0.000954
-0.0012178
-0.0077921
0.0050308
0.0046065
0.0013348
-0.005271
0.0050711
-0.0024026
0.0023887
-0.0047135
0.0091867
-0.0073451
0.0002405
-0.0090816
0.0008029
0.0023263
0.0022889
0.0034053
0.0054727
-0.0077039
0.0068026
0.0028501
-0.0014603
-0.0033105
0.0016163
0.0048275
-0.0040084
0.0071135
-0.0063236
0.004908
-0.0063523
0.0029663
0.0069436
-0.0039833
0.0071241
0.009718
0.0088482
0.0099547
0.0053857
0.003896
0.0049541
0.0003278
0.0057134
0.0076143
-0.0032208
0.0066176
-0.0091024
0.0066273
-0.0048999
-0.0055215
-0.0024926
0.0059878
-0.001876
0.003224
-8.15e-5
-0.003577
0.006947
-0.0044593
-0.0004232
0.0014338
-0.007777
-0.0044412
-0.0094166
0.0004097
0.0081457
-0.0090218
-0.007229
-0.0058815
0.0068525
-0.0096936
0.0008215
0.0024706
-0.0096587
0.0070004
0.0069971
-0.0056318
0.0003787
-0.0046476
0.0040086
-0.0022698
0.0008627
0.0006875
-0.0016315
-0.007004
0.0047876
-0.0005252
0.0064355
0.000396
0.0042806
-0.0086969
-0.0065486
-0.0099091
-6.18e-5
-0.006036
0.0024745
-0.0009433
-0.0068453
-0.0016035
0.0042273
-0.0053941
0.0067786
-0.0058501
-0.0090585
-0.0038494
-0.0047306
-0.0037605
-0.0055782
-0.0019267
-0.0027667
-0.0002791
0.0095881
0.0009957
0.0066952
0.0007979
0.0043877
0.0060738
0.0090321
0.0042134
-0.0035805
0.0021756
-0.0014989
-0.0086276
0.0032275
0.0048699
-0.0011763
0.0094654
-0.0062
-0.0085484
-0.0073488
-0.0012244
0.0075662
0.0097746
-0.0072889
0.0078952
-0.0015611
0.0038604
-0.0030645
-0.0043788
-0.0081213
0.0074851
-0.0007425
0.0017313
0.0002236
-0.0039765
0.0086284
0.0097808
0.0056305
-0.0092357
-0.0092704
0.0049881
-0.0019152
-0.0003887
-0.0010372
-0.0029096
-0.0084156
0.0032882
-0.0076494
-0.0022677
-0.0071674
0.0047978
-0.0024691
0.0003065
0.0045505
-0.000852
-0.0027914
-0.0066417
-0.0096995
0.0049985
-0.0094992
0.0084231
0.0033742
0.00911
-0.0093792
-0.0099776
0.0022617
0.0014403
-0.0073
-0.0055892
0.0033894
-0.0064629
-0.001621
-0.0018494
0.0021319
-0.0016906
-0.0049804
0.0096952
-0.0057284
0.0097204
0.0036413
-0.0061536
0.0035945
0.0077583
-0.0028928
0.001929
0.001986
-0.006584
-0.00926
0.0036051
-0.0055785
-0.0088476
0.0036384
-0.0055299
0.007806
-0.0009881
0.0078887
-0.0032357
0.0018496
-0.0058857
-0.0057469
0.0001105
0.0093573
0.004181
0.0021441
-0.000146
0.0036083
-0.0016459
-0.0013936
-0.0069502
-0.0052877
0.0022855
-0.0078978
-0.0065189
-0.0068247
0.0033875
0.0003516
0.0035437
-0.0093047
0.0066503
0.0081517
0.0003599
0.0080945
0.0044816
0.0082512
-0.0081171
-0.0073218
-0.009012
-0.0013694
0.0094143
-0.0079328
-0.0030708
-0.000481
6.85e-5
-0.005341
0.0004922
0.0092502
0.004336
1.2e-5
0.0080661
0.0041466
0.0007045
0.0009706
0.0076357
-0.0022928
-0.0032122
-0.0008123
-0.0059786
0.0068497
0.0072354
0.0012985
0.0015547
0.0060761
-0.0037951
0.0038747
-0.0064364
0.00862
-0.0070744
0.0025536
0.0065504
0.0011705
-0.0016912
-0.0076734
-0.0069365
-0.001873
-0.0078792
-0.0050724
-0.0034658
-0.0050848
-0.0091753
0.0051371
0.0061824
-0.0046199
0.0071388
0.0042099
-0.0059395
-0.0091377
0.0089374
-0.0085371
0.0012948
0.0006495
-0.0017301
-0.0006059
0.0026772
-0.0001099
0.0079348
0.0069033
-0.0026119
-0.0029291
-0.0074946
-0.0094622
0.0014374
0.0018975
-0.0001052
0.0086693
-0.00348
0.0030596
-0.0009339
-0.0027706
-0.0094213
-0.0060606
-0.0039614
-0.0077391
-0.0027436
0.0064425
1.98e-5
-0.0086467
-0.0030576
-0.0086489
-0.0073613
0.0004484
-0.0014911
0.0089455
-0.0015695
-0.0006483
0.0074547
0.0016154
-0.0012428
-0.0030995
0.0091357
-0.002173
0.0050125
0.004078
0.0036262
0.0058455
0.000838
-0.0088945
-0.0076733
-0.002386
0.0081158
0.0038418
0.0037019
0.0093762
-0.0062773
-0.0023912
-0.0001527
-0.0026778
-0.0092555
-0.0018308
-0.0018622
-0.000367
0.0093069
0.0038348
0.0022758
0.0090391
0.0082788
0.0003781
-0.009947
0.0024398
-0.0018088
-0.0020367
-0.0021841
0.0097705
9.74e-5
0.009559
-0.008269
-0.0049852
-0.007464
-0.006031
