-0.0013837
-0.0022161
0.0030814
0.0075507
-0.0010564
-0.0060022
-0.0040523
-0.0047536
-0.0019619
-0.0068939
-0.0035823
-0.0025735
0.0067655
0.0079248
0.0079281
-0.0006287
0.0087768
-0.0013026
-0.005681
-0.0035592
-0.0089278
0.0062681
0.0021058
-0.005176
-0.0036085
0.0044525
-0.0077734
-0.0033301
0.0054128
0.0010993
-0.0072857
-0.0092665
0.0062956
0.0095447
-0.0043171
-0.0050118
-0.0095472
0.0063754
-0.0018058
-0.0003189
0.0086227
0.0003121
0.0057113
-0.0075398
-0.0038747
-0.0038536
0.0098993
0.0052076
0.00863
0.0029614
0.0088475
-0.0009601
-0.0083451
0.0008212
0.0093638
-0.0052571
0.0089443
0.0082492
-0.0020858
0.0018907
0.009146
0.0095414
0.004881
0.0047539
0.002868
-0.0013484
0.0020438
-0.0020344
-0.0072681
-0.0028317
-0.0075884
0.0079312
0.0045583
-0.0005445
0.0010318
0.0040324
0.0057409
-0.0020492
0.0054646
-0.0095473
-0.0024885
0.0042746
-0.0042242
0.0027367
-0.0033148
0.0049135
0.0067223
0.0084703
-0.0079345
-0.0093929
-0.0086524
-0.0042993
-0.0068439
0.0021069
0.0026729
0.0005474
0.0008558
-0.004523
0.0001556
0.0085442
0.0095313
0.0097892
-0.0057104
-0.001793
-0.0042145
0.0006658
0.0030628
-0.0002304
0.0015208
-0.0045716
-0.0036371
-0.0016908
0.0069083
-0.006894
0.0079527
0.0047064
-0.0052161
0.0070439
-0.0029181
0.0061528
0.000906
0.0061213
-0.0035893
0.0010052
-0.0031981
0.0085558
0.0026356
-0.0064503
-0.0008646
0.0068951
-0.0020166
0.0085844
-0.0097316
0.0008457
-0.0098945
0.0070545
-0.0041724
0.0006817
0.0085344
0.009508
0.0013027
-0.0018314
0.0051798
0.0042378
0.009164
0.0042254
0.0061238
-0.0052077
0.0040286
0.0099573
-0.0098167
0.0076163
0.0097692
-0.0057881
-0.0016889
-0.0079185
0.0073964
-0.0007034
-0.0001511
-0.0060251
-0.0013835
0.0034815
0.0006721
0.0024648
0.0061468
-0.0068493
-0.0076442
-0.0097191
-0.0038125
0.0047556
0.0010955
0.0003463
0.0060439
-0.0021728
0.0040653
0.0079166
0.0080762
-0.0061248
-0.0016563
0.0084987
-0.0016073
-0.007365
-0.0029725
0.0086291
-0.0009641
0.0035094
0.0096891
0.0039537
0.0022907
0.0023468
0.0023097
0.009235
-0.0041549
-0.0030867
-0.0076361
0.0082625
0.00644
0.0042014
-0.0033017
0.0005118
0.0071236
0.0001494
-0.0058885
-0.0023825
0.0040122
0.0034685
-0.0086057
0.0005897
-0.0084478
-0.00314
0.0041421
0.0080908
0.0010055
0.0001529
0.0034883
-0.0048649
-0.0017053
0.0068347
0.0005598
0.0037562
0.008345
-0.0019469
-0.0014388
-0.0012131
0.0074985
0.0023224
-0.000466
0.0099638
0.0036994
0.0034393
0.0059365
0.0002185
0.0012361
0.0039672
-0.0045903
0.001531
-0.0045663
0.0094903
-0.0098462
0.0096938
0.0032417
0.0085879
0.0004118
0.0070125
0.0004906
-0.0017732
0.0047049
-0.0055769
-0.00012
0.002437
-0.0098189
-0.0071111
0.0076932
-0.0019873
0.0084589
0.0087862
0.0091106
-0.0038055
-0.001662
0.0055602
-0.003423
-0.0060953
-0.0026729
-0.0043079
-0.0071631
-0.0018829
-0.0092082
-0.0092753
0.0095551
-0.001265
0.0010237
-0.0042886
-0.0021984
-0.0027826
-0.0083836
-0.0003652
0.0037046
0.0076115
-0.0076731
0.0091366
0.0028297
-0.0027846
-0.0063887
0.0027127
0.0070599
-0.0002279
-0.006503
-0.0047725
-0.0029808
0.0068933
0.0050794
0.005175
0.0010733
-0.0042173
-0.0037532
0.0020553
0.0058362
0.0031913
0.0086979
-0.0010038
-0.0032315
0.0082088
0.0088396
0.0071199
0.0061348
0.0098889
0.0092939
-0.0034811
-0.0081328
0.0019272
-0.0086061
-9.0e-7
-0.0084454
-0.0088404
-0.0071063
-0.0013308
-0.0039171
0.0097064
0.001865
0.0067906
-0.0033405
-0.0087647
0.0037236
-0.0081587
-0.0086253
-0.0018537
0.0060839
-0.0030953
-0.0067047
0.0059115
-0.0087823
0.00623
-0.0096927
0.0067528
-0.0040551
-0.0062628
0.0046031
0.0043059
-0.0052565
0.0025022
-0.0079946
0.0071115
-0.00265
0.0078236
-0.0010825
0.0051399
0.0046437
-0.004117
0.0009221
0.0044081
-0.0018932
-0.0016376
-0.0026638
-0.0037012
0.0008695
-0.0035823
-0.0096968
0.0075894
0.0038432
0.0054545
-0.0077394
-0.0056487
0.0003897
0.0082027
0.0049584
-0.0065385
-0.0033085
0.0010305
-0.0030121
-0.0013352
-0.000925
0.0008146
0.0023792
-0.002116
0.0030876
-0.0059926
-0.009404
-0.0080822
-0.0076841
0.0080051
0.005628
-0.0043981
0.0084874
0.0085018
-0.0092213
0.0003211
0.0033539
-0.0095846
0.0048381
0.0025121
0.0082816
0.0052449
-0.0052503
0.0080481
-0.0077049
0.0041423
0.0008688
-0.0018704
0.009029
0.0091213
0.000285
-0.0079892
-0.0037128
-0.0026012
0.0048739
0.0038931
0.0001649
-0.0032785
-0.0066785
0.0044802
-0.0066082
-0.003512
0.0049176
0.0061054
0.0045326
-0.0071244
0.0043476
0.0063299
-0.0057223
-0.0095686
0.000142
0.0038282
-0.0084419
-0.0090707
-0.0088584
0.0097409
-0.0079848
-0.0022176
0.0041865
-0.0014487
0.0005385
0.004489
-0.0090258
-0.0041102
0.0051259
-0.0046136
-0.0010303
0.0036816
0.0019129
-0.0011969
0.004026
0.0066432
0.0087095
0.001573
0.0055292
0.0049267
0.0049593
0.0014433
-0.0013617
0.005978
-0.007484
0.0078608
-0.0026396
0.0045945
0.006225
-0.0022361
-0.0049731
0.0042761
-0.0055774
0.0082954
0.0032092
-0.0016308
0.0034186
0.0090291
0.0036926
0.0014807
0.0080109
0.008654
-0.0059119
0.0089257
-0.0091436
-0.003183
-0.0051033
-0.0095324
0.0065804
-0.0077991
0.0078145
-0.0057977
-0.002373
-0.0055321
0.0061358
0.0091555
-0.0019723
-0.0076587
-0.0024636
-0.0046081
-0.008217
-0.006402
-0.0096329
0.0022518
0.0061535
0.0024747
0.0026535
-0.0078393
0.0058039
