-0.005182
0.0075687
0.0051803
-0.0019458
0.0026854
-0.0025566
-0.001657
-0.005381
-0.0077737
-0.0052281
0.0029514
-0.0016016
0.0096998
0.0065216
-0.0053253
0.0009973
0.0037512
0.008658
-0.0043371
0.0062141
0.0058183
-0.0001258
-0.0038701
-0.0080214
-0.0057275
0.0044299
-0.0071191
0.0088527
0.0093145
-0.0070145
-0.0005452
0.0079097
-0.001796
0.0051265
-0.009786
0.0023574
0.0075228
-0.0074686
0.0050361
-0.0004321
-0.0014271
-0.0045407
0.0050476
-0.0031459
-0.0052055
-0.0071592
0.0011484
-0.0021609
-0.0006566
-0.0053715
-0.0044476
0.0035494
-0.0041446
-0.0037473
0.0052297
0.0056236
0.0076346
-0.009766
0.0053472
0.0008958
0.0059608
0.0016788
0.0001448
0.003053
0.0022889
0.0016732
0.0001404
-0.0093701
-0.0018122
-0.0076398
0.004157
0.0006344
-0.0045398
-0.0063154
-0.0064533
-0.0080745
0.0084553
-0.0073914
-0.0019066
0.0087988
-0.0098069
0.0020767
-0.0007827
0.0094996
0.0029373
0.0087969
0.0052086
0.0023791
0.0082457
0.0037551
-0.0019646
0.0095888
-0.0058211
-0.0053126
0.0013012
0.0023467
-0.0079388
0.0066694
-0.0021115
-0.0093286
-0.0041434
-0.0043512
0.0077807
0.0010053
3.16e-5
-0.0019274
0.0064493
-0.0015366
-0.0053975
-0.0052303
0.0054779
0.0027208
-0.0028855
0.0003199
0.0013756
-0.0004036
-0.0030045
0.0069257
0.0097077
-0.0094608
-0.006237
-0.0027241
0.0031369
-0.0088173
-0.0042457
-0.0070719
0.0013241
-0.0066976
0.0001969
-0.0039222
-0.0007539
0.0062374
0.0043282
-0.0076649
0.0049756
0.0059849
0.0048322
0.0018206
0.0005826
0.0070314
-0.0006829
0.0061945
-0.0012975
0.0079505
-0.0088698
-0.0058969
-0.0029756
-0.0090496
0.0054033
-0.0002824
-0.0048302
-0.0002858
-0.0015037
0.0060191
0.0057264
-0.0007977
-0.0030958
-0.0002099
0.003189
0.0005951
-0.0027184
0.0090803
-0.0038974
0.0027787
-0.001489
0.0009046
0.0041282
0.0048993
0.0050419
0.0038181
-0.0033112
0.0004299
0.0063817
0.0037821
0.0087402
0.0004115
0.0036056
0.0006317
-0.0084104
0.0028991
-0.0030233
-0.0002171
0.0080849
0.0068451
-0.0096333
0.002417
0.0004087
0.0074933
-0.0070896
0.0093067
0.0087387
0.0034823
0.0013658
0.0091847
-0.0055185
-0.0003909
-0.0019016
-0.003725
-0.0002435
0.0092308
-8.0e-5
0.0031362
-0.0026341
0.0051137
-0.0078868
0.0019924
0.0089333
0.0012323
-0.0073162
-0.0084539
-0.002738
-0.0078755
-0.0094949
0.0083132
0.0033669
-0.0017998
-0.0081633
-0.0096167
0.004895
0.0082595
0.0058934
-0.0008215
0.0024218
0.0083993
0.0012875
-0.0086553
-0.0065005
0.0061866
0.0047237
0.0022558
0.0036698
0.0064821
-0.0028264
-0.0034684
-0.0019057
-0.0042684
0.0093583
0.0054041
0.0091882
-0.0072779
0.0070426
0.0090412
-0.0073573
0.0060039
-0.0057817
0.0074393
0.0076612
-0.0046743
-0.0070215
-0.0080403
-0.0090961
0.0015727
0.007966
-0.0055577
-0.0029074
0.0001457
-0.0014276
-0.0068085
-0.0009425
-0.0026095
-0.0085775
0.0095597
0.0024642
-0.0024999
0.0065278
0.0004922
0.0018988
0.0090258
0.0038259
-0.0084638
-0.0030837
-0.0011735
-0.0027129
0.0056673
-0.0006154
-0.0054973
0.0046868
-0.0010136
-0.0003516
0.0036151
0.0049598
-0.0092919
-0.0094065
0.0074996
0.0030972
-0.0019612
0.005671
-0.0057674
0.0014385
0.0019831
0.0016911
0.0049598
0.0073136
-0.0033506
-0.0066918
-0.0034261
0.005192
0.0002565
0.0064074
0.0075932
-0.0039864
-0.0068406
0.0034764
-0.0034692
0.0045437
-0.0091056
0.0018567
0.0024254
-0.0008134
-0.0036267
-0.0049253
0.0087224
-0.009805
-0.0093512
0.0036015
-0.0035919
-0.0047299
0.0029038
0.0023168
0.0030163
-0.008966
-0.0096779
-0.0019039
-0.0074463
0.0091312
-0.0054737
-0.0013427
-0.0046499
-0.0070838
0.0027546
0.0019147
0.0098752
-0.0003959
-0.0099237
0.0059141
-0.004947
0.0088422
0.0079027
-0.0079948
0.0042623
0.0059103
-0.0057893
-4.14e-5
0.0067634
0.0037417
-0.0082869
-0.0063764
0.0091239
-0.0070089
0.0045022
-0.0034552
0.0097292
0.0061807
0.0017376
-0.0082668
-0.0023869
-0.0078927
-0.0025796
-0.0085687
0.0025261
0.0033614
0.0027588
0.0043885
-0.0087223
0.002902
0.0026848
-0.0019622
0.008125
-0.008949
-0.0073336
-0.0067248
-0.0051447
0.0084216
-0.0032809
-0.0026745
0.0006048
0.0076559
-0.0052418
0.0012614
-0.0044475
-0.0042184
-0.0022799
-0.0017492
-0.0028253
-0.0090082
0.0059753
-0.0009956
-0.002077
-0.0087513
-0.008891
-0.0024857
0.0053299
-0.0077046
-0.002895
0.0089351
-0.0042834
-0.0001988
-8.82e-5
0.0019198
-0.0047585
0.0023874
-0.009638
-0.0057486
0.0002928
-0.0027926
0.0045724
0.0068791
0.0052793
0.0062512
-0.0097534
-0.0072545
-0.0003225
0.0075971
-0.0056133
0.0028264
0.008816
-0.0084654
0.0074918
0.001124
-0.0096935
0.0080791
0.0053969
0.0099482
0.0095014
0.0075298
-0.0065894
-0.0090151
0.0021802
0.007879
-0.0007783
-0.003862
-0.0019432
0.0018325
0.0065836
0.0056269
0.0037568
-0.0052266
0.0012997
-0.0007125
-0.0023318
0.000586
0.0091069
-0.0081158
0.0065848
-0.00621
0.0086632
0.0046926
-0.0029735
-0.0037976
-0.002773
0.0049554
-0.005422
0.0040313
0.0083611
0.0069785
-0.0003022
-0.0026025
-0.0096405
-0.0070176
0.0001171
-0.0003175
-0.0093297
0.0057713
0.00979
0.0062252
0.005049
-0.0004344
-0.0077931
0.0098125
-0.0096165
0.0040488
0.0007967
0.0096565
0.0097883
-0.0076937
0.0008917
0.00635
0.001362
0.0065631
0.0016516
0.0065904
0.0091539
0.0089612
-0.007576
-0.0069871
0.0026408
0.0024647
0.0036359
-0.0071494
0.0074865
0.0032254
0.0085892
-0.0026561
-0.0058273
-0.0078387
