0.0054129
0.0028827
0.0058123
-9.8e-5
-0.0035473
0.0029817
0.0058201
-0.00428
-0.0071658
-0.0039979
0.0050115
-0.0027625
0.0043692
-0.0052242
-0.0059343
-0.0012484
-0.0036445
0.000364
0.0061905
-0.0016085
0.0083841
-0.0057733
0.0063699
0.0083459
-0.0022387
-0.0060994
-0.0002715
-0.0039842
0.0038786
0.0079875
-0.0046747
0.0081276
0.0023136
-0.0092331
0.0009437
0.006993
0.006956
0.0081954
-0.0066037
0.0054235
0.0021003
0.0097977
0.0079131
0.0049891
-0.0052004
-0.0049305
-6.72e-5
0.0001986
0.00312
-0.0020351
0.0060135
0.0030002
-0.0051219
-0.0033274
-0.001977
-0.0005138
0.0098988
-0.0046738
0.0081526
-0.0017498
0.009193
0.0072409
-0.0048674
-0.0093696
0.00397
-0.0030913
-0.0015524
-0.0040197
-0.0032926
0.0002945
-0.0043279
-0.0037596
-0.0017709
-0.0064634
-0.0098588
5.27e-5
-0.0069536
-0.0068012
-0.0099758
0.0014984
-0.009633
0.00497
-0.0089202
-0.0034548
0.0058728
-0.001033
-0.0093996
-0.0073666
-0.00146
-0.0045799
0.0061048
0.0034071
0.0034958
-0.0099684
-0.0097538
-0.0080998
-0.0069698
0.0010906
-0.0048539
-0.0030259
0.0058159
0.0083437
-0.0014881
-0.0024131
0.0078954
0.001314
0.0032852
0.0056551
-0.0041887
-0.0049747
-0.0055018
-0.0028857
0.0001438
-0.0078591
0.001561
0.000138
-0.0002018
-0.0031852
0.001565
-0.0062292
0.0062532
0.0019432
0.0059484
-0.0061267
-0.0022974
0.0016455
-0.0035848
-0.0024362
0.0003859
-0.0040346
0.0067361
-0.0081889
0.0017527
0.0080583
0.0040817
-0.0061374
-0.0051295
-0.0076022
-0.0047185
-0.0009729
0.0055508
0.0064035
0.009681
0.0057549
-0.0003238
-0.0094492
-0.0042882
0.0060068
0.0029279
0.0088762
0.0089241
-0.0089195
0.007438
-0.0004246
-0.0031403
0.0024034
-0.005969
0.0037376
-0.0041334
0.0097415
0.0062188
-0.0058837
0.0031035
0.0084684
-0.0090608
0.001994
0.0063832
-0.0061665
0.0038807
0.0039255
-0.0098767
0.0015351
-0.0069292
-0.0009774
0.0061382
0.0034476
0.0009504
-0.0026413
-0.0096334
-0.0028282
0.0005578
0.0021067
0.0061076
-0.008263
-0.0098328
-0.001226
0.0061415
0.0064588
0.0067722
0.0069513
0.0030464
0.0010519
-0.0015065
0.0078891
0.0056706
-0.0064029
0.0014736
-0.00668
-0.0096154
-0.0032519
-0.0055217
0.0007516
0.0035319
-0.0051021
0.004365
-0.0021505
-0.0031218
-0.0046174
0.0008269
-7.33e-5
-0.0016755
0.0015496
-0.0068455
0.0040948
-0.0024873
-0.0015147
-0.0037945
0.0016828
-0.0049819
-0.0052811
0.0023668
0.0080107
0.003425
0.0023952
-0.0034092
-0.0095034
-0.0070386
0.0040812
0.0054121
0.0058944
0.0044687
0.0080768
-0.0051156
0.0030534
-0.0005558
0.001103
-0.0078836
0.0017169
-0.0066307
0.0053982
-0.006163
-0.0037738
-0.0052915
0.0084053
-0.0088247
-0.0010202
-0.0004144
-0.0020808
0.0095429
0.0074406
-0.0014549
-0.002212
0.0007822
0.0072725
-0.0070092
-0.0068215
0.0080714
0.0048262
0.0023653
0.005143
0.0065148
0.0012156
0.0042101
0.0062648
-0.0020551
0.0063654
-0.0088005
0.0020667
0.002802
-0.003422
0.0083557
0.0028366
-0.0003398
0.0014669
-0.0077712
0.0088094
-0.0087974
-0.0034221
-0.0064211
-0.0062085
-0.0045904
0.0006445
-0.0082446
0.003937
0.0065673
-0.0071151
-0.0065692
0.008089
0.0028817
-0.0084093
0.0050322
0.0055028
-0.0099772
-0.0008882
0.0014558
0.0060102
0.0038438
-0.0029242
-0.0054757
-0.0019396
-0.0073747
0.0070034
-0.0065179
-0.0043923
0.0073086
0.0023542
0.0019713
-0.0058111
-0.0098943
0.0097124
-0.0086295
0.0093001
-0.0042482
-0.0046822
0.0001654
0.0013039
0.0045663
0.0093748
0.0028163
0.0009683
0.0090554
-0.00492
-0.0022014
0.0054481
-0.0056094
0.0037664
0.0067528
0.0036862
0.0037383
-0.0082722
-0.0005701
0.005259
-0.0049539
-0.0015788
-0.0004146
0.0015318
-0.0074735
0.0039925
-0.0067191
0.0035399
-0.0050299
-0.0080685
0.0026764
0.0060105
-0.0084059
-0.002517
0.0080611
-0.0095209
-0.0057481
0.0051307
0.0023464
-0.0031247
-0.004041
0.0068094
0.0090902
-0.0065415
0.0066631
-0.0002939
-0.0012984
-0.0081342
-0.005988
-0.0047571
0.0058632
-0.0058287
-0.0025008
-0.0023711
-0.007997
-0.0041872
0.0024305
0.0005079
-0.0010839
0.0099791
-0.0096617
0.0015365
0.0078796
0.0069325
-0.0079155
0.0065196
-0.0073257
-0.004947
-0.0056651
0.0031714
-0.0001398
-0.0085341
0.0074248
-0.0035955
-0.0007358
-8.0e-5
-0.0023391
-0.0099802
0.0014885
-0.0038579
-0.0093516
0.0058982
-0.0087004
-0.00115
0.0074592
-0.00134
0.001082
-0.005475
-0.0005764
0.0047412
-0.0012482
0.0017938
0.0005046
0.0051563
0.0061374
-0.0052838
-0.007407
-0.0048197
0.0050949
-0.0051564
0.0025808
-2.07e-5
0.0077641
-0.0069824
-0.004438
0.0008239
-0.0057585
-0.002175
-0.0053511
-0.0098835
0.007077
-0.0072705
-0.0011091
-0.0096008
-0.0047014
0.0001611
-0.0032956
0.0048308
-0.0057014
0.0054401
0.0033917
-0.0020351
0.000203
-0.0078943
-0.0083501
-0.0049965
-0.0079141
-0.0007868
0.0091478
-0.0093597
-0.0065385
-0.002862
0.0014611
-0.0074371
-0.0098873
0.0078331
0.0019722
0.007788
0.0092565
0.0099143
-0.0075891
-0.0044389
0.0034112
-0.0087224
0.0043576
-0.0028675
0.007141
-0.0078806
-0.0073962
-0.0030606
-0.0059185
-0.0030706
-0.0078735
-0.003998
-0.0013859
-0.0085593
-0.0085436
0.003638
-0.0011521
-0.0078279
-0.0075436
0.0093567
0.0058335
-0.0003124
-0.0029163
0.0018146
-0.0013662
0.0001628
0.0052139
-0.0049432
0.0014312
0.0046537
-0.0035116
0.0009401
0.0021759
-0.0013854
-0.0015704
-0.0018171
-0.0087074
-0.0014626
-0.0076736
0.0084047
0.0012667
