-0.0092533
-0.0078076
-0.0005356
-0.0035478
0.008201
-0.0074231
0.0003112
-0.0053216
0.0057856
0.0026743
-0.0025029
0.0038023
-0.0011941
-0.00352
-0.0016999
0.0045319
0.0043555
0.0085644
-0.0081837
0.0063508
-0.0054008
0.0032734
-0.0046962
-0.0059529
-0.0004157
0.0078957
-0.0026886
-0.0083517
0.0091321
0.0013518
-0.003622
-0.0026268
0.0005533
-0.0039533
0.00948
0.0039853
0.0071171
0.0055404
0.0012807
-0.003264
0.0035214
0.009121
-0.0077402
-0.0027806
0.0063388
-0.0062751
-0.0063784
-0.0090835
-0.0031708
-0.0051655
-0.0062572
-0.0098786
0.0082713
0.0043961
0.0084698
0.0067446
-0.0072468
-0.0030408
-0.0049437
-0.0088484
0.0015504
-0.0084307
-0.0089767
-0.0032308
-0.0065477
-0.0076078
0.004615
-0.0095209
0.0039388
-0.007797
0.0024644
0.0004459
-0.0026787
0.0047097
0.0043105
-0.0048686
0.0079217
-0.0066924
0.004787
0.0007941
-0.0047214
-0.004548
0.0070818
0.0007342
0.0042924
0.0060176
-0.0028538
0.0053557
-0.0091905
0.0083726
0.0002686
0.0041143
-0.0054046
-0.0042345
0.0027252
-0.0040853
0.0064566
-0.0086727
0.0065076
0.006985
0.0084229
0.0039709
0.0083108
0.0080445
-0.0017096
-0.0040452
-0.0097131
-0.0032573
0.0008508
-0.0058112
-0.0057646
0.0026669
-0.0039567
0.0026888
0.0050743
0.0055512
0.0070424
0.0058379
0.0075716
-0.0015467
-0.0035583
-0.0003077
-0.0011283
0.0090824
0.0023968
-0.0029612
-0.0029761
-0.0031358
0.0090543
0.0033333
-0.0045266
-0.0006531
0.0056069
-0.0020845
0.0038832
-0.00294
0.003976
0.0015428
0.0017026
0.0040886
0.0017597
0.0004906
0.0065364
0.001874
0.0065665
-0.0007331
-0.0039481
-0.0084815
0.0026311
0.0019104
-0.0084137
0.0089017
-0.0064738
0.0033887
-0.0047436
0.0044438
-0.0016755
-0.0060329
0.0010702
-0.0081066
0.0059565
0.0073358
-0.0078301
0.0008706
-0.0025123
0.0012342
0.0078019
0.0093845
-0.0057937
0.005213
-0.0048569
0.0029059
0.0019443
-0.0072451
-0.0039616
0.0083269
-0.0052251
0.0057165
-0.0084323
-0.0064453
-0.007114
-0.0094055
0.0060175
0.0052064
-0.0031092
0.0029057
0.0076636
0.0012819
0.0061711
-0.0028014
0.0039725
-0.0083909
-0.0095964
-0.0034973
0.005067
-0.0069032
0.0089598
0.0082111
-0.0066242
0.0032601
0.0038739
0.0003323
-0.0069733
-0.0031641
0.0046942
0.0046811
-0.0012733
-0.0033629
-0.0053592
0.0084131
-0.007866
-0.0017882
-0.0066648
0.0023188
-0.004925
-0.0094945
-0.0022268
-0.001632
-0.0085303
-0.0070011
-0.0050029
0.0065394
0.0072347
-0.0042272
-0.0016224
-0.0023077
0.0080167
-0.0081757
-0.0029769
-0.0041671
-0.0069758
0.0095916
0.0058807
0.0051757
-0.0013621
-0.0082313
-0.0013796
0.0041039
0.0042667
0.0007499
-0.0076097
4.32e-5
0.0035401
-0.0040689
-0.007289
0.0051882
-0.0001867
-0.0029105
-0.0087099
0.0093796
0.0060225
0.003836
-0.0034472
0.0019209
-0.0011407
0.0087138
-0.0038657
-0.008124
-0.0094995
-0.0043264
0.0067607
0.0037509
0.0077629
-0.0099656
-0.0072364
-0.001115
0.003486
-7.7e-6
0.0054776
0.0090523
-0.0083126
-0.0008672
-0.0043041
0.0048436
-0.001975
-0.0055383
-0.0093822
0.0047776
0.0017654
0.0048096
0.0087901
0.0066284
-9.2e-5
0.0052145
-0.0046763
-0.0037239
-0.0053293
-0.0079368
0.0097354
-0.0098634
-0.00834
0.0042042
-0.0021291
0.0065615
-0.0029084
-0.0007723
0.0007248
-0.0053836
-0.006684
0.0080931
-0.0022492
-0.008469
-0.0060691
0.0036614
-0.00976
-0.0009821
0.0061855
-0.0021179
0.0061792
-0.0019668
-0.0086653
-0.0038628
-0.0003887
0.007161
-0.00548
-0.0013786
0.0068416
0.0086217
-0.0073788
0.0078308
-0.001466
0.0094442
-0.0034237
0.00045
-0.0096117
-0.0037585
-0.0048697
-0.0058197
0.0082886
-0.0021094
-0.0001085
0.0027158
-0.0047916
7.88e-5
-0.0001439
-0.005046
0.0046224
0.0039841
0.0082169
0.0099243
-0.0053219
0.0006142
-0.0019418
0.0049622
-0.0073108
-0.0064148
-0.0095239
-0.0051757
0.0016065
-0.003571
-0.0051894
6.45e-5
0.0026511
-0.0013917
0.0075468
-0.0085129
0.0051179
-0.0049221
0.004195
0.0017165
-0.0062043
0.0055259
-0.0094526
0.0074226
-0.0082482
-0.0012108
-0.0014131
-0.0099807
-0.0016387
0.0048558
-0.008325
-0.0005332
-0.0003104
-0.0031828
-0.001289
-0.0054441
-0.0068316
0.0093153
-0.0039688
-0.001228
0.0029729
0.0040226
0.00993
-0.0005699
-0.001618
-0.0080288
0.0078972
0.0009824
-0.006696
0.004291
-0.0066851
0.0024654
-0.0078244
-0.0034876
-0.0094143
-0.005194
-0.0039815
-0.0093471
0.0009208
-0.0057287
0.0044283
-0.008767
-0.0028686
0.0054303
0.0059069
0.0079465
0.0060974
-0.0034468
0.0046771
-0.0095947
-0.009055
0.002998
0.0006486
-0.0046163
-0.0019509
-0.0055217
-0.0010572
0.0097799
-0.004982
0.0057154
0.0031389
0.0020444
0.005538
-0.0059885
-0.0042605
0.0042817
0.0051583
0.0009016
0.0001864
-0.0040616
0.0035543
-0.0062087
-0.0093823
-0.0049579
-0.000477
0.0077022
-0.0068095
-0.0003253
-0.0037272
0.0062969
-0.0058201
-0.0023675
0.0057009
0.0096067
-0.0015121
0.0003124
0.0041573
0.0031152
-0.0063128
0.0028786
-0.0022007
0.0060247
-0.0028668
0.0078692
0.0095272
-0.0036679
-0.0035328
-0.0054802
-0.0091372
0.0073236
-0.0053966
0.008549
0.0086736
-0.0089091
0.0095553
0.0033167
-0.0066722
-0.0035546
0.0048981
-0.0088537
0.0018419
0.0007119
0.0047665
0.0048764
-0.0032124
0.0036346
-0.0088415
0.0036083
0.0009972
0.0017615
-0.0070022
0.0002812
0.008359
-0.0064613
-0.0041936
-0.0032772
0.0002917
-0.001848
-0.0004022
-0.0085305
0.0094682
0.0026337
0.0024679
0.0070125
0.0093557
