-0.0089377
0.0059465
0.0004246
-0.0054984
0.0090872
-0.0046053
0.0058984
0.0015802
-0.003392
0.0099884
-0.0026572
0.0036731
-0.0016573
-0.0067513
-0.0018662
-0.0021328
0.004063
0.0004577
0.0092174
-0.0097031
0.0011986
-0.009395
-0.0097655
0.0099573
0.0062749
-0.0056179
-0.0023568
-0.0089795
0.0039415
0.009221
0.0095573
-0.0038512
0.0005072
-0.0025409
0.0010488
-0.0084232
-0.0089684
0.0031474
0.0015638
-0.0072055
-0.0027665
0.0039409
-0.0035281
-0.0019091
-0.0005498
-0.0070936
-0.0095743
0.0011369
0.0093937
-0.0011731
0.0065841
-0.0077687
0.0006679
-0.0058337
-0.0098543
0.0044896
-0.0042505
0.0080453
0.001685
0.0029244
0.005809
0.0051486
-0.0032853
-0.0066553
-0.0075261
-0.0087673
0.0046154
-0.0057175
-0.0040169
-0.002759
-0.0068856
-0.0006938
0.0051539
-0.0076155
0.0011792
-0.0037488
-0.0083472
0.0057464
-0.0032512
0.0027592
-3.3e-5
0.006623
0.0089968
0.003426
-0.006584
0.0054807
0.0019886
0.0017418
-0.0005184
0.0031554
0.0090969
0.002945
0.006294
-0.0032868
-0.0002503
0.0098439
-0.0056231
-0.0008064
0.0079147
-0.0045193
0.0009866
0.008515
-0.0095465
0.0017432
0.0055293
-0.0016516
0.0032071
-0.0037866
-0.0081442
-0.00593
-0.0089155
0.0016986
-0.0029318
0.0024712
0.0028387
-4.4e-6
0.007608
0.0097777
0.0011787
0.0043353
0.003317
-0.0082839
0.0062425
-0.0003135
-0.0051497
-0.0065961
-0.0052383
0.0075278
0.0009065
0.004629
-0.007224
-0.0027713
-0.0001045
-0.0080999
-0.0026975
-0.0069072
0.0040256
0.0032927
0.0064831
-0.0062067
-0.0036764
-0.0079948
-0.0094511
-0.005612
-0.0032925
-0.003654
0.0019299
0.0013297
-0.0050651
-0.0032306
-0.0044261
0.0059305
-0.0016465
0.0095568
-0.0036481
-0.0049337
-0.0016763
-0.005196
-0.0014797
-0.0095352
0.003956
-0.0094081
0.0027577
-4.93e-5
-0.0078521
0.006635
0.0006192
0.0036442
0.0084837
-0.0035741
-0.0030219
-0.0057988
0.0093046
0.0067293
0.0081831
-0.0005887
-0.0071895
-0.0033017
0.0047095
0.0086629
0.0011738
-0.0096221
0.0075111
0.0003477
0.0054956
-0.0005289
7.9e-6
-0.0092609
0.0098886
0.007407
0.0002155
0.0044601
-0.0016454
-0.0069099
-0.0053768
0.0020176
-0.0010576
-0.00373
0.0086439
0.0083358
-0.0073539
0.0016116
0.0049291
0.0012734
-0.0055315
0.0069103
-0.0074084
-0.0060432
0.0099705
-0.0043116
0.0066749
0.0036866
0.0081841
0.0021781
0.0064035
-0.003248
0.0051962
-0.0053907
-0.0033912
0.0075159
-0.009923
-0.0022931
-0.00634
0.0014913
0.0059183
0.0054537
-0.0012675
0.0004971
0.0093683
0.0046911
0.0041437
-0.0032398
-0.0067671
0.0035954
-0.0034483
-0.0014596
-0.0011197
0.0006114
-0.0077442
0.0092317
-0.0072268
-0.0063443
-0.007641
-0.0042281
0.0092939
-0.0072359
0.0076081
0.0043829
0.0086287
-0.0061819
-0.0064659
0.0037442
-0.0097918
0.0024709
-0.0018762
0.0054215
-0.0079977
-0.0033558
0.0097465
-0.0097154
-0.0017904
-0.0013955
-0.0082348
-0.0096038
-0.009009
0.0031318
0.0024272
0.0007356
-0.0027772
4.73e-5
0.0022579
-0.0055717
-0.0097488
0.0049492
0.0005779
-0.0045764
-0.0068201
0.0006523
0.0062319
0.0012307
-0.0072216
-0.0040762
-0.0027089
-0.0059903
-0.0077751
-0.0086256
0.0061057
-0.0011916
-0.0073253
-0.0033448
-0.0061354
0.0015152
0.0096422
0.0049903
-0.0020013
0.0084256
-0.001522
-0.0028718
0.0049079
-0.0012383
-0.0078358
-0.0036903
-0.0074054
0.0024804
-0.0083358
0.0073938
-0.0068841
-0.00718
0.0079178
0.0065436
0.0042716
-0.0023949
-0.0027503
-0.003999
-0.0070115
0.0005177
-0.0018224
-0.0036497
0.0037415
0.0003126
-0.007673
-0.0096773
-0.0034011
-0.0004387
-0.0097753
0.0021331
-0.0006032
0.00426
-0.0098323
0.0013193
0.0057314
-0.0009164
-0.0021876
0.0019575
0.000456
0.0084868
0.0003963
0.0041792
0.0036983
-0.0044346
-0.0004456
-0.0019917
-0.0093004
0.0069833
0.0054465
-0.0048621
-0.0042883
0.0027977
-0.0052022
-0.0091655
0.0095154
-0.00651
-0.0097895
-0.0057104
0.0022171
-0.0090891
-0.0001251
0.0004079
-0.0093122
-0.0038986
-0.0081157
-0.0048423
-0.0026506
0.0028761
-0.0018746
0.0004394
0.0097854
0.0096801
-0.0044701
0.0022104
0.0099424
-0.0025723
-0.0015828
0.0029909
-0.0063461
-0.0014835
-0.009315
0.0005287
-0.0061977
0.0046419
0.0095131
-0.006821
0.0013536
-0.0095293
0.0042625
0.00522
0.0016772
0.0029689
-0.0089336
0.006818
-0.0004082
-0.0083012
0.005758
-0.0077477
-0.0026334
0.0048473
0.0001306
0.0090483
-0.0088727
-0.0099523
0.0072183
-0.0051111
-0.0051736
0.007387
0.0018905
0.0026707
0.006004
0.0010974
0.0031788
-0.0097886
-0.0025728
0.0036916
-0.0046866
0.0031694
-0.0081181
-0.0019441
0.0088347
-0.0065989
-0.0087131
-0.0019936
-0.0003042
0.0004937
-0.0031188
0.0086678
0.0054067
0.0094532
0.001386
0.0026814
-0.008648
0.0013944
-3.26e-5
0.0076215
0.0055109
0.0001684
-0.007405
-0.0074094
0.0029139
0.0048551
0.0017682
0.002913
-0.0090841
0.0047837
-0.0036639
0.0053545
0.0096569
0.0058307
-0.0012875
0.005995
0.0005852
-0.0036043
0.0020814
-0.0083901
0.0029931
-0.005804
-0.0070823
-7.31e-5
0.0093074
-0.0052105
0.0050497
-0.0002951
0.0092015
0.0071691
0.0090527
0.0090602
0.0024258
-0.0080052
-0.0062889
-0.0076701
-0.0062363
0.0003968
0.0007669
-0.0007122
0.0093617
-0.0030405
-0.0053085
-0.0081886
0.0074946
0.0019172
0.0035413
-0.0056961
-0.0013117
0.0091626
-0.0022091
0.0093422
0.0048239
0.0055914
-0.0087265
-0.0006144
0.0092724
-0.0014028
0.0068892
-0.009261
-0.0036279
-0.0040859
0.0001671
