0.004538
-0.0078802
-0.0064073
-0.0086962
0.0066884
0.0070589
-0.0083968
0.0028837
0.001295
-0.00678
0.0085491
0.0044003
1.41e-5
-0.0041914
0.0001453
-0.0056957
-0.0088425
0.0084074
0.0082408
0.0002794
0.0016531
-0.0056833
-0.0039869
0.0085213
0.0001927
0.009758
0.0088549
0.0060913
0.0061935
0.0010621
0.0090839
-0.0012438
0.0054199
0.0024718
0.0008731
-0.0042908
-0.0069179
-0.0076962
-0.0004954
-0.0002644
-0.0055341
-0.0077285
-0.002217
0.0076998
-0.0054888
-0.0068881
0.0068784
0.0004916
0.0029463
-0.0049943
-0.0067933
-0.0047342
0.0027882
0.0090667
0.0025289
0.0006311
-0.0069791
-0.0073749
0.0063492
-0.0015955
-0.0002661
0.0023409
-0.0052132
-0.0062627
0.0010231
-0.0068714
-0.0027633
0.0026733
-0.005076
0.008412
-0.0003783
-0.0067399
0.0075344
-0.0050429
0.0084741
0.0093859
0.0029617
0.0055413
0.0048862
0.0080378
-0.0056448
0.0052968
-0.0089911
-0.0024957
0.000853
-0.0052522
-0.0068011
0.0062297
0.0044441
0.0070137
0.0011008
-0.0038493
-0.0020043
0.0007128
0.0048696
-0.0061144
-0.0089651
0.0007935
0.0026358
0.0099497
-0.0037129
-0.0020681
0.0015793
0.0013498
0.0029642
0.0029272
0.0048599
0.0073847
-0.0031335
-0.0087919
-0.0083898
0.007912
0.0022699
-0.0053526
0.0064271
-0.0007369
0.0099686
0.0079971
-0.0032635
-0.0067867
-0.0041241
-0.0061205
-0.0043339
-0.0099083
0.0025975
-0.0047425
-0.0052191
0.0042032
-0.0092673
-0.001321
0.0089557
-0.0095288
-0.0098672
0.0070075
-0.0030945
-0.0090562
-0.0024495
-0.0094043
-0.0002232
-0.0017077
0.0094492
0.0055077
-0.0009833
-0.0027514
-0.0035168
0.0013525
-0.0012305
0.0011693
0.0053523
-0.0075378
0.0085853
-0.0044716
0.0013471
-0.0024454
0.0036418
0.004587
-0.0040382
-0.0020365
0.0081331
-0.001295
-0.0065021
-0.0099446
-0.0016377
0.0012933
-0.0084657
0.0050038
0.0083338
0.0037445
0.0051035
0.0080157
-0.0096932
-0.0059868
-0.009561
0.0033813
-0.0025408
-0.0012432
-0.0085558
-0.0025709
0.0099884
0.0081314
-0.0011754
-0.009498
-0.0041524
0.0067371
0.0085288
-0.009942
-0.0050543
-4.11e-5
0.0097615
-0.0032156
0.0049649
0.0032528
-0.0081415
-0.0002214
2.53e-5
-0.0064431
-0.0082676
0.0058834
-0.0043261
-0.0012076
-0.0019268
-0.0032069
-0.0083037
-0.0036801
0.0086046
0.0037979
0.0083135
0.0069546
0.0097992
0.0076595
0.0010091
-0.0079348
-0.0027984
-0.001716
-0.003966
-0.0048209
0.0062055
0.0054818
-0.0081881
0.0062947
0.0017067
-0.0068496
-0.0035165
-0.0054222
-0.0009923
-0.000579
0.0022681
-0.0046397
-0.0015605
0.0065453
-0.0093755
-0.002945
-0.0053799
-0.0062906
-0.006839
0.0028198
-0.0066935
-0.0040823
0.0060334
0.0006668
0.0086512
-0.0003668
-0.002166
0.0013044
0.0084832
-0.0001856
0.008513
-0.0025754
-0.0067416
-0.0056335
-0.0038779
0.0097321
0.0075908
0.0036224
-0.0091112
-0.0067173
-0.0068775
-0.0045172
-0.0015096
0.0083381
-0.0091205
-0.0056829
-0.0024936
0.005062
-0.0034214
-0.0099524
0.0079469
-0.0026817
0.0077842
-0.0010064
-0.0043149
0.0022537
0.0026662
-0.0027331
-0.0078545
0.00023
0.0042734
0.0086873
-0.0002159
0.0067359
-0.0070941
-0.0021005
0.0076982
-0.0002785
0.0017125
-0.0084199
0.0004945
0.0060707
0.0099219
-0.0038849
0.0097297
0.0016737
-0.0043568
-0.0046175
-0.0099985
-0.0001182
0.0071581
-0.0088617
-0.0030399
-0.0017541
0.0039422
0.0049136
-0.0044826
0.0021213
0.0044369
0.0029601
-0.0048082
-0.0068256
0.0001213
0.0035015
0.0098591
0.0012424
0.0014528
0.0093514
-0.007633
-0.000437
0.00612
-0.00591
-0.0028271
0.0086611
-0.0075434
0.0025124
-0.0016882
-0.0058232
0.0051178
-0.0010747
-0.0089195
-0.008037
0.0062639
-0.0044221
0.0071253
-0.0005569
-0.0001413
-0.0086925
-0.0034058
-0.0077411
-0.0057905
-0.0064333
-0.0089944
0.0011843
0.0079629
0.0075367
-0.0089454
-0.0056403
0.0069612
0.0073728
-0.0030535
-0.0050202
-0.0081204
0.0059576
-0.0055735
0.0094012
-0.0056779
-0.0016346
0.0031708
1.47e-5
-0.0015709
-0.0025411
0.003149
-0.0064525
-0.0054419
0.0065484
0.0019571
-0.00419
-0.0077104
0.0089098
0.0004405
-0.0033781
-0.0066753
-0.0085131
0.0026982
-0.0082184
-4.2e-5
-0.006296
0.0075385
-0.0043529
0.0019428
0.0055246
-0.0004394
-0.0024371
-0.0052789
0.0076887
0.0007788
-0.0017715
-0.0059485
0.0020351
0.0001932
0.0039972
0.0090281
0.002734
-0.0005454
-0.0053264
0.0077261
-0.002945
-0.0051189
0.0081513
-0.0015561
-0.0024265
-0.0028964
0.0042384
0.0095833
-0.0020078
0.0030223
0.0040804
0.0037196
0.0020303
0.0099365
0.0028079
0.0040011
-0.0053314
-0.0008568
-0.0016557
0.0050397
0.0076434
-0.0048614
-0.0009827
-0.008005
-0.0034736
0.0016741
-0.005248
-0.0054723
0.0004813
-0.0052266
0.0013927
0.0052952
0.0084789
0.0053424
0.0012534
0.0051344
0.0081637
0.0064216
0.0037709
0.0027988
0.0016079
0.0010325
-0.0056062
0.007416
0.0095741
0.0073409
0.0003502
0.0021323
0.0029979
0.0016017
-0.0048861
-0.0012522
-0.00456
0.0063409
0.0054158
0.0064944
-0.0032499
-0.0073666
0.0063825
0.0055731
-0.0031818
0.0013299
-0.0037702
-0.0071894
0.0078601
3.9e-6
0.0090796
0.0082186
-0.0076534
0.0076719
-0.0099313
0.0016207
-0.000865
0.0045481
-0.0085446
0.0076342
-0.0083196
-0.0067681
-0.0051026
-0.0095525
-0.0020135
0.0065752
-0.0052207
0.0056059
-0.0039019
0.0009393
-0.0067486
0.0031866
-0.006083
-0.003228
-0.0035804
-0.0088777
-0.0042624
-0.0057983
-0.0020676
-0.0049843
0.004546
-0.000487
0.0032555
0.0084508
0.0009241
0.0081388
