-0.0056352
-0.0065705
0.0071588
-0.0074865
-0.0072733
-0.0066997
-0.000377
-0.0020172
-0.0098274
0.0047254
-0.0089012
0.0023687
0.0066869
0.0090692
0.0031271
-0.0020868
0.0001682
-0.0050371
-0.0099297
-0.0015541
0.00612
-0.0058912
-0.0051748
0.0014129
0.0017587
-0.0045184
-0.0023738
-0.0051379
0.0001699
0.0076723
0.0031377
-0.0024161
-0.0030314
-0.0079324
-0.0042834
-0.0032807
0.0072504
-0.0043317
0.0058882
-0.0081954
-0.0056787
-0.0029155
-0.0002647
-0.0042889
-0.0054712
0.0019811
-0.0066207
0.002083
-0.0080804
-0.0016287
-0.0089714
-0.002658
-0.0021416
0.0001201
-0.0071459
0.0008057
0.0054405
-0.0033385
-0.0055476
-0.0034678
-0.0017667
-0.0032353
0.0056729
-0.0036546
0.0074953
0.0076212
-0.0088722
-0.0089162
-0.0074782
-0.0023803
0.0045155
-0.0024112
0.0056664
0.0054695
0.0032025
0.007252
0.0045114
-0.0049778
0.0018332
0.0052271
0.005986
0.0071168
0.0004832
0.0050346
-0.0007472
0.0062882
-0.0007776
0.0042859
0.0027608
-0.0033771
-0.0043223
-0.0023661
-0.0002418
0.0026242
0.0098883
-0.0060963
-0.0007635
-0.0014465
-0.0059004
0.0043372
0.0007604
0.001308
0.0058521
-0.0060246
0.0010757
-0.0066098
-0.0043606
0.0090998
0.0091943
-0.0072704
-0.0059513
0.0063278
0.0082722
-0.0023483
-0.0086959
-0.0067814
0.0026315
0.0088811
0.0043714
-0.0088477
0.0051907
-0.0018385
-0.001198
0.0075208
-0.0079339
0.0080613
-0.0049374
0.0093387
-0.0077764
-0.0091708
0.0067531
0.0090091
-0.0026995
-0.0050094
0.0066669
0.0071568
-0.005434
-0.005348
0.00357
-0.0002533
0.0055647
-0.0039214
-0.0082444
0.0064658
0.0024265
0.0026013
0.0067961
-0.0031504
0.0072151
0.0088399
0.0027691
-0.000888
-0.0068797
-0.0005243
-0.0007999
-0.0011778
-0.0089783
0.002186
-0.0050427
-0.0077283
0.0005164
0.0052926
-0.0060856
-0.0021659
0.0017877
0.0016251
0.009057
-0.004922
0.0021096
-0.0008464
-0.0015504
0.0091652
-0.0038722
0.0009566
-0.000871
-0.0026678
0.0020459
0.0039501
0.0020296
-0.0029186
-0.0081489
-0.0046054
0.0094113
-0.0014132
0.0002764
-0.0048701
-0.0045707
0.0089393
-0.0021714
0.0011907
0.0091747
0.0038887
0.0029079
-0.0052523
-0.0036808
-0.005309
-0.0050945
-0.0042563
-0.007263
-0.0075575
-0.0004146
-0.0084285
0.0048119
-0.0060955
0.0033017
0.0006312
-0.0053485
0.0061892
0.0002926
0.0083989
0.0017533
-0.0041092
-0.0096106
2.82e-5
-0.0002992
-0.0010005
-0.0087048
5.5e-5
0.00589
0.0005979
0.0040158
-0.0023014
0.0078937
0.0099894
-0.0021894
0.0087093
-0.0038964
-0.0016742
-0.0087666
0.0041737
-0.0081059
-0.0007226
-0.0031286
-0.0017971
-0.0047575
0.0019864
0.0077906
0.0025658
-0.0082324
0.0068193
-0.0061572
0.0084029
-0.0006222
0.0070028
-0.0079079
0.0006053
-0.005139
-0.0043826
0.0032203
-0.0027254
-0.0071499
-0.0069768
0.0072538
0.0052192
0.0070022
0.0049736
-0.0093511
0.0073494
-0.0085607
-0.008152
0.0097562
-0.003059
0.0035785
0.0007674
-0.002092
-0.0055817
-0.005358
0.0053481
-0.0040981
0.0040324
-0.0031252
-0.0048911
0.0075377
0.001205
0.0043575
0.0023457
0.0048158
-0.0090852
-9.42e-5
-0.0042879
0.0032853
0.0023857
-0.0088784
-0.0021677
0.0008229
0.0046634
0.0018396
0.0086117
0.0058063
0.0083986
-0.0032459
0.0020981
0.0031904
-0.0092723
-0.0083678
-0.0086148
-0.0057956
-0.0018509
-0.0054397
0.0022642
0.0067016
-0.0067325
0.0018057
0.0061696
0.0069875
-0.007469
0.0046522
-0.0002884
0.0073637
-0.0004871
0.0041681
-0.009478
-0.0014479
-0.0098542
0.0011807
-0.0090262
-0.0063243
0.005108
0.0052089
0.0041776
0.0041008
-0.0049575
-0.0079048
-0.0011712
0.0069977
0.0048669
-0.0090235
0.0042724
0.0046612
0.0090306
0.0099126
0.0044894
0.005993
-0.0076994
0.0082599
-0.0011815
0.0082565
-0.0080192
-0.008018
-0.0081305
-0.0029878
-0.0018783
0.0023406
0.0027069
0.0049767
0.0026937
-0.0064767
0.0083176
0.00629
0.0049128
-0.0098239
-0.0023469
-0.001799
0.0040736
0.0076075
-0.0093807
-0.0074958
-0.0049068
0.0046629
0.003541
-0.0051061
-0.0089876
0.0057058
-0.0009387
-0.006038
-0.0022522
-0.0004387
0.0033571
-0.0065046
-0.0024519
-0.0017556
-0.0004831
0.001218
-0.0038415
-0.0069033
0.0076413
0.0021986
-0.0081842
-0.0039139
-0.0032104
-0.0018317
0.0069486
0.00377
0.0098982
0.0035871
-0.0071972
-0.0040585
-0.0073719
0.004053
-0.0036309
0.0088954
-7.4e-6
-0.0097353
-0.0029977
-0.0057283
0.0012179
-0.0039562
-0.0070818
0.0056797
-0.004699
0.0020785
-0.007572
0.0033104
0.0091545
0.0079094
-0.0093174
-0.0028101
0.0077084
-0.0024471
-0.0070339
0.0009049
0.0098739
-0.0007463
0.0090646
0.0014948
0.0028438
0.0055467
0.0002696
0.0062481
0.000665
-0.0005775
0.0005358
0.0025807
1.12e-5
-0.0078282
0.0076931
0.0055486
0.0042021
-0.004526
-0.0071306
0.0050605
0.0092738
-0.0068939
-0.0094822
0.0042105
-0.0038518
0.0033545
-5.77e-5
0.0081613
0.0055423
0.0052175
0.0044393
-0.0079694
0.0023541
0.0008695
-0.0003859
0.0043935
0.0007479
-0.0071917
-0.0036377
-0.00178
-0.0094425
-0.0045071
-0.0096046
0.0080462
0.0002685
0.0032408
0.0003102
-0.000838
6.96e-5
0.0031814
-0.004932
-0.0066726
0.0083562
0.0074566
-0.0052972
-0.0053364
0.006446
0.0025062
0.000385
0.0015861
-0.0097849
-0.0067454
0.0047672
0.0090912
-0.0017756
0.0046427
-0.0093474
-0.0039374
-0.0060534
-0.0049832
-0.0026397
-0.001222
-0.0084743
0.0089478
-0.0054013
-0.0079021
0.0044227
0.0091831
0.0060329
0.0082689
-0.0058832
0.0053303
0.0096649
-0.0022351
