-0.0059437
-0.0045315
0.0082638
0.0071939
-0.0027658
-0.0050293
-0.0068287
-0.0012775
-0.0077843
0.0035629
0.0052574
0.0010077
0.0020807
0.0019617
-0.0069912
0.0043278
0.0078419
-0.0004521
-0.0044176
0.0090435
-0.0026579
0.0077791
0.0026184
-0.0092336
-0.003859
-0.0079987
0.0021187
0.0030307
0.0085027
0.0047847
0.0040655
-0.0026543
0.0015737
0.0068225
-0.0035357
-0.00406
-0.0092394
-0.0006664
-0.0054847
-0.0009783
-0.0063211
0.0069666
0.006576
0.0029647
0.0047852
0.0080045
0.0054659
7.52e-5
0.0086407
-0.0004598
-0.0088926
0.0010107
0.0043139
-0.0098402
-0.006657
-0.0092437
-5.17e-5
0.0080243
-0.0028092
0.0011085
-0.0036012
0.0083081
-0.0006858
0.0074668
0.0036813
0.005879
-0.0018913
0.005066
-0.0029834
0.0027946
0.0035907
0.0016024
0.0008157
0.0057669
-0.0002099
-0.0075744
-0.0007991
-0.0064417
-0.0009444
-0.0009455
-0.0042395
-0.008952
0.0016252
-0.003381
0.0056656
9.7e-5
-0.0093486
0.0006124
0.0038421
-0.0098268
-0.0092304
-0.0084422
0.0062199
0.0083775
0.0082988
-0.0090033
-0.0006053
-0.0089855
-0.0079534
-0.0065436
0.0097975
0.006331
0.008166
-0.0058682
-0.0059287
0.0008593
0.0046767
-0.0052593
0.0013092
0.0066051
0.0043587
0.0001795
0.004126
0.0091249
-0.0010269
0.0057352
0.0089367
0.0087124
-0.0006311
0.0065999
0.0068508
0.0029695
0.0040132
0.0045243
-0.0080508
-0.0075345
-0.0059543
-0.0096464
0.0025707
0.0013832
0.0012362
-0.0098957
0.0008406
0.0034029
-0.0024303
-0.0030676
0.0037821
-0.006888
-0.0082767
0.0064735
-0.0035331
-0.0076187
0.0098296
0.0082272
-0.007141
-0.0007871
0.003105
0.0081892
0.0010334
0.0046425
-0.0026242
-0.0013543
0.0086128
-2.3e-6
0.0033085
-0.0028335
0.0088798
-0.0097345
0.0077504
0.0062963
-0.0020276
-0.0084706
0.0072009
0.0009781
0.0003379
0.0043029
0.0054484
0.0002445
0.0092731
-0.0062125
-0.0010782
0.009187
-0.0080657
0.0034813
-0.0083225
0.0071649
-0.0022247
3.7e-5
-0.0064805
0.0064837
-0.000505
0.0042376
0.0061975
-0.0059312
0.0004033
0.0080335
0.0034663
-0.0060743
0.0082833
-0.0013849
-0.0012516
-0.0073753
-0.0034797
0.0013438
-0.0075248
0.0011709
0.0012653
-0.0038966
0.0079507
-0.0017629
0.0066829
9.77e-5
-0.0079622
0.0036998
-0.0099474
0.0050513
0.0018819
-0.0033401
-0.0080677
-0.0041855
-0.0097443
0.0081476
0.0063933
0.0054924
0.0023444
0.0061038
0.004601
-0.0089843
0.0099245
-0.0097533
-0.0007052
-0.0082047
0.0044416
-0.0095075
-0.0052516
-0.0069941
-0.0029414
0.0035884
-0.0022645
-0.0008516
-0.0056158
0.0002922
-0.0055065
0.0078199
-0.0006018
-0.0069231
-0.0097457
0.0062791
0.0075794
-0.0042152
0.0080463
0.0016039
-0.0056741
0.0008346
0.0034556
0.009622
0.0059409
-0.0085417
-0.0021392
-0.0017737
0.0085343
-0.004035
-0.0082565
0.0032423
-0.0012124
0.0005352
-0.005717
0.0042976
0.0057541
-0.0056703
-0.004488
-0.007164
-0.0076697
0.0087212
-0.0019596
-0.0070892
-0.0096266
-0.0081573
0.0033996
-0.0009585
0.0019861
-0.0079456
-0.00563
0.0029782
-0.0073871
-0.0082539
-0.0078713
-0.0072731
0.0029168
0.0072764
-0.0031859
0.0027627
-0.0041774
0.0014551
-0.0025834
0.0054286
-0.0056963
-0.0007263
0.0044277
-0.0039891
-0.0008763
0.0093539
0.0061025
0.002614
-0.0042238
0.0084193
-0.0021439
0.0071507
-0.0005093
0.0005467
0.0008306
0.0072676
0.0098689
-0.0058121
0.0082305
-0.0068325
-0.0059309
0.0048459
0.0029139
-0.0018082
-0.0016238
0.0026307
-0.003986
-0.0047325
0.0042065
-0.0036873
-0.0006098
0.0099316
-0.0091026
-0.0053943
0.0043867
-0.0017193
-0.0050842
-0.0090761
0.0056815
0.000999
0.0049087
-0.0037242
-0.0052638
-0.0027518
0.003769
-0.0078842
0.0048209
0.0074007
0.0052572
-0.0050241
-0.0072634
0.0074112
0.0025514
-2.76e-5
-0.0040454
0.0026719
0.0094447
0.0018902
0.0051248
0.0002787
-0.0040596
0.0034178
-0.0003917
0.0060686
-0.0025178
0.0032154
0.0093581
-0.0002846
-0.0072061
0.0088034
0.0038281
-0.0003182
0.0048859
-0.0019943
0.0063442
0.0039317
-0.0094225
-0.0077713
-0.0062876
-0.00995
0.0003624
-0.0036669
0.0071926
0.0019001
0.003498
0.002223
-0.0028341
0.0005669
-0.0056311
0.0013263
-0.0001802
-0.0030454
0.0032361
-0.0073932
0.0011391
-0.0028335
0.0066711
-0.0032512
-0.0082367
-0.0045955
-0.0083395
-0.0083203
0.003734
-0.0033932
0.0056009
0.0053523
0.0076207
-0.0096705
0.0088734
-0.0023266
0.0087057
0.0019156
0.000355
-0.009533
-0.0065479
0.001561
-0.0085665
0.0005768
-3.75e-5
0.0057331
-0.004967
-0.0018507
-0.004414
0.0096679
-0.0026058
0.0008519
0.0054561
0.0082941
0.0065646
-0.0028196
0.005318
0.0030575
0.0043867
-0.0074011
0.0009103
0.0077351
0.0091627
-0.0037414
-0.0038119
0.0030739
-0.0069837
0.0059842
0.0020766
0.0060342
0.0056172
0.0063534
-0.0072618
-0.0019746
0.0097386
0.0099828
-0.0042813
0.00313
-0.0038734
-0.0086244
-0.0095305
5.35e-5
-0.0049501
0.0032416
0.0037402
0.0053985
0.0050393
0.0022714
0.0031566
0.0090403
-0.0073465
0.0086717
-0.005604
0.0095943
0.0055786
0.0035645
0.0017932
0.0028967
-0.0068347
-0.0073845
-0.0023207
0.0087909
0.0034525
-0.0078376
0.0057184
-0.0083365
0.0006384
0.0016815
-0.0042216
-0.0021022
-0.008218
0.0059405
0.0028821
-0.0051705
-0.0016985
-0.0019131
0.0006378
-0.0091748
0.0032869
0.006758
0.001133
0.0094808
0.0052201
0.0029967
-0.0021463
-0.0037731
0.0002087
-0.0072867
-0.0022601
0.007897
0.0041041
-0.0055136
-0.0092492
0.0019106
0.0031419
