0.0017637
-0.00223
0.0013102
0.0087069
-0.0008796
-0.0047524
0.0064088
0.0077698
-0.0002886
0.0078262
-0.000208
-0.0052934
0.0013227
0.0008231
-0.0028589
0.0082602
-0.0090485
0.0024461
-0.0018027
0.004346
-0.0026659
0.0029195
-0.0017174
0.0018776
0.0034636
-0.0004331
-0.0094559
0.009986
0.0080066
0.0060284
0.008566
-0.0052394
0.0060733
0.0032119
-0.0035112
-0.0022513
-0.002278
0.0070203
0.008647
-0.005567
0.004178
0.0063183
0.0095992
-0.0057835
-0.0033626
0.0029381
0.0060833
-0.0083316
0.0049646
-0.0095584
-0.0088862
0.0055649
0.004733
-0.0009142
0.0065561
-0.0091513
-0.0077711
0.009507
0.0076201
-0.008034
-0.0081253
-0.0076384
-0.0031902
0.0097143
-0.008371
0.0079352
-0.0095987
0.0067022
-0.0039927
-0.0034111
-0.002587
-0.0061187
-0.0088016
0.0041968
0.0016578
0.0012347
0.0029284
0.0024797
-0.001605
-0.009691
0.0006759
-0.0003105
0.0056693
0.0042974
-0.0071098
-0.0002745
-0.0003086
0.0035383
0.000469
-0.003529
-0.0081091
-0.005539
-0.0058198
0.0002958
0.0059114
0.0079413
0.0087898
0.0011327
-0.0071184
0.0033333
0.003945
0.0061255
-0.0099703
0.0039279
-0.0024548
0.0024568
0.000715
-0.0034741
0.0045944
-0.0051959
0.0054425
-0.001109
-0.0081274
-0.0014324
0.0064581
0.0065527
0.0050675
0.0007137
-0.0027234
0.0020406
-0.006647
-0.0042557
-0.0046769
0.0014538
-0.0091244
0.0083191
0.0017794
-0.002994
0.0010888
0.0069221
-0.0013964
-0.0056516
0.0016376
-0.0055955
0.0024576
0.0072306
-0.0043292
0.0062224
-0.0024599
0.0057603
-0.004607
-0.0085443
-0.0095195
0.0083668
0.0074259
0.0013542
-0.0035522
-0.007648
0.0091278
-0.0032716
-0.0068482
0.0014321
-0.0067603
-0.0075861
0.0051264
0.0060238
0.0003428
-0.0083922
0.0075949
-0.0064367
0.0021359
0.0037658
-0.006125
-0.0062557
0.0039709
-0.0094916
-0.0060307
0.0037408
-0.0070825
-0.0089429
-0.0051308
0.0078032
0.0018493
-0.0095347
0.0092623
-0.0013603
0.0047685
0.0010225
0.0018649
0.0069794
-0.0082483
-0.0044996
-0.0098932
0.0006751
-0.0086643
0.002553
0.0071334
-0.0065815
0.006234
0.0047128
0.0002186
-0.0003002
-0.0039218
-0.0073659
0.0009991
0.0081826
0.0099401
0.0093878
-0.0017502
-0.0023283
-0.0009386
0.0094663
-0.0059461
-0.0045976
0.0039813
-0.0009154
0.0009829
0.0091505
0.0020604
0.0068836
0.0074976
-0.0006414
-0.0070131
-0.0029313
-0.0070348
0.0094696
0.0009679
0.0073493
-0.0047191
-0.0043097
-0.0095797
0.0018072
0.005569
0.0015398
-0.0074432
0.0034617
0.0023995
-0.0036344
-0.0024658
0.002682
0.0086447
-0.0090583
0.0050803
0.0040968
-0.0002195
0.0071475
0.000164
-0.0015032
-0.0009491
0.0049798
0.0056521
0.0078597
-0.001612
-0.0090045
-0.0006955
0.0091609
-0.0073099
-0.0005636
0.0059087
-0.002927
0.003988
-0.0099775
0.002104
-0.0048944
-0.0015269
0.0046142
0.0050904
0.0099604
0.004737
0.0024102
0.0061416
0.0063151
0.0069989
-0.007924
-0.0072108
0.0006229
-0.0057653
0.0068087
0.005079
0.0010326
-0.0075534
-0.0009122
-0.0043244
-0.0003353
-0.0033084
-0.0016277
-0.0083337
-0.0089463
-0.0060369
0.0097617
-0.0017744
0.0063071
0.001374
0.0084788
0.0094308
0.0076261
-0.0027102
0.00087
0.003094
-0.0094484
-0.0042513
0.0048952
-0.0032089
0.0053524
0.0015244
0.006299
0.0098519
-0.0098771
0.0008771
0.0071284
0.0063516
0.0074815
-0.0003313
-0.0086717
0.0065402
0.0020301
0.0008046
-0.0051571
0.0097616
-0.0048845
-0.0091127
0.0024859
0.0042764
0.0029877
-0.0061167
0.0040754
0.0067057
0.007219
-0.0010398
0.0098596
0.0094919
-0.0051109
0.0054504
-0.0031172
-0.0040221
0.0053614
-0.0069812
0.0070575
0.0093621
-0.0001131
-0.0055195
-0.0092396
-0.007895
-0.009488
0.0022768
0.0006094
0.0078741
0.0057738
-0.0074071
0.0081187
0.0029502
0.0096536
-0.0072563
0.0075366
0.0082074
0.0082212
0.0042588
0.009133
-0.0081564
-0.0063125
-0.008566
-0.0047193
-0.0027068
-0.0086809
-0.0058471
0.0093405
-0.0016584
-0.0075092
-0.0023084
0.009923
0.0084453
-0.009881
0.0060215
0.0066863
-0.0090196
0.0037898
0.0048498
0.007404
-0.0099666
-0.0076262
0.0072025
0.0099177
-0.0020962
0.0013162
-0.0090232
0.0026229
-0.0069798
0.0075125
0.008981
0.0015742
0.00378
0.0012682
0.0077122
-0.002162
-0.0086131
0.002031
-0.0003804
0.0093248
0.0013684
-0.0037457
0.0035168
-0.0064709
0.0035467
-0.0019889
-0.0067823
0.0050933
0.0065294
0.0036661
-9.88e-5
0.0031685
-0.0071849
-0.00261
-0.0064391
-0.0080932
0.0087411
-0.0055656
-0.0082866
0.0018125
0.0071852
-0.0088766
-0.0034378
0.0020432
0.00263
0.0021063
-0.0047709
-0.0077701
-0.0038182
-0.0002423
0.0009412
-0.008673
-0.0070026
-0.0080033
-0.0090281
-0.0078119
-0.0080866
0.0097137
-0.0065912
-0.0043533
-0.0009173
0.0070813
1.19e-5
0.0015863
0.005092
-0.0052644
0.0015038
0.0031385
-0.0081104
-0.0043497
0.0080183
-0.0034468
-0.0091468
0.0034934
-0.0042539
-0.0097796
0.0035316
-0.0062222
0.0010764
0.0082054
0.0035188
0.0029698
-0.0047056
-0.0059311
0.0046634
0.0038361
0.0001743
-0.0061252
-0.0009197
-0.0069638
-0.003099
-0.0048373
0.0030795
0.0041831
-0.0056611
-0.0023531
0.0053324
0.0014034
-0.0063351
-0.0073346
0.0083335
0.008042
0.0071582
-0.0033633
-0.0046201
0.0079253
0.0058243
-0.0015247
0.001351
-0.0046837
-0.0006465
0.0043224
-0.0007205
-0.0083802
0.0053684
0.005944
-0.004129
-0.0019161
0.0086143
0.0056334
-0.006595
0.0009759
-0.0037605
0.004976
0.0032495
0.0088328
0.0042874
