0.0099858
-0.0020702
-0.0011636
-0.0031316
0.0020045
-0.0085973
-0.0054316
0.0052698
0.0014854
0.0038075
-0.0080938
0.0045631
0.0055086
0.0044632
-0.0012021
-0.0055661
0.005159
-0.0057497
0.0027004
-0.0040858
-0.0005508
-0.0089684
0.004654
-0.007735
-0.0074852
-0.0087583
0.0075227
0.0045554
-0.0024913
-0.0068075
0.0004411
-0.0010757
0.0067203
0.0060518
-0.0032401
0.0011474
0.0058752
0.0094151
-0.0026692
-0.0089975
-0.0014763
0.0053822
0.0077268
-0.0082179
-0.0061232
0.0024236
-0.0033192
0.0011307
-0.0050324
-0.0016546
0.0031072
-5.4e-6
-0.0087375
0.0046596
0.0044686
-0.0056104
0.0056058
0.0006839
-0.0015368
-0.0086333
-0.003644
0.0023854
0.0009481
0.0024741
0.0073102
0.0029833
0.0075346
-0.0048285
-0.0038313
0.0096856
-0.0001643
-0.0086287
-0.0099884
0.0022767
0.001707
-0.0080439
-0.0092822
-0.0084942
0.0074384
0.0087466
-0.0081731
-0.0031562
-0.0060546
-0.0047038
0.0095445
-0.0087366
0.0030082
-0.0011944
0.0077937
0.0070854
0.0010489
0.0070042
-0.0083657
-0.0051858
0.0014457
0.0040392
0.0042749
0.0095958
-0.009373
0.0031237
-0.0075068
-0.0079424
0.0033117
0.0064152
0.001941
0.004279
-0.0080165
-0.0096217
-0.0020729
-0.0092143
0.0019194
0.0058375
-0.0059204
0.0022159
0.0044386
-0.0023704
0.0013428
-0.0039436
0.008266
-0.0068282
0.006702
-0.0055808
-0.0058995
-0.0056578
-0.0029145
0.0009955
0.0068809
0.009847
0.0032885
-0.0047096
-0.0097338
0.0032726
-0.0040786
0.0070524
-0.0060889
0.0048611
-0.0058755
-0.0074693
0.0018471
0.0076364
0.0046128
-0.004352
0.0042005
-0.0042644
0.0098778
0.0075224
-0.0034645
0.0088374
-0.0044855
0.0045888
-0.0098832
-0.0088103
-0.0026116
0.0022333
-0.0087724
-0.0032635
0.0045822
-0.0050555
0.0096127
-0.0003262
-0.0039689
-0.0027486
-0.003519
0.0074769
-0.0043314
-0.0031485
-0.0099605
-0.0029425
-0.0049144
0.0068456
0.0035739
-0.0014297
0.0089287
-0.0052265
-0.0073058
0.0094469
0.0033357
-0.005556
0.0095531
0.0042149
0.0077963
-0.0060093
-0.0009431
0.0092773
0.0072383
-0.0053708
-0.003185
-0.0050791
-0.0028921
-0.0087815
0.0034427
-0.0091031
-0.0084007
0.0007406
0.0007644
-0.006767
-0.0057288
0.0031368
0.0004628
-0.001657
0.0074176
0.0013714
-0.0004135
0.008745
-0.0014686
0.0063437
-0.0050019
0.0052831
-0.0041253
0.0070008
0.0076449
-0.0084588
-0.004813
0.0099156
0.0010146
0.0085588
-0.0087106
0.0065213
0.0099107
0.0070749
-0.0012307
0.0003283
-0.0039635
0.0005358
-0.0066542
-0.0008639
-0.0050098
-0.0033371
-0.0044655
0.0006419
-0.0053219
-0.0072438
0.0061494
-0.0075323
0.0051836
-0.0010613
0.0085811
-0.0028998
0.0037694
0.005458
0.0064423
0.0061923
-0.0016131
-0.0092781
0.0082788
-0.0074239
-0.0090882
0.0078392
0.005193
-0.003134
0.002476
0.0007359
-0.0040519
-0.0006151
-0.0040487
0.0023086
0.0051088
0.0086042
-0.0099398
-0.0036428
-0.0055445
-0.0062059
-0.0074776
0.0033426
0.0079676
-0.0089398
-0.0089582
0.0020058
0.0005033
-0.0031849
0.0033013
0.0084598
-0.0091015
-0.0048639
0.0090997
-0.0066748
0.002809
0.0044049
-0.0029966
0.0069856
0.0093518
0.0091789
-0.0004541
-0.0036027
-0.0081923
0.0088363
0.0011661
0.0005616
0.0038501
-0.0019129
0.0044807
-0.0010559
0.0024738
-0.0026602
0.0015423
-0.0024385
0.0069205
-0.0096357
0.0031854
-0.0005802
-0.0043688
-0.0037176
0.0075492
0.0050073
0.0063668
0.0022012
-0.0053605
0.0025348
-0.0004807
0.001375
-0.0039464
0.0039487
-0.0003387
0.0046918
0.0064598
-0.0031964
-0.0043634
0.0085918
-0.0003233
-0.0078609
0.0070937
0.0066052
0.0050943
-0.0020304
0.0015102
-0.0054834
0.0071552
0.0086458
0.0029499
0.0012107
-0.0030952
-0.0002769
0.0020956
-0.0029484
0.0046986
0.002059
0.0037026
-0.0060014
-0.0043611
-0.0084074
-0.0044138
-0.0034602
0.0088393
0.0019001
-0.003895
-0.0041216
0.0078212
-0.002897
-0.0003883
-0.0045199
0.0064008
0.0047531
2.34e-5
-0.0084594
-0.0038438
0.0055006
0.0014456
0.0063895
0.0079803
0.0052816
0.0005961
0.0047661
0.0011558
0.0081923
0.0057065
-0.0088971
-0.0073684
0.0093573
0.0083584
0.0007832
-0.0053931
0.0076444
-0.0018255
0.0010911
-0.003937
0.0066107
-0.0038637
0.0029426
-0.000763
0.0095558
0.0071747
-0.0041256
-0.0069326
0.0067062
-0.0074738
0.0097096
0.0054699
-0.0030865
0.003355
0.0021883
-0.0020272
-0.0025419
0.0096912
0.0083019
0.0007896
0.0072266
-0.0072966
0.009236
-0.0007139
0.0065928
0.0070266
0.0044296
-0.0055357
0.0034266
0.0006853
0.0078505
0.0067325
-0.0081599
0.006058
0.0028706
0.0025805
-0.0018148
0.0036394
0.0096028
-0.000871
-0.0021513
0.0080288
-0.0065175
0.0023395
-0.0026543
0.0094943
-0.0069169
0.0036677
-0.0093035
-0.0030204
0.0074266
-0.0040834
-0.0051134
0.0021437
-0.0041873
-0.0073468
-0.0035952
-0.0077336
0.0003595
0.0060386
-0.0030371
-0.00125
-0.0041991
0.0051208
-0.0011699
0.0015351
0.0071253
-0.0027718
0.0043841
0.0021968
-0.004509
0.0078463
-0.0044129
0.0055267
0.0073109
-0.0057026
0.0073385
-0.0029251
0.00979
0.0091716
0.0002343
0.0098318
-0.0046711
0.0098122
-0.0070453
0.0076545
-0.0040254
0.0008862
-0.0057019
-0.0008523
-0.0082048
0.0059112
-0.0039598
0.0088591
-0.0080021
-0.0099858
-0.0073266
0.002986
0.0080574
0.0061544
-0.0044503
0.0003113
-0.009672
0.0049149
-0.0027087
0.0051448
-0.0026063
0.0025331
-0.0024158
0.0036617
0.0013258
0.0083995
-0.0026214
0.0027427
0.0099342
0.0011088
0.0048466
-0.0020952
-0.0040391
0.0091053
