0.0046814
-0.0085738
-0.0053706
0.0064173
-0.0047995
-0.0081154
0.0032309
0.0082894
0.0004814
-0.0008377
-0.0015075
0.0039285
-0.0013977
0.0097416
0.0003442
0.0038366
-0.0068374
-0.0015085
0.0010702
-0.0091202
-0.0008562
0.0046926
-0.0019194
-0.0026399
-0.0072712
0.0074501
0.0056607
0.0003798
-0.0025676
-0.0091191
0.0081158
0.0056314
0.0068332
-8.99e-5
-0.0099167
0.0049298
0.0002077
0.0083983
-0.0028081
-0.008714
0.0014127
-0.004633
-0.0084351
0.0029175
-0.0073638
-0.007141
0.0016363
-0.005118
0.0068867
-0.0046851
0.0008506
-0.0009866
-0.0099156
-0.0063257
-0.001484
0.0026324
-0.005617
0.005531
0.0031523
-0.0047883
-0.0070883
-0.0092649
-0.0006699
-0.0083881
-0.001809
0.0065858
-0.0051941
0.0058589
-0.0094596
-0.00487
-0.0078414
0.007033
0.0089078
-0.0007631
0.0081702
-0.0030565
-0.0050728
0.0013297
0.0049219
-0.0089535
0.0068713
0.0010469
0.0031727
-0.0048071
-5.56e-5
0.0066556
-0.0099667
0.0024858
-0.0088253
-0.0079963
-0.0087074
0.0065747
-0.009366
-0.0005583
-0.0057987
-0.0012025
-0.0011678
-0.0088652
-0.0085144
0.006622
-0.0058642
-0.0097265
0.0006859
-0.0036381
-0.004352
0.0073681
0.0027479
0.005554
-0.0018459
-0.005362
-0.0092353
-0.007262
0.0005796
0.0030773
0.0076226
0.001962
0.0080126
0.0017761
-0.0009075
0.0041448
-0.00347
-0.0076473
0.0070924
-0.0034328
-0.0015329
-0.0004448
0.0001834
0.0012253
-0.0006128
-0.0070199
-0.0094038
-0.0023296
0.0002383
0.0053508
-0.0024687
0.0004726
-0.0008289
0.004014
-0.0009444
0.0078345
0.0066161
-0.001816
0.0056801
-0.0024156
-0.003984
-0.0091196
0.0096591
-0.0064847
-0.0078519
-0.0083112
-0.0024538
0.0089402
0.0019294
-0.0006525
-0.0098533
-0.0030574
-0.0062892
0.0072479
-0.007516
-0.0058093
0.008716
0.0023831
-0.0023422
-0.0086811
-0.0030998
-0.0082472
0.0053001
-0.0019426
0.00811
0.008403
0.0054079
-0.0005469
-0.008953
0.0008079
0.006824
-0.0028691
-0.0075123
0.0027791
-0.0021711
0.0077067
0.0035784
0.0019717
0.0072836
-0.0040881
-0.0077322
2.67e-5
-0.0098279
-0.0057229
-0.0030333
-0.0085201
0.0079006
0.0090099
0.006975
-0.0061095
0.0013437
0.0092889
0.0070037
-0.0023513
0.0095917
-0.0037866
0.0057129
-0.0071072
0.0024124
0.008282
0.0089188
-0.004867
-0.0008615
0.0001657
-0.009071
-0.0051163
-0.0070693
-0.0052416
0.0096912
-0.0058391
-0.0078871
0.0038451
-0.0093027
0.0090707
0.001789
0.0005316
0.0018508
0.0023164
0.0091617
0.0022005
0.0004149
-0.0066521
0.0004327
0.0085533
-0.000175
0.0068988
0.0035861
0.0091639
0.0071757
0.0052876
0.0043779
0.0070666
0.0021169
0.002967
-0.001894
-0.0035527
-0.0019696
0.0047622
-0.0026464
0.0028802
-0.0061741
-0.0073975
-0.0088612
-0.0074622
0.0070064
0.0089623
0.0073536
-0.0031991
0.0063482
-0.0006143
-0.0028575
0.0065656
-0.0095003
-0.0064563
0.0069481
0.0036017
0.005254
0.0095095
-0.0041637
0.0083891
-0.0067042
0.003422
-0.0097251
-0.0023774
0.0094408
0.0043999
-0.0062751
0.0047848
0.0046554
-0.0038434
-0.0040663
0.0024032
0.0084793
-0.0087939
-0.0041232
-0.0004433
-0.0071594
0.0065848
0.0019075
-0.0003592
-0.006758
-0.0001707
0.0078997
-0.0067892
-0.0026938
0.0009486
-0.0017083
0.006976
-0.0023644
-0.0072249
0.0014371
0.0044369
-0.005639
0.0019453
0.0018365
-0.0022075
0.0088181
-0.0054889
0.0020081
-0.0054575
-0.0064998
-0.0086114
-0.0038563
0.0060566
-0.0074549
0.0084899
0.0062673
-0.0093115
-0.0005635
0.005612
0.0098093
-0.003789
-0.007461
-0.0063162
-0.0069477
-0.0060217
-0.0029468
0.0067267
0.0038214
-0.007408
0.0027804
-0.0013996
-0.0055768
-0.0004716
-0.0002095
0.009148
-0.0008169
-0.0004313
-0.0009923
-0.0009302
-0.0039896
-0.0028247
-0.0006621
-0.0094292
-0.0006659
-0.0018275
-0.003157
0.0036107
-0.004698
-0.0027247
0.0045734
-0.0030366
0.0004394
-0.0006205
-0.0047432
0.0065144
0.0028603
-0.0043685
-0.0006868
0.00893
0.0052316
0.0048687
-0.0095387
-3.31e-5
-0.0015695
-0.0055373
0.0026273
-0.0046035
2.09e-5
-0.0099051
0.0047603
-0.0081894
-0.001461
-0.0007268
-0.0004994
-0.0094049
-0.0039028
-0.0081102
-0.0002404
0.0098843
0.0038998
-0.0057673
-0.0055868
-0.0023475
0.0070292
0.0068199
-0.0028981
0.0093551
-0.0094498
0.0020603
0.009915
-0.0084574
-0.0090517
-0.0058158
-0.0022536
0.0066924
0.0022827
0.0042026
-0.0069795
-0.0041253
0.0095713
0.0056217
-0.0095628
0.0021398
0.0014714
0.0043903
-0.0011748
-0.0085768
0.0068036
0.0054655
-0.00714
-0.0047015
-0.0045737
-0.0056727
-0.0029141
-0.004953
-0.002446
-0.0073819
-0.0081867
0.0072199
-0.0013066
-0.0080647
0.0016047
0.0087369
-0.0065298
-0.0061267
-0.0046923
0.0059981
0.0050555
-0.006276
0.009279
0.0060592
-0.0054726
-0.0080642
0.0062059
-0.0032543
-0.0067625
0.0083701
-0.0001838
0.0092016
-0.0011436
-0.0054916
-0.000878
0.0076282
0.0011366
-0.0068701
0.00789
0.009373
0.0044636
-0.0060671
-0.0093731
-0.0010515
0.0014745
-0.0050725
0.0073519
-0.0043531
0.0030896
-0.0033473
0.0071506
-0.0065056
-0.0052461
0.0068884
0.0064754
0.0071518
-0.0093847
-0.0082151
0.0032092
-0.0023457
0.005509
0.0093332
0.0009236
-0.0097709
0.0011164
-0.0041765
-0.0095214
0.0071798
-0.0027004
0.0075381
0.0008384
0.0070948
-0.005943
0.0042722
-0.009212
-0.0048003
0.0058737
0.0070835
0.0072631
0.0016425
0.0004641
0.0086594
0.0054459
-0.0074322
0.0067543
0.0051365
0.0050356
-0.0069626
-0.007507
0.0022766
-0.0013316
-0.0027655
0.0046969
