0.0018753
-0.0082857
-0.0095826
0.0099394
-0.008846
0.0068518
0.0009316
0.0002483
0.0042055
-0.00848
0.0028274
-0.0061761
0.00718
0.007364
0.0026169
-0.0023852
0.0040526
-0.0064518
0.0066143
0.0004006
0.0040346
-0.004862
-0.002104
-0.003368
-0.0054979
-0.0009109
0.005834
0.0055901
0.009899
0.0005172
0.0045546
0.0068621
-0.000923
-0.0017813
-0.0074776
-0.0046813
0.0002482
-0.0006786
0.0010354
0.0003601
0.0004151
0.0020094
0.0093912
-0.0054585
-0.0013073
0.0014935
-0.0070432
0.0038485
0.0013495
7.58e-5
-0.0074015
0.0089562
0.0032785
0.0058402
0.0045689
-0.0044035
0.0007112
0.0056666
0.0082949
-0.0011026
0.0019613
0.0026317
0.0077785
-0.0002685
0.0071659
0.0086814
-0.0045345
-0.0021575
0.0002017
-0.0040883
0.0006338
0.0013653
-0.0016619
-0.0099714
-0.0028283
-0.0074738
0.0033016
-2.72e-5
-0.0097548
0.0070807
0.0067506
0.0032672
-0.0061766
-0.0056898
0.0095739
-0.0082852
0.0077261
-0.0042806
-0.0005411
-0.0084855
-0.0092368
0.0033195
-0.0095445
-0.0054938
0.0089234
-0.0040392
0.0051165
-0.0081684
0.0010267
0.0084641
0.0030538
-0.0085721
0.0059036
-0.002291
-0.0050721
0.006453
0.0029449
-0.0038173
0.0001431
0.00928
-0.0083168
0.0089771
-0.0042474
0.0031972
-0.0065693
0.0056436
-0.0083105
0.0015275
0.0077917
0.0063637
-0.0091876
0.0075361
0.0085192
0.0043382
-0.0084955
0.0079208
-0.0085701
0.0050927
-0.0049146
-0.0086903
0.002886
0.0047423
-0.0069947
0.0037766
-0.0064989
0.0086207
0.0023566
0.000565
-0.0024239
-0.00012
-0.0050304
0.006176
0.0092093
0.0012529
0.0020059
-0.0034054
0.0008547
0.0073691
0.0092192
0.0051825
0.0018571
0.0067967
-0.0046751
0.0024658
0.0059891
0.0076902
-0.007732
0.0035748
-0.0055872
-0.0033453
0.008
0.0095074
-0.0096779
-0.0029676
-0.0095543
-0.0094799
0.0006243
0.006698
-0.0092659
-0.0021022
-0.0005101
-0.0004045
0.001379
-0.0020068
-0.0087868
0.0034022
0.0074663
-0.0005075
0.0042161
-0.0018016
0.0006496
-0.002836
0.0080359
-0.007052
0.0093445
0.0072005
0.0009786
-0.0038081
0.008909
0.0054191
-0.0082227
-0.0095137
-0.0079738
-0.0043876
0.006861
0.000356
-0.0043332
0.001758
0.0020008
0.0002105
-0.0076098
-0.0058474
-0.0071278
-0.0030884
-0.0062056
0.0042849
0.0038467
0.0004269
0.0029114
0.003672
-0.001895
0.0028096
0.0022448
-0.0012936
0.0011157
0.0022534
0.0058516
-0.0012689
0.0054762
-0.0061688
0.0070021
-0.0001247
0.006592
0.0057309
-0.0050216
0.0006458
0.0001066
-0.0060518
-0.0093926
-0.0022341
-0.0039996
-0.0049154
0.0043115
0.0003505
0.0048622
0.001651
-0.0058601
-0.0031603
-0.009318
0.0095749
-0.0052288
-0.0043896
-0.0043052
-0.0030838
0.0050752
-0.0045146
-0.0079125
0.0056994
0.0065525
0.0092449
0.0058829
-0.000874
0.0031874
-0.0057281
0.0092352
0.0092418
-0.0016932
0.0090488
0.0085145
-0.0085492
-0.0090878
0.0009673
-0.0050901
0.0087516
-0.0010403
0.0078458
0.008961
-0.004632
-0.004572
0.0049763
0.0002635
-0.009438
-0.0086998
-0.0052538
0.0070827
-0.007585
0.0028743
-0.0085185
0.0068962
0.0030261
0.0006985
0.0045738
0.0086798
-0.0065169
-0.0060915
0.0092816
3.86e-5
-0.0094514
-0.0094195
0.0095184
-0.0088023
-0.0004884
-0.0077821
-0.0092697
0.0008889
-0.0055749
0.0037289
0.0019742
-0.0006736
-0.0020143
0.0086207
-0.0040453
-0.001014
-0.0047438
-0.0096099
-0.0015132
-0.000381
0.0063268
0.0044269
0.0081987
-0.0029093
0.0077654
-0.000688
-0.0087211
0.0064527
0.0083698
0.008953
-0.003959
0.00482
-0.007048
0.0095755
-0.002893
0.0045149
-0.0064142
-0.0066277
-0.0072348
-0.000187
-0.0097739
-0.009602
0.0029816
-0.0083192
-0.0071378
-0.0033289
0.0069504
0.0057655
0.0056939
0.0078651
-0.0078178
0.0004077
0.0026695
0.0016407
0.005542
-0.0075206
0.0096411
-0.0053663
-0.0092315
-0.0076691
-0.0033656
-0.0029733
-0.0087416
0.0092749
0.000956
-0.0050821
0.0086986
0.0050248
9.57e-5
0.0027922
0.0034145
-0.0085245
-0.0080662
-0.0022082
0.004842
-0.0017719
-0.0034655
-0.0075546
0.0062634
-0.0097213
-0.0095929
0.0042723
0.0087757
0.0058117
-0.0008407
0.0037875
0.0070041
-0.0068706
-0.0057571
0.0069205
-0.0063065
0.0026658
0.0051767
0.0027607
-0.0072503
0.0071343
0.0049549
0.00476
-0.002126
0.0084188
-0.003511
-0.0024589
-0.0003641
-0.0049435
-0.0001044
-0.0070048
0.00405
0.0023261
-0.0089729
-0.0042696
-9.87e-5
-0.0057174
-0.0087489
0.0039764
0.0055618
0.0044242
-0.0053151
0.0010856
-0.0027713
0.002176
-0.0053074
0.0008386
-0.0047295
-0.0049626
0.001004
0.0068107
-0.0079918
-0.0046132
-0.0019654
0.0088905
-0.0077636
-0.0036749
-0.0096962
0.0020527
0.0009179
-0.0046986
0.000301
-0.0013014
-0.0020431
-0.0040277
0.0041128
0.0037127
0.0011593
-1.08e-5
0.0080575
0.0090876
-0.0004844
-0.0087738
-0.0062327
0.0011712
0.0058248
-0.0001302
-0.0051587
-0.0011262
0.0078864
-0.0044805
0.0054953
0.0078451
-0.0074877
0.0056727
-0.0008595
0.0018805
0.0002599
0.005113
0.006396
-0.0079653
-0.0050462
0.0031361
0.0045438
-0.0022055
-0.0049563
0.0045571
-0.0027817
-0.0085951
0.0021172
-0.0040546
-0.0078178
-0.0035207
-0.001233
0.0013946
-0.0091922
0.0030862
0.0028443
0.0076685
0.0065415
0.0075491
0.0095711
-0.0007559
-0.0066836
-0.0088542
-0.0097851
0.0076486
0.0004074
-0.0027394
0.0037133
0.0012967
0.0032587
0.0093883
-0.0047125
0.0030985
-0.0040211
-0.0045531
-0.0058873
0.0089248
-0.0008651
0.0032531
-0.0031134
-0.0072713
