-0.0098918
0.0048406
0.0029069
-0.0055592
-0.0066906
0.0012983
-0.0098127
-0.0001478
-0.005228
-0.0037639
-0.0077938
0.0004539
-0.0088235
0.0013841
-0.0027723
0.0025433
-0.0077807
-0.0083737
0.0047154
0.0035182
0.0006288
-0.0062704
-0.0095441
-0.0038562
-0.0051356
-0.0058422
-0.0019035
0.0051103
-0.0013096
-0.0002
-0.0030786
-0.0033126
-0.0010497
0.0071384
-0.006693
0.0015283
0.0038166
0.0089371
-0.0042262
-0.0007302
-8.81e-5
-0.0026068
-0.0078322
-0.0056799
-0.009783
-0.0099481
0.0087661
0.0080658
-0.0074968
-0.0055116
0.0072349
-0.0018376
0.0083705
0.0060453
0.0031988
-0.0086289
-0.0097873
0.0025428
-0.0075078
0.0062331
-0.0042164
0.0019078
0.0072609
0.0004797
-0.0011155
0.0043598
-0.0037811
-0.004149
0.0068265
0.0095805
0.0045891
0.0069185
0.0060548
-0.0030367
-0.004665
-0.0081425
0.0002699
-0.0004682
0.0066158
-0.0063897
-0.0089921
-0.0024635
-0.0096965
-0.0031814
0.0085215
-0.0088669
-0.0085033
0.0048542
0.0003608
0.0061372
0.001668
0.0034012
-0.0050188
0.0015212
-0.0047199
-0.0023128
-0.0083785
0.0054621
-0.0005395
-0.0060599
-0.0005487
-0.0036145
0.0073613
0.0060633
-0.0015077
-0.0006586
-0.0053407
0.0069589
0.0073725
0.0023896
-0.0058911
-0.0033547
0.0077256
-0.0011288
0.0092962
0.008
0.0034823
0.0009074
-0.0070621
0.0046406
-0.0073733
0.0012977
-0.0010711
0.0012397
0.0095477
0.0066077
-0.0038727
-0.0004047
-0.0055544
0.0076325
-0.0077589
-0.0090544
0.0046707
-0.0079101
-0.0055502
-0.0045041
-0.004592
-0.0002503
0.0055329
0.0076993
-0.0039901
-0.0051976
0.0065083
0.0093507
0.00202
-0.0029591
-0.0075069
0.0006974
-0.0034009
0.0041779
-0.0035067
-0.0031017
-0.0046514
0.0024752
0.0067399
-0.0098276
-0.0067279
0.0066645
0.0084764
0.0095444
0.005255
-0.0075683
0.0023905
-0.004018
-0.0068356
-0.0023734
-0.0012161
-0.0034921
-0.0089354
0.0018112
-0.0071864
-0.0048228
0.0086181
0.0037227
-0.004574
0.0052297
-0.0036493
-0.004384
-0.0064522
-0.0045765
0.0050562
0.0017167
-0.0084862
0.0061351
-0.0061219
0.0043932
0.0003862
0.0086524
0.0016299
0.003781
0.0060849
-0.0055037
-0.0090222
-0.0006793
-0.0026391
0.0038815
-0.0052452
-0.0022957
0.0093077
-0.0028482
0.0073118
0.0070524
-0.0091211
-0.0008385
0.0091099
0.0002083
0.0041728
-0.0084482
-0.0077041
-0.0096902
0.0072839
-0.0066384
0.0035714
0.0046303
0.001774
0.0079745
0.007012
-0.0046634
-0.0081729
0.0032937
0.0003117
-0.0052238
-0.0085815
0.0039932
-0.0020215
0.0026116
0.0046371
0.0058968
0.0082187
0.0002269
-0.0080011
-0.0005482
0.0025802
-0.0095525
-0.0067778
0.006497
-0.0039665
-0.0063876
0.0060877
0.0032243
-0.0045655
0.0030732
0.0060754
-0.0026367
0.0008205
0.0084521
-0.0034475
0.0069624
-0.0055235
-0.0038839
-0.0006878
0.000862
0.0011459
-0.0043863
-0.0079161
0.0023967
0.006814
0.0012875
0.0048376
0.003393
-0.0063994
0.0068187
-0.0041806
0.0026082
0.0042948
-0.0084592
0.0002416
-0.0099696
0.0076519
-0.0035801
0.0039225
-0.0080145
0.0052375
0.0053779
-0.0016973
0.0073396
-0.0048476
0.0097948
-0.0087511
-0.0026262
-0.0092581
-0.0087008
0.0047761
0.0016448
0.0052396
-0.0091681
-0.0027717
-0.0072502
-0.0053813
0.0077789
0.0031241
0.0064696
-0.0096712
-0.006258
-0.0036183
-0.0006723
-0.0005405
0.006992
0.0095022
-0.0026554
0.00665
0.0070712
0.0093924
0.0060019
-0.002668
0.0031029
-0.0044856
-0.0035534
-0.0095809
0.0098733
-3.32e-5
0.0059489
0.0010748
0.0057841
-0.0037748
0.0024111
0.0092666
-0.002984
0.0066826
-0.0040764
0.0082528
0.0071855
-0.0036362
6.51e-5
-0.0071645
-0.0032092
-0.0061118
-0.0046268
-0.0070659
-0.0066006
0.0091319
-0.0018649
0.0012409
-0.0058766
-0.0018933
-0.0099813
0.0018506
-0.0069127
0.0012199
-0.0053693
-0.0061237
-0.0085381
-0.0030482
0.0019656
0.0007333
0.008626
-0.0028929
0.0086877
0.0011221
-0.0048755
0.0023079
-0.0032096
-0.0081333
-0.0086469
-0.003213
-0.0035605
-0.0055413
-0.004186
-0.0079644
-0.0037793
-0.0094427
-0.0008235
0.0085248
-0.0071619
-0.0030013
-0.0010887
0.0095817
0.0087149
0.0071791
-0.0096869
-0.0061689
0.0029621
-0.0011424
0.0044375
0.0049747
0.0091684
0.000558
0.0010208
-0.0024661
0.0032111
0.0092454
-0.0017467
-0.0052676
-0.0022843
-0.0041591
0.0075217
-0.005405
-0.0061789
0.002973
-0.0003386
0.0084118
-0.0026004
-0.006233
-0.0028481
-0.0073212
1.58e-5
0.0097884
-0.0037338
2.2e-6
-0.004151
0.0044387
0.0084168
0.0074605
0.0051454
-0.002227
0.0061984
-0.0020256
-0.0091221
0.0054699
0.0087521
0.005951
0.0075737
-0.0089953
-0.0018406
0.0046498
-0.0074474
0.0020068
-0.0028916
0.0049338
-0.0038206
0.0010564
0.0047582
0.0041353
-0.0039253
-0.002898
0.0019722
-0.0023998
-0.0029978
0.0065313
-0.0034766
0.0052694
0.0006971
0.0052617
0.0029938
-0.0016287
0.0056049
0.0005279
-0.000828
0.006053
-0.0095593
-0.00072
0.0051604
-0.0090419
-0.0039959
-0.005411
-0.0091423
-0.0020371
-0.0008181
-0.007293
0.001007
-0.0050697
0.0028474
0.0056742
0.0052283
-0.0092391
0.0014446
-0.0005617
-0.0081256
0.0020106
0.0012843
0.0054259
0.0036256
-0.0095665
0.0041283
0.0063339
-0.0096783
-0.0072261
-0.0016392
0.0092152
0.0054494
-0.0017987
-0.0086631
0.002405
-0.0045343
0.0097385
0.0092855
-0.000695
0.0091924
-0.0013446
-0.0094687
-0.002573
-0.0026306
0.0071946
-0.0089337
0.0084143
-0.0066777
-0.0080375
-0.0049159
0.0039372
0.0021747
0.0087212
0.0081954
0.008408
0.0076476
0.0014556
