-0.0017693
0.0040982
0.0046587
0.0019958
-0.005424
-0.0081482
-0.0061126
0.0025139
0.0052847
0.0038557
0.0040654
0.0065144
-0.0084911
-0.0076802
-0.0020055
0.0003849
0.005044
-0.0067024
0.0075923
-0.0038689
0.0015718
0.003026
0.0040374
0.0065884
-0.0021748
-0.0053897
0.0037549
0.0084224
0.0042802
-0.0059956
-0.0098739
-0.0028202
0.0071877
0.0090984
-0.0077086
-0.0009309
0.0087203
-0.0047346
0.0030771
-0.0042431
0.0078632
-0.0060099
-0.0058469
-0.0060693
-0.0019071
-0.0062789
0.0028099
-0.0025158
0.0075128
0.0023576
0.0015017
-1.42e-5
-0.0001459
-0.0033426
0.0019281
-0.0015965
0.0083
0.0062394
-0.0066584
0.0098566
0.0042153
-0.0087987
-0.0060542
-0.0086028
-0.0011472
-0.0030673
-0.0003739
0.0005895
-0.0030624
-0.0015753
-0.0007025
-0.0077612
-0.0048738
0.0003038
-0.0056521
-0.0020873
0.0092848
-0.0085944
-0.008104
-0.0059222
-0.0011411
-0.00699
-0.0071277
-0.0006826
0.0002556
-0.0048944
-0.0098234
0.008679
-0.0083495
0.0054003
-0.0049442
0.002767
0.0098548
-0.0051138
-0.0086675
-0.0088251
0.0057366
-0.006896
-0.0010167
-0.0025752
0.009403
0.0030779
-0.0010277
0.0026135
-0.0039987
0.0005676
-0.0061409
-0.00986
-0.001875
-0.0057283
0.0092417
-0.0071697
-0.0087673
-0.0007388
0.0059979
0.0014546
0.0072055
0.0006982
0.0082874
0.008013
0.0098683
0.007016
0.0071287
0.000388
-0.0007192
-0.0026028
0.0024217
-0.0074426
0.0017374
0.0007864
-0.0024277
-0.0094883
0.0082136
-0.0094151
-0.0048127
-0.0068528
-0.007253
-0.0003472
-0.0016354
0.0017881
-0.0031333
-0.0074349
-0.0023101
-0.0021296
-0.0028186
0.0041872
-0.0079047
-0.0091437
-0.0002976
-0.0064584
0.0036391
-0.0069447
-0.0076782
0.000652
0.0094322
-0.0094519
-0.0036425
0.0095152
0.0084711
0.005591
-0.0092829
-0.0079652
-0.0017719
0.0068967
-0.0063312
0.0030462
-0.0077798
-0.0096173
0.0064352
0.0082182
-0.0044692
0.006972
-0.0072627
0.0093726
0.0027988
-0.0065515
-0.0058233
0.0076959
-0.0033616
0.0015748
0.0016288
-0.0049163
0.0027956
0.006911
-0.0003495
-0.0085509
0.0059156
0.0092661
-0.0030468
-0.002499
-0.0062764
-0.0070618
-0.0055329
-0.0061396
-0.0029257
0.0009319
-0.0095825
-0.000815
-0.0009941
-0.0086425
0.0099284
-0.0051753
0.0067855
-0.0080358
-0.0022378
0.0060928
0.0072569
0.008138
-0.0088235
0.0016425
0.0012659
-0.0012677
-0.0073877
-0.0044846
0.0068961
-0.0078624
0.0081104
0.0014965
0.0034501
-0.0040093
0.00185
-0.0048605
-1.03e-5
-0.0087021
-0.0003075
-0.0047378
-0.0022836
-0.0060014
0.0093492
0.0047546
0.0035795
-0.0058565
-0.0047359
-0.0052686
0.0030816
-0.0079509
0.0015443
-0.0091069
-0.0032068
0.0048997
0.00304
-0.0042059
0.007743
-0.0075397
0.0032508
0.0099804
-0.0003585
0.0070508
-0.0083312
-0.0021803
0.00317
-0.0009931
-0.0069425
-0.0015328
-0.0092783
-0.0041041
-0.0036954
0.0092617
-0.0046104
-0.009864
0.002798
0.0048819
0.0088662
0.0053612
-0.0015648
0.0055173
0.0098098
-0.0010369
-0.0054505
0.0080126
-0.0075936
-0.0071035
-0.0080774
-0.0027441
0.0093199
-0.003699
-0.0021516
0.0089726
-0.0006652
0.0026502
0.0023276
0.0009799
0.0099462
0.0030195
-0.000207
-0.0070338
0.0099335
0.0032328
-0.0037335
0.0034475
0.0025132
0.0096565
0.0036702
-0.0059368
0.0090106
-0.0008045
-0.0006312
0.0028082
0.0054311
0.0034692
-0.0092397
0.0038155
-0.0037726
-0.0018032
0.0004388
-0.0048423
-0.0054681
0.0073252
-0.0079502
0.0089981
0.0098911
-0.0033735
0.0087228
-0.002648
-0.0070593
-0.0022755
0.0084088
0.0029109
-0.0014049
0.0002965
-0.0008205
-0.0023284
0.0013658
-0.0032268
0.0072579
0.0028391
-0.0097264
-0.0071021
0.0036822
0.0085066
0.0091967
0.0012052
0.0088222
-0.0023515
-2.47e-5
0.0063733
0.0057224
-0.0011478
-0.0026809
0.0098439
0.002991
-0.0079971
0.0021232
-0.002541
0.0037104
-0.009054
-0.0049809
0.0001618
0.0009737
-0.0011751
0.0078536
0.0089012
0.006596
-0.0004093
-0.0069605
-0.0057979
-0.0059487
-0.0058885
0.0094132
-0.0093815
-0.0072002
0.0086679
-0.000466
0.0026266
0.0070897
0.0011901
0.0060513
0.0070744
-0.0050867
-0.0082956
-0.0061326
-0.0075599
0.0094051
0.0097457
0.0040384
-0.0039875
0.0089431
0.0072031
0.0022123
0.0031369
-0.0089382
-0.0071174
0.0005843
0.0008407
0.0003951
-0.0085024
0.0045633
-0.0091487
0.0031071
-0.0051934
-0.0075172
0.0093306
-0.0095281
0.0067325
-0.0052452
0.0069485
0.0081777
0.0036455
-0.0020922
-0.0008185
0.0039456
0.00056
-0.0017
0.0057355
0.0061419
0.0001534
0.0047517
0.0079504
0.0010966
-0.0066608
-0.0017553
0.0076648
0.0024907
-8.98e-5
-0.0079717
-0.0061379
-0.0058322
-0.0062441
0.0086102
-0.0033058
-0.0083855
-0.0012288
0.0028185
0.0026584
0.006996
0.002947
0.0090277
-0.003586
-0.0065161
-0.0007773
-0.0075326
0.0044257
0.0083537
0.0053457
-0.0019906
-0.0015817
0.0012121
-0.0024896
-0.0087531
-0.001337
-0.0016456
0.0091108
0.0012314
0.0064398
-0.0030017
0.0010249
-0.0075024
-0.0017892
0.0058989
-0.0084545
0.0050883
-0.009594
0.0005395
0.0077997
0.0024721
0.0068906
0.0074437
0.0026967
-0.006653
-0.0008711
0.000402
-0.0064422
-0.0029077
-0.0049156
-0.0046062
0.00938
0.0068827
-0.0067038
0.0062468
-0.0096831
-0.0055239
0.0037146
0.0096525
0.0073256
-0.0071205
0.0042274
-0.0062473
-0.0097282
-0.0012535
0.0051175
-0.0038069
0.0074716
-0.0030569
0.0071964
0.0083948
0.0007009
-0.0029909
-0.005542
-0.0042783
0.0094498
0.0092703
-0.0018193
-0.0039174
0.0043098
-0.0005058
