-0.0092257
0.0014033
-0.0062213
-0.0044229
0.0009313
0.0049555
0.0023411
0.0073626
0.0033127
-0.0060166
-0.0030183
-0.001217
-0.0075176
-0.0065975
-0.0065176
-0.0087037
-0.0056003
0.0019618
-0.0054661
0.0035974
0.007671
0.0061157
0.0060563
-0.0019399
-0.0067995
-0.0069847
0.0064004
0.0050723
0.0099609
0.0068532
0.0080138
-0.0031499
0.0024646
0.0068869
-0.0079717
0.0033527
-0.0072865
-0.0058868
-0.0049757
-0.0038163
0.0029855
0.0074808
0.0096582
0.0024931
-0.0020918
0.0046863
0.0054727
0.0094724
-0.0088078
-0.0042273
-0.0083602
-0.0058569
-0.0095132
0.0014527
0.0071739
0.0041294
0.0021731
0.0073804
0.0003727
0.0026044
0.0037906
-0.006428
-0.0033975
0.0092414
0.0013668
-0.0091894
-0.0062504
-0.0064037
-0.0086879
-0.0008791
-0.0001252
0.0028057
-0.0069888
-0.007661
0.0015488
-0.0048814
-0.0075939
0.0020908
0.0011325
-0.0093616
0.0041429
-0.0049453
-0.0070093
0.0059049
-0.0069785
0.0070843
-0.0062819
-0.0066575
-0.0052673
0.0033653
-0.0002157
-0.0095252
0.0048486
-0.0062972
0.0038128
0.0035796
0.0052618
-0.0066294
0.0004007
0.0095027
0.0025734
0.0023826
-0.0024295
0.0096321
-0.0095842
-0.0041349
0.0048409
0.0082577
-0.0054697
-0.0027763
-0.005269
-0.0057364
-0.0042101
0.0095466
-0.0022769
-0.0034513
-0.0083257
-0.0003793
0.0006611
0.0011785
-0.0035101
0.0044593
-5.46e-5
0.0014376
0.0017283
-0.0001974
-0.0026467
-0.0028168
0.0061112
0.008075
-0.005958
0.0089811
0.005404
-0.0023089
0.0068315
0.0055217
0.009846
-0.0066458
0.0014518
0.0031344
-0.0087302
0.0099661
0.0074099
0.0079305
0.0011503
-0.0022129
0.0017787
-0.0021916
0.0066511
0.0006427
-0.0095879
-0.0056699
0.0095419
-0.0005115
-0.0008256
0.0028972
0.0014465
-0.0081172
0.0090737
0.0025478
5.7e-6
0.0025313
-0.0040322
0.0068478
0.0060749
0.002792
0.0020187
-0.0077478
0.0093019
0.0041903
0.0039186
0.0069955
0.0050307
-0.0058736
-0.0097098
-0.0028882
0.0033431
-0.0049959
0.0028381
0.0075005
0.0078102
0.0083216
-0.0049708
0.0063076
-0.00298
0.0086858
-0.003767
0.0044886
-0.0012259
-0.0060406
-0.003989
-0.0034649
-0.0084754
0.0064985
0.0053526
-0.0021631
-0.0097564
0.0056218
-0.0072975
0.0057356
-0.0091127
0.0033437
0.0003056
-0.0064858
0.0092708
-0.0083696
-0.0028639
0.009496
-0.0019
0.0044938
0.0077111
-0.0032953
-0.0086146
-0.0095481
0.0081536
0.0008594
-0.0004371
0.0090813
0.0079731
-0.0037379
-0.0092968
0.0089496
-0.0091256
0.0036996
-0.0064175
0.0040261
-0.0013611
0.0095371
0.0091419
0.0003425
0.0068336
-0.0005937
-0.0033646
0.0067831
-0.0003073
-0.0006209
0.0067857
-0.0074471
-0.0062266
0.0096398
-2.66e-5
0.0051969
0.0088872
0.0036206
0.0058667
-0.0043337
-0.0097184
-0.0023648
0.0052974
0.0021951
0.0002242
0.0007272
0.0097134
-0.0052056
-0.0074865
-0.0008571
0.0026167
-0.0021329
-0.0011343
0.0065991
-0.0095512
-0.0040277
0.0080299
-0.0053401
0.0047587
0.0051379
0.0015627
0.0016135
0.0061772
0.0062235
0.0031122
0.000411
0.0044341
0.0033347
0.0072802
-0.0064585
-0.008871
-0.0011609
-0.0015859
-0.0024926
0.0087982
0.0017396
-0.0034994
0.0076093
-0.0002124
-0.004124
0.0006195
-0.0080821
-0.0021818
0.0096252
-0.0080541
0.0073681
-0.0072886
0.0086209
0.0089552
0.0017421
0.0066768
-0.0080862
-0.0092684
0.0071845
-0.0005503
-0.0037656
0.0033277
-0.002506
0.0006609
0.0073319
-0.0056855
0.0097532
-0.0068717
0.0058103
0.0030505
0.001839
0.0017358
-0.0058984
-0.0020099
-0.0042796
0.0029363
-0.0008498
0.0087623
0.0034892
0.0044236
0.0067254
-0.0074209
0.0036038
-0.0058328
-0.003454
-0.0079636
-0.0053402
-0.0038505
-0.0064187
0.0089711
-0.0027703
-0.0020589
0.0048542
-0.0080922
0.005244
0.0045232
-0.0092611
-0.0069271
0.0099481
-0.0048553
0.0099317
-0.0026677
-0.0066462
-0.0030651
0.0069146
-0.0024908
0.0016255
-0.0054644
0.0042176
0.0051864
0.0098593
-0.0029067
0.0041391
0.0004517
-0.0094066
-0.008005
-0.0044146
-0.0029563
0.0062685
0.0042315
0.0013095
0.0060801
-0.0051404
-0.0090077
-0.002356
-0.0084557
0.0072578
0.0039721
0.0008338
-0.0081141
-0.0045039
-0.0038831
0.007397
0.0062073
-0.0076138
0.0064821
0.0048697
0.0019898
-0.0018855
0.0069268
-0.0061581
0.0030643
0.0020911
-0.0085219
-0.0085988
0.0020037
-0.0013666
-0.0067563
0.0007183
0.0085115
0.0036943
-0.0053532
-0.0089895
-0.0076415
0.00046
0.0018055
-0.0095537
0.0045864
-0.0015522
0.0040072
0.002236
0.0033259
-0.0011102
0.0032107
-0.0093179
-0.0047423
-0.0043361
0.0030401
-0.0069201
-0.0021649
-0.008611
-0.0047287
0.0059315
-0.0097396
0.0092975
0.0081076
0.003338
-0.0012592
-0.0031348
0.009118
0.0096827
0.007013
-0.0019268
-0.003205
-0.0028551
-0.0038352
-0.0053998
-0.0035116
0.0079058
0.0014557
-0.0089078
-0.0024165
-0.0037806
0.0065178
-0.0096145
0.0073075
0.0018149
-0.0021076
0.0018552
-0.0020977
0.0027384
0.0017502
-0.0087215
-0.0037388
0.0070425
0.0095084
-0.0033077
0.0088466
-0.0086743
-0.0096421
-0.0084292
-0.0084611
0.0049014
-0.0009791
-0.0077068
0.0010337
-0.0028194
0.0030749
0.0030481
0.0012259
0.0073213
-0.0065108
0.0057896
0.0026672
0.0054089
0.0019356
-0.0057413
-0.0015579
-0.0047629
-0.0054805
0.0024215
0.0047817
0.0055633
-0.0009036
0.0054324
-0.0019164
0.0093568
0.000602
0.0071032
0.0077575
0.0038523
0.0027684
0.0082437
-0.0001315
0.0007619
-0.0092655
-0.0042306
0.0055557
0.0088037
0.0014438
-0.0076415
-0.0060811
-0.0095854
0.0016646
