0.0080283
0.0041336
0.0063384
0.0065621
0.0076245
-0.0013095
-0.0073961
-0.009967
-0.0095565
0.0096696
-0.0068443
-0.0036407
0.0043764
0.0065598
0.0027742
0.0010623
0.005666
0.0077172
-0.002784
0.0081043
0.0079913
-0.0044855
0.006609
0.0080853
0.0017494
-0.0053787
-0.0022598
0.0059217
0.0070819
-0.0066669
0.0043905
0.0075667
0.002084
-0.0061463
0.0087015
-0.0026602
-0.0055311
-0.0044494
0.0062367
0.0079425
0.0058933
-0.0086321
0.0091738
0.0033842
0.0054257
0.0042778
-0.009556
0.0014484
0.0012006
0.0023658
0.0025704
-0.0087313
-0.0053237
-0.0016574
0.0067712
0.0046485
-0.0076406
0.0022331
0.0084308
-0.009114
-0.0062691
0.0084383
-0.0078398
0.0066896
0.0040613
0.003997
-0.0033437
-0.0010715
0.0018502
0.0090304
0.0086194
0.006255
0.0030184
0.0089191
-0.0060638
-0.0097286
0.0063413
-0.0025174
0.0094719
0.0040717
0.0079407
0.0026838
0.0025233
0.0005601
-0.0021735
0.0006209
-0.0042159
-0.0046111
0.0052795
0.0078484
0.0088324
-0.0027804
0.0065087
0.0099847
-0.0067781
0.0022993
-0.005903
0.0077949
-0.009074
-0.0004574
-0.0015975
-0.0065627
-0.004373
-0.0060577
-0.0098137
-0.0036076
0.0018419
-0.0026961
0.0033503
0.0037644
-0.0076997
-0.007929
-0.0088538
-0.0091306
-0.0025698
5.8e-6
0.0093473
-0.0038857
0.0026126
0.0035332
0.0038688
-0.0041995
0.004078
0.0076728
0.008597
-0.0080615
-0.0002178
0.0035904
0.0051093
-0.0086673
0.0016208
-0.0046468
-0.0039338
0.0003224
0.0033578
0.0048682
0.0057853
-0.0033792
-0.0096022
0.0031967
0.0079101
0.000285
0.0040057
0.0014328
-0.0022926
-0.0064243
-0.0058896
0.001919
-0.0023248
0.0052178
0.0088489
-0.0007434
-0.0014116
0.0061864
-0.0058407
-0.0017478
0.0032187
0.009894
-0.0065782
0.009555
0.0026007
-0.000936
-0.0053716
-0.0002914
-0.0088214
-0.0046368
-0.0018413
-0.0006825
0.0036059
-0.0045965
0.009164
-0.0026251
-0.005298
0.0001651
0.0051702
0.0039571
0.0051625
0.0033309
0.0002668
0.0088883
0.0057407
-0.0012731
0.0092216
0.0087211
0.0013204
0.006076
-0.0020326
0.0094098
-0.0054569
-0.0075422
0.0079534
0.0013556
0.0095181
-0.0031026
0.0003405
-0.006785
0.0054453
0.0058305
0.0022177
-0.0090512
0.0082487
0.0079403
0.0079686
-0.002602
-0.0058711
0.0078704
0.004393
-0.0064009
0.0064235
0.0035791
0.0035111
-0.0053578
-0.0037145
0.0044393
-0.0028525
-0.0094468
-0.0095225
-0.0044456
-0.0062688
-0.0022522
-0.0077618
0.0005783
0.0082938
-0.0043049
0.009443
-0.0059491
0.0027784
0.0041025
0.0054856
0.0003821
0.0054752
-0.0090986
-0.0098851
0.0086756
-0.0059766
-0.006472
0.0016373
0.0097967
-0.0064141
0.0032554
0.0085107
0.0016978
0.0049737
0.005856
0.0012216
0.0038769
0.0077897
0.0075473
0.0034105
-0.0032084
0.0086058
-0.002779
0.0031393
-0.0009011
-0.0003861
-0.0034931
-0.0041318
-0.0037466
-0.0053416
0.0027881
0.0047577
-0.0038229
0.0074294
-0.0026452
-0.0094015
0.0014198
-0.0036226
0.0086527
0.0034
0.0005172
-0.0031412
-0.0070338
0.0086488
0.0069473
0.0098679
-0.0044715
-0.0024155
-0.0001287
-0.0058816
-0.0050701
0.0053947
0.0091098
0.0055968
0.0028683
0.0038782
0.0054406
-0.0036404
-0.0093453
-0.0010455
-0.0014784
0.0098008
0.0016291
-0.0074354
0.0037582
0.0039685
0.0031824
-0.000375
0.0044723
-0.001648
0.0069966
-0.0068302
-0.0085448
-0.0062611
-0.001565
0.0014114
0.0009131
-0.0022163
-0.0091302
0.0008085
0.0036471
3.56e-5
0.0064452
-0.0091002
0.0074652
-0.0033377
-0.0007612
0.003403
-0.0044449
-0.0058342
0.0045181
-0.0062936
-0.0009439
-0.0030366
0.0081425
-0.0072491
0.0013629
0.0034839
-0.0096148
0.0068098
-0.0013733
-0.0026492
0.0028444
0.0059343
0.0008056
-0.007167
-0.0048882
0.003331
-0.0055657
0.0016178
-0.0054083
-0.0060748
-0.0063305
0.0035187
0.0001607
0.003369
0.0080162
0.0021873
-0.0020323
0.0015067
-0.0001595
0.00303
-0.0087219
0.0062741
-0.0009909
-0.0027979
0.009781
0.00503
-0.0030587
0.0087636
-0.0056367
-0.0026333
0.0021974
-0.0042012
0.0099024
0.0023926
-0.0044205
0.0033566
-0.0036775
0.0025712
0.0023007
-0.0068346
0.0069638
-0.0065475
-0.0088323
0.0057429
0.0090418
0.0085013
0.0096266
-0.0085659
0.0024812
0.0076551
0.0078439
-0.0034367
0.009694
0.0064166
0.006236
0.0048067
-0.0060272
-0.0062681
-0.0020692
-0.0063536
0.0057423
0.0031454
0.0071565
-0.0041249
0.0044658
0.0021881
0.0013336
0.0072182
0.0043853
0.0088274
0.0017621
-0.0077457
-0.0012711
0.0014124
-0.004052
0.0094106
0.0018171
0.0083814
-0.0041924
-0.0069932
0.0012253
0.0084676
0.0082474
-0.0072983
-0.0030727
0.0057071
0.0064632
0.001606
0.001053
-0.0036348
-0.009216
0.0069828
-0.0015387
-0.0033041
0.0097753
0.0090189
-0.0003572
-0.0066016
-0.0060855
-0.0061954
0.0066151
-0.0047461
-0.0077145
0.0014095
-0.0002497
-0.0056655
0.0095846
0.0087586
0.0009355
0.0034017
3.63e-5
0.0077349
-0.0080385
-0.0025132
-0.0062827
0.0015391
0.0079122
-0.0062582
0.0030698
-0.0087023
0.0076873
-0.0061356
-0.0038121
-0.0070687
-0.0058144
0.0065092
0.0048714
-0.0077079
0.0054402
0.0013047
-0.0090697
-0.00369
-0.0008904
-0.0047074
-0.0094228
0.0020413
0.0041393
0.0099086
-0.004364
0.0026287
-0.0061064
-0.0011886
0.0056461
0.0056545
0.0028143
0.0027653
0.0015446
0.0071508
0.0042119
-0.0091987
0.0097734
-0.0045345
-0.0083531
0.0068694
-0.0027527
0.0028227
0.0070004
0.0017835
-0.0016194
0.0074757
-0.0006534
0.0033363
0.0002041
-0.0096053
