-0.0029432
0.0028321
-0.0027111
0.0099863
-0.0079938
-0.0094499
-0.0099922
-0.0099275
-0.0099361
-0.0016347
0.0094991
-0.0076863
-0.00505
-0.0021917
0.0079014
-0.0010956
-0.005726
-0.003364
0.0077061
0.0097189
-0.0098471
-0.0090476
-0.0037401
-0.0009715
-0.0006264
-0.0010876
-0.0067398
-0.0064009
0.0088651
0.0029555
0.0074096
-0.0009556
0.0025392
-0.0069875
0.0045907
0.0090821
-0.0028494
0.0046347
0.0025002
-0.001514
-0.0049933
7.45e-5
0.002321
-0.004263
0.0071021
0.0044366
0.0043474
0.0035021
-0.0070311
-0.0025207
-0.0069803
0.0072776
-0.0037581
0.0027738
-0.0074166
0.0089554
-0.0054921
-0.0075236
-0.0030013
0.0085761
0.0021876
0.0049484
0.0097265
-0.0059413
0.0087396
0.0061322
-0.0073951
0.0096182
-0.0064358
-0.0095404
0.0010342
-0.0066499
0.0047906
-0.0050364
-8.19e-5
-0.0061969
0.0042154
-0.0033061
-0.0082503
0.0043846
0.009354
0.0085094
0.0017522
0.0098322
0.0047457
0.0001624
-0.0029326
-0.0098224
0.0008003
-0.0036799
0.0036983
-0.0018835
0.0048753
-0.00055
-0.0042202
0.0063136
-0.0063503
0.0083635
0.0073726
-0.0019839
-0.0019376
-0.0049755
0.0050165
9.35e-5
-0.0006515
0.0078937
0.0088007
0.0042392
-0.007958
0.0029856
0.0069826
0.00728
0.0053796
0.0048835
0.0023074
0.0017423
-0.0085484
0.0059131
-0.0077392
-0.0058316
-0.0013588
-0.0032386
-0.0053177
0.0031932
-0.0061462
0.0070219
-0.0060539
-0.0089861
0.0092816
-0.0059979
0.0006389
0.009287
-0.0097977
0.0069836
-0.0001722
0.0082153
-0.0095625
0.0030962
-0.0067075
0.0007936
-0.0068739
-0.0056079
-0.0042337
0.004192
0.0056391
0.0078757
0.0023068
0.0041782
0.0097646
0.0017643
0.0081023
-0.0028441
-0.009881
0.0087045
-0.0031112
-0.0010175
-0.0010509
-0.0078135
-0.009094
-0.0088797
0.0084998
-0.0091551
-0.0056393
0.0080483
-0.0063421
-0.0096086
-0.0014043
-0.0012368
-0.0073588
0.0010486
0.0082843
-0.007338
-0.008656
-0.0062787
0.0056016
-0.0079662
-0.0060043
0.0051337
0.0049678
0.0071166
-0.0025225
0.0042784
-0.0034905
0.0040833
-0.0082923
0.0010045
-0.0051005
-0.0054741
-0.0059802
-0.0094308
-0.0085452
-0.0036668
0.0048279
-0.0041829
0.0039588
-0.0066858
0.0002799
0.007001
-0.0019407
-0.0007662
0.0002307
-0.0087721
-0.0051929
-0.005059
-0.0054447
0.0047932
0.0041606
-0.007002
0.0092758
-0.0062406
0.0044852
0.0007903
0.0040665
-0.0036407
-0.0068784
-0.0006102
0.0040839
0.0094303
-0.0002311
-0.0081717
0.0091965
0.0077601
-0.0068994
0.005641
0.0065059
0.0019831
-0.0068266
-0.0056769
0.009074
0.0029561
-0.0065489
-0.0072858
0.0029001
-0.0024296
0.0021086
-0.000463
0.00546
-0.001063
0.0073611
-0.0016675
0.0049597
-0.0097103
-0.0015511
-0.0088309
-0.0048766
0.0006244
-0.0093721
-0.0032543
0.0002698
0.008101
0.0092041
0.0002032
-0.0072479
0.0049802
0.0010309
0.0095806
-0.0037535
-0.0019968
-0.0097881
-0.0036849
-0.0033582
0.004677
-0.0001033
-0.0030581
-0.0059871
-0.009232
-0.0086862
0.0095878
0.0064065
0.0065087
0.007221
-0.0062942
-0.0028822
-0.006197
-0.0074777
0.0024261
0.0007626
-0.0065061
-0.005963
0.0056027
-0.00682
-0.0020639
0.0098767
0.0066005
0.0041599
-4.24e-5
-0.0025555
0.0099186
-0.0069182
0.0089274
0.0061349
0.0070179
-0.0097025
-0.0011286
0.0092568
-0.0036428
-0.0091703
-0.0022649
-0.0047805
0.0059358
0.0082075
-0.0085431
-0.0027028
-0.0097391
-0.0096926
-0.007312
-0.0005678
-0.0016392
-0.0066098
0.0092838
-0.0060143
0.0062359
0.0006772
-0.0052939
0.0029913
-0.0006136
-0.0067514
0.0016411
-0.0086736
-0.001367
0.008607
-0.0033125
0.0056797
0.0034257
-0.0091129
-0.0065157
-0.0065696
0.009388
-0.0038956
0.0024232
0.006277
-0.0098282
0.0016475
0.0045608
0.0053103
-0.0035084
0.0054768
-0.0029136
-0.0034454
0.0097437
-0.0062403
-0.0087039
-0.0079988
0.0025469
0.002639
0.0024537
0.0096604
0.0072202
0.0022546
-0.0063474
-0.00496
-0.0060103
-0.004425
-0.0022939
-0.0092414
0.009897
-0.0044571
-0.0007455
0.0066449
-0.0031931
0.0058872
-0.0082423
-0.0068058
-0.0016663
-0.0007009
-0.0034577
-0.0095497
0.005474
-0.0036132
-0.0066945
-0.0089079
0.0045255
0.0051774
0.005816
0.0067121
-0.003976
-0.0053379
0.0001033
-0.0023078
0.0086301
-0.0033253
0.006188
0.0012636
7.83e-5
-0.0086453
0.0022981
-0.0072568
-0.0085598
-0.0088592
0.0075843
0.0032639
-0.008379
0.0024525
-0.0053278
0.003819
0.0045954
-0.0099056
0.0092928
-0.0005805
-0.0011683
0.0094059
0.0059234
0.0016727
-0.0024688
-0.0047097
0.0089295
0.0017639
0.0071153
0.0033032
-0.0010538
0.0071712
-0.0005809
-0.0072527
0.0057722
-0.0007804
0.0081081
-0.0087463
-0.0025912
-0.0061661
-0.0012042
0.0008636
-0.002879
-0.0092235
-0.0085831
-0.0015606
-0.0059008
-0.0070319
-0.0058167
-0.0025138
0.0032641
0.0097923
-0.0091172
-0.0026592
0.0062301
-0.0088368
-0.0027963
0.0096303
0.0041695
-0.0052868
0.0010659
-0.0026139
-0.0045493
0.0023954
0.006982
-0.006591
0.0081467
-0.0038437
-0.0065402
-0.0062775
0.0094407
0.0029827
-0.0005787
0.0033496
0.0059866
0.0040694
0.008125
0.0080051
-0.0083864
0.0034426
-0.0071089
-0.0091652
-0.0078988
0.0058174
0.0034791
0.0019637
-8.46e-5
-0.0013422
-0.0049988
0.0065825
-0.0046597
0.0087223
-0.0054439
-0.0001428
-0.0021852
0.0046779
-0.0093432
-0.0023189
-0.007536
0.006998
-0.0060826
-0.0001559
0.000272
0.005288
0.0057039
-0.0043981
-0.0016663
0.0039653
-0.004314
-0.0096241
0.0060293
-0.0092613
-0.0037691
-0.0097373
0.0092394
-0.0095757
