-0.0012546
0.0057805
0.0089015
0.006667
0.0041983
-0.0029797
0.004688
0.0018751
0.007284
0.00183
-0.0072694
0.0041133
-0.0096976
0.0063964
0.0065298
-0.0088992
0.0023698
-0.008381
-0.005437
-0.0010126
-0.0080463
0.0021863
0.0049961
-0.0094961
2.2e-6
-0.0052326
0.0012658
0.0040686
-0.0067173
-0.006047
-0.0027415
-0.0094812
0.0048015
0.0002838
-0.007287
0.0054632
0.0058842
0.0026807
0.0003819
-0.0091942
-0.001279
0.006951
-0.0035565
0.008875
0.0064823
-0.0091361
-0.0043857
0.0043724
0.0033093
0.0052025
-0.0046776
-0.0014797
0.0026836
0.0020022
0.0040492
-0.0011556
0.0046978
0.0016856
-0.007291
-0.0083556
-0.00665
0.0095855
0.002396
0.0019627
-0.0076803
-0.0081189
0.0050911
-0.0033605
-0.0080411
0.004527
0.0047473
-0.0035842
-0.0055747
0.0095491
0.0044511
-0.0036123
-0.0017601
0.0068201
-0.000966
0.0048715
0.0009263
0.0075093
-0.0039423
0.0060753
0.009189
0.0009359
0.0021183
-0.0033087
-0.0001757
0.0043941
-0.0071026
0.0009251
-0.0085908
0.0004591
0.0028767
-0.0087305
-0.0095847
-0.0067171
0.0007694
-0.0056899
0.0097678
0.0024318
0.0024887
0.0074087
-0.006823
0.0055357
0.0092155
0.0086872
-0.0097437
0.0083186
0.0071697
0.0076966
-0.0018815
0.0037853
-0.0045833
0.006401
0.0065678
0.0066112
-0.0006341
0.0085938
0.0079484
-0.004261
-0.0019151
0.0096782
-0.0016346
0.0090452
0.0089773
0.0051662
-0.0081798
0.001929
-0.0022075
-0.0077316
-0.0077373
0.0001443
-0.006831
-0.0001306
-0.0031935
-0.0070785
-0.0013677
0.0091327
0.0024994
-0.0084816
0.0078552
-0.005684
-0.0069752
0.0002651
-0.009685
0.0093213
0.0081135
0.0059271
-0.002597
0.0032118
-0.0005134
-0.0005609
0.0014785
0.0088605
0.0004022
-0.0066572
0.0044526
-0.0052304
0.0050681
0.0092182
0.0088725
-0.000109
-0.0028788
0.0034843
0.0095265
0.0084009
0.0017764
0.0063255
0.0086913
0.0044687
-0.0035206
0.0078476
-0.009711
0.0081859
-0.0055624
-6.35e-5
0.0014206
0.007986
-0.0056022
0.009059
-0.0068121
-0.0042466
0.0089426
-0.0048198
-0.004046
-0.0042047
-0.0083428
0.0036295
-3.42e-5
-0.0006678
-0.0028025
0.0094238
0.0066354
0.0083363
0.0078193
-0.0095601
0.006249
0.0064237
0.0011821
-0.0053691
0.0031762
-0.0046546
-0.0042686
0.0054238
0.0020143
-0.0019643
-0.0056328
0.0035675
0.0023486
0.0083454
-0.0039925
0.0052436
0.0008229
0.0064479
-0.0079321
0.0035179
0.0087112
0.0096906
0.0040838
-0.0021742
-0.0015138
0.0003313
-0.006771
0.0014752
-0.0016328
-0.0051199
-0.0020609
-0.0025477
-0.001762
0.0048353
-0.0077595
-0.0025737
0.0027714
0.0050583
0.0068165
-0.0078896
0.0096241
-0.0023581
0.0050532
-0.0062496
-0.0060264
0.0067852
-0.0071349
0.0014045
-0.0040858
-0.0098528
0.0007249
0.0073617
-0.0084169
0.0049844
-0.0057515
0.0012139
0.004649
-0.0030151
2.14e-5
0.0068762
0.0017612
0.0090436
-0.0036633
-0.002426
0.0082651
0.0025945
0.0016963
0.0075207
0.0020567
-0.0040522
0.0081367
-0.0086548
0.006969
0.0020998
-0.0089988
-0.0005554
0.0048061
-0.0040205
0.0003272
-0.0080456
0.0019616
0.0092582
-0.0087736
-0.0057132
0.0097717
-0.0075506
-0.0013192
0.0076232
0.007879
0.0079104
-0.0036858
0.0074267
-0.0048782
0.0030311
-0.0056069
0.0073017
0.0024224
0.0081047
-0.0047446
-0.0095865
0.0022773
0.0090411
0.0029844
-0.0097752
0.0004008
-0.0093459
-0.0085179
-0.006059
-0.0018444
0.0040293
0.003274
0.0069133
0.0077237
0.003176
0.0053059
-0.0033461
0.0035842
-0.0054723
0.003638
0.0045943
-0.0025411
-0.0079876
0.0013937
-0.0033927
0.0023485
-0.0003169
0.0012159
-0.0066197
0.0098856
-0.0086343
-0.0039592
0.008428
-0.0079583
0.0028166
0.0047968
-0.0043502
-0.0073111
-0.007941
0.0075536
0.0085394
-0.0073779
0.0001607
-0.0068168
-0.0005345
0.0037231
-0.0003848
0.0007615
0.0043644
0.009926
-0.0090616
-0.0056951
0.0020387
-0.0031465
-0.0022263
-0.0048872
-0.0004868
0.0062942
-0.0017283
-0.0028584
0.0018838
0.0085356
-0.0062305
-0.0031141
-0.0057854
0.001845
0.0002748
0.0022874
-0.0035609
-0.0067822
0.0022209
-0.0043491
0.0082278
0.0051085
0.0023821
0.0082119
-0.0001391
0.0026947
-0.0095823
0.0079318
-0.0088094
0.0068858
-0.0080266
0.0011692
0.0012248
-0.0008365
0.0044391
0.0059808
-0.0005975
-0.0053915
0.00773
-0.0087947
-0.0060048
-0.0092492
-0.0087554
0.0036115
-0.0015596
0.0073553
-0.0033467
-0.0021244
-0.0079324
0.0008622
0.0080859
-0.0025462
-0.0064822
-0.0025325
-0.0091955
0.0058939
-0.0055584
0.0002891
0.0049113
-0.003731
-0.0045945
0.0080796
-0.0059431
-0.0071702
0.0099183
0.0036365
-0.0041863
-0.0020687
0.0013873
-0.0070987
0.0088464
-0.0030783
0.0055673
-0.0037843
0.0067357
0.0091133
-0.0046892
0.0058538
0.0020114
-0.0085897
0.0021295
0.0024638
-0.0097882
-0.0069984
0.0072707
0.0045073
-0.0007717
0.0050563
-0.0074333
-0.0074446
-0.0055488
-0.0094026
0.0006376
-0.0045783
-0.0083488
0.0043537
0.0038296
0.0079654
0.0070735
-0.0026222
-0.002498
-0.0017105
-0.0081787
0.0011561
-0.008264
0.0080373
-0.004269
-0.0057289
0.0018898
0.0085234
0.0009836
-0.0014353
0.0049961
0.0078575
0.0015502
0.0071628
0.006517
0.0015108
0.0039523
-0.0058432
-0.0089486
0.0061883
0.0072874
0.0018541
-0.0008659
0.0080881
0.0005982
-0.0053013
-0.0012428
-0.0098692
-0.0060142
-0.0063722
0.0086902
0.0042298
0.0058052
-0.008539
0.0096791
-0.0022701
-0.007265
0.0038354
0.006434
-0.0073523
-0.0099523
0.0055732
-0.0005704
-0.0018451
