-0.0023637
-0.0065101
-0.0012284
0.0005543
-0.0045362
-0.0003834
0.0032082
0.0025906
0.004952
-0.0076267
0.0071757
-0.0099854
-0.003599
-0.0015634
0.0047688
-0.007082
-0.0032601
0.0096636
0.0014509
-0.0045755
-0.0093713
0.0024893
0.0050449
-0.007787
-0.0030203
-0.0069501
-0.0052381
0.0017865
0.0088222
-0.0078306
0.0099835
0.0015936
0.0045842
0.00138
0.009243
-0.0003618
-0.0083884
-0.0006132
0.0085534
-0.008908
-0.0010005
-0.0071247
-0.0048953
-0.0057216
0.0073984
0.0066134
0.0058857
-0.0053143
-0.0042625
0.0015622
-0.005638
-0.0054173
-0.0086733
-0.0083779
0.0011867
-0.0066323
0.0067391
-0.0049691
-0.007965
-0.0009085
0.0001481
0.0097671
0.0051483
-0.0075492
0.0044924
-0.0095813
-0.0097044
-0.0005331
-0.007605
0.0008072
-0.0045816
-0.0014023
-0.0002783
0.0005578
0.0020618
-0.0088268
0.0075847
-0.0099251
0.0055737
0.000317
-0.0040555
0.0052232
0.0044222
0.00643
0.0004106
0.0022061
-0.0064753
0.0078541
-0.0047535
0.0044421
0.0025135
-0.0042085
0.0086753
-0.0029487
-0.0019236
0.001227
0.0018281
0.0027595
-0.009277
0.0031363
-0.0082042
-0.0079761
0.0081772
0.0004955
-0.0074198
-0.0007955
0.0013005
0.0028413
0.0049797
0.0027087
-0.0011842
-0.0078625
-0.0013209
0.0030273
-0.0055101
-0.0019681
0.0078013
-0.0076888
-0.0018849
0.0022637
-0.0042501
0.0061318
0.002935
0.0011963
-0.0030298
0.0090768
0.0010255
-0.0057277
-0.0020052
0.003184
0.0039654
0.0059142
0.0063299
-0.0097676
-0.0064326
-0.0099532
0.0014586
-0.0046095
0.0044513
0.0039455
0.0024387
0.002718
-0.0067248
-0.0028004
-0.0021808
-0.0020506
0.0008243
-0.0005658
0.0045915
-0.0059285
0.0073599
0.0096175
0.0024977
-0.0009145
-0.0068453
0.00355
-0.0059202
0.0065555
0.0020141
-0.0080181
-0.0015013
-0.0016265
0.0047811
-0.0094477
-0.0074576
-0.0070945
-0.00217
0.0013784
-0.0044562
-0.0045404
-0.0058859
-0.0055391
-0.0020342
0.0037004
0.0089797
0.00765
-0.0053218
0.0071203
-0.0058169
-0.0083826
-0.003163
-0.002171
0.0055912
0.0041209
-0.0011805
-0.0077761
-0.0070185
0.005627
0.0060993
-0.0077385
0.0077704
-0.001288
0.0058982
-0.0027219
-0.0026195
0.0077404
-0.004872
-0.007114
0.0065571
0.009982
0.0054287
0.0018864
0.0034403
-0.0072817
0.0078896
0.0016815
-0.0007842
-0.002066
-0.006613
-0.0099994
0.0075526
-0.0069595
-0.0004321
-0.0055475
0.0092096
0.0005086
0.0094965
0.0086739
-0.0084907
0.0049907
0.004276
0.0098838
-0.0077294
0.0038037
0.0010777
0.0045314
-0.0045924
-0.0029927
-0.0063758
0.0084469
-0.0086802
0.0013941
8.52e-5
-0.0049578
0.0062197
-0.0018454
0.0015671
0.0078755
0.0096198
-0.0097534
-0.0067968
-0.0067299
-0.0094571
-0.0001854
0.0032182
0.0060504
-0.0073021
-0.0006575
0.0029189
-0.0075183
0.0085663
-0.009899
0.0019155
-0.0047019
-0.0030749
-0.0050998
0.0089676
0.0005183
0.0099837
-0.0019898
-0.007256
0.0071453
0.0021736
-0.0030753
-0.0099598
0.0006712
0.0004526
-0.0015418
0.0089568
-0.0040359
0.0048725
-0.0022415
0.0046164
0.0061752
-0.0081959
0.0091953
-0.0025201
0.0054345
0.0083791
-0.0061626
-0.0057887
-0.006323
0.008263
0.0010644
-0.0063247
0.0026856
-0.0066984
-0.0097852
-0.0073854
0.003405
0.0084685
-0.0041871
-0.0021036
0.0096688
0.0076843
0.0059381
-0.0007353
-0.004804
0.0080473
0.0024189
-0.0047623
0.0027853
0.0051729
0.0057147
0.0029841
-0.0027158
-0.0077871
0.0028526
0.0052479
0.0095829
0.0017817
-0.0008885
-0.0036913
-0.0059288
-0.0095656
0.0008078
-0.0071506
0.0034239
-0.0098804
-0.0063162
0.0003008
0.0059764
0.0098329
0.0048614
0.0038888
-0.0069744
0.0066527
0.0015026
0.0010564
0.0055529
-0.00837
0.0012745
-0.0057679
-0.0044803
-0.0005597
0.0025384
-0.0038654
0.0011243
5.18e-5
-0.0095457
0.0090646
-0.0078962
-0.0056528
-0.0094833
0.0070938
0.0001234
-0.0071501
0.0088583
-0.0007064
0.0091807
-0.0092307
-0.0088489
-0.0073543
0.0019937
-0.0025791
0.0043877
-0.0026678
-0.0001585
-0.0090277
-0.000365
-0.0005193
0.0046221
-0.0062938
-0.0077952
-0.0049911
-0.0065349
-0.0056443
0.0001453
-0.0053387
-0.0082932
0.0027834
0.0064518
0.003057
0.0050243
0.005103
-0.0041451
0.0002553
0.0086837
0.0060454
-0.007257
-0.0010663
0.0003284
-0.0020526
0.006534
-0.0050956
0.0035907
0.0084694
-0.0080266
0.0020035
0.0060877
0.003784
-0.0029507
0.0079004
-0.0018154
-0.0017066
0.0044803
-4.32e-5
0.0011559
0.0041597
0.0092538
-0.0046296
-0.0032979
-0.0099283
0.0090767
0.0004327
-0.0027646
-0.0098065
0.004352
-0.0071218
0.0050091
-0.0052201
-0.006953
0.0069001
-0.0078362
-0.0058101
0.0013718
-0.0044542
-0.0091842
0.0079169
-0.0049735
0.0027674
-0.0031601
-6.37e-5
-0.0073699
0.0045213
-0.0038599
-0.0011406
-0.004372
-0.001755
0.0088661
-0.006989
0.0070823
-0.0039495
0.0001416
0.0028802
-0.0020392
-0.0049166
0.006351
0.0086693
0.0046119
0.0082741
0.0083543
-0.0097397
0.002978
-0.0067917
0.0075209
-0.0017305
0.0005086
-0.0036321
-0.0005166
0.0063912
-0.0078339
0.0086684
-0.0066944
0.0028265
-0.0016648
-0.0057007
-0.0015591
-0.0006649
0.0052923
-0.0013794
0.00441
-0.0006749
0.0004254
-0.00459
-0.0034741
-0.0024771
-0.0063725
0.0074708
-0.0009504
0.004778
0.0063704
-0.0063705
-0.0028397
0.0018468
-0.0052951
-0.002304
0.0069936
-0.0091148
-0.0018852
0.0033901
0.0052556
-8.7e-6
-0.003137
0.0084451
-0.0003409
0.0030928
-0.0013714
-0.0028244
-0.006257
-0.0098991
-0.0085916
-0.003042
0.0011912
-0.0016169
