-0.0062439
0.005116
-0.0095746
-0.0016342
0.0006402
0.0082178
0.0050754
-0.0002113
0.0014099
-0.0004625
-0.0094007
0.0086533
-0.0033453
0.009814
0.0015867
0.0011693
0.004734
-0.0023974
-0.0056585
0.007606
0.0093962
-0.0070355
-0.0044881
-0.0047043
-0.0043085
0.0011621
-0.0028982
0.0005143
0.0012004
-0.0058989
-0.0014806
0.0079475
-0.0088009
-0.0067753
0.0014819
0.0081523
-0.0061735
-0.0051126
-0.0072556
-0.002906
0.0057565
-0.005327
0.0016416
0.0016638
0.0057784
0.0028062
-0.0029976
0.0019106
-0.0033872
-0.0079516
0.001677
-0.0057701
3.66e-5
0.002695
0.0087738
-0.0029578
-0.0067261
0.0032532
-0.0035039
0.0037305
0.0008529
-0.0070783
-0.0099843
-0.0019697
0.0083962
0.0010962
-0.0006085
0.0037395
0.0081672
0.0032144
0.0008141
-0.0094752
-0.0036126
-0.0023312
-0.0058821
0.0091384
0.0087387
-0.003282
-0.0064515
0.0018306
0.0038003
-0.0068097
0.0019076
-0.0084056
-0.007829
0.0001154
-0.000363
-0.0005629
0.0095338
-0.0030088
-0.0012335
-0.007387
-0.0041198
0.0065379
0.0021705
0.0029783
-0.0075086
-0.0001622
0.0095442
-0.0036025
0.0045298
0.0086668
-0.0059658
0.0073273
-0.0081639
-0.0096027
-0.0028053
-0.0078516
0.0006242
-0.0016745
0.0013881
6.78e-5
-0.0061513
-0.0033203
0.0013778
-0.0002731
-0.0007304
-0.0070962
0.0025411
0.0041076
-0.0074043
-0.0001112
0.0043988
0.0091902
0.0078556
-0.0096363
-0.006054
-0.0066109
0.0006722
-0.0076667
-0.0083747
-2.21e-5
-0.003501
0.0013575
-0.0037928
-0.0079053
0.009187
-0.0040591
0.0003586
0.0040357
-0.0025724
0.0096061
0.0096933
-0.0072971
-0.0063041
0.0033456
-0.0048657
-0.0031185
0.003726
-0.0096166
0.0047841
0.0074885
0.0090315
-0.0047174
0.0051643
1.75e-5
-0.0025148
-0.0093622
0.0060542
0.0080161
-0.0073391
0.0003408
-0.0013839
-0.0031284
0.0078916
0.0060465
-0.000153
0.009401
0.0031259
0.0024752
0.0069652
-0.0082976
-0.004335
0.0029233
0.0051552
-0.0044264
0.005583
0.0074367
0.0062072
-0.0047495
-0.0014464
0.0003225
0.0090682
-0.0015716
-0.0079217
0.0020612
-0.0042721
0.0085653
-0.0014876
-0.0067115
0.0065412
-0.0037837
0.0090217
-0.00832
0.0008239
0.0095353
0.0054258
0.0062471
-0.0035107
-0.0055304
0.0076465
0.0085889
0.0053406
0.0081413
0.004262
0.0068697
0.0095243
0.0092457
-0.0005497
0.0021564
0.0026876
-0.0028102
-0.0014582
0.0060451
0.0038015
0.0019341
0.0016947
0.0001807
-0.0014156
0.0012077
0.0077215
-0.0077054
-0.0069942
-0.0003343
-0.0075771
0.0085863
0.0093484
-0.0051784
0.0097663
-0.0080767
0.0088802
0.0056312
-0.0015956
-0.0051998
-0.0034103
-0.0072657
-0.0016053
-0.0053558
0.0045857
-0.0053119
0.0038958
-0.0093322
-0.0078446
0.0082742
0.0049945
-0.0050943
0.0030027
-0.0096561
0.0099911
0.0054584
0.0030859
0.0069157
-0.0032751
-0.0036085
0.0053224
0.0048595
0.0043401
0.0011291
-0.0062526
0.005499
-0.0005269
0.0089225
0.0095128
0.0029647
-0.0043252
0.0064762
-0.0038244
0.0072847
-0.006071
-0.0036214
-0.0003106
-0.0032732
-0.0080304
0.0047026
0.0060597
0.0073599
0.004945
0.006191
-0.0041247
0.007871
-0.0054059
0.0057238
-0.0032312
-0.0044297
0.0045644
0.0067966
0.0041571
-0.0094278
0.008854
-0.0029246
0.0018806
0.0083109
0.0002572
0.0087376
0.0025343
-0.0021905
-0.0022951
-0.0079889
-0.0079143
0.0014626
-0.0022201
-0.0090378
0.0015181
0.0051369
0.0003461
-0.0088052
-0.0041029
-0.0006561
0.0032078
0.0027132
0.0050329
-0.0054032
0.0032714
-0.0024785
0.0005247
-0.0081922
-0.0040952
0.0040813
-0.007048
-0.0055347
-0.0033353
0.0032557
-0.0093565
-0.0082631
-0.0004613
0.0094272
0.0021099
-0.0088412
0.0052634
-0.0052377
-0.0045362
0.0077488
0.0080273
0.0038093
-0.0034455
0.0098282
0.0092371
0.0078531
0.0086656
-0.0083881
-0.0011435
-0.0069602
0.0091364
0.0012591
-0.0076425
-0.0081481
-0.0071243
-0.0056034
-0.0076691
-0.0003756
-0.0002466
-0.0060813
-0.0094255
0.0016807
-0.0013334
0.0096272
0.0046336
-0.006875
-0.0061917
-0.0091688
-0.0066527
-0.0067228
-0.0084737
-0.0059913
0.0085433
-0.0069716
-0.0036597
0.0092317
0.0055623
0.008124
-0.002079
0.0005763
0.0090366
0.0080017
0.0031014
0.0058878
0.0010084
-0.0049333
-0.0031985
0.0020541
0.0085204
0.0055004
0.0011716
0.0032236
-0.0015147
0.0004645
-0.0094677
0.0004763
0.0086981
0.0090312
-0.0061264
0.0085543
0.0040476
0.0077854
-0.0086444
-0.0052351
0.0065795
0.001282
0.0009767
0.0023527
0.0054977
0.0099584
-0.0002563
0.0089919
-0.0081226
-0.0022604
-0.0033747
0.005252
-0.000253
-0.0007294
-0.0028473
0.0019026
-0.0066148
0.004854
0.0064401
-0.008189
0.0069414
0.0093412
-0.0068329
-5.98e-5
-0.0033592
0.0097248
0.0057618
0.0044803
-0.0030144
-0.0058283
-0.0067646
-0.0021679
-0.0041444
0.0073225
-8.36e-5
-0.0067814
0.0091281
0.0035936
0.0064791
0.0044132
0.0081284
0.0019504
-0.0021805
0.0092694
0.0095691
-0.006939
-0.0095943
-0.0014786
-3.45e-5
0.0027899
0.0035738
-0.0084812
0.0076523
0.0088792
0.0071909
-0.0069342
-0.0065471
-0.0098686
-0.0085312
-0.0090639
0.0097955
-0.0014785
0.0004286
0.0085637
-0.0049313
-0.0056467
0.0002322
0.0063759
0.0003002
-0.0041648
0.0086201
-0.0097055
-0.0027471
0.0092156
0.0084706
0.0002268
-0.001646
-0.0065157
0.003525
-0.0043021
-0.0057098
-0.0074559
-0.00152
0.0057327
0.0064434
-0.0036285
-0.0028283
0.0069606
-0.0037898
0.0092342
0.0064406
-0.0008261
0.0049125
-0.0092451
-0.0063675
-0.006499
0.0078332
-0.0014047
0.0021475
