-0.002695
-0.0087009
0.0038314
0.003057
0.004378
0.0018996
0.0098341
-0.0006326
-0.0039268
0.00498
0.0082029
0.004246
0.0093333
-0.000351
-0.0024208
0.00947
0.009444
-0.0066005
-0.0027249
-0.008884
0.0035404
-0.0092469
-0.0055164
-0.0079331
-0.0015012
-0.0091819
0.0046572
0.0099057
0.0087979
-0.0001412
0.005153
0.0064528
-0.0065291
0.0011826
-0.0016035
0.0046911
0.0074614
0.0076265
-0.0058686
-0.0052795
-0.0071516
-0.0004315
0.0052726
-0.0021517
0.0092923
-0.0073514
0.0060798
-0.0044876
-0.0009859
-0.0029759
0.0035946
-0.0004134
-0.0088185
-0.0047495
-0.0049953
-0.0098135
-0.0060663
0.0014135
-0.0062635
-0.0024185
-0.0066679
0.0082195
-0.0033044
0.0028136
0.0074603
-0.00739
0.0047884
0.0021696
-0.0035382
0.0098873
-0.0014703
0.0083559
-0.0085639
-0.0072097
0.0025119
-0.000812
-0.0042165
-0.0058183
0.0032829
0.0058561
0.0091508
-0.0064841
-0.0095605
0.0033123
0.0012318
0.0078981
0.000912
-0.0082819
0.0006335
6.35e-5
0.0051127
-0.0013934
-0.0035645
-0.0034826
0.0034458
-0.0066657
0.0088002
0.0084587
0.0094798
-0.0095329
0.0052335
-0.0053694
-0.0071269
-0.0083058
0.0040837
0.0070711
-0.0072346
-0.0015009
-0.005007
0.0099559
-0.0026667
-0.0034143
0.0021945
0.0065332
0.0032048
-0.003307
0.0067048
0.006588
0.0068894
-0.0040439
-0.0007315
0.0092991
-0.0018329
0.0081309
-0.0013113
-0.0019608
0.0035344
-0.0016704
-0.0093448
0.0015339
-0.0094144
0.0050327
0.001478
0.0076096
0.0003032
0.0040988
-0.0045919
-0.0057585
-0.0095568
0.0076749
-0.0042032
-0.0075239
-0.0024357
-0.0035464
-0.0099451
0.001423
-0.0075038
-0.0081898
0.0052515
-0.0064638
-0.0009221
0.0050538
-0.0068991
-0.0078617
0.0022488
-0.0063184
-0.0021559
-0.0017901
0.0078842
-0.0001142
0.0060894
0.0088946
0.0045043
0.0017703
0.0062777
0.0008216
-0.0041693
-0.0008946
0.0032033
0.0044238
-0.0065536
-0.0042242
-0.0088753
0.0023945
-0.0029818
0.0099542
0.0095916
0.0036345
0.0021746
0.0082646
-0.00305
0.0085718
0.0004727
-0.0032764
0.0097796
-0.0091907
-0.0004409
-0.0085445
0.0028096
0.002164
0.0016741
-0.0084032
-0.0034677
-0.0034921
-0.0060064
0.0084553
-0.006051
-0.0011633
0.0045754
0.0075474
0.0084844
-0.0070721
0.0014041
0.0068402
0.0067679
-0.0017743
-0.0059557
0.0057272
0.00287
-0.005454
-0.0018185
0.0055219
0.008357
0.0090629
-0.0098991
-0.0099381
0.009389
0.0050933
-0.0034287
-0.0031127
-0.0092547
-0.0068762
-0.0066858
-0.0089183
0.0016321
-0.0022932
-0.0065279
-0.0092262
0.0088661
-0.009013
-0.006065
-0.0038771
-0.0052443
0.0037672
0.0003412
-0.0060888
0.0003271
-0.0091747
0.0011734
-0.0004889
-0.009339
0.0065895
-0.0098698
-0.0005571
0.0007543
-0.0067219
0.0081012
-0.0086878
-0.0087273
-0.0017379
0.0028665
3.62e-5
-0.0027401
0.0074319
0.00448
-0.0094049
0.0055595
-0.0074957
0.0059333
-0.0092939
-0.0086338
-0.0009596
0.0023983
0.0098261
0.0061136
0.00334
-0.0078499
0.0088902
-0.0099057
0.0012352
-0.0049543
0.0008994
-0.0038575
0.002386
-0.0078319
-0.0092056
-0.0071632
7.3e-5
-0.0037788
-0.0028883
-0.0011735
-0.0092105
-0.0010262
0.0024672
-0.0025514
-0.0077584
0.0019495
0.0086475
-0.0082089
-0.0014082
-0.0008102
-0.004259
-0.0063509
-0.004932
0.0084547
-0.006647
-0.008763
6.05e-5
0.0019517
0.0065821
0.0077098
0.0015459
-0.0025301
-0.0032357
-0.0048114
-0.0068328
0.009007
-0.0030545
-0.0094345
0.0080586
0.0001068
-0.0080223
0.0037386
0.0084039
0.0099678
0.0004869
-0.0051512
-0.0020341
-0.0039996
-0.0062796
0.0056576
-0.0037168
-0.005947
-0.0099179
0.0085923
-0.0013874
0.0071622
0.0059296
-0.0003791
0.0058757
0.0070085
0.0033703
0.0080721
0.0006054
-0.0031151
-0.00228
0.0058927
-0.0033875
0.0099531
0.0007085
-0.0034663
0.0005725
0.0004324
-0.0081333
0.0082311
0.0054844
-0.0025839
-0.0092432
-0.0096865
-0.0089348
-0.0037532
0.0067112
0.009215
0.0058153
-0.0024082
-0.0067473
0.0070307
0.0074427
-0.0089218
-0.0087512
-0.0078372
0.0048649
0.0093142
0.0061683
0.0027562
0.0025496
0.0068889
-0.0049115
-0.0073194
-0.0098903
-0.0067214
-0.0001199
0.0019056
0.0050867
0.0005957
-0.0046287
0.0087686
0.0049189
-0.0042773
-0.0002324
-0.0032535
-0.0022691
0.0013296
0.0076347
-0.0063612
0.0030127
-0.0037648
-0.0016329
-0.0065754
-0.0011315
-0.0040499
-0.0091655
0.0045756
-0.0056925
0.004639
-0.0093189
-0.0016319
-0.0096633
0.0058099
0.0019336
0.0075366
-0.0082357
0.007523
-0.0076546
-0.0085689
-0.003608
-0.0071085
0.0008624
0.001519
-0.0002372
-0.0052667
0.0092229
0.0098683
0.0038001
-0.0072449
-0.0041304
0.0044703
0.0028119
0.0063428
-0.0032362
0.0034888
-0.0002399
-0.0094884
-0.0098002
-0.0061703
0.003522
0.0057057
0.0041426
0.000676
0.0011618
-0.0046159
-0.0092339
-0.0035062
0.0018457
-0.0006576
0.0061259
-0.0039218
0.0077201
0.0071947
-0.0099824
0.0067264
0.0010753
-0.0035229
0.0029939
-0.0034131
0.0020697
0.0087171
0.0089434
-0.0048909
-0.0085378
-0.0029193
-0.0076576
0.0039067
0.0033615
-0.007978
0.0019955
-0.0029481
0.0056853
0.0028416
-0.005954
0.0040279
0.0035853
-0.0006476
-0.0053842
-0.0019305
-0.0092854
0.0098879
-0.0014143
-0.0093504
0.0055505
0.0005099
0.0046539
-0.0023004
0.0099925
0.0009373
0.0051984
-0.0034742
0.0026537
0.0017898
0.0066186
0.0058268
-0.0034394
0.0082449
-0.0009578
-0.0028362
-0.0041923
-0.0043385
-0.0003177
0.0014391
-0.0049659
0.0053762
-0.0042271
-0.0086263
0.0085705
-0.0030911
