0.0087411
0.0035207
0.0014033
0.0019129
0.0075301
-0.003142
-0.0088337
-0.0088967
-0.0011833
-0.0061901
-0.0048937
-0.0046969
0.0035029
-0.0057052
0.0017817
0.0056277
0.0011767
0.0056017
-0.0094274
-0.0036034
-0.0049636
0.0022707
0.0004878
0.0070344
0.008532
-0.0054417
-0.0075752
-0.0072166
0.0077393
-0.0054584
0.0028783
-0.0044993
-0.0020451
0.0078702
-0.0066439
0.0090926
0.0059912
0.0063987
-0.001547
-0.0012545
-0.0084938
-0.0054067
-0.0045424
-0.009003
0.0057753
-0.007963
-0.0048288
-0.0089329
-0.0002539
-0.0067908
0.0030069
-0.0077083
-0.0061485
-0.0066967
0.0057392
0.0050308
-0.0097902
-0.0078958
-0.0058647
0.0032412
0.0013914
0.0059732
-0.0073567
0.0070739
0.0020177
-0.0073416
-0.006574
-0.0064961
-0.0096089
0.0044486
-2.25e-5
-0.0085078
0.0073669
-0.0067947
0.0053932
-0.0025709
-0.0081375
-0.0093085
0.0062011
-0.0019933
-0.0067265
0.0067592
0.003723
0.0097324
0.0050959
0.0051138
-0.0088302
-0.0042229
-0.0028346
0.0066532
0.0083697
0.0080831
-0.0039163
-0.0081943
0.0001203
0.0079184
0.0004984
0.0094397
0.002506
0.006414
0.0038211
-0.0088999
-0.0028932
0.0012105
-0.0047775
-0.0032859
0.0067407
0.0055603
-0.0058478
-0.0019321
0.0060688
-0.0082887
-0.0041415
-0.002877
-0.0051269
-0.0037154
0.0083639
-0.0008854
0.0012827
-0.0003695
-0.0002478
-0.0060341
0.0014248
-0.0003908
0.001416
0.0029092
-0.0072823
0.002631
0.0067401
-0.0085094
-0.0061334
-0.0002923
-0.0066467
-0.0038851
-0.0096592
0.0030461
-0.008219
-0.000265
0.0018037
-0.0034862
0.0026302
0.0025731
-0.0031971
-0.0097802
-0.0094831
0.001062
0.006216
-0.002779
-0.0049092
0.0045259
0.0029701
0.0059213
0.0039505
0.0034252
0.0067103
-0.0054362
-0.0023126
2.96e-5
-0.0018371
0.0091033
-0.0095151
0.0029229
-0.0063041
0.0059887
0.0053864
0.0025517
0.009499
0.0097539
0.0086597
-0.0004658
-0.0074588
0.0050688
-0.0084083
-0.0066943
0.0048305
-0.0020292
-0.0001558
-0.0064967
0.0073522
-0.0019084
-0.0017381
-0.0022034
0.0033593
0.0030192
-0.0046787
-0.0096659
-0.0099223
-0.0075368
0.0036596
-0.0078534
0.0083191
0.0062628
-0.0044002
0.0092798
-0.0058824
-0.0037302
0.0010934
-0.0095667
0.0011872
0.0007099
-0.0069943
0.0097517
0.0045382
-0.003382
0.0022444
-0.0088457
-0.0048715
0.003656
0.0058187
-0.0034428
0.0029573
0.0045823
0.0074783
0.0043971
0.0081567
0.0035941
-0.0057778
-0.000355
0.0076764
-0.0038685
0.0062532
-0.0064642
-0.0054255
0.0048476
-0.0047826
0.0064326
-0.0044408
-0.0074595
0.0037597
-0.005826
0.0022758
0.0067754
0.0071501
0.0014503
-0.0057242
0.0030657
0.0041762
-0.008585
-0.002164
-0.0096768
0.0032651
0.0006371
0.0076076
0.0005854
-0.0026655
0.0007971
0.0009675
0.0027952
-0.0093411
0.0089171
0.0061723
-0.0034225
-0.0095644
0.004517
0.0080322
-0.0066943
-0.0076236
0.0080479
-0.0096907
0.0092062
-0.0093939
-0.0020205
-0.0001458
-0.0050595
0.0076787
0.0056586
0.0031674
-0.009748
0.0021423
0.000209
-2.45e-5
0.0030605
0.0098142
0.007483
-0.0084215
0.0080548
-0.0005885
-0.0044613
-0.0006293
0.0017792
-0.0091094
0.0032329
0.0004227
0.0033666
-0.0095218
-0.0023876
-0.0028759
0.000539
0.0070799
-0.0046693
-0.0045195
0.0050039
0.0054333
0.0052781
0.0065443
-0.0044346
0.0081443
-0.0004239
-0.0020502
-0.0046296
-0.004617
-0.0003717
-0.0008137
0.0097734
0.0070884
-0.0090751
-0.0047974
0.0017243
-0.0094536
-0.0029812
0.0017248
0.0063615
-0.0004042
0.0030774
-0.0038354
-0.006839
0.0054093
0.0075432
-0.007736
0.0098703
-0.0036638
0.0014801
-0.0097787
0.0075354
-0.0010239
0.0010081
-0.0052962
-0.0018099
-0.0087467
0.008225
-0.0079689
-0.0033222
-0.0042282
0.0001535
-0.0099944
-0.0059543
-0.0009473
0.002855
0.0075538
0.0075916
0.0030352
0.0080383
-0.0081295
-0.0021847
-0.0062964
0.0029696
-0.0030934
-0.0070074
0.007702
0.0014725
0.0091716
-0.0088904
-0.0046163
0.0013001
0.000637
-0.005358
0.003913
0.0018336
-0.0032761
0.0035884
-0.0015372
-0.005698
-0.0092372
0.0035533
0.0028863
-0.0059662
-0.0090387
-0.0027292
-0.0058453
0.0036171
0.0075638
-0.0098297
-0.0012837
0.0033113
-0.0064742
-0.009508
0.0093863
0.0017109
0.0024977
-9.92e-5
-0.0012135
0.0062032
-0.0018445
-0.0029939
-0.0055821
-0.0069685
0.008455
0.0005708
-0.0090201
0.0077248
-0.0030426
-0.0097027
0.0045935
-0.0090338
-0.0086718
-0.0008594
0.0047901
0.0060104
0.007144
0.0026415
-0.0079267
-0.0085154
-0.0065316
-0.0007118
0.008707
0.0097977
-0.0075761
0.0018493
0.0002451
0.0075613
-0.0055328
0.0023347
-0.0043969
0.0091026
0.0068738
0.0073543
0.0079629
-0.0061446
0.00817
0.0002952
0.0046764
0.0038771
-0.0093679
0.0069142
-0.0079197
-0.0051217
0.0077147
-0.0028015
0.005801
-0.0076189
-0.0011598
0.0073112
0.0087639
0.0016402
0.000405
0.0019143
0.0071288
0.0025916
-0.0060137
-0.0094046
0.0094321
-0.0048442
0.009265
0.0060743
-0.0075435
0.0004143
-0.0075827
0.0038836
0.0042055
-0.0037401
0.0082844
0.0082595
-0.0047532
-0.0041189
-0.0065652
0.0057371
0.0074466
-0.0052545
-0.0001726
-0.0086446
0.0077807
0.0059645
0.0078274
-0.0074748
0.0038607
0.0065654
0.0038561
0.0093486
0.003249
0.007409
0.001271
-0.0076118
-0.0019214
-0.0051368
0.0093203
0.0086692
0.0021448
-0.0080265
-0.0028871
-0.0094645
-0.0087942
0.0089077
-0.0072141
-0.0093798
-0.0051998
-0.003788
0.0048439
0.005366
0.0041081
0.004657
-0.0067241
-0.0063874
-0.0003609
0.0037861
-0.0006665
