-0.0088478
0.0013672
0.0007781
-0.009944
0.0008768
-0.0045006
0.0099603
0.004259
-0.0050488
0.0010207
-0.0019238
0.0062948
0.0012981
0.0091355
0.0013392
0.0045987
-0.0007615
0.0070507
-0.0006147
-0.0007578
-0.0022398
-0.0085562
-0.006027
0.0013456
0.0009454
0.0080797
-0.005681
0.0060887
0.0017036
0.0022644
0.0063392
0.0045332
0.003151
0.00062
0.0026168
0.0035348
0.0043852
-0.0029443
-0.0081844
-0.0026162
0.0050105
0.0094422
0.0085026
0.0043099
0.0017743
0.0099516
0.0078161
-0.00264
-0.0064112
0.0098228
0.0032566
0.0041097
-0.0053458
0.0091207
-0.0064165
0.0084384
-0.0066996
-0.0066849
-0.0025498
-0.0073476
-0.0023243
0.0066794
-0.0033958
-0.0014008
0.0011992
0.0045811
0.0051828
0.0087841
0.0003408
0.0041213
0.007315
-0.0055443
0.0017664
0.0001748
-0.0091743
0.0008142
0.0020911
-0.0063447
-0.0037449
-0.0019053
-0.0010697
-0.0072244
0.0022746
-0.0091263
-0.0008283
-0.0018314
-0.0079687
0.0012008
-0.0044231
0.0025382
0.0027628
-0.0028165
-0.0060151
-0.0052793
0.0026746
-0.0058192
0.0066862
-0.006873
0.0074405
0.0043011
0.0047891
0.0009771
0.0004376
0.0001441
0.0030757
-0.0080734
0.0009397
0.0076403
-0.0009199
0.0055381
0.0060015
-0.0037751
-0.0057482
-0.004387
-0.006237
0.0022212
0.0059697
-0.0088196
-0.0023748
0.0017679
-0.0018521
0.0027326
0.0048825
-0.0096616
0.0020675
0.0086224
0.0022478
0.0072802
0.0070977
0.0098096
-0.0012581
0.0011408
-0.0004024
0.0025751
-0.0081618
-0.0048329
0.0026894
0.0078748
-0.0047115
0.0011962
-0.0059065
-0.0088749
-0.0014037
0.0071102
0.0067753
0.0036116
0.0069266
-0.0035047
0.002068
-0.0094355
-0.0096605
-0.0006872
-0.0042862
0.0008961
-0.003502
0.0017892
-0.0076102
-0.0056958
-0.0082263
0.0057216
0.0086538
-0.0031851
-0.0085413
0.0062481
-0.0023112
0.0027258
-0.006419
0.00276
-0.0052575
0.0056043
-0.0065195
0.0018049
-0.0083673
-0.001863
0.0033264
0.00599
0.0008311
0.0008059
0.0081447
0.0059179
0.0028044
-0.003185
-0.0054917
-0.0071585
0.0073782
0.0047892
0.004898
0.003521
-0.0009282
-0.0049851
-0.002078
-0.0002532
-0.0052141
0.0070113
0.0088577
-0.002748
-0.0080438
-0.0055334
-0.0001225
-0.0033696
0.0028219
-0.0019496
0.0087959
-0.0055216
-0.0063531
0.0057024
-0.0046504
0.0042526
-0.0031114
0.0059022
0.0020538
0.0090947
-0.0063253
-0.0030909
-0.0087081
-0.0070887
0.0005446
-0.0023481
0.0071457
0.0084956
-0.0087012
-0.0010691
-0.0083339
0.009126
-0.0033805
-0.0088327
0.0053076
-0.0083951
0.0007488
-0.0082055
0.0034668
-0.0026104
-0.0014649
-0.0013425
0.0040657
-0.0076863
0.0056432
0.0090515
-0.0018132
0.0068979
0.0099371
0.0070465
0.0072654
0.0083479
0.0048752
-1.64e-5
-0.0060084
-0.0005117
-0.0082997
0.0023586
-0.0045844
-0.003142
-0.0040807
0.0025177
-0.0065771
0.0008997
-0.0094528
0.0036081
-0.0055076
-0.0073281
0.0061053
0.0036008
0.0055126
-0.0023099
0.0053041
-0.0002481
0.0010107
-0.0075003
0.0063184
-0.0059711
-0.0016413
-0.0043214
0.006301
0.0030257
0.0004325
-0.0081698
0.0051263
-0.0063199
-0.0088934
-0.000119
-0.0011282
0.0025233
0.0081133
-0.0073497
0.0005951
-0.0045078
0.0036016
0.0045889
0.0066286
0.0093866
-0.0006429
-0.0072009
-0.0044635
-0.0057514
0.0050784
0.0005217
-0.0098807
0.00227
-0.0066967
0.0049833
0.0078535
-0.0039307
-0.0050066
0.0050728
-0.0078562
0.0013793
0.0093857
-0.0090825
-0.0013964
0.0011655
0.0093999
-0.009328
0.0033229
-0.0077011
-0.0008068
0.0048035
0.001738
0.0026902
0.0012084
0.0033706
0.0085407
-0.0015979
0.0057675
0.0063844
-0.0006204
-0.0051682
-0.0046986
0.0054138
0.0022158
-0.0047876
-0.0062917
0.0069113
0.0066825
-0.0054376
-0.0043004
0.0032219
0.00676
-0.0002997
0.0061985
0.0021259
-0.0042892
0.0075094
0.0039328
0.0029728
-0.008283
-0.0024286
0.0059
0.0022814
-0.0048344
-0.0096398
0.0082075
0.0077618
-0.003257
-0.0073839
-0.0005097
0.0094729
0.0073026
-0.0048697
0.0058624
-0.0068334
-0.0091281
0.0058376
0.005664
-0.0020157
-0.0079579
-0.0077795
-0.0063662
-0.005749
-0.0067045
-0.0046811
0.0078901
-0.00255
0.0009234
0.0093035
0.0066716
-0.0056046
-0.0027641
0.0070953
0.0035208
-0.0064832
0.0004964
-0.0048185
0.0061264
-0.0028903
0.0032596
0.0092234
-0.0075804
-0.0078872
0.0070697
0.0018605
0.0011808
-0.0086688
0.0012709
-0.0027599
0.0076025
-0.0074906
0.0002989
0.0048388
-0.0096957
0.0085073
0.0046188
-0.0014747
-0.0040284
0.000285
-0.000454
-0.0025284
-0.0097082
0.0054291
-0.0092549
-0.0053967
0.0082076
0.0034695
-0.0018241
0.001763
-0.0064247
0.0081695
0.0065001
-0.0097897
0.0014877
0.0092829
0.0063158
0.0003007
0.0052684
0.0019401
-0.0061329
-0.0043789
0.0069229
0.0011942
0.0008827
-0.0055685
0.0047826
0.0004753
0.0084607
0.0080081
-0.0035394
0.0030251
0.0018276
-0.005195
0.0066104
0.0010833
0.0086413
0.0079461
0.0093059
-0.0032239
0.008712
0.0064233
-0.0029297
-0.0095799
-0.0008903
0.0045258
-0.0051156
-0.0095441
0.0080563
0.0036161
-0.0049315
0.0015512
0.0051869
0.0050896
0.0047156
-0.0037122
0.0047121
-0.0059929
0.0013676
-0.0002586
-0.00841
-0.0001478
0.0077332
0.0029309
0.0029955
-0.0038004
-2.68e-5
-0.0079359
0.001758
0.0027212
-0.0084248
0.0027818
-0.008129
-0.0074681
-0.0090014
-0.0024406
0.0025074
0.0039929
-0.0045091
0.0048591
0.0047971
0.0036228
0.002256
-0.0037527
-0.0048339
-0.002651
0.0006734
-0.0032932
0.0064611
-0.0049044
0.0002382
