-0.0004798
-0.0040951
-0.0069668
0.0019381
-0.0083056
0.0007437
-0.0055138
0.0017901
0.0012733
-0.0083923
-0.004129
-0.0006042
0.0021076
0.0059678
-0.0001648
-0.0073474
0.0038718
0.0033514
-0.0006927
0.0044578
0.0084978
-0.0088826
-0.0012382
0.0028008
0.001594
0.0088545
-0.0060178
0.0005673
0.0041491
-0.000983
-0.0085342
0.0063743
0.0038098
0.0005275
0.0064988
0.0062043
0.0085767
0.0041567
-0.0027859
-0.004328
-0.0049868
0.0094273
-0.0041518
0.0079605
-0.0094994
0.0092471
-0.0012966
0.0003768
0.0044196
-0.0093546
-0.0015925
-0.00569
0.0063083
-0.0075615
-0.0005515
-0.0033283
-0.0019823
0.005696
0.0099793
-0.0091203
0.0007847
-0.0089535
0.0036385
-0.0011872
0.0064881
-0.0045168
0.0031284
-0.0025214
-0.0040055
-0.0076441
0.0072879
-0.0074755
-0.0042498
0.0080949
0.0012061
0.0059256
-0.006249
0.0005915
0.0020124
0.0005905
0.0062088
-0.0018446
-0.008362
-0.0081187
-0.0039462
0.0078285
-0.0019279
-0.0062559
0.0004727
-0.0027318
-0.0080066
-0.0093836
0.0085187
0.0043736
-0.0040448
9.72e-5
-0.0059457
0.008483
0.0078868
0.0010447
0.0017488
-0.0011012
0.0026289
0.0094572
0.000122
0.0087562
0.000217
-0.0083962
0.0056107
-0.0098727
-0.0037414
-0.0076416
0.0076779
-0.0012894
-0.0098837
-0.0084047
-0.0023118
-0.0058644
0.0054949
0.0065179
-0.0013094
-0.0044787
0.0075228
0.0058715
-0.0025528
-0.0040277
0.0008972
-0.009526
0.003323
0.0096968
0.0020575
-0.0053698
-0.0011131
-0.0042863
0.0018967
0.0082986
-0.0074365
0.0084156
-0.00885
0.0027045
-0.0028278
0.0021415
-0.0007715
0.0029047
-0.0074778
0.005984
-0.0064971
-0.0015531
-0.0032429
0.0010921
0.000138
-0.0050182
-0.0011661
0.0006113
-0.0084088
0.0010512
0.0064201
0.0095732
-0.0023508
-0.0007376
-0.0002395
0.0027726
-0.0090451
-0.0083023
0.0059862
-0.003224
0.0019019
-0.0076247
9.3e-5
-0.0096134
-0.0027494
0.0092701
-0.0094562
0.0012605
-0.0047871
-0.0025403
-0.0001211
0.0092528
0.0072785
-0.0092991
0.0001046
-0.0020696
-0.0050761
-0.0087214
0.0040392
0.0073873
0.0008653
0.0009363
0.0062672
-0.0082176
-0.0091256
-0.0096281
0.004298
-0.0069805
-0.0057062
0.0025215
-0.0028451
-0.0094587
-0.0040092
-0.0001083
0.0095701
0.0051174
-0.0062345
-0.0064184
-0.0002113
0.0009095
-0.0048422
-0.0092414
0.0007333
0.0003313
0.0082799
-0.0074827
0.0041083
-0.003405
0.0088355
0.009655
0.0039611
-0.0051078
0.00328
0.0050027
-0.0026437
-0.0009066
-0.0010474
-0.0019192
-0.0001266
0.0021032
0.0059917
-0.0063268
0.004749
-0.0029091
-0.0026917
-0.0008702
0.0039071
0.0028321
0.0047729
0.0074718
-0.0071575
-0.0007807
-0.0011622
-0.0050496
0.0071375
-0.0026063
0.0067922
0.0056971
-0.0036622
0.0086645
-0.0025019
-0.0091582
-0.0004188
-6.65e-5
0.0075387
-0.001897
0.0066644
0.0035876
0.0016727
-0.0087601
-0.0015978
0.0097796
-0.0072375
0.0064625
-0.0034403
0.0075299
-0.0033129
-0.0079744
5.45e-5
-0.0089546
-0.0075634
0.0062792
-0.0005945
7.03e-5
0.0048938
0.0052216
-0.0063628
-0.0003592
0.0059132
-0.0023881
0.0043141
-0.0036852
0.0017318
0.0020862
-0.0028764
0.0088997
0.0015751
-0.0029194
-0.000619
-0.0011116
-0.0026505
-0.0013221
-0.0048933
-0.0073022
0.0084569
-0.0081574
0.007884
-0.0084092
-0.0040719
3.13e-5
-0.0053136
-0.0056309
0.0076994
-0.0003647
0.0030147
-0.0045371
-0.0005524
-0.0075697
-0.0026563
-0.0082459
0.004769
-0.0003117
0.0068345
0.0032714
0.0083064
0.0020903
-0.009907
-0.0048632
-0.002157
-0.00665
0.0007995
-0.0078144
-0.0056936
-0.0049281
0.0033485
-0.003588
0.0024604
-0.0001415
-0.0023499
-0.0056128
-0.0088696
-0.0068132
0.0086898
-0.0089406
-0.0064116
0.001978
-0.0078408
-0.0041993
-0.0093928
-0.0092323
-0.0045242
0.0081367
0.0083623
-0.008464
-0.0077681
-0.0025959
-0.0018686
0.0025719
0.0006556
0.0094769
0.0078352
-0.0090852
-0.009417
0.0063645
-0.0002418
-0.0065525
-0.0030619
-0.001858
-0.0059256
0.0015361
0.0080572
0.0047531
-0.0070546
-0.0085397
-0.0012786
0.0051233
0.0037151
0.0031931
0.0080701
-0.0095447
-0.0097423
0.0024306
0.0011768
-0.0094881
0.0042818
-0.0040044
0.0081745
0.006114
-0.0053241
-0.0013895
-0.0079844
0.0077197
-0.0015986
-0.0099844
0.0001099
0.0082762
-0.0022665
-0.0003145
-0.0029581
0.0057325
0.0065107
-0.006916
-0.0019893
0.0049406
0.0083619
-0.0042485
-0.0033615
0.0059549
-0.0004702
0.0035985
-0.0045112
0.008167
0.0004348
-0.0042336
-0.0067919
0.0098548
0.004937
-0.009166
0.0094665
0.0041483
0.0023423
-0.0059107
-0.0095285
0.0047873
-0.0001707
0.0073471
-0.0081804
-0.0066708
-0.0010348
-0.0001884
-0.0019328
-0.0077247
0.0041814
0.0074426
0.0055842
-0.0089705
0.0066655
-0.0055238
0.0073103
0.0020579
0.0082597
0.0096945
-0.0076554
-0.0049917
-0.0050823
-0.0006654
0.0081516
0.0050402
-0.0031084
0.004353
-0.008014
-0.0071191
-0.0041512
0.0059476
-0.005606
0.0099574
-0.0086042
0.0002447
-0.0002423
-0.0083507
0.0085074
-0.002598
0.0084304
0.0084391
0.0019994
0.0005111
0.006988
0.005334
-0.0066167
-0.0082388
0.0089054
-0.0076165
0.0053834
-0.0017764
0.0083503
0.0093793
-0.0098667
-0.0077585
0.0008966
0.0036515
-0.0085024
0.0021985
0.0094596
0.0082451
0.0078681
-0.0098225
0.0075567
0.0071148
0.0069123
-0.0004475
-0.0070318
0.0076204
0.0038721
0.0048692
-0.0078302
-0.0062677
-0.0026691
-0.0089066
0.005408
0.0026984
0.0014101
0.0031347
-0.0065639
-0.0050607
-0.0021563
0.007888
-0.0010151
-0.0048381
0.0001902
