-0.0019215
0.0037169
0.0080836
-0.0024467
0.00332
-0.0022509
-0.0090978
0.0016564
-0.0037857
-0.0002305
0.0077969
-0.004993
0.0028441
-1.38e-5
0.0026676
0.002829
0.002792
-0.0022227
0.0089493
0.005356
0.0088174
-0.0090961
0.0067476
0.0034418
-0.0004855
0.0009205
0.0080812
-0.0019337
0.0061702
0.0092988
0.0083549
0.0041348
0.0081984
-0.0059679
-0.0015863
0.004237
-0.0069006
-0.003119
0.0044592
-0.0056322
0.003316
0.0029219
-0.0016904
0.0032254
0.0037114
0.0021653
-0.0021499
0.0034197
-0.0020641
-0.0024772
-0.0014844
0.0074515
0.004378
0.0001553
-0.0093026
0.0001299
0.0089202
-0.0055235
0.0045195
0.0078679
0.0084334
0.0077969
-0.0049718
0.0034624
-0.0070171
-0.0035789
0.0064192
0.0081574
-0.0017951
0.0025881
0.007815
-0.0021592
-0.0065824
-0.0016969
-0.0074483
0.0070812
0.0094832
-0.0026038
0.0062257
0.0064651
0.0070723
0.0051004
7.0e-5
-0.0046904
0.0070629
-0.0072525
-0.0002104
0.0015133
0.0061374
0.0032538
0.0058056
-0.0023006
0.00154
-0.0043779
-0.005367
0.002377
0.0047143
0.0039632
-0.0030947
-0.0024442
0.0053465
0.0011628
0.001134
-0.002924
0.0072011
-0.0032556
-0.0092407
0.0097598
0.0003472
-0.0064373
-0.0082126
0.0073974
-0.0079678
0.0076319
-0.00134
-0.0073768
-0.0071733
0.0093123
0.0064132
0.0021192
0.0026973
-0.0023223
0.0026775
0.001387
0.0016895
-0.0040081
0.003411
-0.0099467
0.0029782
0.0082389
-0.0007725
-0.0093345
0.0030952
0.0093285
0.0064438
0.0041448
-0.007557
-0.009139
-0.0005127
0.0010887
-0.0086203
-0.0006908
-9.86e-5
0.0054033
-0.0007565
-0.0032627
-0.0050383
-0.0061585
0.0077155
0.0031495
0.0086474
0.0085779
0.0015345
-0.0080457
0.0025375
-0.0066424
0.005496
-0.004931
0.0023917
-0.0004649
-0.0017233
-0.0087622
-0.0036431
0.0070325
-0.0063822
0.0041803
-0.0019757
0.0005226
-0.0036599
0.0041252
-0.0030981
-0.0099559
-0.0043523
-0.0075625
-0.0052164
-0.0018206
0.0055389
0.0052562
0.009357
-0.0094289
-0.0015819
0.0074906
0.0093013
-0.0040704
0.0016185
-0.0090882
-0.0017868
0.0043906
-0.0050774
-0.00636
0.0090487
-0.0010856
-0.0029886
0.0089494
-0.0038367
0.0011992
0.0078859
-0.0020234
0.000448
-0.0029077
-0.0038479
0.0012176
0.0017142
0.0007647
-0.0098711
0.0075329
-0.0062542
-0.0056262
0.0068626
-0.0047733
0.0095647
0.0037205
0.0048296
0.0069879
0.007529
-0.0063818
0.008761
0.007851
0.0016774
-0.0027787
-0.0079887
-0.0035058
0.0021373
0.0065433
-0.0090889
-0.0042556
-0.0086404
-0.007619
0.0099961
-0.0098846
0.0037158
0.008964
-0.0045983
-0.0081386
7.28e-5
0.0010809
0.0017511
-0.001078
0.0075459
0.0085182
-0.0076606
0.0067373
-0.0055505
-0.0020597
0.0013974
-0.0037465
-0.0056955
0.0084494
-0.0077557
0.0096989
0.0007198
0.0066969
0.0055735
-0.0067094
-0.0075004
-8.26e-5
-0.0050384
0.0024404
-0.0027854
-0.003596
0.0028139
-0.0024862
-0.0069892
0.0015984
-0.0016762
0.0007886
-0.0065802
0.0090489
0.0092467
-0.0049026
0.0096083
-0.0020397
0.0031418
-0.004544
-0.0004365
-0.0065349
-0.0001431
0.0096314
-0.0008096
-0.0063291
-0.0070253
-0.0092303
-0.0058128
-0.0035072
-0.0009451
-0.0068979
-0.0028046
-0.0078081
0.0070484
0.0090057
-0.0001053
0.0066386
-0.0022315
0.0095987
0.0077673
-0.0077787
0.0065935
-0.0002372
0.0046994
-0.0029166
-0.0003969
-0.0005654
0.0090087
0.0072261
-0.0006078
0.0039561
0.0022806
0.009773
-0.0069612
0.0031927
-0.005737
-0.0015822
-0.0079996
-0.0017832
0.0041512
0.0070424
0.0085462
0.0067958
-0.0052159
0.0093427
-0.0048953
-0.0089617
0.0073199
-0.0075999
0.0030371
0.0066351
0.0072445
-0.0065816
0.0028634
0.0021373
0.000963
0.0026876
-0.008817
0.0092872
-0.0007063
-0.0031151
0.0058148
0.0020858
0.0069118
0.0080992
0.0042978
0.0035956
0.0031156
-0.0095217
-0.0059993
-0.0019264
0.0013384
0.0040666
-0.0038949
0.0054571
-0.0099125
0.0066702
-0.0002662
-0.0056594
0.0021365
-0.0020595
-0.0077282
-0.009356
0.0070493
-0.0051076
-0.0012964
-0.0008407
-0.0097445
-0.0023105
0.0039158
0.007341
0.0038756
0.0075953
-0.0004239
-0.0038457
0.0018974
0.0006085
0.0004629
0.009826
-0.0070986
0.005079
0.0086676
0.0041957
-0.006572
0.0053496
0.0014972
-0.0060995
0.0068175
0.0055057
0.004147
-0.0053176
-0.0089536
0.0022212
0.0050269
-0.0047657
-0.0083869
-0.0065138
-0.0046281
-0.0038281
-0.0023313
0.0085254
0.0083669
-0.0040324
-0.0016932
0.0038968
0.0051916
-0.0029036
-0.0074832
-0.0089534
0.0044151
-0.005312
-0.000114
-0.0074894
-0.0091118
0.0061536
-0.0086253
0.0042325
-0.0032845
-9.21e-5
-0.004297
0.0083268
0.005034
-0.0097649
-0.0031848
-0.0057358
-0.00441
-0.0076149
-0.0092767
-0.0025747
-0.004597
0.0041452
-0.0009508
0.0033678
-0.008201
0.0059302
0.0088931
-0.0054546
-0.0044352
0.0025216
0.0057876
0.0072842
0.008327
0.0037571
-0.0016691
-0.0078143
-0.0040271
-0.0069748
-0.0092143
-0.0090456
-4.74e-5
0.0033333
0.0010058
0.0085961
-5.72e-5
0.0057144
0.0063992
-0.005627
0.0053329
0.0061139
-0.0012575
-0.0012086
-0.0003099
-0.0037916
0.0093018
-0.0036814
-0.0029411
0.0044296
-0.0063237
0.0057797
0.0011477
0.0028814
0.0023478
0.0022223
-0.0010525
0.0016082
0.0087643
0.0067009
-0.0071796
0.0018726
0.0040986
0.0031878
0.0055303
-0.004322
-0.0046414
-0.005535
0.0074846
-0.0061493
-0.0049598
0.0012221
-0.008895
-0.0023445
-0.0076019
0.0008707
-0.0063268
0.0085954
0.0019727
0.0042388
0.0004379
0.0028764
0.0077967
