0.0009779
0.001862
-0.0050511
-0.0007657
-0.0048786
0.00863
0.0076243
-0.0035708
0.0032048
-0.004696
0.0051882
0.0080746
0.0093676
0.0028233
-0.0057991
-0.0020847
-0.0011297
-0.002314
-0.0054972
0.0017388
-9.2e-6
0.0086212
0.0048808
-0.007478
0.0010287
0.0072853
-0.0078953
0.0029722
0.0091615
-0.005604
0.0059113
-0.0014956
-0.0044179
-0.0007063
0.0044941
-0.0055174
-0.0011233
-0.0081673
-0.0003676
-0.0009519
0.0081292
-0.0059044
0.0070182
-0.0021796
-0.0081581
-0.0089656
-0.0082998
0.0095829
0.0010369
0.0015449
0.0055433
-0.006765
-0.0089969
0.0089005
0.0008989
-0.0029513
0.0081443
0.0055156
0.005891
0.0079933
-0.0031782
0.0096413
0.00259
0.009712
0.00416
0.0080413
-0.0004196
-0.0006936
0.0099999
0.0047367
-0.0099499
0.0006351
0.0069108
0.0027892
0.0037432
-0.003761
-0.0013434
0.0001487
-0.0016149
0.0012692
0.0093501
-0.0080935
0.0025127
-0.0066724
0.0064213
-0.0063402
-0.0099625
-0.0083377
0.0070345
-0.0015637
0.0092694
-0.0062418
0.0064953
0.0067518
-0.0010257
-0.0065353
0.0037542
0.0055321
-0.0060876
-0.0010971
0.0037513
0.0007904
0.0049307
0.002023
-0.001059
-0.0094464
0.0012646
-0.0035992
0.0036463
0.0010885
0.0056014
-0.0095975
-0.0082826
0.006024
-0.004879
-0.0026363
-0.0044023
-0.0089605
-0.0033621
0.0008621
0.0021454
0.0085365
0.0087122
0.0064958
0.0060867
-0.0012696
0.0071778
-0.0038185
-0.0072244
-0.0046591
-0.008064
0.0084069
0.0022052
0.0015282
-0.0096505
-0.0074383
0.0096987
-0.0076155
-0.0078929
0.0079458
-0.0072828
0.0019952
-0.0032626
0.003055
0.0090798
-0.007725
0.0020345
0.0073933
0.0057468
0.0011726
-0.0007153
-0.0013856
-0.0043918
0.0051637
0.006456
0.0048331
-0.0026844
-0.009893
-0.0014234
0.004605
-0.0076528
0.0065797
-0.0044955
0.0015339
0.0098127
0.0018553
-0.0043429
-0.0049382
-0.0053328
-0.0011973
-0.0021189
-0.003197
0.0053712
0.0019192
-0.0066894
0.0063871
-0.008651
0.0061297
0.0003409
0.0010228
0.0095958
-0.0031858
0.0071128
0.0074432
0.0085891
0.0072306
-0.0095371
0.0028817
0.0081166
-0.0077372
0.0098913
-0.0060499
-0.0034736
0.0067247
0.0084523
0.0095309
0.0001735
0.0052377
0.0080224
-0.0048042
0.0036679
0.0063825
-0.0037224
0.0062488
-0.0081145
-0.0015343
0.0008403
-0.0034872
-0.0083337
0.0028829
-0.0002398
0.0046318
-0.0002518
0.0042296
0.0089637
0.0094652
-0.0083199
-0.0010952
-0.004048
-0.0046398
-0.0064184
0.0064014
0.0082413
-0.0059068
0.0048914
-0.0050882
0.0065452
0.002736
-0.0096168
-0.0013405
-0.0086885
0.0011833
0.0033341
0.0041647
0.0015798
0.0090401
0.006282
-0.0020605
0.0062808
0.0030412
-0.0060294
-0.0037543
0.0072716
0.0030351
-0.005944
-0.0030683
-0.0014545
0.0020306
0.0037782
-0.0079727
0.0056465
0.0021192
0.0005149
-0.0092581
-0.0026757
-0.0014488
-0.0021108
0.0005862
-0.0017411
-0.0033075
0.0097677
-0.0038149
-0.000716
-5.6e-6
-0.0024341
0.009762
-0.0015326
0.0037971
0.0017559
-0.0090812
-0.0084683
-0.0067506
-0.0078243
0.0056313
0.0066735
0.0029932
-0.0018926
0.0017364
0.0008694
-0.004608
0.0095078
0.0039988
-0.0045538
0.0035305
-0.0018744
0.0081113
-0.0033396
-0.0012049
-0.0053788
-0.0073214
0.007605
0.0023229
-0.0091623
-0.0011626
0.0099266
-0.0071019
0.0007829
-0.0014861
-0.0069003
-0.0078476
0.0097181
0.0035172
-0.0031551
-0.0036599
0.0039378
0.0040636
0.004582
0.0062183
-0.0073164
-0.0053647
0.0065571
-0.0077366
0.0025635
0.0024567
-0.0080801
-0.0062544
-0.0082884
0.0059563
0.0089272
-0.0094073
0.0020741
0.0001297
0.0026447
0.0083632
0.002337
-0.0071275
0.0060235
0.0034338
0.0007977
0.006517
0.004366
-0.007515
0.0081275
-0.0066881
0.0002877
0.0080839
0.0030777
-0.0003484
-0.0022095
0.0056398
0.0006039
0.0022657
0.0063333
0.0021517
0.0037896
-0.0068424
0.0040059
0.0026583
0.000383
-0.0022498
0.0008526
-0.0055645
0.0076981
-0.0016641
-0.0062354
0.0001797
0.0013391
0.0018342
0.0091463
-0.0008425
0.0002864
0.0055391
0.0097242
-0.0018883
0.0090289
-0.0003737
0.0054178
0.0030181
0.0037172
0.0044698
0.0001298
0.0018806
0.001861
-0.0041811
0.008672
0.006491
0.0032125
0.0024523
-0.0091484
0.009446
0.0056962
-0.0031355
-0.0055144
0.007804
0.0097586
-0.0008925
-0.0087046
-0.0065595
-0.0028707
0.0034049
0.0079693
0.0079774
0.0015518
0.0064237
-0.008127
0.0039987
-0.0048486
0.0024344
0.0036934
-0.0079891
-0.0077837
-0.0028998
0.0027588
-0.0082233
0.0045316
-0.0078614
0.0059669
-0.0090288
0.0016822
0.0013535
-0.005806
-0.0064978
0.0049384
-0.0033315
-0.0081134
-0.0026843
0.0062845
-0.0030304
-0.0084685
0.0012854
0.0008343
-0.0023855
-0.0018047
0.0096287
0.003659
-0.0028252
-0.0042611
-0.0027097
0.0036052
-0.0077031
0.0001509
0.0083017
-0.0016386
-0.000444
0.0057051
-0.007931
0.000782
-0.0034789
-0.006633
-0.0009929
-0.0081053
-0.0019698
0.0074643
0.0016752
-0.0043086
-0.0060871
0.0036998
-0.0006199
0.0075177
0.0099788
-0.0049237
0.0032082
-0.0060041
0.004524
0.0011921
-0.0084737
0.0046643
-0.0065458
0.0087106
0.0071922
0.0034548
-0.0082375
-0.0051736
-0.0023382
0.0014176
-0.0090574
-0.0032258
0.0014171
-0.0003126
-0.0062434
0.0025904
-0.0044755
-0.0085777
0.002514
-0.0076111
-0.0057669
0.0029724
-0.0077065
-0.0012574
-0.0069394
0.0002839
-0.0074698
-0.0032861
-0.0007401
-0.0068615
-0.0033319
0.0068176
0.0098432
0.0046359
-0.007335
-0.0033313
0.0068064
0.0029004
0.0086888
-0.0080694
