-0.0036109
-0.0031427
-0.0097832
-0.0061479
0.0051988
-0.0005398
0.0096004
-0.0082531
-0.0045747
-0.0041438
0.0039007
-0.0068999
-0.0091628
0.0080217
-0.0057328
0.0007015
0.0080769
-0.0034687
0.0034345
2.47e-5
0.0094175
-0.0012623
0.0032912
0.0022268
0.0024278
0.0072844
-0.0067052
-0.0079515
-0.0054308
0.0087522
0.0075238
-0.0075801
0.0020873
0.0065122
-0.0036933
0.0067259
-0.005456
0.0072298
0.0071703
-0.0069815
0.0056392
0.0024997
-0.0021108
-0.0013479
-0.0068976
0.0065219
0.0094926
0.0009345
0.0077477
0.0086336
-0.0042725
0.0063732
0.0068513
0.0039091
-0.0059993
0.0076537
0.0001371
0.0094759
0.0004422
-0.0034973
-0.0093336
0.002105
0.0053018
-0.0096187
0.0057689
-0.0085977
0.0037994
-6.1e-6
-0.0039778
-0.0020558
0.0036067
0.0017557
0.0092812
-0.0069258
-0.0063311
-0.0032255
0.0019872
0.0082674
-0.009564
0.0052796
0.0028037
0.002989
-0.0060124
0.0077979
-0.0097869
-0.0097259
-0.0037174
0.0080197
0.0073284
-0.0028572
0.0053703
-0.0040976
0.001595
-0.0003675
-0.0018956
0.0011609
0.0018403
-0.0044316
0.0072233
-0.0060469
0.0076518
-0.0075546
-0.0081144
0.0081995
-0.0083522
-0.0020171
0.0093565
0.0040634
-0.0074877
-0.0014057
-0.0056624
0.0040765
0.0001034
0.0004386
-0.0013218
-0.0062157
-0.006052
-0.0062301
-0.0040328
-0.0002426
-0.0034091
-0.0016628
-0.0070212
0.0001239
-0.009731
0.0076073
0.0007698
-0.0019015
0.0094897
0.0015396
0.0043674
0.005925
0.0045899
0.0074971
0.0068466
0.0022478
-0.0010047
-0.0054396
-0.0050382
0.0089809
0.0018361
-0.0007318
-0.0098524
-0.0070609
-0.0019202
0.0010954
0.0084965
0.008882
-0.0011032
-0.0068168
0.0009577
-0.0063606
-0.005464
-0.0045975
-0.0036165
0.0014715
0.0092119
-0.0043385
-0.004563
-0.0098192
-0.0085039
0.0085101
-0.0039402
0.0035077
0.0051528
-0.005503
-0.0029994
-0.0005067
0.0006278
-0.0003717
-0.0039567
0.0052579
-0.0084891
0.0098576
0.0019704
-0.0008251
-0.0008006
-0.0028109
-0.0011307
-0.0057168
-0.0017119
0.0035441
-0.0023136
0.0045146
-0.0030733
-0.0059205
-0.0055112
-0.0099993
-0.0071839
0.0027541
-0.0006802
0.0046569
-0.0039988
-0.0052366
-0.004727
-0.0098688
0.0037244
0.004473
-0.008253
-0.009958
-0.0011625
-0.0028063
0.0040766
-0.0027866
-0.003428
0.0063512
-0.0032045
-0.0036745
0.0025064
0.0053995
-0.0076761
-0.0018589
-0.0099459
0.0055504
-0.0077973
-0.0087652
-0.0014548
-0.009362
0.0098247
0.0078132
-0.0073119
0.0053096
-0.0075728
-0.008096
0.0029375
0.0044982
-0.0093656
0.0060503
0.0041137
0.0015719
-0.0042634
0.0002161
0.0001966
-0.0002707
0.0090825
-0.0009929
-0.0096
0.0035305
-0.0041719
0.0084877
0.0037001
0.0014345
-0.0001747
-0.0011621
0.0088288
-0.00459
0.004926
-0.0071847
0.0014159
0.009713
-0.0042394
0.0006761
0.0069527
0.0068878
-0.009377
-0.0098055
-0.0024189
0.0048696
0.0020103
0.0088228
0.0080247
-0.0035075
0.0064941
0.0044584
0.0004958
-0.0080187
-0.0064342
0.007529
-0.0065042
-0.0071138
0.0095247
0.0077718
0.0022528
-0.0038088
0.0019223
-0.0091377
0.0035822
0.0045139
0.000805
-0.0081018
0.0043611
0.0024008
0.0046291
-0.0072242
-0.0049312
0.0056723
0.0067128
-0.0015391
0.0066609
0.0034279
0.0033221
-0.009325
-0.0025145
0.0040922
-0.0044362
-0.0017276
-0.0068887
-0.0077726
0.0066974
0.0061142
-0.0053867
-0.0057888
0.0037711
-0.0050726
-0.0075174
-0.0015974
0.0030173
-0.0062976
0.004856
0.0080959
0.002514
0.0014598
0.0065033
0.0045776
0.0001506
-0.0045529
-0.0073751
-0.0020319
-0.0091902
-0.0071937
-0.002717
-0.0007923
0.0019801
0.0071863
-0.0087968
0.0045589
-0.0010331
-0.0007874
-0.0063691
0.0092594
-0.0023567
-0.007433
-0.0081743
-0.0014237
-0.0002509
-0.0075857
0.0038343
0.0024807
0.0068992
-0.0004015
0.000777
0.0070697
0.0055965
-0.0046356
-0.0020451
-0.0021044
-0.0038217
0.0046193
0.0018526
-0.0004347
0.0015114
0.0035929
0.0048388
-0.0036629
-0.0049816
0.0081888
-0.0067681
0.0070152
0.0094116
0.0015901
0.0044188
0.0074002
-0.0083665
0.0079705
-0.0081756
0.007372
-0.0029016
-0.0003188
-0.0098776
0.0012913
-0.0016843
-0.0083962
-0.0065667
-0.0010381
-0.0070848
0.0093925
-0.0092973
0.0051952
-0.0015971
-0.0037681
-0.0061444
-0.0068857
0.0048014
0.0009109
-0.0084647
-0.0088787
0.00799
1.68e-5
0.0073248
0.0003826
0.0032806
0.0082948
-0.0048403
0.0025079
-0.0030753
0.0005112
0.0080282
-0.0045615
-0.001541
0.0003007
-0.0053548
0.0013395
0.0056093
0.0019427
-0.0064411
0.0078325
0.008407
0.0025811
-0.0009247
0.0075257
-0.0025161
-0.0042452
0.0065995
-0.0088384
-0.0063226
-0.0093643
0.0035012
0.00091
-0.0081431
0.0023762
-0.0082724
-0.0047937
-0.0006198
0.0016524
-0.0067258
0.0048616
0.0003138
-0.0070535
-0.0014894
-0.000569
0.003648
-0.0034304
-0.0047016
-0.0060929
-0.0080211
0.0073149
0.0052316
0.0048709
-0.0003644
-0.0029021
-0.0017987
0.0019122
-0.0003712
-0.0057642
-0.0036635
-0.0005027
0.0062211
-0.0051163
0.0042153
0.0062446
-0.0081983
0.0021779
0.0098272
-0.0073816
-0.0026563
0.0004526
0.0024509
-0.0003831
0.0083572
-0.0069918
0.0056289
-0.0014965
-0.0093964
0.0012869
-0.0018788
0.001901
0.0042657
-0.0091311
-0.000657
0.003104
-0.0087727
0.0057503
0.0072939
-0.0039438
-0.0047146
0.0044208
0.008755
-0.0023885
-0.0014315
0.0013073
-0.0052591
-0.0056976
0.0007519
0.0015921
-0.0082678
0.0047625
0.0075201
0.0041284
-0.0031549
-0.0056609
0.0030894
0.0051806
-0.0006602
5.98e-5
-0.0026177
