-0.0020244
0.0051521
-0.0088537
0.0067601
0.0098419
-0.0059115
0.003409
-0.0063465
-0.0051504
-0.0047642
-0.0070132
-0.0069788
-0.0081786
1.88e-5
-0.007199
0.0087229
0.0007694
0.0019789
-0.0042316
0.0007695
0.0059985
0.0003684
0.0087474
-0.0027674
0.0004867
0.0014659
0.0093522
-0.0013191
0.0073123
0.009711
0.0068663
0.0091289
-0.0008048
-0.0099028
0.0003396
0.0090507
0.0051211
-0.0023608
-0.0074551
-0.0068553
0.0070159
0.0012009
0.0019935
0.0035657
0.0060808
0.0068572
0.0030979
-0.0015427
-0.0083485
0.0032454
0.0091729
-0.0096562
-0.009736
-2.26e-5
-0.0078445
0.003828
0.005864
-0.0023931
0.0031439
0.0030881
0.0098831
-0.0046336
0.007149
0.0055373
0.0015026
0.007877
-0.0086991
-0.0027083
-0.008578
0.0044014
-0.0019931
0.0092615
-0.0069799
0.0098625
0.0017733
-0.0042963
-0.0069782
0.0006794
0.0032742
-0.0099623
0.0039877
0.0025661
0.0072886
0.0072796
0.0063629
-0.0032456
0.0095314
-0.0009117
0.001204
-0.0085456
0.0028088
0.0061923
0.000867
0.0092252
0.0079215
0.003103
-0.003921
0.0006819
-0.0088574
0.0078447
-0.0059686
-0.0035498
0.0041132
-0.0097854
0.0057308
-0.0017234
-0.0037373
0.0054382
-0.0036905
0.0014592
0.0044549
-0.0098376
0.0044567
0.0090534
0.0033781
-0.0003413
-0.0070886
0.005808
0.0080833
0.0063165
0.0062657
0.0081411
0.0040778
0.003413
0.0076006
-0.0068073
0.0044492
-0.0077681
0.0096012
-0.0046313
0.0010444
0.0086796
-0.0070846
0.00232
0.0047499
1.24e-5
0.0063674
0.0088712
-0.0070224
0.0015062
0.0091088
-6.99e-5
-0.0076218
-0.007772
0.0003178
-0.0004984
0.0090531
0.0090211
-0.0030319
0.0061145
0.0008754
0.0038662
-0.0045091
-0.0010086
-0.0015737
-0.0065052
0.0093158
0.0070022
0.0051617
-0.002858
0.0051451
-0.0081162
0.0086966
-0.0025895
0.0087745
-0.0081357
-0.0055974
-0.0023603
0.0066239
-0.0055138
-0.006689
-0.005518
-0.0070303
-0.003218
-0.0023639
0.0020289
0.0061296
-0.0066963
0.0033281
0.0084265
-0.0082998
0.0066969
-0.006341
-0.0034756
0.0046462
-0.0053411
-0.0069539
0.0099878
-0.0077258
0.0099714
0.0076868
-0.0006058
0.0055303
0.009493
-0.0042583
-0.0054626
0.0043988
0.0066838
-0.0095368
-0.0019461
-0.0024681
0.0077013
0.0088656
0.009171
0.0086733
-0.0025643
-0.006782
-0.0045999
-0.0093276
-0.0092939
-0.0017208
0.0058781
0.0071332
0.004481
-0.0063683
-0.0038793
0.0021196
0.003266
0.0077714
-0.0074349
-0.0003353
-0.0090666
0.0062575
0.0004404
-0.0005984
0.0094374
-0.0015688
-0.0013631
-0.0073733
-0.0071111
-0.0038352
-0.0012778
-0.0028712
0.0006593
0.0053962
-0.0088855
0.0012308
0.0019583
-0.0071752
0.0074501
-8.77e-5
0.0069047
0.0047805
0.0001104
0.0034749
0.0017922
0.0057064
-0.0048104
0.0080817
7.4e-6
-0.0063443
-0.0021116
0.0082155
0.0029694
0.0075025
0.0020327
-0.0015155
0.0043792
0.0091395
0.0073192
0.0014576
-0.0018918
-0.009062
0.0025878
0.0065642
0.0045134
0.0031422
-0.0039652
-0.0047071
-0.0035172
-0.0038474
0.0035687
0.0023518
-0.0059311
0.0006241
-0.0077223
-0.005386
0.0028923
0.0031647
-0.0074003
-0.0020322
-0.0055186
0.0082413
0.0032875
0.0023638
-0.0019084
0.0014633
0.0031736
-0.0011208
-0.004381
-0.0003595
-0.0084787
-0.0020763
-0.0075384
-0.005643
0.0023679
0.0060418
-0.0015361
-0.0039196
-0.0063777
0.0050904
0.0034463
0.0092012
-0.0095112
0.0033169
-0.0036312
-0.001492
-0.008691
-0.0016402
-0.0013517
-0.0014672
-0.0077029
0.0054138
0.0081643
-0.0094455
-0.0097387
0.0032496
0.0029651
-0.0083479
0.0031656
-0.0013363
0.0012443
0.0073834
-0.0025783
-0.0043285
-0.009806
-0.0039981
-0.0064781
-0.0079032
-0.0070254
-0.0041549
0.0096188
-0.0054624
-0.0090481
0.0058099
-0.0073288
-0.0093168
-0.0011928
0.0036849
0.0047835
-0.0011547
-0.0029105
0.0024127
0.0003056
-0.004803
-0.0062189
-0.0080531
-0.0010251
0.0066137
0.0005936
-0.0051233
0.0019121
-0.0063157
0.004127
0.0038446
-0.0068078
0.0056966
-0.0028661
0.0063147
-0.0097952
-0.0056561
-0.0084387
0.0010087
-0.0034893
0.0097392
-0.0037681
0.0019535
-0.0022571
0.003046
-0.003147
-0.0077177
-0.0015982
-0.0072384
0.0076662
-0.0079819
-0.0067447
-0.0064005
0.0051692
0.0014434
-0.001505
-0.0060733
0.0007407
0.0005328
0.0095523
0.0069605
0.0071535
-0.002485
0.0086125
0.0058411
0.0098162
-0.003377
-0.000649
0.0034548
0.0002549
-0.0015196
-0.0012012
-0.008402
0.0069968
-0.0063199
0.0080687
0.0065085
-0.0041006
-0.0004608
0.0069373
0.0072637
-0.0092166
-0.0001448
-0.0091994
-0.0038842
-0.0023264
-0.0075774
-0.0098873
-0.0036957
0.007613
0.0081206
0.0066519
-0.0050098
-0.0040512
-0.0053098
0.0084363
-0.0010209
0.0097125
0.0001543
-0.006886
-0.0045636
-0.0090762
0.0058918
-0.0075192
-0.0059413
-0.0019735
0.0065604
-0.0025402
0.0061725
0.0007416
0.0015646
0.0077777
-0.0064561
0.0062017
-0.0018685
-0.0012095
-0.0081914
0.0054414
0.0072245
0.0038824
0.0043713
0.0052492
-0.0057855
-0.0093216
0.005122
-0.0092187
-0.0072752
0.002642
0.0069729
0.0023228
-0.0071417
0.0087094
-0.0032362
0.0003285
0.0041981
-0.009783
-0.0019433
0.0019907
0.00275
0.0011686
0.0021406
0.0077228
-0.0014958
0.0084229
0.0031101
-0.0069848
0.0046197
0.0066
-0.0018387
-0.0075062
-0.0047224
-0.0082588
0.0059593
0.0059069
0.0034044
-0.0009235
0.002014
0.0023646
-0.0060147
0.0002473
0.001576
-0.0032342
0.0072052
0.0006503
0.0043108
0.0098553
-0.0081444
-0.004238
0.0065746
-0.0083102
0.0048814
