0.005816
0.004569
0.0013759
-0.009932
0.008568
0.0058377
-0.0080666
-0.0028223
-0.0061041
-0.0021597
0.0031469
-0.0053779
-0.0097927
0.0013516
0.0098863
0.0028595
0.00851
-0.0073882
0.0054978
0.0006233
0.0057887
-0.0045195
-0.0079936
-0.000493
-0.0070419
0.0022158
-0.0045561
-0.0067984
-0.0095485
-0.0007787
0.0028022
-0.0005163
0.0050742
0.001112
-0.0099811
0.0029582
-0.0046477
-0.0023386
-0.0016279
0.0044329
0.0003804
0.0019027
-0.0002314
-0.005355
0.0024267
-0.0049134
-0.0020503
-0.007477
0.0012812
-0.0057152
0.0015294
-0.002571
0.0075714
-0.0091526
-0.0032159
0.0018985
0.0058533
-0.0089153
0.0075699
0.0028009
0.0032573
-0.0069414
0.0007475
0.0080334
0.0066659
0.0034106
-0.0016831
0.0028056
-0.0061245
-0.007363
0.0049953
0.0067206
-0.0057334
0.0001593
0.0097695
0.0063882
0.0094186
-0.0033575
-0.0057761
0.0044403
-0.0053113
-0.0041664
-0.0065266
-0.0057269
-3.86e-5
0.0082912
0.0097452
-0.0090262
-0.0011338
0.0034783
0.0021743
0.0004234
0.0077902
0.0093999
0.0077217
-0.0032449
0.0094851
0.0004491
-0.0032378
-0.000846
-0.0097981
0.0085752
-0.0016731
0.0094951
-0.0052856
0.0061089
-0.0053701
0.0077058
0.0076878
0.005867
-0.003689
-0.0075474
-0.0009937
-0.0065028
-0.0032268
-0.007846
-0.0080217
-0.0091762
-0.0058392
-0.0042102
-0.0097886
-0.0030999
-0.0097414
0.0036346
-0.009317
-0.0025844
0.0030321
-0.0059005
-0.0023814
0.0011655
-0.0012985
-0.003968
0.0091065
0.0086977
-0.0068999
0.0054079
-0.0012529
-0.0088004
-0.0093647
0.0001546
0.0033293
-0.0071735
0.0011005
-0.0056658
-0.0086745
-0.0049977
-0.0022845
-0.0089406
0.0045471
-0.0083952
-0.0086219
0.000379
0.0021605
-0.009042
0.0041979
-0.0058118
0.0096205
-0.0008234
-0.0043541
-0.0024185
-0.0035446
0.0037982
0.0045333
0.0040375
0.0033788
-0.0008272
-0.0089111
-0.0002624
0.004986
-0.0022383
-0.0015156
0.0077948
0.0012167
0.0071902
-0.0042125
0.0035213
-0.0048842
0.0033565
-0.0063476
-0.0005479
0.0032048
-0.0001053
-0.0029943
0.0098963
0.0037514
-0.0045217
-0.0084048
-0.0072494
-0.0034575
0.0091077
-0.0052969
-0.0064844
0.0049274
0.0075558
-0.0087298
0.0056673
0.0085623
-0.0099399
0.0005321
-0.0031807
-0.0093527
0.0085587
-0.0057209
-0.0025689
-0.0092471
0.0001563
0.0018446
0.0089253
-0.0034734
0.0012003
-0.0055173
-0.0082994
0.0037358
0.0085764
-0.0041372
-0.0081153
0.0036996
0.0079153
0.0087403
0.002224
0.0063475
-0.0045799
0.0097983
-0.0063898
-0.0069078
-0.0094154
0.009462
-0.0026541
-0.0075556
0.0025728
-0.0084437
-0.0006469
0.0079714
-0.007504
-0.001978
0.0056202
0.003953
-0.0010681
0.0019654
0.0035825
-0.0031242
-0.0064648
-0.0023621
0.0086919
-0.006979
-0.0026229
-0.0076063
-0.001895
0.0030475
0.0013289
-0.0037956
0.0020239
-0.0073192
0.0013053
-0.0001573
-0.0043847
0.0074166
0.0097188
-0.0004009
0.0019371
0.003127
-0.0007722
0.0014683
-0.0037961
-0.0078901
-0.0055496
0.0079591
0.0068129
0.0001325
-0.0046944
-0.0030045
-0.0047396
0.0025882
2.77e-5
-0.0038034
0.0059055
0.0099653
0.0028065
0.0011094
-0.0097297
0.0081494
-0.0036901
-0.0041329
-0.0017637
0.0076608
-0.0044876
-0.0060766
0.0084873
0.0083069
0.000187
0.0015144
0.0028442
0.0012355
0.0041037
-0.0076249
0.0063964
-0.0054723
-0.0044017
-0.0028948
-0.0010375
0.0046905
0.000117
0.0012004
-0.0024462
0.0043659
0.0009306
-0.0068815
0.0050749
0.0043795
0.0003726
0.0023339
0.00664
-0.0066016
0.0053385
0.0005667
0.0034095
-0.007318
0.0010366
-0.0082938
-4.92e-5
0.0021536
-0.0041623
0.0005194
0.0081825
-0.0043037
0.0026998
0.0074315
0.0082669
0.0087919
0.003209
-0.007591
-0.00254
-0.0069696
0.0041651
-0.0074726
-0.0007422
0.0036905
-0.0099466
0.0083184
0.0028737
0.0053473
0.0029819
0.0080196
-0.0038146
-0.0056129
-0.0034319
-0.0030866
-0.0068253
-0.0080073
-0.0075838
0.0028604
0.0073691
-0.0019938
0.0018399
0.0080344
-0.0067669
-0.0007135
0.0053457
-0.0066776
-0.0003977
-0.0017322
0.0087587
-0.0051702
-0.0059797
-0.0073319
0.0064321
-0.0061863
-0.0080993
0.0076484
-0.0054634
-0.0070814
-0.0061419
0.0038496
0.0099603
0.0029565
-0.0054831
-0.0097816
0.000563
-0.0072698
-0.0085681
0.0077077
0.0078123
-0.0014677
0.0032919
-0.0060554
-0.0056594
-0.0035501
-0.0092352
-0.0096559
0.0068467
0.0042412
-0.0014817
-0.0080061
-0.0057301
0.0061355
0.0040415
-0.0015031
0.0011819
-0.0044055
-0.0098522
-0.0064412
-0.0046559
0.0078645
0.0081982
-0.0087405
0.0084418
-0.0097742
-0.0006722
-0.0007827
0.006174
-0.0037929
0.0078662
-0.0017875
-0.0087061
-0.0045159
0.0010536
0.0077026
-0.0061379
-0.0034012
-0.0055929
-0.0045781
0.0086858
-0.0007082
-0.0004922
0.0044197
0.0061317
0.0071114
-0.0096495
-0.0060769
0.0058145
0.0005934
-0.0068866
-0.0041519
0.0014451
0.0078856
0.0046108
-0.0024063
-0.0025175
-0.0071502
0.0027428
-0.0020288
0.003125
0.0084067
-0.0086875
0.000373
0.0087512
0.009164
0.0031398
-0.0040276
-0.0018493
-0.0090975
0.008514
0.0023158
-0.0096961
-0.0040071
0.0021049
-0.0028536
0.0077618
-0.0060713
0.0039589
0.0081358
0.0082248
-0.0080184
0.0051321
-0.0004212
0.0061066
0.0078617
-0.000801
-0.0029272
0.0026372
-0.0095415
7.12e-5
0.0067344
0.0069807
-0.0075234
-0.0018272
-0.0097833
-0.008211
0.0032934
0.0030021
0.0024962
-0.0018259
0.0023573
-0.0064223
0.0035496
-0.0078134
-0.0070137
-0.0008848
0.0075038
-0.0075744
-0.0016204
0.0090511
0.0030162
-0.0049934
-0.0006685
