0.0056078
-0.0011328
0.0032519
-0.0014204
0.0019903
0.0006843
0.0091208
0.0085634
-5.73e-5
-0.0050908
-0.0010052
-0.0089789
0.0045516
0.0035589
0.0082077
0.0017184
0.0064468
0.0025684
0.008078
-0.0090728
-0.0067423
-0.0018006
-0.0038598
-2.45e-5
0.0070131
0.0064188
-0.0071959
0.0079858
0.0015144
-0.0003615
-0.0017452
0.0083832
0.0046372
0.0011331
-0.0035001
0.0091556
0.003841
-0.0023343
0.0009544
0.0074362
0.0074778
-0.0031057
-0.0023658
0.0021326
-0.0098259
0.0094678
0.0015728
0.0028913
-0.0014285
-0.0031833
-0.0013204
-0.0087149
-0.0012235
-0.0083684
-0.0015738
-0.0080185
0.0073618
0.0081328
-0.0008552
-0.0037619
0.0078239
-0.0076051
0.00179
0.0071536
-0.0018851
-0.0039715
0.0090088
-0.001942
0.0095624
-0.0094302
0.0030948
-0.0096957
0.0002578
-0.0042828
0.0007539
-0.0053984
-0.0036842
0.0087309
-0.008012
-0.0070468
-0.008408
0.0014476
0.0033821
-0.0032411
-0.0032345
-0.0017181
0.0090819
0.0039097
-0.0075013
0.0017502
0.0047807
0.0007553
0.0047879
-0.0033857
0.0044643
0.0016684
-0.0013673
-0.0053689
-0.0049791
0.0007666
-0.0091439
0.0013389
0.0048684
-0.0032126
-0.0012798
0.0099128
-0.0084621
0.0016093
0.0046693
0.0079068
0.008312
0.0092807
-0.0039181
0.0094374
0.0019462
-0.0038401
-0.0004187
-0.0093539
-0.0042719
-0.0049877
-0.005707
0.0093867
-0.0022791
0.0048828
0.0068634
-0.0049454
-0.0011012
-0.0063955
0.0001368
-0.0060898
0.000193
-0.0010491
0.0040688
-0.0095793
0.000782
-0.0096842
0.0043887
-0.0011636
-0.0013082
-0.0025218
0.0073212
0.0001899
-0.0052641
-0.0016628
-0.003621
-0.0033082
0.0026741
-0.0024003
0.007545
0.0010912
0.0026681
-0.0075692
-0.0069644
0.008007
0.0082241
-0.0011848
0.0055329
0.0088388
-0.009263
0.0079053
0.0090637
0.0045482
-0.0035799
0.0048493
0.0022089
-0.0022346
-0.0011682
0.0079254
-0.0058247
-4.35e-5
0.0091424
-0.0085878
-0.0085172
-0.0098271
-0.0071639
-0.0088502
0.0006891
-0.0017735
-0.0075236
0.0047336
0.0074234
0.0046368
0.0077082
0.0055397
-0.0015381
-0.0030223
0.0085773
-0.0073513
-0.0001027
0.0008945
-0.0069809
0.0007859
0.0001617
0.0099824
-0.0065757
-0.000308
0.0025673
-0.0046539
0.0090242
0.003462
0.001173
-0.008579
-0.0019756
0.0008957
-0.0045737
0.0043611
-0.0024655
-0.0025524
-0.0008514
-0.0082616
-0.0034584
-0.0029908
-0.0009615
0.0025364
-0.002304
-0.0074585
0.0074365
-0.0034581
-0.0001872
0.004069
0.0015572
-0.0074017
0.0068398
0.0028656
-0.0087979
-0.0068235
-0.0019122
-0.008517
-0.0076894
-0.005408
-0.0037171
0.0030104
-0.0088046
-0.0018227
0.0018533
0.0026723
-0.0055837
0.0067197
0.0036962
-0.001493
-0.0006881
0.0043264
0.0015639
0.0016963
-0.0056397
-0.0070879
0.0004399
0.0065597
-0.0099959
-0.0079817
-0.0006001
-0.0090503
0.0050137
0.0083795
-0.0014043
-0.008965
-0.0094197
0.0028235
-0.0084168
-0.0004035
0.0018049
-0.0074508
-0.0031046
-0.000575
0.0090022
0.0013892
0.0045001
-0.0076339
0.0058195
-0.0085034
0.0086208
0.0088034
-0.0004995
-0.0094204
-0.0069466
-0.003478
-0.0082794
0.0026472
0.0038755
-0.0039914
-0.0071451
0.0031504
0.0055125
0.0009665
0.0078466
0.0004494
0.0058673
-0.0043876
0.0072947
0.0068246
0.0048891
0.0033671
0.0039255
0.0017031
-0.0031214
-0.0041451
-0.0035009
0.0070387
0.0077035
0.0051285
0.0009129
0.0061391
-0.007423
0.0020819
-0.0048453
0.002618
0.0086792
0.0053501
0.0053391
0.0053351
-0.0004171
0.0054667
-0.0024349
0.0012957
0.0035296
-0.0036903
-0.0041002
-0.0006449
-0.008699
0.0052737
0.0016171
-0.0039846
-0.0033337
-0.009471
0.0091836
0.0057113
0.0093029
0.0077185
-0.0044558
-0.0049537
0.0033879
0.001602
-0.0024233
-0.0029342
-0.007445
-0.0076799
0.0009072
-0.0018073
0.0033887
0.0050982
0.0061704
-0.0008951
-0.0007663
0.0068688
-0.0004623
0.0009981
-0.0038474
0.0033847
0.0055906
-0.0008133
0.0041476
0.0059924
-0.0012631
-0.003512
-0.0089257
-0.003543
-0.0037435
0.0091923
0.0026626
0.0003221
0.0077613
0.0046489
0.0072737
-0.0082192
0.0063472
0.0082204
0.0066732
0.0091492
0.0089751
0.0004128
-0.0078421
0.0079823
-0.0029281
0.0078739
-0.0059481
0.005955
0.0089435
-0.0048098
0.0046564
0.0074787
-0.0016373
-0.0042295
0.00073
0.0091693
0.0007209
-0.0062777
0.0018757
-0.003017
-0.0011355
-0.0010515
-0.0057408
-0.0038387
-0.0023716
-0.0034055
0.009882
0.0025218
-0.0047613
0.0052502
-0.0075667
0.009811
0.0093067
0.001341
-0.0077554
-0.0033497
-0.0036634
-0.0095256
0.0063514
0.0076688
0.0035099
-0.0084624
5.93e-5
-0.0081302
-0.0019489
-0.0038187
-0.0019253
0.0065123
0.0089741
-0.0075079
-0.0045198
-0.0088206
0.007607
0.0020251
-0.0059631
0.0069697
0.0089637
-0.001811
0.0050707
0.0072296
-0.0099351
0.0022932
-0.0041497
0.0073131
-0.0034417
0.0028526
0.0074087
0.0013326
0.0079027
0.0027314
0.0031304
0.0010028
-0.0086339
0.0019358
0.0037311
-0.0029994
-0.0088687
-0.0008227
0.0048887
-0.0061859
0.0078708
-0.0008184
0.0059017
-0.0097575
-0.0093397
-0.009216
-0.0064865
-0.0092929
-0.0068292
-0.0098389
0.0075567
-0.0042348
0.0045317
-0.0034583
-0.0049209
0.0005011
0.001948
0.0035462
0.0020401
-0.0085774
0.0090338
0.001139
-0.0040599
-0.000175
-0.0050737
-0.0003523
0.0088883
-0.0043612
0.0069184
0.0048051
0.0032835
0.0011754
-0.0087188
-0.0026312
0.0025819
-0.0006061
-0.0026984
-0.0044184
-0.009025
0.0075869
-0.0029924
-0.0075411
0.0010902
-0.0014375
0.0025522
-0.0073156
0.0006645
