-0.0051826
-0.0043096
0.0083587
0.0073559
-0.0059058
-0.0085678
0.0081547
-0.00794
-0.002383
0.0022769
0.0065738
0.0024144
-0.0005985
0.0037976
0.0088273
0.0019611
0.0080785
-0.0020495
0.0088476
0.0033181
-0.0099286
-0.0061876
-0.0088927
0.0047266
-0.0068503
0.0011891
0.002644
-0.008842
0.0096166
0.0047054
-0.0018049
-0.0088111
0.0011582
-0.0050901
-0.0040735
-6.52e-5
0.0061654
0.0039162
-0.0044026
0.0082933
-0.0046993
0.0028091
-0.0058439
-0.0009785
-0.0051315
-0.0085456
0.0097413
0.0030079
0.0008388
0.0084567
0.0093601
-0.0048793
-0.0082778
-0.0002758
-0.0019351
-0.0097865
-0.0090273
-0.0026662
0.0030352
-0.0020505
0.0051551
-0.0076894
-0.0090939
0.0055875
0.0090161
0.0066334
-0.0021148
0.0001785
-0.0069648
-0.0050455
-0.0077758
-0.0063962
0.0016128
-0.0012754
0.0094631
-0.0009793
0.0067942
0.006409
0.0075848
-0.0075383
-0.0044414
-0.0074402
-0.003713
0.0038242
0.0067528
0.006334
0.0075178
0.0080308
-0.0025912
-0.0054655
-0.0004019
-0.0070625
-0.0030383
-0.0001857
0.0097512
-0.0049737
-0.0087652
-0.0098413
-0.0047701
-0.0088112
0.0017893
-0.0032622
-0.0056033
-0.0045204
0.0001207
0.0061076
-0.0061528
0.008059
-0.0062057
0.0007334
-0.0072378
-0.0066257
0.0092519
-0.0092616
-0.0082491
-0.0037761
0.0065921
0.0038178
0.0092351
-0.0003525
-0.006603
0.0004155
-0.0073741
-0.0033192
-0.0026052
0.0017187
-0.0012365
0.0068617
-0.0015435
-0.0065902
-0.0053796
-0.0089252
0.0080389
0.00269
-0.0072088
0.0042631
-0.0037519
-0.0003067
0.0067462
-0.0002328
0.0014545
-0.0047514
0.0093021
-0.0047766
-0.0012324
-0.0089275
-0.0027681
-0.0067059
0.0050818
-0.0087211
-0.0093945
-0.007504
-0.0074315
-0.005046
-0.0074095
-0.0046051
0.0009356
-0.0044133
-0.006876
0.0054555
-0.0065311
-0.0043709
0.0029056
0.0057146
0.0017179
0.0039407
-0.0095696
0.0071517
0.0090175
-0.0034885
-0.0069914
-0.0073178
0.0095335
-9.89e-5
-0.0011926
-0.0018507
0.0080107
-0.0037472
-0.0075156
0.0040012
0.0038113
0.002046
0.007864
0.0070939
0.0019618
-0.0036765
-0.0010263
-0.009814
0.0098336
-0.0019954
-0.0073944
0.0085039
0.0034086
0.0014665
-0.0045831
0.0067036
-0.0021587
0.0015487
0.0037065
0.0075978
0.0045183
0.0035713
-0.0061827
-0.0048729
-0.0067999
-0.0006106
0.0056513
-0.0078761
-0.0050739
0.0024118
-0.0070127
-0.0072418
-0.0069367
-0.0031518
0.007695
-0.0096569
-0.0039577
-0.0040375
-0.0050593
-0.0003053
-0.0042695
0.0097204
0.0091729
-0.000437
0.0069326
0.0008697
0.0077029
-0.0001787
0.0015656
0.0030213
0.0029857
-0.0001514
-0.0060104
-0.0010181
0.0042737
-0.0086499
0.0006583
0.0009139
0.0094841
-0.0057148
-0.0011055
0.0026586
0.0053682
0.0056061
0.0017903
0.0042603
0.002558
0.002436
-0.0099678
-0.0001781
-0.0030229
-0.0041878
0.0096437
-0.0048674
-0.0030413
-0.0003408
0.0021148
0.0095527
-0.0037549
0.00577
0.0011773
0.0002431
-0.0066196
0.0097832
0.0092888
0.0029057
0.00412
0.0010056
0.0050296
0.002562
-0.0028425
-0.003918
-0.0083656
-0.0091689
0.0096092
-0.0027612
0.0027268
0.0009762
0.0082874
0.0008227
-0.0011176
-0.0050571
-0.0046739
0.0043684
-0.0058925
-0.0097434
0.0066347
-0.0023139
0.0010919
0.0096163
-0.0077235
-0.0035365
-0.003848
0.0056959
0.0043923
0.0069056
0.0055436
-0.006777
-0.0019998
0.0095407
-0.00089
0.0070027
0.0090278
0.0042113
0.0073644
0.0068055
0.0007502
0.0042829
-0.0084247
0.0065292
-0.0009761
0.0063453
0.0048341
0.0098848
0.0014074
-0.0030738
0.003757
-0.0065413
0.0017991
-0.0033282
-0.0011251
0.0046868
0.0021453
-0.0064903
-0.0088062
-0.0037202
0.007411
-0.0032022
0.0087129
0.0064145
0.0027387
0.0071719
0.0050098
-0.0007098
-0.0023507
0.0077074
0.0036871
-0.008775
-0.0072207
0.0095862
-0.004784
-0.0084415
-0.0050324
-0.0007585
0.0075791
-0.0070399
-0.0044509
0.0087124
-0.0068821
0.0038576
-0.0021826
-0.0072357
0.0063502
0.0006506
0.0046078
0.0060718
0.0067123
-0.0068441
-0.0099755
0.0044655
-0.0049301
0.0047808
-0.0071808
-0.0082758
0.0072639
0.0009295
-0.0021784
0.0093874
0.0085297
-0.0059638
0.0086169
-0.0043953
-0.0053689
-0.0072318
0.0006438
-0.004544
-0.0076582
0.0079405
-0.0093628
-0.0049675
-0.0031121
0.0095493
0.0031508
0.0038569
0.0036086
-0.0001902
0.0022866
-0.0038586
0.0080605
-0.0063085
0.0039173
0.0005773
-0.0019736
0.0085913
-0.0033287
-0.0082188
0.0077069
0.008441
0.0021042
-0.0086182
0.0064319
-0.0033282
0.0087703
0.0030504
-0.0041945
-0.0068311
-0.008141
0.0004311
-0.0062578
0.0071372
-0.0098541
0.0026455
0.0097318
-0.0015084
-0.0036136
0.0065507
0.0042266
0.0021034
0.0060827
-0.006276
-0.0077378
0.0054653
0.0075082
-0.000441
-0.0079853
0.0067629
-0.0015201
-0.0010835
-0.000108
-0.0082041
0.006955
0.0019386
0.0027493
0.0075703
-0.0075601
0.0077346
0.0096304
-0.0099506
-0.0099658
0.009644
0.0021088
0.0056332
0.0088709
-0.0071807
0.004866
-0.0099979
-0.0097743
0.0020015
-0.0037707
1.26e-5
-0.0030345
-0.0037491
-0.0065155
0.00034
0.0028844
0.0023059
-0.0036328
-0.0097465
-0.0073315
-0.0049816
-0.0057925
0.0082028
-0.0033522
-0.0068021
0.0045017
0.0015831
-0.0012168
0.0093933
-0.004115
-0.0097809
-0.0013276
0.0047328
-0.0008926
0.0091672
-0.0090285
0.005856
-0.0084835
0.0061692
-0.0015654
0.0024051
-0.0045404
-0.0001673
-0.0045369
-0.0033023
-0.0032698
-0.0010717
-0.0021158
0.0030691
-0.0013095
-0.0026685
0.0037653
0.0069394
-0.0022113
-0.0050891
-0.0047916
