-0.0075736
0.0011031
0.0054964
0.0050776
0.0069978
-0.0068761
-0.0036462
-0.0055099
-0.0021781
0.0029207
-0.0046008
0.0042479
-0.0007004
0.0097475
-0.0023697
0.0080965
-0.0077791
-0.0056508
-0.0060104
0.004709
-0.0075796
0.0043407
-0.0006439
-0.0051844
0.00634
-0.006884
-0.0087043
-0.0078819
0.0059934
0.0024168
-0.0011736
-0.0093823
-0.006443
-0.0005498
0.0033012
-0.0065105
0.0057108
0.0013898
0.0073548
-0.0083193
-0.0019063
-0.001438
0.0065578
-0.003848
0.0022124
0.007825
-0.006203
-0.0052819
0.0015534
-0.0047501
-0.0093818
0.002586
-0.0077017
-0.0063624
0.0012426
0.0074802
-0.0086416
-0.0078521
0.0050634
0.0093546
0.0007152
0.0055886
8.12e-5
-0.0061305
0.0052152
-0.0026258
-0.0025978
0.0029866
-0.0032227
0.0033513
-0.0059888
-0.0050786
-0.0014736
0.0095957
-0.0015218
0.0035831
-0.0071552
0.0027726
-0.0096907
0.0056485
7.77e-5
-0.0083623
-0.002863
0.0040156
-0.0033868
0.0057223
0.005104
-0.004789
0.0073723
0.008187
-0.0019827
0.0098787
0.0071827
0.0024891
-0.0054252
0.0061323
-0.0039274
-0.0047642
-0.0029147
-0.0078603
-0.0048157
0.0042696
0.0058607
-0.0059448
-0.0071567
0.0044879
-0.005243
-0.0080882
0.0096028
-0.006351
0.0055249
0.0002422
-0.0043444
-0.002239
0.0071262
-0.0076213
0.0010769
0.0074614
0.0061301
0.0019108
-0.0020652
0.000896
-0.0016722
-0.0058831
-0.0057222
-0.0018949
-0.0064781
0.0054463
0.0074435
0.0049557
-0.0045636
0.0076318
0.0034835
-0.0039807
-0.0057249
0.0094768
0.0028015
-0.0013599
0.0045011
-0.0040352
0.0062663
-0.0073414
0.0090433
-0.0096742
0.0027739
-0.005698
-0.0056632
-0.0091843
0.0033694
-0.0087
-0.0073775
-0.0016417
0.0063417
0.0064619
0.0005305
-0.0071669
-0.0033882
0.0046374
0.0074877
0.0051324
-0.0012146
-0.0046941
0.0054626
0.0032252
0.0028692
-0.0002828
-0.0034353
0.0094969
0.0054275
-0.0047683
-8.41e-5
0.0098291
0.0004074
-0.008498
0.0087122
0.0056523
-0.0092026
-0.0030336
-0.0090747
-0.0008694
-0.0059645
-0.0034425
-0.0045279
-0.0094162
0.0013126
0.0017859
-0.0060491
-0.0067622
-0.0029278
0.001754
-0.0096331
0.0058682
0.0099623
0.0067422
-0.0044734
0.0075101
-0.0079534
0.0007747
0.0031792
-0.0038699
0.007323
0.0099569
-0.0099611
-0.0039926
-0.0093322
0.0039674
-0.0004114
0.0049471
-0.0078512
-0.0074944
0.0007542
0.0035985
0.001643
-0.0058543
0.0006692
-0.0050236
-0.0041599
0.0031189
0.008018
0.0042942
0.0064459
0.0038651
-0.0050969
-0.0071242
0.0027622
0.0059323
0.0091852
-0.0036182
0.0069647
-0.003698
0.0032981
0.0009192
-0.0065993
-0.0061913
-0.0024687
-0.0028904
-0.0071023
-0.0034932
0.0020048
0.0016047
-0.002972
-0.0055923
0.008371
-0.0033205
0.0017623
0.0074049
-0.0057976
0.0026506
0.0060749
-0.0088731
-0.0046179
-0.0059112
-0.0007021
0.0041746
-0.0060545
0.0063586
-0.0028242
-0.0022727
0.0013012
-0.002568
0.0090099
0.0008669
-0.0037605
0.0016377
0.0039792
-0.0024613
-0.0049925
-0.0089315
0.0059457
-0.0025486
-0.0067102
-0.0062797
0.0016258
0.0038992
0.0085212
-0.0019903
-0.0031857
-0.0017709
0.0013728
0.0078991
0.0068967
-0.0059743
-0.0020161
0.0029251
-0.0087212
-0.0011833
-0.0080344
-0.0089113
-0.0070746
-0.0023413
0.0029451
-0.0044553
0.003289
-0.0010808
0.0077741
-0.0093466
0.0022469
2.13e-5
-0.0048787
-0.0097988
-0.0083368
-0.0078135
-0.0019796
0.0004112
0.00522
-0.0086002
0.0087792
0.0016711
0.0094641
0.0069749
0.0017383
-0.0054629
0.0043096
0.001409
0.0056335
0.001595
0.0038543
-0.0006192
0.0016281
0.0094071
0.0034184
0.0072617
-0.0075432
-0.0004226
0.007092
0.0099298
-0.000723
-0.0035864
0.0060482
0.0046407
-0.0031186
0.0046241
0.0081893
-0.0099745
-0.0048718
-0.0090674
0.0049723
-0.0027235
-0.0003198
-0.0053332
-0.0012048
-0.0099314
-0.0039363
0.0038558
0.0066085
-0.0050067
0.0051571
0.0023565
0.0041388
-0.0007428
0.0038163
-0.0054515
0.0003059
0.0010609
-0.0012696
0.0015488
0.0009434
0.0095726
-0.0054175
-0.002427
0.0042241
-0.0040124
0.0006631
0.0042273
-0.006426
-0.0026458
-0.0063137
-0.0093252
0.0035002
0.0090289
0.0098671
0.0053696
-0.0067129
-0.0014699
-0.0047543
0.0028369
0.0042362
0.0012827
-0.0045133
0.0004236
0.0030405
0.0009665
-0.0065122
0.0088224
0.0064106
-0.0098378
0.0054313
-0.0074322
0.0057261
0.0059101
0.0068011
-0.0061769
-0.0052129
0.0064903
0.001717
-0.0082393
0.0017993
-0.0083872
-0.0099576
0.0049201
0.0068822
0.0049029
-0.0008545
0.0093196
0.004906
-0.0064806
0.0070283
0.000396
-0.0064674
-0.0095821
0.0083291
-0.0047683
-0.0058909
0.0061402
-0.0038754
-0.0017881
-0.0005905
-0.0070667
0.0014894
0.0018377
0.0027849
0.0062134
-0.001737
0.0096054
-0.0090819
0.0040301
0.0065285
0.0007172
-0.0011902
-0.0070306
0.0094478
-0.0017569
-0.0026953
0.001321
-0.0046955
-0.0008739
-0.0005831
-0.0030537
0.0091314
-0.0036095
-0.0004721
-0.0061381
0.0080407
-0.0019967
-0.0080939
0.004795
-0.0060707
-0.0028262
-0.0091945
0.007306
0.0019849
0.0007697
-0.0072274
0.0063938
-0.0083321
0.0062467
-0.004223
0.0019362
0.0029739
0.0011153
-0.003339
-0.0082672
-0.0096033
0.0044013
-0.0093943
-0.0055369
-0.0080526
-0.0074964
0.0069701
0.0083938
0.0020635
-0.0092172
-0.0056475
0.008767
0.0007944
0.0079408
0.001124
-0.0012775
0.0077637
0.0064818
-0.0090799
0.007978
0.0090809
0.0056705
-0.007991
-0.0002339
0.0030242
0.0039936
-0.0078456
0.001732
0.0096701
-0.0031125
-0.008877
-0.0077794
-0.0053892
