0.0036353
0.0017688
0.0085155
0.0022841
-0.0074378
0.0079337
-0.0059658
0.0074675
-0.0046549
-0.0043441
-0.001964
0.0079519
0.0029606
-0.0014081
-0.0020705
0.0063249
0.0064587
0.0071707
0.0052582
0.0059505
-0.0006849
0.0045659
-0.0038549
0.0019317
-0.0011334
0.0021199
0.0071222
-0.004409
0.0024986
0.0091229
-0.0018034
-0.0024226
-0.0081106
-0.0055987
0.0003728
-0.001543
0.0064342
-0.000752
0.0075642
0.0062979
-0.0020089
-0.0095248
0.0027883
0.0041174
-0.0091957
-0.0098613
0.005083
0.004751
-0.0064262
-0.0052253
0.0020025
-0.0029502
0.0004412
0.0020688
-0.005312
0.0037705
-0.0035855
0.0012657
0.0082399
-0.0070472
0.0007848
-0.0068378
-0.002174
0.0049105
-0.0096409
0.0005121
0.0020917
-0.0094811
0.0077225
-0.0048851
-0.0088197
0.0021123
-0.008404
-0.0075145
0.0025875
0.0065667
0.0025053
0.0018599
0.0065651
-0.0060264
-0.0053806
-0.0050964
-0.0023214
-0.0058215
-0.0027205
0.0099941
-0.0001514
0.0029214
0.0068008
0.000261
-0.0048536
0.0049304
0.0078798
0.0090065
-0.0084784
0.0089429
0.0002882
-0.0090906
0.0089259
0.0003513
-0.0086792
0.0003853
-0.0038687
0.0068651
-0.0081211
-0.0070359
0.0069559
-0.0058348
0.0046599
0.0036117
-0.0013658
0.0097257
-0.0022863
0.0035302
-0.0021161
-0.0060185
-0.001062
0.0017453
0.003322
-0.0092092
-0.0034788
-0.0015172
-0.0060275
-0.0080305
0.002679
0.0060107
-0.0035124
0.001499
0.0053528
0.0009786
0.0017055
-0.0073754
-0.001536
-0.0063264
0.008314
0.0085833
-0.0021195
0.0036653
0.0068993
0.003405
-0.0086145
-0.0029395
0.0079863
-0.0033553
-0.0049972
0.0003854
0.0020635
-0.0088758
0.0020623
0.0061135
-0.0071037
-0.0060538
-0.0071149
-0.0072621
-0.003957
-0.0049196
-0.0081403
0.0056267
-0.001314
0.0039149
-0.0093113
-0.0067597
-0.0026424
-0.0070965
0.0057079
0.0099955
0.0006313
-0.003444
-0.0007539
-0.0016044
-0.0014739
-0.0056192
-0.000512
0.005052
0.0018622
-0.0078796
-0.0043883
0.002685
-0.0065869
0.005439
0.0068121
-0.0073407
-0.0028836
-0.0003803
0.0038015
0.0065056
-0.0006302
-0.0057902
0.0011432
-0.0035424
0.0089263
-0.0088321
0.0082346
0.005195
-0.0093884
-0.0062569
-0.0031569
0.0073469
0.0020706
0.00941
-0.0003206
-0.001962
0.0015704
0.0038684
0.0007727
0.0041551
0.0054373
-0.0067685
0.0066226
0.0068987
0.0026304
-0.009815
0.0019085
0.0034437
-0.0077644
-0.0020798
0.0028072
-0.0016231
-0.0093529
-0.0076718
-0.0068068
0.0017101
-0.0077532
-0.0063291
0.0098442
0.0044164
-0.0057556
0.0011641
0.0045401
0.0072763
0.0092246
0.0066041
0.0008656
0.0009619
0.0076982
-0.0040926
-0.0034888
-0.0095571
0.0004975
-0.0038785
-0.0049179
0.0037387
-0.0074963
0.0098725
0.0052567
-0.0061163
-0.0010575
0.0047915
0.0084281
-0.0004485
0.0056763
-0.0016889
-0.0011037
-0.0070617
0.005518
-0.0082791
0.0014255
-0.0022613
0.0076892
0.0080829
-0.0082845
-0.0048249
0.0011052
0.004222
0.0034617
-0.0039316
0.0049641
0.0064541
0.0021426
-0.0034625
-0.0095242
0.006901
0.0076778
0.0050419
0.0067438
-0.0066675
0.0071783
0.0007063
-0.0040324
-0.0020339
0.0076746
0.0035973
0.0006244
0.005328
-0.0095523
0.0047005
0.0014131
0.0039802
0.0029166
-0.0063232
0.0027436
-0.0006147
-0.00641
0.0057566
-0.0012153
0.0006357
-0.0066017
0.0077034
-0.0088674
0.0044096
0.0076641
-0.0094652
0.0040211
0.0085518
0.0055342
-0.0008529
-0.0079512
-0.0072021
-0.0091418
0.0015351
0.0050415
-0.0022414
-0.0091081
0.0054318
0.0006956
-0.0034663
-0.0009374
-0.0066582
-0.0095778
-0.0050748
0.0091623
0.0029428
0.0098558
0.0085602
-0.0035494
0.0051581
-0.0058483
-0.0070923
-0.0047798
-0.000491
0.004624
0.0070847
0.007585
-0.0096707
-0.006926
-0.0006455
-0.001915
0.0014564
0.0044367
-0.0077687
0.0075536
-0.0002254
0.0094979
0.0029682
0.0023248
-0.0048256
-0.004124
0.0081581
0.0032627
-0.009602
-0.0064342
-0.0009467
-0.0045158
-0.0098957
0.0085475
0.001295
-0.0064181
0.0073835
-0.0046235
0.0060097
0.0099399
-0.0058439
0.0074984
-0.000222
0.0009709
0.0049359
0.0044388
-0.0067483
0.0008902
-0.00078
0.0056687
-0.0002452
0.00636
0.0030788
-0.0056219
-0.0020257
-0.0030473
-0.0046413
-0.0011972
0.0032155
0.0046025
-0.0093762
-0.0060615
0.0016945
0.0028408
0.009181
0.0080094
-0.0011871
-0.0050025
0.0048766
0.0092823
0.0011512
0.0073558
-0.0015694
0.0059114
0.0024768
-0.006928
-0.0097504
-0.0031206
0.0046105
-0.0054503
-0.0063112
0.00485
-0.0016068
0.0037573
-0.0090699
0.0065937
-0.0047882
0.0072696
0.008949
0.0021406
0.0085798
0.0029102
-0.0087309
-0.0010158
-0.0082083
0.0070096
-0.0029322
-6.76e-5
-0.0095271
-0.0003006
0.0051476
0.0023718
-0.0014595
0.0033753
0.0002119
-0.0083298
-0.0066681
-0.0081378
0.0097572
-0.0038441
0.0046961
-0.0090878
-0.0055479
-0.0084475
-0.0053531
0.0075123
0.0082785
0.0044677
-0.0088743
-0.0043479
0.0048966
-0.0007369
-0.0009238
0.008359
0.0099216
-0.007175
-0.0018175
-0.0070988
-0.0053926
0.0021102
-0.007222
0.0017055
-0.0070515
0.0003427
-0.0009069
-0.004161
0.0024361
0.0062271
0.0022725
-0.0024674
-0.0077768
-0.0079181
0.0035486
0.0068137
0.0077419
-0.0059425
0.0034986
-0.0004806
-0.0065363
0.0007069
-0.0008455
0.0008818
0.0023355
0.0056249
0.0001429
-0.0038218
0.0086482
0.008728
-0.0047305
-0.0099902
0.0095117
0.0069965
-0.0084307
-0.007535
0.0029108
-0.0019829
-0.0084671
0.0052662
-0.0088474
0.0034709
0.0066829
-0.002586
-0.0038736
-0.0026428
