0.0053996
-0.0033717
-0.0036955
0.0038068
0.0054002
-0.0064466
-0.0077318
0.0042269
0.0021153
-0.0021056
0.0044927
0.0056903
-0.0083903
0.0058662
0.0056201
0.0096155
0.0002695
-0.0007195
0.0053207
0.0010871
0.0052524
0.0006724
-0.0016463
0.0081998
-0.0006272
0.0022216
0.009445
0.0026368
0.0032979
-0.0038721
0.0066011
-0.0022289
-0.0009322
0.0036232
0.0065486
-0.0087415
0.0098396
0.0041369
0.0060388
0.005672
-0.0073749
0.0032226
0.0021164
0.0001095
0.0072077
-0.0091555
-0.0017872
0.0041169
-0.0047225
0.0076195
0.0003169
0.0071437
0.0041895
0.0044804
-0.0063678
0.0057502
-0.0023084
0.0080047
0.0047604
-0.0098498
0.001782
0.0097186
-0.008546
-0.0018873
0.0049724
0.0075502
-0.0042659
0.0036386
0.0019639
-0.0094689
-0.0059041
0.0036879
0.0090294
0.0001239
-0.0066637
0.0005672
0.0092363
0.0009747
-0.0076798
0.0095655
0.0040565
-0.0076638
-0.0006366
0.0090953
-0.0055404
0.0072057
-0.0088852
0.0046959
0.0064156
0.0056491
-0.0072546
-0.0096002
0.0036277
-0.0096832
-0.0037694
-0.0086616
-9.14e-5
0.0078424
-0.0041263
0.0040655
0.0052862
0.0010963
0.0039423
-0.0088619
0.0025056
0.0027196
0.0091081
-0.0078484
0.0069427
-0.0065777
-0.0036048
0.0005976
-0.0022299
-0.0078851
-0.008658
-0.008152
0.0001024
-0.0094261
0.0099513
0.0095446
-0.0085001
0.0062229
-0.0013344
0.0063019
-0.0058804
0.008774
0.0061858
-0.0003892
0.0046391
-0.007862
0.0045388
0.0042415
-0.007495
0.0042927
-0.0032521
-0.0003652
0.0067498
0.0064154
-0.0014547
-0.005436
0.0064497
0.0045883
-0.0083728
-0.0005083
0.0013468
-0.0072701
-0.0022056
-0.0093183
-0.0090736
-0.0008544
0.0060295
-0.0092586
-0.0090361
-0.0026053
-0.0006708
-0.0053622
-0.0055326
0.0012614
0.0022189
-0.0053842
0.0087254
0.0038766
0.0009175
4.96e-5
-0.0009504
-0.0008382
0.0054036
-0.0002539
0.0051642
0.0082652
-0.0039494
0.0025878
0.0018129
-0.007343
0.0091476
-0.0036538
0.008533
0.0093142
0.0062972
0.0020259
-0.004562
-0.0076831
0.009155
-0.0019612
-0.0048981
0.0025872
-0.0067075
0.0006495
0.007831
-0.00704
0.004896
-0.0070678
0.0055409
0.0004564
-0.0031827
-0.0024438
-0.0044194
-0.0070458
0.0061126
-0.0028028
-0.0042794
0.0059008
0.0045402
-0.0091219
-0.0008563
-0.0031854
0.0009341
-0.0099293
0.0010634
-0.0074187
-0.0073997
-0.0077228
-0.0085249
-0.0041368
0.0087184
0.0047542
-0.0034941
-0.0088941
-0.0073926
-0.0055964
-0.0049154
-0.0058511
-0.0011031
0.0010786
-0.0092965
-0.0042003
0.001047
0.0005934
0.0012856
-0.0055466
0.0071478
0.0056319
-0.0026641
0.0072382
0.0042625
-0.0094441
0.0044542
0.0075482
-0.0009842
0.0001543
-0.0031935
0.0074277
-0.0057691
0.0039867
0.0005839
-0.0031369
0.0004649
-0.004987
-0.0039154
-0.0035621
-0.0052678
-0.0001151
-0.0064825
0.0019682
-0.0039941
0.0007976
0.0046984
0.0043866
0.0084617
-0.0013118
0.0060545
-0.0050948
-0.0022669
-0.0092941
0.0062543
-0.0007039
-0.0007534
-0.0071418
-0.0019222
0.0084717
0.0083319
-0.0002313
0.007765
-0.0062685
-0.0044598
0.0049984
-0.0097266
-0.009909
-0.0079653
0.0045587
-0.0024182
-0.0087379
0.0096649
-0.0076653
-0.0010711
0.0097207
0.005491
0.0099161
0.0001186
0.0023756
-0.0037563
0.0077606
-0.0052946
0.0012508
0.0040504
0.0059929
-0.0082353
0.0005961
0.0064464
0.0047933
-0.0083379
0.0095148
0.0043213
-0.0068014
-0.0048147
0.0039566
-0.0067645
0.0093774
0.0069131
-0.0008174
-0.0058128
-0.0047586
-0.009807
0.005078
0.0057529
0.0098652
0.0005091
0.0028535
-0.0024834
-0.0097824
0.006063
-0.0095602
0.007896
-0.0035992
0.0038613
-0.0094181
0.0003308
0.0076405
0.0027646
0.0093717
-0.0075135
0.0015574
-0.0096421
-0.000518
-0.0086226
0.0012257
0.0012854
-0.0087734
0.0090007
0.0035607
-0.0056256
0.0041184
0.0016354
0.0025416
-0.0085725
0.0035678
0.0012403
-0.0074039
0.0068661
-0.0045812
-0.0023893
0.0078516
0.0097686
-0.0018153
-0.0084342
-0.0039107
-0.0080873
-0.0054454
0.0042592
-0.0034165
-0.005156
-0.0002073
0.0042169
0.0076261
0.0055561
-0.007281
-0.008882
0.0055679
-0.0015195
-0.0008135
-0.0012751
-0.0033552
0.0062236
-0.0024214
-0.0023196
-0.0092154
0.0089657
-0.0013693
-0.0050989
0.0076584
-0.0004955
-0.0059697
-0.0084951
-0.0076604
0.0012267
0.0095065
0.0016589
0.0068501
0.0028294
-0.0073154
-0.008577
-0.0057101
-0.0029882
-0.0048423
-0.0070617
-0.0067844
0.0089199
0.0029878
0.0036096
-0.0089161
0.0050933
0.0053839
-0.0034412
-0.0044375
0.0064688
0.002312
0.0050746
0.0002289
0.0047714
-2.17e-5
0.0084004
0.0017403
-0.0091485
0.0075768
-0.0026219
-0.0026992
0.0079444
-0.0020023
-0.0043606
0.0086075
-0.0037524
0.0066067
-0.0094495
0.0005204
-0.0052288
-0.0009055
-0.009774
0.0026599
-0.0071714
-0.0037108
-0.0018313
0.0022858
-0.0070906
0.0049128
0.0088078
0.0065626
0.0017976
0.0025678
0.001538
-0.0051906
0.0094558
0.0013421
0.0050767
-0.0025477
-0.0093426
0.0030352
-0.0016954
0.0056032
0.0095735
0.003624
0.0031614
0.0014287
0.0044615
0.0070373
-0.0045712
0.0074542
-0.0087079
-0.0015578
0.0027644
-0.0010958
0.0088939
-0.0062779
-0.0049608
-9.53e-5
0.0054333
0.0088516
0.0045182
0.007815
-0.0006387
-0.0092628
-0.0068582
-0.0070447
0.0081113
-0.0063259
-0.0034306
0.0070072
-0.0001978
-0.0021326
-0.0003395
0.0084165
0.0045756
-0.008194
0.0048139
0.0062921
-0.0048799
0.004147
-0.006561
-0.0035947
0.0096554
-0.0071259
0.0093989
0.0001539
0.0036166
0.0014617
-0.0095629
