-0.0019377
0.0069831
-0.0067213
0.0015325
0.0082359
-0.0003905
-0.0010326
0.0020192
0.0043603
0.0058708
-0.0001763
0.0072835
-0.0013514
0.0088928
-0.0084819
0.0008219
0.0067314
0.0036118
0.0023096
-0.0095668
0.005722
0.0033593
0.0049902
-0.0064412
0.0096748
-0.0056797
-0.0015707
0.0083152
0.0051012
-0.008212
0.0086486
0.0001739
-0.006898
-0.0052415
-0.0060204
0.0040338
-0.0054462
-0.0006173
-0.0050533
0.0052385
0.002608
0.0014807
-0.0060265
0.0097352
0.0029163
-0.0032591
0.0087531
-0.0004883
-0.0003417
-0.0010407
0.0052873
0.0006619
-0.0084372
-0.0038884
-0.0025758
0.0011655
-0.0059678
-0.0037741
-0.0038722
0.0048672
0.0040835
-0.0023099
0.0033099
0.0041207
0.0053831
0.0071881
-0.0006823
0.0064476
0.0024793
-0.0094599
-0.00634
-0.0072436
0.009043
-0.0048487
-0.0066295
0.0010135
0.000913
0.0089547
-0.0014398
-7.55e-5
0.0078645
0.0098174
0.0028055
-0.0074154
2.77e-5
0.0016589
0.0041542
0.0048579
0.0096482
-0.0094471
-0.0021526
0.0002657
-0.0068287
0.0031877
0.005845
-0.0058547
0.0047825
0.0036748
0.0014146
0.0041468
-0.0034578
0.0089624
-0.0088436
0.0039826
-0.0067937
0.0058314
-0.0056008
0.0081235
0.0042299
0.0005181
-0.0006792
0.0079384
-0.0018519
-0.0049432
-0.0007231
-0.0078926
-0.0005708
0.0048767
-0.0028061
-0.0058092
0.0091032
-0.0087186
-0.0064687
0.0065922
0.0071825
0.0025874
-0.0021744
-0.0066381
-0.0067173
0.0031261
0.0048213
0.0043302
0.0047863
0.0096324
0.0071073
-0.0087485
0.009752
-0.0042039
-0.0031598
-0.0076672
0.0084599
0.0006052
0.0048509
0.0078808
0.0009889
0.0077629
0.0062525
0.0033353
-0.0023884
0.0079039
-0.008549
0.0012316
-0.0030702
0.00706
-0.0094442
-0.0001431
-0.0081371
0.0090599
0.006854
0.0052582
-0.0058894
-0.0069636
-0.0068286
0.0054405
-0.0026073
-0.0077604
-0.0035937
-0.0032595
-0.0066645
-0.0070111
0.0013222
0.0090606
0.0052184
-0.0024689
0.0054292
-0.0027647
-0.0051884
0.0069543
0.0074215
-0.0067611
0.0044311
0.0041899
-0.0078582
-0.0083633
0.0021155
0.0002288
-0.0059715
5.29e-5
0.0045823
0.0056798
0.009346
0.0082514
0.0048503
-0.0091409
0.0020224
-0.0045618
0.0035136
0.0048324
-0.0075946
0.0005086
-0.0094991
0.0029347
-0.0008922
0.0064759
-0.0080176
0.0063097
0.0017454
0.0065321
-1.29e-5
0.0017335
0.0021149
-0.0093079
-0.0021514
-0.0046382
-0.0057573
0.0058678
0.0019086
0.0053577
-0.0072645
-0.0066479
-0.0041186
0.0029264
-0.0026136
0.0062848
0.001834
0.0045061
0.005447
0.0004793
0.0044171
0.0049429
-0.0048594
0.0095836
-0.0021518
0.0051551
-0.0072654
0.0008185
-0.0039025
0.0029264
-0.0018581
-0.0040436
-0.0094089
-0.008272
-0.0081834
-0.0077511
-0.0082034
-0.008246
-0.0040985
0.0014149
-0.0065495
-0.0084474
-0.0044094
0.007079
0.0073366
0.0028422
-0.0021123
0.0017923
0.0017218
-0.004015
-0.0094543
0.0015635
-0.0029141
-0.0010124
-0.0004134
0.0028954
0.0037058
-0.0074389
0.0035076
0.0063631
0.0035699
-0.0004777
0.005589
-0.0038464
0.0039391
0.0052919
0.0056197
0.0084243
-0.0035468
0.0080381
0.005505
-0.0034995
0.008791
0.0037317
0.0036971
-0.0036448
0.0079031
0.002664
0.0070367
0.0065411
0.004875
0.0020577
-0.0093613
-0.0042492
0.0008747
0.0003371
0.0072298
-0.0022725
-0.0053599
-0.0068743
0.0045561
-0.0095779
0.0082646
-0.0069458
-0.0034472
-0.0072502
-0.0099123
0.0097815
-0.0093238
0.0031516
0.0078706
0.008093
0.0084513
0.0011557
-0.0068136
-0.0086813
0.001943
-0.0043456
0.0074103
-0.0027708
-0.0055454
0.0059081
-0.0090263
-0.0032371
-0.0072466
-0.0065655
0.0076017
0.0093878
-0.0013554
-0.0059803
0.005636
0.0045517
-0.0007119
0.0044742
0.0079444
0.0021434
-0.0054041
0.0087365
0.0033115
-0.0029415
0.0016085
0.0023973
0.0056257
-0.0075364
0.0070312
-0.0035945
0.0043487
-0.0028609
0.0046425
-0.0042994
-0.0038481
0.00185
-0.0038704
0.0038112
-0.0066782
0.0094119
-0.0051139
0.009423
-0.0061187
-0.0005979
-0.0076325
0.0005666
-0.0075779
0.006027
-0.008278
-0.0003774
-0.0082816
0.0068882
-0.0065775
0.0063376
0.0058534
-0.0085619
0.0037389
1.45e-5
-0.0041789
0.0087869
0.0075945
-0.0096687
0.0089687
0.0062455
0.0058
-0.0037891
0.0017185
0.0057113
0.0019442
0.0033702
0.0051952
0.0085197
0.0079846
0.0044183
-0.0015212
0.0050867
-0.0058369
0.0014577
0.0058865
-0.0010013
0.0091262
0.0054686
-0.0004636
-0.0094537
-0.0006551
-0.0060518
-0.0082343
-0.0058197
-0.0023141
0.0030082
0.0067564
-0.007662
-0.0094136
-0.005876
-0.001461
-0.0014074
0.0047602
-0.0074031
-0.0048421
0.0086343
-0.0058781
0.0003331
-0.0048333
-0.0088731
0.0076505
-0.0019757
0.0072387
0.0039091
0.0053844
0.0007948
-0.0056464
-0.0029749
0.0006559
-0.0085154
-0.0090648
-0.007728
0.0058794
-0.0051415
-0.0032345
-0.0043074
0.0080403
-0.0013049
-0.0098065
0.0098847
0.0012131
-0.0049098
-0.0038759
0.0050336
0.0015214
0.0014276
0.0029936
0.0077455
0.0039729
-0.0086656
-0.0091145
0.0047172
-0.007195
0.0093784
-0.0047098
0.0036352
-0.005639
0.0072615
-0.0044348
0.0032614
0.007863
0.0069613
0.0049164
0.0067149
0.0040781
-0.0081021
-0.0069324
-0.001336
-0.0010135
-0.0013888
0.0057887
-0.0055919
-0.0075418
0.0088345
0.009123
0.0021258
0.0098171
-0.0099577
-0.0069577
-0.0032215
-0.0058539
-0.0087798
0.0093116
0.003633
-0.0078484
0.0099528
-0.0056645
0.0065074
0.001602
-0.0009362
0.0048216
-0.0089265
-0.00132
0.0004317
-0.0027035
-0.0030929
-0.0073918
