0.0018687
-2.78e-5
0.0071265
-0.0003241
0.0025192
0.0065004
0.002679
-0.0047892
0.0009223
-0.0033279
0.0036379
-0.0071196
-0.0047623
-0.0097582
-0.0054582
0.0065875
-0.0019455
0.0020694
0.0004304
-0.0039242
-0.0081064
0.0058013
0.0006474
0.004832
0.0098163
-0.0094668
0.0070194
-0.0021498
0.0084902
0.0032793
0.0071782
0.0099898
-0.0078592
-0.0030716
0.0044153
-0.0008822
0.0075417
-0.0001968
0.0046711
-0.0059568
0.0018088
-0.0011209
0.0042482
0.009465
-0.0004558
0.0086946
0.0067607
-0.0053057
0.0070646
-0.0002192
-0.0058697
-0.0078878
-0.0011932
0.0021564
-0.0069709
0.003533
0.0037932
0.0079722
-0.0060784
-0.0037499
-0.0002153
0.0078702
0.0043457
0.008599
-0.0012204
0.0006079
0.0054705
0.0044352
0.0017306
-6.39e-5
0.0021123
-0.0069321
-0.007427
0.0009904
0.0012929
-0.0040349
-0.0090423
-0.003239
0.0098328
0.0043468
-0.0033836
0.0064685
0.0057219
-0.0022843
-0.0099112
0.0032099
0.0059068
0.0004887
0.008677
0.0054256
0.0096701
0.0002564
-0.0091585
0.00841
0.006713
-0.0079217
-0.0056953
-0.0026308
0.0046589
0.0089018
0.0085234
-0.0061402
0.0010349
-0.009263
0.0046456
0.0058023
-0.0072639
0.003038
0.000878
-0.0050647
-0.000662
-0.0020926
-0.0023238
-0.004879
0.0093489
0.0028495
-0.0053688
0.0013968
0.0095529
0.0044682
0.0018846
0.0050612
-0.0016338
0.006792
0.0042937
-0.0093059
-0.0063093
0.0097398
0.005026
0.0085821
-0.0048081
0.0031057
0.0001276
0.0062344
-0.0013237
-0.0098467
-0.0006287
-0.0057927
-0.0068011
0.0028886
0.0051846
-0.0090056
0.0003757
0.0069819
-0.0092987
0.0078888
0.0096151
-0.0063494
0.0093906
-0.0052489
-0.0052605
-0.0002885
0.0051656
-0.009839
-0.0082456
-0.0022036
3.54e-5
0.0085136
0.0015511
0.0074919
0.0016595
-0.0027508
-0.0071326
0.0027952
-0.0009735
-0.0072806
-0.006166
-0.0093975
0.0054489
0.0053222
0.0060109
-0.0050436
-0.002525
-0.0020133
0.0031751
-0.0017945
-0.0098152
-0.0035632
-0.0015865
0.0030824
0.0037329
0.008118
-0.0061361
0.0030912
0.0090693
-0.0088126
-0.0049867
-0.002
0.0063275
0.0083075
-0.0021085
0.0057652
-0.0064072
0.0015179
-0.0084601
0.0048096
0.0048294
-0.0039692
0.0099682
-0.0074428
-0.007529
0.0081313
0.0073013
0.0001335
0.0066477
0.0025422
0.0031824
0.0053888
0.0069553
-0.0047478
0.0094282
-0.004425
-0.0031857
-0.0042886
-0.0060674
0.0014613
0.0046943
0.0008752
-0.0040915
-0.0047091
0.0048027
-0.0083757
-0.0082801
-0.0052013
0.0079084
0.0048296
0.0068
0.0015961
-0.0097989
0.0004333
0.0032888
-0.0025729
0.0069665
-0.0027306
0.0089859
0.0070961
0.000212
-0.0062563
0.006184
-0.0050566
0.004071
-0.0024249
0.0009349
0.0068246
-0.0050562
-0.009167
0.0039581
-0.0008443
0.0029706
-0.0056921
-0.0084731
-0.0092538
-0.0014287
0.0033801
0.0054468
-0.0075182
0.0064034
-0.0081668
-0.0072589
-0.0096943
-0.0023631
-0.0065487
0.0005719
-0.0054831
0.0020737
0.0055145
0.006964
-0.0051361
0.0047866
-0.0010591
-0.0066729
-0.0054902
-0.0091738
-0.0042924
0.001777
-0.0052543
-0.0040351
0.0001007
0.0046718
0.0049414
-0.0085684
0.0006617
-0.0074204
-0.0043254
0.0039333
-0.0025865
-0.0085716
0.00281
0.0069148
-0.0090638
0.0024726
-0.004133
-0.0049916
0.0018443
-0.0070746
-0.0005867
0.0020897
0.0003433
-0.009215
-0.0099573
-0.0099148
0.0070307
-0.0069928
0.0041477
0.0065731
0.0087562
0.0046217
-0.0058399
-0.0014826
-0.0024193
0.0027583
-0.0017007
-0.0020968
0.002057
-0.0016339
0.0078058
-0.0027051
0.004725
0.0045388
0.0019282
0.0044887
0.0004285
-0.0094614
-0.0068806
0.0020632
0.007709
-0.0079586
0.0037062
5.43e-5
-0.0053267
-0.0037992
-0.0041457
-0.0019036
0.0085196
-0.0007684
-0.002932
-0.007913
0.0035555
-0.0086679
0.0073675
0.0006092
0.0007284
0.0054708
0.0035618
-0.0028957
-0.0011672
0.0060097
0.0016968
-0.0004519
-0.0043498
-0.0028893
0.0021775
-0.0059438
-0.0039081
0.009912
0.0066929
-0.0015073
0.0036224
-0.0084607
0.0042214
-5.36e-5
-0.0013897
0.0020554
0.0034867
0.0029699
-0.0017203
-0.0090935
-0.0022144
-0.0082546
0.0071367
0.0012162
-0.0080879
-0.0057678
-0.0054582
0.0088252
0.0052881
0.0026632
-0.0032292
-0.0003032
0.0057355
-0.0011099
-0.0033645
-0.0005012
-0.003911
0.0052384
0.0005432
-0.0015693
-0.0002007
0.0047476
-0.0008247
-0.0014909
0.0010287
0.0048755
-0.0014202
5.98e-5
-0.0029675
0.0089118
0.0086972
-0.007628
0.0033288
0.0093116
0.005701
-0.0052102
-0.0013411
-0.0021706
-0.008884
0.0060369
-0.0004545
-0.0068482
-0.0097195
-0.0028858
-0.0024305
-0.0082312
0.002197
0.0097252
-0.0027638
-0.0081625
0.0008803
-0.0045411
0.0059323
-0.0096967
0.0010845
-0.0039608
0.0057559
-0.0081223
-0.0099371
-0.0068026
-0.0056884
-0.0010916
0.0066244
-0.0093912
0.0088133
3.4e-6
0.0094345
0.0062514
-0.0027047
0.0056511
0.0047515
0.0034605
0.0082545
-0.0074308
-0.0042246
-0.0019321
0.0094654
0.0066779
-0.0025625
-0.0002242
0.0048057
-0.0001352
-0.0028303
0.0055669
0.0096149
0.0034696
-0.0002711
-0.008513
-0.0013406
0.0050354
-0.0095309
-0.0079121
0.0080713
0.0032796
-0.0090585
0.0096579
-0.0039806
0.0095651
0.0056599
-0.0052333
0.0016856
-0.0081969
-0.0052786
-0.0012145
-0.0060967
-0.0051894
0.0048163
-0.0026538
0.0031709
-0.0088109
0.001222
0.0058168
-0.0035594
-0.0081509
0.0095501
-0.0017606
-0.0001691
-0.0085069
0.0021418
-0.0045682
0.0003938
-0.0088324
-0.0031624
-0.0053767
0.0053581
0.0039063
-0.000469
-0.0054738
