0.0079494
-0.0032616
-0.0063186
0.0016154
-0.0049129
-0.0018112
0.0038941
0.006986
0.0069435
0.0030305
0.002856
0.0033193
0.0008539
0.0096264
-0.0068956
-0.0025028
-0.0096066
0.0082621
-0.0025138
0.0088459
0.0003029
-0.0065391
-0.0048285
-0.0054866
-0.0013885
0.0050207
-0.005643
0.0032437
0.0098718
0.0056753
-0.0011554
-0.0079549
-0.0005018
0.0043608
0.001916
-0.0086377
0.0063798
0.003193
0.0073825
0.0096538
0.0054278
-0.0056702
0.0010408
-0.0036166
-0.0083535
-0.0073893
-0.0021494
-0.0015364
0.0077796
0.0068927
0.0001322
-0.0060883
-0.0083697
0.0024306
0.0073553
0.009748
-0.0019688
0.0086942
0.0086434
0.0097437
0.002017
0.0074739
0.0031141
-0.0093142
0.0091752
-0.0067305
0.0003211
0.0032491
-0.0010283
-0.0097485
0.0074117
0.0065768
-0.0055312
-0.0090156
-0.0079207
0.0051751
0.0037614
-0.0025424
0.0060104
0.0076467
0.0059443
-0.0069759
0.0003636
0.0014926
0.0027466
0.000576
0.0012555
-0.0052951
0.0043694
-0.0078676
-0.0008287
0.0014684
0.004659
0.0028093
0.0095123
0.0045627
0.0082771
0.0048735
0.0085793
0.0011479
-0.0092703
0.0031888
0.0059606
-0.000787
-0.0069871
-0.0034704
-0.000583
-0.0085914
-0.0022551
-0.0095245
-0.0012922
0.0030784
0.0005045
-0.0051707
0.0008372
0.003874
0.006256
-0.008334
0.009246
-0.0099527
0.0004195
0.0083046
-0.0029558
0.0046001
-0.0037233
0.003481
-0.0026861
-0.0086259
0.0010147
-0.000171
-0.0012649
0.0098636
-0.0053557
-0.0034075
-0.0029958
0.0021917
0.001173
-0.0056585
-0.0040421
-0.0029085
0.0001084
-0.0067478
0.005602
0.0051109
0.0011649
0.0080168
0.0001224
-0.0004194
0.0099816
0.0045167
-0.0014117
-0.0054236
-0.0099755
-4.56e-5
-0.0097479
0.0014894
-0.0051084
-0.0010024
-5.63e-5
-0.0021217
0.0075146
0.0094293
-0.0005668
0.0012707
0.0021249
0.0099209
-0.001903
-0.009302
0.0074866
-0.0058353
0.0078866
1.19e-5
0.0075284
-0.0068871
-0.0099621
0.0087553
0.0088145
-0.0031061
-0.0006317
-0.0050794
-0.0013652
0.0003198
-0.0079747
0.0081328
0.0060562
-0.0074408
-0.0092959
-0.0070138
0.0015277
-0.0098941
-0.0025807
0.003336
-0.0074162
-0.0070635
0.0008424
0.0096874
0.009922
0.0084687
-0.0084125
0.0036501
0.0092733
0.002448
-0.0032195
0.006088
-0.0022102
-0.0054729
0.0044854
-0.000957
-0.0070677
0.0027993
-0.0068038
-0.0073999
-0.0082883
0.0011973
0.0065562
0.0064495
0.0076501
0.0097575
-0.0017256
0.0021961
-0.0052885
-0.0008058
-0.006946
0.0013197
-0.0017437
0.0032547
-0.0028659
-0.0001919
0.0019519
-0.0030055
0.0056731
-0.0070493
0.0068809
0.0060582
0.0031499
0.0031012
0.005296
-0.0035824
-0.0041252
0.0054725
-0.0044263
0.0022598
-0.0088581
-0.0029886
0.0068086
0.0080141
-0.0005403
-0.0031815
-0.0052859
0.0049027
0.0018595
0.0028429
0.0066314
-0.0065189
0.0013279
0.0061466
-0.0085802
0.0053263
-0.0071072
-0.0001687
0.0066303
-0.000302
0.0075415
0.0073612
-0.0062963
0.0065187
4.41e-5
-0.0014941
0.0022762
-0.0001564
-0.0082047
0.0096212
0.0036703
-0.008284
0.0090849
-0.0041579
-0.0016961
-0.003176
-0.0067799
0.0055927
-0.008
-0.0027107
-0.0044328
0.0046218
-0.0026259
-0.0067538
-0.0079943
-0.0053745
-0.0069008
0.0039373
-0.0080988
0.003686
-0.0026813
0.0031403
0.0059264
0.0002265
0.0042678
0.0085284
0.0074891
0.0095463
0.002697
-0.0055399
-0.0036423
-0.0069736
-0.0097451
0.0034129
0.0027551
0.004713
-0.0055918
0.0017957
0.0039182
-0.0082945
-0.0042485
0.0089685
0.0034703
0.0030438
-0.0040139
0.009452
0.0083991
0.0018783
0.004117
0.0062207
0.0068434
-0.002211
0.006389
-0.0040104
0.0006525
-0.0084577
-0.0002016
-0.0055737
0.0036046
-0.0013006
-0.0015523
0.0077644
0.0010171
0.0054999
0.0058356
0.0052998
0.0041751
0.0042505
0.0004081
0.0044516
-0.0011393
0.0006692
-0.0018632
0.0047276
-0.000274
-0.0075124
-0.0068626
0.0039841
-0.005895
0.0099321
-0.0028876
-0.007776
0.0063463
-0.0080478
-0.001658
0.0024103
-0.0033912
-0.0033766
-0.0076386
0.00187
-0.0040297
0.0046396
-0.0004487
0.0023802
-0.0045012
-0.0070363
0.0019559
-0.0020629
0.0039024
-0.000814
-0.0047766
-0.0071065
0.0035152
-0.0062584
0.0095697
-0.0041614
-0.0062101
0.0016472
0.0004792
-0.0074937
-0.0044837
0.0030914
0.0082965
-0.0021179
0.0010951
-0.0050746
0.008103
0.0072784
-0.0050788
-0.0038584
0.001261
0.0036196
-0.0020617
-0.0069168
-0.008934
0.0021174
0.00747
0.008806
0.002063
0.0024048
-0.0083259
0.0094812
0.0045261
0.0079174
-0.0013949
-0.0062102
0.0078441
0.0054618
-0.0019261
-0.0048877
0.0008574
0.0036711
-0.00079
-0.008391
0.0010088
0.0039541
0.0070556
0.0071387
-0.0011878
-0.0093701
0.0002018
0.0025827
-0.0039366
0.0081233
-0.0030324
-0.0050157
-0.0015812
0.0087591
0.0042859
0.0036366
-0.0033499
-0.0026165
0.0070721
-0.0025328
-0.0029352
-0.0031005
0.0019144
0.0045336
-0.0091226
0.0062535
0.0091857
0.0052997
0.0044617
0.0057404
0.0039907
0.0058993
0.0091232
0.006931
0.0091998
-0.0023083
0.0069775
0.0051845
-0.0092445
-0.0003037
0.0040889
0.0098591
0.0068938
0.0005136
-0.0045729
0.0094437
0.0067372
0.0059459
-0.0066518
0.004735
0.0043493
0.0090163
-0.008252
-0.0015003
0.0028332
0.0039332
0.0006374
-0.0087047
0.008993
0.0068345
0.0002353
-0.0094108
-0.0080044
-0.008762
-0.0002329
-0.0094172
0.0014956
-0.0033389
0.0079541
-2.28e-5
-0.0058698
0.00526
0.0045774
-0.0027942
0.0019686
-0.0092454
0.0093759
-0.0085197
-0.0015024
