0.0045494
7.93e-5
-0.0054802
-0.0037265
-0.0067751
0.0022017
-0.0051335
0.0098498
-0.0009421
-0.0049597
0.0055228
0.003537
0.0039178
-4.22e-5
0.0041326
-0.0009528
0.0050202
-0.0037515
0.0013493
-5.57e-5
0.0013845
-0.0002738
-0.0047703
0.0023368
0.0035794
0.0080558
0.0064547
-0.0018302
-0.0066157
-0.0076712
-0.006025
-0.0042818
0.0025641
-0.0034512
0.0010986
-0.0079075
0.0046519
-0.001144
0.0075934
0.0081291
-0.0098226
-0.0027198
-0.0025909
0.0086765
-0.0096023
0.0066339
0.0039512
-0.0020463
0.00095
-0.0088057
0.0023537
0.005765
-0.0084097
0.0015977
-0.0009317
0.008291
-0.0047092
-0.0009194
0.0067854
0.0030495
-0.0051699
0.0070846
0.002426
-0.0002614
0.0066787
-0.0059283
0.0035204
0.0046132
-0.0045509
-0.0014369
0.0074725
-0.0046441
-0.00641
0.0087031
-0.0023887
-0.0033636
-0.0085264
0.0076483
0.00253
0.0088185
-0.0091223
0.0082552
0.0018497
-0.0027254
0.0024885
0.0082892
-0.0086227
0.0035184
-0.0033467
0.0072045
-0.0060687
-0.0043108
-0.0018855
-0.0069055
-0.0001414
-0.0013291
-0.0024644
0.0091301
-0.0060093
-0.0066946
-0.0056418
-0.007953
0.0049568
0.0034701
0.0090141
0.0012618
-0.0035104
-0.0046125
0.0044753
-0.0055498
0.0064652
-0.0004981
0.0028799
0.0020835
0.0064053
0.0084345
-0.0016008
-0.0010106
-0.0074384
0.0069418
0.0027006
0.0010623
-0.001192
0.0062593
-0.0055601
0.0067903
0.0043932
-0.0002408
0.0038297
0.0073152
-0.0005424
0.0021228
0.0007712
0.0058657
-0.008607
0.0041994
0.0071002
-0.0087527
0.0046356
0.0094418
-0.0068628
0.003761
-0.0059078
-2.31e-5
-0.0071157
0.0084754
-0.0089483
-0.0090608
0.0012212
-0.0044829
0.0072501
0.0015826
-0.0048989
0.0046729
0.0031333
0.0038058
-0.0084963
-0.0025167
0.007468
0.0002631
-0.0054136
-0.0049302
-0.0037957
-0.0011888
-0.0020434
0.0046196
0.0099589
0.0058085
0.0055337
0.0035108
-0.0073323
0.0087212
0.0096154
0.0087449
-0.0067834
-0.0011743
-0.0083412
0.0007801
0.002314
5.84e-5
-0.0024415
0.0010576
-0.002269
-0.0015478
0.0017216
-0.0044183
-0.0032529
0.0081147
0.0005429
-0.0077593
0.0022531
0.0064524
-0.0011601
-0.0031644
-0.0032865
0.0029361
-0.0065109
0.0083461
0.0096828
-0.0076768
-0.0007057
-0.0006606
-0.0003523
-0.0098717
0.0017761
-0.0044048
0.0093149
0.0033232
-0.0081173
0.0001732
0.0068737
-0.0002075
-0.0015481
-0.0016801
-0.0045047
-0.0046574
0.003306
0.0065869
-0.0042955
0.0087487
0.0045566
-0.0004527
-0.0003207
0.0048427
-0.0074314
0.0057329
-0.0024041
0.0090587
0.0029247
-0.0022757
-0.0079408
0.0028322
-0.0001766
0.0020018
-0.0016088
0.0072698
0.0082159
0.0064684
0.0098875
0.0069218
0.0040982
-0.0059763
0.0038757
-0.0020829
0.0073291
0.0090223
-0.0004429
-0.0018612
0.0013265
-0.0086875
-0.0054578
0.003588
-0.0022701
0.0058869
0.0058148
-0.005801
-0.0009176
0.0048537
0.007496
0.0034262
0.0091133
-0.0062052
0.0043296
-0.0081455
0.0010019
0.0004837
0.0073218
0.0095159
-0.0095614
0.0039578
-0.0036036
-0.0069626
-0.005816
0.0032137
-0.0087551
0.001625
0.0087742
-0.0090669
-0.0048546
-0.0092704
0.008784
-0.0046008
-0.0026489
-0.0054633
0.0036027
-0.0050318
0.0065313
0.0052913
-0.0086783
0.0017178
0.0083202
-0.0069087
-0.00426
-0.0008548
0.0028304
-0.0089719
0.0078484
-0.0068557
-0.0047727
-0.0023987
-0.0057944
-0.0047669
-0.0052922
-0.0053739
0.005794
-0.0017706
0.0074357
-0.0018894
0.0088506
0.0001154
-0.0067344
-0.0045795
0.0089578
-0.0078452
-0.0060923
-0.0052283
0.0082067
0.0057865
-0.0056682
0.0097725
-0.0033101
0.0011208
0.0038128
-0.0054787
-0.0065847
-0.0072021
0.0064066
-0.001435
-0.0042292
-0.0069313
0.0079647
0.0058344
0.0032585
0.0007757
-0.0092395
-0.0096846
-0.0040645
0.0013933
0.0006623
-0.0052558
0.0035852
-0.0048356
0.0069508
-0.0094952
-0.0033778
0.0019722
-0.0064867
-0.0008817
-0.0070977
-0.0024506
-0.0078874
0.0085909
0.0092077
0.0029841
-0.0054939
-0.0072187
-0.0008857
0.0087981
0.0001911
0.0073759
-0.0056102
-0.0052764
0.0060924
0.0012294
-0.0094263
-0.0072073
0.0036586
0.0048285
0.0049019
0.0036597
-0.0057007
-0.0050129
-0.0053975
-0.0045601
0.0016698
0.0058452
-0.0086027
-0.0080027
0.0065297
-0.004304
-0.0022955
0.008828
0.0097749
0.0028537
0.0042874
0.0002749
-0.0067445
0.0085743
-0.0015
0.0074761
0.0045501
-0.0044758
0.0031844
0.0003139
-0.003737
0.0046513
0.0074673
-0.0065037
0.0045759
-0.0081704
0.0027968
0.0089041
-0.0076938
0.0009508
0.0011876
-0.0029035
-0.005579
-0.001208
0.0022099
0.0004609
-0.0002198
-0.0002513
0.0090682
0.002534
-0.0015084
0.0043137
0.009971
-0.0098263
0.0026188
0.0043716
-0.0002428
-0.0055718
0.0003716
-0.0033907
0.0049577
-0.0011279
0.0005075
-0.0081414
-0.0095332
0.0036273
-0.0081505
0.0003818
0.0004404
0.0059308
0.0020441
0.0017022
0.0054897
-0.0098229
-0.0050855
0.0042971
-0.0061754
0.0064429
0.007063
0.0030336
0.0025909
-0.0085277
-0.0094186
0.0006188
0.0011368
-0.0056437
0.0038054
0.000978
-0.0029502
-0.0020032
-0.0009845
0.0011563
-0.0015255
0.0080162
-0.0011345
-0.0018057
0.0020307
-0.0076282
-0.002037
0.0016504
0.0062202
0.0015183
0.0075231
0.0067279
-0.0059368
0.0047901
0.0052643
0.0067418
-0.009711
0.0035134
0.005031
-0.0098788
0.0048657
0.0075739
0.003723
-0.0098117
-0.0006179
0.0003793
0.0035066
0.0041845
-0.0050808
0.0094234
0.0041913
0.0013059
-0.0045141
-0.0089944
0.0001904
0.0096774
0.0054433
-0.0023256
-0.0072929
