0.001961
-0.0026781
-0.0044963
0.0043237
-0.0052818
-0.0022997
-0.0003104
0.0071055
-0.0032949
-0.004773
0.0083364
0.0094338
-0.0076871
0.0064582
0.0024917
-0.0047239
0.0084819
-0.0079665
-0.0098976
-0.00349
0.0032399
0.0070404
-0.0094997
-0.0041512
0.0082572
-0.0025067
-0.0094162
0.0056885
-0.0094032
0.0033403
0.0087974
-0.0070378
0.0041716
-0.000905
0.0026941
-0.0088563
0.0086187
-0.0089522
0.0026884
0.0006637
-0.0037327
-0.0049956
-7.35e-5
-0.0087364
-0.0006493
0.005234
0.0077366
-0.0007917
-0.0088587
-0.0036711
-0.0097698
-0.0045748
-0.0004839
0.0069112
-0.0078628
-0.0087236
-0.0094131
0.0013413
-0.0087283
0.0011063
0.0039031
0.0020283
0.0085955
-0.0045929
-0.0049088
0.0041233
-0.0027657
0.0027382
-0.0062322
-0.0020239
0.0092172
-0.0042418
-0.0082603
-0.0064932
0.0098935
-0.0017334
-0.0058338
0.0029662
0.0039215
-0.0097835
-0.0096937
-0.0019245
0.0027596
-0.0005285
0.005817
-0.0032163
0.0027693
0.001389
0.0084326
0.0053546
0.0070194
-0.0026367
-0.0067975
-0.0062147
0.0042011
0.0013685
0.0099868
-0.0020484
0.0002398
-0.0020969
0.0036573
-0.0072761
-0.0059162
-0.0082228
-0.0053283
0.0089309
0.0045624
-0.0050728
0.0091906
-0.0042901
-0.0005553
-0.0077674
-0.0078802
-0.0046982
0.0063431
0.0037999
-0.0062332
-0.0095573
-0.0033253
0.000538
-0.008162
0.0046001
0.0074275
0.0099395
-0.0089969
0.0040983
-0.0092647
-0.0090729
-0.0043932
0.0072376
-0.0081313
6.8e-6
0.0079427
-0.0014047
-0.0057308
-0.0020193
0.0094208
0.0043119
-0.0047833
0.0069541
-0.003816
0.0001922
0.0038579
-0.0094992
0.0037925
-0.0033481
-4.36e-5
0.0008489
0.0024876
-0.0054429
-0.0093651
-0.0008831
0.0078528
0.0050837
-0.0036541
-0.0079069
0.0064804
-0.0020168
-0.0094085
0.0028678
0.0052903
0.0025651
0.0094529
0.0063226
0.0081039
-0.0019583
0.0039272
0.0047846
0.0075997
0.0002157
0.0045697
-0.0043919
0.0020047
-0.0084483
0.0016724
0.0033525
-0.0075265
-0.0007398
-0.003509
-0.0050104
0.004579
-4.17e-5
-0.0049837
-0.0017083
-0.0016753
0.0096473
-0.0028517
-0.0037456
0.0092481
-0.0086779
-0.0019243
0.0008976
-0.0041165
0.0017956
0.0039533
-0.005793
0.007077
0.0040692
-0.0014501
0.0019561
-0.0008954
-0.0054113
-0.003348
-0.002089
-0.0003697
0.0026918
-0.0043698
0.0079138
0.0077324
-0.0096357
-0.0033368
0.0091923
0.0082255
0.0091725
-0.006764
-0.006536
-0.0060554
-0.0019703
0.0056025
0.0073383
0.009373
0.0081991
0.0026668
-0.0044747
-0.0006326
-0.0088997
0.0063713
-0.002746
0.0074002
-0.0051742
-0.0075268
0.0087646
-0.0014125
-0.0031055
0.0039748
-0.0054191
0.0019373
0.0094438
0.001891
0.0003688
0.0032542
-0.00069
-0.0004513
0.008316
4.08e-5
-0.0010364
-0.0079397
-0.0004702
-0.0010329
0.0032303
0.0005683
-0.0066122
-0.0079882
-0.0068093
0.0045924
0.0055605
0.0046825
6.76e-5
-0.0083833
-0.0012074
-0.0070677
-0.0061963
-0.0055635
0.0088878
-0.0039534
0.0089679
-0.0098838
-0.0016094
0.0055587
-0.008472
0.0099756
0.0085161
0.0028254
-0.0094104
-0.0080552
-0.0067712
-0.003599
-0.0013495
0.0014099
-0.0009376
0.0079944
-0.0004714
0.0031099
0.0064163
-0.0096861
-0.0060953
-0.0070925
0.0029889
-0.0073865
0.0086315
0.0084214
-0.0015574
-0.0010943
-0.006714
0.0077034
-0.0061243
-0.0053247
-0.0078406
-0.0014094
0.0082211
0.0038855
0.0046047
0.0008094
0.0097667
0.0037968
0.0087779
0.0095078
0.0010349
-0.0086984
-0.0034308
0.0045724
-0.0004959
-0.0055098
0.0001752
0.0041422
0.0082163
0.0031934
0.0049021
0.0058068
-0.0025491
-0.000748
0.0004073
-0.0084012
-0.00065
-0.009229
-0.0056458
0.0093067
-0.0063792
-0.0053387
0.0093169
0.0084136
-0.0062816
0.0085889
-0.0004175
-0.0056558
0.0095651
-0.004432
0.0078259
0.0045124
-0.0069573
0.0024282
-0.0051154
0.0009754
-0.0038649
-0.004391
-0.0080224
0.0029943
0.0028007
0.0037916
0.0084655
-0.00462
0.0045789
-0.0012828
0.0012798
0.0064796
0.0023482
-0.0067252
0.0095531
-0.0098702
-0.0053042
0.0054665
-0.0078439
0.0021251
-0.0013514
0.0088763
-0.0004988
0.0072962
0.0022436
0.0083002
-0.0094561
3.17e-5
0.0080558
0.0021462
-0.0067626
0.0098165
0.0045607
-0.0025943
0.0073861
0.0051508
-0.0002235
-0.0078604
0.0087625
-0.0061042
-0.0041483
0.0011534
0.0005091
0.00779
-0.0019559
-0.0047409
-0.0032476
-0.0016728
0.0056878
-0.0023555
-0.0099325
0.0078843
0.0068368
0.0054486
0.0011823
0.0035686
-0.0032594
0.0017572
0.0081013
0.0081945
0.0018672
0.0028756
0.0097619
-0.0007281
0.0008768
-0.0059542
0.0036897
-0.0071316
-0.0009701
0.0093432
0.0047764
-0.0006009
-0.002333
0.0089913
-0.007567
0.0067088
-0.0064608
0.0028222
0.000679
-0.0066283
-0.0094005
-0.0043477
-0.0015042
0.000663
0.0076835
-0.0054156
0.0047214
0.0028417
0.0054669
-0.0099105
0.0071341
0.0035899
-0.0068246
0.0027832
-0.0040041
0.006675
-0.00488
0.0029248
0.0020461
-0.0045461
9.79e-5
0.0049902
-0.0054789
0.0075832
0.0077187
0.005472
-0.000167
-0.0076654
-0.0017407
0.0016669
0.0065143
-0.0085339
-0.0094815
0.0053405
0.0041856
0.0055971
-0.0093889
-0.0030951
0.0055268
-0.0061651
-0.0082207
-0.0033675
0.0010626
0.0042137
-0.0032775
-0.0022925
0.0090366
-0.0098645
0.009208
0.0090583
0.0035535
0.0096201
0.0003825
0.001184
-0.0043761
-0.0095143
-0.0073674
-0.0085714
0.0029107
0.0076251
-0.0054856
-0.007824
-0.0090718
-0.0025062
-0.0045057
-0.0067813
0.0041993
-0.0027208
-0.0005514
0.0060765
0.0008328
-0.003378
