-0.0089305
-0.0095543
-0.0007544
0.0089361
0.0099992
0.0048032
0.00224
-0.0012339
0.0036511
0.009645
0.0086991
0.0057366
0.0048961
-0.0075932
-0.002953
0.0054519
-0.0041762
0.0069617
-0.0040963
-0.0032718
-0.0086947
-0.0030913
-0.0028927
-0.0007221
0.0071247
-0.008471
0.0002517
0.0084603
0.0086457
-0.0070082
0.0061747
-0.0047715
-0.0081873
0.0073446
-0.0034264
0.004629
-0.0020834
-0.0073836
0.0094061
-0.0007319
0.0051852
0.0042417
0.0052177
0.0019014
-0.008128
0.0045349
-0.0040779
0.0017081
0.0098666
-0.0005377
-0.0063399
0.0048943
0.0030553
-0.0030053
-0.0049595
0.0006191
-0.0034795
0.0048937
-0.0023837
0.0070738
-0.0024907
-0.0080281
0.0042863
0.0015209
0.0010615
-0.002935
-0.0035291
0.0040911
-0.0044616
0.0094741
-0.0029455
0.0099329
0.0089304
0.0050705
0.0005106
0.0037474
-0.0035525
0.0010828
-0.0038074
0.0016851
-0.0025644
0.0059054
0.0078431
-0.0015822
0.0003903
-0.0005853
-0.0098657
-0.008458
0.004729
0.0008429
-0.0022675
0.0033539
0.0065461
0.000671
-0.0027914
-0.009727
-0.0027471
-0.0005282
0.0014882
0.0062506
0.0065048
0.0079518
0.0033698
-0.0062905
0.0044709
-0.005147
-0.0095446
0.0012402
0.0057759
-0.0003786
0.0098248
-0.0036175
0.0013876
-0.0067085
0.0027095
-0.0072393
-0.0048684
-0.0003967
2.17e-5
0.0004371
0.00135
-0.0028568
0.001036
-0.0030844
0.0026379
0.0088278
0.0051592
-0.0037408
-0.000465
-0.0097218
0.0082513
-0.0022746
0.0078173
-0.006199
-0.0084092
0.0050376
0.0025141
8.2e-5
0.002513
0.0085737
-0.0008155
0.0063155
0.0094993
-0.0082936
0.0058692
-0.0015735
-0.0098547
0.0047033
0.0041068
-0.0041703
-0.0057373
-0.0024146
-0.0086278
-0.0019328
-0.0072181
-0.0024924
0.001289
-0.0052389
-0.0086424
-0.0098344
-0.0030647
0.0049166
-0.0034891
0.0017481
0.0034744
-0.008268
-0.0072127
7.11e-5
-0.0054997
0.0090604
0.0045493
0.0041152
-0.002093
0.001026
-0.007693
-0.0066223
-0.0037407
-0.0028022
0.0073497
0.0048321
-0.0065823
-0.0076847
0.0045779
0.0095979
0.0024062
-0.006816
-0.0055475
-0.0032624
-0.0034054
0.0093628
0.0044351
-0.0057103
0.008739
-0.0029554
0.0090813
0.0020933
0.0012895
-0.0066287
-0.0056313
-0.0090318
0.0076582
-0.0033547
0.0015444
0.0045516
0.0050988
-0.002329
-0.0045995
0.0060164
0.0065809
0.0006067
0.0062758
0.0021387
0.0052544
-0.0091442
-0.0031724
-0.0030229
-0.00025
-0.0050256
0.0077914
0.0048736
0.0091108
-0.0018251
0.0063805
-0.0060136
-0.0043827
0.0011778
0.0033108
-0.0074836
0.007866
-0.0037487
-0.0036832
-0.0074817
0.0031253
-0.0084368
0.0059455
0.0058548
-0.0030873
-0.0024972
0.0071672
-0.0097101
-0.0001897
-0.0052732
0.0057393
-0.0006149
-0.0039349
-0.0014794
0.0057649
0.0016635
0.0010904
0.0013025
-0.0081176
-0.0057681
-0.0069995
-0.0086904
0.005586
-0.0041191
0.006346
-0.0043868
-0.0012864
-0.0047424
-0.003498
-0.0038643
-0.0068735
-0.0047155
-0.0070943
0.0058678
-0.0072648
0.009055
-0.0073916
-0.0046003
-0.0081229
0.0020968
0.0040563
0.002776
-0.0051738
0.0027133
-0.0096935
0.0097847
0.0033074
-0.0020499
0.0089491
-0.0021201
0.0099391
-0.0059224
-0.0079271
0.0038946
-0.0090991
0.0061736
-0.0028801
-0.0028767
-0.0023205
0.0004162
-0.0022192
0.0074789
-0.0082689
-0.0002429
-0.0018647
0.0047873
0.0036889
0.00288
-0.0014527
-0.0062445
-0.0068222
-0.0065921
-0.0031715
-0.0072632
-1.6e-5
-0.001183
0.0093117
-0.0063862
-0.0093275
0.006646
0.0096938
0.0091314
0.0040296
-0.0061741
-0.0001909
-0.0076179
-0.0029743
-0.0010532
-0.0033947
0.0069737
0.006211
-0.0084796
-0.0063907
-0.0002247
0.0071182
0.0070038
-0.0042886
0.0086719
-0.0094618
-0.0090151
0.003517
-0.0063982
-0.0019597
-0.0008219
0.0026611
-0.007896
-0.0062486
0.0099301
-0.009864
-0.0063367
-0.0050198
-0.0087176
-0.0036345
-0.009146
0.0047051
0.0014003
0.0001736
-0.0055268
-0.0016343
0.0006222
0.0034742
-0.0054962
0.0006201
-0.0006755
0.0069452
-0.0057588
-0.0088253
0.001733
-0.0010629
-0.0017402
-0.0046176
-0.00326
-0.0056272
0.0009559
0.0014861
0.0076004
0.0061797
0.0070371
-0.0028712
-0.0022593
0.0049444
0.0090213
0.0014519
-0.0048541
-0.00716
0.0048368
0.0023513
-0.0072992
0.0004395
0.0051157
0.0021116
-0.0087824
-0.0018914
-0.0004995
0.0009419
0.0029264
-0.0056468
0.0096582
0.0067983
0.0036344
-0.0061565
-0.0095443
-0.0006573
-0.0099334
-0.0067469
0.0061891
5.11e-5
0.0026113
-0.0001931
0.0078351
-0.0089247
0.0011876
-0.0023611
-0.0002413
-0.0067552
0.00067
-0.0029791
0.0018609
0.0095776
-0.0070779
-0.0087557
0.0020229
0.0088165
0.0064736
0.002473
0.0034647
0.0074646
0.0009006
0.0073213
0.0009186
0.0058003
0.0056748
-0.008512
0.0020005
-0.0009556
0.0051849
0.0094793
-0.0065075
-0.0042143
-0.0077745
-0.0037624
-0.0022669
0.0008128
-0.0017953
-0.0017104
-0.0064256
-0.0094076
-0.0063302
0.0019889
-0.0009006
-0.0038542
-0.0013607
-0.0010844
-0.0025363
0.0048874
0.0098957
0.009911
-0.0011434
0.0015095
-0.0016257
-0.0010792
-0.0015493
-0.007076
-0.0049247
-0.0073544
-0.0093583
-0.0097781
-0.0008894
0.0027639
-0.0065664
-0.0006586
-0.0060094
-0.0024193
-0.0067549
-0.0047424
-0.0021689
0.005648
-0.0042179
0.00247
0.0019934
0.005824
0.007473
-0.0012608
0.0096619
0.0012876
0.0033223
-0.0081654
-0.0066065
-0.004004
-0.0043892
0.0065649
9.25e-5
-0.0003465
-0.0020936
0.0086107
-0.0061513
0.0075828
-0.0012737
0.0074286
0.0073168
0.0043797
0.0008673
-0.0039335
