-0.0008707
-0.0092142
-0.0009049
0.0070131
0.0037469
-0.0006173
0.007378
-0.00702
0.0026401
-0.0095536
0.005642
0.0012878
-0.0001884
-0.0010858
0.0032953
0.0007472
0.0033238
0.0024757
0.0008044
0.0052093
-0.004393
-0.0057274
0.0064707
0.009294
-0.0016219
0.005114
0.0097294
0.0007465
0.0028783
0.0019611
0.0020563
0.0052147
0.006077
-0.0018597
-0.0030776
-0.0072276
-0.009341
-0.001816
-0.0038503
-0.0018327
-0.0073539
0.006428
0.0042957
-0.0032416
0.004219
-0.0070581
0.0080525
-0.0027235
0.0049719
-0.0076115
0.0044485
0.0028665
-0.007642
-0.0003437
0.0033017
0.0011385
-0.0017251
-0.0046103
-0.008005
0.0063334
-0.0001717
-0.0058397
0.009277
0.0029305
0.0005312
-0.0087886
-0.0037045
-0.0050276
0.0080627
0.0042196
-0.0065963
-0.0096761
0.0072892
0.0090718
0.000612
-0.0082278
-0.0003955
0.0057454
0.0007562
-0.0065772
-0.0091911
0.0061227
0.0051193
-0.0046849
0.0095909
0.0005859
0.0029543
-0.0036448
-0.0048293
0.0047556
-0.0089241
-0.0032324
-0.0069616
0.0079431
-0.0003542
0.0014587
-0.0040652
-0.00573
-0.0080655
0.0051565
-0.0065778
0.008391
0.0060827
-0.0028408
-0.0007891
-0.0084986
0.000794
0.009437
0.006888
-0.009879
0.0090739
0.0089842
0.0024931
-0.0010145
-0.0052975
0.0013155
-0.0083062
-0.003112
-0.0098467
-0.0001168
-0.0024748
0.0093464
-0.0032475
-0.0072177
-0.0054332
0.0040325
0.0056604
-0.0036527
0.006908
-0.0068643
0.0050924
0.0085547
-0.0057417
-0.007386
-0.0095709
-7.6e-5
0.0031681
-0.0098413
0.0015558
-0.0054604
-0.0067041
9.31e-5
0.0030222
-3.6e-6
-0.0069746
0.0043985
-0.0042791
-0.0059542
0.0047674
-0.0098083
-0.0097167
-0.0070528
-0.0009479
0.0059436
-0.0018532
0.0034184
0.0084937
0.0097587
0.0037242
0.0034764
-0.0086402
-0.0079465
0.0002711
0.0032192
2.71e-5
-0.0086082
-0.0012372
0.0044298
-0.0017688
-0.0073086
0.003514
0.0041591
0.0086459
-0.0059174
0.0001755
-0.0018203
0.0065901
-0.0070003
0.003176
-0.0027244
0.0008574
0.0017021
-0.0016664
0.0038834
-0.0075834
-0.0091296
-0.0061982
0.0006482
0.0054015
-0.0099995
0.0037156
0.0019944
-0.0062858
-0.0029056
0.0055746
0.0057844
-0.0069227
-0.0080775
0.0067338
0.0037083
0.0035193
0.0085458
-0.006455
0.0040545
0.0018345
0.0066386
-0.0008118
-0.0049934
0.0076166
-0.0063382
0.0010514
0.0066513
-0.0047004
0.0090713
0.0009646
0.0008044
0.0005085
0.0014983
0.0009964
-0.0092015
0.0025183
-0.0084761
-0.0056152
0.007726
-0.0052233
0.0016262
0.000194
0.0003337
-0.0043991
-0.0011307
0.0080999
-0.0060743
0.0060783
0.0065092
0.0067906
0.0020089
-0.0024529
0.0069174
0.0062176
0.0090567
0.0074176
-0.00087
0.0023478
-0.0078955
-0.0059811
-0.0074923
-0.000294
-0.0067352
0.0015753
0.0019265
-0.0081747
-0.0052975
-0.0076019
0.0082245
-0.0033037
0.0006793
0.0097958
0.0082826
0.0093865
0.006886
0.0036765
-0.0004739
-0.0061577
0.0011307
-0.0033765
-0.0049961
-0.0083368
-0.0077736
-0.000502
-0.0028586
-0.0011062
0.0067301
-0.0050752
0.007936
0.0060494
0.0018657
-0.0025646
0.0081111
-0.0060156
0.0039508
0.0097098
0.0017004
-0.0033207
-0.0061709
-0.0050613
0.0028615
-0.0058178
-0.0054101
0.0020957
-0.0018248
0.0005854
-0.0014879
0.0009854
0.0033481
0.0051895
0.0051163
-0.0080997
-0.0070769
-0.0024664
-0.0089951
-0.0008425
0.0048175
-0.0068402
-0.001998
0.0096604
-0.0026077
0.0069687
0.002759
0.0073669
0.0035722
0.0008601
-0.0042935
-0.0016958
0.0004881
-0.0002611
0.0042794
0.0096292
0.0058181
0.0002109
0.0036016
0.0011415
-0.0054075
0.005688
-0.0021993
0.0008129
0.008116
0.0041653
-0.0075873
0.0099798
-0.0045833
0.0037206
-0.0035117
-0.0009863
0.0068886
0.0072055
0.0097684
-0.0058779
0.0092459
-0.0077658
-0.0077509
-0.0099888
0.0090107
-0.0024373
0.0047248
-0.003233
0.0082813
-0.0080439
0.0025679
0.0027629
0.0026188
0.0015641
-0.0040379
-0.0048976
-0.0012248
-0.0057654
0.00545
-0.0059428
-0.0082724
-0.004279
-0.00895
-0.0025612
0.0021631
-0.0045637
-0.0036365
-0.0070973
0.0062193
0.0070571
0.0056115
0.004231
0.0034792
0.0044563
-0.0035441
-0.0099044
-0.0022568
-0.0039652
-0.0063821
0.0056198
0.0002039
0.0095446
-0.0021066
-0.0010912
-0.0080461
-0.006501
-0.0099668
0.0089928
0.0088835
0.0001357
0.0053488
-0.0085397
0.0021558
0.0062668
0.0073829
-0.004257
0.0006242
0.0010874
-0.0013042
-0.0080009
0.0017043
0.0087066
0.0095558
0.0078845
-0.0080981
0.0046119
-0.0048124
-0.0094322
-0.0008541
0.0087547
0.0094255
0.0078683
-0.0018464
-0.0069023
0.0007846
-0.0076348
-0.0076378
-0.0014492
-0.0027516
-0.0015743
0.0016564
0.0022657
0.0087686
-0.0059558
0.0023193
0.0034175
0.0058346
-0.0084846
0.0098909
0.0071187
0.00841
0.0003414
0.0007224
-0.0013006
-0.0066271
0.0041714
0.0046386
0.008399
-0.0027264
0.0003421
-0.0011684
-0.0030406
0.0046526
0.0037122
0.0011584
0.0073666
-0.0012175
-0.0023641
-0.0088787
-0.004053
0.0022936
0.0027274
-0.0073695
0.0052122
0.0076803
-0.0027131
0.0078509
-0.0024507
0.0034023
-0.0076373
-0.0092746
0.0005392
0.0059101
0.005861
0.0042195
0.0084244
0.0037201
0.0065143
-0.0072203
0.009347
-0.0011824
-0.0075776
0.0020647
0.006342
-0.0062327
-0.0082532
-0.0044395
-0.0043846
0.0049646
-0.0019143
-0.0033935
0.0076013
-0.0092256
-0.0038292
-0.0032828
0.0074341
-0.008244
0.0098611
0.0019417
0.0014857
0.0054137
0.0059884
-0.0001695
-0.0017092
0.0077418
0.0036701
-0.0055309
0.0044565
