-0.0076926
-0.0064875
0.0027177
-0.004836
-0.0045694
0.0018234
-0.0054794
0.005286
0.007722
-0.0032202
0.0004033
0.0048696
-0.0068361
-0.0096142
0.0070906
-0.00817
0.0098026
0.0025541
-0.0044526
-0.002609
0.0045616
0.0063725
0.0023944
-0.009651
0.005142
-0.0096174
-0.0092016
-0.006535
-0.0037278
0.0008214
0.001027
-0.0078279
-0.0047031
0.0048978
-0.005207
0.0060868
-0.0085841
-0.0035535
-0.0076488
0.0012277
0.0075254
-0.0073136
-0.0064582
-0.0006172
-0.0064844
0.0004884
-0.005064
0.0048796
-0.0052815
0.008325
-0.0074295
-0.0093223
0.0082742
-0.0075977
-0.0067201
0.0063135
0.0059764
0.008424
0.0078438
-0.0008824
-0.0044056
0.0086834
-0.0019428
0.0035983
-0.006534
-0.009973
-0.0017461
0.0011105
-0.0009565
-0.0079186
0.0001473
-0.0034436
-0.00431
-0.0074968
0.004597
-0.0049359
0.0072366
0.0003931
-0.0069334
-0.0051019
0.0048377
0.0076959
-0.0071783
-0.0094466
0.0031047
0.0032513
-0.0065366
-0.0019097
0.0052394
0.0065703
-0.0069073
-0.001966
0.0073089
-0.0014865
0.0056298
0.009838
0.0045675
0.0083702
-0.0044518
0.0015957
-0.0019719
-0.006807
-0.0011873
0.0058779
0.0008498
-0.008949
0.005132
-0.007259
-0.0064687
-0.0078725
0.0094503
-0.0070066
-0.0089202
0.0036209
-0.0050221
0.0039899
0.0046295
-0.0034111
0.0014919
0.0016188
0.0092754
-0.0075943
0.0001196
-0.0087933
0.0007415
-0.0053865
-0.0089777
0.00537
0.0007106
0.005467
-0.0030932
-0.0061042
-0.0046055
-0.001247
0.0058131
0.0062563
-0.0018251
0.0021544
-0.0098033
0.0019773
0.008047
-0.0070494
0.0031682
0.0066056
0.0033641
0.0064911
0.0058026
-0.005306
0.0012474
-0.0039494
0.0014295
0.0057968
0.0037633
-0.000709
-0.0024358
0.0020951
-0.0034348
0.0070297
0.0077394
-0.0075211
-0.0059153
-3.32e-5
0.0083169
-0.009893
0.0081679
-0.0025756
-0.0021931
-0.0095556
0.0095389
-0.0082552
0.0093811
-0.0056799
0.0060374
-0.0056784
0.0037164
0.0067686
-0.0010343
-0.0098356
0.0097688
-0.0032864
-0.0036878
-0.0092411
-0.0084421
0.0064803
0.004975
-0.0098196
0.0058451
0.0009454
-0.0044232
0.0012851
0.0009411
0.0039793
-0.0017978
-0.0033373
-0.0090988
-0.0032691
0.0067125
0.0014865
-0.0049588
0.0021577
0.0036643
0.0033515
-0.0046222
-0.0067591
-0.0073808
-0.0090618
0.0061137
0.0095788
-0.0090682
0.0031145
-0.0083758
0.0063157
0.0059009
0.0072766
0.0080488
-0.0026985
0.0062277
0.007359
0.0051601
0.0043051
-0.007793
-0.0029622
-0.003154
-0.0012104
0.002729
-0.0035498
0.0035771
0.0041569
-0.002576
0.0084522
-0.0008315
0.0039517
0.0055661
0.0007739
-0.0064519
0.0042778
-0.0054473
-0.0048776
-0.0078893
0.009108
-0.0091617
0.0063696
-0.0058471
0.0099486
-0.0047128
-0.0078258
0.005544
0.0084964
0.0015677
-0.0011732
-0.0043686
0.0055975
0.0049424
-0.0066771
0.0074077
-0.0063471
0.0005876
-0.0045622
-0.0093048
0.0018944
0.0048764
-0.0061796
-0.0087507
-0.0038966
0.0036705
0.0067857
-0.0030012
-0.0069205
0.0049511
-0.0056505
0.001201
0.0082768
0.0044155
0.007068
0.0062816
0.0058212
-0.0060528
-0.0016253
0.0004038
0.0011358
0.0061687
0.0061086
-0.0077266
0.0084162
-0.0083709
-0.002691
-0.0020124
-0.0045246
0.0009295
0.0074449
-0.0007475
0.0061122
0.0034066
0.0072538
-0.0061312
0.0036092
0.0087804
0.0004875
-0.00517
-0.0016703
-0.0065017
-0.0031083
-0.0016578
-0.0092057
0.001173
-0.0019574
-0.0038287
-0.0010539
0.0002686
-0.0076093
-0.0070326
0.0046532
0.0069799
0.0003298
-0.0061908
-0.0093788
0.0025046
0.0069382
-0.0071233
-0.0043915
0.0010518
0.0013039
0.00221
-0.0032116
-0.001891
0.0060578
0.0067562
0.0020416
0.000816
-0.0052458
0.0037102
0.0048194
0.001211
8.04e-5
-0.0066244
0.0076383
-0.0042743
0.0067986
0.0099609
-0.0064898
-0.0037961
-0.0010566
0.0053087
-0.0060869
0.0052717
-0.0001372
0.0092376
0.0033035
0.0033402
0.0088126
0.0034329
-0.0041013
-0.0067003
0.0053906
-0.006772
0.0007856
0.0093806
-0.0065081
0.0022179
0.0055323
0.0061765
-0.0023195
-0.0046293
-0.0087707
0.0032904
0.0031447
0.0078072
-0.00195
0.0001982
0.0064671
-0.009031
-0.0025995
-0.0087675
-0.0089585
0.0073986
0.0016756
0.0043081
0.003011
0.0088472
-0.0002884
0.0086818
0.0089733
-0.0082996
0.001141
-0.0039773
-0.0046023
-0.0033919
-0.0056065
-0.0041548
-0.0053291
-0.0021785
0.0063158
0.0082514
-0.0004959
-0.0089509
-0.0004662
-0.0068591
0.004781
0.0035725
-0.0001184
-0.0079847
0.00052
-0.0032628
-0.0005708
-0.0093273
-0.0094778
0.0011122
-0.0074249
0.0090295
0.0037482
-0.0074151
0.005619
-0.0088231
-0.0079096
-0.0071498
-0.0006607
0.0052928
-0.0089407
0.0017147
-0.0054454
0.0049949
0.0006988
-0.0030043
0.0038049
-0.0016002
-0.0002822
0.0067401
0.0060469
-0.002386
-0.0083019
0.0067215
0.0093546
0.007099
0.0084325
0.0006681
-0.0048999
0.0055919
-0.0086504
-0.007503
-0.0040835
0.0011922
-0.0098858
0.000393
0.0038835
-0.0034841
-0.0011809
-0.0079316
0.0030756
0.0030243
0.0077361
0.0045913
0.0085562
0.009071
0.0094436
-0.0026271
-0.0060354
-0.0025051
0.0079176
0.0093821
0.0005833
-0.0047327
0.0018075
-0.0020019
0.0030583
-0.0057298
0.0055154
-0.0017223
0.0015262
0.0025602
-0.0054922
-0.0021555
0.0066306
0.0098871
-0.0077527
-0.004911
0.0051202
-8.0e-6
-0.0044773
0.0068956
-0.0013098
-0.004945
0.003503
4.52e-5
0.0074739
-0.0041391
0.0097829
0.0097933
0.0013319
-0.0003145
0.0020872
-0.0075948
0.0008125
-0.0007447
0.00557
-0.0003483
