0.0078696
0.0041559
-0.0016003
-0.0068203
-0.0023752
0.0015075
-0.0009124
-0.0067953
-0.0033318
0.0067605
-0.0012362
-0.0079565
0.0046221
0.0036574
0.0020971
0.0021923
-0.0045354
0.0092852
0.0080105
0.0040226
-0.0058096
0.0072894
0.0077336
-0.0059382
0.002041
-0.0023223
-0.0027388
0.0051705
-0.0085755
-0.009394
0.0085232
0.0092102
0.006517
0.0070781
-0.0061787
0.0061038
0.0079259
-0.0008927
-0.0008867
0.0029261
0.0014339
-4.78e-5
-0.0075508
-0.0093243
0.0060374
-0.0014642
0.0074868
-0.0061991
-0.001384
-0.0060181
-0.0053709
-0.0012834
-0.0058529
-0.0093033
0.0079096
0.0034373
0.0070805
-0.0024909
-0.0070366
-0.0015349
-0.0087365
-0.0081679
0.006897
0.0032031
0.004609
-0.0060291
0.0067616
-0.0054635
-0.0050484
0.0069039
-0.0054202
-0.0036784
0.0036031
-0.0028383
0.0097981
-0.0037168
-0.0031958
0.003106
-0.0017133
0.0058434
-0.0013148
-0.0093948
0.0032565
0.0055417
0.0091262
-0.0082918
-0.004976
-0.009397
-2.88e-5
-0.0048685
-0.0070501
-0.0021266
0.0008184
-0.0032259
-0.0072164
-0.0056555
-0.0050173
-0.0071447
0.0047651
0.0039009
-0.0023464
-0.0050671
-0.0009391
0.0009756
0.0083709
-0.0026206
0.0058307
0.009998
0.0024279
0.005368
0.0002987
-0.0042702
-0.00458
-0.0088045
0.0026354
0.0055607
0.0007036
0.0071113
0.0092341
-0.0086808
0.0063018
0.0008637
0.0057065
-1.36e-5
-0.003983
-0.0004782
-0.0065076
-0.0048127
0.0007327
-0.0008886
0.0061156
-0.0024467
-0.0078488
-0.0076171
-0.0068255
0.0044103
0.0077707
0.002656
0.004924
0.0064171
-0.0048324
0.0049158
-0.005366
-0.0067713
-0.009533
-0.0066343
0.0057253
-0.0013775
0.0084002
0.005695
-0.0017909
0.0071188
0.0098751
0.0077475
-0.0099739
0.0011816
-2.38e-5
-0.0097233
0.0082689
0.0017992
0.0024849
-0.0064863
-0.0001952
0.0086697
-0.0091036
-0.0016925
-0.0022932
-0.0044933
-0.0028712
-0.0024533
-0.00344
0.0015414
0.0098839
0.000598
0.0010663
-0.0027463
0.0053318
-0.0093124
-0.0036525
0.0025918
-0.0080855
-0.0065909
0.001478
-0.0001701
0.0068036
0.0007891
0.0039415
0.0034767
-0.0043599
0.0083827
0.0052387
-0.0036362
-0.0083529
-0.0079003
-0.0091343
-0.005502
-0.0033311
-0.0067655
0.0081573
-0.0019049
-0.0094622
0.0002029
0.0084113
-0.0010267
-0.0095863
0.0061459
0.000886
0.0014653
0.001045
0.0063891
-0.0033794
-0.0025419
-0.0081566
0.0035952
0.0015675
0.0078113
-0.0055486
0.0010281
0.0054726
0.0046663
0.0021629
-0.0019693
0.0081686
0.0036049
0.0027826
0.0042115
0.0042262
0.0030216
0.003487
-0.0066673
-0.0027346
-0.0016378
0.0013204
-0.0013425
0.0044603
0.0034116
0.0041176
0.0087335
-0.0078831
-0.0011224
-0.002579
-0.0095708
-0.0078202
0.0070175
0.0077479
-0.0037383
-0.0076344
0.0017998
0.0013207
0.0090208
0.0003725
-0.0024109
-0.001071
-0.0092192
-0.000376
-0.0096021
0.0042631
0.0054744
-0.0096028
0.0032015
-0.00721
0.0068069
0.0061094
-0.0090804
0.005519
-0.0077209
0.0019356
-0.0016205
-0.0080249
-0.0009007
0.0073472
0.005692
-0.007013
-0.0059352
0.0073976
-0.0058691
-0.0058085
-0.0041555
-0.0037181
-0.0009767
-0.0041578
0.0071471
-0.009372
0.0052679
-0.0027933
0.0007119
-0.0073943
0.0001549
0.0081187
-0.0084638
-0.0020093
-0.0050282
-0.0044011
0.004203
-0.0037564
-0.0018115
0.0066041
-0.0051781
0.0077229
0.0013467
-0.0027813
-0.0020013
0.0003181
0.0021317
0.0031316
0.0098258
-0.0077979
-0.0084359
-0.0045411
-0.0042051
-0.0086273
0.0007593
0.0038832
0.0049077
-0.0018837
-0.0084615
-0.0029451
0.0030393
-0.0068725
0.0084871
-0.0087387
0.0079206
5.73e-5
-0.0081827
0.0075946
-0.0012753
0.0081052
0.0008615
0.0071033
0.0034877
-0.0029645
0.0098366
0.0030511
-0.0040481
-0.0069524
0.0075356
-0.002597
-0.006018
-0.0051138
-0.00459
-0.0059338
0.0037555
0.0009792
-0.0009303
-0.008294
-0.0092356
0.002529
0.0085707
0.0098355
0.0098626
0.004008
0.0052673
-0.008478
0.0012784
0.0095703
-0.0084478
0.0066343
0.008279
0.0029048
-0.0007947
0.0084402
-0.008568
-0.0092451
-0.0099188
0.003499
0.0054009
0.0022612
-0.0006419
-0.0067139
0.0025407
-0.0027804
-0.000736
-0.0005883
-0.0070791
-0.0054898
0.0015646
-0.0064769
0.0069895
0.0001717
-0.0097784
0.0016969
0.0036605
-0.0011853
-0.0093553
-0.0088538
-0.008342
-0.0063808
-0.0091465
-0.0043202
0.0043837
0.0018408
0.0089359
-0.0058096
0.0008684
-0.0048985
-0.0016705
-0.0018613
0.0097658
0.0011627
0.0017036
-0.0006871
-0.0067805
-0.0008143
0.0026495
0.0026586
0.0032021
-0.001146
0.007016
-0.0069565
0.0074608
0.0067674
-0.0038203
0.0086483
-0.0010482
-0.0034868
-0.0010042
0.0024057
-0.0021334
-0.0077448
7.37e-5
0.0080304
0.00149
0.0093948
-0.0044459
0.0048558
0.0033644
0.0004044
-0.0023166
-0.0016691
-0.0012412
0.0062702
-0.0019023
-0.0002809
0.0024457
0.0080044
-0.0015201
0.0053234
0.005527
0.0053854
-0.0021918
-0.0095471
0.0001239
-0.0027258
0.0013499
0.0044969
-0.008207
0.0047069
-0.006072
-0.0064691
0.0076913
-0.0022359
-0.0085678
0.0091253
-7.4e-6
0.0072542
-0.0047132
0.0082427
-0.0070604
-0.0027842
0.0099654
0.0023474
-0.0061842
-0.0037788
-0.0048789
0.0028614
0.0092392
0.0043124
-0.0066866
-0.009006
0.0069629
0.0055856
0.0044219
-0.008241
0.0007591
-0.0001053
0.0014712
0.0031599
-0.0031575
0.006292
-0.0011653
-0.0049386
0.0063169
0.0008226
-0.0095035
-0.0075696
-0.002238
-0.0083547
-0.0041388
-0.0035398
0.0013651
-0.0099727
-0.004028
0.008999
0.0086084
0.0084519
