-0.0094606
0.0024202
0.0052909
-0.0036472
-0.0061773
0.0073125
0.0067506
-0.0010641
0.0015568
-0.0071585
0.009071
-0.0095727
0.0083769
-0.0031836
-0.0016508
0.0028309
-0.0005755
-0.002472
-0.0017521
0.0064274
-0.0081936
0.0046326
-0.0030208
0.0004274
0.0066416
-0.0084207
-0.0047247
0.0050199
0.0095942
0.0068952
-0.0081993
0.0014335
0.0086865
0.0019014
-0.0069757
0.0063808
0.0049614
0.0057211
-0.0064436
-0.0024784
0.0097402
-0.0077252
0.0007274
0.0069163
0.0005965
-0.0044219
0.0075387
-0.0049514
0.0048775
0.004081
0.0012376
0.0008577
-0.0001504
-0.0083459
-0.0017502
-0.009751
0.0047778
-0.0052262
0.0011126
0.0062139
-0.0047886
0.0088621
0.0039431
0.0063207
0.0037663
-0.0050167
-0.0086891
0.0010298
0.0003879
-0.0003287
0.0044164
-0.0094075
-0.0002256
-0.0023787
-0.0058612
0.0030052
-0.00453
0.0061898
-0.0006859
0.008571
-0.0051441
-0.0055032
-0.0044518
0.0047687
-0.0001574
-0.0026351
0.0018105
-0.0052747
-0.0095725
-0.0014068
0.0089103
0.002698
0.0078751
0.0019802
-0.001232
-0.0048374
0.0085779
0.0079539
0.0007033
-0.0009775
-0.0085025
0.0071818
0.0006066
-0.0060685
-0.0046928
0.0061381
-0.0040722
-0.0049551
0.0010639
0.0088273
0.0027863
-0.0015516
0.0043787
-0.0087908
-0.0058637
-0.0098632
-0.0073281
0.0028359
-0.009708
-0.0019605
-0.005825
0.0081832
0.0063475
-0.0040791
0.0087747
-0.0055215
-0.0088274
-0.0073892
0.0026408
0.0062131
0.002319
-0.0044417
0.0090614
0.0032132
0.0003609
-0.0021266
-0.003034
0.0075911
-0.0044642
-0.0072531
0.0050307
-0.008036
0.0016895
0.0048587
-0.0096613
-0.0033472
-0.0028303
0.0045257
0.0050403
0.0069604
0.0075746
0.0033422
-0.0012626
0.0056404
-0.007022
-0.0080222
-0.0026139
0.0082104
-0.0024585
-0.0038943
0.0044556
-0.0028492
-0.0078943
0.0031074
-0.0086733
-0.0014802
-0.0038542
-0.0012279
-0.0039174
0.0070792
-0.0007098
-0.0081903
0.0001383
-0.004283
-0.0011129
0.0037493
0.0046803
-0.0086478
0.0057664
0.0047566
-0.0027991
-0.0063692
0.0013222
0.0055221
-0.0064561
0.0047916
-0.0034067
0.0093282
0.0012305
0.0017259
0.005975
0.0093632
0.0018541
0.0058696
0.002349
-0.0091312
0.004373
-0.0013719
-0.0089379
-0.0011197
-0.0058292
-0.0027287
0.0063522
-0.0068737
-0.0067003
0.0083255
0.0049471
-0.0094075
-0.0049059
0.0086425
-0.0075401
-0.0062736
0.0039526
-0.0014962
-0.0076309
-0.0071338
-0.0072667
-0.0090438
0.0089045
0.001984
-0.0067796
-0.0069388
-0.0025705
0.009265
0.0089779
0.0069057
-0.0084375
-0.0024851
-0.0099408
-0.006705
0.0003134
0.0014241
0.0004046
0.0067085
0.0070429
-0.0058253
-0.0064157
0.0014409
0.0088792
0.0037047
-0.0035433
0.0036415
0.0077492
0.0053852
-0.0013475
-0.0004966
0.0040794
0.0011873
-0.0086902
-0.0006239
-0.0082242
0.0001884
0.0058061
0.0048158
-0.0046929
-0.0050949
0.0092866
-0.0001911
0.0035596
0.0077926
-0.0034288
0.0059395
-8.42e-5
-0.0004992
0.0067019
0.0039886
0.0074093
0.0091825
-0.0096318
-0.0042454
0.0076946
-0.0055287
-0.0022395
-0.0015722
-0.0071178
-0.0009464
-0.0043053
-0.002682
-0.0019324
0.0026915
-0.002955
-0.0092713
0.001881
-0.0006438
-0.001357
0.0084716
0.0027565
-0.0099439
0.0080521
-0.0039233
-0.0057746
-0.0049018
0.003682
0.0030651
-0.0058881
-0.0063562
-0.0010794
-0.006257
-0.0078309
0.0011258
-0.0027425
-0.0024109
0.0035136
0.0033299
0.0002786
-0.0013014
0.0001997
-0.0020996
0.0006802
0.0018894
-0.0060942
0.0024859
0.003491
-0.0080101
-0.0045807
-0.0058837
0.0072227
-0.0012171
-0.0087775
0.0028729
0.0008268
0.0001247
-0.0013675
-0.0045352
-0.002163
0.008363
-0.0049383
0.000745
0.0086336
0.0071455
0.0012602
0.0024935
-0.0014789
0.0084521
-0.0049218
-0.0079054
0.0066563
-0.0047114
0.0002818
-0.0021481
0.0045432
-0.00128
-0.0089921
-0.0087928
-0.0007841
0.0023054
-0.0063496
0.0033602
-0.0046083
0.0007101
-0.0051869
-0.0078469
0.0011495
-0.0063546
0.0077193
0.0066171
-0.0080851
0.0053977
-0.0085434
0.0077618
-0.008966
0.0060367
-0.0072207
-0.0011298
-0.0020658
-0.0050148
-0.0028217
-0.0098429
-0.0091864
-0.000652
-0.0082685
-0.006782
-0.0068783
-0.0096583
0.0071444
-0.0069904
-0.0078522
0.0033709
-0.0084574
-0.0006483
0.0085517
-0.0016108
0.0086314
-0.007777
0.0078731
-0.0072508
0.0037728
-8.21e-5
0.0062731
-0.0089319
0.0085578
0.003712
0.0032158
0.0031895
0.0010864
-0.0040032
-0.0014391
-0.0080658
0.0069563
-0.0092739
0.00888
-0.0088402
-0.0003467
0.0067492
-0.0034033
-0.0020709
-0.0041766
0.0045693
0.0001216
0.0088946
-0.0001608
0.0023004
0.0087828
-0.0066907
-0.0087396
0.0067652
-0.0071104
0.0090873
-0.0011627
-0.0090173
-0.0046977
-0.0040798
-0.009314
0.0056189
0.007685
-0.0021522
-0.0054781
-0.0065798
-0.0050852
-0.0048301
0.0085303
0.0059954
-0.0039818
-0.0098274
-0.0020908
0.0009213
-0.0017809
0.0084028
-0.0051942
-0.0088273
-0.0073732
-0.0003738
0.0022681
0.0046207
0.0062748
-0.0050527
0.0045826
0.0042654
-0.0010766
-0.0091387
-0.008453
-0.0012329
0.0042963
-0.0018064
-0.0021245
0.0026757
0.0041342
0.0081634
-0.0095262
-0.0047424
-0.0024835
-0.0064866
-0.0092633
-0.0026354
-0.0038805
-0.0075365
-0.0044249
0.0081144
0.0015075
-0.0012363
-0.0046416
-0.0013209
-0.0062355
0.0009684
-0.0051448
0.0051312
-0.0043954
-0.0046674
0.0042638
-0.0084786
-0.0078112
-0.0062095
0.0087012
-0.0021863
0.001521
0.0032832
-0.0096638
0.0062438
0.0093216
0.0085043
0.0036702
0.000388
-0.0067858
-0.0041629
0.0076574
