0.0005955
-0.0010073
-0.0025719
-0.0043204
-0.0032423
0.0056923
0.005892
-0.0026179
0.0050607
0.0066297
0.0012445
-0.0084591
0.0061556
0.0093178
0.0087392
0.0080145
-0.0073396
0.0040647
0.0024144
0.0084207
0.0096795
-0.0063327
-0.0039356
0.0033145
-0.0024096
0.0020394
-0.006998
0.0047473
0.0048868
0.0021291
0.0041546
-0.0091655
-0.007838
0.002919
-0.0042093
-0.0079253
0.0022837
-0.0035058
-0.0006419
-0.0006094
-0.0045486
-0.0068645
0.0078826
-0.0051065
-0.0055838
0.0094977
-0.0077337
0.0094484
0.0073522
0.0021161
0.0003355
-0.0095765
-0.0018196
0.0094463
0.0083507
0.0075171
0.0050799
0.0015477
0.006216
-0.0063024
-0.0011849
2.12e-5
0.0015758
-0.0087188
-0.0051018
0.0062384
-0.0005801
0.0057398
-0.0089473
0.0006593
0.0044933
0.003692
-0.0069513
0.0006555
0.0049088
0.0035036
-0.0008285
-0.0057077
0.006689
0.0092477
0.0057614
-0.0027165
-0.0015939
0.003537
0.007782
0.0096368
0.0088533
0.0037044
0.0084262
-4.6e-5
0.0008453
0.0013834
0.0068759
0.0006073
-0.0055323
0.0039249
0.0074246
-0.0053329
-0.0069689
-0.0010067
0.0073246
-0.009544
-0.0044059
-0.005821
0.0048395
-0.0055345
-0.0071151
0.0038105
0.0029438
-0.0068145
-0.0007685
0.0076213
-0.0069395
0.0067663
-0.0022114
0.000731
-0.0065903
0.0025366
0.0026198
0.0066278
0.0015051
0.0037793
-0.002456
-0.0074491
0.0095298
0.0079472
0.0009495
-0.0013922
0.0046565
0.0013784
-0.0030112
-0.0073599
0.0011815
-0.0022121
0.001713
0.0006544
-0.0001605
0.006121
-0.0079718
-0.0098962
-0.0077128
-0.0029699
-0.0099233
0.0085777
0.0047096
-0.007292
-0.0028839
-0.0011486
-0.0089289
-0.0028425
0.0071579
-0.0022405
-0.0056203
-0.0057944
0.0036985
0.0053438
0.0039933
-0.0042835
-0.0032769
-0.0087559
0.0094425
0.0009777
-0.0042237
-0.0081032
-0.0009757
-0.0035242
0.0041829
0.0023837
-0.0012911
-0.0011121
0.0098224
0.0090205
0.0002559
0.0070937
0.007104
0.0077687
0.0056693
-0.0099572
0.0055737
0.0005545
0.0055605
-0.0039207
-0.0057779
-0.0074485
0.0084526
0.0052785
0.0042873
-0.0048823
-0.0008255
0.0072391
-0.0029194
0.0075171
-0.0043345
0.0037819
0.0047281
-0.0091172
-0.0056178
0.0065767
6.29e-5
0.0053476
-0.0057448
0.0071534
-0.0008482
0.0060994
-0.0090397
-0.0054186
-0.0060524
-0.0019998
0.008648
0.0084803
-0.0077775
0.0007968
-0.0053215
0.0089468
0.0035552
0.0019789
-0.0061757
0.0067706
-0.0004397
0.0089538
-0.0041536
-0.000804
0.0060534
-0.0078988
0.0018894
-0.0068799
0.0089571
-0.0021037
-0.0067854
-0.004909
0.0071082
0.0090834
0.0026099
-0.0087598
-0.0014602
0.0018779
0.0037849
-0.0091845
-0.0036552
0.0011239
-0.0022238
0.0023143
0.0008701
-0.0089187
0.0049489
-0.0059492
-0.0053315
0.0020119
-0.0097221
0.0050715
0.0031146
0.0055321
0.0073384
-0.0060754
0.0050235
0.0073821
0.0004931
0.0078696
-0.0062509
0.0019432
-0.0063756
-0.0013984
-0.0094579
-0.0011136
-0.0058261
0.0006174
-0.0002091
0.0018805
0.0047174
0.0069851
-0.0087908
-0.0043624
-0.0054756
-0.0057692
-6.23e-5
0.0083095
-0.0097478
0.0037845
-0.0035302
0.008806
0.0013639
-0.0016361
0.0080121
0.0082051
0.0017138
-0.0059066
-0.0056808
0.0089162
-0.0023781
0.0089313
0.0024471
-0.0062864
0.0032522
-0.0038643
0.004339
8.18e-5
-0.0012315
-0.0062123
-0.0079606
-0.0078114
0.0048775
-0.0073881
0.0096335
0.0069962
-0.0099861
-0.0060579
0.0019819
-0.0080033
-0.0056608
0.0074689
-0.0051377
-0.006529
0.0061435
-0.0035284
0.0027129
-0.0097689
0.0095961
-0.0025182
-0.0075715
-0.0039392
-0.002605
0.0011987
-0.0050874
-0.0015631
-0.0085562
-0.009645
0.0015472
-0.0051179
0.0073521
0.0066066
-0.0044717
-0.0082226
-0.008202
-4.88e-5
-0.0045889
-0.0010946
0.0090088
0.0073763
0.0014994
-0.0019222
-0.0094978
0.0012893
0.0053041
0.0077891
0.0095086
-0.0017226
0.0080214
0.0009243
-0.0085775
-0.0065641
-0.0027785
-0.0024755
0.0005262
0.0042629
-0.0060203
-0.0022422
-0.0089321
-0.007211
0.0085542
0.0059385
-0.0021228
0.0031033
-0.0002348
0.0090303
4.22e-5
0.0026728
0.0065208
-0.0068397
0.0059092
-0.0039086
0.002423
0.0043835
-0.0022058
0.0028234
0.0038288
0.0082021
-0.0038253
-0.0051615
-0.0077996
0.0009142
0.0082026
-0.0039018
-0.0064256
-0.0098681
-0.0040844
-0.0019284
-0.0071193
-0.0097032
0.0009327
0.0074527
0.0007955
0.0060424
0.0026164
0.0017445
0.0088001
-0.0034474
-0.0047224
-0.0040156
0.0007271
0.0092892
-0.0010403
0.0078085
-0.0074559
-0.0058807
-0.0024879
0.0071264
-0.0058786
0.0047895
0.0099336
-0.0062693
0.0097783
0.0040376
0.0027217
-0.006108
-0.0026925
-0.006023
0.0076443
-0.002076
0.007586
0.0002544
0.0060858
0.0097569
-0.0049167
0.0078802
0.0079514
0.0075458
-0.0080616
0.0095221
0.0043794
-0.0040244
-0.0030823
-0.0016991
0.0032143
-0.0069362
0.0051801
-0.0005313
-0.0029814
-0.0066246
0.0049248
0.0025564
0.0030321
0.0030161
-0.0029953
-0.0029951
0.0044282
0.0050333
-0.0051613
-0.00395
0.0031333
-0.0058069
-0.009334
0.0070657
-0.0058921
-0.0055028
0.0093538
0.0025637
-0.0041388
0.0037592
-0.0040815
0.0090485
0.004094
-0.0081428
2.4e-5
-0.0055464
-0.0090592
-0.0080034
-0.0071871
0.0003335
0.0084036
-0.0038372
0.0009868
-0.0086079
-0.0096415
-0.0008915
0.0016233
-0.0092479
0.0067236
-0.0083105
0.0013881
0.0008724
-0.0015545
0.0030133
0.0071892
0.0029693
0.0043316
-0.0005596
-0.003551
0.0093559
-0.0024045
-0.0011859
3.16e-5
0.00481
-0.0005172
-0.0056828
-0.0012363
