-0.0039352
0.0039508
-0.0086198
-0.0039992
0.0055422
-0.0054926
-0.0026011
-6.29e-5
-0.008245
-0.0097945
-0.0099402
-0.0003946
0.0069819
-0.0036941
-0.0096579
0.009369
0.0072653
-0.0070824
0.0007203
0.0085116
0.0025657
-0.0041662
0.0063755
0.0065795
-0.0095164
0.0017717
0.0044706
-0.0009591
-0.002785
-0.0090789
-0.0062631
0.0041987
-0.0021144
0.0021424
-0.0097337
-0.0059905
-0.0069357
0.0098192
-0.008548
-0.0007649
-0.0034063
0.0008615
-0.0055719
-0.0054975
-0.0024005
-0.0075491
-0.0042322
-0.0001773
-0.0098504
-0.0090967
-0.0081644
-0.0066617
-0.001258
-0.0082152
0.0045956
0.0048051
0.0096065
0.002638
0.0028918
-0.002666
0.0083202
-0.0036519
0.0016291
-0.0016565
-0.0082811
0.009648
0.0096333
-0.0065649
0.0049963
-0.0051605
-0.0034244
-0.0093864
-0.0085914
0.0035569
0.0001652
-0.0015742
0.0044208
0.0018318
0.005201
-0.0036317
0.0099726
-0.0009721
0.0063471
-0.0074659
0.0014111
-0.0046587
-0.0022424
-0.0010958
-0.0097182
-0.0097274
-0.0070357
0.0079009
-0.0041546
-0.0017209
0.0008941
-0.0006954
-0.0066852
-0.006272
-0.0051849
0.0009634
0.004829
-0.0012333
0.0079443
0.0039162
0.0096468
0.0072353
0.0032395
-0.0090357
-0.0020406
0.0088253
-0.0013513
-0.0070984
-0.0003954
0.0091775
0.0057799
0.0025509
-0.0036558
-0.0093791
-8.14e-5
0.0054772
0.0075637
-0.0076632
0.0034588
-0.0018521
0.0040584
-0.0014718
0.0033226
-0.0036423
0.0068428
0.0082622
0.0007284
-0.0071738
-0.0010906
-0.0016143
0.0020813
0.0024037
0.0087047
-0.006051
-0.0092876
-0.0037429
-0.005967
-0.0069127
-0.0002393
0.0026389
-0.0042451
-0.0054203
0.0025563
0.0091579
0.0086653
0.0097361
-0.0009651
0.0097444
0.0045525
-0.0056643
0.0011385
-0.0016379
-0.0080598
0.0031615
0.0028297
-0.0018235
0.0025338
-0.0074957
-0.0031781
-7.19e-5
-0.0019042
-0.0058504
0.0046832
-0.0007692
0.0025246
-0.0017089
-0.0044998
-0.0086585
-0.0076542
0.0020519
-0.0077867
-0.0044609
0.0080414
-0.0084034
-0.0007413
0.0083297
-0.0069286
-0.003219
0.0067106
0.0046122
0.0020779
-0.0095921
0.0048906
0.0043452
0.0091389
-0.0073631
-0.0059505
0.0087639
-0.0001802
0.0037911
0.0016399
-0.00907
-0.0002755
-0.0067288
-0.0070657
0.0083966
0.0089641
0.0090124
0.0069429
0.0044427
-0.0030278
0.0059902
-0.0015967
0.0053497
0.0011204
0.0072484
-0.0072722
-0.0019227
0.0076605
0.0032466
0.0009117
-0.006828
-0.0019162
-0.0018573
-0.008689
0.0057997
0.0094907
0.0023015
-0.0086237
0.005785
0.0016412
-0.0080735
-0.0064107
-0.0006933
-0.0082697
-0.00148
-0.0070544
0.0051576
-0.0088461
-0.001278
0.0015802
-9.56e-5
-0.0092709
0.0028399
0.0033785
-0.0073744
-0.0039358
0.007745
0.0070085
-0.0039213
-0.0040989
0.0031755
-0.0098261
-0.0051581
-0.0069743
-0.0047976
-0.0079855
0.0017253
0.0018628
-0.0005883
-0.0087145
9.24e-5
0.0045143
-0.0020156
-0.0098807
-0.0079738
-0.0023947
0.0091483
0.0002374
0.009872
-0.0052185
-0.0024685
0.0029172
-0.0077763
0.0005177
-0.0001714
0.0084215
0.0091588
-0.004355
-0.0002927
-0.0001838
-0.0076525
0.0076287
0.0094786
-0.009719
0.0047816
-0.0041499
0.0093978
-0.0088011
-0.0047898
-0.0064183
-0.0017492
-0.0001116
-0.0056323
-0.0098796
0.0068466
-0.001527
-0.0043647
-0.0064478
-0.0046509
0.0031856
-0.0028886
0.0046047
0.0043361
0.002145
-0.0068043
0.0088216
-0.0032261
0.0066145
0.0087208
-0.0096511
-0.0038923
0.0004762
0.0005613
-0.0032789
-1.14e-5
-0.0017746
0.0047948
-0.0022339
0.0036238
-0.0028629
0.0064384
0.0083767
0.0002759
0.007017
-0.0044844
-0.0062907
-0.0043765
-0.0076723
0.0028047
-0.0032264
-0.0099488
0.0044779
-0.003261
0.0070626
-0.009136
-0.0063495
0.0022202
-0.0035383
-0.000189
0.0064995
0.0052615
-0.0022838
0.0080061
-0.0001709
-0.0004799
-0.0039046
0.0083124
-0.0042379
-0.0074162
0.0034874
-0.0068947
-0.0082718
0.0008234
-0.0032272
0.0021497
-0.0011325
0.0039371
-0.0021966
0.0015866
-0.0048366
-0.0027561
0.0061951
0.0085738
-0.0016538
0.0058959
-0.0081365
-0.005211
0.0080804
0.0042525
0.0049889
0.0073885
-0.0007988
-0.0095846
-0.0048566
0.0001545
-0.0077749
0.0057211
0.0095574
-0.0038093
-0.0094726
0.0085689
0.0077698
0.0012802
0.0084422
-0.0053133
-1.91e-5
0.0007994
0.0011263
-0.008744
0.0044398
-0.0042256
0.0087445
-0.0070454
-0.0020688
0.0063948
0.0011358
0.0070899
-0.002156
-0.0082005
0.0001519
-0.0087617
-0.009229
-0.0060073
0.0060285
0.0081308
0.0028631
-0.009436
0.0082064
0.0055728
-0.0091048
0.0033927
-0.0036091
0.0096648
-0.0033338
-0.0044509
0.0032567
-0.0065763
6.65e-5
-0.0064441
0.0090923
0.0047511
-0.0051026
0.0010094
-0.0065533
-0.0037553
0.0072913
0.0001367
-0.007359
-0.0046391
-0.0066129
-0.0060022
0.0077942
0.000735
0.003396
0.0089677
-0.0035226
0.0092588
0.0026866
0.008658
-0.0034389
0.0078254
-0.0093582
-0.000557
-0.0093493
0.0009461
-0.0029543
-0.0021932
0.0064063
0.0056209
-0.0005927
0.0085011
0.0043169
0.000168
0.0091464
0.0090128
-0.0087965
-0.006829
-0.0002853
-0.0005006
-0.0015784
0.0011644
0.0068966
0.0020619
0.0056312
-0.0068407
0.0091244
0.0051702
-0.0039748
0.001959
-0.0061358
-0.0053553
-0.0026555
-0.0005849
-0.0076002
-0.0059886
-0.0045139
-0.0005465
-0.0022704
0.0089825
-0.0002948
0.0049252
0.0085519
-0.0053927
0.0018414
-0.0057993
-0.0025194
0.00826
-0.0071583
0.0067179
-0.0084411
-0.0083833
-0.0082667
-0.0018775
-0.0039608
0.0094986
-0.0026327
-0.0069441
-0.0095198
0.0034373
0.0042552
