0.0072053
-0.0033991
0.0015345
-0.0095682
-0.0051588
0.0007123
-0.0011827
-0.0094457
-0.0085358
-0.006946
0.0010762
0.0062884
-0.0066116
0.0070104
-0.0068814
0.0080032
-0.0076119
-0.0044539
-0.004514
-0.0089785
0.0046349
-0.004929
-0.0045516
-0.0066946
-0.0011789
0.0023785
0.0094673
0.008302
0.0012281
-0.0097798
0.0065431
0.0043706
0.005098
-0.0012581
-0.0022064
-0.0014531
0.0051194
-0.0011758
0.002947
-0.0017354
0.0055378
0.0053794
-0.0077014
0.0035178
0.0065172
0.0053256
0.0086931
0.0021962
0.0025662
0.0080281
0.0096446
-0.0081925
-0.0078166
0.0046001
0.0068485
0.0010896
-0.0049813
-0.0011526
0.0048888
0.00194
-0.0097322
0.0047795
-0.0050462
-0.00596
-0.0030431
0.0044896
0.0029507
-0.0087549
-0.0049366
0.0034451
0.0006585
-0.0044474
-0.0084752
-0.0061356
-0.0060795
-0.003285
-0.0071287
0.0093901
0.0036609
0.0056882
-0.000394
0.0073613
-0.0091444
-0.0036827
-0.0018286
0.0078532
0.0042453
0.0051661
-0.005731
0.0041806
0.003456
-0.0050608
0.0053729
0.0072111
0.0022713
-0.0091098
0.0054149
0.0082362
0.008775
0.0092256
0.0049741
-0.0020107
-0.0037801
-1.26e-5
0.0018902
0.0023914
0.0032982
0.0073817
0.0049031
-0.0085817
-0.0097876
0.0082701
-0.0011798
0.0095275
0.0080295
0.0001882
-0.0080315
0.0086126
-0.0030837
0.0047662
0.0070072
0.0008091
0.0066214
0.0054545
0.0049334
0.0044821
0.0078451
0.0020329
0.0038067
-0.0023185
0.0099914
-0.0032674
0.0023114
0.0080522
0.0065196
-0.0039827
-0.0035858
-0.0045905
0.0075768
0.0066093
0.006926
-0.0088807
-0.009297
-0.004449
-0.004274
0.008914
-0.0071066
-0.0006796
0.0052099
-0.0092201
0.0031386
-0.0066902
-0.0078641
0.005893
-0.0023446
0.0093761
-0.0088204
0.0063818
-0.0091798
-0.0062552
-0.0078205
0.0098313
-0.0008669
0.0058172
0.0089136
0.009409
0.0092318
0.0051735
0.0089481
-0.0023667
0.0090185
-0.0020285
0.0057712
0.0047132
0.0066028
-0.001072
-0.0058976
-0.0033304
0.0086696
-0.007546
-0.0065755
0.000848
0.0053245
0.0049737
-0.0088695
0.0047191
0.0003533
0.0036461
0.0049734
0.006079
-0.0075169
-0.0094988
0.0048631
0.003325
0.0008822
0.0071729
-0.009543
0.0074548
0.0023282
0.0074134
-0.0040171
0.0017197
-0.0080962
-0.0008272
-0.0049359
0.000517
-0.0076649
-0.0072236
-0.0054388
-0.0061992
0.0054758
-0.0064331
-0.0013459
0.0065061
0.006048
-0.0007509
0.004438
-0.009309
0.0015684
0.00561
0.0004544
0.0044969
-0.0055108
0.0071272
-0.0052912
-0.0053987
0.0086114
-0.0097859
0.0093072
0.0016322
0.0068662
0.0004898
0.0006152
-0.0051038
0.0019038
0.001166
0.0080364
-0.0056024
0.0076176
0.0085541
-0.0086547
-0.0089774
-0.0095361
0.0066486
0.008269
0.0049539
-0.0032038
-0.0078659
0.0001482
0.0090594
-0.005229
0.007948
-0.0094438
0.0004053
0.0003945
-0.0087631
-0.0027351
0.0073693
-0.0063982
-0.0068398
0.0047627
-0.0010512
-0.0017794
0.0080506
0.0013465
0.0099035
0.0060686
0.0021841
0.0063628
-0.005505
-0.0094782
-0.0023054
0.0003803
-0.0050874
-0.0092697
-0.0094075
0.0016878
-0.0009806
0.0053765
0.0077673
0.0081969
-0.0016433
0.0090062
0.0056903
0.0007265
-0.0091246
0.0080697
0.0025849
-0.0079516
-0.0076524
0.0080666
-0.0027914
0.0010449
-0.0055577
0.0015655
0.0077062
-0.0013065
0.000349
-0.000303
0.0060393
0.0022454
-0.009482
-0.0048681
0.0066923
-0.002989
0.0006273
-0.0034714
0.0033947
-0.0061743
0.0019936
-0.0061383
0.0063671
-0.0050518
-0.0016743
0.0063132
-0.0001412
-0.0009383
0.0049478
-0.0014081
-0.0099218
-0.0031314
0.0043689
0.0004615
-0.0065457
-0.0041192
-0.0098335
0.0072251
0.0005872
0.0076458
0.0094282
0.0076669
-0.0006064
0.0047263
0.0074527
-0.0058703
-0.0013057
-0.0030989
-0.0007584
0.0013128
-0.0027319
0.0009294
-0.0068584
0.006323
-0.0049523
-0.0016237
0.0069641
0.0003995
0.0078751
-0.0017711
-0.0096015
-0.0020817
-0.0035942
0.0011709
-0.0027573
0.0055594
0.0087233
0.0090097
-0.0089247
-0.0065235
-0.0076148
-0.0093886
-0.0019278
0.0075377
-0.0039911
0.0084453
-0.0079354
0.0006345
-0.0061371
0.0079645
0.0048906
0.0009452
0.0057995
-0.0075776
0.0007688
0.0010774
-0.006243
0.0034577
0.0015313
-0.0025003
-0.0063753
-0.0070448
-0.002955
0.0042361
-0.0022324
0.0056171
0.0055244
0.0004252
-0.0076787
-0.0034453
-0.0020858
-0.0049506
-0.0062154
0.0063589
-0.0090453
-0.0041527
0.004999
0.0085589
0.0030149
0.0067393
-0.0079354
0.0086106
-0.00476
-0.0041138
-0.0073167
-0.0021377
0.0085957
-0.0012323
0.0044012
0.0083227
-0.0023191
-0.0009331
0.0040241
-2.89e-5
-0.0048963
-0.0061022
-0.0053495
-0.0030494
-0.007606
0.0014206
4.82e-5
0.0006012
-0.0098969
-0.0044279
0.0088953
-0.0077005
0.0008784
-0.0079931
0.0082904
0.000743
-0.0096767
0.0031975
0.0010314
0.0016497
-0.0062845
-0.0093983
0.0025593
0.0050945
0.0062598
-0.0016583
-0.0032198
0.0025125
-0.0091188
0.0007218
-0.0009834
-0.0021729
-0.0015119
-0.0022208
0.0075695
-0.0006256
0.005144
-0.0071901
-0.0041979
0.0091381
0.0013566
0.0076602
-0.0042275
0.0030888
0.0026895
-0.0085507
0.001465
-0.0084258
-0.0038477
0.0091931
0.0009394
0.0049178
-0.0012525
0.0038086
0.0042111
0.005281
-0.0060621
-0.0081454
-0.0018634
-0.0055196
-0.0006197
0.0028347
-0.0009577
0.0012415
-0.007766
-0.0012643
0.0061077
0.0024414
0.0076919
0.0018636
0.0064429
0.0064413
-0.0061434
0.0021967
-0.0016571
0.0082889
-0.0059513
0.0092493
0.0022245
0.0090367
0.0059534
0.0094406
