-0.0019253
-0.0047788
-0.0061135
0.0025805
-0.0071428
-0.0094726
-0.0025758
-0.0023451
-0.0029906
-0.0072354
-0.0001166
0.0046399
-0.0002326
0.0087646
-0.0039456
-0.0072764
-0.0061216
-0.0086024
0.0045049
-0.0054675
0.0071807
-0.0053597
0.0054252
-0.0094204
0.002395
0.0067646
-0.00583
-0.0071069
-0.0078008
-0.0050199
0.0044284
0.0085421
-0.0017084
-0.0030493
0.0042691
0.0064902
0.0048426
-0.004915
0.0055688
-0.0088121
0.0060803
0.00373
0.0062945
0.0076774
0.0066002
0.0087467
0.0077377
0.0024876
0.0075798
-0.0052027
0.006073
0.0004777
-0.0002694
-0.0080007
0.0006134
-0.0029878
0.0007538
0.0048596
-0.008568
-0.0095134
-0.0053619
0.00846
0.0060839
-0.0061904
0.002356
0.0019709
0.0043531
0.0080907
0.0086701
0.0076357
-0.0055915
-0.0050933
-0.0054789
0.0049776
-0.0053648
0.0075969
-0.0087698
-0.0098741
0.0030864
-0.0020182
-0.0025768
-0.0011259
0.0004551
0.0040164
-0.0065065
-0.0031413
0.0007387
-0.0091628
0.0050145
0.000243
-0.0028495
0.0053376
0.0019111
-0.005221
-0.0051815
-0.0009084
0.0086948
0.0047282
0.0063884
0.0061583
0.0046855
-0.0064051
-0.008685
-0.0063453
-0.0094541
-0.0055494
-0.0025438
0.0004059
-0.0004354
-0.0003012
-0.0098278
0.009343
-0.0020041
-0.0070257
-0.0031587
0.0017946
0.002691
0.0045963
-0.0082329
0.0089169
0.0018936
-0.0016746
0.0098395
-0.0045357
-0.0012293
0.0059783
-0.0005638
0.0082668
0.0026858
-0.0072192
0.0033737
0.0033533
-0.0099541
-0.0031805
0.0014102
0.0071677
-0.0052142
0.0045914
-0.0066065
0.0032591
0.0023687
-0.0091385
-0.0035105
-0.0010053
-0.0072231
-0.0012066
-0.0065443
0.0022176
0.0011659
-0.0089428
0.0048679
0.0084886
-0.0028269
0.0058079
-0.0080738
-0.0069166
-0.0042781
-0.0055702
0.0087727
0.0064554
-0.0074254
-0.0022018
-0.0037348
-0.0019073
-0.0051254
0.0074618
-0.0071292
0.0025863
0.0002648
0.0080415
0.0031222
0.0021162
-0.0025549
0.0001052
-0.0049456
0.0032291
0.0086092
-0.009224
-0.0014256
-0.0098278
-0.0087312
-0.0087309
-0.0070756
0.0057498
0.004259
-0.0091219
0.0075697
-0.0030848
-0.0042363
1.32e-5
8.89e-5
-0.0032134
0.0060183
0.0037451
0.0043652
-0.0097251
-0.0021004
0.00251
-0.006609
0.0049717
-0.0029469
-0.0069388
0.0057474
-0.0018429
0.0008355
0.0055572
-0.0046536
-0.0080617
0.0087102
0.0072809
0.0032406
-0.0014234
-0.003821
0.0015936
-0.0075065
-0.005823
-0.0064897
-0.0037024
0.0021857
0.0039735
-0.0098786
-0.0082008
-0.0037847
-0.006485
0.0033089
0.0020875
-0.0051227
-0.0030321
0.0016951
0.0059585
-0.0065351
0.0007555
0.0046965
0.0068431
0.0080638
0.0068068
0.0045868
0.0044584
0.0099039
-0.0096405
0.0078614
-0.0087303
-0.0073266
0.0094536
0.0064239
-0.0023041
-0.0056267
0.0080932
0.0062746
0.0023099
0.0079297
0.0081499
0.0040939
-0.007364
0.0091257
0.0004896
-0.0043026
0.0038015
0.0078706
0.0021141
0.0035498
-0.009461
-0.0022023
0.0064146
0.0020872
-0.0035034
-0.0008183
-0.002781
0.0068803
0.0043036
-0.0033205
0.0013544
-0.000743
0.0019151
0.0054713
0.00978
0.0037587
0.003682
0.0008698
-0.0042541
-0.0074207
0.0079939
0.009739
-0.0033463
0.0047306
0.0099952
-0.0051293
0.0054406
-0.0080968
0.0021051
-0.0003965
7.15e-5
-0.006741
0.0047729
-0.0089798
0.0004378
-0.0085183
-0.0074535
-0.0063175
-0.0056228
-0.0045046
-0.0093138
-0.0047442
0.0092867
-0.0096498
0.009587
0.0085334
0.0009583
-0.0095708
-0.0017837
-0.0063855
-0.0056404
0.0013289
0.0043556
-0.0079022
-0.0058122
-0.0034572
-0.0085282
0.0034158
0.0051239
-0.0068397
0.0051595
-0.0098482
0.00674
0.0026849
0.0062742
0.0003878
-0.007725
0.0073131
0.0022855
0.0005118
0.0053383
-0.0038479
0.0048663
0.001208
0.0051245
0.003169
0.0048624
0.0060813
-0.0070891
-0.0027222
-0.0037913
0.0095565
0.001329
-0.0095389
-0.0036271
0.0011256
0.0047649
-0.0051792
0.0026256
-0.0046869
0.0084358
0.0070842
-0.0016056
0.0055673
-0.0068193
0.00875
-0.0019938
0.0063584
-0.0020554
-0.000823
-0.0032541
-0.0027446
0.0031869
0.0075327
0.0083502
0.0011524
0.0050329
-0.0096402
0.0043525
0.0096842
-0.0068228
-0.006955
0.0049695
-0.008772
0.0010699
-0.0078761
-0.0054131
-0.0092176
0.0018171
0.0014427
-0.0010343
0.0041768
0.0054913
-0.008378
0.0088882
-0.0017609
0.0062059
-0.0079006
0.0027802
-0.0090889
-0.0058173
0.0064924
-0.0069853
-0.0015405
-0.0087471
0.0048213
-0.0012159
0.0045301
-0.0028503
-0.0033107
-0.0054985
0.0094515
0.0041098
-0.000584
0.0064211
0.0062594
0.0023942
0.0059247
0.0072322
-0.0013715
-0.0034304
-0.0015697
-0.0014138
0.0058009
0.0031229
-0.0082054
0.000497
2.37e-5
-0.0013191
0.0014942
-0.0027501
-0.001715
-0.0054225
-0.00831
-0.0062502
-0.0039878
0.0003846
-0.0031255
0.0032365
0.005606
0.0062593
-0.0068768
0.0020043
-0.0074421
0.0099387
0.0049229
-0.0041133
-0.0012846
0.0090781
0.0048972
0.0077209
-0.0083992
0.0001304
-0.006789
0.006376
-0.0060578
-0.0011693
0.0080672
0.0008904
-0.007349
-0.0030748
-0.0079136
0.0088753
0.0018857
-0.0074793
0.0089282
0.0010235
-0.0003574
0.0036948
0.0078594
-0.0081105
0.0086228
-0.0050113
-0.0035906
0.0065932
-0.0029511
-0.0032694
-0.0028654
0.0095026
-0.0024331
0.0038639
-0.0016221
0.0090063
0.0082451
-0.0023212
-0.0038827
-0.0071412
0.0020884
0.0055965
-0.0002976
0.000968
-0.0001913
-0.0089251
-0.0068124
0.0019801
0.0041348
0.0042578
0.0025561
-0.004534
-0.0035807
-0.0087339
-0.007402
-0.0090469
-0.0091751
