-0.0035836
0.0029943
0.0014648
-0.0080095
0.0051583
-0.0071599
0.0095525
-0.0045692
-0.0067381
0.0009827
0.0023677
-0.0020021
-0.0041916
-0.0035268
-0.0040741
-0.0023117
0.0040136
-0.008595
0.0067537
-0.0001007
-0.0028202
-0.0018766
-0.0081269
0.0081524
0.0014013
-0.0055122
0.0023069
0.0095492
-0.0039567
0.0069755
0.0052854
0.0082209
0.0086439
0.0032202
-0.0081537
-0.0022015
0.0012281
0.0047223
0.0080917
0.0020714
-0.0031034
-0.0082647
-0.0072913
0.0055347
0.003987
0.0086552
0.0006257
-0.0093704
0.001899
0.006075
-0.0097336
0.0048054
-0.0001844
-0.0004683
0.0051677
0.0068866
-0.0044462
0.007785
-0.0075942
0.0022267
0.0070549
0.0002601
-0.0033253
0.0081811
-0.0035615
-0.0016034
-0.0015291
-0.0062498
-0.0065203
-0.0022012
-0.003511
-0.0074579
0.0076456
-0.0009753
0.0081488
0.0051756
-0.0095136
0.006351
-0.0084683
0.0070313
-0.0086862
0.0045733
0.0040786
0.0057129
-0.0079116
-0.0034865
-0.006009
0.0058941
-0.0025409
-0.0012052
0.0093687
0.0013654
0.009044
0.0052051
-0.0024774
-0.0026652
0.0022488
0.0093905
-0.00849
0.0071052
-0.000707
-0.0056571
-0.0054953
0.009405
0.005034
-0.0034791
0.006795
-0.0014054
-0.0032041
-0.0003901
-0.0039527
-0.0086628
0.0004027
-0.0042753
0.0039779
0.00034
-0.0030911
8.91e-5
-0.0087032
0.0082045
0.0071988
-0.0079952
-0.0026782
0.0051543
-0.0043851
0.0041678
-0.0080911
-0.0038093
0.0087538
-0.0053255
-0.0021093
0.0095917
0.0038695
0.0033883
-0.0015426
0.0037499
0.0082207
-0.0012712
0.0082243
0.0005711
0.0063127
-0.0050382
0.0063459
0.0066032
0.0047208
-0.0049177
0.0001514
-0.0054672
-0.0005305
0.0074051
-0.0069347
0.0033336
0.0071949
0.0030919
0.0045734
-0.0039298
0.0086019
-0.0094601
0.0072594
-0.0023461
0.0046235
0.0027206
-0.0045567
-0.0070598
-0.0024512
-0.0033708
-0.0053273
0.0067968
-0.0090811
0.004871
0.0032126
-0.0067634
0.0061893
-0.0020801
0.0075175
0.0017449
-0.0065745
-0.0063647
0.0079
-0.0018952
0.0087152
0.0058999
0.0069173
0.009875
-0.001408
-0.0070054
0.004239
-0.0075789
-0.0085373
0.0075405
-0.0025954
-0.0009556
-0.0013208
0.0051542
0.0022826
0.0066367
-0.0055616
0.0006341
0.0095351
-0.007499
-0.0024536
-0.0027571
-0.0014616
-0.0028176
0.0092093
-0.0082173
0.0087902
-0.0023916
-0.008424
0.0078855
0.0062412
-0.0073283
0.0088783
0.0090191
-0.0019054
0.0051005
0.0060654
-0.0034928
0.0060529
0.0081004
-0.005047
0.0006551
0.0083738
0.0025599
-0.0018891
0.0034418
-0.008027
-0.0068044
-0.0078124
-0.0025463
-0.0022321
0.0041726
0.0071078
0.0031169
-0.0020668
-0.0086999
-0.0049855
-0.0096627
0.0081464
0.0055663
-0.0008234
0.0014174
-0.0001017
-0.0097326
-0.0015787
-0.0060881
-0.0048696
0.0072532
0.0034459
0.0003536
-0.0048071
-0.0001515
-0.0020773
0.0078352
0.0044467
-0.0036407
-0.0088186
-0.0071272
-0.0080209
-0.0083221
0.0081583
-0.0084102
0.0049878
0.0036552
-0.0027441
-0.0067909
-0.0084477
0.0080807
0.0049918
-0.0042142
0.0001124
-0.0096133
0.0060453
0.007896
-0.0033855
-0.0034465
0.0071765
0.0088897
-0.0090316
0.0004185
-0.0088872
-0.0062329
0.0054458
0.0014084
-0.0044237
-0.0033951
-0.0006225
-0.0018885
-0.0048801
0.0020817
-0.0073945
-0.008737
-0.0089296
0.0045667
-0.0070554
0.0016765
0.0085624
0.001577
-0.0083939
0.0048502
-0.00013
-0.0054891
0.0016057
-0.008106
0.0074395
0.0081813
-0.0099938
-0.0028153
0.0071851
-8.13e-5
0.0081312
-0.0081092
-0.0053502
0.009691
-0.0017497
0.0056426
-0.0098487
0.0007162
-0.0079431
-0.0057459
-0.0014146
-0.0090736
-0.0067368
0.0040636
-0.0085083
-0.0068897
0.0083023
-0.0096674
-0.0011131
-0.0056269
-0.0090471
-0.0053818
0.0031251
8.21e-5
-0.0033354
0.0029706
0.0080724
0.0055855
-0.0099976
0.009928
-0.0069404
0.0057528
-0.0079582
0.0006732
0.004965
-0.0069811
-0.0038593
0.0007956
0.0064307
-0.0013048
-0.0052189
0.0021705
0.0075919
0.0003618
0.0037187
0.0029945
-0.0072502
-0.0029084
0.0084681
0.0020961
-0.0031298
0.0029908
0.0071559
-0.0018878
0.0012902
0.0042327
-0.0054749
-0.0017472
0.006475
-0.0005401
-0.0073986
0.0079867
-0.0014891
0.0043024
-0.0065052
-0.0058813
0.0032805
0.0046682
-0.0067002
-0.0010772
0.0067432
0.0099387
0.0070256
-0.009519
0.0081157
0.0029605
0.0096496
-0.0042374
-0.0008339
0.0048785
0.0073559
-0.0039086
-0.0030101
-0.0065435
0.0089548
-0.0074957
-0.0005637
0.007731
-0.0094072
0.0023466
0.0016776
0.0078752
0.0038282
0.0011649
0.0084053
-0.004205
0.0040728
0.0055012
-0.0001514
0.0097614
0.0089557
-0.0031114
0.005627
0.0037856
-0.0002739
-0.0088185
0.0077877
-0.0013604
-0.0017319
0.0011196
-0.0041047
0.0024181
0.0042745
0.0041508
-0.0084855
0.0083892
0.0069057
-0.001702
0.0037227
0.0081757
-0.005138
0.0090093
0.009791
-0.001103
0.0024339
0.0014918
0.0046356
0.0060485
-0.0096423
-0.0061841
0.008306
-0.0088575
-0.0065371
-0.004537
-0.0005449
-0.0086985
-0.0093779
-0.0024642
-0.0071393
-0.0043514
0.0001858
-0.0033248
0.0044939
0.0014882
0.0023956
-0.0077139
-0.0088699
0.0024976
0.0055468
-0.0009717
-0.0051763
0.0036932
0.0087343
-0.0009043
0.0097098
-0.0075678
0.0081689
-0.0049295
0.0052287
-0.005608
-0.0099441
-0.0024845
0.0064609
-0.0017008
0.0037221
0.0044408
-0.008019
-0.0071552
0.0093603
0.0017798
-0.0032644
-0.0004525
0.0023312
-0.0098908
-0.0055578
0.0087705
0.0010259
-0.0012908
0.0073475
-0.0035888
0.0022114
0.0064293
-0.0085645
-0.0094297
0.0016332
