0.0098712
0.0025118
0.005648
-0.0048367
-0.0022614
-0.0020753
0.0072193
-0.0065343
0.0078974
-0.0095572
-0.00544
0.0004877
0.0022914
0.0075704
0.0050459
-0.0035949
0.0006198
0.0011714
-0.0077605
-0.0037565
-0.0017723
-0.0062749
0.0061381
0.0021048
-0.002387
-0.0087356
0.0036605
-0.0029037
0.0044744
-0.0064146
0.0008604
0.0031028
0.0033389
-0.0048377
-0.0082386
0.0016406
0.0074792
0.0019323
-0.0038672
-0.0056976
-0.0049995
0.0053096
0.0037224
-0.0017729
0.0005905
0.0081072
0.0028379
0.0042617
0.0048963
-0.0073573
0.0014786
-0.0043835
-0.0067624
-0.0050531
0.0016188
0.0011086
-0.0011282
0.0024967
0.0074186
0.0013191
0.0072438
0.0032688
0.0012848
0.0051554
0.0087963
-0.0010948
-0.0076878
-0.003055
-0.0059167
0.0040962
-0.0060171
-0.0071163
0.0094484
-0.0036127
-0.0019679
0.003808
0.0082602
-0.0003943
0.0057314
0.0064869
-0.0010115
-0.0071525
0.0032149
-0.0003123
-0.0015008
0.0010009
-0.0001408
-0.003854
0.0059946
-0.0030289
-0.0046071
-0.0081058
-0.0053327
0.0031737
0.0095887
-0.0004589
-0.0032191
0.0071959
-0.0038599
0.0082775
0.0047251
-0.0042284
0.0006413
-0.0030292
0.0090052
0.0082701
0.0097108
0.009795
0.0065889
0.002451
-0.0003808
0.0067524
-0.0047344
-0.0075713
0.0004914
-0.0080536
0.0001828
-0.0079432
0.0034858
0.004426
-0.0060433
-0.0026692
-0.007679
0.0063292
0.0007238
-0.0018708
-0.0069426
0.005543
-0.0037436
-0.0026727
0.0086785
-0.0040489
-0.0082458
0.0008675
-0.0019425
0.0086822
0.0055627
0.0057501
0.008815
0.0017155
-0.0070191
0.0055433
0.0046459
0.0067433
0.0042456
0.0052318
0.0005865
-0.0060375
0.0048225
0.0010461
0.0049257
0.0027873
0.0027387
0.0064158
0.0077761
-0.0004646
-0.0020081
-0.0019847
0.0095032
0.0096372
-0.0084155
-0.0003075
-0.0097116
0.0056306
-0.0053849
-0.0093324
-0.008109
0.0070346
-0.0095181
0.0053835
-0.0053149
-0.0059799
-0.0025817
-0.0047184
0.0069046
-0.0067837
-0.0093905
0.0082509
-0.0022716
-0.0048045
0.0085922
-0.0054909
-0.0091455
-0.0034443
-0.0088249
-0.0026365
-0.0051784
-0.0020089
-0.0038236
0.0098646
0.0047136
0.0094186
0.0096201
-0.0061061
0.0076408
0.0069968
0.0091213
0.0072387
-0.0058313
0.0013349
0.0025547
-0.0078158
-0.0055824
0.0072984
0.0012185
0.0080361
-0.0032166
-0.0049003
-0.0017373
-0.0071872
0.006493
-0.0022259
0.0041119
-0.007171
-0.0012631
-0.003035
0.006981
-0.0006616
0.0091046
-0.0037077
-0.0040915
0.0090495
-0.004348
-0.006532
-0.0040181
-0.0020959
-0.0072039
-0.0034152
0.0058749
0.0008943
-0.0072229
0.0038463
0.0008716
0.0003902
-0.0027093
0.0002985
-0.0075072
-0.0043879
-0.0053676
0.0077119
0.0051385
0.0009114
0.0067136
0.0057384
-0.0027327
0.005032
-0.008311
-0.0006031
0.0059818
-0.0041279
-0.0008882
-0.0028231
0.0087536
-0.0043304
-0.0016308
0.0050087
-0.002013
0.0040986
-0.0046668
-0.0071931
0.0088337
-0.005666
-0.0077898
0.004977
-0.0087947
0.0074597
0.0008176
0.0044448
-0.0064599
-0.0032
0.0040707
0.0071694
-0.0068533
0.0028311
0.0099469
-0.0002397
-0.0098878
0.0011669
0.0045466
-0.0046985
-0.0007854
-0.0076155
0.0061421
-0.0001951
0.0033932
0.009109
0.0063662
-0.0034
-0.009512
-0.003515
-0.0085361
-0.0057889
0.0039033
0.0003211
0.0030008
-0.0059673
-0.0098889
0.0027085
-0.0072873
-0.0029966
-0.0099305
-0.0063956
-0.0081687
0.0070585
0.0069808
-0.003686
-0.0046784
0.0063279
0.0084821
0.006237
0.0084095
0.0043368
0.0037657
0.0030196
0.0086934
0.0002544
0.0011603
-0.0028292
-0.0054744
-0.0074081
-0.0082589
0.0080963
-0.0013325
-0.0021338
-0.0057587
0.0085802
-0.0054177
0.0041921
0.0098026
-0.002998
-0.0061157
-0.0094926
-0.0052073
-0.0081678
-0.0004466
-0.000212
-0.0078778
-0.0051336
0.0012158
0.0090512
0.0078143
-0.0018767
0.002538
-0.0052877
-0.0048707
-0.0084161
-0.0046891
-0.0090102
-0.0003194
-0.007044
0.000682
-0.0031901
0.0052488
0.0041183
-0.0045554
-0.0072171
0.0010582
-0.0067153
-0.0006367
0.0052348
5.35e-5
0.0005386
-0.0050576
0.0087337
-0.0063155
0.0071422
-0.0049847
0.0046507
-0.0019918
-0.0038966
0.0008881
0.0072552
0.0023946
-0.0041147
-0.0035112
0.0057359
-0.0024233
0.0080221
0.0087638
0.0007473
0.0036213
0.0066873
-0.0093882
-0.0021682
0.0054792
-0.0028419
-0.0093957
0.0017706
0.0035209
-0.0017213
9.14e-5
-0.0054894
-0.0095792
-0.0088448
-0.0091141
0.0015997
-0.0063917
-0.0006031
-0.0055494
-0.0007112
-0.0079698
-0.00812
0.008349
0.0006441
-0.0049569
0.0034272
-0.0031653
-0.0035246
-0.0063912
-0.0096741
-0.0051953
-0.0020246
-0.0005199
0.005311
-0.0014534
0.002302
0.001055
0.0060105
-0.0067913
0.0061966
-0.0068829
-0.0045677
0.001633
-0.0068766
0.0059063
0.0009228
-0.0083272
0.0012812
0.006438
0.008852
0.0043278
0.0045205
0.002192
0.0088856
0.0075473
0.0089851
0.005135
0.0037727
0.0079184
-0.0026978
-0.0019236
0.0048621
0.0073573
-0.0056397
0.0038019
-0.0043773
-0.0034876
0.0006616
-0.0049151
-0.0090696
0.0013212
0.0015477
-0.0039385
-0.0058743
-0.0091316
-0.0059859
-0.0093243
0.0087614
-0.0030037
0.0038776
0.0002158
0.004365
0.0027848
-0.0041874
0.0065417
0.004333
0.0014555
0.0042502
0.0058779
0.0004146
0.0088267
0.0017087
0.0047225
-0.0043005
0.0071547
-0.0083258
0.0025471
0.0086771
0.0083265
-0.0043437
0.0016521
-0.0066202
0.0087331
-0.0075503
0.0018557
-0.0079949
-0.0099761
0.0011488
0.0014357
-0.0082099
-0.0027822
-0.0026858
-0.0039462
0.0067829
-0.0033458
