-0.0051624
-0.0044264
0.0093048
-0.0085678
0.0041363
0.0072547
0.0090318
-0.0087674
0.0007131
-0.0030016
0.0078323
-0.0055077
0.0040039
0.0011181
-0.0058762
-0.0068187
0.0043694
-0.000232
-0.0025289
0.0018373
-0.0020433
0.0096557
-0.0053332
0.0092728
0.0087742
0.0097885
-3.57e-5
-0.0016168
0.008587
0.0041699
-0.0016681
0.0064571
-0.0036814
0.0075893
0.0062778
0.0054218
0.0023416
0.0010944
0.0069024
0.002917
-0.0026345
0.0037931
0.0053484
0.0073996
-0.0053502
-5.4e-5
-0.0097427
2.73e-5
-0.0018907
-0.0014945
0.0098183
-0.0051337
-0.0063439
-0.0054204
0.0076709
0.0073131
-0.0041066
-0.0011975
0.0085073
-0.0083854
-0.0049228
-0.0068631
-0.0005462
0.0039874
0.0045469
-0.0059776
-0.0034777
-0.0070337
0.0015618
0.0019427
-0.0004118
0.0079962
0.0020627
-0.0071352
0.0047163
-0.0042641
0.0062261
-0.0007669
0.0011006
-0.0022041
-0.0058484
0.0099144
0.000465
-0.0040578
-0.0085833
-0.0057794
-0.005404
0.0011196
0.0021385
-0.0052692
0.0058285
0.0028119
0.0023376
-0.0096755
0.007265
0.006211
-0.0041556
-0.0030414
0.0027942
-0.0004819
0.0059525
0.0043305
-0.0045866
0.0006713
0.0087279
0.0063652
0.0032112
-0.0015056
-0.0005068
-0.0002203
-0.0045029
-0.0027043
-0.0025168
0.009208
0.0075242
-0.0012171
0.0069634
-0.0050122
0.0015688
-0.0042847
0.007313
-0.0033855
-0.0033679
-0.0050409
0.0042298
0.0010712
-0.0011469
0.0089253
0.0043105
-0.0080846
-0.0039513
0.0087497
0.0059696
-0.0070812
0.0032243
0.0047807
-0.0059998
-0.0041342
0.0053405
-0.0059098
0.0025508
-0.0021611
0.0021062
-0.0090661
-0.0032133
-0.0018053
-0.0088231
-0.0090501
0.0084422
0.0079853
0.0060606
0.0020888
-0.0006287
0.0081686
-0.0048236
-0.0038917
-0.0093291
0.0071543
-0.0065468
0.00228
0.0070766
-0.0024184
-0.0039381
-0.0055473
-0.0038761
-0.0060466
0.0069663
-0.0032921
-0.0072604
0.0098402
-0.0075558
-0.0009937
-0.0056797
0.0073245
-0.0083573
0.0092768
0.0074445
-0.009798
-0.0002319
-0.0050293
0.0006599
-0.0009111
-0.0067805
0.0073202
0.0003556
-0.0077109
0.0067427
-0.0062027
0.0079456
-0.0023138
-0.0090437
0.0056972
-0.0013647
-0.0048373
0.0021289
-0.0017769
-0.0009222
0.0033572
0.0098562
-0.0062911
0.0065593
-0.0069313
0.0008611
-0.0026473
0.0055964
0.002432
0.0005837
-0.0095226
-0.0027598
0.0041474
-0.000976
-0.009932
0.005582
0.0070049
0.0056135
0.0076395
-0.0003149
-0.0053478
-0.0062119
-0.0096202
0.0061027
-0.0064495
-0.0018579
-0.008551
0.00375
-0.0087618
-0.0040599
0.0090665
0.0034518
0.0074864
0.0052027
-0.0051748
-0.0066675
0.0058038
0.005641
-0.0064347
-0.0041485
0.0020641
-0.0034951
0.0089144
0.0045126
-0.0042621
0.0019447
-0.0018898
-0.0067224
0.0070319
-0.005824
-0.0006596
-0.0078688
0.005367
-0.0015704
0.0037117
0.009251
-0.0073474
0.0082791
0.0063415
-0.0022568
-0.0066705
0.0096858
0.0064719
-0.0037893
0.0065907
0.0001031
-0.0092074
-0.0022887
-0.0059261
0.0080267
0.005393
0.0048839
-0.0030126
0.0097122
-0.0052731
-0.0084017
-0.0019916
-0.0017731
-0.0040051
0.0052034
-0.0033648
0.0041006
0.0042077
-0.0006894
-0.0017198
0.0059456
0.0098192
0.0088212
-0.0008599
0.0040921
0.0013745
0.0089269
0.0057888
-0.0048815
-0.0014451
-0.002137
0.0057181
-0.0098102
0.0054067
0.0074931
-0.0028544
0.0008663
0.0003397
0.0090447
0.0020961
0.000241
-0.0085105
-0.0009236
-0.0069061
-0.0060825
0.005285
-0.0034423
0.0027223
-0.005461
-0.0048822
-0.0057218
0.0051051
0.0038017
0.0090664
-0.0067437
-0.0093942
0.0073977
0.0009505
-0.0011318
0.0067121
0.0044279
0.0021804
0.0028443
0.0093722
-0.0072467
-0.0079889
0.0003695
-0.0079716
-0.0022913
-0.0091495
0.0044069
0.0045336
0.0072708
0.0021387
-0.0071446
0.0009588
0.0051458
-0.0068283
-0.0053753
-0.0050854
0.003859
-0.0069342
0.0041616
-0.0050415
-0.0038175
0.0016893
-0.0067835
-0.0097447
0.008371
-0.0045783
0.000171
0.0090704
-0.0025524
1.58e-5
0.0046096
0.0029378
0.0057329
0.0093788
0.0045071
0.0042926
0.005908
-0.0080472
0.000959
0.001623
-0.0051195
0.0022749
-0.0083392
0.0052739
-0.0067632
0.0009348
-0.0093292
-0.0099655
-0.0032909
0.0052658
-0.0041423
0.0044584
0.0097591
-0.0040503
-0.0070794
-0.0083624
0.0094583
0.0027482
0.0017312
0.0039057
-0.0031309
-0.0040483
-0.0047662
-0.0040773
-0.0021884
0.0041909
-0.0047116
-0.0045022
-0.0058726
-0.0007425
-0.0077715
0.0096173
0.0074084
-0.0040184
-0.0069047
0.0018955
0.0034727
0.0016762
-0.0006828
-0.0039661
0.0021302
0.0003424
-0.0049555
0.0014663
-0.0028545
0.0052361
0.0079632
-0.0079542
-0.0021266
-0.0009357
0.0083037
0.0097775
0.0059897
-0.0083815
0.0034434
0.0079512
0.0054353
0.0041906
0.0096452
0.0039342
0.0079508
0.0018455
0.0045821
-0.0075528
-0.0009556
-0.0086917
0.0031526
0.0037476
-0.005521
-0.0009005
0.0037245
-0.0046623
-0.0003404
0.0097998
-0.0010144
0.002191
0.0071663
0.0072251
0.0058083
0.0010393
0.0050959
-0.0035702
-0.0046882
0.0030971
-0.0070502
-0.0084036
0.0065302
0.0001376
0.0010124
-0.0006051
-0.0038003
0.0023322
-0.0038617
0.001381
0.0046497
-0.0027893
0.0081945
-0.0039869
-0.002373
0.0029445
-0.0021161
-0.0008511
-0.0024242
-0.0051818
0.0088847
0.0084967
0.006336
-0.0045567
0.0018544
-0.0036566
-0.0008404
-0.006917
0.0048268
7.72e-5
0.0061747
0.0026454
0.003456
0.0079871
-0.0086845
-0.002735
0.0012884
-0.0099091
-0.0050733
-0.0069534
-0.0065291
0.0013821
0.003822
0.0045061
0.0098129
