0.00749
0.003747
0.0045388
0.00269
-0.0094439
0.007497
0.0039016
-0.0027915
-0.0094092
0.0006902
0.0068284
0.0054449
-0.0038385
-0.0014055
-0.001105
-0.0084154
0.0036753
-0.009511
-0.0096335
0.0067653
-0.0019062
0.001466
3.62e-5
0.0004079
0.0097187
-0.0082719
-0.0071466
0.0013078
0.0001582
-0.0037357
0.0084046
0.0092652
-0.0017592
0.0060008
0.0017648
-0.0051529
-0.0073407
-0.0091651
-0.0032406
-0.0013297
0.0036732
-0.0033006
0.0026855
-0.0041082
0.0008307
-0.0065633
0.0071978
0.0001028
0.0016414
-0.0008488
-0.0080273
0.0095359
0.0006318
-0.004322
0.0097131
0.0025296
0.0052629
-0.0009373
0.0060262
-0.0093822
-0.0061043
-0.0047556
0.0029083
0.0070104
0.0096492
-0.0053869
-0.0036409
-0.0060449
0.0067273
0.0055946
0.0026803
0.0018258
0.0016894
0.0073527
0.0019071
0.008894
-0.0028479
0.0040954
0.0066507
0.002273
0.0062842
-0.0055432
0.007282
-0.003703
0.0080817
0.008053
0.0035347
0.0009267
0.0097254
0.0093718
-0.0041447
-0.0070092
-0.0088445
0.0079245
0.0047776
0.0097523
-0.0013497
0.0096221
0.000603
0.007243
0.0055094
-0.0085893
0.0051156
-0.0044529
-0.0028365
0.0050121
-0.0005762
-0.0001437
-0.0047613
-0.0045041
0.0038616
-0.0034626
0.0080926
0.0024769
-0.0035153
0.0095088
-0.0059586
0.0082097
0.0038606
0.0046009
0.0043931
0.0014483
0.0017316
-0.0064598
0.0075594
-0.0033354
0.0021391
-0.0012599
-0.0023254
-0.0054156
0.0032001
0.0062016
-0.0060341
0.0039275
-0.0045691
-0.0059308
0.0071276
0.0059577
-0.0098475
0.0024678
-0.0064847
0.0077861
-0.0075877
0.0065563
0.0040647
-0.0095316
-0.0041696
0.0050985
0.0056892
-0.0053391
-0.0024581
-0.0072166
0.0069484
0.0070246
-0.0063849
0.0064971
0.0043324
-0.0074213
0.0040452
-0.004424
-0.0036616
-0.0086629
-0.0007435
0.007981
-0.0012827
-0.0073583
0.0062771
-0.0050722
-0.0071717
-0.0085687
-0.0049742
-0.0096684
0.0051492
-0.0043165
0.0037628
-0.000564
0.0048304
0.0061195
0.0068271
0.0068142
0.0006542
0.0078634
-0.0011262
0.0046521
0.0001352
-0.0057004
0.0081986
0.0002503
-5.87e-5
-0.0080866
0.0096141
0.0021941
0.0002425
-0.0088402
0.0072602
0.0070037
-0.0014322
0.0081212
0.003687
-0.0022346
-0.0050407
0.0015511
-0.0011013
-0.0029036
0.0084804
0.0030006
0.0058344
-0.0072939
-0.0049504
0.0002278
-0.004936
0.0078068
-0.00588
0.0057582
-0.0053545
0.0066326
-0.0077157
0.0008795
0.0098402
-0.0011303
-0.0059396
0.0069848
0.007176
-0.0094945
-0.004203
-0.0078101
-0.0063826
0.0003838
-0.0011601
0.0037026
-0.002174
0.0079086
0.0011738
0.0082891
-0.0035822
0.0065247
-0.0067366
0.0068066
0.0040642
0.007195
-0.0038809
-0.000554
0.0066467
-0.0099493
-0.0095828
6.18e-5
0.0012042
-0.0034387
-0.0039844
0.001199
0.0014695
0.000944
0.0021364
-0.0016874
0.0034148
0.00145
0.0026748
0.0041067
-0.0022948
0.0026425
-0.0031481
0.0050705
0.0083633
-0.0009027
-0.0069058
0.0028368
0.0073765
0.0093129
-0.0055863
0.0009335
0.0072287
0.0026411
0.0080801
-0.0081102
-0.0014378
0.0073591
-0.0063706
-0.0069302
0.0011224
-0.0017197
-0.0042967
-0.006698
-0.0068866
0.0047977
-0.0009891
-0.0051219
-0.0082007
0.0023274
-0.0094311
0.0099083
0.0065231
0.0050473
-0.0061447
0.009282
0.0099396
-0.0099163
-0.006679
0.0006009
0.0079499
-0.0078143
0.0029444
-0.0037557
-0.0065002
0.003372
0.0025284
-0.0073825
0.0057261
-0.0083139
-0.0060401
-0.0077821
0.0016149
0.0075891
-0.0020433
0.0046062
-0.0022655
-0.0057702
0.0005357
-0.008154
0.0053329
0.0070804
0.0095444
0.0047375
0.0023137
-0.0087783
0.0013994
0.0075246
-0.0016216
-0.0063271
0.0055349
-0.0070656
-0.0020239
-0.0032714
0.0078042
-0.0090128
0.0085146
-0.0046962
-0.0047647
-0.0038877
-4.65e-5
-0.0057092
-0.0074118
0.0080402
-0.0015204
0.0051954
0.0029031
0.0051344
0.0035801
0.0087154
-0.0057651
-0.0085131
0.0078076
0.0076936
-0.0086096
0.0089335
-0.001506
0.0005718
5.6e-5
0.0041544
0.0055188
0.0064503
-0.0014901
0.0035474
-0.00271
0.0019626
0.0029393
0.0080673
0.0088793
-0.0049707
0.0087698
-0.0039545
-0.0005487
-0.0010178
0.0099408
-0.0024196
-0.0079153
0.0049563
-0.0064276
-0.006243
-0.0055059
-0.0022561
-0.0089997
-0.0065429
-0.0012345
0.0002661
0.0031093
0.0064189
-0.0098147
-0.0056298
0.006727
-0.0002269
0.0057417
-0.0009062
-0.0043644
0.0077793
0.0019566
0.0021674
-0.0067668
-0.0057176
0.0091621
0.0077847
-0.0043135
0.0032621
-0.0070805
0.007484
0.0018791
0.00349
0.0080124
-0.0032827
-0.007791
-0.0060607
0.0091343
-0.0086002
0.0045469
0.0098161
-0.0073781
0.0082398
0.0089052
-0.0085717
0.008752
-6.83e-5
-0.0013901
0.0023671
-0.0002684
0.0051889
0.0085021
0.0034257
0.0032182
0.0073702
-0.0059033
0.0094545
0.0040343
-0.0070654
-0.0004326
0.0056009
0.005303
0.006836
0.0061223
0.0018077
-0.0067455
0.0018397
0.0077606
0.0073867
-0.0060514
0.0052601
-0.0066456
0.0047685
0.0086787
-0.0098787
0.0014005
0.0004866
-0.0017623
-0.0005947
-0.0031664
0.0030894
0.0069838
-0.007336
0.0047596
-0.0043603
0.0090798
-0.001874
0.0088252
-0.0002771
-0.0089931
0.0065115
0.0035628
-0.0026345
-0.0020205
0.008615
-0.0027493
-0.0005138
-0.001725
0.0015809
0.0080779
-0.0026848
0.006413
0.0025162
-0.0036217
0.0047053
0.0050878
-0.0092582
0.0043493
0.0092382
0.0075203
-0.0012048
-0.0032434
0.0013212
0.0044892
-0.0021625
0.0004295
-0.0082298
0.0032324
-0.0022056
-0.0036673
0.0068268
0.0006578
