-0.0026704
0.0045324
-0.0065074
-0.0058353
0.0074782
-0.0079761
-0.0039073
-0.0091822
0.003429
0.0056421
0.0026637
-0.0036052
0.0026312
0.0071517
0.0065668
-0.0064129
0.0015948
-0.0021881
0.0064859
-0.0009334
-0.0085126
0.0016583
0.00137
-0.0087247
0.001428
-0.0054781
0.0094749
0.0019228
0.0038826
-0.0018724
0.0019249
-0.0026694
-0.0072151
0.0043526
0.0093492
-0.0012999
0.0015044
0.0003991
-0.0034904
0.0014068
0.0022605
-0.0013947
0.0004659
0.0058114
0.0071156
-0.0054466
-0.0010738
0.0021173
0.0011791
0.002234
0.0071952
0.0040989
0.0096475
0.0023705
0.0006659
0.0071735
-0.0033758
0.0005718
0.0071837
0.0013379
-0.0056364
-0.0092147
0.0037389
-0.0043927
-0.0036318
0.0050186
0.0013891
-0.0094292
-0.003711
0.0068517
-0.0051082
0.0085038
-0.0063969
-0.0085679
0.0054012
0.0086766
0.0044166
-0.0011878
0.006706
0.0053181
-0.0069026
0.006324
-0.0091289
-0.0094724
-0.0029735
0.0087158
0.0074965
-0.0076392
0.0044293
0.001487
-0.0073593
0.006792
-0.0067657
0.0041429
-0.006525
0.0031569
-0.0073983
0.001076
-0.0035414
-0.0078082
0.0076522
0.004692
-0.0020113
0.0083805
-0.0003335
-0.008129
-0.0022706
0.0098145
-0.0081542
-0.0098168
-0.0003736
-0.0071466
0.0035159
0.0098437
0.0089322
0.0075315
-0.0042282
0.0081745
-0.0053139
-0.0097679
0.0016036
-0.0009176
0.0005168
-0.0056279
-0.0009526
-0.0080914
-0.0045534
-0.0098139
-0.005384
-0.0079903
-0.0082213
-0.0013956
0.0098667
0.0049489
0.0031475
0.0099763
0.0078178
0.0011742
-0.0016798
0.0089831
0.0018342
-0.0053715
0.0048329
0.008121
-0.0080655
-0.0052014
0.0007883
-0.0091808
0.0009487
0.0032823
0.0012549
-0.0097809
-0.0030222
-0.0017222
-0.0076113
0.002976
-0.0021741
-0.0075241
-0.0037347
-0.0001935
0.0095416
0.0064026
0.0025203
-0.0085535
0.0045054
9.6e-5
0.0013038
0.0092308
-0.0018409
-0.0071484
-0.0067315
0.0055857
0.0038051
-0.0097457
0.006569
-0.0045718
-0.0052225
0.001968
0.0069663
0.0080535
0.0031502
-0.0086511
-0.0066056
0.0005737
0.0029888
0.0003259
-0.0059287
0.0047402
-0.0011244
-0.0007863
-0.0051393
-6.84e-5
-0.0014629
0.0099765
0.0080723
0.0035095
0.0005759
-0.0017426
-0.0027487
-0.0078817
0.0011911
0.0040505
-0.0027978
-0.0095758
0.0060629
-0.0036119
0.0070675
-0.0056074
-0.0008386
0.0055219
0.0038098
-0.0069197
-0.0009854
0.0076223
-0.0057426
0.0059746
-0.0032264
-0.0022673
-0.0080216
-0.0046371
0.008295
0.0029468
-0.0056353
-0.0088819
0.0039553
0.0052792
0.0057292
-0.0034967
-0.0054083
0.0091802
-0.0071448
0.0099661
0.0070371
0.0097343
0.008414
0.0083575
-0.0021622
0.0061898
0.0005724
-0.0098695
-0.0041473
0.0081292
-0.0015596
-0.0064615
0.0081985
0.0093701
0.0068192
0.0047782
-0.0048386
0.0024974
0.0065474
-0.0015663
-0.0091147
-0.0034507
6.46e-5
-0.0073768
0.0044542
-0.0032475
-0.0020186
-0.0026367
0.0010078
-0.0063974
0.0096089
-0.0019713
-0.0025259
0.0094995
-0.0003981
0.0084481
-0.0008376
-0.0038022
-0.0098048
-0.0077612
0.0064858
-0.0098248
-0.0054619
-0.0048531
-0.0015045
-0.002243
0.0098504
-0.0092952
-0.0027972
0.0036574
0.0003825
-0.0084125
0.0049827
0.0091249
-0.0082132
-0.0031141
0.005481
0.0004498
0.0059546
0.0032093
0.0072628
-0.0004594
-0.0009929
0.00256
0.0037006
0.0077148
0.0063353
0.0064068
0.0031854
-0.0088472
-0.0085025
-0.001584
-0.0065047
0.0076093
0.0015456
4.04e-5
0.0065554
-0.0085349
0.0002893
-0.0018696
-0.0036898
-0.0002548
-0.00698
0.0093343
0.0009518
-0.0093243
0.0083092
0.0081795
-0.0069253
-0.0007295
-0.003236
0.0094636
0.0025886
-0.007552
0.0094774
-0.0086668
-0.0079126
-0.0008118
-0.0090316
0.0025433
0.0007833
-0.0066621
0.0051606
-0.0097672
-0.0077636
-0.0041152
0.0094868
0.0048658
0.0088967
-0.0076306
0.0096254
0.0003585
0.0031426
0.0026117
0.0009857
0.0050807
0.0040239
-0.0073582
0.0094844
0.0090525
0.0091162
0.0084671
0.002389
-0.0056865
0.0057602
0.0098183
-0.0040845
-0.0090769
-0.0044042
-0.0059412
-0.0026794
-0.0081998
0.0050235
0.0086941
0.0004721
-0.008538
0.0096716
0.008129
0.0097003
-0.004583
-0.0033789
-0.0014274
0.0095619
0.0009482
0.0081543
-0.0050053
-0.0052768
0.0021748
-0.008674
0.009568
-0.0006592
-0.0020018
-0.007489
-0.0068655
-0.0009085
-0.0007674
0.0022465
0.0075244
0.0058813
-0.0027461
0.0075337
-0.0013172
-0.0023788
-0.0047699
0.0067516
0.0059843
0.0028341
-0.0008139
-0.0036439
-0.0092826
0.0024736
-0.0039573
0.0005466
-0.0007293
-0.0067089
-0.0071196
-0.0044013
0.0018759
0.0022445
-8.91e-5
-0.0026682
-0.0034563
-0.0057071
0.0098864
0.0015265
-0.0078034
0.0004282
0.0029686
-0.0029705
0.0067011
-0.0028613
0.0081257
-0.0038552
0.0094239
0.0091053
-0.0048942
0.0099536
0.0003898
0.0081083
0.001636
0.0001477
0.0013304
0.0099321
-0.0015116
0.0092683
-0.007989
-0.0092287
0.0063081
-0.0050193
-0.0099806
-0.0009566
-0.0039164
-0.002613
0.004699
0.003202
-3.07e-5
-0.0016172
-0.0056909
0.0046039
-0.0047422
-0.0031636
-0.0028473
0.0035509
0.0090789
0.0018601
-0.0032669
-0.0016416
-1.0e-6
-0.0025803
0.0079502
0.0077023
-0.0043285
0.0023458
0.0053912
-0.0055412
-0.0014945
0.0046198
-0.0058798
-0.0028378
-0.0020805
-0.0035475
-0.0081252
-0.0003809
-3.14e-5
0.0041881
-0.0004356
-0.006333
0.0088556
-0.0080804
0.0066586
-0.0019087
0.0025505
-0.0007277
-0.0082798
0.0011018
0.0002627
0.0060488
0.0061862
-0.0054375
0.0052195
-0.0092195
0.0079387
-0.0046157
