-0.0080719
0.0022118
-0.0081547
-0.0084013
0.0044417
0.0023282
-0.0007233
0.0038904
-0.0017225
0.0046609
-0.0034297
-0.0028493
0.0077415
-0.0010315
0.0090882
-0.0093674
-0.0083521
0.0082122
-0.0010189
0.0029574
-0.0020374
-0.0006974
0.0061542
-0.0003993
-0.0092504
0.0075267
-0.0035787
0.0028634
-0.0056262
-0.0082179
-0.0030784
-0.0036716
-0.0091462
-0.0044281
0.0044432
-0.0044972
-0.0099908
-0.0041603
0.0078461
0.0087603
-0.0025251
-0.0020459
0.0062936
-0.006043
-0.0006239
0.0033076
0.0008553
0.002794
-0.0023938
0.0052132
0.0065033
-0.0090514
-0.0043493
-0.0010957
0.0093154
0.0073063
-0.004517
0.0095148
-0.002137
0.0063284
0.0020281
-0.0091805
0.0027975
-0.008022
-0.0027527
0.0073202
0.0051567
0.0044544
-0.0094776
-0.0047305
-0.0041985
-0.0091456
-0.0030452
0.0042785
0.009
-0.0058071
0.0057909
-0.0071741
0.0018192
0.0061375
-0.006934
-0.0093686
-0.0001021
0.0085178
-0.0068055
0.000527
0.0058675
-0.0037562
0.006457
0.0065645
0.0030732
-0.0041174
-0.0038079
-0.0017718
-0.0095924
-0.0091985
-0.0062265
0.00278
-0.0077402
0.0063457
-0.009826
-0.0036692
-0.0076536
0.0088703
0.0029149
-0.0086404
0.001483
-0.0017691
0.0091727
-0.0025681
0.0031345
0.0096945
-0.0038874
-0.0006426
0.0013487
-0.0079787
0.005899
-0.0016999
-0.004326
9.88e-5
0.0071853
-0.008145
0.0049441
0.0065434
0.008377
-0.0021565
0.0024772
-0.0051535
0.0035665
-0.0091868
-0.0088776
-0.0085508
-0.0011869
0.002801
0.0035701
-0.0060985
0.0048592
0.0089262
-0.0098644
0.0021718
0.009466
0.0093392
0.0059032
-0.0096246
-0.0037082
-0.0093049
-0.0007426
0.0019818
0.0097209
-0.0041073
0.0001066
0.0059761
-0.0006385
-0.0078129
-0.0015897
0.0097746
-0.001552
0.0007644
-0.0017401
-0.0021959
0.0033233
-0.0039989
-0.0028396
0.0098933
0.0009405
-0.0062028
-0.0038661
0.0002878
0.0096206
-0.0073962
0.0038378
0.0024055
0.0007151
0.0063315
-0.0012117
-0.0059284
0.006678
-0.0027139
0.0069156
-0.0001603
0.0020215
-0.0050336
-0.0051531
0.0045746
-0.0057002
-0.0070539
0.0056988
-0.0084071
-0.0032604
-0.0043838
-0.0066739
0.0071511
-0.0061844
0.0001667
0.0002602
0.001384
0.0092324
-0.0049172
-0.0091314
-0.0080656
0.0082463
-0.0094163
-0.0067597
-0.0082683
0.0004806
-0.0017848
0.0044046
-0.0046242
0.0006646
-0.0087633
-0.0016763
-0.0091172
-0.0083067
-0.0003749
0.0032518
0.0059752
-0.0042557
-0.001292
-0.0033365
0.0070777
0.0061703
0.0086087
-0.0043567
-0.0029744
0.0001235
0.0013111
-0.0036954
-0.004293
-0.0014094
-0.0068065
-0.0068784
-0.0044299
-0.0025149
0.0087982
-0.0030749
0.0052361
-0.0001762
-0.0040184
-0.0023266
0.0002997
-0.0048511
-0.0068644
-0.00253
-0.0002821
-0.0056087
-0.0003091
0.0092687
0.0035598
-0.0032647
0.0018097
-0.0007907
0.0023159
0.0095349
-0.0019838
0.0009477
0.0020642
0.0019361
0.0037994
-0.0050846
-0.0095123
-0.0009759
0.0078161
-1.66e-5
-0.002902
-0.009946
0.0053324
-0.0069398
-0.0051375
0.0029619
-0.0011017
-0.008969
0.003765
0.0048957
0.0012892
-0.0051347
0.0005348
0.0034252
-0.0087481
0.0041944
0.0037588
-0.0092756
0.0001433
-0.0095232
-0.0005478
-0.0059292
0.0033648
-0.0037026
-0.0026965
-0.0035241
0.0056441
0.0021142
-0.00407
0.001133
-0.0047924
-0.0026532
-0.0095338
0.0080265
-0.0074704
0.001485
0.0060639
0.0018283
-0.0039576
0.0005465
-0.0036094
0.0054376
-0.0033377
-0.0048431
0.0099202
0.0033016
-0.00502
0.007049
0.0031456
-0.0061678
-0.0060112
-0.0017163
0.0091372
0.0063801
0.0001464
0.0039722
-0.0097007
-0.0012071
0.0058315
-0.0042997
0.0005728
-0.0065591
0.0025113
0.0074877
0.0099511
0.0099315
-0.0039822
0.0085563
-0.0099653
0.0043629
0.0042049
0.0095404
0.0041018
-0.0084078
0.0038168
-0.006869
0.0049915
-0.002754
0.0064965
0.0040335
0.0056208
0.0072117
-0.00892
0.0002834
-0.0010598
-0.0049118
-0.0088267
-0.0060867
-0.0004972
-0.0009865
0.0020649
-0.0055031
-0.0097967
-0.0009337
-0.0095751
-0.0047358
-0.0077242
-0.00579
-0.0044095
0.0096197
0.0086319
-0.0063439
-0.0079899
0.0024308
-0.0068191
0.00113
0.001961
0.0028198
0.0075864
-0.0003689
0.0020238
0.0059287
-0.0062386
-0.0085267
-0.0083975
0.0033987
0.0085976
-0.0087716
-0.0006614
0.0095931
0.0036165
-0.0085263
0.000253
-0.0091535
0.0040372
0.0081885
-0.0090725
0.0018208
0.0081757
-0.0097958
0.0012833
9.27e-5
-0.0017512
-0.0029586
0.0046902
-0.0057814
0.0033623
-0.0018306
0.0009064
0.0068276
8.24e-5
0.0047777
0.001162
0.0097548
-0.0094941
-0.0014147
-0.0040767
0.0054272
-0.0024827
0.0045097
-0.005201
-0.0006671
0.0060895
0.0005726
-0.0025562
0.0021969
0.0063654
0.0079674
-0.0064485
-0.0094495
0.0035984
-0.0084832
-0.0034187
-0.0044083
0.0091525
-0.0097643
-0.0015455
0.0040023
0.0032167
-0.001834
-0.0035682
-0.0078777
0.0085386
0.0099947
0.0006968
-0.0037861
0.0094879
-0.0085196
0.0049557
0.0025721
0.008025
0.002658
-0.000332
0.0027039
-0.0042436
0.0015324
0.0043059
-0.0086242
0.0091176
-0.0042402
-0.008112
-0.0069185
-0.0003613
-0.0080869
-0.0007226
0.000619
0.0078084
-0.0047473
0.0050489
-0.0029408
-0.0027176
-0.0038933
0.0046771
0.0089441
-3.2e-5
0.0009399
-0.002349
0.0081761
-0.0032833
0.0027171
-0.008298
0.0075174
-0.0048092
-0.0085008
0.0005426
0.0050742
0.0096844
-0.002184
-0.0076507
0.0014771
0.0013004
-0.0096926
-0.0061385
-0.0070708
0.0046536
-0.0076451
-0.0080075
-0.0073743
0.0036581
-0.0056218
0.0014878
0.001008
