0.0054475
-0.00471
-0.0009097
-0.0082071
-0.0094819
0.0073803
-0.0069918
-0.0075267
-0.0068687
-0.0085578
-0.0055371
0.003117
-0.0067983
0.0054008
-0.0029656
-0.0011964
-0.0086439
-0.0007034
0.0059171
-0.0012019
-0.0041297
0.0092838
0.0035122
0.0059654
-0.0083368
-0.002304
-0.009714
-0.0092079
0.0089397
0.0079156
0.0059812
-0.0006472
-0.0064402
-0.0082614
-0.0062235
-0.0054133
-0.0013563
-0.0029959
-0.0082561
-0.0071377
0.0067981
-0.0018718
0.0014903
0.0092825
0.0006797
0.0047298
0.0092944
-0.0069885
-0.0055227
0.0066317
0.008531
-0.0008203
0.0008577
0.0091237
0.0086701
-0.0028773
0.0087122
-0.0004216
0.0067842
-0.0081013
0.0082121
-0.0027783
-0.003435
0.0002273
0.0089637
0.0075681
0.0015846
-0.0097025
-0.005746
0.0041299
0.0044759
0.0024942
0.0035964
-0.0046565
0.00979
-0.0005791
0.0030142
-0.0040626
0.0055404
-0.0045492
-0.0061862
0.0045951
0.0087271
0.0080456
-0.0092869
0.0080579
-0.00655
0.0085967
-0.0067917
0.0040436
-0.0065847
-0.0061759
0.0065847
0.0061698
-0.0023482
0.0058971
0.0011528
0.0086592
0.0091942
0.0066565
0.0078312
0.0032978
-0.0023001
0.0042748
-0.0009099
0.007443
-0.002418
0.0057479
-0.0098963
-0.0040538
-0.0089415
-0.007282
0.0060119
0.0015809
0.0040788
0.0023674
0.0068244
-0.0051361
0.0015655
-0.0096856
-0.0034307
-0.0066118
0.0053233
0.0095408
-0.0001328
0.0095897
0.007886
0.0017332
0.0086255
0.0024786
0.0059255
-0.0086355
0.0021148
-0.0053405
0.0058032
0.0034918
-0.0064139
0.0021774
0.0051096
0.0088648
-0.0054291
0.0036864
0.0082931
-0.0014709
-0.0034093
-0.0077498
-0.0028115
0.0043752
-0.0057153
-0.0044731
0.0045795
-0.0059158
0.002427
-0.0012445
0.0052289
-0.0076611
-0.0097105
-0.0072725
0.0092393
0.0017608
-0.0091707
0.0066595
-0.0093844
0.003873
-0.0063262
0.0073238
-0.0010548
0.0090501
-0.0055756
-0.0062567
0.0089046
0.0014204
0.0055501
-0.0068658
-0.0061274
-0.0029865
0.0080625
0.0093606
-0.0019188
0.0047122
0.0011105
0.0054167
-0.0074263
-0.004701
0.0080829
-0.00024
0.0098817
-0.0020295
-0.0043581
0.0013324
0.0013557
-0.0044893
-0.0033754
0.0060526
-0.0017384
0.0097185
-0.0075309
4.41e-5
0.0015676
0.0068869
-0.0011459
-0.0099099
0.0021594
-0.0075206
-0.0065756
-0.0005538
0.0038473
0.0028698
0.0008841
-0.003304
0.004003
0.0056916
-0.002285
0.0064175
0.0016291
-0.0091149
-0.007809
-0.000986
-0.0028517
-0.0067676
0.0072752
0.0051021
0.0001633
0.0015355
0.0069111
-0.0076458
0.0068983
-0.0079836
0.0081555
0.0048095
0.0006836
0.0027553
0.0031638
0.0067847
0.0008351
0.0069082
-0.0097099
0.0076429
0.0042038
-0.0068537
-0.0062806
-0.0014757
-0.0022522
-0.0051457
-0.0017683
-0.0030302
0.002274
0.0004152
-0.0009041
0.0025244
0.0021732
-0.0003058
-0.0036442
-0.0010434
-0.0006416
0.0036222
-0.0070161
0.0062267
-0.004301
0.009957
-0.0016981
0.0051519
-0.0003838
0.0007992
-0.0056842
0.0020385
-0.0062587
0.0059071
0.0013432
-0.0078441
-0.0076281
0.00091
0.0025918
0.006721
-0.0029681
0.0082029
0.0040184
0.0030238
-0.0068656
0.0030943
0.0011711
-0.0084721
-0.008405
-0.0075462
0.0006267
-0.0051673
-0.0015326
0.0096802
0.0033288
-0.0075815
0.0054774
-0.003188
0.0049561
-0.0073363
0.002808
-0.0027728
0.0009885
0.0064508
0.0076276
-0.0083219
-0.0031171
0.0077361
0.0035503
0.0001826
0.005308
-0.000198
-0.0094712
0.0076269
-0.0027727
0.0025764
-0.0026567
0.0008714
0.0058781
-0.0080223
-0.0028496
-0.0022811
-0.0039481
-0.0078707
-0.003248
0.0046215
0.0094546
-0.0073264
-0.0016508
-0.006202
-0.0001416
0.0057659
0.0098
0.0031377
-0.0068547
-0.0031071
-0.0074524
0.0072722
-0.0053778
-0.0089419
-0.0046655
0.0068767
0.0037177
9.84e-5
0.0071671
0.0049152
-0.0099352
0.0067656
0.0050537
0.0087702
-0.0030808
-0.0058285
0.00244
0.0091001
-0.0008516
-0.0027372
-0.0094864
0.009202
0.0091294
0.0073241
0.0003571
-0.006034
-0.0072508
-0.0024405
-0.0042468
0.009013
0.0079521
0.0095363
0.0097917
0.0055958
0.0008811
0.0024305
0.0059047
0.0035999
0.0085431
0.0050185
0.0053457
-0.0091216
-0.0078497
-0.0062215
-0.0041984
0.0069063
0.000228
0.008904
-0.0061951
0.0060985
-0.0001794
0.004316
-0.0056748
0.0076087
-0.0025146
-0.0034411
0.0027822
0.0052497
-0.0069856
0.0015035
0.0091853
-0.0005842
-0.008563
0.0092039
0.0038117
-0.0039622
0.0011886
0.0089514
-0.0072442
-0.0082516
-0.0021973
-0.0089432
0.0031369
-0.0032572
0.0065137
-0.0053932
0.0066648
0.0010267
0.0042459
-0.0026997
-0.0059412
0.0017099
0.0094308
-0.0035554
-0.0052457
-0.0078666
-0.0065805
-0.0057358
0.0067512
-0.001575
-0.0002367
0.0048893
0.0051368
0.0021098
-0.0006383
-0.0057372
-0.0068521
-0.004045
0.0004062
0.0017104
-0.0085086
0.0010068
-0.0047375
-0.0074796
-0.0091276
-0.0055503
0.0016475
-0.0058132
-0.0018053
0.0056414
-0.0009993
0.0036736
0.0093433
0.0052964
0.0052836
-0.0063742
0.0040177
-0.0065128
-0.0095982
0.0070897
0.0008099
-0.0086404
-0.000298
-0.0031618
0.0063497
0.0075631
-0.008224
-0.0094074
-0.0065118
0.0030211
0.0011691
0.0083642
-0.0032185
0.0035055
0.0001573
-0.0086477
-0.0011144
4.6e-5
-0.0086525
0.0001674
0.0012338
0.0022542
-9.83e-5
-0.0097158
-0.0043528
-0.0036124
0.0027526
0.0057559
0.0003771
-0.0072333
0.0079443
0.0031455
0.0078573
0.0027859
-0.0070042
-0.0042138
0.0060285
-0.0012028
0.0051284
0.0083717
0.0075662
0.0010503
-0.0061056
0.0094486
-0.0084012
