-0.0059033
0.0012378
0.0015723
-0.0079642
0.0052015
-0.0081077
0.0048063
0.0098897
-0.0084113
-0.0058461
-0.00622
0.0036829
-0.0092611
-0.0076552
0.0015042
0.0016911
9.59e-5
0.0094952
0.0086882
0.0010606
-0.0018784
0.0003936
0.0033782
-0.0033228
-0.0018106
-0.0060831
0.0033191
0.006177
0.0084174
-0.0019612
-0.0047674
-0.006699
0.0085027
-0.0054392
0.0013976
0.0018136
-0.0057508
-0.0052121
9.24e-5
0.0008438
-0.0039491
0.002651
0.0047573
-0.0031976
-0.0010945
-0.0024112
-0.0065789
0.0065644
0.0029309
-0.005438
-0.0006402
0.0010376
0.0042591
-0.0019826
-0.0018904
-0.0064679
0.0053933
0.0049377
0.0057018
-0.0010419
0.0025264
0.0054205
-0.009903
-0.0047294
-0.0073549
0.0049645
0.0025593
0.005957
0.0008089
0.0085306
0.0002788
0.0021024
-0.0024772
0.000455
0.0023359
0.004777
0.003351
-0.0059297
0.0074203
-0.0010211
0.0043292
0.0078879
0.0013327
0.0041617
-0.004486
-0.0085267
0.0017875
-0.0034279
0.0069966
0.0047664
4.09e-5
0.0025383
0.0084746
0.0075592
-0.0043638
0.0078116
-0.007913
-0.0017418
-0.0069931
0.0023248
0.0015156
0.0090532
-0.0034469
-0.000778
-0.001586
0.0022399
-0.0001825
-0.0044157
-0.0031243
0.0060978
0.0034824
-0.0043557
0.005299
-0.0044449
-0.0054895
-0.006721
0.0039598
0.0062485
-0.0009293
-0.0050057
-0.0002037
0.0068567
-0.0063272
-0.0063423
-0.002221
-0.0020338
-0.0097067
-0.0092135
0.0095425
0.0022395
-0.0046241
-0.002368
-0.0048679
-0.0061141
0.0032705
-0.0099341
0.0034872
0.0031691
-0.0010171
0.0094615
-0.0053789
0.0056776
0.0020359
-0.0078873
0.0099809
0.0028814
-0.0039946
-0.0032723
0.0020204
0.0052779
0.0055228
0.0068068
-0.0043509
-0.0051284
-0.0018153
-0.00508
0.0008831
-0.008121
0.0049322
-0.0023856
0.004671
0.0098195
0.0085432
-0.0032628
-0.0080824
0.0088421
0.0090403
-0.0074818
-0.001432
-0.0026047
-0.0066622
-0.0083594
0.0090893
0.0040674
0.0069963
0.0033163
0.0028603
-0.001891
0.0001021
-0.0083482
0.0008592
0.0038283
-0.0049014
-0.0091724
0.0049843
0.0035432
-0.0097897
-0.0062646
-0.0024961
-0.0094852
0.0004769
0.0097601
-0.0012239
0.0030862
0.0057671
0.0080863
-0.0029174
0.0049539
0.0010984
0.0081154
0.0053437
-0.0019877
-0.0010514
0.0007446
0.0089716
-0.0058095
-0.0050242
0.0054221
0.0089684
0.0047876
-0.0057032
-0.0083647
-0.0016903
-0.0079848
0.0036741
-0.0077058
-0.0019275
-0.0044356
-0.0079095
0.0075183
0.0017288
-0.0062317
-0.0078169
-0.0080653
0.009744
0.0025708
0.0020421
0.0071963
-0.0001499
-0.0059851
-0.0015948
-0.0025475
-0.007988
0.008173
0.0071821
-0.0002796
-0.0060486
0.0004978
0.0055354
0.0060213
-0.0067903
-0.0066431
0.001711
0.0014399
0.0090832
0.0091205
-0.0005641
0.0081134
0.0016458
-0.0055221
0.0046188
-0.0050272
0.0002538
0.0093845
-0.0015049
-0.0033016
-0.0081246
0.0033368
-0.0043459
0.0060127
0.0054006
0.0025078
0.0005905
0.0099683
-0.0068041
-0.0081177
-0.0032541
-0.0056707
-0.0024188
0.0042236
-0.0051406
-0.0055622
0.007337
-0.0084922
0.0014525
0.0026002
-0.0076293
0.0005024
-0.0092733
-0.0012272
0.0033397
-0.0086868
0.0005163
0.0097785
0.0037013
-0.0007185
-0.0039977
-0.0086173
0.0077033
-0.0094855
-0.005867
0.0040594
0.0003553
0.007788
0.004605
0.0062151
0.003476
0.0072591
0.0081965
-0.0038013
0.0002226
-0.0061845
-0.0036952
0.0004384
-0.006961
0.0083855
-0.0042198
-0.0057157
-0.0041442
-0.0041263
-0.0029537
-0.0048789
-0.0007898
-0.0048617
-0.0099819
0.0015231
0.0056897
0.0025163
0.0089691
0.0039917
0.0037605
-0.0010163
0.0041222
-0.0043436
0.0087967
-0.0038083
-0.0037803
0.0092289
-0.0055112
0.0072413
-0.0030915
-0.003706
0.0019089
-0.0031742
-0.0052071
0.006884
-0.0056336
-0.0080394
0.0004379
-0.0097325
0.0052144
5.81e-5
0.0078901
-0.0003342
0.0040309
-0.0089821
0.0070286
-0.0063773
0.0092187
0.009072
-0.0079218
-0.0009951
0.0042205
0.0077669
0.0070213
0.0006656
-0.0019528
0.009444
3.9e-6
0.0052878
-0.0044353
-0.0039573
0.0084256
-0.0029131
-0.0095623
0.0037039
-0.0081664
0.0021457
0.0039561
-0.0088161
0.0055199
-0.009834
-0.0071543
0.0080732
0.001232
0.0027073
-0.009365
0.0043306
0.0065164
-0.0027418
0.0018249
-0.0038852
0.0070066
0.0024982
-0.007657
0.0069614
-0.0077381
0.0013345
-0.0008869
-0.0045628
-0.0021239
0.0065712
0.0026273
0.0094706
-0.0029509
0.0050185
0.0012791
0.0023328
-0.0077963
-0.0097288
-0.008863
-0.008218
0.0025911
-0.0041796
-0.0033532
0.0032319
-0.0087948
-0.0022099
0.0070895
0.0062985
0.0025073
-0.0030859
0.0040512
0.0033744
-0.0041984
-0.0065088
0.0048838
0.008137
0.0096093
0.0011757
-0.0085141
-0.0009556
0.009693
-0.0012669
0.0043116
-0.0072184
0.0005204
-0.006648
-0.006604
0.0010988
-0.0095808
-0.00559
0.0092066
0.0014902
-0.0045684
0.0057563
0.0091534
0.0008191
0.0076181
-0.0079573
-0.0091311
-0.0034606
3.39e-5
0.0064135
0.0040401
-0.0028518
-0.0098457
0.0084721
0.002452
0.0078583
-0.0089718
0.0018996
-0.0065745
0.0074244
0.0014512
-7.51e-5
0.0035958
0.0047122
0.0007381
0.0046403
0.0043544
-0.0035232
-0.0071097
0.0027146
-0.0078338
0.0095621
0.009203
0.0064478
-0.0011404
-0.0051008
-0.0009903
0.0088074
-0.0039132
-0.0056128
-0.0038552
-0.006368
-0.0008402
-0.0036848
0.0010542
0.0064371
0.0008777
-0.0017035
0.0068696
-0.0015895
0.0023695
0.0030267
-0.0084477
-0.0021802
-0.0068732
0.0074077
0.0086624
-0.0022195
0.0076848
0.0052205
0.0059039
