0.0002224
0.0059954
-0.0024871
-0.0062457
-0.00109
0.0016326
0.0018225
-0.0065196
-0.0039053
-0.0082745
0.0050541
0.0081913
-0.0079033
-0.0054809
0.0050943
0.0032161
0.0071192
-0.0011256
-0.0072137
0.0026785
-0.003764
0.0048921
-0.0094192
-0.0072158
0.0032291
0.00711
-0.0091523
0.0011922
0.0026717
0.0020471
0.0086645
0.0087739
0.0031546
-0.006004
0.0094749
-0.0076485
-0.0043123
0.0097288
0.0055213
-0.0062704
-0.0001885
0.009548
0.0038436
-0.0031617
0.0076
0.0010019
0.0023108
0.0091291
-0.0074944
0.0038335
-0.001112
-0.005257
0.0022946
0.0059249
-0.0064372
0.0001501
0.0063386
0.0073977
-9.49e-5
0.0046036
-0.0049724
-0.0019545
-0.0019497
0.0015178
-0.004769
-0.0043826
-0.0037781
0.0070301
0.0042895
0.0036022
-0.0072451
-0.0058212
0.0029159
0.0055624
-0.0045722
-0.009034
-0.0032511
1.64e-5
-0.0035043
0.0072073
0.0003776
0.0035354
0.0017139
-0.0023822
-0.0069815
-0.0063008
-0.0047883
0.0017665
-0.0069522
-0.0061317
-0.0059035
-0.0082693
0.0050953
-0.0001702
-0.0083614
-0.0067243
0.0076422
0.0047877
0.002362
0.0063034
-0.0048229
0.0097572
-0.0098523
-0.0069354
-0.0098963
0.0013284
-0.0033816
0.0001347
-0.0069505
-0.0001688
-0.0047799
-0.0008932
-0.0020585
5.91e-5
0.0042554
-0.0014222
-0.0062178
0.0050538
-0.0053307
0.0071008
-0.0089066
0.0092759
-0.0006193
-0.0066194
-0.0012056
-0.0048526
-0.0077111
-0.0083326
-0.0008509
-0.0004872
-0.0070608
0.0053212
-0.0029847
-0.005045
-0.0070909
0.0021943
0.0022547
-0.0063934
0.0049771
-0.0011265
-0.0011427
0.0039898
-0.0099456
0.0023171
-0.0078043
-0.0021405
-0.0016073
-0.002766
-0.0093415
0.0038278
0.0083097
0.0042783
-0.0064279
-0.0098341
-0.0012778
-0.0047868
0.0042992
0.0088823
-0.0001731
0.0061256
0.0051232
-0.0015654
-0.0006141
0.0071809
0.0024435
0.0012171
0.0075423
0.007292
-0.0076832
0.0098611
0.0059045
0.0020028
-0.0090031
-0.003341
-0.0028574
0.0008563
0.0031152
-0.0093721
-0.0014822
-0.0092821
0.0026903
0.0058876
-0.0026632
-0.004376
0.0084011
0.0042998
0.0006025
-0.0018194
0.0085369
-0.0050279
0.0070849
-0.009383
0.0004719
-0.0086082
0.0084645
-0.0044669
-0.000177
-0.00146
-0.0062533
0.0022662
0.0026164
0.0001506
0.0098482
0.0072518
0.0020476
0.009176
-0.0008088
-0.0009428
0.0053925
-0.0041974
-0.009553
-0.0006828
-0.0043136
0.0025919
-0.0024106
0.0045545
-0.0053635
-0.0025109
0.0023296
0.0074765
0.001375
-0.0063506
-0.0002342
-0.0026142
0.0003949
-0.0071878
-0.0041787
0.0077919
-0.0033531
-0.0072682
0.0096032
-0.0079602
-0.0023293
-0.007433
0.0062007
-0.0036221
-0.0040506
-0.0014769
0.0025064
0.0074204
0.0072839
0.0098994
0.0052387
-0.0080421
0.0034752
-0.0064339
0.0089333
0.0065539
0.0002003
-0.0034641
-0.0028593
-0.0071462
-0.006217
0.0026886
0.0095617
0.0096019
0.0020461
0.0047519
0.0096779
0.0031422
-0.0022389
-4.8e-6
0.0075628
0.0006807
0.0044169
0.0023234
0.0088506
-0.0059783
-0.0022025
0.0020792
-0.0009641
-0.0021649
-0.0070481
0.0020598
-0.0047761
0.008632
-0.0035092
0.0041538
0.0097462
0.0036145
0.0026868
0.0048267
-0.001565
0.0008631
0.0043735
-0.0039098
-0.0098896
-0.0067326
-0.0028506
-0.0004614
-0.0066123
-0.0093262
-0.001698
-0.0001045
-0.0029456
-0.001887
-3.38e-5
-0.0065028
0.0019679
-0.0099001
-0.004394
-0.003963
0.0056302
-0.0081259
-0.0016186
0.0085774
0.0045896
-0.0023691
0.0005036
-0.0012916
-0.0028584
0.001461
-0.0049682
-0.0041297
0.0026937
-0.0049862
-0.0067067
-0.0017794
-0.0084353
-0.007387
-0.0011831
0.003558
-0.0069164
0.0083261
0.0029315
0.0052976
-0.0019149
-0.0070194
0.0003784
0.001484
-0.0006054
0.0036498
-0.0058477
-0.0078992
-0.0073649
0.002523
-0.0072415
-0.0078044
0.0044274
-0.0001121
-0.0076137
-0.0048715
0.0032546
0.0029113
-0.0034347
0.0057473
-0.0080311
-0.0023433
0.0025106
0.0095143
-0.0017013
-0.0044508
0.0038482
0.0096465
-0.0073488
-0.0009451
-0.002718
-0.0042698
-0.0045349
0.0049523
0.0071267
-0.0078696
7.85e-5
0.0050058
-0.0033459
-0.009763
-0.0003396
-0.00383
-0.0015251
-0.0054803
-0.0094749
0.0074547
0.0032152
-0.0035635
-0.0013104
0.0068069
0.0095702
0.0046129
0.0014547
0.007751
-0.0093094
-0.0057158
0.0072884
-0.0009916
-0.0041369
0.0078566
-0.0097418
0.0037088
0.001411
-0.00893
-0.0043804
0.0020684
0.0016433
-0.0087067
-0.0091705
0.0049621
-0.0051508
-0.0061379
0.0052413
-0.0078202
-0.0054732
0.0017718
0.002933
0.0071182
0.0050585
-0.003849
0.0023647
-0.0068438
0.0057185
-0.0063594
-0.0042745
0.0033678
0.0071802
-0.0016512
0.0009326
-0.0075537
-0.0003807
0.005316
0.008861
-0.0073562
0.0087053
0.0035075
-0.0006348
-0.0063548
0.001614
0.0012799
0.0048591
0.0081811
0.0006955
0.0050369
0.0040004
-0.0078152
0.0072285
-0.0094524
-0.0026248
0.0027505
-0.0078754
-0.0043512
0.0003406
-0.005973
0.0034686
0.0066613
-0.0061639
4.92e-5
-0.0012743
0.0065684
0.0074826
0.0028244
0.0043821
-0.0072182
-0.006931
0.0070522
0.0075283
0.0050813
-0.0067898
-0.0056905
-0.0057104
-0.0035669
-0.0039543
-0.0053431
0.0023141
-0.0061347
-0.0063538
0.0019642
0.0088157
-0.0081619
-0.0012014
0.0061094
-0.009279
-0.0030304
0.0029576
-0.0063174
-0.0024964
-0.0093231
0.0010981
-0.003951
-0.0049864
0.001606
-0.0026385
0.0092348
-0.0042442
0.0087802
-0.0085639
0.0090323
-0.0060713
0.0096689
0.0017393
-0.009238
0.0096772
-0.0078177
0.0022658
0.0098812
0.0024297
-0.0077726
-0.0076377
