0.0090588
-0.0038435
-0.0038095
0.0015281
-0.0098915
-0.0058403
-0.0035754
-0.0069344
-0.0058017
-0.0037479
-0.0071062
0.00105
0.0025894
-0.0085041
-0.0039832
-0.0095654
0.0022954
0.0067356
0.0060942
0.0022303
-0.0088461
-0.0094972
0.0081222
-0.0057122
0.0085878
-0.001808
-0.0096731
-0.0047759
-0.0055773
-0.0030344
-0.0018299
0.0078788
2.29e-5
-0.0025037
-0.0056499
-0.0071983
0.0085403
-0.0001748
0.0043333
0.0024749
-0.0054011
0.0093764
0.004567
-0.0046362
0.002191
0.0037821
0.0027145
-0.0017312
-0.0002425
0.004509
0.0098012
0.0023422
-0.0099041
-0.0071104
-0.004645
0.0064762
-0.0056059
-0.0026461
-0.0043915
-0.0069491
-0.0012154
0.0062163
-0.0034485
-0.0088637
-0.00227
-0.0008248
-0.0055579
-0.0098467
0.0047654
0.001981
0.0059422
-0.008611
-0.0050995
-0.0044495
-0.0017541
-0.0071248
-0.0006104
-0.0094606
0.0078002
0.002145
0.0014451
0.0090802
0.0025164
-0.002636
0.0083215
0.0012059
-0.006456
0.0061312
0.0025532
0.0080654
0.0047914
0.0053407
-0.0070997
0.0084289
0.0028093
0.0003475
-0.0037048
-0.0032583
-0.0037594
-0.0085803
-0.003299
-0.0090692
0.0016259
-0.0075432
-0.0048815
-0.0056631
-0.0013613
0.0009666
0.0019014
-0.0098339
0.0061371
-0.001082
0.0099176
-0.0010664
-0.0078328
-0.0067493
0.0028566
0.0003721
0.0016626
0.0085777
-0.0074635
0.0070134
0.0086752
-0.000777
0.0006714
-0.0045713
0.0039226
0.0038075
-0.0028771
0.0012731
0.0089973
-0.0001298
-0.0051073
0.0099399
0.0001635
0.0013118
0.001488
0.0080194
-0.0079442
0.0009444
-0.0069967
-0.0021421
0.0096045
0.0024482
-0.0021548
-0.0054969
-0.0012289
-0.0084955
0.0090288
-0.0006263
-0.0054015
0.0050297
-0.0099363
-0.0082846
-0.0013019
-0.0057103
-0.0069189
-0.0026523
0.0085786
0.0094297
0.008987
0.0081969
0.0005588
-0.0098354
-0.0077564
0.0068515
0.000659
0.0043747
0.0003237
0.0090733
0.0071994
0.0031944
-0.0087383
-0.0059179
0.0022322
0.0002287
0.0048242
-0.0053536
0.0061737
-0.0071146
0.0030053
-0.0039913
0.0032612
-0.0086713
0.0050424
0.0031049
0.0083363
-0.0029616
0.0079137
0.0047225
-0.0021793
0.0039193
0.0003387
0.0006337
0.0054212
-0.0049513
-0.0080181
-0.006263
0.0003538
-0.0098549
-0.0005743
-0.008855
0.0071085
0.0077901
0.0048199
-0.000207
0.0011537
-0.0070816
-0.0021553
-0.0088569
-0.0079227
-0.0034949
-0.0003093
-0.0088793
-0.0084699
0.0016843
0.000889
-0.0092949
0.0021961
0.0002635
-0.0066909
-0.0068709
0.0006316
-0.0089441
-0.0009432
0.005534
-0.0094553
-0.0097224
-0.0055036
0.0087246
-0.0019615
-0.0093483
0.0051131
-0.0072544
-0.0065518
-0.0086708
-0.0035
-0.0071444
0.0027357
-0.0043546
0.0083605
0.000102
1.2e-5
0.0082017
-0.0033465
-0.0046109
0.0067828
0.0067099
-0.0077541
-0.0016843
0.0009102
0.002639
0.0065807
0.001655
0.0050092
0.0034716
0.0057858
0.0028358
0.0040554
0.0018889
0.0031381
-0.0035729
0.0055402
0.0030339
-0.0063163
-0.0092077
-0.0039336
0.0067557
-0.0050523
0.0066079
-0.0030926
0.0093941
0.0073347
-0.0097548
0.0006778
-0.0083341
-0.0088696
0.0087771
0.0046029
-0.0033755
-0.001217
0.0029652
-0.0093703
0.0040108
-0.0038458
-0.0020464
-0.005039
0.0088018
-0.0027093
0.008633
-0.0043125
-0.0021287
0.0093661
-0.0049952
-0.0037765
-0.0088195
0.0026054
0.0069216
0.0012506
0.0098811
-0.0027789
-0.0079142
0.0093082
0.0006414
-0.0041198
-0.0054362
0.0070528
0.0091647
-0.0018033
-0.0094896
-0.0079507
0.0043553
-0.0070892
0.0072546
0.0015468
0.0050665
-0.0008372
0.0084124
0.0080948
0.0075941
-0.0090101
-0.0085248
-0.0014158
-0.0008749
0.0034198
0.006283
-0.0069114
-0.0078271
0.0076702
-0.007435
-0.0037218
-0.0076829
-0.0050498
0.001995
0.0085678
0.0028577
-0.008435
-0.0046457
0.0086441
-0.0010018
0.006297
0.0060107
-0.0006869
-0.008122
0.0082818
-0.0056047
-0.0083017
0.0001123
-0.0037862
-0.0055105
-0.0061164
0.0066571
0.0073811
0.0048962
0.0068475
-0.0029578
0.005347
-0.0008941
-0.004313
0.0079739
0.0017459
0.0043445
-0.0017342
-0.0050709
-0.0073381
-0.009354
0.0016504
-0.0060592
-0.0010747
0.0095965
-0.0042154
0.0058511
0.0001909
0.00515
0.0031153
-0.0018781
-0.0025671
0.0065485
0.0028528
-0.0004621
-0.0052102
0.004173
0.0024826
-0.0026372
0.0039623
-0.0068676
0.0001428
-0.0095636
0.0043357
-0.0029246
-0.0069821
-0.0085141
0.0062235
-3.57e-5
0.0025968
-0.0082165
-0.0052563
0.0031291
0.0034086
-0.0020914
-0.0002062
-0.0077497
-0.008133
-0.0074032
-0.0082222
-0.0076154
0.0097246
-0.0061388
-0.0087875
-0.0052458
-0.0021329
-0.0047685
-0.009249
-0.0006556
0.009732
-0.0041306
0.0091324
-0.0084787
0.0056759
-0.0027033
0.0078893
0.0020981
0.0074974
0.0074681
0.0004512
0.0085034
-0.0026984
0.0048577
-0.0042341
0.0006107
-0.0058616
-0.0086251
-0.0044594
0.0066176
-0.0026119
-0.00961
-0.0033636
0.0025845
-7.0e-7
-0.0067866
0.000588
-0.0045345
0.0009484
-0.0049285
-0.0092363
-0.0030787
-0.0049422
-0.0097803
0.0044097
0.0082697
0.0037185
0.009716
-0.0077356
0.0095491
-0.0098955
-0.0066657
-0.0022875
-0.0051161
-0.0092539
-0.0089068
0.0077835
-0.0056531
-0.0084727
0.009906
0.0018652
0.0075716
0.0068675
0.0055282
0.0087656
0.0077116
0.0061085
-0.0090665
0.0034741
-0.0033042
-0.0063935
-0.00386
0.0049906
-0.0051035
-0.0084095
-0.0018241
-0.0044283
-0.0087801
-0.0041737
0.0091032
0.0078128
-0.0098482
-0.0071871
0.0010923
-0.0010588
-0.0080391
0.0041491
-0.0056487
-0.0024329
-0.0003212
0.0002057
