0.0041445
-0.0090027
-0.0001222
-0.0087796
-0.0039277
-0.0072959
0.0085491
-0.0018302
-0.0058553
-0.0069751
-0.0069383
-0.004666
-0.0023765
0.0014227
-0.0028415
0.0061645
0.0047173
-0.0084267
-0.0092172
0.0031813
0.0014005
-0.0006507
-0.0007437
-0.0011033
0.0004505
-0.0054968
-0.0065907
0.0077927
0.0023429
-0.0043908
-0.0074671
6.36e-5
-0.0015793
-0.0032833
-0.0048125
-0.0074927
-0.0051319
-0.0031502
0.0035827
-0.0012787
-0.0058862
0.0044242
-0.0032874
0.0099099
-0.0021863
0.0096238
-0.0080735
-0.0082958
0.0077064
0.0060706
-0.0016919
0.0073184
-0.0033333
0.0083655
0.0028495
-0.000201
0.0002621
0.0028055
-0.0041996
0.0039318
-0.0055794
-0.0031051
0.0017688
0.0033326
-0.0068411
-0.0070887
-0.0007301
-0.0057602
0.0094074
-0.004289
0.0062713
0.0010966
0.0005519
-0.0091461
-0.0064067
0.002712
-0.0085906
-0.0055018
-0.004643
-0.005246
-0.0015153
-0.0020643
0.005336
0.0067115
-0.0089971
-0.0037804
0.0091106
0.0062914
0.0061315
0.0089904
0.001416
-0.0073887
-0.0063299
0.0031096
-0.0060683
0.0008646
0.0073744
-0.0043414
0.0012182
0.0004742
-0.0095697
-0.0071448
-0.0013644
0.0030514
0.0077971
-0.0094827
-0.0037484
-0.0065034
0.0057381
-0.0052375
0.0041097
-0.0091146
-0.0097624
-0.0062929
0.0057416
-0.0083838
-0.0041252
0.0037125
0.0042367
0.0096208
0.0029474
0.0023842
-0.0058679
-0.005981
-0.0084867
-0.0061775
-0.0041564
0.004294
-0.0025525
-0.005669
-0.0001477
0.0019532
0.0094149
-0.0064885
0.0064065
-0.001518
-0.0072673
0.006807
0.0086846
-0.009337
0.0055843
0.0095337
-0.0026393
0.0086579
0.0043762
-0.0084029
-0.0021016
-0.005632
-0.0054254
-0.0008379
-0.0067748
-0.0094507
-0.0075275
-0.0013104
-0.0032348
-0.0034269
0.0001943
-0.0047536
0.0013803
0.0029529
-0.0093823
0.003329
-0.0006645
-0.0009293
-0.0001691
0.0089232
0.0078099
-0.0072872
-0.009316
-0.0022825
0.007071
-0.008011
0.0061902
0.0008629
0.0007932
0.0098381
-0.0077871
-0.0056081
0.0035673
-0.008427
-0.003939
-0.0025853
0.0011345
0.0098479
-0.0009543
-0.0074579
-0.0044665
-0.0015226
2.94e-5
-0.0087889
0.0044142
-0.0075844
-0.0053048
0.0018231
-0.0080897
0.0099715
0.0089361
0.0029811
-0.0045461
0.0068772
-0.0050957
-0.0010223
0.0078914
0.0077005
0.0050705
0.0081722
0.0020564
-0.0084487
0.0077048
0.0087646
0.0044191
-0.0066821
0.0009329
0.0072915
-0.0015016
0.0010031
-0.0088719
0.0008511
0.0034275
-0.0057559
-0.0036769
-0.0033056
0.0045258
-0.0007073
0.0045653
-0.0061622
0.004599
-0.0065738
0.003982
0.0066351
0.0054128
0.0021301
0.0014275
-0.0013978
0.0011241
0.0081418
0.0094498
-0.0092334
0.0001882
-0.0090414
-0.0044299
0.0077828
-0.0012752
-0.0077712
0.0098494
-0.0011146
0.003578
-0.0078544
-0.0087163
0.0084333
-0.0059337
-0.0019589
0.0080338
0.0016501
-0.0076544
0.0083877
0.0058341
0.0071544
0.0080081
0.0019702
0.0030234
9.44e-5
0.0057419
0.002583
-0.0046363
-0.0046501
-0.0075245
0.0014538
0.0022399
0.0029136
0.0081799
0.0083785
0.0054558
0.0072227
-0.0038461
0.0040261
0.0050726
0.0077031
0.0038352
0.0047063
0.0058242
-0.0067105
-0.0039719
-0.0048338
0.0042904
-0.0068523
0.0024465
-0.0001446
-0.0039067
-0.0056885
0.0032241
-0.0055119
0.001889
-0.0077095
0.0039231
0.0024509
0.0063096
0.0016817
-0.0029484
0.0025962
-0.0052657
-0.0084042
7.11e-5
0.0062836
-0.0064392
-0.0077638
0.0017081
0.0046827
0.0008615
-0.0061708
0.0027348
-0.0024475
-0.0043746
-0.0011673
-0.0027815
0.0034334
-0.0080433
0.0049844
-0.0032496
-0.0062201
0.0040845
-0.0039341
0.0031012
0.0009628
-0.0070148
0.0094239
-0.0055088
0.0013545
-0.0045135
0.0055844
-0.0009729
-0.0053533
0.0029007
0.0033088
-0.0054303
0.000125
-0.000881
0.0035569
-0.0034938
0.008175
-0.0093391
0.0007493
-0.0017977
0.0029501
-0.0036147
-0.0019217
0.0055079
-0.0032716
0.0084082
0.0058146
0.0012846
-0.0094912
-0.0052239
-0.0018875
0.0093613
0.0047206
0.0005313
0.0081968
-0.0002235
0.0098833
-0.0017694
0.0092476
0.0049712
-0.004554
-0.0036625
0.0022229
-0.0036912
0.0063542
0.0061663
-0.0055425
0.0036427
0.0095615
-0.0060671
-0.0051796
-0.0066705
0.0033278
0.0080963
-0.009874
0.0015598
0.0096279
0.0044273
0.0031486
-0.0002062
-0.0062343
0.0096022
-0.0056172
-0.0063617
0.0005337
0.0084299
-0.0067511
0.0062591
0.0006885
0.0036953
-0.0094617
0.0099273
0.0060013
0.0093551
-0.0056884
-0.0035939
-0.0069121
-0.002863
0.0041916
0.0018641
0.0079856
0.0004479
0.000834
-0.0096105
0.00112
7.63e-5
0.00712
0.0050879
-0.0046269
-0.0021702
0.0049399
-0.001019
0.0003465
-0.0070596
-0.0048591
0.00991
0.0012942
0.0058583
-0.0090468
-0.0068248
0.0071805
0.000246
-0.0063176
0.0016037
0.0057403
-0.0099881
0.0062372
0.0044049
0.0039772
-0.0008462
0.0040135
-0.0007323
0.0076832
0.0025255
0.0092727
-0.0029301
0.0081406
0.007528
0.003042
0.0008151
0.0051115
-0.0049285
-0.0016128
0.0086849
0.0040534
0.0016131
-0.0010634
7.08e-5
-0.0024063
-0.0082357
0.007761
-0.0023708
-0.0090018
0.0082264
0.0022084
0.0042319
0.0004075
0.009622
0.0021707
-0.0039213
0.0028976
-0.0080279
0.0080903
-0.0013211
-0.0083085
-0.0081699
-0.0022504
0.0046567
0.0056233
-0.0082285
-0.008157
-0.0080342
0.0001983
-0.0055237
0.0047031
-0.0044482
0.0003925
0.006097
-0.009697
-0.0089353
0.004175
0.0001492
0.0017269
0.0022284
0.0049182
-0.0017586
0.0040852
-0.009656
0.0037973
0.0029367
0.0020538
-0.0032261
