-0.0098628
0.007545
0.0064043
0.0002695
0.0046663
-0.0091588
-0.0003627
0.0056598
6.93e-5
-0.00044
0.0013846
-0.0077125
-6.0e-7
0.0005116
0.0050464
-0.003927
0.0090596
-0.0001276
-0.0046109
0.0019022
0.0095459
-0.004157
-0.0019704
0.001103
-0.0088612
0.0021732
-0.0061276
-0.002976
-0.0093674
0.0018362
-0.0062977
2.8e-6
0.0042493
0.0067043
-0.0054724
0.0070542
-0.0062979
0.0067296
0.0059327
-0.0007258
-0.0019354
0.0058457
0.0048205
-0.0075469
-0.0094189
7.5e-5
-0.0036468
-0.0083851
0.0042948
-0.004331
0.0004468
0.0015946
0.0020008
-0.0001001
-0.008599
-0.007832
-0.0083861
0.0061397
-0.0082594
0.0004363
-0.0077602
-0.0099978
-0.0066297
-0.0069278
0.0079823
0.003773
-0.0094612
-0.0059652
-0.009795
-0.0016378
-0.0044638
-0.0022016
0.0032445
-0.0037309
0.0042073
0.0035996
0.0012498
0.0063143
-0.0086944
-0.0064173
0.0015249
-0.0067108
0.0049989
-0.0026335
0.0027652
0.0049811
-0.0034977
0.0006211
0.004793
-0.0052587
0.0036925
-0.0060756
0.003674
-0.0053711
-0.0078057
0.00268
-0.0049209
-0.0016564
0.005279
-0.0054546
0.0059358
0.0048329
-0.0090814
-0.0026561
-0.0051132
0.0006008
-0.0010595
0.0055148
0.0095635
-0.0057812
0.0051508
0.009412
-0.0061994
-0.0050659
-0.005466
-0.0098971
0.000386
0.007628
-0.0022706
0.0019205
-0.0078344
-0.000388
0.004337
0.0071023
0.0027577
0.0024004
0.0070021
0.0046702
-0.0004754
-0.0021697
-0.003579
0.0024901
0.0010009
0.0013028
-0.0095522
-0.0049077
0.0090767
-0.0035493
0.0007176
-0.0062012
-0.0030449
-0.0004802
-0.0053948
-0.008501
-0.008373
0.0049834
0.0097447
-0.0011622
0.0062178
-0.0029246
-0.0036363
-0.0047441
-0.0050216
0.0001997
0.0049215
-0.0088779
-0.0084061
0.0092858
0.0021259
-5.7e-6
0.0045185
0.0033159
-0.005292
0.0037891
-0.0036963
-0.0080754
-0.0014852
-0.0059329
0.005761
-0.0083016
-0.0051448
0.0032436
0.0045465
0.0030564
0.0087753
-0.0091917
0.0030583
-0.0064709
-0.0098013
-0.0041837
-0.0052533
0.0064544
0.000625
0.0047175
-0.0012628
-0.0097116
-0.0038817
-0.0018021
-0.0068075
0.009728
0.0097355
-0.0016443
-0.0043638
0.0077575
-0.0083445
-0.0039476
-0.0070674
-0.0050715
0.0072556
-0.0080932
0.0076925
-0.0015586
0.0009818
-0.0044178
-0.0009733
0.0090777
-0.0019696
-0.0079233
-0.0011043
0.0020227
0.0019924
-0.0098924
0.0002398
-0.0042625
-0.0057124
-0.0009066
0.001896
0.0030479
0.0095112
0.0022389
0.0045089
-0.0093851
-0.0009368
0.0036648
0.0037665
0.0056171
0.0016203
-0.0074577
-0.0015772
-0.004648
-0.0039978
-0.0016145
-0.0084936
0.0056071
-0.0067305
0.0088029
-0.0090344
0.0054994
0.0098128
0.0008107
-0.0011378
-0.0069414
-0.0064459
0.0023264
0.0073669
-0.0085847
0.0079925
-0.0081257
0.007919
-0.0090327
-0.0027145
0.002498
0.0010031
-0.0090539
-0.009953
-0.0097026
0.0099683
-0.007423
-0.0028911
-0.0036814
0.0051057
-0.0032701
-0.0073526
0.0045
0.0091452
0.0086312
0.0094267
-0.0030248
0.0049973
-0.001761
-0.0056676
0.0066923
0.0025681
0.0096194
-0.0044455
0.0022442
-0.0027986
-0.0091496
-0.0064195
0.0027467
-0.0050575
0.0092957
0.0038457
0.0089215
0.0094808
-0.004454
0.0009096
0.0070938
-0.0029954
0.001899
0.001323
-0.0045064
-0.0054241
-0.0066729
-0.0027605
-0.0042948
-0.0025218
-0.0010832
0.0052686
0.0010119
0.0070044
0.0001367
-0.0029087
-0.0058729
0.0089198
0.0087287
0.0038552
0.0027203
0.0042214
-0.0063817
0.0082327
-0.0065115
0.0056906
0.0064785
0.0011002
-0.001165
0.008551
-0.0065466
0.0059788
-0.0081111
0.0038603
0.0025163
0.0085236
0.0032152
-0.0072014
0.0016369
0.0004447
-0.0003454
0.004359
-0.0008221
-0.0065113
-0.0026661
-0.0054276
-0.0091607
0.004258
-0.0034193
-0.0033703
-0.0036665
-0.0071995
0.00402
-0.0040226
-0.0090578
-0.0083961
0.0008719
-0.0085512
-0.0006935
0.0023589
0.0040152
-0.0067946
-0.0098207
-0.0005482
0.0009186
-0.0027089
-0.0011636
-0.005103
0.0053241
0.0016853
-0.0005683
0.0053782
-0.0043081
0.0070592
-0.0013593
0.0090757
0.0085568
0.0062281
0.002271
-0.0054108
-0.0025144
-0.0006718
0.005587
-0.0026915
-0.0003501
-0.0046432
-0.0068409
-0.0030307
-0.0001488
0.0023813
0.0006209
0.0015745
0.0075758
-0.0045867
0.0097712
-0.0038098
-0.0011726
-0.0018663
-0.0042421
0.0065708
-0.000343
-0.0037528
-0.0086424
0.0027861
0.0064424
0.0031057
-0.0020624
0.0017888
0.0022833
-0.0051911
0.0083177
-0.0071534
-0.0003311
0.0018984
-0.0069703
-0.0094687
-0.0002102
-0.0031041
0.0066975
-0.0029612
0.0046013
0.0084321
0.0038174
0.0076078
-0.0039336
0.0011899
0.0060547
0.0091121
-0.0033954
-0.0053996
-0.0018833
0.0031875
-0.0070599
0.0080521
-0.0097764
-0.0055428
-0.0038018
0.0025723
-0.0038297
-0.0090574
0.0063356
-0.0071736
-0.0053269
-0.003835
-0.0074618
-0.009871
-0.0087698
-0.0082147
-0.005376
0.009452
-0.0007413
0.0065779
0.0061465
0.0039612
-0.0003012
0.0033982
-0.0012556
-0.0027043
0.0037905
0.0004218
0.0012894
0.0057069
-0.0003461
0.0087689
-0.0045925
0.0084151
-0.0061483
-0.004006
-0.0045005
-0.0025086
-0.0032337
0.0030266
0.0091512
-0.0023582
0.0077861
-0.001841
0.0034499
-0.0032912
-0.0054898
0.0018331
-0.004118
0.0027042
-0.0018023
-0.0005443
-0.0096195
-0.0027614
0.0091688
0.0077427
-0.0031445
0.0078815
0.0072635
0.0072125
0.0067496
-0.007752
0.0004099
0.0052919
-0.0034694
0.0010809
-0.0028842
0.0033036
0.0007036
-0.003465
0.0075054
0.0006749
0.0067135
0.0049549
0.0095075
0.0098418
