0.0036882
0.0062472
0.007291
-0.004192
0.0072031
-0.0076608
0.0078288
-0.0062103
0.0098432
0.0028997
0.0028466
-0.0073666
0.0034458
0.0073598
-0.0001895
-0.0077141
0.0091654
0.009922
0.0039823
0.0076727
-0.0092093
0.007102
-0.0047619
-0.0097555
-0.0065602
-0.0033448
0.0045215
0.0019888
0.0080877
0.0096577
-0.0067901
0.0044055
0.0099322
-0.0052298
0.0052123
-0.0017143
0.0038655
-0.0009815
0.0078126
0.001593
0.0024132
-0.0059665
-0.0027021
-0.0048111
-0.0084309
-0.0099592
-0.0031785
-0.0080331
0.0025281
0.0045778
0.0038037
0.0051145
0.0076107
0.0060231
-0.0027633
0.0038225
-0.004444
-0.0002508
-0.0017716
0.0054204
0.0092187
0.0010178
-0.0036663
-0.0085777
-0.0044229
-0.0028765
-0.0077766
0.0053095
0.0091608
-0.0015185
-0.0027472
0.0057084
-0.0069356
-0.0053531
0.0010912
0.0016852
-0.0072607
0.0063195
-0.0092372
-5.65e-5
-0.0060296
0.0043202
-0.0074965
-0.0003834
-0.0008191
0.0035572
-0.0021705
0.0036213
-0.006724
0.0068505
0.0005782
-0.0066208
-0.0090556
-0.0016369
-0.0052891
-0.0049222
-0.0013863
-0.003894
0.0064645
0.0047917
0.0064111
-0.008533
-0.0091
0.0065379
-0.0005535
0.0004009
-0.0061884
0.0012903
-0.0063839
-0.0032844
0.0039563
-0.0001658
-0.0082834
0.0041453
0.001339
-0.0063457
0.0027882
-0.0089621
0.0082417
-0.0067292
0.0029899
0.0012148
-0.0094149
-0.0078507
-0.0064076
-0.0073333
0.0088345
-0.0022177
-0.0049103
0.0009461
-0.0009964
0.0075562
0.0002902
-0.0011101
0.0034837
-0.0039229
-0.0080823
0.0034223
-0.0070401
0.0092819
-0.0048624
-0.0086024
0.0095092
0.0015318
0.0003046
0.0029568
0.008684
0.0048336
0.0076852
-0.002299
0.0085883
0.0016246
0.0003517
-3.84e-5
0.0005533
0.0019837
0.0099028
0.0021367
0.0003311
-0.0058289
0.001873
-0.0030748
0.0082619
-1.31e-5
-0.0018589
0.0014673
-0.0097588
0.005626
0.000605
-0.0080969
0.008615
-0.0048833
-0.007363
0.0091464
0.003713
0.0048815
0.0098055
-0.0039314
-0.0093959
-0.0059621
0.0049275
-0.008963
0.0008331
0.0053575
-0.0053448
-0.0089161
0.0002099
-0.0091571
-0.0082276
0.000848
0.0012321
-0.0062912
-0.005396
-0.0010458
0.0061052
0.007213
-0.0013731
-0.0065127
-0.0044303
0.0090515
-0.0082341
0.0080298
-0.0027637
0.0074993
0.0070843
0.0020968
-0.0084459
0.0080241
7.3e-5
-0.0086468
0.0088576
-0.0069068
0.003607
0.0016754
-0.0041545
0.0037933
-0.0071455
-0.0007228
-0.0043643
-0.0088663
-0.0017628
0.0029446
-0.0077502
0.0074183
0.0036159
-0.0019648
-0.002154
-0.0017996
-0.0090605
-0.0069038
0.003469
0.0001524
0.0022237
0.0038831
-0.0098785
0.0012183
0.0018236
-0.0079848
-0.0006962
-0.0001514
-0.0011797
0.0063822
0.0047701
-0.0083172
0.0038674
0.004119
-0.0043401
-0.0031964
0.0043725
-0.00712
-0.000129
-0.0054257
0.0072318
0.0048632
0.0015068
-0.0018266
-0.0027552
0.0087398
-0.0061044
0.0096081
0.0080133
-0.0048889
0.0020529
0.0045494
0.0082134
-0.0019594
-0.0087444
-0.0028266
-0.0052603
-0.0066176
-0.0051986
0.0076511
-0.0064461
-0.0020451
0.0032334
0.0009783
-0.0046388
-0.0025027
-0.0029481
0.0085066
-0.0074646
-0.0096288
-0.0004657
0.00784
0.0007981
0.0025374
-0.0086077
0.0069135
-0.0074581
-0.0093293
0.0061216
0.0081361
0.0071385
-0.0018716
-0.0085049
0.0040976
-0.0015021
-0.0055857
-0.0093971
0.0091702
0.0071362
-0.0083373
0.0064231
-0.0001581
0.0044655
0.0061022
0.0068925
0.0051366
-0.0072712
0.0014813
0.0051121
0.0048795
0.0023879
0.0033353
0.0099536
0.0022842
-0.0079259
-0.0072088
0.0059799
-0.0046918
0.0046465
-0.0052201
-0.0089151
0.0069169
-0.0005176
0.0070545
0.0083859
0.0072864
0.0056674
-0.0078747
0.0025358
0.0062407
0.0077016
-0.0024163
0.0062081
-0.0057424
-0.0042301
0.000659
0.0059426
-0.0007486
-0.0087593
0.0082847
-0.0098173
-0.0099178
-0.0097158
-0.0006343
-0.0051233
0.0027923
-0.0026834
-0.0019266
0.0061901
-0.0011036
0.0044392
0.003856
0.0079883
0.0048875
0.00925
-0.0084533
0.0091524
-0.0013095
-0.000468
0.0022234
0.0072711
0.0001762
-0.0028623
0.0092718
-0.0070052
0.0022933
-0.0049264
-0.0070505
-0.005101
0.0066508
0.0001995
0.0011601
0.0044267
0.0025809
0.0004202
0.007542
0.0080418
-0.0063342
-0.0082144
0.0042663
-0.0076282
-0.0045793
-0.008192
0.0006691
0.003809
-0.0067596
0.0090605
-0.0097503
0.004613
0.00997
0.0093405
0.0060586
-0.0065477
-0.0072571
0.0064701
0.0071469
0.0076515
-0.0049698
0.0013998
0.0014509
0.0081196
-0.0070787
0.0025598
-0.0089112
-0.0072246
-6.52e-5
0.0005706
0.0077542
-0.0057772
-0.0091437
0.0019487
0.0051968
-0.0071867
0.0079272
-0.0069339
-0.0018788
0.0089719
-0.009604
0.0097982
-0.0060379
-0.0029245
-0.001627
0.0012257
-0.0091197
-0.0068143
0.0054725
-0.0088794
-0.0075865
-0.0047835
-0.0081266
-0.0072041
0.0056133
0.0035495
0.0063782
0.0003337
0.00028
-0.0073251
0.0053028
0.0008545
-0.0077051
-0.0018687
-0.0074108
-0.0056157
-0.008904
-0.0058874
-0.0063683
0.0071759
0.0022044
-0.0005382
0.0011652
0.0067766
0.0075296
0.0091828
-0.0061382
-0.0080989
-0.0090953
-0.0054003
0.0013771
0.0062454
0.0064084
-0.0003027
0.0080948
0.0012605
-0.0078879
-0.0013421
0.0019554
-0.0032361
-0.0019346
0.0085954
0.0004067
-0.0016753
-0.0077922
-0.0066494
0.0070672
-0.000125
0.0029212
0.003245
-0.0059557
0.0008638
-0.0020176
0.0085314
0.0062826
-0.0072474
0.0079374
0.0043721
-0.0015359
-0.00045
0.0093349
0.0058238
0.0038153
-0.0040696
0.002877
0.0059295
