-0.0026854
0.0006623
0.0021987
-0.0032514
0.0004864
0.0007849
-0.0079428
-0.0008275
-0.0071812
0.0028995
0.0090831
0.0024612
-0.0001073
0.0021599
0.0086093
0.0002653
0.0060475
0.0088081
0.0005406
2.83e-5
-0.0015547
-0.0001397
0.0073859
-0.0058971
-0.0014734
-0.0081898
-0.0051764
-0.0027817
-0.0038097
-0.0048287
0.0017581
-0.0043397
0.0058084
0.0041614
-0.0096619
0.0071656
-0.0081719
-0.0071685
0.0006581
0.0039414
0.0078893
-0.0006646
-0.008868
0.0032995
-0.0072193
0.005948
0.0066692
-0.002374
-0.0059711
0.0014731
0.0018039
-0.0041028
0.0058032
-0.0054837
-0.0042626
-0.0015368
-0.0066407
-0.0069442
-0.0012363
0.0087366
-0.009942
-0.0066078
-0.0017158
0.0080605
0.0040332
0.0075156
0.0008006
0.004908
-0.0084894
0.003157
0.002024
0.0098866
-0.0045933
-0.0048513
0.0015587
-0.0002842
-0.0060734
-0.0015102
0.0085655
0.0095544
0.008555
-0.0096894
0.0079964
-0.0074982
-0.009118
0.0055015
-0.002598
0.0028701
0.0076158
0.0098364
0.0033322
-0.0093131
-0.0037964
-0.0084155
0.0014455
0.0048823
-0.0070442
-0.004375
0.0057829
0.0068229
0.0088147
-0.000757
-0.0091097
-0.0056314
-0.0054701
-0.0096237
-0.0036926
-0.0027484
0.0078928
0.0098424
0.0035399
0.0098144
-0.0023025
-0.0018864
-0.0003074
-0.0096303
0.0060626
-0.0069019
0.00543
-0.006913
-0.0093723
-0.0038754
-0.0035142
-0.004604
0.0076277
0.0033499
0.002996
-0.0081108
-0.0045054
-0.0090359
-0.0038914
-0.0010834
0.0001187
-0.0006316
-0.0059251
0.0057825
0.0030829
-0.0018343
0.0047775
-0.0097202
-0.0059519
0.005568
0.0032884
-0.0005899
0.0028698
0.0030165
-0.0018145
0.0063683
-0.0018196
-0.0001917
-0.0028868
0.0023355
0.0083533
-0.007774
-0.008764
-0.0075197
-0.0034911
-0.0030903
-0.0089487
-0.0020851
-0.0059195
0.0033829
0.0038431
-2.7e-6
0.008551
-0.0034724
-0.0003855
0.0057956
-0.0020544
-2.42e-5
-0.0047415
0.0077925
0.0050676
-0.0099114
0.0003561
0.0095958
-0.0026099
0.0018683
-0.000707
0.0005516
-0.0086741
0.0065327
0.0021693
0.0058815
0.0046272
-0.0066106
0.0084064
-0.0025147
-0.0054928
-0.0066847
0.0037455
0.002603
0.0075
0.0005879
-0.0009911
-0.00949
-0.0088378
0.0061207
-0.0067964
-0.0037254
0.001284
-0.0003269
-0.0080407
0.0088476
-0.0075166
0.0099063
9.6e-5
-0.0008922
-0.0034812
0.0031738
0.0079459
-0.0029251
-0.0044586
0.0034112
-0.0023828
-0.0045258
-0.0066716
0.001299
-0.0079632
0.0048049
-0.0059384
0.0044886
0.0008854
1.38e-5
-0.0042035
0.0087947
0.005422
0.00453
-0.0051482
-0.0094016
0.0061845
-0.000606
-0.0075447
-0.0082706
0.0095415
-0.0079813
-0.0058406
0.0014788
0.0081378
0.0010933
-0.0071643
0.00435
-0.0095274
0.0083091
0.0042398
-0.0072041
-0.005423
-0.0044867
0.0033576
0.009092
-0.0058234
-0.0077585
-0.0013943
0.0005809
-0.0089995
0.0084618
0.003794
-0.0093149
-0.0050227
-0.0035853
-0.0007359
-0.0059105
0.0044795
-0.008083
-1.86e-5
-0.0050964
0.0071417
-0.0086338
-0.0088414
-0.0047273
-0.0088231
-0.0086153
0.0081434
-0.0075127
-0.0032034
-0.006468
0.0059301
-0.0069531
-0.0004672
-0.0023391
0.0008136
-0.0020784
-0.007933
0.0002253
0.0094382
0.002011
-0.0071697
0.0029525
0.009187
0.0099551
-0.0098035
-0.0007064
0.0034438
-0.0070063
0.0032581
0.0029597
-0.0025908
0.0086777
-0.0081911
-0.0079996
0.0021864
-0.0045677
0.0030078
-0.0047134
-0.0001358
-0.0037713
-0.00085
0.0086963
-0.0033723
0.0081159
-0.0063862
-0.0017718
0.0060351
8.9e-5
-0.0080857
-0.0085308
-0.0028226
0.007632
0.0049238
-0.0075559
0.0067725
-0.0097429
0.0051037
-0.000139
0.0092129
-0.0001736
-0.0079613
0.0048742
-0.0061682
0.0001617
0.0097776
-0.0002284
0.0057737
0.006066
-0.0001159
0.0066317
-0.0067306
-0.0026044
-0.0024288
0.0026848
0.0008746
-0.0036549
0.0008209
0.0012833
0.0073925
-0.0044997
-0.0040072
-0.0041516
0.0070874
-0.0072128
-0.0073417
0.0038613
0.0016034
-0.0045711
-0.0030915
-0.0076257
0.0027259
-0.003283
-0.0056822
0.0091129
0.0009211
-0.0059015
-0.0095702
0.0051114
0.0019595
-0.0043631
-0.007127
0.007703
-0.0069369
0.0054877
0.0072496
-0.0099923
-0.0056631
0.0040782
0.0068088
-0.0019458
-0.0098243
0.0028649
0.00308
-0.0057065
0.0028603
-0.0048115
0.001523
0.0011932
0.001158
-0.008819
0.0037712
-0.0001171
0.0064749
0.0003978
0.0049858
0.0039361
0.0020128
-0.0021332
-0.0058056
-0.0073774
-0.000372
-0.0040043
-0.00239
0.00929
-0.0042525
-0.0049805
0.009461
-0.006563
0.0018514
0.0002981
-0.0094416
0.0032968
0.0047628
0.0032753
0.0063974
-0.0011624
0.0099163
-0.0029727
0.0091772
-0.0068331
0.0061121
-0.0009933
-0.0096788
0.0084125
0.0051545
0.0032093
-0.0005979
-0.0035622
-0.0017835
-0.0001255
0.0019711
0.0017831
0.0020669
0.000139
-0.0053654
0.0053986
-0.0047566
0.0046563
-0.0072237
-0.0037363
0.0060423
0.0003444
-0.0048058
0.009684
0.0025536
-0.0019851
-0.0005636
0.003234
-0.0076739
-0.0007733
-0.008117
0.0008191
-0.0068422
-0.0092762
-0.0032576
-0.0014198
0.0067747
0.0028012
-0.0070808
-0.0095605
-0.0006277
0.0040434
0.0011329
0.0044352
-0.0047167
-0.0087109
-0.0082513
0.0030694
-0.000828
0.0065122
-0.0077015
-0.002723
0.0059914
0.0056981
-0.0045641
-0.0099155
0.0071896
0.0099853
-0.0096562
-0.0031872
-0.0098073
-0.0007681
-0.0043459
-0.0091788
0.0032622
-0.0019468
0.0099202
0.0088432
0.0008664
-0.006839
-0.0050936
-0.0023798
-0.0072227
0.0045608
0.0085903
0.0060486
-0.0006419
0.0015807
0.0010509
