-0.0095809
0.0015308
0.00751
-0.0028657
-0.0062433
-0.0074522
0.0079965
0.0021123
-0.00259
0.0051405
-0.0039011
-0.00115
-0.0071949
-0.0072602
-0.0088783
-0.0008205
0.0071114
0.000177
0.0051747
0.0096831
-0.0066742
-0.0044323
0.0098325
-0.0069143
0.0010397
-0.0076663
0.0092834
-0.0075405
0.0073289
0.0005299
-0.0066305
-0.0043283
0.0038343
0.0010852
-0.0082844
0.0023612
0.0046102
-0.0044012
-0.0037629
0.0053396
0.0032803
0.0087932
0.0048001
0.0029027
0.0090094
-0.0034409
0.0090146
-0.0049668
-0.0052637
0.0007219
0.0013362
-0.0025798
-0.0011003
-0.0082122
0.0097434
0.0039867
-2.56e-5
0.0025332
-0.0021965
0.0018348
0.009176
-0.0003116
0.0090807
-0.0049473
-0.0084586
-0.000506
0.0091678
0.0040395
-0.0067005
-0.0021197
0.0002471
0.0077462
0.0040579
-0.0026152
-0.007271
-0.0004001
-0.003431
-0.0049695
-0.0053319
-0.005129
-0.0042302
0.0089876
-0.0001514
0.0021793
0.0076352
-0.0025625
-0.0082706
0.0085417
0.0048394
-0.0083823
0.0030148
-0.006062
-0.0090154
-0.0047501
-0.0011104
-0.0071262
-0.0026763
0.0035287
-0.0049617
-0.0062938
-0.0063312
0.0022656
-0.0038219
-0.0079992
0.007363
-0.005262
0.0055474
-0.0081765
0.0092718
0.003009
-0.00788
0.0030676
-0.0091257
-0.0073843
-0.0048623
0.0049234
-0.0071507
-0.0038132
0.0069672
0.0034936
-0.0038101
0.0025931
-0.0099484
-0.0033599
0.0083943
0.0018414
-0.0002042
-0.0088012
-0.0057086
-0.0060719
0.0069845
-0.0033344
-0.0043502
-0.004922
0.0059631
-0.0062318
-0.0017511
-0.0052949
0.0076074
-0.0055534
-0.0021552
0.0098546
0.0087423
-0.0022711
0.0045911
0.0002115
-0.0084369
-0.0054879
-0.0002913
-0.0088264
0.0035033
0.0046822
-0.0004131
-0.0009361
0.0017642
0.0029847
0.0052902
-0.0017476
-0.0074336
-0.0082879
0.0078542
-0.0036681
0.0049335
0.0081061
-0.0041413
0.0066499
-0.0009611
-0.0044216
0.0008374
-0.0012295
-0.0045197
-0.0079011
-0.0092294
-0.0049459
0.0059604
-0.0001495
0.0067051
-0.0044836
-0.0039856
0.0084532
-0.0068253
0.0050211
0.0062651
0.0010872
-0.0054917
-0.0085303
-0.0057951
0.0016008
-0.0048492
-0.0028256
-0.0012568
0.0027311
-0.0050987
-0.001218
0.0012854
-0.00263
0.0078141
-0.0098068
0.0077104
-0.0067777
-0.0004708
0.0066226
-0.0093159
-0.0007457
0.0070162
-0.003024
0.0082891
-0.0097994
0.0084991
0.0077549
-0.0091774
-0.007795
-0.0078002
-0.0051851
-0.0025592
0.0032688
-0.0035486
-0.0011785
0.0002825
0.0042766
0.0068887
0.0067009
-0.0030885
-0.0091598
-0.00492
0.0063117
0.0008271
0.0032711
0.0084992
0.0093116
-0.0047972
0.005705
0.008071
-0.0048848
-0.0015354
-0.0028826
-0.0077054
-0.0064099
0.002032
0.008693
-0.0036302
-0.0045056
0.0099644
0.0047597
-0.0011942
-0.0011416
-0.006209
0.0005042
-0.0086758
-0.006456
-0.0061411
0.0083271
-0.0089113
-0.0071305
0.0049368
0.0014229
0.0018476
-0.0084174
-0.0093995
0.0098285
0.0046281
0.0084033
-0.0042965
-0.002167
-0.0017758
-0.0048815
-0.0049988
-0.0037211
0.0099792
-6.43e-5
0.0026059
0.0032438
0.0013641
-0.0018667
-0.0001632
0.0020315
-0.0090089
0.0030766
-0.0049296
-0.002
0.0017239
-0.0046842
-0.004464
0.0097048
0.0060968
-0.008758
-0.0016341
-0.0080078
-0.00815
-0.0037436
-0.006417
0.0060491
-0.005094
-0.0011685
0.0049113
-0.0098998
0.0058626
-0.0069524
0.0072447
0.0046376
0.0014008
-0.0078189
0.0048851
-0.0084699
-0.001296
0.009088
0.0065447
-0.0093573
-0.0052499
0.0087826
-0.0010432
-0.0004188
-0.0062205
-0.0024793
-0.0056928
-0.0071361
-0.0058793
-0.000102
-0.0082515
0.0010753
-0.0026234
0.0081561
0.0003474
0.0029237
-0.0073331
-0.0036302
0.0078502
0.0080551
0.0020541
0.0092448
-0.0082725
0.0043359
-0.0072596
-0.0026173
-0.0010259
-0.0020524
-0.0020572
0.0034113
-0.0011147
0.0084167
-0.0098386
0.0021495
0.0041666
0.0018381
0.0035375
-0.0073194
0.0066781
0.0031779
-0.0072924
0.0025209
-0.0021523
-0.0013059
0.0099605
0.0052639
0.0080559
-0.0062441
-0.0021971
6.85e-5
0.0037016
-0.00775
-0.0029967
0.0096949
-0.008525
-0.0023615
-0.0099405
-0.0080787
-0.0079597
0.0005697
-0.0039605
0.0047502
0.0011115
-0.0077442
0.0034619
-0.0012362
-0.0011846
0.0051168
0.0091813
-0.0062769
-0.0028895
0.0087163
0.0097018
-0.0010103
0.0018944
-0.0078884
-0.003829
0.0028002
0.0077875
0.0026584
-0.0006794
0.00674
0.0092055
-0.0058638
0.0040948
0.0094731
0.0054893
0.0090746
0.004259
0.0096881
-0.0060305
0.001509
0.0079416
-0.0011097
0.0073986
0.0049383
0.0001356
-0.0081531
0.0063189
-0.0067374
-0.0027419
-0.002033
-0.0070373
0.0010115
-0.0071257
0.0044118
0.0073193
0.0091529
0.0021512
-0.0011453
0.0049572
0.0061114
0.0039685
0.0053389
-0.0073621
-0.0035703
0.0078473
-0.0056885
-0.0045132
0.0037363
-0.0036948
-0.0049595
0.0029669
0.0060357
0.0061023
-0.0010546
0.0021128
-0.0093879
-0.0057647
-0.001874
-0.0039406
0.007122
0.0012252
0.0027154
-0.002704
-0.0009972
0.0022071
-0.0097565
-0.0071035
-0.0091233
0.0089097
-0.004804
-0.0069686
0.006281
0.0031767
0.0025433
0.006812
0.0037606
4.96e-5
-0.006602
0.0001207
0.0030677
0.0029301
-2.65e-5
-0.0014159
-0.0070658
0.0052164
0.0011965
0.0086361
0.0084778
0.0006794
0.0007124
0.00035
-0.0036311
-0.0046691
0.0047468
-0.0090292
-0.0010349
0.0039282
-0.0059896
0.0002872
-0.0096877
0.0026068
0.0050889
-0.0010801
-0.0044439
0.0063708
0.0088487
0.0061537
-0.0054638
-0.0050488
0.0035784
-0.0061683
0.0004472
-0.0090551
0.0070444
-0.0078011
