0.0072201
0.0030358
0.0041733
0.0062098
0.001807
-0.0006823
0.0074047
-0.0085431
-0.0071407
-0.0035306
-0.0013229
0.0078502
-0.0019778
0.0027927
0.0076142
-0.007358
-0.0065518
-0.0077969
0.0006091
-0.0087349
0.005713
-0.0088108
0.0081009
-0.0066976
-0.0070415
0.0087857
0.0083216
-0.0044852
0.0008645
0.0060655
-0.0026202
0.0065914
0.0037421
-0.0041841
-0.0009897
0.0092761
-0.0013116
-0.00834
-0.0058144
0.0057469
0.0091143
-0.0049099
-0.0096912
-0.0092799
-0.0097358
0.0012096
0.0096204
0.0054648
0.0013635
-0.0067817
0.0005551
0.0074822
0.0061837
-0.00403
-0.0056761
-0.0080323
0.0065519
-0.0020301
-0.0081791
0.0019506
-0.0038421
-0.0020943
0.0038406
-0.0039824
-0.0047894
0.000551
0.0013877
-0.0073626
-0.0032014
-0.0014483
-0.0013791
0.004191
-0.0058566
-0.0073689
-0.0071595
0.0078464
-0.0029753
-0.0089983
-0.0003236
0.0050166
-0.0096516
0.0041657
-0.002705
0.0004763
-0.0008741
-0.0004249
0.0032565
0.0034783
0.0078683
-0.0060882
-0.0059764
-0.0032004
0.0096043
-0.0042948
0.0064719
-0.0071906
-0.0063618
0.0062346
0.0031676
-0.0096863
0.0068873
-0.0093427
0.0071132
0.0067569
-0.0010916
0.0076637
0.0038454
-0.002472
0.0060766
0.0044927
0.0098239
-0.0064218
-0.0078546
0.0060595
-0.0061451
0.0005144
0.0070874
0.0041339
0.0085255
0.0022489
-0.0094783
-0.0099642
-0.0049526
0.0051829
0.0044305
-0.0008599
-0.0057775
0.0033935
-0.0024529
-0.007431
0.0060153
-0.0011285
-0.0033625
-0.008466
0.0066318
-0.001922
-0.0005316
-0.0069429
0.0007298
0.0045633
0.0036777
0.0050638
0.0081295
0.0071947
0.0065561
-0.0006709
-0.0038933
-7.0e-7
0.0060667
0.0056952
0.0013434
0.0081354
0.0057284
0.0040275
0.0027728
-0.0016008
-0.0062808
0.0082313
0.0046634
-0.0038953
-0.004726
-0.0078684
0.0055498
-0.0008339
-0.0001535
0.0085804
-0.0096668
-0.0015914
0.0059886
-0.0091622
-0.0079833
0.0028833
-0.0081784
0.0088905
-0.006259
0.0004501
-0.0048641
-0.0018861
0.0032049
0.0046701
-0.0073957
-0.0003056
-0.0081836
0.0091272
0.0032317
-0.0032279
-0.0007234
5.39e-5
0.0047691
0.0088486
0.0077597
-0.0016532
0.007721
0.0007024
-0.0026043
-0.0025734
-0.0091631
-0.0093922
7.47e-5
-0.0025345
0.0025316
-0.008091
0.0039051
-0.0013297
0.0098768
-0.0015844
-0.0053678
0.0011875
-0.008537
-0.0050465
0.0039886
0.0035343
-0.0003412
0.0013535
0.0097902
-0.0096902
-0.0028714
-0.0081041
-0.0088166
0.0081488
-0.0005906
-0.0014299
-0.0087641
-0.005955
-0.00346
0.005245
0.0008521
0.0026337
0.0020477
0.0031061
-0.0009606
0.0091427
0.0028334
0.0041457
0.004521
0.0092625
0.0085701
0.0058914
-2.63e-5
-0.0065949
-0.0088845
-0.0078891
0.0060396
0.0019606
0.0074778
-0.0089416
-0.0063369
0.0062968
0.0090782
0.0056451
0.0095938
-0.0054467
-0.0010754
-0.0037015
-0.0026842
-0.0023985
-0.0052424
0.0096414
0.0028027
-0.009909
0.003912
0.0027329
0.0036528
-0.0093178
-0.0019793
0.0038329
-0.0094774
0.0049355
-0.0033935
0.0086332
0.0044331
-0.0020392
-0.0024546
0.0049112
-0.0010975
0.0082575
-0.0001791
3.05e-5
0.0055703
-0.0067126
-0.0042848
0.0093255
0.0070899
0.0038415
0.0067339
-0.0090395
-0.0077628
0.0041397
-0.006389
-0.0082169
-0.0031577
0.0061662
0.0089186
-0.0011978
0.0051559
-0.0055338
0.0060491
0.0003893
0.0066929
0.0014659
0.0020252
-0.0033175
-0.0058257
0.0059184
-0.0066044
-0.0091277
0.0026904
-0.006448
0.0064357
-0.0028734
-0.0037715
0.0007519
-0.0038459
0.0009545
-0.0026984
-0.006607
0.0023181
0.008567
0.0096918
0.0046759
0.0049233
-0.0037354
0.0069014
0.0042111
-0.001255
-0.0001893
-0.0099444
-0.0098601
-0.0064761
0.0069004
-0.000139
0.0045243
-0.0030937
-0.0094225
-0.0038052
0.006377
-0.0018412
-0.0065738
-0.0058874
-0.0053198
-0.0041366
0.0025513
-0.0029513
-0.0086476
0.0024178
-0.0087783
0.0088804
-0.0097375
0.0038507
-0.0084827
0.0087723
0.0034819
0.0033903
-0.0001423
-0.0091553
0.0040945
-0.001415
-0.0092564
-0.0079107
-0.0053564
-0.0051183
0.0041996
0.0011675
0.0063785
-0.0088144
0.0071127
-0.0022813
-0.00442
0.0082243
-0.0058608
-0.0051724
0.005153
-0.0041204
-0.0047976
-0.0023991
-0.000782
-0.0087738
-0.0039468
-0.0031175
0.0033179
0.0048651
0.0085647
0.0001522
-0.0036041
0.000407
-0.0093584
-0.0047509
-0.0056008
-0.0062618
0.0057028
0.0052735
-0.0033967
0.0008679
0.0003609
0.0041797
-0.0048273
-0.0001203
-0.0058013
-0.0037721
-0.0097999
-0.0031517
-0.0049489
-0.0058868
-0.001642
0.0041792
-0.0036752
0.0059475
0.0040263
-0.0053211
-0.0094848
0.0013864
0.0066198
-0.0024831
-0.0073077
0.0032386
-0.0003659
0.0029693
0.0005686
-0.0007996
-0.0092085
0.000697
0.0038522
0.0074157
0.0055792
-0.0074006
-0.0009132
0.0094602
0.0088626
-0.0055229
-0.0002815
0.0021711
0.0043065
-0.0044534
0.0058415
0.0046712
-0.0061654
-0.0079963
0.0004443
0.0057913
-0.0091518
0.009991
-0.0065196
-0.0047444
-0.004739
-0.0066709
-0.0069111
4.34e-5
-0.008333
-0.0015186
0.0077068
-0.0041115
0.0013918
-0.0089146
0.0043668
-0.0092631
-0.0038631
0.007014
-0.0043275
0.0058975
-0.003171
-0.009242
-0.0091382
-0.0032691
0.0075122
0.0013708
-0.0037197
0.0033094
-0.0030891
-0.0029431
-0.0058992
-0.0069509
-0.0062718
0.0096663
0.0069798
0.005992
-0.0068803
4.09e-5
-0.0069771
-0.0086903
-0.0067066
0.0023648
-0.0030212
0.0094819
-0.0030959
-0.001968
-0.0047291
-0.0063303
-0.0050597
0.0035527
0.0030421
0.0083469
-0.0061312
-0.0064916
0.0011183
-0.0049683
