-0.0012159
0.0051228
-0.0001674
-0.0008266
-0.0029829
-0.0096316
0.0067449
-0.0034458
-0.0058249
-0.007447
-0.0035487
-0.0079696
0.0059945
0.0042867
0.0041161
0.0001692
-0.0032052
0.006382
0.0030681
0.0081849
0.0035654
0.0072368
-0.0097935
0.0059761
-0.001699
-0.0023065
0.0015554
-0.0011824
-0.0082634
-0.0085454
0.0004674
0.0052748
-0.0033949
-0.0043316
-0.004391
0.0082463
0.0059118
0.0023711
-0.0062591
-0.0020569
0.0085523
0.0071869
-0.0086693
-0.0064718
-0.0023757
-0.0091941
0.0039273
0.0086659
-0.0012729
0.0095632
0.0013638
0.0063449
-0.0046932
-0.0039315
-0.0022064
-0.0035484
0.0014254
-0.0072142
0.0078561
-0.0075611
0.008803
0.0032585
-0.0086999
0.0009275
0.0055717
0.0058128
-0.001656
0.0055984
-0.0003344
0.008304
-0.0069976
0.0059059
0.0082644
-0.0026
8.87e-5
0.0054394
0.007162
0.0078601
-0.0006962
0.0037521
0.0022092
0.0099328
-0.0026753
-0.0017154
-0.0076217
-0.0033049
-0.00376
0.0098222
-0.0002143
-0.0067729
-0.0096817
0.0027533
0.0060338
-0.0061286
-0.0040991
-0.0023806
0.0070161
0.0027714
0.0030306
-0.0049029
-0.0008932
0.0007137
0.0016484
-0.00652
0.0006806
0.0016728
0.0012342
0.0037904
0.0066101
-0.0079142
-0.0022655
0.0034468
-0.0003502
0.0039091
-0.0079068
0.0041009
0.0094529
-0.006651
-0.0099751
-0.0056741
0.0021729
3.24e-5
-0.0015424
-0.0053579
0.0046856
-0.0064977
-0.0064785
0.001685
0.0019265
-0.0012634
-0.0071499
-0.0017923
-0.0057839
-0.0012599
0.0044372
0.0076491
-0.0042415
-0.006347
1.53e-5
-0.0005748
-0.0078011
0.0068984
-0.005467
0.0066762
0.004685
0.0009241
-0.0075087
-0.0089598
-0.002727
0.0035307
0.009833
-0.0005042
0.0037587
-0.0005294
-0.0025142
-0.0089834
0.0018061
0.0059916
0.0097161
0.0039838
-0.002899
0.0056103
0.0063304
-0.002696
-0.0020726
0.0094225
0.0055301
-0.0096209
0.0091994
-0.0096053
0.0092222
0.0001619
-0.00463
0.0083579
-0.0013347
0.0024596
-0.004366
0.0014376
-0.0071216
0.0024348
0.0040356
-0.0014744
-0.0010668
-0.0010309
0.0079415
-0.0063155
-0.0004359
-0.0042677
-0.0039758
-0.0083979
-0.0007219
-0.0057921
0.0034127
0.0056131
-0.0031115
-0.0028927
0.0064529
0.0088126
0.001667
-0.0089941
-0.0070896
0.0005876
0.0063017
-0.0022957
-0.005329
0.0016014
-0.0009013
-0.0060224
0.0014153
-0.0086024
-0.0059112
0.0040215
0.0077238
0.0056453
-0.0089036
0.0098648
-0.0016298
-0.0079366
-0.0062019
-0.0021493
-0.0010409
-0.0034163
-0.0018626
-0.0099196
0.005386
-0.0063873
-0.0089405
-0.0083175
-0.0039983
-0.0017471
0.0025605
-0.006237
0.0091879
0.001607
-0.0094605
0.0018797
-0.0033747
-0.0025372
-0.0080947
0.0035405
0.0016665
0.0082592
-0.0010608
0.0080239
-0.0037387
0.0056656
-0.0090915
0.0041632
0.0076213
-0.0021875
0.0029133
0.0075831
0.0001839
0.0073665
0.0076728
0.0075159
-0.0024946
0.0064342
-0.0042607
-0.0057062
0.003426
-0.0034771
-0.0087184
0.0030392
-0.003554
-0.003465
0.0015136
0.0066351
0.0056391
-0.0077469
-0.0095063
0.0037798
-0.0034384
-0.0086771
-0.0027247
0.002074
-0.0022199
0.004329
-0.0087487
-0.0018161
-0.0097258
0.0089433
-0.0079379
0.0014871
0.0034641
0.0010974
0.0087582
0.0080762
0.0044919
-0.0092187
0.0027009
-0.0042155
-0.0038102
0.0074162
0.0025471
-0.0081002
-0.0080565
0.0066089
-0.0073414
-0.0097407
0.0051075
0.0066951
-0.0047574
0.0035235
0.0089204
-0.0050986
0.0097494
-0.0016127
0.0002411
-0.0002297
0.004955
0.005597
-0.0013941
0.0091934
0.0047155
0.0046351
-0.0078664
0.0012652
-0.0055698
0.0079973
-0.0086914
0.0058345
0.0063217
4.08e-5
-0.0096381
-0.0098122
0.0043489
-0.0092268
0.0072137
-0.0069959
-0.001661
0.0006635
0.0044912
-0.0044791
-0.0032293
-0.0056322
-0.0059825
-0.0038764
0.0083042
-0.0007691
0.0023101
0.0058679
0.0017003
0.0076454
0.0044068
0.0099129
0.0044005
-0.001204
0.0044197
-0.0052934
0.0058648
0.0036749
0.0061716
-0.0049748
-0.0014394
0.007555
-0.0045511
-0.0058195
-0.0046823
0.0036622
0.0073232
-0.0096937
-0.0089767
-0.0040419
-0.0006456
-0.0086815
-0.005086
0.0053666
0.0041425
0.0097162
-0.0050769
0.0035045
-0.007651
-0.0008034
0.0074914
-0.0088517
0.0006545
-0.0018729
0.004453
0.0009224
-0.0046487
0.0076186
-0.0017446
-0.0045392
0.0021129
-0.0097233
0.0089584
-0.0088457
0.0084543
-0.0074251
0.0014819
-0.0020016
-0.007871
0.0056179
-0.0025985
-0.0077855
0.0016353
0.0052148
-0.000333
0.0035924
0.0061026
-0.0008156
0.0082832
-0.0005703
0.0038897
-0.0071336
-0.0092078
0.0057176
0.008573
-0.0036925
0.0044485
0.0011071
-0.0012925
-0.0087084
0.0044096
0.0086641
-0.0002839
0.0094149
0.0040749
0.0091339
-0.0077854
0.0053343
0.0058239
-0.0073827
-0.0009301
0.0035744
-0.0016903
-0.0017467
0.0024322
0.0015249
0.0064212
-0.005146
-0.0068062
0.0075846
-0.0044206
0.0061979
-0.0034467
0.0013892
0.0040588
0.0010355
-0.0040856
-0.0029428
-0.0014331
0.005573
-0.0003806
-0.0091016
-0.0047922
0.0017722
-0.0065681
-0.0002423
-0.0072734
0.0086268
-0.0014395
-0.0053355
0.0001987
-0.0057419
0.0078278
-0.009805
-0.0085754
-0.0009908
-0.0019288
-0.0075928
0.0035091
-0.0017417
0.0050072
-0.0022194
0.0021939
-0.0096518
0.0068952
0.0048281
0.0001431
0.0027316
0.004123
-0.0014652
-0.0092376
-0.0044538
0.002752
0.0050778
0.002711
-0.0042394
-0.0053874
0.0023163
0.0028798
-0.0028234
0.0091404
-0.0018531
-0.0067477
0.0033047
0.0041837
-0.002423
0.0099596
-0.0084102
-0.0063322
0.0044598
-0.0097756
