0.0015955
-0.0013214
0.0090841
-0.0027941
0.0038236
0.0005327
-0.0061275
-0.0098566
-0.0029194
-0.0036104
-0.008826
-0.0027432
0.0095822
-0.0064298
0.004768
0.0027591
0.0060918
-0.0066011
0.0087114
0.0055609
0.0010929
-0.0032447
0.0079214
-0.0061727
-0.0087057
-0.0037891
-0.0086976
-0.0065299
0.0052338
0.0066442
-0.0073521
0.0023963
0.0020233
-0.0056815
-0.0057506
-0.0076056
-0.0072654
-0.0033642
0.0072325
0.0040647
0.0097598
-0.009512
-0.0084393
-0.000127
0.0089363
0.0070334
-0.0026532
-0.0076924
-0.0015914
-0.0001919
0.0004893
-0.0025612
0.0061026
-0.0050804
0.0072025
-0.0043799
0.0079405
-0.0037458
0.0067552
0.0025206
-0.0044316
0.0080188
-0.000786
-0.0032545
-0.0083776
0.0091394
0.003769
0.0069592
0.0082128
0.00464
-0.0054136
-0.0023625
-0.0073913
0.0023848
-0.0006312
-0.0005098
0.0049695
0.0033927
0.0088951
-0.0068542
0.0085657
-0.0045311
-0.0092948
-0.0055422
-0.0086387
-0.0014898
0.0024197
0.007878
-0.0088265
-0.0094062
0.002485
-0.0082898
0.0043362
-0.0021908
0.0059379
-0.0075719
0.0059743
0.003076
0.0015394
0.007156
0.0041542
0.0087568
-0.0047173
0.0005129
-0.0048757
-0.0076713
0.0082581
0.0012824
0.0035937
0.0005841
0.0066561
0.0026573
-0.0078771
-0.0005077
-0.007833
0.0041175
-0.0086268
-0.0017009
-0.0012121
0.0072768
0.0080154
-0.007788
0.0089664
0.0082563
0.0067211
-0.0039364
-0.0099938
-0.003649
0.0019348
0.0090603
-0.0037232
-0.0030002
0.0079066
-0.0063793
0.0059892
-0.0083014
0.0014155
0.0080501
-0.0053738
-0.0057891
-0.0068895
-0.0019806
-0.0034447
0.0054829
0.0045108
0.0089387
-0.0093412
0.0096492
-0.006316
-0.0030733
0.0040007
-0.001216
-0.0008286
0.0016992
0.000875
-0.0011475
0.007944
-0.0098404
-0.0064841
-0.0097715
-0.0029722
0.0041793
-0.0066044
-0.0058909
0.0087237
-0.008675
0.0007985
-0.0071894
-0.004844
-0.0017384
-0.0007852
-0.0079486
-0.0026406
0.0064744
0.0079308
-0.0077418
-0.00869
-0.0058028
-0.0008823
-0.0019129
0.0031979
-0.0048929
-0.0023966
-0.0029063
0.003013
-0.0025873
0.0043973
0.0001873
0.0027233
-0.0039867
-0.0036494
-0.0051488
-0.0024032
-0.0005751
0.0020669
0.0027358
0.005794
-0.0071403
-0.0011312
0.0006421
0.0064985
0.0051079
0.0033599
-0.0089441
0.0045899
0.0092263
0.0024084
0.009712
0.0005345
-0.007421
0.0044828
-0.0074098
0.0068342
-0.0076288
0.0021527
0.002689
0.0074708
-0.0002929
0.0052647
-0.0076731
0.0073828
0.0049805
-0.0057214
0.0090507
-0.0045399
-0.0064421
-0.0096548
0.0028849
-0.0057609
-0.0058084
0.0068327
0.0057152
-0.002349
0.0077551
-0.0071725
0.0037264
-0.0003558
-0.006944
0.0009811
-0.0028946
0.0005212
0.004796
-0.006161
0.0036367
0.0096404
-0.0099024
0.0072676
-0.0038648
-0.0042769
-0.0048913
-0.0091246
0.0054573
-0.006579
-0.0039337
-0.0076772
-0.0075467
-0.0024335
0.0002968
0.0004047
0.0069329
0.0085816
0.0023152
0.0094625
-0.0076602
0.0052797
-0.0047903
0.0038167
0.0025949
0.0091911
-0.004632
-0.0026783
-0.0092544
-0.005016
-0.0026617
0.0056096
-0.0095838
-0.0097276
-0.0031063
-0.0083157
0.0083785
-0.0022188
-0.0094469
-0.0069362
-0.0037598
-0.0027437
-0.0021672
0.0033443
0.0083856
-0.0099339
0.0063527
0.0016652
0.0062429
0.0023968
-0.0075421
-0.0064254
0.0056862
0.0035577
0.0068723
0.0094839
-0.0018386
-0.0058794
-0.0004061
0.0074358
-0.0097782
-0.0040951
-0.0057488
-0.0070875
0.0005016
0.0055054
0.0008598
0.0011001
-0.001971
-0.0060285
-0.0047668
-0.0075013
0.0026166
-0.0058133
0.0014133
0.0042862
-0.0043938
-0.0055259
0.0045754
0.0065888
0.0007772
-0.009852
-0.0077596
-0.0074901
0.0009122
0.008624
4.13e-5
-0.0006318
0.0022909
-0.0087321
-0.0048718
-0.0094502
0.0068166
0.0072274
-0.0014817
0.0099247
0.0037126
0.0096828
0.0048406
0.0040662
0.0037454
-0.004926
0.0009792
0.0095112
0.003384
-0.0085488
0.0047115
-0.00541
0.0023628
-0.0034429
-0.0042329
0.0054096
0.0031315
-0.008739
-0.0096608
0.0044597
0.007092
-0.0030975
0.0061197
-0.003232
-0.0011064
0.0001687
0.0012756
0.0085879
-0.00374
0.0098979
-0.0027618
0.0068601
0.0083874
-0.0024159
-0.0030487
-0.009665
-0.0012503
0.0086691
0.0022172
-0.0059763
0.0046114
0.0014379
-6.83e-5
-0.0064963
0.0061223
0.0092233
0.0051277
0.0094186
0.005267
-0.0057099
0.0064563
-0.0065113
-0.0045791
-0.0060829
0.0069075
0.0058045
-0.0099599
-0.0012525
-0.0007354
-0.0056041
0.0001527
0.0009884
-0.0015824
-0.0095777
-0.0013862
0.0055425
-0.0089251
-0.0046704
-0.0090654
0.0035579
-0.0034968
-0.0007725
-0.0018299
0.0080359
0.0062693
-0.0006218
-0.004433
0.0080575
0.0092514
-0.0084393
-0.0005222
-0.0089796
-0.0094684
0.0010094
-0.0004152
-0.0013604
0.0012145
0.0008788
0.0068461
-0.0096463
-0.0005884
-0.0038606
0.0012826
-0.0070237
-0.0026948
-0.0020252
-0.005219
0.0072901
0.004475
-0.0089098
0.0079488
0.0081318
-0.0072319
0.0075121
0.0081219
-0.0019078
0.0039372
0.0025536
0.0025382
-0.0092851
0.0074506
0.0078475
0.0046759
0.0092678
0.006615
-0.0040322
-0.0099894
-0.0054297
0.0080872
-0.0053076
0.0080662
0.0095586
-0.0028786
0.0033482
-0.0082664
0.0025412
0.0052483
0.0019254
-0.0049624
0.0061809
-0.0013724
0.0042102
-0.0068811
-0.0032641
3.63e-5
0.0034605
0.0016339
0.0073805
0.0076507
0.0001849
-0.0039482
0.0006064
-0.0022998
0.0094581
0.004162
0.0016667
-0.0097585
0.0043247
0.0090032
0.008185
-0.0039191
0.0066955
-0.0040183
0.0062305
-0.004515
-1.31e-5
