0.0062167
0.0008626
0.0087599
0.007521
-0.0026591
0.0061508
0.0044719
-0.0019477
0.0008433
-0.0054284
-0.0097447
0.0002297
-0.0023024
0.0047312
0.0037259
-0.0068263
-0.0029768
0.002907
-0.0016029
0.0031375
-0.0031332
0.009882
-0.0051226
0.0040507
0.0039678
0.0053933
0.008875
0.0063816
-0.005704
-0.0035209
-0.0055775
0.0078943
0.0086967
0.0040261
0.0092875
0.0083305
0.0012081
-0.0083204
-0.0088471
-0.0085302
-0.0006437
-0.0024163
-0.0051573
-0.0076538
-0.0028881
-0.0033263
0.0018504
-0.0094373
0.0030841
-0.0089689
-0.0077573
0.0089549
0.0098416
-0.0041479
-0.0092404
0.0040651
-0.007483
0.0062648
0.0051079
-0.0048107
-0.0045441
0.006313
-0.0097407
-0.0004922
-0.0048733
-0.0075606
0.00397
-0.0099232
0.0039531
-0.0001742
0.0017768
0.0087759
0.0088834
0.0053298
0.0084339
0.0016415
0.0082199
0.0037933
0.0052944
0.0088021
0.008293
-0.0014764
-0.0026567
0.0042896
0.0083028
-0.0003485
-0.0043249
0.0035926
-0.0064841
-0.0074228
0.000771
-0.008176
0.0047816
-0.0006008
-0.0051841
0.0042587
-0.0061134
-0.0009007
0.000685
-0.0090174
0.0040697
0.003128
0.0059214
-0.0041349
-0.0068544
-0.0072596
0.0005177
-0.0092515
-0.0028342
-0.0022187
0.0074813
-0.0089885
0.0063813
-0.007858
-0.0085977
-0.0059554
-0.0034781
-0.0013691
-6.83e-5
0.0043446
0.005534
0.006545
-0.0071588
0.003791
-0.0031588
-0.0017221
0.001423
0.0063812
-0.0055696
0.006019
0.0027793
-0.0069816
0.0016093
-0.0088715
-0.0086236
-0.0018543
0.0030208
0.0083944
0.0055486
0.0090571
0.0083508
0.0022302
0.0015857
-0.0005162
-0.0031975
0.0055907
0.0078114
0.0030006
0.0063959
-0.0061711
0.0042751
-0.0032758
-0.0009314
0.0004399
-0.0005388
-0.0042013
0.0027297
0.0046179
-0.0009167
-0.0066488
0.008431
-0.0038985
0.0021862
-0.0090845
0.006821
0.0064404
0.0047745
0.0048206
-0.0096021
-0.0067722
-0.0080759
-0.0081369
-0.0072979
0.0071982
0.0093651
-0.0086762
0.0060667
0.0015103
0.0040354
-0.00559
-0.0049639
-0.0042914
-0.0077985
-0.0085893
0.0059192
0.0059482
0.0020541
0.0065072
-0.0092892
-0.0021318
-0.0083142
-0.0086217
-0.0067397
0.0099439
0.0037225
-0.0005126
0.0037964
-0.0041442
0.0036577
-0.0075436
0.0012791
0.0067932
-0.0067491
0.0094441
0.0098141
0.0006978
-0.0063052
0.0017852
-0.0007771
-0.0077786
-0.001231
-0.002412
0.0034104
-0.0073169
0.0057185
-0.0065939
-0.0054584
-0.0082337
0.0086364
-0.0046056
-0.0053717
0.007333
0.0055842
-0.0016033
0.0021621
-0.0016694
-0.0066871
0.0099558
0.0021252
0.0063507
0.0038631
-0.00824
-0.0082594
-0.0048974
0.0015297
-0.0083885
0.0090334
0.0058998
-0.0024713
-0.0098485
0.0032153
0.0033218
0.0056736
-0.0070041
-0.0032822
-0.0063061
-0.0086939
-0.0057103
-0.0063854
-0.0042751
-0.0047643
-0.004819
-0.0043215
0.0004054
-0.0004284
0.0045593
-0.0032087
0.0060164
-0.0059892
-0.0054489
0.0029978
-0.000949
0.0074924
-0.004271
-0.007918
0.0077201
0.0021158
0.0094639
-0.0062791
-0.008203
-0.0059605
0.0069747
0.0012986
-0.0027277
0.0047713
-0.0090349
-0.0057014
-0.0036588
-0.0058175
-0.0088907
0.001099
0.0093422
-0.0011318
-0.0041885
0.0042425
0.0058377
0.0054121
0.0080145
-0.002266
0.0048713
-0.0042117
-0.0031048
0.0007545
-0.0024588
0.007729
-0.0076803
0.0057427
-0.0089922
0.0076108
-0.0094103
-0.0070567
0.0052609
-0.0029618
-0.0048659
0.0049891
0.000349
-0.0037896
0.0084603
-0.0006071
-0.0045928
0.0099323
0.0068775
0.000735
-0.0003849
-0.0044055
0.0089317
0.0007874
0.0093742
0.0064293
0.0064055
-0.0009438
0.0042452
-0.0016192
0.0058318
0.0042312
-0.0025545
0.0091161
-0.0089895
0.0004184
0.004042
-0.000815
-0.0094417
0.006769
-0.004456
-0.0017661
0.0085732
0.0078806
0.0078622
0.004877
0.001262
-0.0073375
-0.0060287
0.0089178
-0.0032626
-0.0022982
-0.0062914
-0.002332
0.0015464
0.0025354
-0.0041386
-0.0082592
-0.0001055
-0.00185
0.007639
-0.0090336
-0.0088774
0.0087418
0.0028764
-0.0061188
0.0081607
0.0037806
0.0058132
-0.0026672
0.0028857
-0.0022299
0.0073801
-0.0053461
-0.0094962
-0.0040925
0.0043037
-0.0017305
0.0073785
0.0041011
0.0083824
0.0001426
0.0080848
-0.0089205
-0.0027003
-0.0062275
0.004943
-0.0002727
0.0074468
-0.0011414
0.0065506
-0.005337
-0.0082874
0.0058245
0.0074568
-0.0042582
-0.0065034
0.0025013
-0.002365
0.0037395
-0.0023577
0.0031421
-0.0095132
0.0096494
-0.0091231
0.0043382
0.0042181
0.0041299
-0.003643
0.0095241
0.0098375
-0.0022705
9.54e-5
-0.0057341
-0.0082177
-0.0082771
0.0039709
-0.0064015
-0.0030986
0.003057
0.0003391
-0.002178
-0.0013746
0.0086162
0.007572
-0.0011458
0.0040636
-0.0003481
-0.0066989
-0.0038208
0.0009052
-0.0049358
0.0039506
0.0057524
0.000774
-0.002513
-0.0063825
0.0081666
0.0011198
0.0022146
-0.0086551
0.0050252
-0.0028359
-0.0032601
-0.0050754
0.0087561
-0.0099396
0.0075337
0.0054364
-0.0046831
-0.0032263
0.0055434
-0.0036514
0.0061893
0.0056248
0.0025494
7.15e-5
-0.0054034
0.0085323
0.0045636
0.0039289
0.0095277
-0.0083571
-0.0086073
0.0002539
-0.0004912
0.0007277
-0.0097002
0.0033928
0.0049115
0.0050481
0.0076689
0.0096037
0.0035183
-0.0083322
-0.0016805
-0.0040517
0.0083796
0.0002564
0.0079079
0.0054016
-0.0072213
-0.005936
-0.0043153
0.0067835
0.0035088
-0.0092449
-0.0045089
-0.00805
0.0034459
-0.0019952
0.0037491
-0.0004599
0.004096
0.0031576
0.0016633
0.0042404
-0.0080407
-0.0066728
0.0093976
-0.0037922
-0.0092789
