0.0052377
0.0008875
-0.00254
-0.0066303
0.0079609
-0.0013842
0.0062906
0.006873
0.0028837
-0.0084305
0.0019414
0.0034126
0.0047764
0.0077702
-0.0079136
-0.0012841
-0.0093411
0.0003572
-0.0016171
-0.0064092
-0.0088732
-0.0093656
0.0099814
0.0005892
0.0015326
0.0039877
-0.001905
-0.0067179
0.0009732
0.0049036
0.0003693
0.0053549
-0.0015884
-0.002912
0.0052093
-0.0093803
-0.0053389
-0.0096893
-0.0017942
0.0036985
-0.0042471
0.0071599
-0.004064
0.0098905
0.0024901
-0.0025915
0.0020057
0.0071122
-0.0078255
0.0050337
0.0041235
0.0036328
0.0090364
-0.0027447
-0.0041296
0.0018245
-0.0005848
-0.0019967
-0.0017665
-0.0057474
-0.0030806
-0.0052051
0.0074623
-0.0058324
0.0095176
-0.0006574
0.0070283
-0.009774
0.0069978
7.97e-5
0.0055673
0.0079167
-0.0032736
0.0035697
0.0012422
-0.005076
-0.005698
0.0016028
-0.0070459
-0.0035828
0.008953
0.0067457
-4.75e-5
0.0091681
0.0088233
0.0079998
0.0065486
-3.67e-5
-0.0055471
0.0054141
-0.0042068
-0.0084727
0.0040672
0.0001525
0.0072495
-0.0037882
-0.0069752
-0.004626
0.0086593
-0.0005089
-0.0042964
-0.0061367
0.0047577
0.0083369
-0.0092266
-0.0040615
-0.006334
-0.0024169
0.0092502
-0.0090165
0.0059801
0.0063828
-0.0050016
0.0011263
-0.0020882
-4.0e-7
0.0027342
-0.0017102
0.0027609
-0.0065829
-0.0086476
0.0052201
0.0034779
-0.0034719
-0.0054719
0.0008487
0.0093796
-3.76e-5
0.0095213
-0.0031225
-0.0083919
-0.0084785
-0.0046099
0.0076628
-0.0011618
-0.0097033
0.0062991
0.0024174
-0.006911
-0.0026216
-0.0082262
0.0004893
0.000945
-0.0009312
0.0040334
-0.0020637
0.0002389
0.0022546
-0.00727
0.0026054
0.0081955
0.0039764
0.009984
-0.0010553
-0.0016547
0.0044837
-0.0047625
-0.0066889
0.0062686
0.0075081
-0.0057769
-0.0075575
0.0072343
0.0038658
-0.0090253
-0.0012335
-0.0090727
0.0052252
0.0038639
0.0082017
0.0068794
-0.0033151
0.0041316
-0.0080492
-0.00186
-3.79e-5
-0.0027774
-0.0023942
-0.0021233
-0.0097256
0.0049706
-0.0011141
0.0016533
-0.0060048
-0.0080723
-0.0062166
-0.0019135
-0.0017498
0.0086146
0.0056285
-0.0032303
-0.0072474
-0.0082394
0.001801
-0.0041067
-0.0033898
0.0071252
-0.0070541
0.0037833
0.0062637
-0.0076224
-0.0061699
0.0057867
0.0008075
0.0045486
-0.0095332
-0.0056083
-0.0027426
-0.002533
-0.0052302
-0.0049225
-0.0011374
-0.0016224
0.0036273
0.0043829
0.001246
-0.0063854
-0.0058478
0.0028045
-0.003747
0.0059535
0.0011123
-0.0061925
0.0084857
0.0045075
-0.0070367
0.0078396
0.0081093
0.0028093
0.0092926
-0.0038854
-0.0069208
0.0001209
-0.0079104
-0.0025894
-0.0051071
0.0010279
-0.0048274
-0.0050303
0.0091368
0.0035784
0.0062203
0.0083278
-0.0034359
0.0022325
0.0029822
-0.003989
0.0095888
-0.0052581
-0.0024137
0.0028068
-0.009485
-0.0086892
-0.001947
-0.0094105
-0.0079349
3.75e-5
-0.0079915
-0.0080964
-0.0050685
-0.0093269
-0.0048187
-0.0030913
-0.0005848
-0.0078595
0.0047993
-0.0032271
-0.0055154
-0.0026724
-0.0003278
-0.0035865
-0.0022126
-0.0006033
-0.0074773
0.0006666
0.0043939
0.0083159
-0.0066062
0.0096951
-0.009012
0.0056
0.0082426
0.0092259
-0.0058086
-0.0085286
0.0031248
0.0090886
-0.0051937
-0.003785
-0.0019345
-0.0007133
0.0048258
0.0093111
0.0058104
0.0009495
-0.0005389
-0.003648
0.0064148
0.0014485
-0.0086022
-0.008584
0.0053306
-0.0040093
0.0091483
0.0070845
-0.0011167
0.0049214
-0.0004027
-0.0037013
0.0068969
-0.0031057
-0.0035809
0.0080254
-0.0009885
0.0002935
-0.0087092
-0.0026966
-0.0027842
-0.0087391
0.0035596
-0.0095654
0.0049672
-0.0019826
0.0051752
-0.0079315
0.0086786
0.0025985
0.0037607
0.0063944
0.0011335
-0.0041006
0.0084906
0.0010842
0.0015749
0.003963
0.0061007
-0.0004328
0.0052051
0.0079944
0.0043204
-0.0026038
-0.0037243
0.007673
-0.0003969
-0.0034144
-0.0076302
0.0015602
0.0058919
0.0049448
-0.0012427
0.0007344
0.0029876
0.0053598
-0.0042065
-0.0027334
-0.0066863
0.0073185
-0.0027684
0.0007375
-0.0029376
6.87e-5
0.0091785
0.0073245
0.0028761
0.0097916
0.0034616
-0.0029876
0.0014335
-0.009736
0.0049563
-0.0022027
-0.003696
0.0022346
-0.0024053
0.0084369
-0.0060613
0.0027067
-0.0024579
0.0001511
0.0079299
0.0094725
-0.004365
-0.0086424
-0.003974
-0.0068064
-0.0018708
0.0016282
-0.0035957
0.0003739
-0.0090314
0.0024064
0.0035812
-0.0025299
-0.0045401
0.0045089
0.0019186
0.0072874
0.0042588
-0.0023335
-0.0087527
0.0071097
-0.0033254
-0.0001887
0.0046813
-0.0095518
0.0035278
-0.0090104
0.0020436
-0.0047658
0.0059901
-0.0015532
-0.0082716
-0.0045984
0.0031055
0.0082631
-0.0072859
-0.0038263
-0.0089985
-0.0069827
-0.0050081
-0.0051013
0.0006729
0.0029829
-0.0018861
-0.0022887
0.0097842
0.0090825
0.0038923
-0.0061322
-0.0095081
0.0009442
0.000776
-0.002387
-0.0031383
-0.005096
-0.0062803
0.0085967
0.0017331
0.0043955
0.0032929
0.0038606
-0.0016764
-0.0062543
-0.0088757
0.0038418
0.0019555
0.0033146
-0.0099432
-0.0053288
0.0047744
-0.0033129
-0.007107
0.0003517
-0.0015361
0.0074639
-0.0076538
-0.0080814
0.0082243
0.0007056
-0.008252
-0.0012734
0.0039935
-0.0093969
0.0007438
-0.0070656
0.0052063
-0.0064329
-0.0008397
0.0035396
0.0038315
0.0086151
0.004281
0.0091778
-0.0071506
0.0024641
3.4e-5
-0.0096205
-0.0069176
-0.0090146
0.0008434
0.0025453
0.0003948
0.0060314
5.55e-5
-0.0083687
-0.0047598
-0.0079814
-0.008899
0.002085
-0.0020977
0.0082341
-0.0050574
-0.0010116
0.0025231
-0.0046674
