-0.0036588
0.0081633
-0.009938
0.0093297
0.0030618
-0.0074329
-0.0061599
0.0095063
0.0001813
0.0005404
-0.0026291
-0.001814
0.002613
-0.0069533
0.0090494
0.0018717
-0.0079079
0.0075911
0.0095813
0.0058357
-0.0043579
0.0084951
0.0079006
-0.0096368
-0.0068606
-0.0048434
0.0092898
0.0020225
-0.0036537
0.0016745
-0.007074
-0.0062188
0.0027182
0.0053026
0.007963
-0.0044495
0.000485
-0.0022318
-0.0044665
0.0003526
0.0041379
0.0039568
-0.0043896
-0.0099575
0.0026182
-0.0017752
0.0024629
0.0098894
-0.0005703
-0.0013133
0.0067966
0.0027916
-0.0022571
0.0053572
-0.004306
0.0054767
0.005588
-0.0061485
-0.005193
0.0046614
-0.0029281
-0.0018158
-0.0026765
0.0008826
0.0025506
-0.0092434
0.0064588
-0.0093008
-0.006238
-0.007343
0.0083068
-0.0028394
0.0026403
0.0049551
0.006601
0.0092541
0.0049327
0.0068521
-0.0074403
-0.0007006
-0.0080224
-0.0083698
-0.0098305
-0.006373
-0.0046521
-0.0011362
0.0059946
-0.0074348
0.0083996
-0.0067122
0.0020889
0.0042503
0.0049735
0.0026043
-0.0087139
0.0008661
0.0031217
0.0086342
0.0064824
-0.0046627
-0.0099074
0.0065514
0.007964
6.54e-5
0.0053548
0.0037248
0.0078319
-0.0067313
0.0075494
0.0003666
0.00035
0.0071212
-4.1e-5
-0.0042526
0.004708
-0.008785
0.0013327
0.0090477
-0.0057149
-0.0085707
-0.0076785
0.0017368
-0.0088957
-0.0097231
0.0043232
0.0094961
-0.0040952
-0.0057057
0.0014942
-0.0030145
-0.0014819
0.002691
-0.009938
-0.0096056
-0.0032569
-0.0034087
0.0097161
0.0010216
-0.0088721
0.0079542
-0.004168
0.0021812
-0.0091476
0.0099855
-0.0049004
0.0024297
-0.0040709
-0.0034298
-0.0002187
-0.0009773
0.0088445
0.0038328
-7.12e-5
0.0007548
0.0051209
-0.0079147
-0.0068349
0.0083112
-0.0099139
-0.0081001
0.00172
-0.0032192
-0.0099168
0.0084125
-0.0046117
-0.0077537
-0.006323
0.001223
-0.0069267
-0.0056858
0.0007067
0.0008279
0.0067821
-0.0069035
-0.0001828
0.0096242
0.0047865
-0.0066114
0.0052057
0.0065617
0.0057545
-0.0057538
-0.008504
-0.0046104
0.0054031
0.0039971
0.0069818
-0.0091809
-0.0035577
0.00047
0.0098227
-0.001166
-0.0091621
-0.0064173
0.0020716
0.0050427
0.000493
0.0072193
0.008757
0.0036443
-0.0096819
-0.0088606
-0.0056324
0.0089185
0.0083083
-0.0010721
-0.0012154
0.0052165
-0.0029693
0.0078854
-0.0023541
-0.0047558
-0.0039802
-0.0013516
-0.0056339
-0.0032736
-0.0080331
-0.0037402
0.0056955
0.0083635
-0.0026103
0.0067065
-0.0064261
-0.0081459
0.0079202
0.0010316
0.007906
0.0020099
0.009642
-0.0081648
-0.0030853
-0.0076836
-0.0064625
0.0046504
0.008879
0.0022707
-0.0033719
-0.0003216
-0.0091292
-0.0033464
0.0025359
-0.001006
0.0062803
-0.0046088
0.0076481
-0.003487
-0.0065806
-0.0080761
0.0092014
-0.0026072
0.0034222
0.0076158
-0.0065955
0.0054925
0.0014275
-0.0030905
0.0013297
0.0057162
0.0006302
0.0005923
-0.0081161
0.0082407
0.0099379
-0.0095909
-0.0036892
-0.0030072
-0.0030844
-0.0045415
0.0021472
-0.0024793
-0.0025482
0.0032338
-0.001787
-0.0052004
-0.0042045
-0.0015621
-0.0019672
-0.009458
-0.0025878
-0.0088684
0.0058916
-0.0020888
-0.0048655
-0.0028075
0.0097829
0.0010031
-0.0071347
0.0098559
0.0027489
0.0031567
-0.0085147
-0.0032205
0.0044411
0.0017888
0.0056594
-0.0086548
-0.008311
0.0060216
0.0035821
0.0090265
0.0058603
-0.0061434
0.0049123
0.0056828
-0.0058087
-0.0074015
0.0052271
-0.0074109
-0.0043455
-0.0095726
-0.0027241
0.0087541
0.0023367
-0.0035776
-0.0067524
0.0057584
-0.0082911
-0.0026202
-0.0068103
0.0028257
0.001599
-0.0051325
-0.000144
-0.0025735
0.0089681
0.0016062
-0.0068122
0.0077753
0.0093894
-0.0049625
0.0016255
-0.0053283
-0.0093794
-0.003493
-0.0055013
-0.005438
-0.0071812
0.0073787
0.0076109
-0.006753
-0.0001028
0.0079724
-0.0089481
-0.0081351
-0.0005936
0.0020016
0.000445
-0.0081075
0.0017258
-0.0055725
0.0061768
0.0017696
-0.0043272
-0.0078237
-0.0020901
0.0008206
0.0070109
-0.0086202
-0.005784
-0.0020549
-0.0066561
-0.0072606
-0.0083254
0.0028346
-0.0067717
-0.0086325
-0.0058225
0.0007301
0.0094803
0.0084301
-0.0012229
0.0001949
-0.0010806
0.0064281
-0.005129
-0.0081147
0.0054291
-0.0095637
-0.0035598
-0.0019428
0.0080707
-0.0016811
0.0056437
-0.000143
-0.0098208
-0.0093906
-0.0003008
0.0097421
-0.0042687
0.0032412
0.0019204
-0.005498
0.0073557
0.0039032
-7.81e-5
-0.0010442
7.07e-5
0.003164
-0.0012824
0.0060215
0.000636
-0.0096364
-0.0079371
0.0088734
-0.0064856
0.0037266
-0.0010377
-0.0059533
0.0094389
0.0055525
-0.0072382
-0.0001046
0.0095904
0.0065867
-0.0020061
-0.0045727
-0.0084389
-0.008796
0.0036965
-0.0024157
-0.0015943
-0.0092224
0.0023033
0.0046708
0.0063095
-0.000994
0.0043678
0.0066949
0.0037727
-0.0063506
-0.0014327
0.009592
0.0045207
0.0031054
0.0086043
-0.008837
-0.0035124
0.0064859
0.0020131
0.0073457
0.0028988
-0.0020467
0.0007996
0.0040737
-0.0001838
-0.003277
-0.0005564
0.0099189
0.0038693
0.0053982
-0.0026981
0.0017576
-0.0013785
-0.0038312
0.0020985
0.0070337
0.0091331
0.0098597
0.001494
-0.0057976
-0.0022135
-0.0097813
-0.0048237
0.005232
-0.0084311
-0.0037047
-9.65e-5
-0.0015728
-0.0042555
0.0013547
-0.0010059
-0.0072117
-0.0074291
0.0067828
0.0004842
-0.0087053
-0.0076844
-0.0048359
0.008114
-0.0017366
0.0036655
-0.0093408
-0.0041228
-0.0030617
0.0099188
-0.0047263
-0.0007796
-0.0007867
0.0096364
-0.008006
-0.0016419
-0.0062627
-0.0038123
0.0040047
-0.0039471
