-0.0066164
0.0090339
-0.0076406
-0.0015354
-0.0007007
0.005675
0.0078268
0.0084598
0.005981
0.0075247
0.0062177
-0.0070594
0.0007341
-0.0043065
-0.0087638
0.0030899
-0.002727
0.0005255
0.0047256
0.0012889
0.0004026
-0.0030622
0.0064694
0.000898
0.0059605
-0.0082052
-0.0068345
0.0069606
-0.0037576
-0.0003727
0.0025577
0.0095301
0.0099384
0.0069661
-0.0095921
-0.0036052
0.0007931
0.0048679
0.0062559
-0.0037738
-0.0049756
-0.0090635
-0.0050165
-0.003125
-0.0048513
-0.0083387
-0.003627
0.0053282
0.0082687
0.0066787
-0.009173
-0.0051918
-9.3e-6
-0.0093189
-0.0032266
-0.0029679
0.0042701
0.0060763
-0.0008901
0.0019717
-0.0019228
-0.0066773
-0.0030654
-0.0041782
-0.0005458
-0.0007324
0.0019488
-0.0005921
0.0085929
0.0037204
0.0057146
0.0099996
-0.0052568
0.0038618
-0.0097908
0.0073478
-0.005499
-0.0074673
0.0011978
-0.0093945
0.0006886
0.0046724
0.000872
-0.0016081
-0.0055443
0.0003661
0.0079897
-0.0092581
0.0066675
0.0088265
-0.0002834
0.0089169
-0.0086811
-0.0097623
-0.0009562
0.0069006
-0.0021298
-0.0016141
0.0066075
0.0073335
-0.0084435
0.0098207
-0.0020496
-0.0074361
-0.0054176
0.000486
-0.0062273
0.0022229
-0.0035777
0.003826
0.0085993
-0.0020431
0.006795
-0.002213
-0.0028544
-0.0021957
-0.0031871
0.0097298
-0.0023772
-0.0027045
-0.0033439
0.0066422
0.0062716
-0.00281
0.004433
-0.0080423
-0.00582
-0.0016426
0.0057581
0.0024867
-0.006473
0.0091936
-0.0032301
-0.0081138
0.0001429
0.0092297
0.0068078
-0.001092
0.009267
-0.0056943
-0.0030644
-0.0055753
0.0051194
-0.0057182
-0.0085059
-0.0066142
0.0001526
-0.0089573
0.0043118
0.0056301
-0.0095865
0.0042473
-0.0060814
0.0061756
0.001008
0.0089365
0.0073047
0.0093298
-0.0042853
0.0089729
-0.0069886
-0.0044973
0.0076266
0.0051997
0.0048583
-0.0071515
-0.0022193
0.0085848
0.0040333
-0.0093254
-0.007825
0.0041401
-0.0006328
-0.0018471
-0.004578
0.0091049
-0.0043444
-0.0056058
0.0036693
0.0090973
0.0041793
0.0025777
0.0063788
0.0073671
0.0049761
0.0030289
-0.0007414
-0.0052394
-0.0073992
-0.0082379
0.0052641
0.0095568
0.0007137
0.0092998
0.0087897
-0.0025198
-0.0065624
0.0014779
0.0040292
-0.0096437
0.009475
-0.0050114
0.0042981
0.0099184
-0.003557
0.0018552
-0.0047342
0.0081604
0.0052086
-0.0008466
-0.0064719
0.0012668
0.0050059
-0.0060504
-0.0092198
-0.0051545
0.0050303
0.0018835
-0.008975
-0.0008942
0.0001136
0.0072735
-0.0078308
-0.0004131
0.0019616
0.008877
-0.0058482
-0.0040298
-0.0092939
0.0029192
-0.0037673
0.0096919
0.006542
-0.0037784
0.0051309
-0.0067413
-0.0009989
-0.009202
0.0022416
-0.0005554
-0.0081062
-0.003384
-0.001331
0.0058473
-0.006219
0.0093147
0.0096567
-0.0076875
0.0074142
-0.0099014
-0.0011594
0.0008943
-0.005187
-0.000336
-0.0054667
0.0071882
-8.21e-5
0.0080468
0.0092166
-0.0067013
-0.0067381
-0.0097753
-0.002664
-0.0085531
-0.0048499
0.0079436
2.82e-5
0.0062604
-0.0084773
0.0041229
-0.0048986
0.0014162
0.0077831
4.58e-5
0.0090489
0.0047224
0.003477
0.0088034
0.0018577
0.0073102
-0.0048496
0.0086388
-0.0009038
-0.0068219
0.0046148
0.0011962
0.0074799
-0.0098466
-0.0007637
0.0037659
0.001585
0.0045505
0.0046326
-0.0058928
-0.0041859
0.0050208
0.0089927
0.0084341
-0.0041386
-0.0026923
-0.0018321
0.0026419
-0.0031143
0.0063607
-5.66e-5
-0.004151
0.0062134
-0.0088128
-0.0069096
-0.0042522
-0.0080131
-0.0053785
0.0055502
-0.0043551
0.0094206
-0.0076795
6.31e-5
-0.001284
-0.0020662
-0.0024448
0.0044236
0.0005188
0.0043194
-0.0071248
-0.0080814
-0.0028615
0.0059757
-0.0076485
0.0062793
-0.0055882
0.0027201
0.0042861
0.0062146
0.0012512
0.0008814
0.0002406
0.0017548
-0.0070691
0.0050975
-0.0092056
0.0050982
0.0031618
0.00425
-0.0008176
-0.0009194
0.0063148
-0.0017627
-0.0066695
0.0051206
0.0001065
-5.75e-5
0.0059223
-0.0094647
0.0068102
0.0087076
0.0075019
-0.0006953
0.0083606
-0.0045477
-0.000911
0.0064684
-0.0054662
-0.0079058
-0.0023002
0.0065551
0.0030438
0.001045
-0.0042201
0.0055
-0.0060356
-0.0033987
0.0006191
-0.0094468
-0.0066272
-0.0046377
0.0008703
-0.000469
-0.0063822
0.0004057
0.0049014
0.0071907
-0.0036967
0.0064807
-0.0061608
-0.0055523
-0.0088934
0.0095629
0.0097979
-0.0053315
0.001711
-0.0013927
0.0051732
0.0035431
-0.0078043
-0.0075456
0.001334
-0.0061136
0.0017259
-0.0002199
-0.0038903
-0.0040158
0.0071571
0.0064702
-0.0079775
-0.0067493
-0.0030067
-0.0027399
0.00186
-0.0043945
-0.0054051
0.0068407
0.0041133
-0.0010318
0.0008474
0.0075447
-0.0012936
-0.0095185
0.002496
-0.005505
-0.0012778
0.0014162
-0.003737
-0.0080292
-0.0085901
0.0097829
-0.0079582
-0.0087676
-0.0099845
0.0028056
0.0005889
-0.0053313
-0.003611
0.0083861
0.0092482
0.0006881
0.0032397
0.0032023
0.0092236
0.0038551
0.004828
0.0028051
-0.0080377
-0.0095408
0.0059866
0.0034793
0.0010911
0.0002152
0.0007902
-0.0032617
-0.0052988
0.0061093
0.0027678
-0.0004122
-0.0054538
-0.0007175
-0.0008847
0.0012043
0.0065883
-0.0083119
0.0047278
0.0009752
-0.0056483
0.0033057
0.0025934
0.0035847
-0.007824
-0.0009104
-0.0038666
0.008226
0.000509
-0.0056302
0.0094144
0.002296
0.0023417
-0.0003419
-0.0082834
-0.0031212
-0.0042875
0.0044419
0.0078223
0.0091624
0.0086257
0.0055736
-0.0043289
0.0022184
0.0088757
-0.0053851
0.0056723
-0.0089674
0.0089583
0.0077925
0.0087261
0.0018648
-0.0047064
-0.0070756
