0.0046463
0.0029729
0.0055274
-0.0014611
0.0069919
0.0012358
0.0058558
0.0051597
-0.0092089
0.0004273
0.0081813
-0.002148
-0.0064998
-0.0033863
-0.0019379
-0.007763
0.0028765
-0.009881
-0.0014991
0.0039182
-0.0065356
-0.0035274
0.0022508
0.0021357
-0.0008959
0.0017973
0.0014211
0.0056786
0.0065235
-0.002748
-0.0064365
-0.0010786
-0.0057017
0.0089595
0.0003231
0.0039271
-0.000196
0.006753
0.0075466
-0.0080789
-0.0052589
-0.0055058
0.0058946
-0.0069687
0.0016938
0.0055598
0.0006486
0.00169
0.002342
0.0025572
-0.0043208
-0.0045532
0.0037337
-0.0022639
0.0049889
-0.0044187
-0.0010236
0.0026436
-0.006044
0.0079351
-0.0016612
-0.0077104
0.0085659
-0.0047221
0.0024277
-0.0028778
-0.000679
-0.003855
-0.0036262
-0.008269
0.0024241
0.0097779
0.0033562
-0.0070078
-0.0044576
0.005334
0.0090334
-0.0018324
-0.0015971
0.006774
0.0003343
-0.0078909
-0.006203
-0.0022586
-0.0014666
0.0063978
0.0019642
0.0034088
8.03e-5
0.0007567
-0.0022716
-0.0092561
-0.0007024
-0.0091515
0.0018316
0.0025699
-0.0047806
-0.0025167
-0.0081022
-0.0023853
0.0093971
0.0077157
-0.0099531
-0.001249
0.0063952
-0.0071595
-0.0081714
0.00027
-0.0059312
0.0003144
0.008212
0.0053446
-0.0061061
0.0068269
-0.0071662
-0.0048059
-0.0011011
0.0079312
0.0043407
0.0099299
0.0071194
-0.0088472
0.0016492
-0.0087702
0.0049803
0.0018498
0.0071856
0.0001411
-0.0097794
-0.0025319
0.0054445
-0.0078352
-0.0035109
0.0062105
0.0089637
-0.0098109
-0.0084549
0.0017112
0.0004222
0.0048477
-0.0047994
-0.004301
-0.00938
0.0090048
0.0099639
-0.0094145
0.0053142
0.0091078
0.0007422
-0.0008818
-0.0033369
-0.0055373
-0.0003259
0.0088481
0.0076655
0.0012079
-0.0026464
-0.0027504
-0.0039555
0.0085983
0.0045501
-0.0058543
0.008114
-0.0061719
-0.0089449
-0.0064539
-0.0037343
-0.0028455
0.0017123
0.0005959
0.0096116
0.009489
-0.0075415
-0.002156
0.0006688
0.0083638
0.004509
-0.0079752
-0.0050386
0.0074889
-0.0021172
-0.0002405
-0.0043509
-0.009617
-0.0009388
-0.0081358
-0.0076845
0.0007755
-0.0004077
0.0089006
-0.0089643
0.0030535
-0.0085706
-0.0012514
0.0017997
-0.0051961
0.0094429
-0.0011842
-0.002662
-0.0054107
-0.007171
0.0015469
0.0098854
-0.0049887
0.0058197
0.0080633
-0.0092182
0.0052257
-0.004385
-0.0047158
0.0033961
0.0079731
-0.008446
-0.0037199
0.0036215
-0.0047159
0.0064849
0.009785
-0.0016621
-0.008044
-0.0036287
-0.0042219
0.0090953
0.0072264
0.0031328
-0.003894
-0.0073165
0.0027289
-0.0010879
-0.0038582
0.0021838
-0.0050562
-0.0063345
-0.0086473
-0.0001241
-0.005588
0.0018436
-0.0059013
-0.0084972
-0.0082302
0.003502
-0.0071872
0.0016842
-0.0056811
-0.0037169
-0.0009197
0.0091779
0.0066463
-0.0061884
-0.0062935
-0.0032191
-0.0073809
-0.0029537
0.0054838
-0.0073204
-0.0089671
-0.0028629
-0.0025447
-0.0036575
0.0090537
0.0047552
-0.0093033
-0.0080942
0.004053
0.0092254
6.82e-5
-0.0064837
0.0097789
0.0069719
0.0036597
0.0043094
-0.0068822
0.0007252
-0.0080303
-0.0028941
0.0058129
-0.0030969
-0.001713
-0.0061822
0.0040331
0.00279
-0.0012115
0.0031958
6.81e-5
0.0073207
0.0011524
-0.0001385
0.0067767
-0.0034308
-0.0002548
-0.0010359
0.00793
-0.0038673
-0.0035234
-0.0053871
0.0013328
-0.0010648
0.0061632
-0.0024801
-0.0081034
-0.0021177
-0.0024961
0.0062928
-0.0079365
-0.008474
-0.0013024
-0.003744
-0.006313
0.0089164
-0.0094089
0.0034013
0.0002484
-0.0067295
-0.0004443
0.0051736
-0.0011199
-4.89e-5
0.0008296
0.009518
0.0098667
-0.0001267
0.0087945
-0.0083501
0.0089313
0.0069575
0.0043868
0.0091137
-0.0049226
-0.0041351
-0.0012512
0.0079949
0.0087913
0.0066783
0.0097252
0.0001072
-0.0019398
-0.0046814
0.0017866
0.002004
-0.0004071
0.006004
0.0015911
0.0056157
-0.0095552
-0.0092507
-0.0058298
0.009953
0.0066543
0.0023851
0.0052531
-0.0073626
0.0038552
-0.0094873
0.0024028
-0.0007749
-0.004323
0.0087258
0.0070012
0.0023272
-0.0092042
0.0064256
0.0096004
-0.0076311
0.0029221
0.0039802
0.0095148
0.0027065
-0.0037009
0.0017507
-0.0098153
0.0092246
-0.0077859
0.0030425
-0.0065153
0.0037022
-0.0005153
-0.0071153
-0.0077243
-0.0060809
0.0082541
0.003628
-0.0065914
-0.0051269
0.0073202
0.0022523
0.0099233
-0.0082136
0.0015138
0.0005058
0.0006625
-0.0033639
-0.004383
0.0014177
-0.0094825
-0.0051184
-0.0051974
0.0076251
0.0040051
0.0069664
-0.0098761
-0.0049103
-0.0035511
0.0091944
-0.0043662
0.0076231
-0.0010277
-0.0026554
0.007184
-0.0009248
-0.000263
-0.0086601
-0.0037356
-0.0008611
-0.0063031
-0.0098462
-0.0048288
0.0010114
0.0051762
-0.0094241
-0.0093415
0.0069359
0.004537
0.0013156
-0.0086067
-0.0064905
-0.0081847
-0.0049237
-0.0068823
0.0027158
-0.0089509
-0.0039377
0.0020287
-0.0092239
-0.0055188
0.0069261
0.000161
0.009681
-0.0013788
-0.0053325
0.0062584
0.0068238
-0.007266
0.009873
-0.0043417
0.0042954
0.0059874
0.0018199
0.004027
0.0080917
0.0076842
0.0035371
-0.0052043
-0.0012204
-0.0050032
0.0030499
0.0083271
-0.0067296
0.0026164
0.003139
-0.0068114
-2.61e-5
0.007391
0.0088328
-0.0023202
-0.0004573
0.0005595
-0.0044799
-0.0058962
0.0021892
0.0070891
0.0013595
-0.0044921
-0.0039724
0.0009728
-0.0083693
-0.0015636
0.0063894
-0.0084756
-0.0082415
0.0093559
-0.0020723
-0.0094963
-0.0025832
0.0073882
-0.0098542
-0.009898
0.0081359
-0.0026361
0.0002051
-0.004964
-0.0064246
-0.0031717
-0.0055179
-0.0097321
0.0037674
