0.0024388
-0.0075872
0.006852
-0.000287
-0.0023165
-0.0073467
0.0040153
0.0083669
-0.0079587
0.0030954
-0.005386
0.0036678
-0.0096246
0.0061032
-0.0020048
0.0056551
0.0052377
0.0062067
0.0085341
0.0064363
0.0037635
-0.0039963
0.0011816
-0.0020861
0.0083196
-0.0072794
-0.0080374
-0.0038704
5.5e-5
-0.004309
0.0062022
0.0057034
0.003826
0.0019138
0.0045139
-0.0054366
-0.0032278
0.0095199
0.0047486
-0.0017986
0.0092015
0.0014885
0.0001123
0.0029509
-0.0015627
0.0039071
0.0013391
-0.0011292
0.0049418
-0.0035314
0.0034274
-0.0084615
0.0079119
0.0003531
0.0039159
-0.0037743
0.008999
-0.0001265
-0.0011936
-0.0036991
0.0078462
0.0014216
0.0011961
0.0006466
-0.0088463
0.0074372
-0.0015657
-0.0045139
-0.0058411
0.0067085
-0.0032313
-0.0004715
0.0039381
-0.0019168
0.0001934
0.0079289
4.53e-5
0.005816
0.0004742
-0.0075805
0.0020449
-0.0007248
-0.0065499
-0.0063543
0.0070668
0.0003928
-0.0084214
0.0036448
-0.0073545
-0.0060498
0.0079224
0.0084023
-0.0054471
0.0046242
-0.0070899
0.0065257
0.0059171
0.0012411
0.0049392
-0.0010029
0.0016601
-0.0081609
-0.0017762
0.0080733
0.0092743
0.0083325
-0.0063388
0.0099174
0.0011324
-0.0039242
0.0026244
-0.0002298
-0.0031343
-0.0056789
0.004491
-0.0031602
0.002546
0.0062371
0.0003024
7.51e-5
0.0040035
0.0058883
0.0006292
0.0023289
-0.0023298
0.0036359
0.0056635
0.0022703
-0.008419
0.0065413
-0.0072779
-0.0028115
0.002427
-0.0050553
0.0011379
0.0066533
-0.0071569
0.0064463
-0.0007179
0.0054294
0.0084931
-0.003424
-0.002355
-0.0021993
-0.0049466
0.0074942
0.001468
-0.006946
-0.0054946
-0.0099517
-0.0017776
0.0031831
-0.0067422
-0.0087306
0.0033964
-0.0002865
0.0050897
0.0051193
0.0046622
0.0012014
-0.0065025
0.0072691
0.0023437
-0.0053441
-0.0074897
-0.0091414
0.0053066
-0.0038893
0.0045434
0.0081368
0.0054664
-0.0005684
-0.0074647
-0.0069045
-0.0048383
0.0014346
0.0023545
0.0077732
-0.0019657
-0.0044355
0.0012974
-0.005011
0.0088643
-0.0011282
0.0083463
0.0091158
-0.0045554
0.0065699
-0.0068711
0.0063236
0.0020593
0.0084229
0.0064008
0.0086473
-0.0062871
-0.0009172
-0.004963
0.0004871
0.0067805
-0.0019977
-0.0016942
-0.0002191
0.005424
0.0029906
0.0021836
0.0079336
0.0001901
0.008624
-0.0004389
-0.0087378
0.0031058
-0.0087929
-0.0029346
0.009882
0.0020672
-0.0090539
0.0068465
-0.0009439
0.0093495
-0.000582
-0.0014894
0.00074
0.0074963
-0.0066291
0.0007283
-0.0040288
0.0081414
-0.0089881
0.0099014
-0.0032355
0.0073921
0.0051791
-0.0016144
0.0016836
0.0062344
-0.0078136
-0.0019805
0.0089018
0.0088373
-0.0035041
-0.0001546
-0.003756
0.0047833
0.0057941
0.0050782
0.0024201
0.0047078
0.009775
0.0027838
0.0075032
-0.0089138
0.0030361
0.0071042
0.0044277
0.0099601
-0.0027283
-0.0026524
0.0077221
-0.0039935
0.0021044
-0.001356
-0.0099219
0.0046022
-0.0086806
-0.0063211
-0.0086351
-0.0082068
0.0066256
0.0022988
0.008391
0.0087395
-0.0013367
-0.0057618
-0.0071092
0.005455
-0.0063802
-0.0046748
0.0021974
0.0064924
-0.0087322
-0.0076515
-0.0075432
-0.0078765
0.0049079
-0.0023983
-0.0075858
-0.0025796
-0.0013639
-0.0092738
-0.0018319
-0.0097687
0.0025975
-0.008757
0.0055698
0.0079876
0.0054783
7.59e-5
-0.0049964
-0.0056984
0.0013444
-0.0047506
0.0083209
-0.0053924
-0.0085571
-0.0050286
0.0032098
-0.0051795
-0.000288
-0.0011695
0.0061516
0.0011956
0.0059543
-0.0032394
-0.0082208
0.0001697
0.0043356
0.0040519
0.0002994
0.0039065
0.0043928
0.0017895
-0.001242
0.0038317
7.35e-5
0.0051083
-0.0061034
0.0049175
0.0012257
0.0084498
0.0047323
-0.0027508
-0.006562
0.002593
0.0025988
0.003985
-0.0094034
-0.0003087
-0.0050263
0.0010534
0.0003176
0.0051672
-0.0009411
-0.0089356
-0.0095074
0.0048371
-0.0074728
0.0061347
0.0044168
-0.0040769
-0.003518
-0.0089331
0.0092882
-4.57e-5
-0.0067407
-0.0085598
0.0020446
0.0042349
-0.0011858
0.0018749
0.0014027
0.0012548
0.0073328
0.0023364
-0.0031593
-0.0075996
-0.0008918
0.0027555
0.0095356
0.0032382
0.0040994
-0.0046971
0.0074856
-0.0051585
-0.0024312
0.0016208
0.0038459
-0.0056199
0.0011467
-0.0099972
-0.0043907
-0.0032719
-0.0058504
0.0099524
-0.001743
0.0091514
-0.0087699
-0.0002826
0.0073379
0.0002026
0.0014091
0.000657
-0.0005457
-0.0036182
0.0010933
0.0062052
-0.0015657
-0.007938
-0.0079149
-0.0041871
0.0035831
-0.0014778
-0.0008238
-0.0049428
0.0009692
-0.0046324
-0.0039509
-0.0037339
0.0025719
-0.0001291
0.0081172
0.0088828
-0.0017198
0.008644
0.0033752
0.007347
0.0048525
-0.0065753
-0.0002034
-0.007308
0.0034658
-0.0015866
0.0037942
0.0071136
-0.0035818
-0.0054814
-0.0014394
0.0069906
-0.000827
0.0074414
-0.0056772
-0.008878
-0.0029635
0.0077118
-0.0035664
-0.0062952
0.0096593
0.0096913
0.0074591
-0.007568
-0.0013732
-0.0073423
0.0062414
-0.006067
0.0037519
-0.008726
0.0016157
-0.0094483
-0.0093323
-0.0059716
-0.0080195
-0.0085721
0.0099487
0.0094887
0.0058981
0.0061354
0.0026316
-0.0018829
-0.0071615
-0.0019267
0.0059511
0.0095001
0.0061045
-0.0043089
0.0046608
0.0075568
0.0006357
0.0008915
-0.0087312
0.0037211
0.0021328
-0.0003554
-0.0081514
0.0062378
-0.0027265
0.0025675
0.00679
-0.0032384
-0.0075003
0.0090511
0.0081386
-0.0018467
0.0042846
-0.0014154
-0.0026357
-0.0053904
0.0060791
0.004581
0.0011213
-0.000249
0.0040972
9.04e-5
-0.0061806
0.0054244
-0.0001282
-0.006552
