-0.0081463
-0.0008465
0.0001666
-0.0081021
0.005295
-0.0044182
0.0097089
0.0090433
-0.0087352
0.0035621
-0.0069463
0.0051614
-0.0088693
0.0053365
0.0004095
-0.0003606
0.0071626
0.0015331
-0.0074901
0.0021965
-0.0026042
0.0086104
0.0051169
0.008366
-0.0053695
-0.0057659
0.0033868
0.0090625
0.0040284
0.0083723
-0.0007592
0.0055976
0.0013984
-0.0077074
0.0014231
-0.0059846
0.0026013
-0.0081322
-0.0070034
0.0050164
0.0011053
0.0099592
0.0029773
-0.0062264
0.0074325
-0.0015695
0.0087407
0.0022858
0.0083591
-0.0087139
-0.0049397
-0.0057368
-0.0067328
-0.0055258
-0.005187
-0.0057604
-0.0056286
0.0049214
-0.000188
-0.0015078
0.0013416
-0.0046749
0.0049742
-0.0080559
-0.0011564
0.0002946
0.0039386
-0.0021749
-0.0034006
0.0008314
0.0097613
-0.0039628
-0.0011214
0.0006634
0.0042036
0.0061737
0.004663
0.0081327
-0.0065954
-0.0038864
0.0029428
-0.0043278
0.0093517
0.0056101
0.0080071
0.0094774
0.0025705
0.0031126
0.005015
0.0073061
-0.0087955
0.0057632
0.0040548
-0.0084646
-0.0074926
-0.0066979
0.0038919
0.0020382
-0.0029346
0.002576
-0.0063171
0.0069883
0.00593
-0.0003056
-0.0040141
0.0082168
-0.0095997
0.0012234
0.0024395
-0.0018659
0.0072714
-0.006012
0.0052593
0.0063422
-0.0099846
-6.81e-5
0.0037068
-0.0077629
-0.0083638
0.0053973
0.0045792
-0.0002646
-0.0099889
0.0041616
-0.0059959
-0.0025925
-0.0097222
0.005249
-0.0054005
0.0079187
-0.0011396
-0.007548
-0.0097257
-9.5e-5
0.0092058
-0.0089515
0.007499
-0.0052523
-0.0092146
-0.0067216
0.0053898
0.0068296
-0.008198
-0.0061109
0.006657
-0.0067055
0.0095541
-0.0010567
0.0069084
0.0033117
0.0037576
-0.0059151
-0.002191
0.0073301
0.0036713
0.0070244
-0.0009829
-0.0072136
-0.0028373
0.0056075
-0.0053335
-0.0045096
0.0086271
-0.0085803
-0.0018992
-0.0061132
0.001774
0.0024885
0.0045911
0.0060596
-0.0008161
0.0099368
-0.0053662
0.0083526
0.007316
-0.0047302
-0.0061652
0.0080402
-0.0082349
0.0005643
-0.0029114
-0.0020695
-0.0083571
-0.0093814
-0.0073389
0.0024521
0.0077668
-0.001075
-0.0086456
0.0096273
0.0062472
-0.0009499
0.0041575
-0.0048961
-0.0062002
0.0060873
-0.0046976
0.001758
-0.0052284
-0.0077901
0.0006924
0.0073666
0.0045579
0.0025285
-0.0014461
-0.0069828
0.0019518
0.0006531
0.0046739
0.0069648
-0.008109
-0.0012028
-0.0097193
0.0077469
0.0009551
0.0026195
-0.0039391
0.0089593
-0.0057405
0.0018945
-0.00807
-0.0035219
-0.0085239
0.0083852
0.0013039
0.0039748
0.0049284
-0.009488
0.0013978
-0.0011256
-0.0063845
0.0017627
-0.0054641
-0.0090751
0.0067653
0.0033291
-0.0080983
-0.0030645
-0.0050993
-0.0096159
2.38e-5
0.0018457
-0.0088355
-0.0022002
-0.0096966
-0.0018016
-0.0005927
0.0075912
0.0062557
0.0016188
0.0095965
-0.002117
-0.0039502
0.0042855
0.0097981
-0.0086874
0.0011721
0.0014069
0.0010563
-0.0083673
-0.0013702
-0.0078901
-0.0051877
-0.0099271
0.0049053
0.0087413
0.0087466
0.0022381
0.0058143
0.0075419
0.0017654
-0.0098229
0.0008645
-0.0080785
0.0085639
0.0030307
0.0019295
-0.0096798
0.0059309
-0.0099355
-0.0056368
-0.0080084
-0.0076483
0.0004959
0.0064372
-0.0067739
-0.0042323
0.0026329
-0.0087009
0.0055168
-0.0057587
-0.0010399
-0.0045335
0.0039107
0.0072672
0.0028421
-0.0020573
0.0041545
0.0053339
0.0017496
-0.0093175
-0.0057164
0.0071513
-0.0057288
-0.0088983
0.0049256
-0.0013391
0.0054663
-0.0035791
0.0089808
0.0096449
-0.0082407
0.0025581
-0.0040827
-0.0097229
0.004222
0.0047371
0.0084165
-0.0023266
-0.0004133
-0.002143
0.0062474
-0.0043065
0.0032589
0.0038067
0.0090285
0.005826
0.0014183
-0.0051635
0.0084627
-0.003974
0.0077754
-0.0063889
-0.0077087
-0.0007134
-0.0042658
-0.0013417
0.0024685
-0.0035884
-0.0006282
0.0044748
0.0040521
0.0056372
0.0044272
0.0020662
-0.0047191
-0.003246
0.0090515
-0.0078277
0.005442
-0.0060389
0.0049989
0.0084624
0.0010736
-0.0011068
-0.0077198
-0.0057384
-0.0002846
-0.0065365
0.0081305
-0.0076338
0.0016669
0.0019394
-0.0006711
-0.0073289
0.0029117
-0.0061822
0.00462
0.0060919
-0.0049778
-0.0062565
-0.0042354
0.0035391
0.0046069
0.0062148
0.0094733
0.0036953
0.0053153
0.0096561
-0.0010167
0.0009427
0.0003092
-8.3e-6
0.0071048
0.0029333
-0.0092936
0.0055878
0.0093186
-0.0049064
-0.0057546
0.0091476
-0.0096937
-0.0023339
0.0007988
0.0068969
0.0064824
0.0045455
0.0017968
0.0070201
0.0072256
-0.0048326
0.0018091
-0.0067104
-0.0041518
-0.0054395
-0.0096861
0.0026871
0.0070087
0.0043394
0.00389
-0.0077762
-0.0095914
-0.0063004
0.0052513
-0.0080198
0.0037793
0.0026493
-0.0045543
0.0062143
0.0068584
0.0033801
0.007508
-0.0009928
0.0055304
0.0075229
0.0066024
0.0012175
-0.0076607
0.0017276
-0.0093015
0.0090289
-0.0085361
-0.0038299
0.0006023
0.0069818
-0.0098093
0.0064048
-0.0054966
0.0047199
0.0076763
0.0064448
0.0004472
0.0074332
0.0025065
-0.001047
0.0081799
-0.004459
0.0040724
-0.0058637
0.000688
0.0098672
-0.0040416
0.0006256
-0.0066263
0.0022231
0.0098299
0.0062349
0.0047139
-0.0067452
0.0010483
0.0077466
0.0010149
0.0085807
-0.0056651
-0.0071754
0.0029293
-0.0094941
0.0096838
0.001398
-0.0069119
-0.008367
-0.0066576
-0.0059752
-0.0012739
0.0068819
-0.0092832
-0.0006102
-0.0016336
0.0071361
0.0096298
0.0011688
0.0053881
0.000397
-0.0062833
0.0005879
-0.0089894
-0.006402
-0.0092808
0.0088411
0.0016704
-0.0035668
0.0061419
0.0005056
-0.001711
-0.0018337
