0.0008395
-0.0013603
0.0069257
0.0077832
-0.0029439
0.0079001
0.0079902
0.0049367
-0.0031098
-0.0074782
0.0024986
0.0014281
-0.004653
-0.0067291
-0.0079499
-0.0022216
-0.0037191
0.0026133
-0.0049835
0.0026255
-0.0071584
-0.0052272
0.0058595
-0.003501
-0.000134
-0.0084709
0.0088156
0.0010259
0.0052617
0.0006565
-0.0095632
-0.0034274
0.0099647
0.0031051
0.0046945
0.004131
0.0087696
-0.0014842
-0.0075012
-0.0079994
-0.0068252
-0.0052117
-0.0041412
-0.0004323
-0.0042212
-0.0039406
-0.0057018
0.0027813
-0.0066019
0.0078596
-0.0018192
0.0095481
-0.0039743
0.0075711
0.0011764
0.000223
0.004694
-0.0069412
-0.0049223
-0.008603
0.0094781
-0.0012833
-0.0063952
0.0012483
-0.0022445
0.0077869
0.0054219
0.0042745
0.005232
0.0038207
0.0051894
0.0068334
-0.0016462
0.0021995
-0.0013219
0.0030353
0.0088992
-0.0033012
0.0085704
-0.0018351
-0.0007243
-0.0079888
0.0014849
0.0032167
-0.0096549
0.0096974
0.0078329
0.0028544
-0.0044826
-0.0088833
0.0043737
-0.0067032
0.0051643
0.0043811
-0.0045309
0.0010495
-0.0029136
0.0022792
0.0072868
0.0098308
0.0057861
0.0043172
0.0007564
-0.0003824
0.00334
0.0018131
0.0039171
-0.0066742
0.0092931
0.0006708
0.0085006
-0.0066701
-0.005192
-0.0034229
0.0064625
-0.005003
-0.0044238
-0.0011938
0.0065952
0.0055354
-0.006143
0.001069
-0.0086393
-0.0002272
0.0064029
-0.0033346
-0.0001175
-0.0089264
-0.0027196
-2.87e-5
-0.0003278
0.0059237
0.0056935
0.0005459
-0.0067766
-0.0007154
0.002306
0.0027253
-0.0073555
0.0096765
-0.001907
-0.0034482
0.0079861
-0.005706
-0.0054954
-0.0051141
0.0075762
-0.005635
-0.0021704
0.0022307
-0.0046921
0.0066409
-0.0001552
-0.0034037
-0.0008509
-0.0077135
-0.0083363
0.0084428
0.0003069
0.0069917
0.0086625
-0.0084047
0.0092355
0.0057306
0.0057207
-0.0030134
0.0064919
0.0029442
0.0089281
0.0088126
0.0054662
-0.0016851
0.0058445
0.0080492
0.0040106
0.0036775
0.0095662
-0.0019417
0.0068114
0.009569
0.0037413
-0.0033079
-0.0069914
0.0001891
-0.0081862
0.0094245
0.009777
0.0056686
0.0007741
-0.000415
0.005923
-0.007097
-0.0076212
0.00384
0.0068769
0.0066548
-0.0071585
-0.0065783
-0.0078678
0.0026864
-9.57e-5
-0.0024347
0.0084291
0.0046549
-0.0063216
-0.0044944
-0.002011
-0.0016958
-0.0012698
-0.0070501
0.0022334
-0.0007761
0.0084161
-0.0057338
-0.0094173
-0.0093413
0.008609
-0.007623
-0.0086151
-0.0058914
-0.0083081
0.0075468
0.0077398
0.008931
-0.0013704
-0.0074905
0.0002953
0.0077745
-0.003219
0.0089409
0.0073849
0.0005251
0.0007555
-0.0062709
0.0086237
0.0081736
0.0026726
-0.0081985
-0.0049995
-0.0033146
-0.0026854
-0.0052331
0.0095187
-0.0038447
0.0089709
-0.0075662
0.0036648
0.0007399
-0.0006032
-0.0011274
-0.0061727
-0.0004856
-0.0099322
0.000821
-0.006431
-0.0075852
0.0065333
0.0049261
-0.0012314
-0.0010791
-0.0055837
-0.0009789
-0.0041252
-0.0046916
0.0026569
-0.0016084
-0.0036886
-0.0037741
0.006991
-0.009993
0.0014025
-0.0054999
-0.0007451
-0.0035406
0.0041424
-0.000611
0.0090333
0.0016869
0.0037592
0.0048545
-0.0001893
0.0042269
-0.0062567
0.0024929
0.0040237
-0.0013502
0.0004868
0.0051406
-0.0054007
-0.0012252
-0.0075731
-0.0007122
-0.0057975
0.0019631
0.0063204
0.006066
-0.0087617
0.0058586
0.0071541
0.0016846
0.0063854
0.0025814
-0.0065663
0.0087077
-0.0066189
0.0050817
0.0075632
-0.0028229
-0.0042753
0.0028838
0.0096394
-0.0099045
-0.0039427
-0.0073571
0.0032477
0.0009638
0.0015441
0.0003922
0.009744
0.0067537
0.0046686
0.0025706
0.0083297
-0.0066548
-0.0084377
0.0010644
0.0020049
-0.0085311
-0.004281
0.0010114
-0.0057083
-0.0009072
-0.0003698
0.0022147
-0.0034395
0.0019846
-0.0092064
0.0040923
0.0096946
-0.008482
-0.0099636
-0.0065365
-0.0095959
-0.0092802
-0.0073325
0.0071288
0.0026133
0.0015456
-0.0084788
0.004533
-0.0032903
0.0077558
-0.0033123
0.0034887
0.0087197
-0.0056487
-0.0046009
-0.0039794
-0.0099953
0.0056962
0.0037681
0.0068799
0.0005323
-0.003557
0.0001387
0.008507
0.0079929
0.0012265
0.0092019
-0.0048222
-0.0013535
-0.0072545
0.0077635
-0.0043849
0.0015345
0.0062352
0.0079129
-0.0003038
0.003837
0.007609
-0.0084783
-0.0020413
-0.0011329
-0.0001731
0.0039374
0.0024136
0.0093472
0.0010495
-0.0006176
0.0094918
0.0065121
-0.0095637
0.0011528
-0.0090559
-0.0045849
-0.0025877
-0.0002629
0.0034291
-0.0028865
0.0037136
-0.0039873
0.0028222
-0.0073018
-0.007884
-0.0072981
-0.0085256
-0.0008806
-0.0019814
-0.0020933
0.004772
0.0089635
0.0013612
0.0072311
0.0084116
0.0098575
0.0041155
-0.0092963
0.0060489
-0.0094401
0.0070065
0.0056871
0.0016936
0.0066148
0.0036622
-0.0038562
0.0023272
-0.0014421
-0.0025442
0.009259
-0.0061061
0.0027777
-0.0086937
-0.0023958
0.0036636
-0.0055054
0.0085629
-0.0088594
0.0049679
0.0071707
-0.0026714
-0.0011407
-0.0061725
-0.0043788
-0.0009582
0.0079797
-0.0052096
-0.0006616
-0.000386
0.0090695
-8.3e-6
-0.0057944
0.0092476
-0.0009575
-0.0053233
-0.0026301
0.008702
-0.0050328
-0.0077434
0.0073989
0.0090826
-0.0005131
0.0099519
-0.0010035
0.0049539
0.0095521
0.0083716
-0.0061811
-0.0015298
0.0033124
0.0039218
-0.0043954
-0.0009291
0.0001254
-0.0065811
0.0094164
-5.44e-5
0.0021797
0.0033823
-0.000936
0.0098145
-0.0002904
-0.0007095
-0.004609
-0.0038224
0.0008688
-0.0084091
0.0060293
-0.0083359
0.002079
0.0042443
0.0057884
0.0040898
-0.0022923
0.0056631
0.0080604
