-0.0010118
0.0082889
-0.005331
-0.0038521
-0.0017488
-0.0086792
0.0079344
-0.0098509
0.0056584
0.0063348
0.0011512
-0.0037861
0.0060347
-0.0009912
-0.0042388
0.0079987
-0.0082968
0.0094565
-0.004106
0.0067862
-0.0030129
-0.0077145
-0.0021168
0.0032929
-0.0027732
0.00676
0.0020212
-0.0071108
-0.0082534
0.0088563
0.0007458
0.0075907
-0.0018941
-0.0050061
-0.0033957
-9.44e-5
0.0044476
-0.0075812
-0.0075509
0.0004766
0.004481
0.0002987
-0.0020417
-0.0004839
0.0001157
-0.0071576
-0.0004798
-0.0092844
0.0027445
7.94e-5
-0.0045292
-0.0056212
0.0059877
0.0077167
0.0034258
-0.0061552
0.0053996
0.0083033
0.0085392
0.0044919
-0.0062983
-0.001722
0.0045494
-0.003714
-0.006025
0.0024584
0.0020214
-0.0003454
0.008304
0.0066356
0.0074361
0.001284
0.0061164
-0.0088587
0.0093597
-0.0076182
-0.0050286
0.006339
-0.0001302
0.0061293
0.0046573
-0.0064642
0.0017717
-0.0072955
0.0065705
0.000399
-0.0079565
0.0089434
-0.0035128
-0.0069626
-0.0025078
-0.0075902
-0.0038969
-0.006576
0.0026951
-0.0095429
0.0063481
0.0050784
-0.0064943
0.0003151
0.0094521
0.0082251
0.0015776
0.000271
-0.0037168
-0.001348
-0.0021911
-0.0020453
0.0029143
-0.0030224
0.0040013
0.009823
-0.0011256
0.0070775
-0.0044174
-0.000982
-0.0030215
0.0052684
-0.00028
-0.0059435
-0.0025701
-0.0063707
0.0052954
0.0063381
0.0058983
-0.0011262
0.0099366
-0.0066865
7.12e-5
0.0075757
0.0082688
0.0059371
-0.0042564
-0.0086854
0.0087925
-0.0001746
-0.0087621
0.0059438
-0.0020764
-0.0014825
0.0010648
0.0078727
-0.0081044
-0.0074783
0.0094569
-0.0098709
0.0061617
-0.0097849
-0.0092678
-0.0066231
0.0038861
0.0004461
-0.0089314
0.0075958
0.0054553
0.0022018
0.0051097
-0.00245
0.0082486
0.0006674
0.009518
0.0092822
-0.0036314
0.0052384
0.0024997
0.0030569
0.0033831
-0.0073295
-0.0090199
-0.0031743
-0.0009004
-0.0050844
0.0026381
-0.0064
-0.009799
0.0001204
-0.0022507
-0.0024984
-0.008796
-0.0015423
0.0036736
0.0035914
-0.0006248
0.0035456
-0.004853
0.0048737
0.0077615
0.0073001
0.0077266
-0.0024055
-0.0060851
0.0043985
0.0094385
-0.0057789
-0.0061291
-0.0083403
-0.0096849
0.001756
-6.73e-5
-0.0094511
-0.0011467
-0.0007137
0.0022033
0.0070428
0.0042184
-0.0072296
-0.0038343
-0.0005798
-0.0085783
0.001831
-0.0057811
0.0022551
0.0067078
0.00234
0.0016011
0.0063291
-0.0052827
0.0024936
-0.0074813
0.0054037
-0.0057924
0.0017255
-0.006671
0.0006819
-0.0024968
0.0024767
0.0005424
-0.0075894
-0.0056487
-0.0078386
-0.0030455
-0.0023218
0.0037838
-0.000692
0.0098465
-0.0093108
-0.0039546
0.0041022
0.0002331
-0.0015246
0.0002361
0.0019191
-0.0034821
-0.0027997
-0.0093756
0.0098455
0.0034517
-0.0061899
-0.0096573
0.0025072
0.0067909
0.0049139
0.0038024
-0.0076444
-0.0061874
-0.0090172
-0.0079517
-0.0004305
-0.0039147
0.0042977
-0.0091161
0.002183
-0.0047349
0.0069159
-0.0004123
-0.0026076
0.002416
-0.0083204
-0.0095956
0.0093499
0.0053848
-0.0041638
-0.0004231
-0.0038409
-0.0017364
0.005031
0.0024348
-0.0041973
-0.0082871
-0.0001829
-0.006129
0.0034776
-0.0062944
0.008394
0.0081729
-0.0076374
0.0033991
0.0087687
-0.0072722
0.0056703
0.0055586
-0.0034213
-0.0073463
-0.0081836
-0.0089062
0.0061595
-0.0072791
-0.0043122
-0.0070682
-0.0006087
-0.0077808
-0.009049
-0.0062537
-0.0075015
-0.0025527
0.0005746
0.0046262
-0.0001593
-0.0043247
0.0044469
0.0048612
-0.0037364
0.009637
-0.0061655
0.0006395
0.0040437
0.0017125
0.0022579
0.0073324
-0.0064325
-0.0047777
-0.0020978
0.0066465
0.0016495
-0.0093707
0.0096895
0.009409
0.0082024
0.0088935
0.0006174
-0.0086604
0.0098241
-0.0017677
0.003854
0.009562
-0.0016025
0.0002611
0.0039402
-0.0081334
-0.0095771
0.0036019
0.0091073
-0.0024948
0.007651
0.0031254
-0.0048329
0.0031011
0.0060964
-0.0039313
0.0037827
0.0036195
0.0052914
0.0010792
0.005603
0.0053259
-0.0088871
0.0017223
0.0015551
-0.0008532
0.0030395
0.0016136
-0.0095884
-0.0094076
0.0028104
-0.0055067
-0.0003866
0.0098986
0.0083838
-0.000196
0.0018962
0.0058376
-0.0032152
-0.0068516
-0.0006439
0.0048028
-0.0026784
-0.0034506
0.0081952
-0.0098884
-0.0060927
0.0028487
0.0045704
0.0033365
0.0058284
0.0013896
0.000429
-0.0078616
-0.0038424
-0.0026252
0.007213
-0.0088606
0.0047102
-0.0027481
-0.0050488
-0.0080599
0.0021439
0.0087502
-0.0058629
0.0099073
-0.0052443
-0.0061298
-0.0063619
-0.0078006
0.0003975
-0.0007419
-0.0022916
0.0043469
-0.0001602
0.0034342
0.0031355
-0.0077027
-0.0035962
0.0001995
0.0098107
-0.0066816
0.0060379
0.0087296
-0.0021928
-0.0092277
-0.0075721
0.0041028
-0.0058903
-0.0048132
0.0070228
0.0054514
-0.0030621
-0.0042311
0.0058346
-0.0070472
0.000905
-0.0018951
-0.0067099
-0.0060985
0.0011668
0.0011892
0.0067865
0.0012644
-0.000254
0.0020179
-0.0004222
0.0067296
-0.0091771
0.0047084
0.0045876
-0.0066512
-0.0050017
-0.0021519
-0.0031371
0.0094699
-0.0061231
0.0003658
-0.0059071
-0.0020428
0.0024854
-0.0018501
-0.0002341
0.0013857
3.68e-5
0.0033663
-0.0006989
0.0024483
-0.0058385
-7.0e-7
0.0091171
0.0048863
0.0087692
0.0091973
0.008002
-0.0081885
0.0063892
0.0056496
-0.0012465
0.0032252
0.007244
-0.0057723
-0.0089978
-0.0096264
0.0037711
-0.0023334
-0.0098549
0.0046971
0.000305
-0.0083183
-0.0086896
-0.007926
-0.0045464
-0.0020324
-0.0080079
0.0007494
0.0032905
0.0006599
-0.0059464
0.0082204
0.0009593
0.0058079
