-0.0096859
0.0008517
0.0071379
0.0083994
-0.0059221
0.0032062
0.0073473
0.0011947
-0.004976
-0.0095975
-0.0081009
-0.0054063
0.0096851
0.007343
-0.0020793
0.0008865
0.0094705
0.0008702
0.0034161
0.0039713
-0.0034261
-0.0033083
-0.0042487
0.0050873
-0.0018568
0.0014982
-0.0020532
0.0078767
-0.0004003
0.009786
0.0013284
-0.0087458
-0.007115
0.0090388
0.00783
0.0005366
-0.0068775
-0.0027662
0.0004998
0.0099089
-0.0099535
0.0061155
0.0007322
0.0067473
-0.004824
0.0050562
-0.002583
-0.0033956
0.003556
-0.0044755
-0.001198
-0.0011241
0.0085687
0.0053211
-0.0060478
0.0067236
-0.0078587
-0.0043076
-0.0038856
-0.0096755
0.0013812
0.0028846
0.0077873
0.0030586
-0.0032484
0.0043859
-0.0087413
-0.0036441
-0.0010457
0.0032948
-0.0066636
-0.0021953
-0.0047556
-0.0067675
0.0082972
0.0017086
0.0095025
-0.0086998
0.0070626
0.0005617
0.0080068
-0.009492
-0.0085535
-0.006364
-0.0022607
0.0080528
0.0084005
-0.004153
-0.0051135
0.0074393
0.0060425
0.004326
-0.009574
-0.0085161
-0.0057519
-0.0019098
0.0020488
-0.001749
0.0061523
-0.0020397
-0.0068131
-0.0090167
-0.0085152
0.004811
0.0056561
-0.0059085
-0.0043594
0.0036318
-0.0080886
0.0043938
0.0099254
-0.0024475
0.0089056
-0.0050528
-0.006931
0.0031326
0.0023203
-0.0085964
-0.0038972
0.008698
-0.0019287
0.0057258
0.0038438
-0.0071344
0.00535
-0.0095309
-0.0060399
0.0096529
-0.0059632
-0.0042829
0.0070666
-0.0037272
0.0048116
-0.0022248
0.006109
-0.0039428
-0.0064228
0.0081146
-0.0033944
-0.000425
0.0042856
-0.0004617
-0.00495
0.0048826
-0.0091735
-0.0009436
-0.0034086
-0.0025092
0.0010478
-0.0062701
-0.003443
0.0055287
0.0096395
0.0053493
0.0045587
-0.0002865
0.0079073
0.0064115
0.00888
-5.98e-5
-0.0033491
0.0049672
-0.0024486
0.0021666
0.0031188
0.0068749
-0.0037656
-0.007235
-0.0095244
-0.0002081
-0.0061009
0.0022002
-0.0086697
0.0031162
0.0005866
0.0098564
-0.0005278
0.0009002
0.0090433
0.0038824
0.0046556
0.0036103
0.0081678
0.0031253
0.0028771
0.0089703
-0.0060174
0.0092074
-0.000802
0.0011814
-0.0047044
0.008124
-0.0056937
-0.0019812
0.0081498
-0.0054389
-0.0046914
-0.0091182
-0.0094339
0.0054982
-0.0018976
-0.0072991
-0.0035598
-0.0036159
7.9e-5
0.0018218
-0.0024068
0.000196
0.0022211
-0.0056798
-0.0091781
0.0062447
-0.0010944
-0.0008627
-0.004681
0.0073515
0.0048493
-0.0048592
0.0033425
0.0021243
-0.0035719
-0.0012689
-0.0093562
-0.0091608
0.0080203
-0.003558
0.0056843
0.0023567
0.0011201
-0.0077257
-0.0045219
-0.0072824
-0.0078281
0.0094555
-0.0061618
0.0091049
0.0075958
0.0019156
0.0026327
0.0093568
0.0053653
-0.0040239
0.0012043
0.009627
-0.0006766
0.0088282
-0.0051489
-0.0082442
-0.0049633
0.0078774
-0.0099343
0.0097746
-0.0028965
0.0088666
-0.0009067
-0.0042764
-0.0035663
0.0099247
-0.0031479
-0.0095823
0.0086547
-0.0063258
8.09e-5
0.002157
0.0043896
-0.0059578
-0.0038219
-0.0050528
-0.0074762
0.007383
0.0087205
-0.0006878
0.0028811
0.0092491
0.0031813
-0.0066636
0.0033654
-0.0008881
-0.0032593
-0.0037373
0.0028746
0.0053345
0.0088558
0.0002099
-0.0055231
0.0045453
-0.0026088
-0.0060174
0.0056761
-0.009235
-0.0051767
-0.0035796
0.0065176
0.0017212
0.0013243
-0.0019011
-0.0026132
0.0028238
0.0094307
0.0089938
-0.0035645
0.0079899
-0.0073523
0.0087791
0.0074284
-0.0006464
0.0038938
0.0079839
-0.0077743
0.0013672
0.0024952
0.0017582
0.0071422
0.0065764
-0.0050397
-0.008852
-0.0021761
0.0016869
0.0034806
0.0084523
-0.0018357
0.0007678
0.0045709
-0.0083938
-0.0035266
0.0025938
0.0003503
0.0078147
-0.0021653
-0.0017854
0.00469
-0.005863
0.0095323
-0.0065378
0.0006506
-0.0068481
0.0062977
0.0085798
0.0087469
0.0042391
0.0089963
-9.79e-5
0.0071396
0.0056696
0.0050066
-0.0049442
0.0070802
-0.0047736
0.0036411
-0.0053088
-0.0005799
0.0049126
-0.0081283
0.0085995
-0.0032194
-0.004045
-0.0005334
0.0046723
0.0049714
-0.0068913
0.0091671
0.0028901
0.0057068
0.0069511
-0.0018689
-0.0073069
-0.0090688
0.0011524
0.0061067
-0.0038568
-0.0061272
0.0015993
-0.0063644
-0.0011721
0.0012829
0.0002368
-0.001149
0.0096005
0.0045412
-0.0079876
-0.0006187
0.0005045
-0.0022178
-0.0064131
-0.0041133
0.0048382
-0.0094619
-0.0015954
-0.0085103
-0.0007426
0.0071501
0.0033711
-0.0099917
0.0066352
0.0009134
-0.0066948
0.0021363
-0.0058984
0.0097453
-0.0093881
0.0016831
0.0049805
0.0043808
-0.0005472
-0.0086876
-0.0047528
0.0098043
0.0052341
-0.0021135
0.0020407
0.0009119
-0.0044779
0.0078523
0.0013771
0.0042017
0.0070152
0.0074308
0.0097046
0.0009243
0.0076532
-0.0081434
-0.0075192
-0.0006994
0.0071976
0.0065694
-0.0099405
0.0020813
-0.0023054
0.0054944
0.002306
0.0025619
0.0046237
-0.0070919
-0.0058555
0.0057358
0.0040632
-0.00432
-0.0052607
-0.0081765
0.0035764
0.0048952
-0.0034815
0.0009078
-0.0078114
0.0092999
0.0021532
-0.0088324
-0.0001682
-0.0092531
0.0099413
-0.0091429
0.0053684
-0.0010743
-0.0095284
-0.0099279
-0.0097649
0.0031094
-0.0041267
0.0098318
-0.0065373
0.0066868
-0.0064242
-0.0023303
0.0084199
0.0047913
0.0053736
0.0087626
-0.0094632
0.0062969
0.0001013
-0.0086003
0.0082099
-0.0099238
-0.0030767
-0.0072998
0.0081927
0.0008942
0.0053735
0.0065146
0.0074875
-0.0093589
-0.0037503
-0.0080079
0.0003096
-0.0009924
-0.0004088
0.0020561
0.0015438
-0.0099671
0.0001016
-0.009226
-0.0012602
-0.0064855
0.0098973
0.0031855
