0.0078484
-0.0073381
0.0045675
-0.0001786
0.0017899
0.0039843
0.0012061
9.75e-5
6.99e-5
0.0016861
-0.0016559
0.0048226
0.0073239
0.0064523
0.0046376
-0.0089753
0.0022032
-0.0096122
-0.0026013
0.0030814
-0.0061185
0.0095434
0.0020747
0.003966
0.0022571
-0.0017275
-0.0093987
0.0031973
-0.0037876
-0.0052879
0.0074283
0.007509
0.0099209
0.0076793
0.0020867
0.0005138
-0.0026148
0.0077781
-0.0014866
-0.0098554
0.0069798
0.0057149
0.0074409
0.0039307
0.0054958
0.008038
-0.005533
-0.0067119
-0.0081766
0.0049225
0.0042677
-0.0040929
-0.0025842
0.0006593
-0.0061478
0.0055393
-0.0070561
-0.0063645
-2.62e-5
-0.001788
0.0035092
0.0025505
-0.0094109
0.0088453
-0.0041521
0.0047656
0.0025272
0.0081004
0.0013686
-0.0010165
-0.0008822
-0.000123
0.0034762
0.0085164
-0.0095299
-0.0004552
0.0014264
-0.0024202
-0.0072716
-0.0094681
-0.0052351
-0.0052038
-0.0058892
0.0047922
-0.0013599
0.0083769
-0.0006117
0.0044009
-0.0030368
-0.0096651
0.0045101
0.0010609
0.0043571
0.0028898
-0.0054205
0.0002081
-0.0017656
0.0071579
0.0096754
0.0021968
0.007611
0.0075469
0.0009632
-0.0076394
0.0025006
0.0004333
0.0082698
0.0018341
0.0036211
-0.0046024
0.0090039
-0.0015169
0.0092725
0.0033569
-0.0018299
0.0062155
0.0022761
-0.0074322
0.0091077
0.0091494
0.0038996
0.0094036
-0.0064872
0.0092458
-0.0020966
0.0052974
-0.0076491
0.0037747
0.005552
-0.0050132
0.0024553
-0.0054853
0.0029108
-0.0070514
0.0096697
-0.0072807
0.0034562
0.0003496
-0.0072286
0.0017738
-0.0031316
-0.0078364
0.0023771
0.0001411
-0.0096152
0.0016055
-0.0076894
-0.0023641
0.0064485
-0.0008741
0.0054376
-0.0066149
0.0084781
0.0085805
0.0002891
-0.0053722
0.0080653
-0.0019845
0.0032143
-0.0090071
0.0041406
0.0088399
-0.0012171
-0.0061429
-0.002852
-0.0091527
0.0045344
0.0024992
0.0013939
0.0028206
-0.0002317
-0.0030339
0.0092473
0.0050217
0.0059019
0.0017013
-0.0059986
-0.0052948
0.0072894
-0.008871
-0.0003116
-0.0046869
0.0095025
-0.0012491
0.0012903
0.0034081
-0.0015499
-0.0046759
0.0016315
0.0066387
0.001028
0.0012589
-0.0050237
0.0025509
0.0030515
0.0048239
0.0012297
-0.0068868
-0.0047681
0.0029814
-0.0062086
-0.0039654
0.0063725
-0.0066883
0.006653
0.0053261
-6.3e-6
-0.0040425
-0.0077755
0.0051668
0.0099655
0.0023401
-0.0030486
-0.009411
-0.0019645
0.0081729
0.003096
-0.0097501
-0.0015159
-0.0063548
0.0092627
0.0020886
0.0084113
0.0061428
-0.0083126
-0.0082241
0.0031758
0.0091815
0.0034328
0.0039011
-0.0058765
-0.0043523
0.0008325
-0.0050336
0.0016331
0.0062833
0.0073842
0.0028373
-0.0014808
0.0077822
-0.0033233
0.0089028
0.0063351
0.0067515
-0.005411
0.0091397
0.0027559
0.0032429
0.0076878
0.0068286
-0.00089
-0.0076595
0.0034497
0.0071791
0.0051973
-0.0058378
0.0012585
0.0040834
0.0028871
0.0077813
0.0038945
0.0024836
0.0030225
-0.0066714
0.0057465
0.007073
-0.0028277
-0.0096828
-0.0087698
0.0057378
0.0098172
-0.0020533
0.004912
-0.004591
0.0014139
-0.0084889
-0.0007364
0.0069299
0.0078646
-0.0066962
-0.0005495
-0.0055232
0.0012647
-0.0074615
0.0026353
-0.0012729
0.0078844
-0.0066042
0.004449
-0.0005794
-0.0045635
0.0055519
0.0085987
0.001475
-0.0044621
-0.0080551
-0.0021128
0.0058412
0.000243
0.0082251
0.0057872
-0.0029723
0.0053171
-0.0034399
0.0070237
0.0083953
-0.0051618
-0.0053849
-0.0077788
0.0005756
-0.0074444
-0.0061701
-0.0027792
0.0011827
-0.002498
0.006118
-0.0031759
0.0093
-0.0037491
0.0091107
0.0069319
0.0048065
-0.0050428
0.000715
-0.000641
0.0044332
0.0008455
0.0013714
0.003595
-0.0091802
-0.0097298
-0.0042597
0.009092
-0.0037371
-0.0070886
-0.008871
-0.0091899
-0.0080151
-0.0086067
0.0081344
-0.0007138
-0.002119
0.0051263
0.001238
-0.0029022
-0.0017532
-0.0092106
-0.0099892
-0.0039903
0.0041722
-0.0024505
0.0037018
0.0004584
-0.007641
0.0045115
-0.0050746
-0.0040604
-0.0054888
0.0078208
-0.0059885
-0.0087154
0.0084321
-0.0016201
0.0019866
-0.0032128
-0.0066722
0.0022252
-0.0006811
0.0036149
-0.0003813
0.0042897
-0.0050384
-0.0095426
-0.0034523
-0.0078035
0.006003
0.0025916
0.0044223
0.0020224
-0.0017963
-0.0031331
0.0055559
0.0046772
-0.0052376
0.0063365
0.0023722
0.003176
-0.0075224
-0.0083524
0.0045392
-0.0025682
-0.0094106
0.0022913
0.0045095
-0.0009236
-0.0022025
0.0079072
-0.0026178
0.0009146
-0.009713
-0.005535
0.002037
-0.0026752
0.0052789
0.0076827
-0.0006094
0.0094124
0.0020017
0.008568
0.0027664
0.0073161
-0.0059196
-0.0026656
-0.0004958
0.0045368
0.0066103
0.0091637
0.0018026
-0.0024517
0.0034226
-0.0061532
-0.0004804
-0.0073095
-0.0052643
0.0037613
0.0050975
-0.0052086
0.008518
0.0043852
0.002872
-0.0032677
-0.0019619
-0.0032343
-0.0096138
-0.0041875
-0.0050693
0.0065951
-0.0057572
0.0093534
-0.0013424
-0.0019192
0.005333
0.0077589
0.0038044
0.0061336
-0.0023727
-1.1e-5
-0.0054147
0.0056225
-0.0079346
0.0036948
-0.0079172
-0.0066853
-0.0015682
0.0030602
0.0003285
0.0083145
-0.0001788
-0.0071898
0.0084561
0.0087388
0.0083234
0.0076285
0.003019
7.79e-5
-0.0019595
-0.0082401
-0.006219
0.0039011
0.0012672
0.0093552
0.0065137
0.0039698
0.0050395
-0.002955
0.0046261
-0.003007
0.0063519
0.0064076
0.0034644
-0.0097873
0.0032452
-0.0032527
0.0092997
0.0072518
-0.0009222
0.0026093
0.0033461
0.0067466
0.008178
-0.0003385
0.0051439
-0.0010525
0.0049286
0.0059997
