0.0086613
0.0037374
-0.0043493
0.0096074
-0.0048479
-0.0033024
-0.0095063
-0.0042366
-0.002685
0.0064554
-0.0015049
0.0076615
0.0008712
0.0031442
0.0078316
-0.009827
0.0094613
0.00737
-6.02e-5
0.005772
-0.0048164
-0.000291
0.0008161
-0.0018616
-0.0005088
-0.0033451
-0.0044328
0.0016325
-0.001642
0.0017609
0.0028667
0.0021508
0.0001295
0.0019165
-0.0030987
0.006469
0.0084643
-0.0077186
0.005304
-0.0047218
0.006823
0.0033948
-0.0032526
0.0087749
0.0091344
0.0090354
-0.0086197
0.0099151
0.0084079
0.0032995
0.0008262
-0.0062429
-0.0047787
-0.0003178
-0.0003408
-8.7e-5
-0.0021762
0.0091502
-0.0012159
0.0006205
0.0060263
0.001755
0.0094774
0.0084793
0.0092865
-0.0046171
-0.0078005
-0.0065246
0.0037755
0.0087224
0.0069581
0.0060768
0.0010439
0.0004053
-0.0051942
-0.001436
-0.0049693
0.001336
-0.0048331
0.0002976
-0.0021303
-0.0021702
-0.0091335
-0.0071183
-0.0060596
-0.0031603
0.0089667
-0.0047211
0.0025032
-0.0092402
-0.0050654
0.0058673
0.0006818
0.0095184
0.0023089
-0.0031283
-0.0028431
-0.0029103
-0.0025233
0.00926
0.0089661
0.009415
-0.0059016
0.0056195
0.0065799
-0.0082149
0.0097776
0.0085906
0.0030142
0.0086612
-0.0091745
0.0036654
-0.0082454
-0.0073684
-0.0050644
-0.0084592
0.0097489
-0.0076532
0.0033127
0.0027604
0.002801
0.0046351
0.0001872
0.0027512
-0.0029632
0.0006267
-0.0020428
0.0050456
0.0087754
-0.0053951
0.0024717
0.000686
-0.0045414
-0.0002599
0.0096765
0.0065433
0.0031877
-3.1e-6
-0.0052932
0.0012985
-0.0063733
0.0096065
-0.0022195
0.0028454
-0.0064596
0.0069572
-0.0092277
-0.0045706
-0.0032356
-0.0023169
-0.0021402
0.0086353
0.0022876
0.0038378
0.0072707
0.0005787
-6.38e-5
-0.0065828
0.0099438
0.009558
-0.0089486
-0.0025115
-0.0096589
0.0028397
-0.0080003
0.0075536
-0.0035333
-0.0039685
-0.0084407
-0.0016215
0.0016258
-0.0008707
-0.0051178
-0.0022893
0.0039119
0.0070852
0.009938
0.0034318
0.0094854
-0.0069134
-0.0038228
0.0091492
0.0024193
-0.0041907
-0.0007634
-0.0018688
0.0023381
-0.0074011
0.0044056
-0.0044292
-0.0068815
0.0070047
0.0023006
0.0012427
-0.0096901
0.0046011
0.0061804
0.0029474
-0.0051583
-0.0053388
0.0040774
-0.0051401
-0.0085419
-0.0023118
-0.0057166
0.0031164
-0.0056266
-0.0059055
0.0096096
0.002399
0.0093459
0.0020026
-0.008786
-0.0027752
0.0074563
0.0087888
0.0081572
-0.0068897
-0.0063696
-0.0039928
-0.0028767
-0.0007132
0.0087251
-0.0054262
0.0026679
-0.0047592
0.0008224
0.0073166
-0.0016794
0.0075443
0.009137
0.0067449
0.0009698
0.0092702
0.0046368
0.0074385
-0.0067603
-0.0033423
-0.0003456
0.0059485
-9.11e-5
0.0084685
0.0082385
-0.0065652
0.0062638
0.0091833
-0.0046198
0.003356
-0.0063455
-0.0090896
-0.0086042
0.0087209
0.0049016
0.0074887
0.009276
-0.0076662
0.0041375
0.0099771
0.0025324
0.0063085
-0.0080125
-0.0035592
0.0014648
0.0095936
-0.0054133
0.0028626
-0.0010852
-0.0006616
-0.0014089
-0.0014518
0.0026389
0.0010712
-0.0004917
-0.0071374
-0.0093208
0.0099424
7.72e-5
-0.0029718
4.79e-5
-0.0065312
-0.0024157
-0.0039792
-0.0001052
0.009153
0.0092362
-0.0010043
0.0005414
0.0054891
0.0081759
0.003637
0.0070461
-0.0028689
0.0062744
-0.0056021
-0.0030268
0.0091415
0.0097929
-0.0090643
0.0008159
0.0047364
-0.0047775
-0.0077533
-0.0061982
0.0096291
-0.0046899
-0.0077032
-0.006375
0.0009834
-0.0046094
-0.0048686
-0.0075221
0.0070707
0.0042817
0.0012142
0.0050542
0.0054372
-0.0004998
-0.0083306
0.0049008
0.0063934
-0.0019118
-0.006512
-0.0077435
-0.0014305
-0.0082831
0.0087667
0.0016037
0.0042898
0.0026619
0.0021818
0.0083986
0.0075146
0.0090708
-0.0093552
0.0014493
-0.0059466
-0.0038426
-0.0023995
-0.009456
0.0045537
-0.0086792
0.0093941
-0.0092128
0.0099464
-0.0082677
-0.0050462
0.0009691
0.0086213
-0.0055762
-0.0025851
-0.0039633
0.0090185
0.0079834
-0.0053134
0.0093296
0.0054695
0.0041305
0.0080953
0.0098117
0.002965
0.0014581
0.0019427
0.0070275
0.000502
-0.0054508
0.0082155
-0.0037888
-0.0059717
0.0042467
-0.0096786
-0.0097963
0.0025333
0.0041661
-0.0035999
0.0006869
-0.0048452
0.0060545
0.0075466
-0.005877
-0.0057907
0.0092905
-0.0063312
-0.0038925
-0.0081612
-0.0071324
0.0076361
-0.0073417
0.0043515
-0.0073957
-0.0050846
-0.0078974
0.000193
-0.0049329
-0.0086712
-0.003583
-0.0042628
-0.0009128
0.0037043
0.0010007
-0.0025437
0.000206
-0.0090202
0.0068298
-0.0040929
-0.0085881
0.0015538
0.0012916
-0.0082648
-0.0048257
-9.1e-6
-0.0025927
0.0016193
-0.0076116
-0.004293
-0.0086371
0.0025393
0.0072519
-0.0043219
0.0026454
-0.0023229
-0.0059366
0.0093829
0.0020924
-0.0029888
-0.0022522
0.0022089
0.0069659
-0.0040325
-0.0099841
-0.0030299
-0.0024606
-0.0010542
-0.0077976
0.0041681
-0.0001012
-0.0047494
-0.0056056
-0.0007698
-0.0073961
-0.0045102
0.0064622
0.0043508
-0.0078293
0.009299
0.00586
-0.0092577
0.003641
-0.0080796
-0.007833
-0.0026652
0.0003116
-0.0086128
0.0024567
-0.004537
0.0096194
-0.0074508
-0.00966
-0.0098064
-0.0030335
-0.0023892
-0.0022268
-1.65e-5
0.003227
0.0081247
-0.0025404
-0.0099548
0.001239
-0.0097014
0.0083881
0.0037996
-0.008087
0.0040363
-0.0048641
-0.0029311
-0.0062185
0.0064073
-0.0002008
0.0038145
0.0042134
0.0012302
0.0067685
-0.0007139
0.0028187
0.0049883
-0.0043988
0.0044245
0.0090494
-0.0022169
0.0017182
-0.0083977
0.0020198
-0.0038906
0.0092982
0.0085212
-0.0086537
