0.0078547
0.0009991
-0.0018829
0.0077635
-0.0042196
-0.0025318
0.0071
-0.0011926
0.0005864
0.0046901
0.0089091
-0.001273
0.0060985
-0.0018387
-0.0014199
0.0043382
-0.0069178
-0.007057
-0.0080593
-0.0076082
-0.0035331
0.0081584
-0.0047149
-0.0067304
-0.0083619
0.0098598
0.0040991
0.0079304
0.0069781
-0.0044517
0.0097663
0.0003749
0.0045973
0.0003566
0.0077714
-0.0063532
0.0091816
0.0023141
0.0049594
-0.0089018
0.0091004
0.0040321
-0.0097616
-0.0062696
-0.0083294
-0.0034252
0.0013125
-0.0036433
-0.0096508
-0.0049289
0.0092279
-0.0042151
-0.0013049
-0.0033692
-0.0070935
-0.0079025
0.00036
-0.0009727
-0.0039872
-0.0059925
0.0015624
-0.009877
0.0080106
0.0043587
-0.0017608
0.0027068
-0.0048384
0.0036356
0.0066568
-0.001418
-0.0075662
-0.0093108
-0.0067086
0.0017721
0.0056701
-0.0025863
0.0018879
0.0044814
-0.004828
-0.0059866
0.0097549
0.0024793
0.0031073
0.00047
0.0024949
-0.0002454
-0.0048339
0.0041695
0.005118
-0.0067747
-0.0045163
-0.0028006
-0.0027683
0.0011554
-0.0032748
0.0095385
-0.0022959
0.0096418
0.0070317
-0.005994
0.0016207
0.0072754
0.0046775
-0.0042354
-0.0040855
0.004225
-0.0039926
-0.0081248
0.003298
0.0038929
-0.0089584
0.0061712
0.0073093
0.0047133
0.0061432
-0.0072649
0.0094169
0.0057638
0.0015418
-0.0067985
0.0073628
-0.0027194
0.0047082
-0.0093168
-0.0008484
-0.0049174
-0.009016
0.0091079
-0.006892
-0.0077896
0.0056025
0.0020125
0.0061474
0.0079501
0.0012958
0.0072123
-0.0010958
0.0063848
0.0076801
0.0033994
0.0075516
-0.0063585
0.0023748
0.0092007
0.0028091
-0.0099611
0.0060312
-0.001452
-0.0034219
0.0093144
-0.0019327
-0.0014223
-0.0024248
0.0086299
-0.0044191
0.0063369
0.0083023
0.004423
0.0005078
-0.003426
0.0015013
-0.0022991
-0.004621
-0.0016397
-0.0097442
0.0036642
-0.0024494
-0.0012661
-0.0026467
0.0006187
-0.0097202
0.0011189
0.0082684
-0.0073158
-0.0092914
-0.008829
0.0009113
-0.0076893
0.007522
-0.0073973
-0.0043872
0.0095341
-0.0038218
0.0073322
-0.0084677
0.0014573
0.0032703
-0.000137
0.0053674
-0.0017707
-0.0035237
0.0092727
0.001064
-0.0025794
0.0079624
0.0057168
0.0012479
-0.0062233
-0.0053714
-0.0074738
0.0036992
0.0004397
-0.0082539
-0.000965
-0.0094755
-0.0036485
0.0032775
-0.0099488
-0.0070267
-0.0081189
-0.0074928
0.0053688
0.0035469
-0.0094793
-0.0057033
-0.0035484
-0.0060495
0.000103
0.0059939
-0.0079851
1.96e-5
0.0043335
0.0013866
0.006221
0.0011865
8.81e-5
-0.0026822
-0.0052361
-0.0069449
0.0085288
0.0069157
0.0087291
0.0029356
-0.0019044
0.0036401
-0.0043405
0.0050456
-0.0048489
0.0048259
0.0081319
-0.0058715
-0.0047583
0.0030131
-0.0089576
-0.0045426
0.0054863
0.0082603
0.0073421
0.0013599
-0.0024532
0.0043343
0.001104
0.0057178
0.0072779
-0.0071781
0.0012497
-0.0088428
-0.0060175
0.0051795
-0.0098287
-0.0089579
0.0003171
0.0045123
-0.0085153
0.0065176
0.0070437
-0.0059991
-0.0059885
0.005563
0.0050975
0.0043956
0.0010339
0.00199
0.0050687
0.002024
-7.28e-5
-3.8e-5
-0.0091172
0.0076476
-0.009577
0.0034304
0.0008727
0.0036916
-0.0071688
-0.0034297
-0.0098232
0.0032438
-0.0066432
-0.0070798
-0.0051361
0.0006074
-0.0078138
-0.0084033
0.0058567
-0.0043026
-0.0070048
-0.0058513
0.0023964
0.0063837
-0.0018467
-0.0067519
-0.0045475
-0.0029809
-0.0056028
0.0009893
-0.008596
0.0067987
0.0009057
-0.0001347
0.0051183
0.0041106
0.0099633
0.0019574
0.0027814
-0.0021484
0.0088173
0.0036692
-0.0091879
0.0092962
-0.0053948
0.0051486
0.0080635
-0.0064161
-0.0044954
-0.0044337
0.0042321
-0.0076529
0.0081901
0.0074504
-0.0061048
-0.002746
-0.0011555
0.0080017
-0.0060845
-0.0055218
-0.0094908
0.0012438
0.0031758
-0.0018997
-0.0051551
0.0039302
-0.0077521
0.0003071
-0.0081091
0.001745
0.0083601
-0.0022687
-0.0007449
0.0044177
0.0083267
-0.0085813
-0.0072345
-0.0015002
-0.0023097
0.0037759
0.0030106
0.0044094
0.0043363
0.0093785
-0.0065198
-0.0082292
0.00215
-0.0063221
-0.0073201
-0.0073922
0.0072604
-0.0058923
-0.0044721
0.0008933
0.0072049
-0.0038423
-0.0068398
-0.0065654
-0.0052925
0.0017996
-0.0047924
-0.0079954
0.0083229
-0.0075534
-0.0008065
-0.0070249
-0.0043233
0.006907
-0.0044227
-0.002776
-0.0017919
-0.0014436
-0.0081609
-0.0095742
0.0074198
-0.0072031
-0.0035823
0.0087434
-0.0086505
0.0082383
0.0083707
0.0006352
-0.0088895
-0.0008881
0.0051701
-0.0038281
-0.0041114
0.0027805
-0.0069627
-0.0077773
-0.0075287
0.00253
0.0016228
-0.0001107
-0.0072355
-0.0068151
-0.0006505
-0.0093771
0.0014766
-0.0012813
-0.0065253
-0.0003043
-0.004485
0.0083537
-0.0019898
-0.0037241
-0.0019671
-0.0049578
-0.0056736
0.0025045
0.0056999
-0.0027632
-0.0067331
-0.0002023
-0.0076217
-0.0021542
-0.0010368
0.0063594
0.0026291
-0.0016434
-0.0040053
-0.0010581
-0.0001619
0.002202
0.0092446
-0.0060684
0.0020507
0.0068072
-0.0028177
-0.0085084
-0.0051772
-0.0031294
-0.002755
-0.00115
-0.0073765
-0.0024995
0.0026149
-0.0059208
0.0068112
0.0057589
0.0036668
0.0054667
0.0034889
-0.0040664
-0.0030787
-0.0015249
0.0017054
-0.0049736
-0.0004429
-0.0093851
-0.0068037
0.0046984
-0.0076188
0.0094388
-0.0020392
-0.0002598
-8.56e-5
0.0075844
-0.0023867
-0.0006148
-0.0037102
0.007076
-0.0059135
0.0010875
-0.0074035
-0.0063983
-0.0059678
0.0005872
0.0016613
-0.0062883
0.0027608
0.002616
0.0086108
-0.0051658
-0.0081336
-0.0006376
-0.0031774
0.0034154
-0.0024161
0.0045892
