0.0088759
-0.0064479
0.008977
0.0012322
0.001963
0.0053655
0.0094089
-0.0021624
-0.0019335
0.0066724
0.0004717
-0.0033256
0.0083645
-0.0060213
-0.0010588
-0.0061702
0.0052895
-0.0037023
0.0029301
0.0030758
-0.0034809
-0.009845
0.0077006
0.0090618
0.0077878
0.0082485
-0.0036012
0.0083827
0.0021675
0.0068588
-0.0060766
0.0070152
-0.0039188
0.0072255
-0.000773
-0.0091099
0.002334
0.0009245
0.0093796
-0.0069667
0.0079768
0.0022885
0.0065315
0.003489
0.0041555
-0.0083655
0.0026897
-0.002149
-0.0057963
-0.0065908
0.0003219
0.0058138
-0.0011489
0.0021513
-0.006808
0.0051193
-0.0095856
-0.0099993
-0.0043648
0.0046843
-0.0081924
-0.0049027
0.0076112
-0.0077404
0.0027063
-0.0041992
0.0074926
0.0004228
0.009323
0.0071136
-0.0077909
0.002009
-0.0069113
-0.0045981
-0.0010284
-0.005036
0.007713
0.0031384
-0.0097905
0.0026551
-0.0037053
0.0023648
-0.0067903
-0.0054
-0.0019937
0.0006413
-0.0049472
0.0042872
-0.0001067
0.0028345
0.009785
-0.006353
-0.0077143
-0.0004969
0.0037838
0.0054225
-0.0097043
-0.0018221
0.0021804
0.0067031
-0.0063323
-0.0076861
-0.0046587
0.0079399
-0.0025246
-0.0099105
-0.0047657
-0.0021809
0.0025136
0.009396
0.0057838
0.0059031
-0.0043323
-0.0002524
-0.008905
-0.0078631
-0.0045866
0.0057157
-0.0049593
0.0066267
-0.0086466
-0.0062601
-0.0032145
0.0011805
0.0067652
0.000188
0.0096157
0.0004267
-0.0093639
-0.0063355
-0.0074126
-0.0034216
0.0066932
-0.0062871
0.0077954
0.0048825
0.0054935
0.0096401
2.49e-5
0.0019121
0.0074409
0.0076432
0.0084336
-0.0061409
0.0020912
-0.0044683
-0.0005227
-0.0086469
-0.001851
-0.0068538
-0.0020074
-0.0048263
-0.0050542
0.0059024
0.0049681
0.0064118
9.18e-5
0.0011801
0.0024351
0.0078648
0.0078788
-0.0075183
-0.0004572
-0.0034483
0.0093118
0.0066859
0.0059833
-0.0053578
0.0002136
0.009955
0.0092325
0.0077471
0.0021582
-0.006297
0.0058018
-0.0063571
0.0013148
0.0077787
0.0083555
0.0051167
1.1e-5
-0.0025938
-0.0055087
0.003506
-0.0028938
-0.0029264
0.006175
0.0094555
0.0036881
0.0027431
0.0016915
-0.0003883
0.0018184
0.0072407
0.0049669
-0.0083231
0.0058105
0.0056083
0.0052778
0.0046625
-0.0061099
-0.0005262
0.0038362
0.009202
-0.0017023
0.0041766
-0.0014436
0.001884
0.0091496
0.0003572
-0.0002638
-0.0034764
-0.0072833
-0.0024253
-0.0097915
0.0066463
-0.0062537
0.0099281
0.006089
-0.0074435
0.0067636
-0.0086807
0.003021
-0.0019928
-0.0011867
0.0068343
-0.003899
0.0014906
0.004551
-0.0020999
-0.0004675
-0.0037999
0.0079735
0.0003166
-0.0096591
0.0078585
-0.0062838
-0.0093611
-0.0028665
-0.0064934
-0.0040917
0.0017831
0.003366
0.0033084
0.0039652
0.0007645
-0.0018682
-0.005665
-0.0008966
-0.0098903
0.0021277
0.0051049
0.009793
0.0020875
0.0021727
-0.0084978
0.0086421
0.0068929
0.0024744
-0.0085599
0.003217
-0.0075286
-0.0015741
-0.0088783
-0.0036076
0.0082149
-0.0043287
0.0094618
0.0022599
0.0010543
0.0077348
-0.0072698
-0.0076272
-0.0027841
-0.0089535
0.004986
-0.009922
-0.0045811
0.0053499
0.0091292
0.0042238
-0.0029182
-0.0029517
-0.0002386
-0.0098944
-0.0021312
-0.0043315
-0.002299
0.0010659
0.0011576
-0.0099018
-0.0015167
-0.0099489
0.0095653
0.0018893
-0.0043198
-0.0078829
0.0008347
-0.0009359
0.0008004
-0.005075
0.0026344
-0.0086045
0.0077485
-0.0071603
-0.000741
0.0029871
0.002067
-0.002325
-0.0091674
-0.0025586
0.004249
0.0087147
0.003324
0.0077122
0.0066901
-0.0045139
0.0063596
-0.0051963
-0.0038424
0.0054622
-0.0012294
-0.0075402
-0.0047333
0.0028332
0.0007847
0.002381
-0.0073685
-0.0077342
-0.0048213
0.0048303
-0.0009093
-0.002066
-0.0040804
-0.0018356
0.0027671
0.0037834
-0.0041322
0.0058877
-0.0085512
0.0057905
0.0059257
-0.0055647
0.0006342
0.0017219
0.0010572
0.0034679
-0.0014307
-0.0020229
0.009532
0.0012397
0.0051008
0.0088665
-0.0088698
0.0096675
0.0053322
-0.0013533
0.0048943
0.0043765
-0.0058514
-0.0059709
-0.0099954
0.0002364
0.0058938
-0.0067714
-0.0041808
-0.004722
-0.0071799
-0.0033756
-0.0084415
-0.0011337
0.0013743
0.0060721
-0.0029548
0.0048458
0.0073643
0.0077154
-0.002278
-0.0059288
0.0022581
0.0044552
0.0031774
-0.0089503
0.008402
0.0066558
0.0005904
-0.0084666
0.0046356
0.0004986
-0.0065465
-0.0036158
-0.0002975
0.0094849
-0.0076282
-0.0089849
-0.00231
0.0028994
-0.0095936
0.0012568
-0.0022537
0.0028962
0.0023993
-0.0027854
0.0016665
-0.0060619
-0.0027016
-0.0051501
-0.0065812
0.0048385
-0.0086774
0.0044615
-0.009354
-5.08e-5
0.0054304
0.0035512
0.0053793
-0.0002822
0.0019903
-0.0020812
-0.0058941
-0.0099298
-0.0075019
-0.0046433
-0.0025178
0.0091019
-0.0031083
-0.0055412
-0.0095571
0.0027438
-0.0049036
0.0047405
0.0030805
0.0026919
0.0079824
-0.0033881
-0.0014397
0.0013254
0.0003052
-0.0093082
-0.0060197
-0.0049801
0.0052095
0.0059975
0.0072009
-0.0063438
0.0070516
0.0082863
-0.006766
-0.0082394
-0.0031354
-0.0030237
0.0008518
0.0099752
0.001757
0.0025011
-0.0001643
-0.0036795
0.0079972
0.0010297
0.0019437
-0.0079694
-0.0018421
-0.0083443
0.0060631
0.0003253
-0.003931
0.0048162
0.009834
-0.0061343
0.0041786
-0.0020766
-0.0086584
0.0024303
-0.0071854
-0.0009395
-0.001873
-7.43e-5
-0.0092262
0.0079775
0.0035209
-0.0088432
-0.0037381
0.0075178
0.006466
0.0015778
0.002882
-0.0033165
0.0010744
-0.0066518
-0.0038626
0.0093917
0.0073714
0.00317
-0.0097985
-0.0038484
