0.0074452
0.0039013
0.0098654
-0.006081
0.0022924
-0.0069099
0.0005774
-0.0048697
0.0046243
-0.0098742
0.0099809
0.0005663
-0.0095025
-0.0055667
-0.0096744
0.0083996
-0.0008884
-0.0052753
0.0035258
-0.0002497
-0.0080971
0.0033176
-0.0012395
0.0040989
-0.0050438
0.0066619
0.0056768
0.0052886
-0.0044909
-0.0078139
-0.0047541
0.0076066
0.0050158
-0.0066518
0.0010116
0.0083667
-0.0074175
-0.0044691
0.0018692
0.003678
0.0099564
-0.0052421
0.0046056
-0.0096755
0.0061188
0.0063995
-0.0016501
0.0093246
-0.0010899
0.0087797
-0.0057593
-0.0021943
0.0059658
0.0056471
-0.004469
0.0022198
0.0073114
0.0082415
-0.0095401
0.0063777
0.0020913
0.0009542
0.007322
-0.0006628
-0.0098381
0.0002301
0.0017057
-0.0060904
0.0026337
0.004534
-0.0061781
0.004095
-0.0006829
0.0033265
-0.0053153
-0.0063907
0.0019006
0.0027563
0.000458
0.0051032
-0.0053821
-0.0084096
0.0080474
-0.0076178
-0.0036419
-0.004084
0.0043684
-6.72e-5
-0.0009067
-0.006859
-0.0029023
-0.0052587
-0.0014602
0.002359
-0.0084899
-0.0050125
-0.0096325
0.0063909
0.0056678
0.0090248
-0.0010112
-0.0018426
0.0007343
0.0039719
-0.0035945
0.0095132
0.0075925
-0.006281
-0.0009026
-0.0088993
0.0054609
-0.005472
0.0035043
0.0007292
0.005244
-0.0011615
0.0050737
0.0086495
-0.0095944
-0.0012898
-0.0039327
-0.006899
5.38e-5
-0.0012808
-0.0026315
-0.0067813
0.0010957
0.0070474
0.0027251
-0.0004349
0.0049981
-0.0019262
0.0039983
-0.007857
0.0059283
0.004528
-0.0032704
-0.0051562
-0.0012814
0.0008294
0.0048733
-0.0092671
-0.008415
-0.005387
0.0036414
-0.0061994
-0.0079495
-0.0086995
0.0094285
-0.0037077
-0.0052689
0.0073852
0.0038848
0.0026967
0.0062017
-0.0067197
0.0027026
0.0015353
-0.0074932
-0.0020741
-0.0068646
-0.0024913
-0.0099907
0.0058029
-0.0007285
-0.0057143
-0.0059121
-0.0006722
-0.0051875
0.009142
0.0043855
-0.0048709
0.000327
-0.0036335
0.0086064
-0.0006197
-0.0061754
0.0037747
-0.0089318
0.0078763
5.76e-5
-0.0008949
0.001619
0.0056696
-0.0004314
-0.0044335
0.0066058
0.0074614
0.0066073
-0.0002006
0.0003052
0.0034982
0.0052176
-0.0024857
0.0076887
-0.0059155
-0.0078766
0.0002714
0.0079297
0.0026603
-0.0070628
0.001772
-0.0036417
-0.0030151
0.005029
-0.001725
0.0061562
-0.0047079
0.0026087
-0.0015947
-0.0080923
-0.0016968
0.0020896
-0.0049708
-0.003234
0.0036786
0.0016433
0.0006307
0.0007329
0.001882
-0.0039286
-0.0064168
0.0053076
-0.0061818
0.0098194
0.0017609
-0.0091122
-0.003049
-0.0045775
-0.0084048
-0.0046162
-0.0091871
0.0073862
0.008408
-0.0071587
0.0004363
-0.0029694
-0.0093439
-0.0008849
-0.0054248
0.0052507
0.0009297
-0.0054698
0.0010988
0.0019621
0.0098454
0.0099012
0.003023
0.0055519
0.008321
-0.0057737
0.0099525
-0.0027244
0.0080322
-0.0032946
-0.0003855
0.0002553
-0.0055626
0.0023637
0.0084509
0.0062687
0.0095822
0.0042738
-0.005891
-0.008027
0.0059849
0.0040838
0.0084134
-0.0031655
-0.0093738
0.0038541
-0.0025236
-0.005752
0.0045585
0.0008718
-0.0099445
0.0002714
0.009878
0.0099634
0.0099645
0.0021838
-0.0010156
-0.0075759
0.0082211
-0.0028381
-0.0036109
0.0059264
-0.0003779
0.0031713
-0.008065
-0.0065868
0.0098444
-0.0025512
0.009413
0.00356
0.0056892
0.0008801
0.0061896
0.0045097
-0.0024602
-0.0068758
0.0087031
0.0064503
0.0081994
-0.0025287
-0.0016474
0.0082145
-0.0085631
-0.0002006
0.0053205
0.0088714
-0.0053493
-0.0073153
0.0050549
0.006883
0.0059066
0.00625
0.0008563
0.000874
-0.0077726
0.0027226
0.0052441
-0.0045063
0.0018274
-0.0060747
-0.00528
-0.0038104
0.0061397
0.0027908
-0.0085817
0.0042094
0.0042825
-0.0033632
-0.0027813
0.0047428
0.0014643
-0.0033853
0.0013457
0.0066136
-0.0085146
-0.0046105
0.0056531
-0.0009152
-0.0035042
0.0014804
0.0027074
0.0009576
-0.0080132
0.0015992
0.0003999
-0.00098
0.0008726
-0.0048804
-0.0078505
-0.0092368
-0.0008912
0.0029017
-0.0035359
0.0038689
-0.0012955
0.0042894
-0.0020478
-0.0078573
-0.0006665
0.0074551
-0.0067154
0.0092362
-0.0012326
0.0094639
-0.0086223
0.0069125
0.0062514
-0.0009111
-0.0074071
-0.0041307
-0.0004629
0.0057063
0.0069117
0.0072207
0.0010192
-0.001538
0.0006499
0.0059502
0.003831
-0.0004509
-0.0066101
0.0067625
0.00051
-0.0033422
0.005338
-0.0072614
-0.0012241
0.0096358
-0.0063694
-0.0013808
4.66e-5
0.0051248
-0.0084419
0.0005031
0.0022012
0.0020751
0.0074319
0.0082461
0.0076362
0.0036492
-0.00466
0.0055664
-0.0031851
0.0058739
0.0068013
-0.0046064
0.0027737
-0.0082287
0.0082149
-0.0019696
0.003764
0.0076788
0.0075315
-0.0049686
0.0061148
-0.0044725
0.0016956
0.0002589
0.0041023
0.0065857
-0.0095709
-0.0086104
0.0071084
-0.0038627
0.0038493
0.0014954
-0.0046788
0.0039955
-0.0048581
-0.0067106
0.0088004
0.0049635
0.0072233
-0.0085693
0.0052312
-0.0092735
-0.008851
-0.0036525
0.0051038
0.0048567
-0.0029041
-0.0055825
-0.0065507
-0.0062788
-0.0076971
-0.0045259
-0.0092204
0.0063558
-0.0008511
0.0051087
0.0097256
0.009884
0.0079754
0.0079675
-0.0042733
-0.004574
0.0072059
0.0097288
0.0097824
-0.0060616
-0.001269
0.0094792
0.0089484
-0.0033653
0.0036559
-0.0098396
0.0005572
-0.0010986
-0.0052158
-0.0004277
-0.0082616
-0.0062114
0.003103
0.0088642
0.0076334
-6.64e-5
0.0083245
0.0018055
-0.000184
0.0087529
0.0009643
0.0062612
0.0090026
-0.0071773
-0.0051989
-0.0030008
-0.0010182
0.0096948
-0.0073905
0.0013514
