0.0013824
-0.0019197
0.0070804
-0.0039258
0.0007822
0.0058358
-0.0071733
-0.0084822
-0.0005739
0.0035415
0.0071347
-0.0031054
-0.0025352
0.0075901
-0.0045289
-0.0078647
0.009157
0.0091246
0.0030464
0.0035753
-0.0088703
0.0059821
-0.0098536
-0.0090996
0.0079628
0.0097783
-0.0037248
0.0016254
0.0025411
-0.0056839
0.0060744
0.0041604
0.0023699
-0.0074256
-0.0093861
-0.0059162
-0.0068409
-0.0075874
-0.0036512
-0.0075389
0.0010587
-0.0037717
0.0060234
-0.0089072
-0.0001147
-0.0024578
-0.0074424
-0.0030575
-0.0082896
0.0031678
-0.0017191
0.0080442
0.0069966
-0.0036699
-0.007555
0.0098715
-0.0039156
0.0081028
0.0007612
-0.0051004
-0.0097181
0.0076914
-0.0093554
0.008412
0.0086945
-0.003396
-0.0012157
-0.0013486
0.0046234
-0.0011585
0.0078508
0.0047156
0.0010538
-0.0051616
0.0018239
-0.007328
-0.0039483
0.0023682
-0.0091992
0.003377
0.0090656
-0.0046112
-0.0003843
-0.0032956
-0.0027084
-0.0069986
-0.0041074
-0.0024502
0.0091913
0.0002398
0.0082493
0.0019617
-0.0021284
-0.0096853
0.0049906
0.0015648
-0.0018847
-0.0043102
-0.0054676
-0.0092219
0.0083844
-0.0022967
-0.0031989
0.0094551
-0.0082204
0.0043452
-0.0030305
0.0004456
0.004521
0.003205
0.0092166
-0.0036008
0.0094267
-0.0087957
-0.0047414
-0.0070563
-0.0090187
0.0035189
0.0041213
0.0024967
-0.0079293
6.53e-5
1.17e-5
-0.0047401
0.0099054
-0.0081954
-0.008956
0.0073478
0.0056581
0.0041012
-0.0050289
0.0019758
0.0014918
0.0098565
0.0097315
-0.003581
-0.004567
-0.0010065
0.0051033
0.0052304
-0.002843
0.0074843
-0.0050378
0.009162
-0.0007322
0.003027
-0.0032959
-0.007596
-0.0061618
0.0092631
0.0079813
0.0050074
0.0086711
0.0070459
-0.0078644
0.0083671
-0.0035263
-0.0053915
-0.0022278
-0.0053799
0.0009809
-0.004901
-0.0086163
0.0041681
-0.0016579
0.0018827
0.000442
-0.0003268
0.0097282
0.0095389
0.0033254
0.0033337
0.0043824
-0.0042485
-0.0060958
0.0024395
-0.0043928
-0.0037271
0.0078608
0.0027943
0.0015697
-0.0080243
0.0026607
-0.009806
0.0004913
0.0009591
-0.0017818
-0.0031556
-0.0084979
-0.0036477
0.0027179
-0.0011409
0.0027743
-0.0005774
0.0049617
-0.0036513
-0.0030474
-0.0046589
0.0059392
0.0008998
0.0064099
-0.0017394
0.0072651
0.0087934
0.0075354
0.0054419
0.0049719
-0.0071419
0.0056318
0.0064376
0.008925
-0.0013308
0.0034882
0.0091168
0.0003067
0.0038997
-0.0077775
0.0048092
0.0090185
-0.0084081
0.0081176
-0.0077861
0.0009298
-0.0040074
0.0015968
-0.000494
0.0020815
-0.0045283
0.0095791
0.0085481
-0.0072531
-0.0043001
-0.0097371
-0.0045637
-0.0091662
-0.0033063
0.00236
-0.0030374
-0.0003689
0.0075014
0.0004405
0.0035367
0.0032527
0.0038588
0.006565
-0.0009475
0.0069968
0.0014744
-0.0034995
0.0064134
-0.0074566
-0.0072022
-0.0002624
0.0047045
0.007281
-0.0041729
-0.0096837
0.0087078
-0.007181
0.0063142
-0.0002007
-0.0032376
0.0088472
-0.0011539
0.0039311
0.0071341
0.0019595
-0.0098458
-0.004363
-0.0044424
0.0065984
-0.0076946
0.0094148
-0.0026839
-0.009166
-0.0044538
0.0003103
0.0023764
0.0066335
0.0059832
0.0077237
0.0053956
0.0004205
0.0027928
-0.0023529
0.0078206
-0.0086037
-0.0080286
0.0085594
-0.0050865
-0.0031177
-0.0014603
-0.0046396
-0.0063922
0.0026405
-0.0012959
-0.0001837
0.0004881
0.0042881
0.0073326
0.0079012
-0.0017093
0.0021745
-0.0090162
-0.0069302
-0.0093138
-0.009367
0.0041973
-0.0097529
-0.0070225
0.0004516
0.0083185
0.00128
0.0080766
-0.003091
0.0044412
0.0025672
-0.0097211
-0.005127
0.0066354
0.0020562
0.0023719
-0.0044766
0.0071166
0.0011464
-0.0061485
-0.0065
0.0053436
-0.0017256
-0.0024781
-0.0073691
-0.007392
-0.0047472
-0.0014551
-0.0096887
0.0021899
0.0021321
0.009374
-0.0042371
-0.0002224
-0.0085308
-0.0075823
-0.0005133
-0.006484
0.0062691
-0.008895
-0.0056046
-0.0076421
0.0056826
0.0086016
0.0075708
0.0046701
-0.0016779
-0.008414
-0.0008273
-0.0037323
-0.0095134
0.0030232
0.006846
0.0003654
0.0048178
0.0014645
0.0082758
-0.0054186
0.0068486
0.0069975
-0.0083652
0.0050819
0.0010484
-0.0067623
-0.0041194
0.0042855
-0.0090319
0.0045947
-0.0063121
0.0035937
0.0007005
-0.0037024
-0.0046428
-0.0062527
0.0006812
0.0049346
-0.0008123
-0.0099378
0.0041197
-0.0039148
0.0020385
0.0022354
0.0017434
0.0098095
0.005857
-0.0086471
-0.0026697
0.003105
-0.002743
0.0049178
-0.0017666
-0.0085928
-0.0056176
-0.0097617
-0.0038418
0.0029656
0.0044184
-0.0060223
0.0083223
0.0025222
-0.0039451
0.0082877
-0.0062491
0.0056149
0.0022372
-0.0027586
-0.0095873
-0.0049451
-0.0001086
0.0018678
0.0075636
-0.0087721
0.0002701
-0.0053972
0.0044459
0.0001502
-0.000777
-0.0079591
-0.0091582
-0.005478
0.0028948
0.0021488
0.0072976
-0.0080837
-0.0037425
0.0069711
-0.009044
0.002416
-0.0077166
-0.0075749
-0.0088887
0.009739
0.005669
0.0011402
-0.0024569
0.0019182
-0.0053541
0.0097919
0.0054982
3.16e-5
-0.0030281
0.0014175
-0.0038231
0.0065504
0.0073794
-0.0064881
-0.0023757
0.0011788
-0.0093664
0.0017804
-0.0004525
0.0078158
0.0008934
-0.0037659
-0.0027569
-0.0020656
0.004799
0.0096645
-0.0089467
-0.0011484
-0.0003626
0.0054379
0.0083975
-0.0042255
-0.007684
0.0077323
-0.0037045
-0.0097176
-0.0095555
-0.0065899
-0.004774
-0.0048913
-0.006862
0.0094302
0.0065708
-0.0098326
-0.0032313
0.0060713
-0.0053414
-0.0098039
-0.0099152
0.0029262
0.0039774
0.0094472
-0.0040598
0.0011533
-0.0019396
-0.003376
0.0081811
