0.0023713
0.0071623
-0.0051682
-0.0027751
-0.0009142
-0.0047349
0.0063239
0.0006891
0.0051975
-0.0067872
0.0068787
0.002699
0.0097135
0.0061099
0.0024776
0.0089717
0.0004204
-0.0065144
0.0011181
-0.0033709
0.0048644
-0.0076435
0.0069436
0.0078398
-0.0006075
0.0077919
-0.0074953
0.0047126
0.0054724
-0.0005052
0.0015482
0.0040857
0.0001094
-0.0012902
-0.0059555
-0.0012071
0.0035569
-0.000744
-0.0063214
-0.0083235
-0.0046198
-0.0033704
0.0093938
-0.0007351
-0.0089123
-0.0077633
-0.0058941
-0.0022548
0.0065126
-0.0047569
0.0076769
0.0007788
-0.001348
-0.0026721
-0.0051042
-0.0063432
0.0049358
-0.0071471
0.0078469
0.0024721
0.001031
-0.0085173
0.0020964
0.0053481
0.0079225
-0.0043175
-0.0092721
-0.006269
0.0077072
-0.002239
0.0062401
-0.0040743
-0.0011219
-0.0032685
-0.0069776
0.0079958
0.0098653
-0.0016328
0.0095271
-0.0011794
0.0069971
-0.0014824
-0.005506
0.0049407
0.0080602
0.0007703
-0.0004016
0.0097944
-0.0019828
0.0070255
-0.0035739
0.0034625
0.0072998
-0.0036371
-0.0057195
0.0037889
0.000766
0.0021499
-0.0065583
-0.0010003
0.007365
0.005443
-0.0010996
-0.0080053
0.0066368
0.0065255
-0.0033437
-0.0035018
0.0063786
-0.0011287
0.0019196
0.0013028
0.0043486
0.0056346
0.0081391
0.0054393
-0.0082475
-0.0061833
0.0066246
0.00453
-0.0055431
-0.0033538
-0.006537
-0.0085187
0.0026467
0.0047297
0.0072444
-0.0022359
-0.0085522
-0.0088155
0.0091632
0.0072764
0.008629
-0.0075345
0.0013491
0.005332
0.0025166
-0.0078379
-0.0066181
-0.0070902
-0.0009922
-0.00374
-0.0062248
0.0061665
0.006501
-0.0025228
-0.0014955
0.0037483
-0.0040778
0.0079655
0.0068673
-0.0021891
0.0066009
0.0075889
-0.0032417
0.0044225
-0.0088875
-0.0037044
0.0051841
0.004605
0.0003983
-0.0049817
-0.0009484
-0.009967
0.0008911
-0.0005798
0.0048044
-0.0047987
0.0038433
-0.0059782
0.0069668
-0.0093055
-0.006818
-0.0012642
0.0057849
-0.0012907
-0.0074868
-0.0011295
-0.0025248
0.0036448
-0.009437
-0.0026685
-0.0054589
-0.0011499
-0.0015938
0.0087
-0.0002363
0.0019769
-0.0019299
0.0015149
0.0070984
-0.0076034
-0.0009999
0.0085297
-0.0091387
-0.0015033
-0.0098793
0.0095275
0.0025976
0.009819
-0.0029585
0.0073665
0.0016958
-0.0007107
0.0024012
-0.0096739
-0.0025199
0.0028297
0.0043004
0.0097087
0.0092158
0.0024958
-0.0029023
-0.0020945
-0.0039399
0.0010739
0.0053377
0.0013188
0.0032313
-0.0087569
-0.001038
0.0057991
0.004959
0.0057776
0.003439
0.0036813
0.003293
0.0058397
-0.0082459
-0.0005368
-0.0011559
-0.0038118
0.0052438
-0.0087904
-0.0038369
-0.0083302
0.0037113
0.0054431
0.0059256
0.0007192
-0.008392
-0.0090075
-0.0005955
-0.0004414
-0.0095795
0.0012662
0.0017916
-0.0011644
-0.0068233
0.0025689
-0.0088637
-0.0043946
0.0097208
-0.0092972
0.0007438
-0.0076552
0.0057217
0.0072082
0.0049915
0.0074082
-0.0056749
-0.0098411
0.005476
-0.003868
-0.0048513
0.0035046
0.0032033
7.58e-5
-0.0014263
0.0029622
0.0034885
-0.000846
0.0039028
-0.0083263
0.0018994
0.0024739
0.0098287
-0.0009746
-0.0097281
-0.0001061
0.0079348
-0.0052028
-0.0042899
-0.0088669
-0.0007494
0.0053269
0.0040181
0.0083535
-0.0024811
-0.009172
0.0088177
0.0066473
0.0018002
-0.0084745
-0.0047155
0.0022092
0.0062
0.0005059
-0.0093007
-0.0010322
-0.0015317
-0.0019227
0.0060843
0.0001514
-0.0046395
-0.002055
-0.0055194
-0.0049412
0.0014727
-0.004742
0.0044557
0.0096191
-0.0039282
0.0017853
0.0018234
-0.0061765
-0.0009082
-0.0026774
0.0090726
3.53e-5
-0.0096122
-0.0009318
0.0028031
-0.0036944
-0.0023808
-0.0089223
-0.0007275
-0.0049255
-0.005716
0.0053982
-0.0053658
-0.0049308
0.0049256
-0.0042716
-0.0046561
0.0069062
0.0025652
0.0056308
-0.0037855
2.66e-5
0.0099731
-0.0011657
0.0008688
-0.0054716
-0.0011633
-0.0084403
0.0042967
-0.0074661
-0.0032388
-0.0041367
-0.0011344
-0.0015374
-0.0050368
-0.0058945
0.0062647
-0.009459
0.0012175
0.0072562
0.0061255
-0.0086032
-0.0043674
0.0072704
-0.0063531
0.0041382
0.0052778
-0.0028921
0.0061906
0.0018694
-0.0066351
0.0053642
-0.0024685
-0.0069165
0.0050117
-0.0070349
-0.0067974
0.0052012
-0.0038956
0.0026222
-0.0056111
0.0001792
-0.0055614
-0.0091216
0.0004387
0.0059092
0.0008612
-0.0098369
0.002421
-0.0032661
-0.0076784
-0.0026603
0.0005262
-0.0093132
-0.0025956
0.005864
0.0098003
0.0019032
-0.0035244
0.0017426
0.0048557
-0.0089681
0.003332
0.0049354
0.0029582
0.0049506
-0.0056499
-0.004567
0.0043432
-0.005403
0.0091377
-0.0038312
0.0053616
0.0004874
0.0098358
0.0038656
0.0013108
-0.009648
0.0081752
0.0030437
-0.000458
0.003026
-0.0078004
0.0082601
-0.0065084
0.0007644
-0.0005156
0.0062983
0.0083487
-0.0019663
-0.0093499
0.004454
-0.0091698
0.0050128
0.0092329
-0.0028675
0.0023158
-0.0092492
-0.0040792
-0.0012208
-0.0072989
0.0002822
0.0037583
-0.0093938
-0.0063304
0.0002904
-0.0088282
-0.0009824
-0.0001182
-0.0090523
0.00674
0.0073928
0.0064139
-0.0028359
0.0089391
0.0062292
-0.000744
0.0008456
0.0011259
0.0028968
0.0049725
0.0062094
-0.0043751
-0.0073527
0.0094072
0.0058463
0.0005733
-0.0070909
-0.0033188
-0.0009805
-0.0038333
0.006933
-0.0032262
-0.0095417
0.0004583
-0.0023414
-0.0046629
0.0018783
-0.0026715
0.0021958
-0.0027946
0.0067258
-0.0085754
-0.0042658
0.0033074
-0.0045389
0.0097069
0.0085591
0.0090172
-0.0012056
0.006068
-0.0054133
-0.0048575
0.000688
-0.001055
0.0002013
0.0002338
