0.0052612
0.0082439
-0.0005138
-0.0027328
-0.0042521
-0.0067702
0.002693
0.0083526
-0.0078174
-0.008845
0.0092813
0.0043392
-0.0089262
-0.0032853
0.0027526
0.0080399
-0.0085569
0.0005063
0.0025795
-0.0011746
-0.0025079
-0.0018985
-0.0097903
0.0098298
-0.002453
0.0045357
0.0067956
-0.0081764
-0.0032821
0.0063796
0.0017994
0.0050506
-0.0092359
-0.0013412
0.0072761
-0.0045606
-0.0065662
-0.0014879
0.0071242
0.0043019
0.0018439
-0.0035093
-0.0009182
-0.0065993
0.0027974
0.0006171
0.0038619
0.0009308
-0.0022342
-0.0041949
0.0068476
-0.000589
-0.0044983
-0.0082921
0.0052623
-0.0074226
0.0020729
-0.0081717
-0.0002166
-0.0042135
0.0095188
-0.0079413
-0.0019627
0.007836
-0.0013534
0.0072806
-0.0099926
-0.0074857
-0.0089069
0.0043584
-0.0024844
0.0092351
-0.0042052
-1.54e-5
-0.0008115
0.0040854
0.0099787
0.0083231
0.0089246
0.0029679
-0.0021638
-0.0045387
0.0042901
0.0053826
0.0091162
0.0084769
-0.0054802
-0.0076254
0.0038444
-0.0074242
0.0072903
-0.004335
0.0073259
0.0057474
-0.0063625
0.008042
0.0022442
-0.0088581
0.0067075
0.0014481
-0.0037682
0.0015266
0.0069903
0.0043995
-0.0004567
0.0068629
0.0088148
-0.0062236
-0.0063423
-0.0055088
-0.0022678
0.00778
-0.0004745
-0.0071372
0.0061801
-0.0024072
0.0094136
0.0097807
-0.0053325
-0.0045174
0.0071218
0.0058644
-0.0062689
0.0067724
0.003753
-0.0026136
0.0007311
0.0084696
0.0072708
-0.0021304
-0.0055461
-0.0018949
-0.0014653
-0.0036369
-0.0008428
-0.0058453
0.0079904
-0.0077059
-0.0016752
-0.0075701
-0.0012799
0.0045921
0.0047451
0.0026955
0.0088307
-0.0044004
0.0034953
0.0053128
0.0086227
0.0051663
-0.0042526
0.0076561
-0.0072946
-0.00243
-0.0047062
0.0033613
-0.0091744
-0.0059599
0.0058012
0.0008502
0.0060899
-0.0038765
-0.0074408
0.0071438
-0.0026682
0.0043297
-0.0078584
-0.0055488
-0.0048465
-0.0025212
-0.0045704
0.0054285
0.0082169
-0.0056893
-0.0037475
0.0081125
0.0072777
-0.0013211
0.0055725
0.0056462
-3.52e-5
-0.0046313
0.0042278
-0.0055979
0.004335
0.0063727
-0.0089031
-0.0051439
-0.001268
-0.0098911
-0.0046461
0.0092223
0.0055431
-0.0092716
-0.0078771
0.0013674
0.0069983
-0.0002998
-0.0081866
0.0040487
0.0095164
-0.0014145
-0.0096047
0.0021574
0.0096676
-0.00263
-0.0061
-0.0082528
-0.009207
-0.0014775
-0.0054159
0.0077935
-0.0047705
0.0073274
0.006095
-0.0052819
0.0066891
-0.0090445
0.0095215
0.0085032
-0.0028966
-0.009245
-0.0017176
0.0030744
-0.0031009
0.0022788
0.0091188
-0.0031466
0.0001726
0.0045693
0.0054123
0.0053503
0.008803
0.0078988
-0.0067699
0.0043247
0.0019391
-0.0095571
-0.0036103
0.005145
0.0036796
-0.000396
-0.0082224
0.0053426
0.008126
0.0002568
0.0089358
0.0055087
-0.0097405
0.0082243
-0.0046147
-0.0063493
0.0005861
-0.0002579
0.0064215
0.0056835
-0.0044589
-0.0042623
0.0013423
-0.0089014
-0.0021663
-0.0060552
-0.0094538
-0.0042594
-0.0042132
-0.0039584
-0.0014192
0.0077254
0.0096544
-0.0024443
0.0052188
-0.0002398
0.0006051
0.0041369
-0.0078456
-0.0091553
-0.0064577
0.0051216
0.0025236
-0.0086594
-0.0076306
0.0013172
-0.0076109
-0.0007464
-0.0029801
-0.0091561
-0.0088639
0.0005014
-0.008833
0.0048221
0.0002382
-0.0057116
-0.0004374
0.0006782
0.0074329
-0.0045976
-0.0042959
-0.0092743
6.9e-6
0.003564
-0.0019625
0.0033449
-0.0029273
0.0046409
0.0061622
-0.0054774
-0.0058459
0.0004818
-0.0010057
-0.0050317
0.0028899
-0.0053323
0.0029608
0.0097396
-0.0001818
0.0097261
0.0001486
-0.0081546
0.0031032
-0.0082994
0.0085938
0.0033825
0.00321
-0.0083671
0.0036312
0.0097354
-0.0066874
-0.0032865
0.0067766
0.0002854
-0.0060255
0.0085671
-0.0086722
-0.0075393
-0.0057837
0.0036652
0.0060769
0.0048773
0.00944
-0.0061044
0.0003367
0.0027189
0.0018294
0.0065842
0.0005419
-0.0013014
0.0074822
0.0082461
0.0007341
0.0073835
0.0027652
0.0065012
0.0003612
-0.009288
0.0051656
0.0039156
0.0039124
-0.0051684
0.0063871
0.0081413
-0.0035716
-0.0010139
0.0047862
0.0005449
0.0029168
-0.0036454
-0.0037457
0.0096072
0.0010745
-0.0054418
-0.0094366
0.0096143
-0.0002438
-0.0040844
-0.0099696
0.0035546
-0.0036931
-0.0009133
-0.0021024
0.0005993
-0.0037813
0.0080333
0.0025288
-0.0094814
0.0064543
0.0056008
0.0095627
-0.0011537
-0.0026979
-0.0016471
-0.0084981
0.0030167
0.0083807
0.0002384
-0.001964
-0.0023466
-0.0040326
-0.0079071
0.0035146
0.0048763
0.0018713
-0.0015274
-0.0026502
-0.0097997
0.0076205
0.0024719
0.0002204
-0.0073417
-0.0018494
-0.0002815
-0.000756
-0.0009112
-0.006413
0.0005955
-0.0008943
-0.0088652
0.0046259
0.0077765
0.0089403
-0.0006579
-0.0072772
-0.0015659
0.0051707
0.0029795
0.0084228
0.0045854
-0.007093
-0.007156
0.0043901
-0.0023823
0.0051109
-0.0006821
-0.0053183
-0.0041122
-0.0019002
-0.0048623
-0.0030358
-0.0049763
0.0029283
-0.0098806
0.0041161
-0.0004774
0.0030255
-0.0053555
0.0054521
-0.0056086
-0.0007291
0.0013845
-0.0040929
0.0078408
0.006774
-0.0046088
-0.0050711
0.0080872
0.0044657
0.0093382
0.0063322
-0.0055309
-0.0090392
-0.0028272
0.0014054
0.0095953
0.0015824
-0.0065736
0.0023734
0.0081805
-0.006524
-0.0019299
0.0053147
-0.0045965
0.0023162
-0.0058025
0.0029372
0.0093869
-0.0023247
0.0026456
0.0019805
-0.0013908
-0.0047111
-0.0058836
-0.0055363
-0.008216
0.0069445
-0.0039974
0.008943
-0.0057707
0.0033595
0.0054969
0.0064422
0.0032302
0.0093408
0.0039389
0.0055192
-0.0016601
-0.002846
