0.00949
-0.0005906
0.0097482
-0.0086184
0.0026237
0.0094868
0.0035691
-0.0076171
0.0067806
-0.0098942
0.0084508
-0.0038586
-0.0017933
0.0087958
1.58e-5
-2.66e-5
0.0059976
-0.0095077
0.000134
8.08e-5
-0.0053734
0.0074157
-0.0094719
0.0028688
-0.0081435
-0.0070962
0.002839
0.005149
0.0059124
-0.0001482
-0.006446
-0.0097545
0.0072754
-0.0041165
-0.0058812
0.0065877
-0.0093992
0.0004628
0.0083757
0.0096331
0.0002757
0.0081161
0.005972
0.0052143
0.0025399
-0.0015362
-0.0047466
-0.0059741
-0.0065175
0.0042926
-0.0037463
-0.0058148
0.005184
-0.0096648
-0.0021812
0.008051
-0.006958
-0.0056419
0.0085522
-0.0072626
0.0020138
0.0010856
-0.006757
0.0042876
0.0085518
-0.0086933
0.0055509
0.0091392
0.0010852
-0.0065039
-0.0059863
0.0007712
0.0057741
-0.0037121
-0.0074279
-0.0098479
-0.0050902
-0.0070882
-0.0084107
0.0046296
0.005653
0.0047097
-0.0050384
0.0026465
0.008236
-0.0036189
0.0030013
0.0089838
-0.0062655
-0.0021241
-0.002391
0.0028354
-0.0048232
0.0083218
0.0011311
0.0060328
-0.0098785
0.0079171
0.0093736
-0.0070931
9.99e-5
-0.0034647
0.004828
0.0004933
0.0098452
-0.0072049
0.00707
-0.002515
0.0067049
0.0079483
0.0029909
0.0045426
0.0071318
-0.0073845
-0.0092141
-0.0097112
-0.0064775
0.0069461
0.0080489
0.0050367
-0.0056087
-0.0083145
-0.007987
0.0072896
-0.0006676
-0.0014985
0.008545
0.0021486
-0.003629
0.009179
-0.0066049
0.0069271
-0.0036647
-0.0010783
0.002118
-0.0099952
0.0015055
-0.006238
-0.0044171
0.0069948
-0.0066496
0.0011983
-0.0003
-0.0045626
0.0010808
0.00711
-0.0027258
0.0014484
0.0087548
-0.0080578
-0.0058626
-0.0091457
0.0077678
-0.0063464
0.0048368
-0.0027653
-0.0041463
0.0091815
-0.0019351
-0.0035785
-0.0018237
0.0024757
0.0057276
0.0012125
-0.0092666
0.0007137
-0.0034178
-0.0085744
-0.004381
-0.0044072
0.0080407
0.0043321
0.0024904
-0.0091252
-0.0035853
0.0054256
0.0099147
0.0016678
-0.0074732
-0.0065573
0.0003323
0.0081204
0.0084094
0.007254
-0.0087165
-0.001675
-0.0059614
-0.0056527
0.0044135
0.0085325
0.0009484
-0.0002029
0.0078086
-0.0084015
0.0078377
-0.0070922
-0.004642
0.0061482
0.0011749
-0.0035419
0.008781
0.0062661
-0.0099323
0.0088477
0.0096542
0.0023343
-0.0040543
-0.0068893
0.0048281
-0.0083018
-0.002335
0.0091636
0.0087263
-0.0064525
-0.0015207
-0.0055642
0.0042473
0.0017973
-0.0067348
-0.0001419
0.0053398
0.0058236
-0.0041083
-0.0075623
-0.0034461
0.002282
0.0005462
0.0092679
-0.0085286
0.0048639
0.0021204
-0.0055928
0.007016
0.0057378
0.0029475
0.0063076
0.0029787
0.0021656
-0.0069772
-0.0037084
-0.0046476
-0.0019648
-0.0086842
0.0032769
-0.0092162
-0.0045326
-0.005294
0.0086434
-0.006795
-0.0043887
-0.0034784
-0.0059723
0.0020962
0.004758
0.0028126
0.0023614
-0.0047887
-0.007837
-0.0026323
-0.0020254
-0.0010458
0.0006591
-0.0072145
0.0003214
0.0002449
-0.002428
-0.0001358
-0.0094013
0.0018646
-0.0057506
0.003295
-0.0026815
0.0056019
0.0058826
0.0029225
0.0021127
-0.0063301
0.0001479
0.0074147
-0.0035803
0.0037153
-0.0007527
0.003848
-0.0064795
-0.0038508
0.0058405
-0.0097696
-0.0039405
-0.0031221
0.0030735
0.0073005
-0.001985
0.0082963
0.0017355
-0.0084723
0.0098002
0.0084131
0.0021576
-0.0074279
-0.0083059
0.000853
-0.0080594
-0.001019
0.0047698
0.0055068
0.0004162
0.0081672
-0.0073114
0.0048373
0.0003568
0.0069481
0.0062143
0.005476
-0.0030824
-0.0069074
-0.0016684
-0.0004669
0.0029986
-0.0073732
-0.0051504
0.0021017
-0.0029756
-0.0026191
-0.0041789
0.0092771
-0.0019625
-0.0094329
0.0059691
0.0066287
0.0085796
-0.0088546
-0.0003486
-0.0012283
0.0070861
0.0034273
-0.0048616
0.0083448
-0.0008594
0.0012215
0.0065156
0.0058819
-0.0059789
0.0092423
-0.0024828
0.0085509
0.0011053
-0.0032219
-0.0047132
-0.0094356
-0.0057173
0.0038656
-0.0079148
0.0009202
0.0089054
0.0049475
0.0059242
-0.002793
-0.0015956
0.0033869
-0.0013455
-0.0073567
-0.0095298
-0.0023496
0.0037072
0.0006317
-0.0042717
0.0068485
-0.006374
-0.0065616
-0.0039328
-0.0051524
-0.0063094
0.0051186
-0.005706
-0.0092778
-0.0039254
0.00555
-0.0036822
0.0090406
-0.0065731
0.0004954
-0.0011819
0.0043975
0.0018669
-0.0020303
-0.0097159
0.0025421
-0.0039225
0.0035833
0.009008
0.0023872
-0.0058265
0.0093655
-0.0051843
0.0006973
0.0083343
-0.0039114
0.0024961
0.0040563
-0.0087634
0.0077288
0.0017117
0.0008408
0.002579
-0.0090656
-0.006774
-0.0097132
0.0008663
0.0044065
-0.0068526
0.0088259
-0.0022151
-0.0044548
-0.0087008
0.0075779
0.0036453
0.0061604
-0.0079226
-0.002608
0.0068257
-0.0018859
0.0021346
0.0014883
0.0036146
0.0041407
-0.0043477
0.0023327
0.0088802
0.0080552
0.0037866
0.0057929
0.0059756
-0.0061621
0.0071385
-0.0055453
0.0056091
-0.0046369
0.0073822
0.009105
0.000807
0.003823
-0.0070589
0.0017848
0.005936
0.0039067
0.0072421
-0.0021263
-0.0095477
0.0091682
0.0077678
-0.0025658
0.0067419
-0.0038647
-0.000947
0.0015753
0.0020378
0.0091586
-0.0009183
0.0047432
-0.0049397
0.0079262
0.0012952
-0.0041331
0.0065921
0.0063027
-0.0061222
0.0005492
-0.0049518
0.0023833
0.0031752
0.0007024
0.0035937
-0.0069234
-0.0005533
0.0029565
0.0004703
0.0089822
0.0051872
-0.0062915
-0.0083959
-0.0091709
0.0037522
0.0010526
-0.0087323
0.003211
0.0087264
-0.001977
0.0058484
-0.0053043
-0.009732
-0.0025379
0.0073811
-0.0074881
0.000154
-0.0044955
