0.0005449
0.0018092
-0.0038752
-0.0068247
0.0016856
0.0010379
0.0014847
-0.0007311
-0.006192
-0.0075803
0.0057608
0.0065745
0.0015093
-0.005955
-0.0023945
0.0001795
0.0072384
0.0071847
-0.0005731
0.0033358
0.0061549
0.0083799
0.0005494
-0.0058535
0.0011819
0.0086861
-0.0051562
-0.0011423
0.0068109
-0.0099253
-0.0045384
0.0045672
0.0052467
-0.0003411
0.0050306
0.0047862
0.0072858
-0.0092317
-4.29e-5
-0.0084558
-0.0006157
-0.0030959
0.00731
-0.0042169
0.0069226
0.0018052
0.0036206
-0.0096552
0.0048592
0.0010964
0.0097966
-0.0071309
0.0043119
-0.0031375
0.0024797
-0.0072535
-0.0095527
-0.0088671
0.0046048
0.003969
-0.0034475
0.0056784
0.0070704
0.0038125
0.0040934
-0.0067661
0.0082206
-0.0092116
0.006499
-0.0098475
-0.002779
-0.0044962
-0.0086604
-0.000501
-0.0041308
0.0030222
-0.0015817
-0.0088009
0.0081529
-0.0063448
-5.85e-5
0.002066
0.002936
-0.0040746
0.0012876
-0.008122
0.0013392
0.0012997
-0.0009432
0.005658
-0.0067503
0.0065823
0.0042049
0.0028738
0.0068249
-0.0064504
-0.0025394
-0.007527
-0.000596
-2.58e-5
-0.0019388
-0.0033257
0.0046361
0.0084391
0.0049369
-0.0097787
0.0092878
-0.0026609
0.0094185
-0.0002225
-0.0074545
0.0083882
-0.0096829
0.0064306
-0.0066117
0.0029974
-0.0051664
-0.0086512
-0.002948
0.008957
0.0060083
0.0028775
-0.0073248
-0.0057931
0.0015989
0.0002907
0.0008684
-0.0074421
0.0035091
0.0073948
0.0072087
0.0036474
0.0058274
0.0091443
0.0003722
0.0030246
0.0061314
0.0041735
0.0038103
-0.0052013
-0.0021533
-0.0074537
-0.0023865
0.0039105
-0.0070501
0.0059019
-0.0077207
0.0094618
-0.0044824
0.0086335
0.0089161
-0.0077869
-0.0010216
-0.0058246
0.0094206
0.0019665
-0.0011847
0.0061768
0.001413
0.0019395
-0.0082428
-0.0043168
0.0014442
0.0077639
0.0016731
0.0015483
-0.0034176
0.0039496
-0.0041721
0.0066325
-0.0065824
-0.0031157
0.0063256
-0.0023076
0.0029901
-0.007912
-0.0037022
-0.0075125
0.0021905
-0.00872
-0.0041783
0.0002896
-0.0008966
0.0061891
0.0047411
-0.001347
0.0046526
0.0079783
0.003312
0.0026512
0.009934
0.0077905
-0.0039606
-0.0058594
-0.0026002
0.0064326
-0.0070383
-0.0025936
-0.0057628
0.002161
0.0082632
0.0022285
0.0080643
-0.0088652
0.0009677
-0.001674
0.0086755
0.0066979
-0.0010744
0.0092327
0.0007396
-0.0065044
0.0047438
-0.0036841
-0.003187
-0.007189
0.0014237
0.0097459
0.0089767
-0.0059514
-0.0024107
0.0085387
-0.0008754
0.0051836
0.0066821
0.0051349
0.0046469
-0.0017072
-0.009226
-0.0030589
-0.0007982
0.0001509
-0.0007627
0.0066996
-0.0089763
-0.003046
0.0032683
0.0010968
0.002995
-0.0008449
0.0015605
0.0038556
-0.0090869
-0.0059653
-0.0009649
-0.007104
-0.0051877
0.0097999
0.00483
-0.0047347
0.0078616
-0.0040814
0.0057594
0.0060668
-0.0053898
-0.0027196
0.0090669
-0.0012097
0.0034186
-0.0033314
-0.0059832
-0.0029872
0.0087752
-0.0012593
0.006905
0.0069675
0.0040199
-0.0082286
0.0028794
0.003407
0.0086621
-0.0095317
0.001906
-0.0081358
-0.0025991
0.0049227
0.0095044
-0.0025806
-0.004815
0.0004277
0.0040305
0.0046237
0.0005074
-0.0057706
0.0016054
-0.0007244
-0.007771
0.0082645
0.0048027
0.0012244
0.005162
-0.0025653
-0.0038331
-0.0019727
-0.002029
-0.0038996
0.0040082
-0.0053275
-0.0082466
0.0030882
-0.0005446
-0.0052238
0.003608
-0.0063619
0.0085595
-0.0057167
-0.0005593
-0.0074224
0.00974
-0.0089279
0.0005018
-0.0032938
-0.0057427
-0.0075589
-0.0004793
-0.008853
-0.006003
0.005266
0.0067074
-0.0049682
0.0032442
-0.0096795
0.0046574
0.0047532
-0.0051465
-0.0034554
-0.0058476
-0.0042849
-0.0076198
0.0088075
4.27e-5
0.0095413
-0.0065804
1.42e-5
-0.0024795
0.0088323
0.0075109
0.0069131
0.0025108
-0.0021503
-0.0021366
0.0030021
0.0065564
0.0045392
-0.0065514
0.0073135
0.0055068
-0.0037111
0.0067681
-0.0086076
0.0065662
-0.0088624
0.001108
0.004406
0.0009803
0.0035414
-0.0092311
0.003465
-0.0001027
0.0067973
0.0047068
-0.0026525
0.0060218
0.0042201
-0.0081975
0.0083134
0.0020482
0.004175
0.0004267
0.0037023
-0.0054354
-0.0092906
0.0035625
0.0003083
-0.0013248
0.0032348
-0.0017712
0.0011942
-0.000686
0.002829
-0.0008899
0.0010949
-0.0045679
-0.0019648
0.0008227
-0.0070505
0.0007316
0.0003668
0.0024873
0.0094518
0.0069837
-0.0093878
0.0033373
-0.0095382
0.0050294
0.0041615
0.0018934
-0.0007998
-0.0030612
-0.0051285
-0.0046256
-0.00432
-0.0054843
-0.0043838
0.0092253
-0.0047573
-0.0086515
-0.0041273
0.0094833
-0.0091526
-0.0036331
0.00395
-0.0032889
0.0073025
-0.0036197
0.0067151
-0.0082541
-0.0091904
0.006963
0.0094694
0.007003
-0.0074353
0.0069634
0.0073137
-0.0078493
0.0016227
-0.0062989
0.0087223
0.0050107
-0.0013962
0.0029197
0.0007529
-0.0070275
-0.0087269
0.0049004
0.004556
0.0009365
0.0059902
-0.0061412
-0.009206
-0.0099172
-0.0053646
-0.0056237
0.0089414
-0.008802
-0.0069731
0.0034366
0.0012761
0.0056711
0.0071331
0.0074214
0.000708
-0.0068687
0.0053882
-0.0035834
0.0027199
0.0003131
-0.0022186
0.0074927
-0.0003726
0.0038237
-0.0064086
0.0028899
0.0034137
0.0007415
0.0078838
-0.0087434
-0.0057213
-0.0058696
-0.0098236
0.0004331
-0.0056676
-0.0019294
-0.0077629
-0.0057558
0.0012985
-0.0056112
-0.0084743
0.0024527
0.0023074
0.0037696
0.0065308
0.0081836
0.0099339
0.0063084
0.0090085
-0.0098519
0.0059194
-0.0024985
-0.0063927
-0.0038178
0.0098538
-0.0006625
0.0098916
-0.00185
