-0.0083329
-0.0078025
-0.0068644
0.0022485
0.0061451
0.001467
-0.0042054
0.0031985
-0.0035783
0.0042866
0.0008361
0.0022739
0.0035161
0.0056558
0.0032337
0.0089433
0.0040218
-0.0052984
-0.0057457
0.005375
-0.0043609
-0.007278
0.0058312
0.0034498
0.0008836
0.0039006
0.0006493
0.0040944
-0.0050287
0.0075065
-0.0003053
0.0071359
0.005697
0.003955
0.0009022
0.0068019
-0.0048542
0.001689
0.0058594
0.0001265
-0.0084967
0.0010074
-0.0093317
0.0087839
-0.0008551
0.0036952
-0.0045142
-0.0039983
-0.0069793
-0.0078861
-0.0029493
-0.0081883
0.0012145
-0.0067214
-0.0023395
0.0044966
-0.0014677
-0.003818
-0.0020557
0.0054777
-0.0008499
-0.0006073
-0.0090408
0.0062009
-0.0014372
0.0006256
0.0066874
-0.004304
-0.0035829
0.0070329
-0.0005611
-0.0054516
-0.0043083
0.0021142
-0.0083417
0.0048647
-0.00319
-0.0093551
0.0094848
-0.0086083
0.0083678
-0.0012815
3.43e-5
0.0098047
-0.0058892
0.0002987
-0.0059172
0.0016017
0.0075721
0.0085517
0.0098506
0.009345
0.0034639
0.0014069
0.0039514
-0.0057361
-0.0024122
0.0067015
0.008064
0.0024466
-0.0075522
-0.0057319
-0.0026941
0.0023313
-0.006944
0.0099757
-0.0078878
0.0064502
0.0052396
-0.0099335
0.0073321
-0.000403
0.0010123
0.0014833
-0.0084994
0.0097465
0.0085226
0.009914
0.0081837
-0.0054462
-0.0082105
-0.0029891
-0.0012483
0.0044093
-0.0015934
0.0004647
0.0036148
0.0013991
-0.0039413
-0.0079899
-0.0066491
-0.0068417
0.0073743
-0.0092036
-0.0066348
-0.0030068
-0.0046877
0.005711
0.0041593
0.009058
0.0018781
-0.0050136
0.003595
0.0035497
0.0086311
-0.0023189
0.0093193
0.0085621
-0.005941
0.0047534
-0.0006178
-0.0062226
-0.0012042
-0.0014685
-0.0074177
-0.0003106
-0.0061253
0.0037267
0.0066989
-0.0070896
-0.00548
-0.0016936
0.0082502
-0.0045094
0.0077408
0.0021106
-0.0021336
-0.0051667
-0.0029538
0.0081657
0.0037381
0.0009924
0.0055607
-0.0081072
0.0024753
0.0024764
-0.0062772
-0.0026445
-0.0027166
0.0072321
-0.00624
0.0028796
-0.0050939
-0.0016283
0.0087051
0.0078081
0.0063726
0.0097454
0.0048594
0.007098
0.0037245
-0.0009699
-0.0005483
-0.0090323
0.0021653
0.0050446
0.0025964
0.0020673
0.0039061
-0.0071295
-0.0061643
0.0031531
-0.0027179
0.0091366
0.009948
0.007374
-0.0001036
0.0078297
-0.0017591
-0.006285
0.0001057
0.0044698
0.0034683
0.0039809
-0.008484
-0.0046918
-0.003773
-0.0090313
-0.0082544
-0.0077634
0.0087992
0.0078364
-0.0039322
0.0028167
-0.0093533
-0.0074224
0.0023551
0.006107
0.0025322
0.0046481
-0.005455
0.0068937
0.0038201
9.59e-5
0.0017696
0.006124
0.0072071
-0.0043262
0.008037
0.0034766
0.0033454
-0.0094082
-0.0040866
-0.0066895
-0.0090902
0.0062694
-0.0056095
0.0039488
0.0067084
0.0080892
0.0017707
0.0046802
0.0025422
-0.0061957
-0.0027842
0.0069652
-0.0053623
-0.0003612
0.0088376
-0.0090394
-9.18e-5
-0.0004859
-0.0041114
-0.0009839
0.0022467
0.0059111
0.0005325
0.0055469
0.0063877
-0.0079484
-0.0052332
0.0005764
-0.0056614
0.0022233
0.0074718
-0.0095769
0.0047893
0.0069433
-0.0074285
-0.0014365
-0.0050494
-0.0078202
-0.0065084
-0.0054252
0.003973
-0.0098584
-0.0076669
0.0073398
0.0052801
0.0081743
0.0062153
0.0079788
-0.0094967
-0.001993
-0.0007629
-0.0076711
0.0039756
-0.0008079
-0.0045186
-0.0025595
-0.0081487
0.005053
-0.0046449
-0.0083254
-0.0048636
-0.0071319
0.0029408
0.0070407
0.0096313
0.0002476
0.0029684
0.0089935
0.0015744
-0.0074471
0.0035068
-0.0059386
0.0080024
0.0094929
0.0069911
-0.0017723
-0.0062388
0.0096862
0.0032161
-0.0014297
-0.009807
0.0062383
0.0039871
-0.0057262
-0.0066706
-0.0019112
-0.001065
0.0004812
0.0015345
0.0099374
-0.0057952
-0.0032373
0.0059427
-0.0063492
-0.0080594
-0.0018238
0.0092777
-0.0092424
0.0095093
-0.0066094
0.0017399
-0.0013208
-0.0069161
0.0039797
-0.0080145
0.0057641
-0.0033388
0.0072368
0.0065025
0.0043778
0.0044664
0.0093897
0.0066183
-0.0082654
-0.0074778
-0.0039595
0.0050574
0.0024073
0.0014873
-0.0001802
-0.0041833
0.0025434
-0.0080065
-0.0009193
0.0042959
-0.0014789
-0.005106
0.0064866
-0.0090035
-0.0032667
0.008827
-0.0001701
-0.0047918
-0.0051705
-0.0042592
0.0074068
-0.0023365
-0.0020714
-0.0015981
-0.0019194
-0.0026782
0.0073374
-0.0019211
-0.0051149
0.0011087
-0.0007624
0.0037439
-0.0034392
-0.0053738
-0.0082286
-0.00888
0.0073737
0.0002104
-0.004644
0.0040455
0.0074171
0.0096348
0.0028348
-0.0042996
0.0052581
-0.0044128
-0.002727
0.0055945
0.0058955
0.0069561
-0.0064602
-0.0010783
-0.0021228
0.0081719
0.0050876
-0.005904
0.0089626
-0.0043289
-0.0021152
0.0048594
0.0062094
0.0084201
-0.0003237
-0.0098564
0.0083788
0.0047682
-0.0056514
0.0040506
-0.0001534
0.0091589
-0.0064143
-0.008192
0.004717
0.0014292
-0.0014532
-0.0029942
0.0039702
0.0013947
0.0031814
-0.0072159
0.0058082
0.0046094
-0.0050897
0.0082779
0.0037244
-0.008705
0.0026954
0.0008565
-0.0079831
0.0057516
-0.0024226
0.0045221
-0.003595
0.0001908
-0.0073279
0.0063728
-0.0055877
-0.0015999
-0.0014639
-0.0059255
-0.005463
0.0073918
-0.0071718
-0.0056449
0.0063283
0.0095065
-0.0097921
0.0048945
-0.0018187
0.0045582
-0.0045684
0.001016
0.0036823
0.0093658
0.0058024
-0.0017394
-0.0042015
-0.0057494
-0.0041931
-0.0077153
0.0021397
-0.0027876
0.0047289
0.0020228
0.0063807
0.0043282
0.0070053
0.0033795
0.005707
-0.0061371
0.0010055
0.0076986
-0.0077838
0.0036711
0.00698
0.0037968
