9.66e-5
0.0012542
0.0026668
-0.0016339
0.0064136
-0.0016143
0.0073927
0.0005245
0.0061765
-0.0042228
0.009043
0.0005155
-0.0038661
-0.0085108
-0.0059518
0.0044371
0.0022729
-0.0056313
-0.0064352
-0.001965
-0.0058988
-0.0015871
-0.0097769
0.0006956
0.0038985
0.0023794
-0.0045918
0.0068986
0.001589
0.0077269
0.0002842
-0.0005278
0.0009306
-0.0042509
0.0088228
0.0016921
-0.0059561
-0.0059174
0.001438
0.0057692
0.0094571
-0.0012309
0.0040865
0.006364
0.0098942
0.0063912
-0.0023697
0.0018093
-0.0012425
-0.0082356
-0.0066283
0.0026861
-0.0085424
0.0023616
-0.0096189
0.0034523
0.0010733
-0.0080845
0.0047751
0.0030145
-0.0085818
-0.0074521
-0.0014836
0.0054036
-0.0036523
-0.0093041
-0.0033638
0.0034409
0.0079435
7.84e-5
-0.0076015
0.0062743
0.0044058
0.0031089
0.0005962
0.007398
-0.0072634
0.0036222
0.0066315
6.27e-5
0.0070304
-0.0038499
0.0026587
-0.007623
0.0042426
0.0078957
-0.0008098
0.008944
-0.0016449
0.0044226
0.0080806
-0.0070345
-0.0050379
0.006206
-0.007116
0.0050689
0.0095402
0.0041391
0.0012355
-0.0049147
-0.0090997
0.0026715
-0.0077396
-0.009015
0.002797
0.0070002
-0.0084327
0.0067981
0.0049028
0.0074513
-0.000187
0.0040141
-0.003061
0.0057915
-0.0059502
-0.0066377
0.0062988
-0.0005128
-0.0010683
-0.0052803
-0.0026503
-0.0088636
-0.0068684
0.0025311
-0.0089706
-0.0018759
-0.0025823
-0.0031362
-0.0089129
0.0023564
-0.001122
-0.0052278
-4.28e-5
-0.0004365
0.0050385
-0.0083252
-0.0082331
-0.0034131
0.0048152
-0.0078792
-0.0019044
-0.0002302
0.0084327
0.0031269
-0.0025841
0.0031977
-0.0077123
-0.0077703
-0.0048809
-0.0039969
0.009193
-0.0021361
0.0099915
-0.0086144
0.0031648
0.006235
-0.0082675
0.0038615
-0.0030382
-0.0072344
0.0017032
0.0048122
0.009385
-0.0007803
-0.0082821
0.001946
-0.0057233
0.0070553
0.0091992
0.0086452
0.0098889
0.005826
-0.002477
-0.0069901
0.0066396
-0.0087231
0.0090953
-0.00901
0.006748
-0.0005326
-0.0090923
0.0077882
0.0073136
0.00827
-0.0077059
0.0047922
-0.0001541
0.0041289
0.0015753
-0.0076201
-0.0072468
0.0010378
-0.0073818
0.0092974
0.0006397
0.0033203
0.0075399
0.0088097
0.0065304
-0.0004906
0.0077569
0.0086955
0.0003934
-0.0003725
-0.0032501
0.0083635
-0.0061315
-0.0041433
-0.0055387
-0.0029608
0.0070207
0.0074155
-0.0096089
0.0089279
0.0036192
-0.0012339
-0.0051512
0.0086678
-0.000451
0.0063087
-0.0081699
-0.0054706
-0.0044333
0.0073616
-0.0004758
-0.0057426
0.0059473
-0.0099258
0.0026366
-0.0011121
0.006552
-0.0020502
0.0023336
0.000985
0.0029433
0.0083463
-0.006605
0.0085234
-0.0040598
0.009162
-0.0043372
0.0005275
0.0046355
-0.0054733
0.0051731
-0.0006576
-0.0049171
0.0036373
0.0005323
-0.0001083
0.0008723
-0.0084639
-0.0081528
-0.0058246
-0.0062651
0.0086236
0.0001472
-0.0049498
-0.0067064
-0.0057275
-0.009042
-0.0063413
0.0026971
0.0034587
0.0089653
0.0019921
-0.0060424
0.0071769
-0.0093535
-0.0048222
0.0089962
-0.0099644
0.0007817
0.0078196
0.0074003
0.0010784
0.0008215
0.0066862
-0.0063079
-0.0023303
0.0001997
-6.39e-5
0.003571
-0.0030167
-0.007653
0.0025109
0.0057389
0.0013734
-0.009689
-0.0078036
0.0008411
0.0074249
-0.0010399
0.0061723
0.0085798
-0.0099597
-0.005396
0.0097458
0.0067597
-0.0021408
-0.0009023
0.0058666
-0.0049896
0.0070924
-0.0067259
-0.0099802
0.0036297
0.0079908
0.0045812
0.0012892
0.004828
0.0033477
0.004929
-0.006002
-0.0013261
0.0047334
0.0094488
0.003422
-0.0008923
9.19e-5
-0.0076793
-0.0089638
-0.0092539
-0.0070171
-0.0074391
-0.004639
0.0057297
-0.003766
0.0036337
-0.0011015
-0.0069344
-0.0045404
0.0002364
0.0045844
-0.0067652
0.0025385
0.007043
0.002905
0.0020773
-0.0041499
0.005533
-0.0080142
0.0052226
0.0080178
-0.0022017
0.0081372
0.0049624
-0.0056662
0.008666
0.0056878
-0.0018798
0.0080897
0.0046826
0.0040581
-0.008712
0.0038072
-0.0029931
0.0070467
-0.0039041
-0.0068005
-0.005893
0.0092405
-0.0088886
0.0015737
0.0092059
0.0011949
0.0027916
0.0088708
-0.0092177
0.005429
0.0083451
0.0064317
0.0052015
-0.0042854
0.0073375
0.0069656
0.0036314
-0.0094899
0.008078
0.0046187
0.0024099
-0.0058834
-0.0042022
0.0039037
-0.0048649
0.0071032
-0.002424
-0.0049568
-0.0031753
0.00772
-0.0026454
0.0012866
-0.0079508
-0.0007578
0.0081195
0.0074523
-0.0048405
0.000122
0.0064122
-0.0087555
-0.0093612
0.0090822
-0.0023624
0.0045837
0.0024728
-0.0099175
-0.0029776
-0.0049046
0.0069525
-0.0004304
-0.0060807
0.0056604
0.0037999
0.0029667
-0.002935
-0.0037931
0.0005052
0.004764
0.009303
0.0023726
-0.0096926
0.0095993
-0.0094057
0.0082991
-0.0086536
0.0027802
-0.0002931
0.0026844
0.002244
-0.0073648
0.0062969
-0.0095796
0.0035096
0.0043648
0.0051268
0.0046099
-0.0047265
-0.0094288
0.0035746
0.0099929
0.0021441
0.0071616
-0.0004479
-0.0002645
-0.0044698
-0.0071586
-0.0077592
0.0049488
0.0009362
-0.0060259
0.0048891
-0.0055286
-0.0018116
-0.0037978
0.0090691
0.0010448
0.0060978
-0.0099643
0.0086684
0.0037374
-0.0014461
0.0035225
0.0087689
-0.0007845
-0.0093208
-0.0074054
-0.0002289
-0.0021285
-0.0004063
-0.0078005
0.0029979
-0.0089213
0.0039245
-0.0028157
-0.0007271
0.0094274
-0.0077799
-0.0016367
-0.0010677
-0.0040188
0.008649
-0.0045002
0.0039489
-0.0015338
0.0046172
-0.005985
-0.0002673
-0.0007729
-0.001949
-0.0090313
-0.0093361
-0.0075781
0.0003584
0.0064704
0.001889
