-0.0046878
0.0039388
-0.0011716
0.0069192
0.0014774
-0.0076201
-0.0054008
0.0042892
-0.0008732
0.0037575
0.0084929
-0.0019341
0.0039195
-0.001121
-0.0064798
-0.0086954
-0.0054201
0.0037219
0.0098778
0.0012227
0.0024989
-0.0094336
0.0069771
-0.0062352
-0.0073076
-0.0087074
0.0063999
0.0022413
0.007695
-0.0023983
0.0094811
-0.0055758
-0.0064157
-0.0099002
-0.0024788
0.001465
-0.0012412
-0.0087651
0.0060465
-0.0033097
0.0026103
0.0040515
0.0002165
0.0053354
0.0094451
0.008654
0.0073916
0.0031476
-0.0035208
0.0053501
-0.0060595
-0.0047011
-0.0026802
0.0031909
-0.0048682
0.0086216
0.0093752
-0.001234
-0.0085091
-0.0029051
0.0066597
0.0055468
0.0011685
-0.0058415
-0.0047308
-0.0034365
-0.0079275
-0.0029653
0.0015757
-0.0081766
-0.003102
0.003601
0.0026777
0.0075093
-0.0054181
-0.0069232
0.0080039
-0.0022661
0.0078481
0.006741
-0.0023518
0.0072592
-0.0078368
-0.0098484
0.002485
-0.00743
-0.0036803
0.0065243
-0.0013972
0.0098824
0.0008109
-0.0066821
-0.0016236
-0.0052155
-0.0049911
0.0002511
0.0026897
-0.0081947
0.0041528
-0.0031525
0.0078814
-0.0083619
0.0013945
0.0005877
0.0038838
-0.0034894
-0.0092982
0.0045898
-0.0057319
-0.0019411
0.0009043
-0.0075849
-0.0022657
-0.0034008
-0.0076463
-0.0054514
-0.0088616
0.0016627
0.005973
-0.0021004
-0.0029095
0.0037461
-0.001613
-0.0025838
0.0033925
-0.0054443
0.0019888
-0.0056489
0.0027683
0.0072833
0.0074341
0.0045813
0.0036785
0.0015284
-0.0086382
0.0058397
-0.0056054
0.0082329
-0.0062222
0.0076192
0.0075445
-0.0089659
0.0036087
-0.0070012
0.0076342
0.0035959
-0.004312
-0.0023687
-0.005533
0.0021987
-0.0009734
0.0064416
0.0046564
0.0070302
0.0006383
-0.0026273
-0.0090096
0.0068804
0.0098844
0.0024522
0.0082159
0.0066183
0.0092133
0.0042528
0.0058625
-0.0067402
0.0037575
-0.0032444
-0.0015148
0.0078528
0.0033117
-0.0029222
0.009421
0.0046174
0.00424
-0.0055134
0.0070435
-0.0038505
0.0024585
0.0046069
-0.0041462
-0.0023439
-0.0065813
-0.0031708
0.0045138
0.0082356
-0.0041068
-0.0090831
0.0054271
0.0002009
0.0027317
-0.0020152
0.0047119
-0.0008783
0.0075461
0.0072826
0.0054936
-0.0075711
-0.0011138
-0.0066859
-0.0023061
0.0036827
0.0068482
-0.0010885
0.0008012
0.005428
0.0080847
0.0039779
0.0072669
0.0072911
0.0058457
-0.0042875
0.001871
-0.002827
-0.0043964
0.003642
-0.0014216
-0.0075933
-0.0095865
0.0042498
0.0024545
0.0072887
0.007198
-0.0089276
-0.0066077
-0.0081267
-0.0067211
0.0049608
-0.0044699
-0.0023314
0.0026727
0.0002573
0.0066383
-0.0057709
0.0072242
-0.0094359
0.0002786
0.0038283
0.0016299
-0.0025583
0.002931
0.0069952
0.0096957
-0.0027537
-0.0028489
0.0053203
-0.0023117
-0.0058337
0.0088086
0.0051189
-0.0009667
0.006362
-0.0028626
0.0032896
-0.0046094
0.007415
0.009918
0.0097022
-0.0097073
0.007276
0.007222
-0.0056072
-0.0038209
-0.0006881
-0.0025085
-0.0067936
-0.009493
0.0001969
0.0086311
-0.0077998
0.0041817
0.0052135
-0.0030005
9.75e-5
0.0078146
-0.0047713
0.0075454
0.0027241
-0.0043356
-0.0031143
-0.0004636
2.5e-5
0.008306
-0.0017965
-0.0035868
0.0045202
-0.0028887
0.0020766
-0.0001896
-0.0073131
6.77e-5
0.0098036
-0.0060323
-0.0034972
0.0079298
0.0053332
0.0040091
-0.0009257
-0.008672
6.47e-5
0.0065726
0.0021466
-0.00364
0.0029404
0.0089114
-0.0097441
0.0066869
-0.0029019
-0.0015426
-0.0058139
0.0095445
0.0016536
-0.0091238
-0.0032861
0.0050051
0.0031519
-0.0019435
-0.0066661
-0.0052951
0.0013639
0.006482
0.0019513
0.0022075
-0.0038805
0.0045192
-0.0041306
0.006716
-0.0046959
-0.0071756
0.0068021
-0.0096596
-0.0066924
0.0065019
0.0012104
-0.0024454
0.0093484
0.0059252
-0.0022518
0.0041329
-0.0044416
-0.0003184
-0.0090439
0.0058204
-0.003767
0.0060727
-0.0065515
0.0020986
0.0035059
-0.0083593
0.002432
-0.0010065
-0.0090831
-0.0082738
-0.003672
0.0025405
0.0089427
0.0061803
0.007934
0.0057703
-0.0099898
0.0058921
0.0022268
-0.0024411
-0.004153
0.0019566
-0.0035504
0.0051522
0.0098025
0.0036325
-0.00161
0.0021483
-0.0013063
-0.0001262
-0.0053789
-0.0096465
-0.0097586
0.002991
-0.0051092
-0.0056948
-0.005685
0.0017779
-0.0019051
-0.0049263
-0.0041715
0.0093161
0.0044368
0.009712
0.0045249
0.0023982
-0.0091645
0.0002755
0.0019629
-0.0008159
-0.0083351
0.0056755
-0.0088902
-0.0070961
-0.0004636
-0.0073439
0.0083549
0.000949
-0.0025473
0.0011334
0.009709
-0.008199
0.0057443
0.0077825
-0.0014906
0.0097857
-0.006663
0.0027582
0.0097592
-0.0048845
0.009087
-0.0034736
0.0047658
0.0014814
-0.0021548
-0.000751
0.0010392
-0.001625
0.0027045
0.0055253
0.0019587
0.0035301
-0.0060643
0.0023207
0.0052758
-0.0059078
0.0077429
-0.0041027
0.0044267
-0.0071343
0.0035448
0.0031323
0.0059417
0.0030812
-0.0044779
0.0038531
-0.0071198
0.0088086
0.0056826
0.0001664
-0.0077847
-0.0016872
-0.0061568
-0.0059491
0.0085717
0.006194
-0.0056906
0.0038968
-0.0068838
-0.0034789
0.0001869
0.0029847
0.0030889
-0.0040346
0.0073127
-0.007596
-0.0029076
-0.0096361
0.003838
-0.0009128
5.55e-5
0.0063075
-0.0096658
-0.009264
-0.0084509
0.0032597
-0.0035986
-0.009454
0.0024313
0.0074849
-0.0058915
0.0078761
-0.0087705
0.0017586
0.0046947
-0.005548
0.0009871
0.0085327
0.0040913
0.0086524
0.0088122
-0.0005084
0.0061667
-0.0061161
0.0025142
-0.0030892
-0.0010712
-0.0005803
0.0077667
-0.0067007
0.0060139
0.0015656
