0.0078002
-0.0094962
0.0054467
-0.0069256
0.0062027
0.007486
-0.0065217
-0.0094021
0.0062962
0.0069797
-0.0008138
0.0071796
0.0045346
-0.003187
-0.0090574
0.0038855
-0.0067311
0.0052704
0.0030306
-0.0004267
0.0020753
-0.0022408
0.008945
0.001289
0.0059087
-0.0074219
-0.0067428
-0.0087899
0.0045625
0.0054737
-0.0084896
0.0051024
-0.0094281
-0.0098065
0.0003332
-0.0052958
0.0005508
-0.0050651
0.0027638
-0.0049628
0.0022067
-0.0016738
-0.0067396
-0.0094224
-0.0004394
0.0041874
0.0016705
0.0040757
0.0031494
0.0035013
0.0028324
-0.0099089
-0.0062285
0.0063024
0.002923
-0.003249
0.0076725
0.0068277
-1.97e-5
-0.0080461
0.0093579
-0.0057741
-0.0083358
0.0042063
-0.0093807
-0.0089324
0.0090212
0.0078724
-0.0085248
0.0053235
0.0008659
0.0076397
-0.0095013
-0.0084868
-0.0009671
-0.0093708
-0.0093343
-0.0033763
-0.0070257
-0.005003
-0.0065299
0.0072448
0.0025656
0.0050034
-0.0060914
-0.0039004
-0.0051804
-0.0020624
0.0040898
0.0083528
0.0095057
-0.0022438
0.0054088
0.0002318
0.0021839
0.0091057
-0.0047534
-0.0093098
-0.0095181
0.0061386
-0.0016507
-0.0039269
-0.003947
0.0020474
0.009041
-0.006611
-0.0092321
0.0028688
-0.0049227
2.0e-7
0.007167
0.0054097
-0.0012259
0.0005477
-0.0086442
-0.0041825
-0.0010456
0.0031757
-0.003329
-0.0033393
0.0050138
0.0011776
-0.0092085
0.0027782
0.0069559
-0.0088102
-0.0016261
0.0050523
0.0004635
-0.0014179
-0.0037953
-0.0077056
0.0090799
-0.0025166
0.0036434
-0.0099338
-0.0082794
-0.003396
-0.0043025
-0.00629
0.0006663
-0.0006775
-0.0031352
-0.0092004
0.0072071
0.0093942
-0.0008887
-0.0016665
0.006276
-0.005692
0.0014587
0.0066137
-0.005472
-0.0097137
-0.004822
4.31e-5
0.0005023
0.0073994
-0.0035427
0.0012419
0.0063483
0.0073758
0.0080799
0.0021617
-0.0087316
-0.006535
0.0046168
0.0052419
-0.0097022
0.0025151
0.0039774
0.0095025
0.0042636
0.0069786
-0.0066124
0.0042862
0.0005518
0.0002836
-0.0098145
-0.0045116
0.0047518
-0.0042237
-0.0093371
-0.0021142
-0.0065135
-0.0056095
0.0007025
-0.0028785
-0.0012436
0.0067122
-0.0031012
-0.0006292
-0.0052023
0.0036312
0.0076863
0.0089481
-0.0036481
-0.0082911
-0.0037759
0.0038598
0.0091324
0.0099773
-0.0027882
-0.0062733
0.00308
0.0057977
0.0009478
-0.006075
-0.0023016
-0.0015642
0.0088385
-0.0080835
0.0035977
0.0049057
-0.0060284
-0.0034461
0.000595
-0.0064075
-0.001407
-0.0083423
0.0019392
-0.0009564
-0.0048198
-0.0033683
0.0003024
-0.0094555
0.0046277
-0.0057244
-0.006622
-0.009132
-0.0050024
0.0080741
0.0084142
-0.0043427
-0.0027758
-0.0054953
0.0071099
0.0087321
0.0054001
-0.0061522
0.0074231
0.0071635
-0.0014364
-0.0029664
-0.0065198
-0.0057582
0.0012592
0.0071903
-0.0015382
0.0026461
-0.0097378
-0.0011715
0.0039405
-0.0061451
0.0025017
0.0083786
0.000784
-0.0010205
-0.0035381
-0.0051902
0.0077284
-0.0072789
-0.0098976
-0.0014786
-0.000778
-0.0030683
0.0084969
-0.0080841
0.0050395
0.0067765
0.0026103
0.0013374
0.0019004
-0.0069249
0.0044462
3.76e-5
-0.0060008
-0.0082136
0.0077141
-0.0003167
-0.0005703
0.0036979
-0.0062846
0.0070756
-0.0078647
0.0059369
-0.0004632
-0.0063645
-0.0079371
0.0025056
0.0060521
-0.0068354
0.0086384
-0.0085106
-0.0089784
0.0095072
-0.0058368
-0.0092258
0.009657
-0.0019529
-0.0066758
-0.0048668
0.0093332
-7.94e-5
-0.0035861
0.0024431
-0.0074949
0.0001531
0.0054781
0.0013306
0.0024748
0.0043925
-0.0052264
0.0027849
0.0066696
0.0024631
0.005061
-0.0033635
0.0062707
-0.0024196
0.0083504
0.0026808
0.0079178
-0.0074343
-0.0091835
0.006094
0.0078958
0.0085877
0.000532
0.0061944
0.0013211
-0.0084126
-0.0044979
-0.0032573
0.0083399
0.0096009
0.0059732
-0.0023379
-0.0003478
0.0091663
-0.0051239
0.009185
-0.0082906
-0.0016956
-0.0006534
-0.0009235
-0.001603
0.0037437
0.0075324
0.0049817
-0.008168
0.002029
-0.0054539
0.0050301
0.0092122
-0.0068642
0.003874
0.0050772
-0.0075058
0.0021377
0.0009584
0.0005202
0.0053104
-0.0080884
-0.0050237
0.0066865
-0.002929
0.008194
-0.001954
-0.0042749
-0.0029886
-0.000605
0.0081488
0.0005514
-0.0059534
0.0097157
0.0013415
-0.0008078
-0.0013346
0.0015657
-0.007802
0.0063509
-0.000672
0.0015221
-0.0027177
-0.0004903
0.0088169
0.0095189
-0.0027604
-0.0057298
-0.0016825
-0.0040025
-0.0087423
-0.0025866
-0.0001464
-0.0092016
0.001335
-0.0012248
0.0082022
-0.0025806
0.0093927
-0.0072199
-0.0099351
-0.0040309
-0.0048329
-0.0053997
-0.0032343
0.0014411
0.0013366
-0.007845
-0.0072803
-0.0052251
-0.0010793
-0.0063763
0.0047159
0.0027398
-0.0017221
-0.0021115
0.0011269
-0.0038281
-0.0014558
0.000791
0.0094478
0.0007742
-0.006723
0.0077469
-0.0078276
-0.0064743
0.0096979
0.0088596
0.0039294
-0.0034702
0.0027226
-0.000785
0.0053589
-6.4e-6
0.006538
0.0031369
-0.0067225
-0.0055666
-0.0027631
-0.0066081
-0.0084184
-0.0005999
-0.008173
-0.0087825
-0.0068335
0.0058505
-0.0043538
-0.004835
-0.0073937
0.0018127
-0.0046776
0.0089907
0.0025255
0.0062778
0.0036212
0.003589
-0.0060845
-0.0023903
0.0028958
-0.0061704
0.0036256
-0.0069872
-0.0043691
-0.0005829
0.0056586
0.0059756
-0.0079104
-0.0099856
0.0039526
-0.0015271
0.0047883
0.0077419
0.008586
0.0084012
0.004059
-0.0018436
0.0019035
0.0063159
-0.00243
-0.0077462
-0.0037973
-0.0095824
0.0094293
-0.0020278
0.0040589
0.0023668
0.0098447
-0.0068798
-0.0067919
0.0096078
0.0099601
-0.009177
-0.0088914
