-0.0027759
-0.0094964
0.0023108
0.0096684
0.0098073
0.0041308
-0.0041544
0.005124
-0.0091324
-0.0020902
0.0007689
0.0081871
0.0033133
0.0085959
0.0011781
-0.0056377
-0.0018015
0.0049026
-0.0097306
0.0039166
0.0058815
-0.0085212
0.0035244
-0.0067913
-0.0003115
0.0035966
0.0016133
-0.0057517
-8.41e-5
0.0005878
0.0053187
0.0095436
0.0035677
0.0054639
-0.0051988
-0.0055055
0.0011793
0.0004845
-0.0027265
-0.0094388
0.0002281
0.0002635
-0.0065261
-0.0074115
0.0061174
0.0016256
-0.0017171
-0.0001723
0.008397
-0.0084929
-0.0094824
-0.0029676
-0.0019187
-0.0068133
-0.0046451
-0.007689
0.0035496
-0.005659
-0.0033072
0.0003778
0.0065174
0.0049734
0.0002052
0.0064716
-0.0028818
0.0008059
0.0008269
0.00852
0.0038517
-0.0053487
0.0036334
-0.0028017
0.0058602
0.0076061
-0.0046639
-0.0064641
-0.0001921
0.0038731
-0.0062554
0.0055026
0.0046284
-0.0052739
-0.0019419
-0.0002731
-0.0056936
-0.001751
-0.0047739
-0.0020008
-0.0004251
0.0002287
-0.0007508
0.0039968
0.0004394
-0.0005553
-0.0012184
-0.0044286
-0.0050331
6.52e-5
-0.0066064
-0.0084219
-0.0059622
-0.006136
0.0052659
-0.0075283
-0.0007406
-0.0015999
-0.0001581
-0.001954
-0.0013023
-0.0079047
-0.0043797
0.0032913
0.0092225
0.0036108
-0.0080354
0.0014401
-0.0003669
-0.0033058
-0.0010278
-0.0090841
-0.0075553
0.0072618
0.0046252
-0.0012224
0.0062819
0.0028727
0.0069626
0.0081919
-0.0009714
0.008693
0.0010559
-0.0013338
-0.0002673
-0.0092093
0.0089446
-0.0005271
-0.000253
0.0069276
0.002532
0.0060066
-0.0062385
0.0067525
0.0097092
-0.0093516
0.0005462
-0.0041085
-0.0063371
0.0037795
0.0072703
0.0010279
-0.0004332
-0.0054161
0.0004081
0.0052696
0.008567
-0.0008866
-0.0082478
0.0004396
0.001557
0.004006
0.0005977
-0.0065947
0.0045601
-0.0031922
0.007394
-0.0057838
0.0067423
0.0040011
-0.0097534
0.0031978
0.0033597
0.0075793
0.0035702
0.0056466
-0.0017976
0.0046262
-0.0054389
-0.0062384
0.0083265
-0.0072075
-0.0057713
-0.0004733
-0.0062553
-0.0075301
0.0009605
0.0031119
-0.0078089
0.0044557
0.0033862
0.0088009
0.0097877
-0.0044405
-0.0013549
0.0052034
-0.0031004
-0.0007777
-0.009369
0.0034446
-0.0036524
0.0076607
-0.0092051
0.0051736
-0.0095329
-0.0060205
-0.001419
-0.0025128
-0.0080367
0.0016991
-0.007968
-0.0034844
0.0015224
0.0074165
-0.0015486
0.0038922
-0.0038593
-0.0001231
-0.0077178
-0.0023884
-0.001957
-0.0094477
0.0059072
0.0038009
0.0062141
0.0071546
-0.0082485
-0.0068699
-0.0074387
0.00716
0.0050913
-2.09e-5
-0.0088865
-0.0090668
-0.0022548
0.0061934
-0.005989
-0.0095128
-0.0068896
0.0045206
0.0023934
-0.0033714
0.006844
0.0031394
-0.0037364
-0.0005679
-0.0072678
0.0078543
-0.0003934
0.0007947
-0.0003069
-0.009452
-0.0056856
-0.0080285
-0.006719
0.0025926
0.0020659
0.0073517
-0.0079425
-0.0004855
-0.0076063
0.0080586
0.0077752
0.0067574
-0.0076233
-0.0046137
-0.0044618
0.002104
-0.0043888
-0.0047272
0.0081189
0.001082
-0.0050153
-0.0039098
0.0052853
-0.0024674
0.0042058
0.0029352
0.0003839
-0.0025744
-0.0076467
-0.0077151
0.0097082
0.0090722
-0.0081221
-0.0094466
0.0052229
-0.0057429
0.002451
0.0012192
-0.0076066
0.0074273
-0.0080986
0.0016383
0.0081796
-0.0033951
-0.0098641
-0.0084811
0.0065404
-0.0097007
0.0059059
-0.0002008
0.0022278
0.0016585
-0.0043531
0.0044496
-0.0025137
-0.0002774
0.0050335
0.0037193
-0.0064462
0.0065417
-0.0007761
-0.000565
-0.0039104
-0.0089816
-0.0069693
0.0091253
-0.0063653
-0.0037251
0.009181
-0.0002059
-0.0051704
-0.0025351
0.0024451
-0.0020892
0.0054426
-0.0010969
0.0015562
-0.005898
0.0028483
0.0052449
-0.0076376
-0.0005245
-0.0039949
0.001794
-0.0058304
0.0042642
0.0079094
0.0086482
0.0069782
-0.008595
-0.0079743
-0.00051
-0.0056877
0.0066087
-0.0071261
-0.0014696
-0.0035518
-0.0043131
0.0017644
-0.0053081
0.0006993
0.007959
-0.0006963
0.0067475
0.0039912
-0.0021112
0.0057714
-0.0059396
1.56e-5
-0.0028384
-0.0031228
0.0043593
0.0030944
-0.0009386
0.0045697
-0.0037599
-0.0074456
0.0019261
0.0066987
-0.0007051
0.0090941
0.0057008
0.009957
0.0027374
0.0025158
0.006732
-0.0045423
0.0080399
-0.0033839
0.008668
0.0082747
0.0026523
0.0058268
0.0078329
0.0015956
-0.0019834
-0.0096051
-0.0068587
-0.0094057
-0.0087235
-0.0068509
-0.0058543
-0.0048689
-0.0023547
-0.0050749
-0.0077221
-0.0057783
0.0017418
-0.0095796
-0.004869
0.009715
-0.008327
-0.0011107
-0.0074762
-0.0012486
-0.0088536
0.0060519
-0.0092997
-0.0045095
0.0017939
0.0063427
0.0079099
-0.0037742
-0.0098362
0.0089117
0.0063969
0.0009341
0.0007907
0.0090329
0.0009537
0.0007135
0.0051014
-0.002863
-0.0098741
0.0095795
0.0047982
-0.0012865
0.0065214
0.0029523
-0.0044847
-0.0095335
0.0081669
-0.0042632
-0.0026734
-0.0039099
0.0039396
0.0018657
0.0070007
0.0072059
0.009835
0.004891
0.0038016
0.0020133
0.0001733
0.0073966
0.0090609
-0.0021315
0.0015738
0.0099748
0.0003307
0.0083737
0.0032359
-0.0067675
-0.0078763
6.27e-5
-0.0041195
-0.005412
-0.0073679
-0.000967
-0.0046317
-0.0055702
0.0020853
0.008227
-0.0099277
0.0023471
0.0032371
0.0093079
-0.002144
-0.0047384
0.0088306
-0.0032357
-0.0044036
0.0096403
0.0063536
-0.0020401
-0.0041935
-0.0090712
-0.0084835
0.000803
0.0069285
0.007159
-0.0025054
-0.0024449
-0.0026862
-0.007217
-0.0090319
0.0024119
-0.0084625
0.0033502
-0.0030819
0.0070873
-0.0028841
0.0042051
0.0076783
2.1e-5
