-0.0060576
-0.0005722
0.0039928
-0.0066221
-0.0043803
-0.0090048
0.0038307
0.0074717
-0.004637
-0.0077563
-0.0096686
0.0032182
-0.0013001
-0.0029108
0.0074448
-0.0055017
-0.0028711
0.0036005
-0.0082202
-0.0036277
0.0091216
-0.0060899
0.0043222
-0.0002604
-0.0005602
-0.0001308
-0.0043726
0.0097053
0.0095948
-0.0040585
0.0009564
-0.0014248
-0.0069508
0.0064986
-0.0008996
0.0011395
0.0015465
-0.0017708
-0.0075907
-0.0068119
0.0080922
-0.0095184
0.007071
-0.0064402
-0.0097585
-0.0028456
0.0046557
0.0032273
-0.0086552
0.0026961
-0.0001225
-0.0036034
0.0073656
0.0066171
0.0067976
-0.0058599
-0.0065979
-0.0079233
0.0024764
0.0048214
-0.0092102
0.0063275
0.0032228
-0.0004424
0.002724
-0.0099123
0.0092114
-0.0046085
-0.0070171
-0.009594
0.0011883
0.0018861
-0.0099309
-0.0064129
0.0097724
0.0062461
0.0016448
-0.0039361
-0.0068024
0.003477
0.0014445
0.0085042
-0.0067032
-0.0076672
1.84e-5
0.0001965
0.0041415
-0.0049509
-0.0045241
-0.0077969
-0.0023851
0.0005491
0.0071239
0.0065677
0.0029012
-0.0060639
0.0056296
0.0074161
0.0088392
0.0058522
0.0086637
-0.0086646
0.007291
-0.0002595
-0.0050222
8.56e-5
0.0084181
-0.0035138
-0.0053874
0.0093537
0.0042032
0.0070343
0.0070241
-0.0023632
0.0082755
0.0018956
0.0011148
-0.0084193
-0.0079446
-0.0047312
-0.0053334
0.0076112
-0.002469
-0.0086909
-0.008035
-0.0052309
0.0009165
-0.0009491
0.0002925
0.0085489
0.0029648
-0.0061631
0.0037367
0.0064538
0.0005913
-0.0085769
0.000972
0.0050827
-0.0019116
0.0023904
0.0045576
0.006498
-0.0039003
-0.0092452
-0.002335
-0.0088908
0.005895
-0.009271
0.0002717
-0.007682
-0.0028829
-0.0037406
-0.007553
0.0082667
-0.0011641
-0.0034675
-0.0094541
0.0072786
-0.0055078
-0.0090738
-0.0016158
0.0040495
0.0063721
-0.0016834
0.0094692
0.007162
-0.0040181
0.0022121
-0.0082402
-0.0090604
0.0052488
0.0079459
-0.0031399
-0.0095898
-0.0009794
-0.00835
-0.0085829
0.006498
0.0028176
0.0019743
0.0075394
0.0016323
0.004068
0.0071162
-0.0032686
0.0052699
-0.005971
0.0088336
-0.0024745
0.0067675
0.0048062
0.0029515
-0.0052841
0.0007637
0.0093373
0.0090736
0.0064452
0.0013005
-0.0073415
-0.0064154
0.0004835
0.0043545
-0.0049302
-0.0001454
8.4e-5
0.003241
-0.0096544
0.0005944
0.0006395
-0.005721
0.003083
0.0053545
-0.0090804
-6.65e-5
0.0030778
0.0016454
0.0060205
-0.0074433
-0.000932
-0.0062008
0.0029697
-0.0080747
-0.0026645
0.007162
0.0091509
-0.0032943
-0.0045212
0.0098528
0.005042
0.0042926
0.0011737
-0.0020197
0.0026062
-0.0089806
-0.0042007
-0.0054615
0.0035152
0.0088573
0.0049483
0.0096198
0.0002655
0.0096495
0.0014287
0.0064356
-0.0075455
-0.0010276
-0.0021045
-0.0081806
-0.0065181
-0.0047217
-0.0018109
-0.0093281
-0.000588
0.0089375
-0.0010293
-0.0011833
-0.0040261
-0.0095224
0.0016449
0.0094323
0.0062201
-0.0011381
-0.0006322
-0.0034449
0.0024051
0.0096264
0.0045627
-0.0064563
-0.0001945
0.0074176
0.0019714
-0.0068161
0.0048565
0.0002847
0.0040844
0.0007163
0.0015499
-0.0009928
0.0062477
0.003758
0.0065096
-0.0082719
0.0050593
-0.0052849
0.000943
-0.0073681
0.0002892
0.0058596
-0.0038761
-0.0062553
0.0008826
0.0072153
-0.009867
0.0024655
-0.0061143
0.0090053
-0.006259
-0.0024409
-0.0096934
0.0038215
-0.0085731
-0.0076072
-0.0098079
-0.0043844
0.0047798
-0.0075905
0.0030825
0.0071461
0.0065472
-0.0087505
-0.0066542
-0.0091035
-0.0087747
0.003151
-4.81e-5
0.0032152
-0.0021682
0.0030058
0.0074524
0.0012796
-0.0009887
-0.0029424
-0.0001561
0.00026
0.0090222
-0.0082637
-0.0016161
0.0046538
0.0096801
-0.0080532
-0.0088775
-0.000492
0.0070564
0.0078042
0.0051097
0.0061873
-0.0035677
0.004321
-0.0094968
-0.0048192
0.0085502
-0.008309
0.0038732
-0.0007829
0.0059878
0.0026938
-0.0096822
-0.0096751
0.0005673
-0.0053404
0.0047096
0.0040546
0.0025712
-0.0002451
0.0056143
0.0061426
0.000708
-0.0096135
0.0026626
0.0092324
-0.002815
0.0066718
-0.0098338
-0.0033722
-0.0037236
0.0055251
-0.0033466
0.0093574
0.0082616
0.0028214
0.007453
-0.0035104
-0.0072481
-0.007106
-0.0014487
0.0078356
0.0098121
0.0006291
-0.0072977
0.0092614
-0.0028961
-0.0027267
-0.0005571
0.0035999
0.0054477
0.0032297
0.0075591
-0.0045744
-0.0023944
0.0065459
0.0098062
-0.0069697
-0.0027792
0.0047221
0.0032406
-0.0076991
0.0051806
0.0018142
0.0098176
0.0029882
0.0029795
-0.0008904
0.0013084
-0.0097083
0.0076588
0.0074018
0.0074694
0.0051325
0.0088489
-0.009644
-0.0084054
0.0004591
0.0042308
-0.0002729
-0.0012195
-0.0024211
-6.25e-5
-0.0043455
-0.0028794
0.0091504
0.0053392
0.0015094
0.0046217
-0.0073075
0.007678
0.0047305
0.0067564
0.0050973
0.0097099
-0.0071207
0.0072801
-0.0062966
-0.0095016
0.0026221
0.006228
-0.0051771
0.0063808
0.0079473
-0.0009144
0.0048246
-0.0027415
0.005976
-0.0080819
-0.0031244
-0.0030033
-0.0070601
0.0002849
-0.00491
0.0050816
-0.0012957
-0.0040762
0.0032883
0.0033597
-0.0041212
0.0090939
-0.0091494
0.0012656
-0.0051222
0.0058264
0.0004584
-0.0065313
-0.0041869
0.0097001
0.0089464
-0.0079391
0.0003492
-0.00928
0.0047541
-0.0073574
0.0011239
0.0035428
0.0089547
-0.001689
0.0096294
-0.0008568
0.0038634
0.0044678
-0.0082229
0.0021098
-0.009163
-0.0043949
-0.009805
0.0036759
0.0088084
0.0092159
-0.0038357
-0.0046032
-0.0017266
-0.0009393
0.0038068
-0.0018212
-0.0005385
0.0071987
-0.0050366
-0.0065488
