0.0093273
0.0095779
0.0045591
0.0024171
-0.0079707
-0.0061886
0.0003194
0.0059046
-0.0012098
0.0027052
-0.0048483
0.0073902
0.00869
8.2e-5
0.0021737
0.0003964
0.0011752
0.0027492
-0.001692
-0.0056328
0.0084307
0.0038709
-0.0054598
7.33e-5
0.0020915
-0.007706
-0.0077771
-0.0083397
0.004896
0.0098611
-0.008388
0.009381
0.0078957
-0.0051506
-0.0043441
-0.0059488
-0.0099972
-0.006805
-0.0083098
0.0034999
0.0036698
0.0052395
-0.0015007
-0.0016439
-0.0010272
-0.0071093
0.004901
-0.008905
0.0086085
0.0051341
-0.0036595
0.0021978
-0.0069095
-0.0073709
-0.0065964
0.0036196
0.0051129
0.0086027
-0.0041125
0.0070428
0.0023758
-0.0056067
-0.00854
0.0072268
0.0023905
-0.0030001
0.0006782
-0.0088175
0.0085146
-0.0064671
0.0068969
0.0051757
-0.0018712
0.0091605
0.0062031
0.0093387
0.0003078
-0.0037196
0.0007174
-0.0032599
-0.0079649
-0.0052177
0.005313
0.0075648
-0.001168
-0.0058132
-0.0027691
0.000956
-0.0025931
-0.0046459
-0.0099109
0.0089841
0.007758
-0.0057377
0.007988
-0.0025575
-0.0005266
-0.0039073
-0.0065094
0.0086997
-0.0083303
-0.0042446
-0.0083852
0.0006486
0.0021383
0.0033489
-0.0042927
0.0089298
-0.0025621
-0.0051769
-0.0036147
-0.0026698
-0.0099831
0.006728
-0.0055536
-0.0068434
0.001461
0.0045541
-0.0059347
-0.007424
0.0015008
-0.0006707
-0.0055293
0.0016884
-0.0090737
-0.0028967
0.0026232
0.0089744
-0.0002066
-0.0020643
0.009357
0.0082116
-0.0095461
-0.0084137
-0.0064799
-0.0068521
0.0044014
-0.0077546
-0.0051502
0.0093129
-0.004035
0.002604
-0.0030983
0.0079427
-0.0094153
0.0067004
-0.0001975
-0.0092759
0.0080598
-0.002265
0.0089841
0.0027082
0.0089536
-0.0097471
-0.0091145
-0.0069307
0.0020098
-0.002581
0.0023457
0.0055774
-0.0027589
-0.00203
-0.0003177
0.0020888
-0.0028066
0.0068813
-0.0045657
0.0042385
-0.0077935
0.0007384
-0.0087573
-0.0003325
-0.0046835
0.0002431
0.0049019
0.0085768
0.0048822
-0.0090394
-0.0071881
0.0030584
-0.0093802
0.0047878
0.0097012
0.0015749
-0.0025911
-0.0052252
0.0050353
0.0024182
-0.0089081
-9.69e-5
-0.0077086
-0.0050647
0.0063827
-0.0091893
-0.0002439
0.0034303
-0.0062245
-0.0061858
0.008613
0.0071625
-0.0005624
0.0051359
0.0023118
-0.0098037
0.0038413
-0.0069645
-0.0029094
-0.0082195
0.0054437
-0.0031264
0.0055519
0.0089283
0.0032288
0.008575
-0.000943
0.0007011
-0.0072321
0.0088005
-0.0075906
0.0048805
-0.0035061
-0.0082236
-0.0007987
0.0060767
-0.0056382
-0.003163
-0.0073142
0.0022556
-8.49e-5
0.0048894
0.0021213
0.000856
-0.0015999
-0.0087829
0.007462
-0.0025279
0.0040355
-0.0054742
0.002694
-0.0033643
0.0093558
0.0034655
0.0093905
0.0006691
0.0087399
-0.0055133
0.0054234
9.48e-5
0.0086807
0.0001335
-0.0001411
-0.0050026
-0.0023407
0.0087523
-0.0076951
0.0045257
-0.003634
0.009255
-0.0050318
-0.0043674
0.0073203
-0.0036898
-0.0008848
0.0056951
-0.0040615
-0.0001028
-0.0026119
0.0016371
0.0084257
0.0095018
-0.0092783
-0.0062632
-0.0032229
0.0093713
-0.0024866
0.0002748
-0.0055808
0.0011877
0.0078512
-0.00523
0.0038623
0.0086914
0.0046304
-0.0095282
0.0087662
-0.0054978
-0.0005515
0.002961
-0.0068007
-0.0008085
-0.0084993
0.0004234
-0.0054191
0.0098584
-0.0005979
0.0053314
0.0048101
-0.0072827
0.0074746
-0.0089599
0.0098902
-0.0049637
0.0035122
0.0098693
-0.0097276
0.0016035
-0.0018572
0.0086105
-0.0005544
0.0038691
0.006883
0.003245
0.0054369
-0.0069014
0.0010758
0.0060505
-0.0061149
-0.0048256
0.0095718
0.0052122
0.0095976
-0.0006728
0.0059187
0.0038369
0.006056
-0.0080635
-0.0043193
-0.001261
-0.0039459
0.0031146
0.0038868
-0.0099417
0.0037606
0.0038604
-0.0020379
-0.002152
-0.008934
-0.0030522
-0.0024169
0.0022255
-0.0049234
0.0015455
0.0066127
0.0065445
0.0029197
-0.003285
0.0061114
0.0093151
-0.0022082
0.0021943
-0.0076644
0.0019204
0.0083629
-0.0049241
0.0088858
0.0060339
-0.0052516
0.0004677
0.0028857
-0.0023673
-0.0089429
-0.0077157
-0.007233
0.0058874
0.0057282
-0.0094669
0.0011333
0.0011463
-0.0011065
-0.0012964
0.001732
0.0091185
0.0007631
0.0037882
-0.0042947
-0.004241
0.0040712
0.0002664
0.0049513
-0.0092208
-0.0096283
0.009615
-0.0049186
-0.0087926
-0.0048972
-0.0015646
-0.0041081
-0.0043423
0.0089527
-8.25e-5
-0.0026401
-0.0094956
0.0057389
-0.0079446
-0.0030126
-0.0076358
0.0096075
0.0049731
0.001208
-0.0079469
0.0023963
-0.0082144
-0.0008716
-0.0024748
-0.0030403
-0.0026357
-0.0073205
0.0002437
-0.0066604
0.0039723
-0.0028028
-0.0039703
0.007813
0.0065809
-0.0045042
-0.0068901
0.0029584
0.0089179
-0.0056909
-0.0014477
0.0049327
-0.0083066
-0.0060576
0.0038824
-0.0027198
-0.0048436
-0.0031894
0.005316
-0.0021086
0.0088195
0.0099011
0.0026656
-0.0087741
0.0031253
-0.0073957
-0.0094167
0.0073756
-0.0064406
0.004836
0.0035849
0.0031749
0.0046227
0.0018684
0.0075876
-0.006308
0.0077137
-0.0007448
-0.0048737
0.0028568
-0.0011276
-0.0054099
-0.0012529
0.0028484
0.0099965
0.0043318
0.0031971
-0.0006954
-0.0035374
0.006939
0.0055245
-0.0091499
-0.0080041
-0.0083501
-0.0009888
-0.0011455
-0.0095822
0.0083741
0.004853
-0.0013231
0.0011141
0.0087485
0.0064193
0.0093974
-0.0028125
0.0021395
0.0066331
0.0083481
0.0013012
-0.0055523
0.0075456
-0.0061056
-0.0096993
0.0061879
0.0096476
0.0030922
0.0096358
0.0063066
-0.005275
-0.0081552
0.0041746
-0.0087433
-0.008597
0.0071656
-0.0096355
-0.0045122
