-0.001562
0.0059526
0.0038034
0.0091387
-0.0044536
0.0098013
0.0014861
0.0055194
-0.0050486
-0.0042322
-0.0058922
0.0082648
0.0024447
0.0020695
0.00203
-0.0016031
-0.0088442
0.0042042
0.0035677
0.0019868
0.0043728
0.006351
-0.0042938
-0.0040971
0.0064737
0.00579
-0.0039187
-0.0076977
0.004359
-0.0089544
-0.0010827
-0.007924
0.0013822
0.007397
-0.0022654
0.0044802
0.0070587
0.0042688
0.0031081
-0.0097272
0.0038506
-0.0031127
-0.0010584
0.0011257
-0.0039471
-0.0054395
0.0083704
0.0061816
-0.0075366
-0.002445
-0.0091746
0.0083708
-0.0048635
-0.0082804
0.0082766
-0.0026771
0.0081408
-0.0084268
0.0065981
0.0089443
-0.0021758
-0.0062643
0.0045502
-0.0087841
0.0084855
0.0004992
-0.0049526
0.0004414
0.0053971
-0.0095945
-0.0069336
0.0024011
-0.0078081
0.0024106
0.0002065
-0.0031347
0.0015748
0.0038762
-0.0006187
0.006544
0.0096022
0.0048774
-0.0084317
0.0057699
-0.0021726
-0.0050413
-0.0021958
-0.0054738
-0.0080214
0.0023895
-0.0083784
-0.0078373
-0.0035212
0.0024108
0.0099095
-0.0089073
-0.0041934
-0.0009591
-0.0096309
0.0081946
0.0023985
0.0030498
-0.0033877
-0.0015179
0.0080859
0.0042532
-0.0016286
0.0030592
0.0036434
-0.0018964
0.0014941
0.0081638
0.0032279
-0.0055052
0.0056731
0.0010655
-0.0005708
0.0053307
0.0058968
-0.0057504
-0.0058134
0.0009526
0.0042306
0.0068915
0.0018045
-0.0071468
-0.0053102
0.0086004
0.0076129
0.0072799
0.0021571
-0.0010313
-0.0070979
0.0055324
-0.0035594
0.0069438
0.0093346
0.0079437
0.0053389
-0.005255
-0.0017783
-0.0090345
-0.0048718
0.0020183
-0.0057111
-0.0060492
0.0017375
0.0061058
0.0083788
0.0002981
0.0093873
-0.0089572
-0.0015298
-0.0008012
0.0089133
0.0040366
-0.0030171
0.0012684
0.0001946
-0.0074963
-0.0073822
0.0072073
-0.0017084
0.0093915
-0.0013618
0.0089951
-0.0073087
0.0051473
0.004589
-0.0034439
-0.0056924
0.0040316
0.009714
0.0037731
-0.0086778
-0.0057837
0.0047278
0.0066557
0.0040089
-0.0044652
0.0006113
0.0086471
-0.0094656
-0.0021742
0.0029428
-0.0098929
0.0025362
0.0054441
0.0014656
0.0031936
0.0007948
-0.0008995
-0.0044666
0.0078608
0.0068508
0.0051832
0.0070463
-2.31e-5
0.0048938
-0.0046583
-0.002324
0.0027596
0.0064955
0.001597
0.0057877
-0.0030445
-0.0001873
-0.0029722
0.0059892
0.0035789
-0.0039572
0.0039954
-0.0034421
0.0092364
-0.0045313
0.002312
-0.0044493
0.0080633
-0.0096659
-0.0053392
0.0012119
0.0040832
-0.0017307
0.0082822
-0.0028125
-0.005278
-0.0073066
0.0073283
-0.0073712
0.0018858
-0.0086251
0.0066214
0.0028166
-0.0041168
0.0097722
0.0057299
0.0012346
-0.0087826
-0.0031251
0.0069369
-0.0031127
0.0005813
-2.71e-5
-0.0095196
0.0028295
-0.0033027
0.0039051
-0.0014271
-0.0031172
0.0023602
-0.0012871
-0.0048638
0.0015124
0.0098574
-0.0073501
-0.0034894
0.001395
0.003449
-0.007184
0.0019774
-0.0053194
0.0025451
0.0014314
0.0077757
-0.0019788
-0.0066679
0.0054924
-0.0067095
0.0019332
-0.0060696
-0.009025
0.0068021
-0.0050765
0.006563
0.0032713
0.0041709
-4.94e-5
0.0031318
-0.0002465
-0.0043658
0.0047075
0.0069077
-0.0074101
0.0092969
-0.0012221
0.0063795
-0.0055276
0.0062619
-0.0064486
-0.0038133
-0.0090855
0.0098348
-0.0043778
0.0083043
-0.0007495
-0.0012906
0.0019351
0.0071607
0.0034025
-0.00515
-0.0001475
-0.0026743
0.0002217
0.0060298
-0.0066663
0.00079
0.0090275
-0.0042224
-0.0008617
-0.0004162
-0.0003005
-0.0085182
-0.0025755
0.0062701
0.0079235
-0.0099251
-0.0064491
-0.0059052
0.0042391
0.0097141
-0.0082246
-0.0085134
0.0041401
-0.0027186
0.0069966
-0.0007664
-0.0002772
0.0029526
-0.0060462
0.0008823
0.0094057
-0.0060823
-0.0078155
0.0008906
-0.0017437
0.0062925
0.0019032
0.0047281
0.0022832
-0.0062532
-0.0018228
0.0050437
-0.0021163
0.009134
0.0012219
0.0015415
-0.0048199
-0.0095806
-0.0094085
0.0038824
0.0077475
-0.0065866
-0.0026055
-0.0036801
0.0061066
0.0094001
-0.0074847
0.0033639
0.0050169
-0.005835
0.0040039
0.0055849
-0.0086292
-0.0093798
0.0015487
0.0068128
-0.0039607
0.0032822
-0.0038577
0.0018645
0.0065269
0.0041421
0.0054841
-0.0021866
-0.0088838
0.0085399
0.0079084
0.0050437
-0.002984
-0.005365
0.008798
0.0062752
-0.0047029
0.0062823
0.0058942
0.0071219
-0.0073943
0.0081501
-0.0024991
-0.0067258
-0.0015085
-0.0088062
0.0044015
0.0078795
-0.0014284
0.008026
0.0074559
-0.0072598
-0.0001814
-0.0003032
0.0048247
0.0015363
-0.0098504
0.003798
0.0040637
0.006579
0.0082494
0.007842
0.008651
0.0086756
0.0046982
0.0020101
-0.0053972
-0.0070448
0.0014971
0.009347
0.0062302
0.0094601
-0.000629
0.009016
0.0029195
-0.0092195
0.0096791
-0.0037093
0.0053859
-0.0080392
0.0030102
0.0089885
0.0060261
0.0034821
-0.0089656
0.0039906
0.0055072
0.0072495
-0.0048816
0.0083377
0.0089754
-0.0095883
0.0001
0.0080916
-0.0088977
0.008101
-0.0039037
0.0080219
0.0028229
0.0024807
-0.0042915
-0.0084199
0.0037138
-0.0082466
-0.0036651
-0.0083961
-0.0055999
-0.0064227
0.0060663
0.0015759
0.0013399
0.0047682
0.006911
0.001139
0.0008348
-0.0082867
0.0081675
0.004352
-0.0017785
-0.0070383
-0.0064672
0.0077967
0.0002201
0.0007968
0.0039921
0.0068266
-0.009891
-0.0033538
-0.0086496
-0.0075237
0.0088421
0.0067016
-0.0094206
0.0026169
0.0054035
0.0064036
-0.0014309
-0.0042661
-0.0086836
0.0056287
-0.0062249
0.0049967
-0.0056517
0.0043881
-0.0058052
0.0097057
0.0041351
0.0019819
0.0041893
