-0.0083526
-0.0009416
0.0015162
-0.0008167
-0.0069308
-0.008003
-0.0017972
0.0021107
0.006601
-0.0059876
0.0009496
0.000287
0.0007285
0.0059728
-0.0072628
-0.0055414
0.0058751
0.0064765
-0.0089596
-0.0032705
0.0010132
-0.0025722
-0.0027137
-0.007981
-0.0053244
-0.0082333
0.0003329
0.0052506
-0.0038155
-0.0086769
0.0017327
0.003208
-0.0010072
0.0052417
-0.0074563
-0.0071962
0.004884
-0.0031337
-0.0072906
0.0048313
-0.0013079
1.52e-5
-0.0001887
-0.0058394
0.0001848
-5.0e-6
-0.0080403
-0.0086937
0.0081753
9.13e-5
-0.002512
-0.0042729
0.0047562
-0.0092771
0.0085053
0.0003206
0.0067716
0.0044808
-0.0019347
0.0076108
0.0085394
-0.0089825
0.0083555
-0.0094133
0.0056237
0.00045
0.0095851
-9.11e-5
-0.0006138
-0.0089606
-0.0049423
-0.0037281
0.0094313
-0.0053477
0.0033957
-0.0007814
0.0051508
-0.0008196
0.0039378
-0.0053448
-0.00146
0.0096735
0.0088478
-0.0026879
-0.0036912
-0.0019142
-0.0070578
-0.0022342
-0.0080525
0.0033806
0.0055271
-0.0075894
0.0038437
0.0009692
-0.0012344
0.0029112
0.0033157
-0.0012957
-0.0020335
-0.0010223
0.0033192
0.0031191
-0.0029794
-0.0023908
-0.0048212
-0.0024252
-0.0024128
-0.0004781
0.0092833
0.0037799
0.0063709
-0.0038079
0.0052422
0.0033151
-0.0049114
-0.0012651
-0.0067573
0.0063421
-0.0090841
0.0051977
0.0083286
0.0044957
-0.0005976
-0.0085173
0.0070807
0.0066972
0.0047614
-0.0012661
0.006378
0.0064796
0.0067998
0.0050219
-0.0037234
-0.0065715
-0.0040132
-0.0098396
-3.54e-5
0.0022054
0.0062435
0.0062057
-0.0055041
-0.0034341
0.0066669
0.0056488
-0.0077391
-0.0058466
0.0056842
-0.0033251
-0.0060241
0.0077973
-0.0055153
-0.0049809
-0.0025498
-0.0030858
0.0060779
-0.0013847
0.0018136
-0.004463
0.0060259
0.0086793
0.007905
-0.0006663
0.0007637
-0.0061187
0.0073529
-0.0090879
-0.0028019
-0.0086405
0.0065402
0.007029
-0.0098754
0.0075278
-0.0093131
-0.0093821
0.0028632
-0.0001154
0.0019703
0.0096097
-0.0010053
-0.0018657
-0.0083179
-0.0092448
-0.0006304
-0.0020715
-0.0056881
-0.0065873
-0.0032468
-0.0074815
0.00408
0.0016526
-0.0078959
-0.0067435
-0.0026259
0.0031238
-0.0055463
-0.000602
-0.0054482
-0.0024578
-0.0033381
-0.0034831
0.0023796
0.007151
0.0059556
-0.0001181
-0.0044024
0.0054254
-0.0046455
0.000564
0.0037931
0.0082656
0.0071063
0.0085521
-0.0086594
0.0047396
0.0008479
0.0079521
0.0065774
0.0005666
0.0083217
-0.0056855
0.0033129
-0.0075077
0.0098696
0.0036123
-0.0073385
0.0071775
0.0087335
-0.0056724
0.0074969
0.0041496
-0.0089302
0.0005963
0.0098759
-0.0078414
0.0059508
0.0042748
0.0039311
0.007689
-0.0033886
-0.0093585
0.0021993
0.0084683
-0.0035771
-0.0076053
-0.0097743
-0.007077
0.0020503
-0.0096374
-0.0058631
0.0099595
0.0061438
0.0072588
-0.0043753
-0.0013015
-0.0077049
0.003792
-0.0021178
0.0024395
-0.0094502
-0.0028462
0.0062372
0.0087367
-0.0023122
-0.0094836
-0.0071707
0.009173
-0.004902
-0.0045175
0.002167
-0.0041747
-0.0071654
0.0037306
0.0083282
0.0097562
0.0019456
0.000449
0.0080027
-0.0036499
0.005648
-0.0077073
-0.0086664
-0.0080512
0.0083098
-0.0010864
0.0080737
0.0087255
-0.0034558
0.0083326
0.0022924
-0.0049388
-0.0007047
-0.0085486
0.0053346
9.8e-6
0.0011345
0.0070784
0.0034755
-0.0092154
0.0045229
0.0058265
-0.0046474
-0.0023635
-0.0038836
0.0076796
0.0042693
0.0087519
-0.0032489
0.0018034
0.0021336
0.0018097
-0.0094958
0.0043363
0.0006358
-0.0070657
-0.0017797
-0.0038209
0.0089306
0.0076941
0.0019635
0.0040814
0.0035644
-0.0079658
-0.0051824
0.0008097
0.0088074
0.0036744
0.0085939
-0.0046598
-0.002647
0.0051256
-0.0018076
0.0011975
0.006818
0.0034983
-0.0065139
-0.0042792
-0.0052227
0.0088
-0.008432
-0.0007342
0.0089966
-0.0092119
-0.0068127
-0.0016936
-0.0012654
0.009484
-0.0045431
-0.0006644
-0.0079522
0.0029634
-0.0084121
0.0037102
0.0059746
0.0063845
0.0027767
0.0098404
0.0061635
-0.0083703
0.0036844
0.0085111
0.0018884
0.0089227
-0.0035583
0.0023955
0.0067529
-0.0057204
0.0038779
0.0059362
0.0041052
-0.0028796
0.0065328
0.000126
-0.0021816
-0.0022049
0.0024096
-0.0059313
-0.0042435
0.0045172
-0.0010164
-0.0077871
0.0011941
0.0019194
9.64e-5
0.0086931
-0.0082086
-0.0013801
0.0085043
0.0032902
-0.0073983
-0.0095043
-0.0081957
0.0016022
0.0088947
0.0058489
-0.0054653
0.0050906
0.0065855
-0.0077102
-0.0047948
0.0094751
-0.0019071
0.0099249
-0.0074097
0.0026594
0.0008181
0.0020399
0.0048288
-0.0037186
-0.0083595
-0.0063286
0.0054732
0.0019608
-0.0072973
0.0092032
-0.0095173
0.0007269
0.006335
-0.0014295
-0.0034179
-0.0064136
0.0082385
0.0004979
0.0014131
-0.0040432
0.0013575
0.0029685
-0.0099099
-0.004318
0.0088113
0.0072198
0.0041661
0.0005364
0.0082131
-0.0058447
0.0097119
-0.005045
-0.008315
-0.0078159
0.0076022
-0.0069476
-0.0073468
0.0015872
0.0026698
0.001851
-0.0084834
-0.0036809
-0.0087643
0.0040771
0.0067162
-0.0008376
-0.0004694
0.0002274
-0.0072814
-0.0028007
-0.0074376
-0.0096858
-0.002479
0.0009937
-0.0063245
0.000471
0.0015693
0.0024395
-0.0083596
0.0019589
0.0048027
0.0069985
0.0051744
-0.002942
-0.0015355
0.0013603
0.0085092
-0.002486
0.0012888
0.0007213
-0.0075213
0.0063922
-0.0066577
-0.0053255
-0.0075675
-0.004221
0.0081319
-0.0031802
-0.0020614
0.0078889
-0.003568
0.0076983
-0.0071731
0.0030952
-0.0007511
0.0089479
-0.0084841
1.69e-5
0.0016119
-0.0098183
0.0035575
