-0.003349
0.0092439
-0.0080707
0.0047873
-0.0053382
0.0057194
0.0040048
-0.0068066
0.0005447
0.0054375
0.0009154
-0.0057207
0.0073636
0.0010462
0.0011698
0.0005239
-0.0058662
-0.0094423
-0.0032255
-0.0028299
0.0013528
0.001793
-0.0034277
-0.0039405
-0.0050249
0.0086907
0.007166
0.0093592
0.0004538
-0.0050708
-0.0065568
-0.0023624
0.0058049
-0.0074966
0.0020331
0.0024338
-0.0007059
-0.0037388
-0.0032157
0.008657
0.0011723
-0.0045206
-0.0063785
-0.0057546
-0.0050144
0.0005371
0.0071691
0.0060325
0.0016573
-0.0022013
-3.27e-5
-0.0002004
0.0028346
0.0082212
0.0033454
0.0008801
0.0081878
0.0025609
-0.0013292
0.0060244
0.00651
-0.0095161
0.0095566
-0.0013572
0.0006633
0.0030461
0.006071
-0.0013618
0.008897
0.0067148
0.0094493
0.0030019
0.0004014
-0.0074589
-0.0079532
0.0050826
0.0090929
-0.004214
-0.0050823
-0.0087579
-0.0033315
-0.0061986
-0.0091113
-0.0096327
-0.0068536
-0.0029687
-0.0027532
0.002297
0.0001633
0.0084089
-0.0055436
-0.0033865
-0.007932
0.0076329
0.0038037
0.0082382
0.0038789
-0.0037972
0.0064538
0.0052486
-0.0020104
0.0067886
-0.0056163
0.0074053
0.0073487
-0.0068877
0.0024702
-0.000175
-0.002784
0.0027771
0.0020942
0.0072636
-0.0069549
0.0035722
-0.0018492
0.0094394
-0.000596
0.0033259
0.0016883
-0.0013247
-0.0084339
0.0058783
-0.0019577
0.0056106
-0.0067669
-0.002928
0.0005494
-0.0001931
0.0084129
-0.0022576
0.0089699
-0.0069217
0.0023198
0.0075445
0.0072515
0.000563
0.0063457
0.0085091
0.0027964
-0.0011366
-0.0092481
0.0088098
-0.0052904
-0.003971
-0.0053342
-0.0002651
0.0079681
0.0037307
-0.0028102
0.0029248
0.0025474
-0.0082457
-0.0047666
-0.0085007
-0.0017817
-0.00906
-0.0013178
-0.0093904
-0.002644
0.0032303
-0.0069029
0.0074476
-0.0092389
0.0068952
0.009578
-0.0079721
0.0001047
0.0075606
0.0061219
-0.0063769
0.0071126
-0.0075269
0.0034573
0.0034741
-0.0025128
0.0011517
-0.0096863
-0.0005631
0.0082532
-0.0061177
0.0098882
0.0097721
-0.0075558
0.0079421
0.0044375
0.001015
-0.0094798
-0.0095255
0.0050089
-0.0074654
-0.0050669
-0.0096817
-0.0089874
-0.0020916
-0.0028558
0.0078412
0.006803
0.0021374
-0.0046098
-0.0059585
-0.0004733
0.0054086
0.0002156
0.0088352
0.006501
0.0061029
0.0090302
0.0023049
0.008876
-0.0021403
0.0044931
-0.0069133
0.0017967
-0.0012082
-0.0065151
-0.0047896
0.0038958
-0.0094669
0.0029284
0.0052191
-0.0020717
-0.0056713
0.0020638
0.0009073
-0.0059451
-0.0082844
-0.007076
-0.0042752
0.0029057
-0.0046322
0.0069028
0.0072453
-0.0045703
0.001033
-0.0012839
0.0053713
0.0063556
0.00767
-0.0059925
-0.0053023
-0.0035334
-0.0058668
-0.0091913
-0.0094012
0.0025437
-0.0087107
0.0003479
0.0052966
-0.0085126
0.0092572
-0.0081596
-0.0092532
-0.0026932
0.0068272
0.0018865
0.0029176
-0.0079983
0.0047964
-0.0023612
0.0049914
-0.0078538
-0.0029411
0.0093915
-0.0011244
-0.0071494
-0.0027592
-0.0051403
-0.0078525
0.009384
-0.0096279
-0.0041125
-0.0048756
-0.0011854
-0.0096809
-0.0016869
0.0020402
0.0033926
-0.0060816
0.0034697
-0.0048237
-0.0076413
0.0077925
-0.0069966
0.0049777
0.0006757
0.0084863
0.0064017
-0.0087728
-0.0093996
0.0077637
0.0094756
0.0001596
0.0001425
0.0052426
-0.0006538
-0.0018123
0.0017234
0.0023652
-0.0008508
-0.001321
-0.0011427
-0.0057025
-0.0047944
-0.0089804
-0.002738
0.002388
0.0072397
4.61e-5
-0.0062438
-0.0087574
-0.0053173
0.0067217
0.0077836
0.0074373
0.0095761
-0.0094881
0.0073602
0.0062121
0.0067331
0.0083007
0.002364
0.0035485
0.0022245
-0.0088945
-0.0052881
0.0074478
0.0062596
-0.0014356
0.0078185
0.0030601
0.0010295
0.0036556
-0.0046323
-0.0059259
0.0072822
0.0040268
-0.0039967
-0.0082305
-0.0039723
-0.0049951
-0.0082894
0.0063627
0.0037546
-0.0014157
-0.0010521
0.0006058
-0.0066611
-0.0004279
-0.006243
0.0055951
0.0097553
0.0075256
0.0011537
0.0031944
-0.0099159
0.0066162
-0.0069101
-0.0081752
0.0082731
-0.0069018
0.0015642
0.003721
-0.0064868
-0.0087937
-0.0014023
0.0099026
0.0078102
0.0027624
-0.0013835
0.0026731
-0.0086349
-0.0062807
0.0030815
-0.0098009
0.0028064
-0.0046477
-0.0082685
-0.0038351
0.0032833
0.0015559
-0.0068152
0.007554
-0.0015429
0.0066065
-0.0004996
0.0018116
-0.0044749
-0.0060613
0.0088196
-0.009703
-0.0023261
0.0067615
0.0088321
0.0025785
-0.0058816
-9.1e-6
-0.0040575
0.0099297
-0.0022895
-0.0090234
-0.0092278
-0.0086938
-0.0083759
-0.0081304
-0.0049498
0.0064904
0.0076682
-0.0082229
-0.003664
-0.0026401
-0.0018106
0.00966
-0.0014481
0.0008464
-0.0070351
0.0020293
0.0013935
0.0067171
0.0030889
0.0069438
0.0027475
0.0061325
0.0056038
0.00389
0.0022859
-0.009023
0.0094058
-0.0057465
0.0043988
0.0074936
0.0086975
-0.0048192
-0.0003018
0.0047136
0.005032
0.001669
-0.0027539
0.0052457
-0.0073699
0.0026668
-0.000875
-0.0049808
-0.0037223
0.0012584
0.0035301
0.0035377
0.0020364
-0.007827
-0.006266
-0.008458
-0.0035739
-0.0014195
0.00491
-0.0004305
-0.0078363
0.0067797
0.0031597
-0.0028517
0.0046742
-0.0003766
-0.0012163
0.0030514
-0.0033934
0.0085479
0.0014417
-0.008104
0.0091293
0.0005186
0.0056539
0.0062432
-0.0026666
0.0090551
-0.0069126
-0.0025995
-0.0009376
-0.002383
-0.0074064
-0.0095836
-0.0062684
0.0030225
-0.0008241
0.0092074
-0.0075198
-0.0095444
0.006296
0.0068906
-0.002218
-0.0031444
0.0050892
-0.0062129
0.0071581
0.0030146
-0.0064795
0.003118
0.0094409
