0.0007716
0.0071732
0.0031681
0.0026227
-0.0033163
0.0030826
0.0005244
-0.008408
-0.0002273
0.0087027
0.0067419
-0.0092952
0.0016795
0.0009663
0.0017814
-0.0085154
-0.003466
0.0023554
0.0090548
0.0054327
0.0084592
0.0039024
0.0039788
-0.0023081
0.0039163
0.0079308
-0.0008591
0.0003493
-0.002704
0.004448
-0.0092397
-0.0098253
-0.0076322
0.0089892
0.0099187
-0.0057182
-0.0016805
0.0068074
0.0093584
0.0081118
-0.0018727
0.0060143
-0.0091879
-0.0057885
0.0013367
0.0054196
0.0045559
0.0059955
-0.0044854
0.0065674
-0.0002581
0.0075518
0.0099563
-0.0084941
-0.0048327
0.0087549
0.0029283
0.0041204
0.0054529
0.0088456
0.0083806
-0.0035761
-0.0030156
-0.0049095
0.0076402
0.0081632
0.0069822
0.0087901
-0.0053829
0.007803
0.000301
-0.0039217
0.0020614
0.0052783
-0.0046685
0.0089349
-0.0063216
0.0037757
-0.0047507
0.0056708
0.0072281
0.0030021
0.0062596
0.004008
0.0088491
-0.0016565
0.002497
0.0089974
-0.0004696
-0.0019932
-0.0019686
-0.0042359
-0.0015875
-0.0065431
0.0003974
-0.0071321
0.0026567
-0.0065181
0.0008797
-0.006489
-0.0065278
0.0079644
0.0061862
0.000382
0.0089015
-0.0004714
0.0010345
-0.0039895
-0.0009412
-0.0026658
0.0022726
-0.0047213
0.0034503
0.0007016
0.0097244
0.0007669
0.001925
0.0057076
-0.0006843
-0.0018475
0.0042216
0.0062118
-0.0014773
0.0032641
0.0002087
0.0016145
-0.004285
0.0025211
0.0073707
-0.0036525
-0.0066195
0.0063214
0.0043284
0.0046277
0.0020408
-0.0004065
0.001193
-0.000531
-0.0066369
0.0071926
0.008142
-0.0090975
0.0014101
-0.0085175
0.0024984
0.0082739
-0.0038956
0.0095782
-0.0091122
-0.0080165
0.007346
0.0038956
0.008403
0.0024686
0.0043064
-0.0058028
0.0030066
-0.003308
-0.0097424
0.0043593
0.0051675
-0.0050454
-0.0032054
-0.000466
0.0056399
-0.0066515
-0.0053629
-0.008408
0.0067264
-0.0072882
-0.0079974
0.005027
-0.0040503
-0.0041353
0.0071125
0.0035953
-0.0067935
-0.0083964
-0.005612
-0.0025654
-0.0033378
-0.0075267
-0.0014627
-0.0025566
-0.0021512
0.0009842
0.0079763
-0.005229
-0.0065935
0.0011409
0.0078655
-0.0087219
-0.0012363
-0.0023118
0.0024018
-0.0089968
-0.0095578
-0.0044877
0.0090322
-0.0039366
0.0059915
-0.0050094
-0.000313
0.0070082
-0.0042804
-0.0030784
0.0056187
-0.0087094
0.0012447
0.0025188
-0.0014703
0.0065086
0.0093696
-0.0008179
0.0028897
-0.0021123
-0.0087957
0.0088866
0.0015626
0.0024476
-0.0098551
-0.0003255
-0.0046593
0.000184
0.0022815
0.0074456
-0.0009964
-0.0022701
0.0017962
0.0047364
0.0095259
-0.0042562
0.0008018
-0.0058563
0.0057886
0.0015495
0.004917
0.0037281
0.0042231
-0.0047041
0.0025552
0.003907
-0.0062285
0.0077942
0.0094542
-0.0075329
-0.0016307
0.0076664
0.0014236
0.0012506
0.0029062
0.0083609
-0.0032217
-0.0011901
-0.00331
0.0077415
0.0018283
0.0087707
-0.0049237
0.0079724
-0.00682
0.0024872
-0.0098264
0.0002073
-0.0054048
0.0091066
-0.0036298
0.0070902
-0.0027407
0.0085404
-0.0011065
-0.0033949
0.0020464
-0.0018292
-0.0038364
0.0074486
0.0076002
-0.0040341
0.0067319
-0.0022623
-0.0051978
-0.0067442
0.0057503
-0.0037905
0.0024621
-0.0090386
-0.0058228
0.0048227
0.0041617
0.0032707
0.0051374
-0.0056893
0.0037624
-0.0022987
0.008027
0.0032713
0.001102
-0.0072239
-0.0042719
-0.0073647
0.0046418
-0.0030373
0.0045771
0.0098635
0.0066739
-0.0026254
-0.0089878
-0.0052511
-0.0062722
-0.0031662
-0.0097518
0.0044225
0.0055468
0.0040929
-0.0025175
0.0098058
-0.0041168
0.0008322
-0.0035246
0.0076843
-0.0003141
0.0012804
0.0015008
0.003009
-0.0042174
-0.0043617
-0.0034891
-0.0044098
0.0076529
0.0092563
-0.0041792
-0.0066024
-0.0096929
-0.0042129
-0.009099
-0.0021441
-0.003689
0.001361
0.0022812
0.0012235
0.0007781
0.0051843
-0.0008046
0.0026259
0.0006643
0.0006076
0.0088456
-0.0009743
-0.0048894
-0.0074122
0.0096903
-0.002089
0.0087511
-0.009637
0.0001977
-0.0002168
-0.0031979
0.0047243
-0.0008965
-0.0041133
-0.0013309
-0.0016211
-0.0023224
0.0019778
-0.0062996
-0.0010613
0.0005573
-0.0080182
-0.0002538
0.0095736
0.0097211
-0.0052898
0.0038839
-0.0041922
0.006939
0.0028973
0.0038186
-0.0083097
-0.0003505
-0.0048206
-0.0070609
0.0080417
-0.004926
-0.0080809
-0.0082948
-0.0054759
0.0045359
-0.007825
-0.0023223
0.0049851
0.0016972
0.0032643
-0.005299
0.004144
0.0078432
-0.0044077
0.0087545
0.0043485
-0.0079539
-0.0052998
-0.0053302
-0.0058953
-0.0094101
-0.0001823
0.0004731
0.0010941
-0.000423
0.0020513
-0.0055267
0.0056308
-0.008093
0.0088709
0.0003936
0.0047479
0.0049389
0.0079082
0.0041963
0.0065984
-0.0059857
-0.0042661
0.0045454
0.0062694
0.0079509
-0.0003889
0.0018778
0.0012571
0.0061967
0.0028889
0.0097745
0.0041559
0.0005102
-0.0056027
-0.000739
-0.0035069
-0.0030176
0.004352
-0.0067949
-0.0034529
-0.0059465
0.0050933
-0.0088188
0.0078244
0.0048913
0.0095043
0.0095539
0.0079846
0.0069227
0.0048035
0.0034591
0.0093245
-0.0032378
-0.0098722
0.0043674
0.0063883
0.0060082
-0.0009943
-0.007335
0.0042947
0.0025096
-0.0011425
0.001948
-0.0063711
-0.00994
-0.0099025
-0.0030617
-0.0064112
0.0058844
0.0070435
-0.007601
-0.0044416
0.0084031
0.0061117
0.0080446
0.0020838
-0.00166
5.17e-5
0.0071221
-0.0030123
0.0058722
0.0058949
0.0075591
-0.0048768
-0.0070206
0.0067665
0.000541
0.0027571
0.0084159
0.0048234
0.009696
-0.0040478
0.0010218
-0.0031787
0.0065534
0.0017846
-0.0031839
