0.0070833
0.0078096
-0.0041209
-0.0014429
0.0013196
-0.004693
-0.0095338
-0.0071284
0.0086578
0.0024769
0.0098893
0.0074187
0.0003977
-0.00028
0.006631
0.0037171
0.0081914
-0.0086965
-0.0034421
-0.0053112
0.0088068
0.0040845
-0.0068113
-0.0032402
0.001423
-0.002084
0.0077687
-0.0041066
-0.007995
-0.003676
0.00538
0.0035722
-0.0065876
0.0040455
-0.0014449
0.0067932
-0.0093505
-0.0024012
-0.0023955
-0.0044724
0.0071268
-0.0077566
0.0064422
0.0010626
-0.0003444
-0.0003975
-0.0072045
0.0030091
-0.0036595
0.0055671
-0.0072184
-0.0062447
-0.0064485
-0.0097403
0.0043034
0.001067
0.0053942
-0.0046622
-0.0026757
-0.0027863
0.0044537
0.0098282
0.0082021
-0.005204
-0.0042374
-0.005513
-0.0076214
-0.006724
-0.0090129
0.003049
0.0050806
0.00917
-0.009483
0.0040167
0.0080043
0.00737
0.007434
0.0011736
0.0070027
0.0078148
0.0063756
0.0095701
-0.0028656
0.0035487
-0.0073514
0.0026079
0.0021161
0.0038976
0.0003969
-0.0083955
0.0044628
-0.0051014
-0.0023815
-0.0032846
0.0079596
-0.0043145
0.0090992
0.0048005
0.0077867
-0.0070253
-0.0087974
-0.0094735
0.0056271
0.0062209
0.0097843
0.0090938
-0.0083614
-0.0022494
-0.0041078
0.0053021
-0.0052109
-0.0045975
-0.0091611
-0.0001738
-0.007711
-0.0092212
-0.0019686
0.0003805
-0.0071416
-0.0076167
-0.001747
0.0013635
-0.0049822
0.0024106
-0.0073364
-0.0070181
-0.0063892
-0.0099479
0.0077813
0.007966
0.0046112
-0.0094585
-9.07e-5
-0.0093779
0.006982
-0.0076358
-0.0004787
-0.0056887
-0.0083691
0.0098745
0.0086948
0.0065939
0.0009534
0.009544
-0.0032981
-0.0087564
0.0090148
-0.0083266
0.0051131
-0.0097376
-0.0003504
0.0056286
0.0076628
0.0073361
0.0089773
0.0089366
-0.0029093
0.004665
-0.0073468
-0.0087708
0.0082985
-0.0019814
-0.0046246
-0.0014768
-0.0058935
-0.0053452
0.0089737
-0.0076267
0.0051726
-0.005437
-0.0074954
0.0094409
0.0066612
-0.0056178
-0.0092542
-0.0048214
0.0004677
-0.0029497
-0.0003506
0.001468
0.0016039
0.0079744
0.0035468
0.0028381
-0.0093133
-0.0074868
-0.0048576
-0.0002935
2.78e-5
0.0084438
0.0027879
0.0069285
0.0095423
0.004642
-0.0043858
0.0077422
0.0067886
0.0033691
-0.00075
-0.00187
-0.0049683
-0.0020946
-0.0079134
-0.0084762
0.0016887
-0.0075524
0.0002493
-0.0086066
-0.0084545
-0.0037731
0.0081985
-0.008388
0.0007743
0.0009374
0.003791
0.0010223
-0.000849
0.0071007
-0.0058662
-0.005332
0.0080238
-0.0019143
0.0005564
-0.0096762
-0.0013971
0.0015188
0.005797
0.0063218
-0.0038149
-0.0087438
-0.0003394
-0.0089646
-0.0063753
-0.0022257
0.0023674
-0.00616
-0.001487
-0.0014509
0.0058576
-0.0009659
0.0076887
0.0080676
-0.0004552
-0.0093889
0.0089643
0.0005086
-0.0045445
-0.0003646
0.0062969
-0.001503
-0.0028128
-0.0080709
-0.0086301
-0.0068642
-0.0059136
-0.0013987
-0.0053293
0.0048827
0.0056191
-0.0094698
6.9e-6
-0.0069691
0.0098856
-0.0055099
0.0039221
-0.0032893
-0.0039695
-0.0010106
0.0067593
0.004516
0.0042624
-0.0031998
0.0042468
-0.0025564
-0.0002886
0.0075186
0.0002701
-0.0091075
-0.0033899
0.0067579
-0.0063312
-0.0047701
0.0098715
-0.000451
-0.0011061
-0.0030278
-0.0090355
-0.0011015
0.0096895
-0.0016856
-0.0055629
-0.0076302
-0.0080967
0.0057278
0.005945
0.0077625
0.0026443
-0.0008805
-0.0055404
0.0065873
-0.0094878
-0.0047206
0.0007619
-0.004424
0.001529
0.0016913
0.0030828
0.0054814
0.0048101
-0.0085721
0.0071165
-0.0090548
-0.0014244
-0.0038613
-0.0071383
0.0016472
0.0062214
0.0097869
0.0012733
0.0065075
0.0041926
0.0041074
-0.0088155
0.0083007
-0.004296
0.0075273
-0.0059588
-0.00636
0.0022632
0.0027672
-0.0009992
0.0022189
0.0082789
-0.006017
0.0070957
-6.28e-5
-0.0075384
-0.0043193
-0.004178
-0.0088844
0.0071538
0.0043218
0.0087649
0.0001692
0.0039027
-0.0001523
-0.0064459
-0.0029709
0.0045285
0.0094083
0.0020005
-0.0093501
-0.0026047
0.0052804
0.0072614
0.0089618
-0.0021391
0.0029769
-0.0063026
-0.0044801
-0.0044578
0.0026672
-0.0047538
-0.0020818
-0.0057621
0.0059593
0.0012608
0.0015069
0.0098597
0.0025998
-0.0087442
0.0067241
0.0068263
0.0004724
0.0082968
0.0081114
-0.0023045
-0.0055817
-0.0002799
-0.0025433
0.0043358
0.0058204
0.0034849
0.0091154
0.0046358
-0.0042988
-0.005772
-0.0028428
-0.0059142
-0.0037868
0.0077002
-0.0062387
-0.0018882
0.0021183
-0.0057011
-0.0090402
0.0052379
-0.0001846
0.0039131
0.006652
0.0023782
-0.008725
-0.0039597
-0.0082163
0.0039656
-0.0016283
-0.009313
-0.0084741
-0.0004381
-0.0014086
-7.1e-6
0.0004175
0.0059256
-0.0078682
0.0020123
-0.0044332
-0.0056073
0.0073206
-0.004438
-0.003745
0.0064269
0.0097259
-0.0001035
-0.0084403
0.0069758
-0.004606
0.0068991
0.0076362
-0.0042049
0.0066469
0.0096557
0.0021792
-0.0089668
-0.0032568
0.0013865
0.0025031
0.0033864
0.0027196
0.0020592
0.0045832
-0.0074548
-0.0031776
0.0075632
-0.0095294
0.0065121
0.0094105
0.0051658
-0.0085515
-0.0054388
-0.0015491
0.0025045
-0.0044137
0.0040801
0.0044321
0.0073795
0.0050208
0.0073115
0.0071687
0.0073762
-0.0074954
0.0078251
0.0011197
-0.0095931
0.0075557
0.0003961
-0.0049405
-0.0057636
-0.0028663
0.0074928
-0.008123
-0.0011489
-0.0038412
-0.0094253
-0.0054306
-0.000709
0.0030775
-0.0042313
0.002499
0.0067944
-0.0038761
0.009879
-0.0064837
0.0054709
-0.0008922
-0.0033823
-0.004546
-0.0046726
0.0055548
-0.0039903
0.0021516
0.0078251
-0.0039614
-0.0047178
-0.002039
-0.0022657
