0.0004102
-0.0045161
-0.0041083
0.0086877
-0.0019831
-0.00156
-0.0087084
-0.009173
0.0008069
-0.0018761
-0.0046676
0.006953
-0.003735
-0.0008804
0.0016608
-0.0082818
-0.008258
-0.0095316
0.0033001
0.008743
0.0011443
0.0041848
0.0064729
0.0064081
0.0084855
-0.0082714
-0.0015863
-0.0032416
6.44e-5
-0.00506
-0.0022071
0.0087356
0.0030148
-0.0008958
-0.0069526
-0.0028488
7.92e-5
-0.0091741
-0.0079801
0.0077913
-0.0027973
0.007274
-0.0030187
0.0088243
0.0044051
-0.0087447
-0.0029828
-5.23e-5
-0.0023661
-0.0019479
0.0079708
-0.001609
0.0055009
-0.004957
0.0035171
0.0084396
-0.0011385
0.0090275
0.0077121
-0.0059416
-0.003758
-0.0005304
-0.002142
-0.0094634
0.006573
-0.0026869
0.008233
-0.0053831
0.0018163
-0.004474
-0.0045139
-0.0071163
0.009653
-0.0022846
-0.0095013
0.0038405
-0.0018084
0.0066225
-0.0055683
-0.0054329
0.0035792
-0.0042384
-0.0033605
0.00049
-0.0077485
0.0071293
-0.006055
-0.0089408
-0.0063182
-0.0015587
0.0007785
-0.0086021
0.0049291
0.0084657
0.0017835
0.0019956
-0.0006387
-0.0076105
0.0053653
0.0021889
-0.0039447
-0.0085373
0.0026878
-0.0091079
0.0013056
-0.0032289
-0.000986
-0.0017082
0.0045859
0.0045795
0.0074679
0.0094519
0.0059409
-0.0091276
-0.0018762
-0.009285
0.009528
-0.0055481
-0.0076752
-0.0044693
-0.0093241
-0.0069126
0.0029489
-0.0064312
0.0089246
0.0046741
0.0063457
-0.0087235
0.0073913
-0.0091541
-0.0056626
-0.0006645
0.0004057
-0.0047552
-0.007723
-0.0079409
-0.0054818
0.0039334
0.002578
0.0059333
0.0014097
-0.0021972
-0.0097194
-0.0026797
-0.0007504
-0.0068593
-0.0008721
-0.0079478
-0.006064
-0.0071219
0.007356
-0.001497
-0.0025482
-0.0094039
0.0080443
0.0038883
-0.0064459
0.0098816
0.0081518
-0.008598
0.0086176
0.0088562
-0.0081109
0.008042
-0.0078409
0.0069998
0.0050915
-0.0069038
0.0015074
-0.0001603
0.0012332
0.0004822
0.0080423
-0.0072971
0.0099031
-0.0079542
0.0027363
0.0038573
-0.000153
-0.0047142
0.0043618
-0.0073222
-0.0065001
0.003639
0.0043182
-0.0002426
0.002134
-0.0012531
0.0026701
0.0036936
0.0048868
-0.000304
-0.0091642
-0.0087072
0.0079704
0.001901
0.0058861
0.0036389
0.0051275
-0.005115
-0.004824
-0.0023933
-0.0040311
-0.0059093
0.005477
0.0030728
0.0091305
0.0089041
0.0047317
-0.002063
-0.0071413
0.0092404
0.002406
0.009814
-0.0099661
0.0039064
0.0027533
0.0066687
-0.0066332
-0.0083578
-0.000686
0.0099208
0.0058537
-0.0067022
-0.0013139
0.0013948
0.0080016
-0.0055476
0.0065013
-0.0006498
0.007471
0.0085104
0.0072856
0.0020253
0.0002712
0.0097638
0.0014313
-0.0031493
-0.0067948
0.0006501
-0.0006952
-0.00201
0.0027186
0.0012466
-0.0071809
-0.0086781
-0.005812
0.0003969
0.00354
-0.0003099
0.0060685
-0.0079215
-0.00849
0.0084757
-0.0021513
0.000892
-0.0073716
0.0094972
-0.000795
0.0078229
-0.0008202
-0.0042074
-0.0074212
-0.0060556
-0.0006637
0.0037053
0.003591
0.0051829
-0.0031977
-0.0011538
0.007512
0.0075191
-0.0083148
0.0038982
-0.0009487
-0.0046797
0.0028234
-0.007696
0.0072566
0.0025431
-0.0070574
-0.0081293
0.0001896
-0.0091075
0.00591
-0.0045281
0.0021188
0.0065124
0.0007813
0.0061203
0.0087347
0.0029796
-0.0076322
0.0083691
0.0011423
0.0035115
-0.0081077
-0.0069683
0.0043866
0.0029993
-0.0032201
0.0060378
-0.0036188
0.0057696
0.0053725
-0.0086622
0.0078819
-0.0025167
0.0054694
0.0073621
0.0099261
-0.0091424
-0.0063636
-0.0084935
0.0047278
-0.0081657
0.0041347
0.0065964
-0.0080107
0.0094311
-0.0038359
0.0072239
-0.0004229
-0.0081201
-0.0038952
0.002078
-8.45e-5
0.0072258
-0.0084889
-0.0023437
-0.0030393
0.0069514
-0.0096805
-0.00707
-0.0031854
0.0068684
-0.0069411
0.0071804
-0.0046607
-0.0007098
0.0020545
0.0049801
-0.0035717
-0.0026905
0.0031019
0.0025502
0.0097896
0.0048017
-0.007678
-0.0024068
0.008543
-0.0096402
0.0022416
0.0097915
-0.0030775
-0.0069428
-0.0007609
0.0086638
0.0005529
0.0052238
-0.0038142
0.0036044
0.0034644
-0.0019665
0.0094271
0.000153
-0.004945
-0.0092163
0.0050382
-0.0080995
-0.0063318
0.0040574
-0.0064927
6.68e-5
0.0098445
0.0025524
0.0088989
0.0078409
-0.0009013
0.0020882
0.0032433
-0.0083551
0.0065718
0.0016819
0.0010417
0.0048884
0.0077805
0.0089772
-0.0040191
0.0059354
-6.62e-5
-0.0071526
-0.0011156
-0.0014249
0.0068181
-0.0032867
0.0036274
-0.009833
-0.0008799
0.0048154
0.0090378
0.0036301
-0.0006168
-0.0005604
0.0076745
-0.0058622
0.0042262
-0.0028893
-0.0003454
0.0059775
0.0086311
-0.0059602
0.0016295
-0.0089338
-0.0003972
0.0060831
0.0085195
0.0088572
-0.0023952
-0.0062136
-0.0014652
-0.0056352
-0.005565
-0.0046039
-0.0003218
-0.0048233
0.0030803
-0.0020374
-0.0024408
-0.0086712
0.0048817
-0.0027458
-0.0053784
0.009076
0.006638
-0.0087469
0.0038246
-0.0026318
-0.0090587
-0.0022676
0.0011016
0.0059426
-0.0002696
-0.00377
-0.004855
8.46e-5
0.0070885
0.0044655
-0.0047094
-0.0013141
-0.001863
-0.0038535
0.001619
-0.0076983
-0.0076844
-0.0040838
0.0014575
0.009196
0.0063869
0.0037196
-0.0076606
-0.0022994
0.0086553
-0.0069369
0.0053813
-0.0097883
0.0081926
-0.0034185
-0.0028881
-0.0063767
-0.0011122
-0.0080879
-0.0040967
0.0064172
-0.0064622
0.0070465
0.008934
0.0049811
-0.002266
0.0034204
-0.0085102
0.0054232
-0.0082534
-0.0064518
-0.0079863
-0.0021704
0.006067
-0.0014396
0.0083004
0.0035103
0.0074862
0.0040382
-0.0089773
0.0070279
-0.0010366
