-0.005171
0.004122
0.0015088
-0.0004702
-0.007708
0.0064987
-7.3e-5
0.0059756
-0.0023486
-0.0007664
0.007999
0.0018602
0.0049752
-0.001088
-0.0076454
0.0058507
-0.0066622
-0.0040692
-0.0051754
0.0017271
-0.0061671
-0.0056991
-0.0021821
-0.0044967
0.0004219
0.0046184
-0.0041509
0.0046724
-0.0051815
0.0083342
0.006148
-0.0079805
-0.0038157
-0.0094209
-0.0069441
-0.0081749
0.0023164
-0.0009051
-0.0011695
0.0077694
-0.0015346
-0.0086339
-0.0046501
0.0087018
-0.0065239
0.0038794
-0.0049808
0.0024524
0.0037045
-0.0086092
-0.0073091
0.0045572
-0.0098091
-0.0094177
-0.009677
-0.0048368
0.0053003
0.0029765
0.0023314
-0.0094344
-0.0044228
0.0046332
-0.004812
-0.0020339
0.0007336
0.0080171
-0.0088754
-0.0044444
-0.0050161
-0.0077821
0.0058671
0.0059574
-0.0030939
0.0040129
0.0097179
-0.0004769
0.0056012
-0.0020701
0.0065791
0.0062412
-0.007045
-0.0099013
-0.0044518
0.0049221
0.007821
0.0010527
0.0058071
-0.0053338
0.0084118
0.0007198
0.0067684
-0.0077293
-0.0006662
0.0097296
0.00464
-0.0040073
-0.0076973
-0.0079685
-0.0055572
0.0098787
0.0082417
-0.0030872
0.0014511
-0.0028685
-0.0063451
0.0079482
-0.001067
-0.0025754
-0.0059087
0.008267
-0.0015066
0.0090193
-0.0040653
-0.0057355
0.0040401
0.0028957
-0.0046135
0.0030685
-0.0024268
-0.0092776
-0.0057873
-0.0016876
0.0091781
0.0090452
-0.0099746
-0.0069086
0.0016294
-0.0040598
-0.0009709
-0.0067629
-0.0026467
0.00403
-0.0094999
-0.0085649
-0.0058895
-0.0030319
0.0065004
-0.0047559
-0.0064006
-0.0088098
0.0088965
-0.0026295
0.003125
-0.0001563
-0.0087059
-0.0031479
0.0045833
-0.009576
0.0063573
0.0051106
0.0093035
0.0082783
0.0093109
-0.0060872
-0.0086556
-0.0016206
0.0026928
0.0065362
0.0024762
-0.0099512
-0.0022954
0.0028716
-0.0046055
-0.0071086
-0.000482
-0.0062947
0.0007396
-0.0065747
-0.0075286
0.0034692
0.0079308
-0.0063039
-0.0054714
-0.0009993
0.0044327
-0.0039065
0.0080545
0.0023591
-0.0067138
-0.0015637
0.008211
-0.001112
0.002092
-0.004484
-0.0005942
-0.0047411
0.0063666
-0.0050657
-0.0059135
-0.0066279
-0.0016909
-0.0035088
0.0053268
-0.0041225
-0.0092501
-0.0002991
0.008411
-0.0029459
0.0083101
-0.0073405
0.0099267
-0.0093524
0.0021755
-0.0055971
0.0032741
7.0e-7
-0.0053352
0.0075912
-0.0072931
-0.0043528
-0.0055952
0.0059759
0.0085555
-0.0094653
-0.0073387
0.0051396
0.0011794
0.0038826
0.0050395
0.0049293
0.0073309
0.0083641
-0.0052069
0.0001594
-0.0016101
-0.0096674
-0.0071582
-0.0055372
-0.006966
0.0089884
-0.0034777
-0.0094166
-0.0072787
0.0088047
0.0088845
-0.0073869
-0.0056662
-0.0011171
-0.0012397
-0.0013979
0.0071095
-0.0082991
0.0047995
0.0031095
-0.0062685
-0.0063548
-0.0011624
-0.0037985
0.0006299
-0.0024301
0.0036096
0.0092034
-0.0072179
0.008473
-0.0068885
0.0015706
0.0049709
0.0041642
0.0020552
-0.0076063
-0.0085036
0.000747
0.0025953
0.0034159
0.0071884
0.0086859
-0.0050388
-0.0033787
-0.001758
-0.0054803
0.0042429
0.0006501
0.0071539
0.0032029
-0.0025265
7.84e-5
0.0086475
0.0055405
-0.0021791
-0.009661
0.0062054
0.0063072
0.0066402
0.0072754
0.0070328
-0.0076575
-0.0004522
-0.0029107
-0.001127
0.0046583
-0.0002914
-0.0035201
0.0037351
-0.0060679
-0.0075144
-0.0083294
0.0008329
0.0027113
0.0067354
-0.0061649
-0.0005562
-0.0032165
-0.0057565
-0.0022384
0.0032322
-0.0041764
-0.008625
-0.0045399
0.0056772
0.0076235
-0.0015724
0.0084584
-0.0004183
-0.0029886
0.0031309
-0.0002539
0.0059227
0.0034624
-0.0094227
-0.0079326
-0.004739
0.0069053
0.006626
0.0094294
0.0051195
0.0019905
-0.0033339
0.0065686
0.0044724
0.0097966
0.0016345
-0.0021089
0.0016277
-0.0034443
-0.0050548
0.0012226
-0.0085491
0.0015272
-0.0012237
0.0039316
0.0021423
-0.0008886
0.005932
0.0043691
0.0072757
0.0083022
0.0012849
-0.0077542
0.0020081
0.0080685
-0.0099127
0.0067947
0.0064468
-0.0041583
-0.0086208
-0.0075469
-0.0069704
-0.0013175
0.0030746
-0.0096386
0.0019993
-0.0036393
-0.0074339
-0.0088521
-0.009792
-0.0002264
0.0013816
0.0080932
0.0044684
-0.0065442
0.0058004
0.0032027
0.0037808
-0.0097642
0.0035524
-0.0082902
0.009993
-0.0058064
-0.0060306
0.0021184
-0.0019891
0.0097306
0.000537
0.0092974
0.0055779
-0.0033523
0.0035541
-0.0011129
-0.0090083
-0.0041309
-0.0006439
0.0008759
-0.0087839
-0.0004304
-0.0014433
-0.001364
-0.002482
0.0056116
0.0088973
0.0098288
-0.0081438
-0.0082829
0.0007146
0.0096407
0.0038168
-0.0075315
-0.0020122
0.0067944
-0.0066122
-0.0002343
-0.0028147
-0.0021674
0.0042017
-0.0063274
0.0066077
0.009355
0.0067995
-0.0059521
0.0062152
0.0002057
-0.009809
0.0036654
0.0006097
-0.0060021
-0.0057051
0.0060085
-0.0027218
0.0060094
0.0053781
0.0018256
-0.0007539
-0.000639
0.0051984
-0.0078707
-0.0044492
-0.009971
-0.0062224
-0.0096364
0.0009044
0.0060677
0.0019025
0.0077357
-0.002617
0.0025381
-0.0095265
-0.006907
-0.0001031
0.0035764
0.0082269
0.0040247
-0.0083807
-0.0054652
-0.0099016
-0.0099107
-0.003103
0.0004716
0.0059236
0.005462
0.0067636
0.008943
-0.0041963
0.0008008
-0.0031906
-0.0092534
-0.0088378
0.0021025
0.0052432
-0.0058947
0.0068933
0.0071368
-0.0081383
0.0068538
-0.0010899
-0.007119
-0.0047176
0.0043212
-0.0028663
0.0007675
-0.0066139
-0.0012878
-0.0016047
0.0013234
-8.38e-5
-0.0095078
0.0051947
-0.0010993
-0.0060848
-0.0085499
-0.0061523
0.0041227
0.0048808
-0.0034999
0.0042698
-0.0003248
0.0040141
