-0.0083016
-0.0080218
-0.0007396
0.0056226
-0.0092157
-0.0042549
0.002587
-0.0049747
0.0019177
-0.008156
0.0016749
0.0056024
0.0014185
0.0018697
0.0041416
-0.0059015
0.0067768
-0.0020096
-0.0091246
0.001899
0.008292
-0.0055068
-0.0069767
0.0053993
-0.0084201
-0.0049666
-0.0035623
0.0072217
-0.0057574
-0.0080084
-0.0045124
0.0032391
0.004868
-0.0036588
0.0010768
0.0051606
0.0074461
-0.0052128
-0.0071908
-0.0003428
0.0049717
-0.0035399
0.0076022
-0.0060702
0.0002575
0.0038623
0.0070399
0.0007108
-0.0038941
0.0014211
-0.0012598
-0.00274
-0.0048152
-0.0099057
-0.0098999
0.0029732
-0.0003642
0.0003158
-0.0040412
-0.0088004
-0.0017441
0.0020918
-0.008101
-0.0095027
0.0071663
0.0078228
0.0024225
-0.0028653
-0.0034835
0.0027764
-0.0004602
0.0026187
-0.0080848
-0.0065118
0.0055089
0.0080392
0.0067436
-0.0030102
0.0099793
0.0064658
0.0053271
-0.0043669
-0.0070157
0.0001242
0.0069063
0.003321
-0.0023083
-0.0036166
-0.0064733
0.0002364
0.0093503
0.0027349
-9.7e-5
0.0018061
0.0052112
0.0026694
0.0091199
0.0054684
0.0030611
0.0038096
-0.0021673
-0.0098234
-0.0072119
0.0057965
0.001269
-0.006961
-0.0098922
-0.00581
-0.0010793
0.0095747
0.0056115
0.0095585
0.001067
0.0055836
-1.99e-5
-0.0043041
0.0094863
4.48e-5
0.0002869
-0.0060953
0.0098256
-0.0008419
-0.0088773
-0.0097278
-0.0037645
-0.0046356
-0.00746
-0.0025229
-0.0013342
0.0020004
0.0095684
0.0037853
0.0032793
0.002071
0.0094791
0.0096195
-0.005756
-0.0050115
0.0060543
0.0067029
-0.0002195
-0.0011744
-0.0030031
-0.0050489
-0.0078637
-0.0020924
0.0023663
0.0084992
-0.002569
0.0052631
0.0049965
0.000868
0.0079336
-0.0075003
-0.0005385
0.0049244
-0.0015135
0.0054202
-0.0032033
0.0013869
-0.0004876
0.0081943
-0.0082806
0.0098324
-0.0021669
0.009859
0.005403
0.0012927
-0.0042699
0.0001393
0.0075388
-0.0064505
0.003531
-0.0091244
0.0037271
0.0076542
0.0033415
0.0098929
0.0066496
0.0057008
0.0016172
0.0076952
-0.0063395
-0.0072355
0.0087974
-0.0003311
0.002553
-0.0062093
0.0032902
0.0015946
0.0074209
-0.0021555
-0.0014344
0.0086441
0.0061819
0.0004117
-0.0051711
-0.0046386
0.0033055
0.0089702
0.004139
0.0075901
-0.0090893
0.0044628
-0.0057848
-0.0052808
0.0053961
0.0084254
-0.0064297
-0.0021468
-0.0050049
-0.0049041
-0.0078381
-0.0017898
-0.0057035
0.007197
0.0054471
-0.0016935
-0.0092815
-0.0082066
-0.0098156
-0.0034229
-0.0021294
0.0098772
0.0034856
-0.0048081
0.0034378
0.0064249
0.0080425
0.0024414
0.0065478
-0.0060805
3.31e-5
-0.0008906
0.0082285
-0.0010946
-0.0054044
0.0006829
0.0004454
0.0027903
-0.0090916
-0.0030935
-0.0022173
-0.0080034
0.0073801
-0.0023162
0.0056359
0.0067722
0.0097052
-0.0037255
0.006575
-0.0097943
-0.0010403
0.0071424
-0.0023208
0.0059414
0.0038645
0.0045714
-0.0052187
-0.0025123
0.0073493
0.0021477
0.0058316
-0.0092627
-0.0001085
-0.0016088
0.0015302
0.0036073
0.0025818
-0.0040707
0.0088383
0.0053443
-0.0003571
0.0074579
-6.77e-5
-0.0045302
-0.009594
0.0004523
0.0070198
0.0003692
0.0012905
-0.0082189
0.0033718
0.007943
-0.0055713
-0.0048318
0.0066984
0.0039967
-0.000543
0.0071998
0.008265
0.0002959
-0.00582
-0.0025661
0.0072174
0.0014929
0.005542
0.0009802
-0.005813
0.0096064
0.0055125
0.0046601
-0.0059244
0.0038334
-0.0081075
0.0071623
0.0035836
0.0014465
0.0034521
-0.0019694
-0.0080485
-0.0041169
-0.0034036
0.0072039
-0.0022295
0.0093042
-0.0067235
-0.0045735
0.0062453
-0.001653
-0.0027817
0.0050948
0.0020376
-0.0057821
-0.0070469
0.0051214
-0.0029891
-0.0083411
0.005923
-0.0097007
0.0061024
-0.0017821
0.0059248
0.0036953
-0.0029246
-0.0034972
0.0023296
0.0099658
0.0059368
0.0086602
0.0059121
-0.0034153
0.0062629
0.0057547
0.0029994
0.0083777
-0.0092679
-0.0047799
0.0068645
0.0049099
-0.0022492
0.005368
0.0084731
0.009291
-0.0045909
-0.0087575
-0.0039675
0.0031758
-0.0043275
-0.0072723
0.0078956
-0.0093486
-0.0012076
0.0087914
0.0080235
-0.0097614
0.0030286
-0.0068786
0.0002635
-0.0053262
-0.0093367
-0.0099577
0.0080515
-0.004606
-0.0001892
-0.0030175
0.0073113
0.0005894
-0.008167
0.0058897
0.009184
0.0044788
-0.0093145
0.0086891
-0.0061384
0.0054954
-0.0045716
0.0073904
0.004095
-0.0007576
-0.0058401
-0.0015511
0.0002339
0.006807
0.0016602
0.0072079
0.0047457
-0.0017122
-0.0075503
-0.0028229
0.0092584
0.0014137
-0.0038179
-0.0039318
-0.0054384
0.0085839
-0.0055235
-0.0017599
0.0096755
-0.0013811
0.0044781
0.005478
-0.0064325
-0.0036601
-0.0018086
0.0075258
0.0064462
-0.0024313
0.0028636
-0.0076618
0.0041454
-0.00022
-0.0061345
0.0085386
0.0056407
0.0091557
1.59e-5
0.0002138
0.0013137
-0.0091919
0.0077486
0.0097479
0.0095181
-0.0078564
-0.0039998
0.0081628
0.0085918
0.0090222
-0.006084
0.0087879
-0.0024976
-0.0097562
0.0086626
-0.0044877
-0.0008032
-0.0003393
0.0031591
-0.0040244
-0.0046863
-0.0026646
0.0039965
-0.0046256
-0.0060842
0.0085925
0.0047827
0.0099305
-0.004833
-0.0093109
0.00533
-0.0007279
0.0052503
-0.0039147
-0.0088023
0.0052133
-0.0005045
-0.0052216
0.0042404
-0.0047615
0.0084531
0.0017144
0.0074687
0.0037565
0.002857
0.0095947
-0.0062504
0.0017957
0.0018752
0.0094638
0.0026841
0.0072368
-0.0091992
0.005866
0.0025514
-0.0099758
-0.00274
-0.0056641
0.0003308
-0.0029447
0.0006695
-0.0062467
0.0011518
-0.0033993
-0.0063731
-0.008638
0.0043921
