-0.0019376
-0.0081647
-0.0064207
-0.002217
0.0021483
-0.0056238
-0.0065763
0.0086272
0.0083274
0.0022516
-0.0063795
0.0081177
-0.0094647
-0.0081026
0.0012016
0.0081078
0.0072138
0.0073509
-0.0082058
-0.0020102
0.0075287
0.0082654
-0.0082326
0.002068
-0.0076804
-0.0049423
-0.0030062
0.0051466
0.0040009
0.0074322
-0.0013381
-0.000342
-0.0028679
-0.004276
-0.0094426
0.0064261
-0.0014761
-0.0051464
-0.006899
0.0055458
-0.0040781
0.0095052
-0.0086708
-0.0074482
0.007603
0.0065673
-0.0038908
-0.0097518
-0.0088887
-0.0084252
-0.0087744
-0.0023363
-0.0066493
-0.007085
-0.0017117
0.0083096
-0.0033975
0.0050908
0.0073449
0.0040922
-0.0007456
-0.0062116
0.0058243
-0.0099952
0.0024569
0.0035241
-0.0057157
0.0025977
0.000907
0.0017664
-0.0062553
-0.0077548
-0.0054772
-0.0097256
-0.0016527
4.3e-5
-0.0063135
-0.0063703
-0.0041527
0.004651
-0.0068115
0.0061945
-0.001873
0.0059616
0.0045312
0.0024324
-0.0036118
-4.3e-5
0.0078597
0.0089302
0.0087041
0.0098013
0.0018937
-0.0080978
0.0040817
-0.0088767
-0.0032257
0.0024854
-0.0028865
-0.0047432
-0.0041946
0.0024625
0.0078122
-0.0087356
-0.002115
0.0061305
-0.008425
-0.0095434
0.0003414
0.0073512
-0.0002636
-0.0085556
-0.0015107
-0.0006628
-0.0017324
-0.0045751
-0.0032496
-0.0097201
-0.0008846
0.0049615
-0.0091814
-0.0084728
0.0052075
0.0004628
-0.0029528
0.0049405
-0.0068545
0.0007331
-0.0079365
0.0068836
-0.009988
-0.0047989
0.0043006
0.0046989
-0.0059111
-0.003125
-0.0004723
0.000616
-0.0077409
0.0008406
-0.0087085
-0.0005251
-0.0043817
-0.0040365
-0.0003636
-0.0034719
0.0021006
-0.0058601
-0.0036832
-0.0091468
0.0031515
-0.0053746
0.005751
0.0078551
-0.0007851
0.0085934
-0.0073114
0.0051837
0.0054366
-0.0095123
0.0048949
0.0048718
-0.0018391
-0.0063815
0.0057371
-0.008459
0.0084545
-0.0093168
-0.0085531
0.0076845
-0.0076416
-0.0010972
-0.0052113
0.0082184
-0.0070957
-0.0001264
-0.0091959
0.0088749
-0.0059866
0.0010333
0.0029726
-0.0017927
0.0039927
0.0035789
-0.001644
0.0058155
-0.0004447
-0.0036502
0.0088285
-0.001412
0.0034937
-0.0045201
0.0013166
-0.0073642
0.0067432
0.0028934
0.007814
0.0030139
0.0054514
-0.0066174
0.0041168
-0.009988
0.0071627
0.0053483
0.0085031
-0.0035758
0.0036562
0.0084722
0.0070929
-0.0044399
0.0038396
0.0099254
0.0090467
0.0014038
0.0020058
-0.0088912
-0.004165
-0.0072787
0.0098631
-0.0062846
-0.0078669
0.0071437
0.0058921
0.0017243
0.0081504
0.0050092
-0.0020265
0.0061514
0.0098867
-0.0045449
0.0065432
0.0064417
0.0027726
0.007976
0.0025084
-0.0077348
-0.0084665
-0.0024555
-0.0012273
0.0060949
0.0030312
0.0049228
-0.0023719
-0.0045122
0.0071645
0.0053803
-0.0018445
0.0059035
-0.0010395
0.0009437
0.0021664
0.0084996
0.0098936
0.0006671
-0.0049749
0.0027942
-0.0066789
-0.0090097
-0.0058297
0.0069809
-0.0097111
-0.0096028
-0.0084115
-0.0081776
0.0025289
0.008534
0.0003995
-0.0040253
0.0002939
-0.0077949
0.0055676
0.0016035
0.0099559
-0.0008123
-0.0008622
0.0091578
0.0072
-0.0024786
-0.001894
0.0047942
0.0019834
0.0044557
-0.0096023
0.0050875
0.001832
0.0034467
0.0089571
0.0010167
-0.0008578
-0.0071579
0.0011075
0.007129
0.0069527
0.0088201
-0.0045264
-0.0060312
-0.0034252
0.0003097
0.0055263
-0.0002394
-0.0041951
0.0018985
-0.0039874
-0.004096
-0.0019963
-0.0099734
-0.0040444
0.0033618
0.0071727
-0.0023214
-0.0099982
-0.0011808
-0.0042818
0.0027723
-0.0099201
0.0058425
0.0059328
0.0002996
0.0041038
-0.0079105
0.0091966
0.0032437
0.0006762
-0.0041591
-0.0047555
-0.0061673
-0.0013859
-0.009012
-0.009111
0.0030609
-0.0033318
-0.0036827
0.0028326
0.0082832
-0.0008888
-0.0077289
0.0003334
-0.0040043
-7.33e-5
0.0027396
0.0047485
-0.002445
0.0038447
0.0013625
-0.0097444
0.0028099
-0.0021247
0.0023885
0.0079928
-0.0076058
-0.0019512
-0.0078779
-0.0056681
-0.0097269
0.0078999
-0.0091682
0.0041466
0.0044027
0.0089587
-0.0011115
-0.0085831
0.0054262
0.0073365
0.0067519
-0.0031071
-0.0081256
-0.0008943
0.0016392
0.0025635
0.00892
-0.0033518
-0.0032987
0.0009827
-0.0067543
0.007464
-0.0074717
0.0098288
-0.0087923
-0.009597
0.0064398
-0.0009758
-4.5e-5
-0.007536
0.0077334
0.000575
-0.0065265
-0.0036427
-0.0007812
-0.0005165
-0.0046773
0.0052535
-0.0071528
0.0088485
0.0054211
-0.0023503
0.0068245
-0.0050463
0.0038378
0.0083155
-0.0053623
0.0067893
0.0013904
0.0099567
0.0031529
0.0054466
0.0070065
0.0027366
-0.000499
-0.0061141
0.0006535
-0.0028736
-0.0013369
-0.0067513
-0.0015844
0.0098675
0.0099003
-0.0017812
-0.0019135
-0.0078024
-0.0083608
0.0026552
0.0024187
-0.0052506
0.0005248
-0.006898
0.0009746
0.0075692
0.0086555
0.005072
0.0086583
0.0005467
0.004495
0.0082222
0.0089312
-0.0047409
0.0064111
-0.0010575
-0.0014895
0.0060557
-0.0050535
-0.004839
0.0059016
0.0057862
-0.0026132
0.009222
0.0098451
0.0053683
-0.0082094
0.0020983
0.0090203
-0.0095381
-0.0006745
-0.0090257
-0.0081075
0.0005929
-0.0047312
0.0026368
0.0049512
-0.0037656
-0.0067799
0.0047699
-0.0053656
0.0036009
0.0017312
0.0009656
0.0006309
-0.0086584
-0.0050835
0.0042776
0.0042175
0.0045331
-0.0038982
-0.0060886
-0.0034695
-0.0026474
0.0049191
0.0062017
0.0032588
-0.0019671
-0.0005117
0.0083606
0.0060382
-0.0052242
0.0031841
0.0004663
-0.0095704
-0.0030404
-0.0016965
-0.0014369
-0.0093472
-0.0097156
-0.0044339
0.006748
0.0029711
0.0073041
