0.0052052
0.0045505
0.0034728
0.0058521
0.0082083
0.0002474
-0.0095366
-0.0059917
-0.0005925
0.0059846
-0.0022974
0.0041551
0.0032463
-0.0071518
0.0043551
0.0028923
-0.007299
0.0090483
0.0090333
-0.0030367
-0.0031245
-0.0093414
-0.0015252
-0.0018676
-0.002979
-0.0037229
-0.0067093
0.0071288
0.0068657
-0.0007687
-0.0057513
-0.0040752
-0.0060908
0.0059409
0.0095555
0.0094836
-0.0057631
-0.0013858
0.0031161
0.0036352
-0.0002289
-0.0084996
0.0043826
-0.0054123
-0.0005032
0.0025015
-0.0044359
0.0013574
-0.0086664
0.0027595
-0.000448
0.0084735
-0.0008221
0.0014995
0.0073696
-0.0043202
0.0093581
0.0017581
0.0009661
-0.0076494
-0.0095641
-0.0005785
-0.0001049
0.0062921
0.005884
-0.0045766
-0.0021561
-0.0025516
-0.0023316
0.0017318
0.0074365
0.0078772
-0.0052979
0.0033027
-0.0001036
0.0098122
-0.0007294
-0.0004533
0.0071838
0.0059375
0.0018631
0.0023147
0.0057479
0.0024898
-0.0075292
0.0039506
-0.0048397
0.0071619
-0.0036004
-0.0093159
0.0041394
-0.00233
8.94e-5
-0.0057532
-1.44e-5
0.0094919
-0.0077304
0.0055042
-0.0094767
-0.0051594
0.0019597
0.0040264
-0.0034336
-0.0041838
0.0093386
0.0034814
0.0011131
0.0062752
-0.0010934
0.009111
0.0032055
0.0038872
0.0032786
0.0043444
0.0009591
0.0082568
0.0078839
0.0031546
0.0091682
-0.0037368
-0.0015647
0.0091783
0.0022476
-0.0039907
-0.0053359
-0.0057631
-0.002743
-0.0094274
0.0045754
-0.002348
0.0027612
-0.0052677
0.0035001
-0.0025413
0.0020219
-0.0046635
-0.0007004
0.0056113
0.0031416
0.0033022
-0.0037102
-0.0065602
-0.0080838
0.0093515
-0.0046312
0.0065441
0.0054536
0.0021403
0.0026492
-0.0077746
0.0093611
-0.0081943
-0.0024652
0.0031929
0.0007206
-0.007896
0.0091061
0.0071494
-0.0092535
-0.007491
0.0090203
-0.0072461
-0.0050674
0.0057303
-2.8e-6
0.0033818
-0.0063417
-0.0055485
-0.0006066
-0.0085908
0.0088308
0.0047979
-0.0094296
0.0034751
0.0097239
0.0083001
0.0066413
-0.0012715
-0.0089148
0.0093532
-0.0024722
-0.0004453
0.0033174
-0.0035784
0.0084595
-0.0067135
0.0051682
0.0003115
-0.0064801
-0.0049148
0.0040902
-0.0011269
0.0078899
-0.0028002
-0.0012035
0.0028292
0.0038458
-0.0003338
-0.0026286
0.0007962
0.0082974
-0.0017011
0.005844
-0.0027438
0.0086883
0.0073289
0.0093391
0.0066439
0.0024682
-0.0098058
0.0037849
0.0027266
-0.0079415
-0.0031491
-0.0013855
0.0006811
0.0062777
-0.0046171
-0.0063505
0.0049485
-0.0043084
0.0048506
-0.0022488
-0.0033658
-0.0033676
0.0056576
-0.0038751
-0.005509
0.0023071
-0.0047028
-0.0085759
0.0043865
-0.0054072
-0.0046886
-0.0023506
-0.0048947
0.0061885
-0.008231
-0.0044742
0.0016298
-0.001943
0.0008053
-0.000537
-0.0051844
0.004399
-0.0011279
-0.0002704
0.0069319
0.0073031
-0.0094245
0.0038819
0.0085411
-0.0015979
0.0038162
0.0001964
0.0089448
0.0069264
0.004453
-0.0080035
-0.0088777
-0.0014264
-0.0034638
-0.0043692
0.0066274
-0.0012549
0.0098327
0.0045603
-0.0060576
-0.0024778
0.0068912
0.0004051
-0.0063156
0.0071057
-0.0085731
0.0056108
-0.0093184
0.0049021
-0.0070718
0.0016598
-0.0040955
-0.0047621
-0.0053613
-0.0089428
-0.0059776
-0.0024621
-0.0089205
-0.0005563
0.0034007
-0.0044616
0.0080138
0.0069221
0.008524
-0.0071151
-0.0089766
0.0085422
0.008473
0.0043749
-0.0067494
0.0036502
0.0025162
-0.0020315
0.0008847
-0.0058836
-0.0026794
-0.0052611
-0.0078887
-0.0019339
-2.13e-5
0.0044003
-0.000304
-0.0050845
-0.0024917
0.0085008
6.03e-5
0.0097957
-0.0050606
-0.006186
0.0015364
0.0001269
-0.0030539
-0.0019966
-0.006847
-0.0066177
0.0003222
-0.008047
-0.0008878
-0.0019049
0.0021926
0.0028151
-0.009996
0.0047323
0.0006019
0.0007732
-0.005718
-0.006148
-0.0045869
-0.005038
0.008166
0.00828
0.0088662
-0.0077309
0.0043795
0.0037534
0.0027719
0.0076895
-0.0028809
-0.0091252
-0.0019568
-0.0084193
-0.0030145
-0.0062046
-0.00528
0.0006262
0.0090796
0.0008436
0.0091795
-0.0097029
0.0030201
-0.0042669
0.003169
0.0056628
0.0042318
-0.0098601
0.0056758
0.0067134
-0.0084696
0.0053068
-0.0014975
0.0007599
0.0074128
-0.0091067
-0.0091961
-0.007944
0.001153
-0.0023405
-0.0013175
-0.0045772
0.006759
-0.002896
1.3e-5
-0.0069089
-0.0093857
0.0046634
0.004789
0.0069509
-0.0050118
0.0031754
0.0031225
0.0050138
0.0011421
0.0054163
-0.005072
-0.0086286
-0.0009717
0.0042286
-0.0019911
0.0072913
0.0090612
0.0006766
-0.0063457
-0.003654
-0.0078436
0.0048638
0.0067296
-0.001198
-0.0072378
-0.0012128
-0.001942
-0.0037021
0.0053838
-0.0024999
-0.0007715
-0.0046916
0.0088285
-0.0077462
-1.77e-5
-0.0065558
0.0058964
0.0009997
0.00834
-0.0038216
-0.0037876
-0.0081132
-0.0041453
0.003082
0.0071665
0.0035289
-0.0056914
0.0073283
0.004013
-0.00649
-0.0009148
-0.0038228
-0.0002354
-0.0076777
-0.0073564
0.0025012
-0.0079675
0.0044257
0.0007541
-0.0012051
0.0060039
-0.0027541
-0.0014405
0.0006421
-0.0059437
-0.0074368
0.0037278
-0.0067826
0.0056188
0.009196
0.0027149
-0.0052745
0.0041461
-0.0031118
-0.0049041
0.0046246
0.0004554
0.0070965
-0.0035263
0.0097613
-0.0057267
0.0048499
-0.0053265
0.0042848
-0.0093725
0.0037408
0.0040441
0.0093083
-0.0010428
-0.0050168
0.0041618
-0.002983
-0.0066705
0.0057498
0.0062986
0.0011127
0.0045782
-0.0090269
-0.0053806
-0.0016017
0.0023689
0.0085975
-0.0059031
-0.0089564
-0.007365
0.0047918
0.0047117
-0.0022759
-0.0074301
0.0052532
-0.0035002
0.0008738
0.0091974
-0.0018579
