-0.0049846
-0.0082976
0.0024185
0.0012353
-0.0096899
-0.0029747
0.0081552
-0.001178
0.0036498
0.0025914
0.0029667
-0.0046997
0.0064009
-0.002361
0.0001322
0.0014441
0.0011837
-0.0038631
0.002108
0.0054144
-0.0026133
-0.0096787
0.0077766
0.0074439
0.007971
-0.0016538
-0.0020254
0.0061627
-0.0049915
-0.0027061
0.000125
0.0066569
-0.007646
0.009052
0.0031904
0.0033173
-0.0083856
0.0018899
0.0005548
0.0009684
-0.0097481
-9.54e-5
-0.0043154
-0.0058332
0.004066
-0.000563
-0.0063716
-0.0057049
-0.0064841
-0.0083483
0.0013963
0.0034063
-0.0052442
0.0050046
-0.0057132
0.0024719
0.0015173
-0.004688
0.0045832
-0.0046341
0.0048579
-0.0062391
-0.0080032
0.00341
-0.0063682
0.0035307
0.0029789
-0.006205
0.0055467
0.0070373
0.008206
0.0078135
-0.0052733
-8.1e-6
-0.0056851
0.0087415
-0.0005569
-0.0007981
0.0028145
-0.0005351
0.0023744
-0.0082721
-0.0004989
-0.0029516
0.0070138
-0.0005055
0.0052796
0.0006758
0.009768
-0.0056621
0.0058416
0.003842
0.0016463
0.0082608
-0.0027832
0.0088559
0.0074082
0.0075483
0.0002662
-0.0094694
-0.0054058
-0.00345
0.0052437
0.0079571
0.0043
-0.0026977
-0.0069178
-0.0091628
0.0014202
0.0004143
-0.0023704
0.0079707
0.0018237
0.00576
0.0085307
0.0072672
0.0044584
0.0075144
0.0019349
-0.001192
0.0056374
0.003657
-0.0085837
0.0015456
-0.0096286
-0.0025116
-0.0080148
-0.0062479
0.0093478
0.0084807
0.0023806
0.0018403
-0.0030809
-0.0087795
-0.0030418
0.0092487
0.0051795
-0.0023052
0.0075337
0.0042572
0.0053957
0.0078869
0.0062844
-0.0045432
0.0013892
-0.0006553
-0.0081697
0.0077635
0.0050072
0.0024386
-0.0009049
-0.0086295
-0.0089623
0.0055591
0.0059878
-0.0045642
0.0016907
0.0054621
-0.0032443
-0.0061429
-0.0080019
-0.0087226
0.0020452
-0.0050424
0.0005195
0.0093744
-0.0092237
-0.006522
-0.0050829
0.0048302
0.0042122
0.0077806
-0.0003165
-0.0074125
-0.0089403
-0.0019405
0.0095463
0.0099842
-0.0072127
0.0099725
0.0001837
-0.008521
0.0011629
-0.0027062
0.0061183
-0.006884
-0.0063676
-0.0028166
0.0099772
0.0043674
0.0089636
-0.0012158
0.0061636
-0.0052935
0.0052679
-0.0076592
-0.0041724
0.0031891
0.0004052
-0.0099828
0.0038481
-0.0041876
0.0095102
-0.0015502
0.008344
0.0073653
-0.0025642
0.0082453
0.0036988
-0.0056117
-0.0051004
0.0020455
0.0006791
0.0072564
0.0060635
-0.0043306
-0.0056002
-0.0061877
0.0065247
0.0086639
0.0008872
0.0071275
-0.0041445
-0.0066887
-0.0092462
-0.0006765
0.0045315
0.0048232
0.0005067
0.0075291
0.001114
-0.0068378
0.0036592
0.0056036
-0.000617
-0.0027173
-0.0080619
0.0031822
-0.0051288
-0.0064443
-0.0022422
0.0071692
-0.0003582
-0.0057318
0.0052192
-0.0009028
-0.0006965
-0.0010694
0.0015786
-0.0085654
-0.0096326
0.0048735
-0.008168
0.0088084
0.0087012
0.0061466
0.0045104
-0.0028261
0.0058123
0.0063996
0.0057069
0.0081061
-0.0042394
-0.0053633
-0.0033582
-0.0006515
0.0046428
-0.0057057
-0.0044643
0.0068597
-0.000745
-0.0037394
-0.0003344
-0.0076711
-0.0065372
0.0039316
-0.0086892
0.0063996
0.0009469
0.0096072
-0.0012934
0.0012011
0.0056246
-0.0090714
-0.0051862
-0.0047007
0.0064978
-0.0033419
-0.0059597
-0.0088519
0.0025462
-0.0026939
0.0075868
0.0032045
0.006722
0.0026534
0.0081188
0.0072352
-0.0026387
-0.0006805
0.0075284
-0.004939
0.0072265
5.31e-5
0.0005054
0.0076624
0.0070625
0.0024915
0.0041347
-0.0062188
0.0023892
0.0053617
0.0075882
0.0072674
-0.0078636
-0.0031796
-0.0031049
0.0051796
0.0032022
0.0037309
-0.0090584
0.0096514
-0.0009171
-0.0067609
-0.0050571
-0.006294
0.0023821
0.0087616
0.0027764
0.0044716
-0.0030153
0.0036486
0.0032841
0.0081059
-0.0039779
-0.0045578
-0.0077618
0.0007873
0.003887
-0.0009382
-0.0057845
0.0056527
0.0097124
0.0088372
0.0055256
0.005256
-0.0076982
-0.0060091
-0.0002825
-0.0069093
-0.0048708
-0.0002597
0.0035821
0.0001087
-0.0026397
-6.06e-5
0.0056836
-0.0046184
0.0079976
0.0031908
-0.0033951
0.0069362
0.0051717
0.0091822
0.0020342
0.0007117
0.0066692
-0.0005468
-0.0015574
0.0070916
0.0017115
-0.0007833
-0.0090681
0.0030802
0.0052463
-0.0054526
-0.006595
-0.0047415
0.0040643
-0.0082732
0.0033572
-0.0010144
-0.0058801
0.0057289
0.0043735
0.0036058
-0.000271
-0.0025052
-0.0017702
0.0008033
0.0075439
0.0069903
0.0026654
-0.0017862
-0.0026864
0.0097033
-0.0003533
-0.0042287
0.0091376
0.0031103
0.0027176
-0.0094694
-0.0064211
0.003674
0.0058406
-0.006318
0.0017084
0.0083178
0.0012516
-0.0049995
0.0033549
0.0007144
0.0061674
-0.0079372
0.0053086
-0.0095515
-0.0017662
-0.0006504
0.0065029
0.0071823
0.0090417
-0.0052396
-0.0046455
0.0042036
0.0072613
0.0038368
0.0027748
0.0066996
0.0097018
-0.0039058
-0.0067316
0.0052685
0.0092312
-0.0073189
-0.0067135
-0.0012914
-0.001475
0.0096033
0.0011177
-0.004856
-0.0085919
0.0053215
0.0029412
-0.0015505
-0.002831
0.0015038
-0.0087664
-0.0077699
0.0066645
-0.0061183
0.0063327
0.0074967
0.0002406
0.0048773
0.0076336
-0.0042703
-0.0072044
-0.0011194
0.0059429
0.0075749
-0.0090049
0.0049819
0.0018261
0.0066326
0.0084421
0.0044246
-0.0065907
0.005555
0.0041414
0.0042429
0.0024072
0.0009842
0.0067331
0.0042532
-0.0011433
-0.0008948
-0.0052861
-0.0042586
0.0012931
-0.0016124
0.0048749
0.0045625
-0.0067086
0.0084354
-0.0044455
0.0069355
-0.0024302
-0.0033482
-0.007909
0.0008857
0.0081484
0.0078685
-0.0053104
-0.0018069
-0.0058481
