-0.0045222
0.0083939
-0.0050624
-0.0038818
7.58e-5
-0.0078542
-0.0086883
0.0038245
-0.0034228
-0.0068687
-0.0035465
-0.007472
0.0072624
0.0014939
-0.0096628
-0.0063881
0.0008182
-0.0092238
-0.0054307
0.0023592
-0.0038043
0.0075579
-0.0026881
0.0025697
0.007583
0.0032658
-0.009569
-0.0081164
0.0024938
-0.0038262
0.0022725
-0.0044654
0.0002362
0.0098086
0.0075645
0.0064858
-0.0079757
-0.006263
0.0077001
0.0097907
0.0029079
0.0015962
-0.005064
0.00671
0.0041682
0.0088904
-0.0074519
-0.0082961
0.0009482
0.0018043
0.0063282
-0.0004711
-0.0074222
-0.0055823
0.006335
-0.0031568
-0.005906
-0.0054825
0.0049653
-0.0015846
-0.0093245
-0.0092846
-0.0049713
-0.0073032
0.002086
0.0070065
0.0078539
-0.0039156
-0.0074315
-0.0007436
-0.0085579
-0.000106
-0.0013654
-0.0026599
-0.0073209
0.0081217
-0.0012039
0.0012512
-0.0051692
-0.0029512
-0.0053156
0.0057687
0.0001421
-0.000211
-0.0045395
-0.0086272
-0.0098853
0.0016202
0.0049917
0.0005942
0.0094797
-0.0097829
0.0073506
0.0009789
0.0050053
-0.0077571
0.0016279
0.0023332
-0.0092525
-0.0029931
-0.0095757
-0.0001934
0.0009462
-0.0083683
0.0048688
-0.0040053
0.0094896
0.0080263
0.006478
0.0058897
0.0071392
-0.0080071
0.0048963
0.009813
-0.006713
-0.0059646
-0.0004629
-0.0049848
-0.0098192
-0.000344
-0.0095245
0.0002267
-0.0082817
-0.0090691
-0.0073692
0.003711
-0.0067923
0.0082545
0.0086489
0.0002074
0.0025698
-0.0075298
-0.0028323
0.006402
0.0080841
0.0091638
-0.0011248
-0.0055575
-0.0018484
-0.0092866
0.0039031
0.007664
-0.0093476
-0.0011611
-0.0023662
-0.0049032
0.0086935
-0.0068991
0.0059659
0.0087887
0.0039445
0.0094153
-0.0063213
-0.0053346
-0.0060898
-0.0078904
-0.0077998
0.0016534
-0.0036691
0.0088046
-0.0014806
0.0053807
-0.0060461
-0.0096802
-0.0096878
-0.0005314
0.0017855
0.0078896
-0.0023672
-0.0034227
-0.0075515
-0.0016222
-0.0055572
-0.0025301
-0.0045284
0.0020562
-0.0030225
0.0038719
-0.0043237
-0.0065471
-0.0035005
0.0048012
-0.0044384
2.65e-5
0.0039928
-0.0061439
-0.0035111
0.0034885
-0.0089347
-0.0040314
0.0069231
0.0015058
0.0039542
-0.0028984
-0.0011596
-0.0004402
-0.0067777
-0.0083549
-0.0037399
0.0071547
0.0097613
-0.0056263
0.0052315
0.0029798
-0.0047378
0.0039896
-0.0014268
-0.004657
0.0046724
0.0004368
-0.0060758
0.0017557
-0.0023438
0.0049674
0.0097527
-0.0034818
-0.0028029
0.0014501
0.0055311
0.0023993
-0.0042542
0.0001603
-0.0076992
-0.0091757
-0.0021059
-0.0069439
-0.0014026
0.0080034
-0.0023658
0.0048869
0.0065731
0.0033617
-0.004211
0.0041001
0.0086314
-0.0031862
-0.0073375
-0.0058165
-0.0099441
0.0021503
-0.0017539
0.0059625
-0.007869
-0.0020779
-0.0046617
-0.0059403
-0.0024852
-0.0009763
-0.0003655
0.0072644
0.0050664
0.0011021
0.0090213
0.0071409
0.0003974
0.0033314
0.0090762
0.006902
0.0094704
-0.0056815
-0.006943
0.0091887
0.0021643
-0.0058109
0.0073582
-0.0070187
-0.0085966
-0.0089335
0.0032786
0.0030928
0.0003276
0.0012175
0.0097818
-0.0092096
-0.0012802
0.0051842
-0.0054862
0.0043006
-0.0002002
0.0080511
0.0032423
0.0062344
0.0021605
-0.0023353
-0.0069728
0.0044126
-0.0064629
0.0025891
-0.0053671
-0.0066378
0.0034071
-0.0079239
-0.0075017
0.0039204
-0.0035612
-0.0054527
-0.0052581
-0.0034308
0.0052896
0.0091222
0.0022839
-0.0028162
-0.0002765
0.0045764
0.0066345
-0.0053711
0.0006599
0.0067132
-0.0088691
-0.0018024
-0.0068174
0.0097402
-0.0070627
0.002612
-0.0058747
-0.0034008
-0.0095217
0.0061416
0.0023704
-0.0064644
-0.0003334
0.0092262
0.0009477
-0.0089422
-0.0007208
0.0067598
0.0046598
-0.0090685
-0.0052764
0.0082447
-0.0030609
-0.005083
0.0081457
-0.0076439
-0.0038011
0.0079152
-0.0053648
0.0074147
0.0041762
0.0076486
0.0073144
0.0057954
0.0019851
-0.0035739
-0.0007474
-0.0053998
-0.0002668
0.0020058
0.00426
-0.0068232
-0.000198
0.0085051
0.0086551
0.0087654
0.0028044
-0.0072661
0.0081105
0.0038022
-0.0002069
0.0057855
0.0097227
0.0014464
-0.0042924
0.008006
0.0019729
-0.0024518
0.0038862
0.0037497
-0.0057464
0.0085954
-0.0008362
-0.0034501
-0.0015855
-0.0060112
-0.0001548
0.0090715
0.0063658
-0.0073626
0.0069567
-0.0040354
0.0057528
0.0072537
0.0004412
0.0025382
0.004221
-0.0014071
0.0070941
-0.0070272
0.0034348
0.0041815
-0.0001646
0.0082902
0.0038709
-0.0084695
-0.0015949
0.0087094
-0.002719
-0.0039052
0.0009772
-0.0015399
-0.0048545
0.0096793
0.0029928
-0.0066893
-0.0076828
-0.0036755
0.0039396
-0.0061522
-0.0047163
-0.004141
-0.0032822
-0.0005543
-0.0038025
-0.0021681
0.0090725
0.005107
0.0071194
0.0044946
-0.005343
-0.0008341
0.0066197
-0.0075695
-0.0003206
0.0036107
0.0029797
-0.0036653
-0.0063007
0.0078705
0.0033605
0.0099408
-0.0042165
0.0045538
0.0070789
0.0027253
0.0003145
0.0085386
0.0080889
0.0087254
-0.0040164
-0.0029686
0.0094592
-0.0062165
0.0027282
0.0043329
-0.0067556
-0.0084796
0.0018689
0.0004479
0.001556
0.0061805
-0.0098067
-0.0077492
-0.0014391
0.0068684
-0.0027786
3.02e-5
0.0028149
0.005711
-0.0099454
0.0039059
0.0023987
-0.0071113
0.008269
0.0064595
0.0015994
-0.0043526
-0.0025292
-0.0095989
-0.0007847
-0.0085943
-0.0027925
-0.001457
-0.0084835
0.0080258
0.0095569
-9.3e-5
0.0033554
0.0048599
0.0021133
0.0097541
-0.002171
0.0044199
-0.0006385
-0.0046878
0.0086631
0.0008587
-0.0029243
-0.0093006
0.0039994
0.0087986
0.0037851
0.0013786
-0.0006375
0.0099055
0.0037801
