0.0007439
-0.0011651
0.0084304
0.0058355
-0.0085862
0.0081032
0.0049286
-0.002667
-0.0033601
-0.0011745
-0.0014756
0.0032861
-0.0011378
-0.0037566
0.0011099
-0.0043776
0.0041393
0.0010145
0.0084081
-0.0090384
-0.0012806
-0.0098809
0.003135
0.0084984
-0.009001
0.0090913
0.007024
-0.0054453
-0.0028424
-0.0056202
0.0013618
-0.0004802
-0.0032119
0.0028153
0.0029846
-0.0049882
-0.0018433
-0.0083987
0.0076807
-0.008769
0.0072976
0.0059289
0.009205
0.0076733
-0.0081372
0.000255
-0.0062165
-0.0071463
0.0081484
0.0015648
0.0087624
-0.0009286
-0.0050629
-0.0071438
-0.0093625
-0.0095059
-0.0084459
0.0065763
-0.0018911
-0.0044828
-0.007311
-0.0095036
-0.0018814
-0.009584
0.0043522
-0.0085734
-0.0073525
0.0069631
-0.0061314
0.0062943
0.0025808
-0.0092717
-0.0027217
0.0070404
-0.0047021
0.0095861
-0.0082769
-0.0006034
-0.0015327
-0.0049579
-0.0003889
-0.0019211
0.0032041
-0.0047922
0.0010914
0.0092737
0.0002991
-0.0021113
0.000608
-0.00653
0.0074618
0.0012661
0.0055366
-0.0069658
0.0089967
-0.0078085
-0.0062448
-0.0046115
-0.0097688
0.0021497
-0.0066958
0.0017398
-0.0072269
-0.006138
0.0011201
0.0005345
-0.0026142
-0.0004739
0.0029702
-0.0039278
-0.0007501
0.0090566
-0.0053371
-0.0066874
0.0064121
0.0037307
-0.0009424
0.0050276
0.0076806
-0.0032494
0.0006965
-0.0043461
-0.0066942
-0.0056785
-0.0044044
0.0055295
-0.0023399
-0.0005374
-0.005152
-0.0062248
-0.0062507
0.0037484
-0.0022068
0.0072531
-0.0097916
-0.0056632
-0.0011135
0.0055216
-0.0032152
-0.0091983
-0.0091271
0.0060924
0.0075461
-0.0092607
0.0086945
0.0038035
0.0073783
-0.0058031
-0.006586
0.0046312
-0.0014592
-0.0098923
0.002726
0.0023784
0.0037652
0.0037442
-0.0030591
0.0042714
-0.0062721
0.0023415
0.0055751
0.0067596
0.0036078
0.0075528
0.0020785
-0.0068923
-0.0076586
-0.0042428
0.0018713
-0.0081443
0.0019541
-0.0081403
0.0056936
-0.0056742
-0.0017635
0.004761
-0.0051994
-0.0071166
0.0038313
0.0039263
-0.0061967
-0.0037035
0.0038155
-0.0022411
-0.0094558
-0.0088391
-0.0024003
0.008003
0.0074635
0.0049195
-0.0047094
-0.0055884
0.0002608
-0.0035399
0.0083261
-0.0051178
0.0007138
0.0064126
-0.006295
-0.0046937
-0.0031639
0.0080372
-0.0003403
0.0062335
0.0060739
-0.0052824
-0.0003786
0.0022857
-0.0080094
0.0018426
-0.008163
-0.0092198
0.0077296
0.0019432
0.0034007
-0.0036097
-0.0015629
-0.0017867
-0.0050556
0.0096013
0.005502
0.0016172
0.0038965
0.002864
0.0016669
0.0021394
0.0044266
-0.0001616
-0.0011915
-0.0060685
0.0013705
0.00743
0.0010991
0.0027771
0.0034371
-0.0047214
-0.0073371
-0.0037659
-0.0071308
-0.0038685
0.00642
0.0018876
-0.0098333
-0.0082823
-0.0052358
-0.0081621
-0.0043515
0.0016224
-0.0031698
0.0074417
0.0060719
-0.0055299
-0.002639
-0.0070849
-0.005115
0.0084634
0.0078771
-0.0072004
-0.0068536
0.0052814
-0.0088996
-0.0071359
-0.0015074
0.0034837
-0.0031667
-0.001802
0.0057416
-0.0040348
0.004527
0.0026317
0.0017959
0.0027025
-0.0031488
-0.0092089
0.0063668
-0.0077499
0.0093513
-0.0089179
-0.0041082
-0.0081784
-0.0068774
0.0080168
0.0023247
0.0063987
-0.0089281
0.0040878
-0.0014962
0.0054677
-0.0094807
0.0013894
0.0070665
0.0059449
0.006835
0.0059421
0.0004988
-0.0078282
-0.0042231
0.0052582
-0.0051958
-0.0050437
0.0022877
0.003284
-0.0028172
-0.0028417
0.0044062
0.0075119
0.0030362
0.0036496
-0.0019635
-0.0077524
0.0077969
0.0063565
0.0087095
-0.0052069
-0.0080118
-0.0004682
0.0022148
0.0095974
0.0044949
-0.0088455
-0.0086673
-0.0010914
0.0053808
-0.0063954
-0.0010728
0.0028611
-0.0040824
0.0086294
-0.0048298
-0.0061803
-0.0066648
-0.0043296
-0.0081561
0.0006982
0.003793
0.0072281
-0.0065282
0.0075156
0.0029687
-0.0091376
0.0069969
0.006493
-0.0054574
-0.0005186
0.0083505
-0.008602
0.0024977
-0.0012351
-0.0067023
0.0049698
0.0090216
0.0022099
-0.0080958
-0.0042737
0.0010654
0.0039078
0.0097067
0.0042573
0.0009757
-0.0061738
0.0071588
0.0021069
-0.0015979
-0.0040581
0.0098814
8.67e-5
0.0095573
-0.0027292
8.23e-5
0.009811
0.0092727
-0.0007991
0.0038439
0.0094652
-0.0090498
0.0053053
-0.0080895
0.006393
-0.0002947
-0.0026828
0.0081561
-0.0058152
0.0072986
-0.0010282
-0.0021156
-0.0030761
0.0068312
0.0016378
0.0085796
0.0057703
0.0028166
0.0084293
-0.0035457
-0.0081554
0.0003032
-0.0074349
-0.0031448
0.0099552
-0.0094418
0.0064132
-0.007398
-0.0024152
0.001604
-0.0055181
0.0025939
-0.0073131
-0.0018349
-0.0068778
-0.0087319
-0.0088763
0.0052732
-0.0064441
-0.0047321
-0.0008651
0.0033094
0.009779
0.0074887
-0.0006493
-0.0053941
0.0098663
0.0040954
0.0023251
8.52e-5
-0.0034877
-0.0017829
0.0059767
-0.0009851
0.0038438
0.0009857
-0.0064565
0.0094764
-0.0094413
-0.0023569
-0.0087213
-0.0002
-0.0043406
0.0071446
-0.0006758
-0.003068
-0.001082
0.0094684
-0.0016823
-0.0086981
0.0042421
0.0010318
0.0044751
-0.0092621
0.0033864
-0.0030341
-0.0098852
0.003219
0.0023001
0.0005853
-0.0021409
-0.0046569
0.008547
-0.006909
-0.0064778
0.0057637
-0.0047839
0.0022484
-0.0052329
0.0016447
0.0050903
0.0097776
0.0026327
-0.0070291
-0.0023353
0.0015381
-0.0081729
0.0054214
-0.0083673
-0.0078619
-0.0084455
0.0021713
0.0007053
-0.0028841
-0.0040736
0.0044373
0.006495
0.0055753
-0.0090305
0.0016293
0.0082802
0.0087165
0.0091987
-0.0076453
0.0098697
0.0091592
-0.0056003
0.0048476
0.001787
-0.0022967
-0.0085197
0.0021166
