0.0051898
-0.0088948
0.0087888
0.0007409
0.0045289
-0.0001465
-0.0030035
0.0047708
0.0012913
-0.0030231
-0.0015508
-0.0020245
-0.0018644
-0.0042122
-0.0079969
-0.0032626
0.009708
0.0039452
-0.0044368
-0.0015068
-0.0076089
-0.0023214
-0.0024769
0.003863
0.0034819
-0.0012551
-0.0036495
-0.0037821
-0.0033835
-0.0071905
-0.0049307
0.0075609
-0.0046797
0.0028464
-0.0030673
0.0036954
0.0079166
-0.0055589
-0.0098785
-0.0020012
-0.0007873
0.0075215
-0.0056386
-0.0025191
-0.007809
0.0026789
0.0015346
-3.95e-5
-0.000353
-0.0045934
0.00206
-0.0045361
-0.0046646
0.001099
0.0091069
-0.000273
0.003143
0.0019965
0.0005057
0.00187
0.009258
0.0022111
0.0002542
-0.0040458
0.0056198
-0.0021448
-0.0087918
0.0089662
-0.0016768
0.0033151
0.0008432
-0.0071927
-0.0074156
0.0023315
0.0078765
0.0035394
-0.0011854
0.0037104
-0.0096898
0.0075117
-0.0034504
0.0014764
-0.0066203
0.0078103
0.0042482
0.0096168
-0.0061358
0.0041845
0.0005072
-0.0013359
0.0092863
-0.0026707
-0.0042295
0.0040665
-0.0084751
-0.0079055
0.0044407
-0.0044349
-0.0099976
0.0075423
-0.002236
-0.0090675
0.0087767
-0.0029097
-0.0099375
0.009952
-0.0035746
0.0020998
0.0007785
-0.0053764
0.0084183
0.0043457
-0.0040269
-0.0092174
-0.0040783
0.0009492
-0.0038517
-0.0022383
0.0016337
-0.006444
0.0059665
-0.009068
0.0019167
-0.0065516
-0.0011187
0.0083847
-0.0016112
0.0030553
-0.0006397
-0.0056595
0.0032602
0.0049714
0.0017666
-0.0087338
0.0017625
-0.0076589
0.0021952
0.0042518
-0.0033063
-0.0080485
0.0073021
0.0015344
0.0043173
-0.0018765
0.0076036
0.0041399
0.0014865
-0.0060641
-0.000929
0.0013489
0.0081833
0.0013395
0.0001436
0.002934
0.0033541
0.0086203
-0.0005396
0.0004693
-0.0026533
0.0053076
-0.0058234
-0.0020334
0.0048526
0.0029826
-0.0082996
0.0004159
0.0048955
-0.0046425
0.0066101
-0.006907
-0.00933
-0.004062
-0.0082302
-0.0039456
-0.0010426
0.0077381
-0.0088365
-0.0010782
2.34e-5
0.0070836
0.0033637
0.0013367
-0.0055333
-0.0037633
-0.0052599
-0.0073374
-0.0096093
-0.0077093
-0.0099502
0.0059571
0.0050562
0.0087543
-0.0053574
-0.0019215
-0.002409
0.0032871
-0.0020858
-0.0041018
-0.0059669
-0.0033529
-0.0028386
0.0082317
-0.0027114
-0.0085475
0.0022307
-0.0021538
0.002604
0.0048965
-0.0027705
-0.0075549
-0.0050284
0.0040826
-0.0054049
-0.0094463
-0.0024592
-0.0070547
0.0052985
0.0070407
-0.003796
-0.0035529
-0.0004066
-0.0077933
0.0004003
-0.0047515
-0.0027512
0.0020286
-0.0047143
-0.0086224
-0.0064333
0.0010949
-0.0064837
-0.0081923
0.0019136
-0.0045678
0.0011438
0.006492
0.0070744
0.0021318
-0.0076642
-0.0057696
0.0022149
-0.0025282
-0.0074395
0.0015527
-0.0099859
-0.0054305
0.0069729
0.0047614
0.0056416
0.007797
-0.0046641
-0.0029075
0.0057462
0.0079503
-0.0091153
-0.0033691
-0.0091226
-0.0036993
-0.0085539
-0.0086493
-0.0075129
0.0093134
-0.0044151
-0.0038941
-0.004644
-0.0022096
0.0096172
-0.0086528
0.0016016
-0.0043614
0.0003513
-0.0088527
0.007825
-0.0072588
0.0097072
0.0095118
0.0009779
0.0064281
-0.0021217
-0.0009381
-0.0072909
-0.0082584
0.0035032
0.008685
-0.0032169
0.0094815
-0.0057283
0.0038021
-0.00849
0.0050886
0.0043754
-0.002555
-0.0035708
0.0019462
-0.0045593
0.0008271
-0.0060037
0.0087313
-0.0067028
-0.0061154
0.0036363
-0.0090872
0.0032248
0.0031652
-0.0028946
-0.0084306
0.0018288
0.0057082
-0.0087021
0.0071092
0.0029358
0.007579
0.0053134
0.0023986
0.0030044
-0.0063235
0.0033382
0.0056252
0.0013071
0.0065529
0.0081792
-0.0003018
0.004593
-0.0014494
0.0004833
0.0066906
0.009156
-0.0096533
-0.0013289
0.009129
-0.0033273
-0.0058305
0.0013326
0.0084856
-0.0020428
-0.0089799
-0.008827
-0.0005507
-0.0032117
0.0075795
0.001833
0.0027573
-0.0064984
0.0087041
0.0090668
-0.0094106
0.0067236
-0.0036391
-0.0095976
0.0042158
-0.003547
-0.0063976
-0.0046932
-0.0016508
0.0021937
-0.0072922
-0.007334
-0.0024604
-0.0083424
-0.0016016
0.0029823
0.0079912
0.0084595
0.0038459
-0.0082281
0.0016651
-0.0081461
-0.0021839
0.000183
0.0043297
0.0038757
0.0039955
0.0031154
0.0076385
-0.0071547
-0.0099251
-0.0043461
0.0047576
0.0019627
-0.0058752
-0.0047181
-0.0036794
-0.0087881
-4.85e-5
0.0059654
-0.0081049
0.0048499
-0.0033818
-0.0083638
-0.009744
0.0089714
-0.0044556
-0.0046598
0.0046047
-0.0059187
0.0090563
-0.005021
0.0062347
-0.005305
0.0040158
-0.0026626
0.0098121
-0.0023411
0.0021646
0.0012158
0.0003672
0.0060122
-0.0051823
0.0082852
0.0071327
0.0016161
-0.0053141
-0.009347
-0.0084955
0.0033675
-0.0025676
0.0043892
0.0099725
0.0099936
-0.0078893
0.0007324
-0.0088177
0.0001382
-0.0012548
-0.0021437
-0.0060392
0.0061572
-0.0036622
0.0011038
0.0099365
-0.0039019
-0.005384
0.0025208
0.0083834
0.0036274
-0.0043902
-0.0074889
-0.0098921
0.0060845
-0.002479
-0.0041445
-0.0086248
-0.000696
-0.0072725
-0.000555
-0.0010952
0.0043476
0.0036526
-0.0082951
-0.0078776
-0.000832
0.0057023
-0.0043093
-0.0063385
-0.0042513
-0.0048603
-0.0046645
-0.0056664
-0.0026715
0.0008409
-4.34e-5
-0.0015139
-0.0039929
-0.003489
0.0010729
-0.0058332
0.0051615
0.0097056
-0.0087303
-0.0086733
-0.0086481
1.91e-5
-0.0053329
-0.0034924
0.003505
-0.0014373
-0.0093808
-0.0048292
0.0048989
-0.0061253
0.0098156
-0.0037114
0.0063607
0.0070189
-0.0053201
0.0056229
-0.0008087
-0.0041842
0.0021306
0.0009427
-0.0097866
0.0039236
0.0062963
0.0027286
0.0013465
