-0.0013966
-0.0019657
-0.0045448
0.0002572
0.0010165
-0.0008662
-0.0095802
0.0085534
-0.0056374
-0.0006906
0.004566
-0.0074793
-0.0001679
-0.0049223
0.0058762
0.0010674
0.0096842
0.003396
0.0010119
-0.0094618
0.0068175
0.0046024
-0.0076295
-0.0078269
0.0023415
0.0001729
-0.0017687
0.0044293
0.0069472
-0.0070224
-0.0059531
-0.0065676
-0.0011463
0.0074885
-0.0086557
-0.0087595
-0.0031113
0.0082076
0.0096126
0.0038429
0.0058052
-0.0034734
-0.0041224
-0.0076014
-0.0015113
0.0096584
-0.0097791
0.0061963
-0.0024146
-0.0068762
-0.0043981
0.0074828
-0.0091482
-0.0095309
-0.0019603
-0.0004879
-0.0095029
0.0074402
-0.0094805
0.0079836
-0.0069913
-2.51e-5
-0.0060322
-0.0037228
-0.0056265
0.0039799
-0.0012188
0.0029374
0.0083411
0.0064451
-0.0054614
0.0033131
0.007736
0.0083844
-0.0025593
-0.0056148
0.0046716
0.0048192
0.0081004
0.0092464
-0.0021608
0.0091001
0.0055697
0.0051843
-0.0089278
-0.0081562
-0.0082214
0.0011919
-0.0091385
0.0021844
0.0032722
-0.0003488
-0.002329
-0.0090687
-0.0018291
-0.0084762
0.0068094
-0.0046723
0.0080955
0.0047294
0.0087155
-0.0006619
-0.0057019
-0.0085665
-0.0029477
-0.0015376
0.0084777
0.0034879
0.0042981
-0.0062164
0.0024276
-0.0054127
0.0044455
0.0097876
0.0008014
0.0010751
0.0061352
-0.0099884
0.0075042
-0.0093805
-0.0060149
0.0032241
-0.0010709
0.0065259
1.97e-5
0.0010721
-0.0084077
0.0046152
0.0078087
0.0088951
-0.0090386
-0.0026364
0.0074431
-0.0016446
-0.0058513
-0.001243
0.0090945
0.000731
-0.0092094
-0.0019502
0.0067083
-0.0074665
-0.0080509
-3.3e-6
0.009369
-0.0046899
-0.0074235
-0.0049956
-0.0067992
0.0075793
-0.0081761
0.0043447
0.0054372
-0.0083053
-0.0095455
-0.0096732
-0.0054605
-0.0096612
0.0012746
-0.0020836
0.0091178
0.0079119
0.0038305
0.0080733
-0.0071736
-0.003106
-0.0001138
0.0056436
0.0005441
0.0048425
-0.0097429
0.0052091
0.0040432
-0.0092235
-0.0048255
0.0032521
-0.0073258
-0.005197
-0.006322
-0.0064872
-0.0013152
-0.0052077
-0.0020794
-0.0009213
-0.0090597
-0.0095229
-0.0046639
-0.0060269
-0.0039843
0.0050764
0.0092341
0.0092337
0.0085735
-0.0059966
0.0081427
0.0069871
0.0019977
0.0007077
0.001637
0.007026
-0.0021656
0.0037975
0.0027584
-0.0062081
-0.0093474
-0.0015936
-0.0078061
-0.0017841
0.0097042
-0.0082824
-0.0081098
0.004827
-0.0078692
0.0049964
0.002153
-0.0006752
0.0035285
0.0084816
-0.0077934
-0.0083903
0.0079024
0.0074026
0.0057168
0.0017475
-0.0026452
0.0018219
0.0055164
-0.0056716
0.001062
0.0033338
-0.0023669
-0.0068772
0.0020377
0.0085673
-0.0041023
0.0067503
0.0082894
0.0036837
0.0050223
0.0023366
-0.0015474
-0.0040844
-0.0054757
0.0053388
0.0066621
-0.0035896
0.0045722
-0.0078137
0.0062444
-0.0083161
0.0078721
-0.0015428
-0.0083166
-0.0013702
-0.0049482
-0.0093127
0.0071465
0.0001572
0.0094843
0.0091586
-0.0061073
0.0037301
-0.0079575
-0.007662
-0.0074168
0.0098804
0.0014094
-0.004774
0.0049378
0.004234
0.0066596
0.0076419
-0.0026192
0.0048957
0.0042148
0.0029249
-0.0044476
0.0022817
0.0033242
0.0037619
0.0061725
-0.0044928
0.0026257
-0.003998
-0.0027951
0.0096128
-0.0074948
0.0008446
0.0068261
-0.0049693
-0.0054707
-0.001717
-0.0077604
0.007601
0.0005266
0.0097758
0.0024389
-0.0053056
-0.0024069
-0.002396
-0.001582
-0.0036822
-0.002597
0.0029228
-0.0089467
-0.0091518
-0.0004181
0.0014907
0.00823
-0.0035992
-0.0029117
0.0077408
-0.0075742
0.0076023
-0.0010787
-0.0005145
0.0066668
-0.0009921
-0.0043482
-0.001004
0.0030345
0.0053274
-0.008074
-0.0025068
9.07e-5
0.008667
-0.0090874
0.0091174
0.0036727
-0.0082039
7.02e-5
-0.0045197
0.0090323
0.0067947
-0.0074366
0.0058268
-0.0086151
0.0073549
-0.0050648
-0.0037599
0.0034426
0.0025961
0.0012887
9.86e-5
0.0088398
-0.0089379
-0.0067671
0.000177
-0.0021705
0.0037758
-0.004534
0.0008463
0.0036455
0.0028265
0.0065616
-0.0002894
0.0038973
-0.0043957
-0.0041387
0.0081426
0.0064623
-0.0047703
-0.0035212
0.004961
-0.0047108
0.0001789
0.0012575
-0.0013613
0.0070674
0.0004576
0.0023086
0.0024894
-0.0036593
0.0017589
-0.0072177
-0.0011172
-0.0055572
-0.0044561
0.0053153
-0.0036071
0.0071974
-0.0074591
0.0009167
0.0086655
0.0001228
-0.0095997
0.0095538
0.0066168
-0.0053421
0.0045096
-0.0086096
-0.0035668
-0.0047259
-0.0087245
0.0061616
-0.0075194
0.0003804
0.0082873
6.91e-5
0.0070801
-0.0067302
-0.0099247
0.0065163
-0.0054408
-0.0072038
0.00115
0.0066898
-0.003763
0.0097215
-0.0080824
-0.0047882
0.0087335
0.0014285
-0.0055933
0.0093712
0.0071106
-0.0042875
0.0055037
-0.0069095
0.001036
0.0057214
0.0033971
-0.0074326
-0.0074262
0.0019072
0.000234
0.0061878
0.0050588
0.0030107
0.0078722
-0.002482
0.0075632
0.0089145
-0.0062475
0.0018252
0.0018079
-0.0084419
0.0063317
-0.0064978
-0.0059702
-0.0069373
0.0022435
-0.0069454
-0.0073856
0.000649
-0.0004337
0.0088959
0.0072036
0.0010496
5.57e-5
-0.0061372
-0.0032925
-0.0026553
-0.0091645
-0.0067638
-0.0018208
0.008871
-0.0026502
0.004656
0.0066773
0.0099327
-0.0083729
0.0078623
-0.0005798
-0.0074616
0.0085188
-0.0098913
-0.0051019
-0.0084048
-0.0098209
-0.0042457
-0.0075056
0.0056538
0.0049571
-0.0005925
0.0009836
-0.0055209
-0.0006952
0.0094064
-0.0098664
-0.0073582
0.0039159
0.0055895
0.0090239
0.0073908
-0.0041128
-0.0063283
0.0089576
-0.0058153
-0.0023028
6.91e-5
0.0014306
0.0029849
-0.0029854
0.0014752
