-0.0023618
0.0075457
-0.0057619
-0.0035757
-0.0063753
-0.0007299
-0.0038477
-0.0091237
-0.0019688
0.0041771
0.008885
-0.0037456
-0.006294
-0.0087803
-0.0022282
0.0084764
0.0035477
0.0064049
-0.0095113
0.0069896
0.0066084
0.0013769
-0.0065876
0.0039575
0.007447
-0.0001223
-0.0047824
-0.0082896
-0.0053589
0.0076381
-0.0052848
-0.0052189
0.0064613
0.0073345
-0.0073825
-0.0097057
-0.0082213
0.0094443
-0.0014304
0.0063225
-0.0066337
-0.0013963
0.0050796
-0.0005941
-0.0087968
-0.0087405
-0.0072497
0.0053496
0.00606
-0.0049803
0.0091024
-0.0038566
-0.004247
0.0017335
0.0044796
0.0061714
0.0031637
-0.005745
-0.0019768
-0.0057455
-0.0084722
0.009133
0.0083898
0.0097205
0.0052355
0.0058103
-0.0034821
-0.0096313
0.0016931
0.0099825
-0.007138
0.0013254
-0.0094721
0.0092023
0.0013844
0.001277
0.00656
-0.002378
-0.000199
-0.0027882
-0.0005385
0.0055035
-0.0019094
0.0010477
0.0081295
0.0015011
0.0005922
5.79e-5
-0.0093684
-0.0026189
0.0083603
-0.0098367
0.0037948
0.0024377
0.0076962
0.0039102
0.0097625
-0.003315
-0.008413
-0.0059121
-0.0016408
-0.00189
0.0047594
0.0060545
0.0008367
0.0072553
-0.0034318
0.0033702
0.0084913
0.0037003
-0.0028502
0.0074439
0.0034434
0.0093583
-0.0050126
-0.0056275
0.0077114
-0.0051528
0.0076146
-0.0088899
-0.0082619
0.0013578
0.0035137
-0.0076214
0.0009984
0.0002581
0.003107
-0.0007891
-0.0070544
0.0072853
0.0080985
-0.0054543
0.0057888
0.0024752
-0.0053667
0.0076367
0.0044161
-0.0015192
-0.0046439
-0.0099716
-6.35e-5
0.005411
-0.004294
-0.0030982
0.0062117
-0.0010644
0.0012325
-0.0089754
-0.0075596
0.0055834
0.0046856
-0.0013388
-0.0072104
-0.0026967
0.0029956
0.000591
0.0039512
-0.0011932
0.0013225
-0.0067774
0.0019326
-0.0040532
0.0021645
-0.0001998
0.0054858
-0.0094666
0.0051162
-0.0006613
-0.0052796
0.0008225
-0.0096914
0.0006003
0.0021137
-0.0091928
-0.0043682
0.0006221
0.0070575
-0.0061345
-0.0056975
-0.009977
-0.008289
-0.0046743
0.0044749
0.0031988
0.0027049
0.0004094
0.007
-0.0044754
0.0090142
0.0096396
0.0067322
0.0019953
0.0058807
0.002529
0.0062492
0.0086735
0.0049509
-0.0003245
-0.0017209
0.0003431
0.0009511
-0.0072615
0.0016934
-0.0093529
-0.0083695
-0.0013153
0.005688
-0.0002497
0.0028907
0.004608
-0.0056905
0.0006436
-0.002426
-0.0006277
-0.0064941
0.0046294
-0.0002763
-0.0008036
-0.0037327
0.0070131
0.0048342
0.0045288
0.0016768
-0.0002528
-0.0084628
0.0092072
0.0057977
-0.0044443
0.0023992
-0.0096772
0.0065681
0.0058207
0.0048765
-0.0089428
0.0094549
0.0078746
0.0075547
-0.0024716
0.0011445
0.0054611
1.76e-5
0.0026436
-0.0019487
-0.0061041
-0.0076113
-0.0040105
0.001315
0.0022329
-0.0069793
0.0040957
-0.0001599
0.0005075
-0.0095665
-0.0063343
-0.0013451
0.0002591
0.0074852
0.0030045
-0.0027697
-0.0020906
-0.007086
0.0029592
-0.0017275
-0.0043757
-0.001923
-0.0081832
-0.0015878
-0.0061978
-0.0086129
0.0071202
0.0094284
-0.0001293
-0.0013759
0.0008031
-0.0099778
0.0044979
0.0007791
0.0079816
0.0027757
0.0079744
-0.0047648
-0.0072496
0.0055705
-0.0076856
-0.0091978
0.0055355
-0.0091097
-0.005331
0.002942
-0.0002949
-0.0016828
0.0067014
-0.0086327
-0.0083504
0.0069489
0.002285
-0.0068809
0.0067477
-0.0069393
-0.0081152
-0.0005489
-0.0015064
0.003055
0.0053071
5.43e-5
0.0069854
-0.000251
0.0082366
0.0001672
0.0031597
-0.0078189
-0.0005394
0.0099128
-0.0056044
-0.0047629
-0.0005224
-0.0004547
-0.0068159
0.0037993
0.0024714
0.0035247
0.0016317
-0.001948
0.0015899
-0.0053732
-0.0060774
0.0030616
-0.00993
-0.0041597
0.0038267
0.0005761
0.0074823
0.0069599
0.0001165
0.0063906
-0.0063307
-0.0098844
-0.0052833
0.0056948
-0.0066722
0.0002072
0.0089835
0.0087741
0.0075663
-0.0050483
0.0031015
0.0043393
0.0097377
-0.0024556
-0.0038912
0.0091077
0.0069757
0.0057232
0.0073822
0.0095383
0.0029199
-0.0011181
0.0077248
0.0078041
-0.0068465
-0.0045897
0.0074647
-0.0002732
0.0009188
0.003722
0.0053723
0.0060039
-0.0077315
-0.0029607
0.0057671
-0.0075773
0.0067742
0.0058596
0.0037873
-0.000152
0.0025731
0.0086149
-0.0087845
0.0027386
0.0082711
-0.0097136
0.0036903
-0.0007336
-0.0043299
0.0067816
0.0085614
-0.0009316
0.007938
0.0043472
0.0016174
0.0094865
-0.0068786
-0.0077335
-0.0014933
0.0034384
-0.0028392
-0.0074832
0.0050738
0.0067114
0.0061487
0.0056946
-0.0004055
0.0068428
0.0037735
0.0018333
0.0074408
0.0072271
-0.0068701
0.0053109
0.0097135
0.0054554
-0.0069255
-0.0030739
0.0068832
0.0087132
-0.004882
-0.0079267
0.0068612
1.93e-5
-0.0037043
0.0050828
-0.0010449
-0.0091225
0.0028408
-0.0016108
0.0028883
0.0069584
0.0069056
-0.0018546
-0.0027605
0.001622
-0.0051544
0.0062823
0.0076319
-0.0042312
0.0020228
0.0057677
-0.0029752
-0.0096601
0.0038019
-0.0074231
0.0031096
-0.0094661
-0.0001439
-0.003217
0.0009248
-0.0083299
0.0074821
-0.0045461
-0.0096373
-0.005609
-0.0031994
-0.0054071
-0.0008009
0.0011653
-0.0069606
-0.0052393
0.0009686
-0.0004141
-0.0022686
-0.0091976
0.0042039
-0.0092142
0.0004744
0.004228
-0.0028521
0.000581
-0.0023219
0.0096623
0.0002123
-0.0048766
-0.0042937
-0.0010517
0.0099688
-0.003631
-0.0012626
0.0097537
-0.0037017
0.0089744
0.009271
-0.0098709
0.0059974
-0.0036581
0.0023298
-0.0039344
-0.0099436
0.0088041
-0.0001661
-0.0045969
-0.001669
0.0089045
-0.0096471
0.0095769
0.0042192
-0.0065697
