0.0019691
-0.0015577
-0.0092105
0.0012257
-0.0088012
-0.0022417
-0.0085945
-0.0072037
-0.0042939
0.0045325
-0.0001754
0.0082868
-0.0053338
0.0025863
-0.0032817
-0.008927
-0.0048816
0.001626
-0.0006721
-0.0084414
0.0039149
0.0037672
0.0054744
0.0065438
-0.0044127
0.0031559
0.0076539
-0.0095165
0.0048165
-0.0069683
0.0051635
0.0007215
-0.0093492
-0.004319
-0.0097735
0.0074662
0.0073534
-0.0075337
-0.0011951
-0.0075537
0.0036752
0.0048525
0.001094
0.0007843
-0.0031399
0.0045145
0.0059695
-0.0070795
0.0042032
0.0063595
0.0076276
-5.0e-5
0.0098147
0.000581
-0.0027941
0.0056781
0.0053156
0.0058547
-0.0058131
-0.0005076
0.0048715
0.0031348
0.0096172
-0.0076556
-0.0085025
0.0068154
0.0074207
0.0053936
0.0010862
-0.0050257
-0.0021511
0.0039564
0.0028897
0.0078778
-0.000586
-0.0097557
-0.0072911
-0.007056
0.0046637
0.0089032
-0.0061857
-0.0045317
0.0022979
0.0023064
-0.0015353
-0.0042428
-0.0064238
0.0060401
0.0095202
-0.0062627
0.0070258
0.0097568
-0.0068825
-0.0083129
0.0004004
0.0048239
-0.0031248
0.0053047
-0.0062782
0.0059591
0.0013448
-0.0024773
-0.0020383
0.0061755
-0.0093171
-0.0083334
-0.0059271
-0.0005698
-0.0072797
0.0084318
0.0016856
0.0048797
-0.0098857
-0.0039251
0.0086622
0.001054
0.0073176
0.0046286
0.0086349
-0.004695
0.0041262
0.002069
0.007148
0.0042931
0.0075782
0.001458
0.0007443
0.0005934
0.0032644
-0.0005558
8.26e-5
0.0098573
0.0026805
-0.0020134
0.0080159
0.0057122
0.0032283
0.0025386
-0.0075376
0.0074325
0.0077516
-0.0007315
0.0057464
0.0036293
-0.0088358
0.0017639
-0.0025438
-0.0042933
0.0016748
0.0070709
0.0038501
-0.0031235
0.0020798
-0.0065644
0.0063038
0.0024142
-0.0078935
-0.0098981
0.0045646
0.0018068
0.0090938
-0.0012383
0.0045315
-0.0035834
-0.0009349
-0.0008403
0.001966
7.57e-5
-0.002249
0.0003019
0.0091701
0.001858
-0.0035274
0.0060635
-0.0065236
-0.0077531
-0.0072367
-0.0061144
-0.0056705
-0.0076508
-0.0081711
0.0045343
0.0003462
-0.0087349
0.0025015
-0.0053306
-0.0043453
0.0034408
0.0030045
0.0059262
-0.0053478
-0.000505
-0.0080526
-0.0094301
-0.0095498
-0.0015047
0.0003541
0.006163
0.0026921
0.0073636
-0.0019388
-0.0031131
0.0010276
-0.0013789
0.0035799
0.0040539
0.0075095
-0.0037282
0.0027685
-0.0059965
0.0086881
0.0075742
-0.0069248
-0.0055629
0.0067053
0.0021773
-0.0033282
-0.0030892
-0.0088143
-0.0027486
-0.0066565
0.0099779
0.0061335
0.0008974
0.0024224
3.89e-5
0.0066399
0.0051266
0.0047166
-0.0084312
0.0088709
-0.0008295
-0.0006974
-0.0039344
-0.0053632
0.0004218
0.0070166
-0.0002296
0.0001016
-0.0005338
0.0088051
0.0055103
3.73e-5
0.0073991
0.0033707
-0.0006649
0.0032557
-0.0014606
0.0039248
-0.0067975
-0.0001246
-0.0019996
-0.0061008
0.0060166
-0.0068729
-0.0002866
0.0070737
0.0071929
-0.0018799
-0.0063644
-0.0087143
-0.0043749
-0.0042792
-0.0035305
-9.14e-5
-0.0038917
0.003794
0.003324
-0.0024443
-0.0056043
-0.002198
-0.0085157
-0.0026454
0.0021424
0.0039275
0.006045
0.0079147
0.0046409
-0.003178
-0.0007278
0.0084442
-0.0078869
0.0030941
-0.0044863
-0.0075044
0.0068338
0.002021
0.0026485
0.0074776
0.007134
0.0044779
0.0015416
-0.009744
0.0041997
0.0019141
0.0060441
0.0002948
-0.0022499
-0.007358
0.0006029
-0.0034871
0.0081059
-0.0071918
-0.000374
0.0069963
0.0070003
-0.0010017
0.0046403
-0.0076404
0.0064091
0.0092449
0.0050546
-0.0069816
-0.0024993
-0.0043827
0.0022296
0.008564
0.008149
0.0023231
-0.0045885
0.0082033
0.009573
0.0001243
-0.0002342
0.0043345
-0.0050056
-0.0099901
0.0089906
-0.0034937
0.0043142
-0.0044647
0.0053099
0.0072746
0.0072002
0.0003994
-0.0014302
-0.0077922
0.0024196
0.0015794
0.0072262
0.0039982
-0.007409
0.0050332
0.0080586
-0.002525
-0.0026598
-0.0007618
0.0032092
0.0028842
-0.0003603
0.0016425
-0.0062733
0.0025209
-0.0086695
0.0022916
-0.0092244
-0.0069133
-0.0096537
0.000358
0.0076955
-0.001443
-0.0011101
-0.002701
-0.0095658
-0.0058465
0.0006561
0.007062
0.0028831
0.0095689
0.0081016
-0.0054069
-0.0019965
0.0019827
-0.0001437
-0.0006194
0.0059099
0.0031349
0.0023131
-0.004701
-0.0033375
-0.0026049
-3.7e-6
-0.0055358
-0.0060507
-0.0008374
-0.007653
0.0053373
0.0028794
-0.0070451
-0.002766
-0.0088346
-0.0091668
0.0014028
0.0048794
-0.0057007
0.0021945
-0.0078265
0.0001831
0.0074133
0.003723
0.0052983
-0.008207
-0.0001659
0.0008913
0.0030719
-0.0082981
0.009925
0.0093456
0.0004197
0.0011495
0.0057531
-0.0062684
-0.0044595
0.0034769
-0.0096421
0.0028882
-0.0064887
0.0037261
0.0054004
-0.0082726
0.0021757
0.0042127
0.0063874
-0.0007719
-0.0004299
0.0082347
0.0035821
0.0091879
-0.0070407
0.0007833
-0.005473
-0.0024465
-0.0010815
-0.0093603
0.0093236
0.0072046
-0.0018578
-0.0041066
-0.0011478
0.0059122
-0.0046141
-0.0022822
0.0089871
-0.0049017
0.0092646
0.0004835
-0.0091447
0.0095569
-0.0097308
-0.0047546
-0.005433
0.0010852
-0.0052921
0.0036093
-0.0041379
-0.0072621
-0.0098034
-0.0064115
-0.0062612
0.0019606
-0.0064995
0.0056191
0.0004307
-0.0041683
0.0029959
-0.00299
-0.0092408
-0.007465
0.0005961
-0.0077473
-0.0027182
-0.0013103
-0.0032652
-0.0053493
-0.0039459
0.0078586
0.0028606
-0.00678
-0.0098699
-0.0007664
0.0053759
-0.0094378
0.0088008
0.0035778
0.0064786
0.0017576
0.0071218
-0.0098611
-0.0018586
-0.0082497
0.0021415
0.000171
0.0068323
0.0082815
0.0024894
