0.0078405
0.0057594
0.0076155
-0.0026404
-0.0077644
-0.0053456
4.51e-5
0.004679
-0.0072877
0.0028093
0.0052216
-0.0057753
-0.0022203
-0.0030561
-0.0022867
0.0098155
0.0051362
-0.0075289
0.0054909
-0.0091891
-0.0039391
-0.0071139
0.0026767
0.0031929
-0.0082411
0.0042633
-0.0060034
-0.0021813
0.0015901
-0.0048032
-0.0039224
-0.003813
0.0062958
-0.0041961
-0.000482
0.0081896
0.0013922
0.0004611
0.0029935
-0.0002869
0.0054582
0.0038871
-0.0019325
0.0048193
0.0049204
-0.0088462
-0.0038896
-0.0035886
0.0071943
0.0022906
0.000638
-0.0082569
-0.0082709
0.0021623
-0.0056329
-0.0094958
0.0088825
-0.0018679
-0.0030844
0.0082172
0.0056533
4.55e-5
-0.0098816
-0.0091795
0.0036979
0.0038216
-0.00687
-0.0071674
-0.0075614
0.0023528
-0.005427
6.33e-5
0.0012993
0.0084002
0.0031935
0.0044225
-0.0079246
-0.0020327
-0.0021406
-0.0067235
-0.0065501
-0.0027023
0.0068935
-0.0037056
-0.004665
0.004556
0.0038131
-0.0043605
0.0041966
0.0001297
-0.0033967
0.0066647
0.0061712
0.0076023
0.000884
0.0034468
0.0076155
-0.0029631
0.0005005
0.0028335
0.0070498
-0.0049389
0.0094965
-0.0087945
-0.0029365
-0.0064219
-0.0025358
0.0003215
0.0034817
-0.0067233
0.0016706
-0.0014155
-0.0047369
0.0012146
0.0098717
0.0039507
-0.0070118
-0.0029074
-0.0048008
-0.0079948
0.0021674
-0.0095641
-0.0027075
0.0050499
-0.0073355
-0.009924
-0.0044773
0.0062734
-0.0041837
-0.0023411
-0.0099393
-0.004429
0.0048535
-0.0040578
0.0039003
0.0040554
0.0074446
0.0062698
-0.0063253
0.0023066
-0.0074997
0.0046153
-0.0025166
-0.0006965
0.0038691
-0.0096651
-0.0098966
-0.0074038
-0.008291
-0.006076
0.0008511
0.0081378
0.0048385
-0.0084868
-0.0002245
-0.0093487
0.0001284
0.0074678
0.0028563
0.0070995
-0.0069168
-0.0048581
-0.0035091
0.0028102
0.0087623
0.0006316
-0.0059156
0.0084336
-0.0007126
-0.0004657
0.0099217
-0.0008138
0.0035752
0.0004453
-0.0070073
-0.0030716
-0.003509
0.0053389
0.0027944
-0.0099855
-0.0061258
0.0086359
0.0060539
0.0095978
-0.0043054
-0.0044259
0.0052428
0.0003135
-2.97e-5
0.0011974
0.0086377
-0.0012935
0.0022125
-0.0059628
0.0092691
0.0082347
0.0022458
-0.0064762
0.0093334
0.0020997
0.0004376
0.0014396
-0.0080427
-0.009978
0.0018186
0.0053144
-0.0021714
-0.0059084
-0.0025903
0.0039291
-0.0077211
-0.0047181
0.0028247
-0.0023802
0.0002196
0.0089128
0.0078503
-0.0027999
-0.0059385
-0.0010513
0.0013759
-0.0028188
0.0020798
0.0024114
0.0026144
-0.0067277
0.003091
0.0023857
0.0074958
-0.0074425
0.009569
-0.0065328
0.0042555
0.0038446
0.0034941
0.0005877
-0.0079909
-0.0098158
0.0042443
0.0039502
-0.0065738
0.002733
0.00963
0.00159
0.0076766
-0.0042435
0.0022011
0.0063789
-0.0047543
0.0026915
-0.0008455
0.0044123
0.0014296
0.004403
0.0071228
-0.0005494
-0.0081879
-0.0065717
-0.0077306
0.0002558
-0.007258
-0.0055762
0.0008541
-0.0035963
0.0068385
0.0081792
-0.0015624
-0.0081434
-0.0092631
-0.0069364
-0.0078426
0.0036057
-0.0057748
-0.0005429
0.0047426
-0.0044164
-0.0001555
0.004465
0.0096886
-0.0023928
-0.0065716
-0.0003869
-0.0092092
0.0050222
0.000961
-0.0053857
0.0057749
-0.006603
0.0075703
-0.0092132
0.0085388
-0.0024149
0.0040869
-0.0088549
0.0049577
-0.0096432
-0.0016336
0.0084536
-0.006901
-0.0049577
0.009622
0.0077225
-0.0087094
0.0046439
-0.0041079
-0.0078989
0.0076001
-0.0045522
-0.0029132
-0.0053748
-0.0022122
0.0060537
-0.0091521
0.0014543
0.0088614
0.0076579
0.006932
-0.0012735
-0.0066535
-0.0001864
-0.0034624
-0.0044137
0.0053437
-0.0042344
0.0093306
-0.0082194
0.005944
-0.0018524
0.0003959
0.0043465
0.0014131
-0.008762
0.0059123
0.0008112
0.0039823
0.0003282
-0.0072133
-0.0021702
0.0043621
0.0086239
-0.0024382
-0.0011143
-0.001
-0.0040247
0.0083777
-0.0006384
-0.0090055
-0.001754
-0.0028966
0.0038902
-0.0054326
-0.0002219
-0.0021214
0.0097268
-0.006869
-0.0050709
-0.0006335
0.0072455
-0.003543
-0.0060968
0.003999
0.0092273
0.0018769
0.0077126
0.0042646
-0.0073101
0.0022632
-0.0051458
-0.0053202
0.0066628
-0.0018612
-0.0060331
-0.0007542
-0.0077013
0.0018392
-0.0079069
-0.0078624
0.0044599
0.0086365
0.0059676
-0.0017704
0.0012846
-0.0048586
-0.0082835
-0.0055289
-0.0020902
-0.0089122
-0.0087415
0.0044152
0.0066755
-0.0004178
-0.0043483
0.0041435
0.0040083
0.0025115
0.0094193
-0.0096905
0.0099823
-0.0015974
0.0084263
0.0038738
-0.0048179
0.0031156
0.0009371
-0.008964
0.0003416
-0.0049824
0.0011217
0.0075442
-0.0092584
0.0078924
-0.0019642
0.0097945
-0.0011447
0.0077949
-0.0098389
0.0098693
-0.0077561
0.005084
-0.0035325
0.0090268
-0.0021651
-0.0072352
-0.0020965
-0.0024404
-0.0066494
0.0036277
0.0048354
-0.001382
0.0004103
-0.0071111
-0.0066731
0.0034959
0.0038033
-0.0026754
-0.0080324
-0.0022593
-0.0089575
0.0065353
0.0087002
0.0031204
0.003331
-0.0040969
0.002834
0.0017923
0.002556
-0.0036068
0.0045233
-0.0082257
0.0006562
0.0092907
-0.005047
0.0087532
-0.0003448
-0.0054996
-0.0007183
0.0016513
0.0009451
-0.0014594
-0.0063321
-0.0056492
0.008929
-0.003836
0.0028881
0.0085535
0.0003393
0.0079106
-0.0058904
0.0064591
0.0020506
-0.0081686
-0.0024807
0.0052587
-0.0060962
0.0013773
0.0002382
-0.000647
-0.002297
-0.0051152
-0.0082511
0.0058244
0.0035476
-0.0076767
-0.0028779
-0.0035713
0.0097297
-0.0069403
-0.0009939
-0.0054436
0.0006358
-0.0063844
0.0092314
-0.0009713
-0.0099977
-0.002065
