0.0063586
-0.00279
0.0029471
-0.0050315
0.0093155
-0.0063737
0.0076296
0.0067257
0.0040812
0.0050636
0.0072461
-0.0052827
-0.0020349
0.0081877
-0.0073784
-0.001371
0.0020061
-0.0019769
-0.0063756
-0.0040953
-0.0086834
0.0043438
0.0074408
0.0010366
-0.000533
-0.0014291
0.0006609
0.0011862
0.0082168
0.0075335
0.0012249
-0.005283
0.0011153
-0.0035708
-0.0045695
-0.0063757
-0.003096
-0.0067149
0.0032313
0.0076445
-0.0030229
0.0099672
-0.0043685
-0.0019226
-0.0076053
0.0046789
-0.0077958
-0.0040462
-0.0095995
0.0083165
-0.0028462
0.0005296
0.0011112
0.001162
0.0060534
-0.0071473
0.0090134
-0.0024317
-0.0070682
-0.0091319
-0.0024693
-0.0080227
-0.0064225
0.0037196
0.0028799
0.0055384
-0.0093226
-0.0008144
-0.0060673
-0.0035283
0.0007306
-0.0090584
-0.0035468
-0.0087201
0.0062627
0.0055524
-0.0082598
-0.0020045
-0.0089451
0.0035902
-0.005412
0.0066457
-0.0026716
0.004428
0.0097142
0.004831
-0.0057578
-0.0059904
-0.0013568
0.0032437
0.0097194
0.0066528
-0.0085065
0.0045224
-0.0044599
0.0007519
0.0036998
0.0066733
-0.0048806
-0.0066899
0.0039839
-0.0018527
-0.0044474
-0.0082688
0.0099852
-0.0029796
0.0026768
0.0055185
-0.0037033
0.0029512
-0.007496
0.0055621
-0.0059614
-0.0082066
-0.0011866
-0.0018138
0.0011949
-0.0055623
0.0066659
-0.0009239
-0.0022119
0.0029623
0.0036382
0.0042397
0.0041761
-0.0016973
-0.0051222
-0.002821
0.0050362
-0.0042423
-0.0031276
0.0072174
-0.0011115
-0.0037401
-0.0016703
-0.0068371
0.0031108
-0.0038982
-0.0028822
-0.0092096
-0.0055389
-0.0094392
-0.0013602
-0.0047967
-0.0004823
0.0081513
0.0045073
0.0094479
0.0096509
0.0074207
-0.0049236
0.009989
0.0072768
0.0072363
0.0032667
0.0090491
-0.0085405
0.0039085
0.0098587
-0.0067338
0.0056551
-0.0031681
-0.0068429
0.001732
-0.0031896
0.0057383
0.0001011
-0.0095691
0.0068131
0.0018628
0.0057808
0.0019629
0.0085438
0.0085006
-0.0009834
-0.0088175
-0.0028399
-0.0043976
0.0080993
-0.00808
-0.0009651
-0.0032147
-0.0061241
0.007448
-0.0088632
0.0026702
-0.0017571
0.0089702
0.000802
0.0094472
-0.0078399
-0.0085055
-0.0009023
-0.0061876
-0.0047081
-0.0089052
0.0006933
0.0001764
-0.0044042
-0.0044106
0.0053193
-0.0083332
0.0030867
0.003872
0.0021633
0.0037174
-0.0061794
-0.0072132
-0.0098281
-9.47e-5
0.0015889
-0.0035503
-0.0051138
0.0046619
-0.0011862
0.0064381
0.0063287
-0.0085466
-0.0058586
0.0009822
-0.0055184
0.003476
0.0030425
-0.0018525
0.0097448
-0.0068817
0.0036896
0.0031013
0.0013884
0.0090428
-0.0087111
-0.0008493
0.0064601
-0.0007645
-0.0099036
0.0031409
-0.0042869
0.0062113
-0.0019056
-0.0005077
-0.0036913
-0.0025911
0.0048673
0.0022144
0.0044255
0.0016559
-0.0099352
-0.0088003
0.0047953
-0.0014935
-0.0044368
0.0061254
-0.003314
-0.0058085
-0.0090908
-0.00471
-0.0067398
-0.0018397
-0.0019042
-0.0081789
0.0040885
0.0038376
0.0091704
-0.0050873
0.0099078
-0.0067689
-0.0048795
-0.0097998
-0.0003464
-0.0078083
0.005689
-0.0073327
-0.0053731
0.0084574
-0.0037524
-0.0011867
-0.001757
-0.0099649
-0.0083852
-0.0054755
0.0095892
-0.0049767
0.0051974
-0.0002057
-0.0045404
-0.0054671
-0.0053067
0.0004588
-0.0021289
-0.0005161
0.0007827
-0.004529
-0.0067646
0.0043396
-0.0075982
0.0050282
0.0081754
0.0013601
-0.0063179
0.0092387
-0.0046436
0.0018877
-0.0023275
-5.48e-5
0.0053382
0.0009598
-0.0072838
0.0031117
0.0042796
-0.0047869
0.0074934
-0.0030565
-0.006059
0.0087181
0.0019353
-0.0046274
-0.0043806
0.0023128
0.0048917
0.0098209
0.0065483
-0.0036018
-0.0071067
0.0091029
0.0041734
-0.0079299
-0.0026649
-0.0055763
0.0005388
-0.0031263
-0.0060673
-0.0012939
-0.0095756
-0.0090305
-0.0075848
0.0028337
-0.0070729
0.004499
-0.0077933
-0.0094132
0.0053637
0.0036805
0.006583
0.0071555
0.0046801
0.0023669
0.0024674
-0.0077316
-0.0031111
0.003766
0.0031292
-0.0085194
0.0052453
-0.0097663
-0.0058426
6.98e-5
0.0029697
-0.0086194
0.0043396
-0.0087372
-0.006076
0.0040488
0.0054986
-0.0033944
0.0039515
0.001737
0.0077502
-0.0077743
-0.0035522
-0.0014668
0.0018916
-0.0050371
0.0041383
0.0087053
-0.0035456
-0.0097225
-0.0047656
-0.0018619
-0.0082826
0.0099262
-0.0021549
0.0087836
0.001242
-0.0098216
0.0051962
-0.0090073
-0.0038356
-0.0002013
0.0038279
-0.0020966
-0.0041512
-0.0064721
-0.000487
-0.0061017
0.0059305
-0.0086832
-0.0024782
0.0043768
-0.00571
0.000922
0.0056189
0.0092313
-0.0026542
0.0057962
0.0091418
0.0092629
0.0067818
0.0042504
-0.0083744
-0.0028051
-0.003503
-0.0090168
0.0083658
0.006675
0.0081476
0.0002496
0.0004572
0.0058146
-0.0003357
-0.003643
-0.008485
-0.0018616
-0.0048271
-0.005673
-0.0036802
-0.0050597
-0.0069116
0.0046734
0.0050591
0.0041614
-0.003983
0.0050056
0.0002698
0.0071554
-0.0085547
-0.002991
-0.003219
0.0084141
-0.0048395
-0.0059355
0.0058963
-0.0089688
-0.0073763
0.0079214
0.0095301
0.0022902
0.0064438
-0.0055634
0.0088754
0.0064863
-0.0023391
0.0010501
-0.0065045
-0.0086806
0.0019099
-0.0050063
0.0058715
-0.0099674
0.0082502
-0.0056155
-0.0044536
0.007919
0.0089148
-0.0005314
0.0047004
-0.0046038
0.0053474
-0.0052827
-0.0083539
-0.0070576
0.0020696
0.004261
-0.0040117
0.0051702
0.0027238
-0.0013197
-0.0019358
-0.0026503
0.0064843
0.0060192
0.00803
0.0074075
-0.0043962
-0.0014867
0.0085234
0.0051602
0.0091523
-0.0015295
-6.84e-5
-0.0086306
0.0061926
0.0056246
0.0009678
-0.0091325
0.0011125
