0.0037966
0.0062236
-0.0078822
-0.0066738
0.0093545
0.0037577
0.0099687
-0.0053011
0.0026946
-0.0013698
-0.0047482
-0.0065932
0.0093252
0.00907
-0.0050199
-0.0094584
0.0044003
0.0055633
0.0020615
0.0015849
0.0050149
0.0064942
0.0089699
0.0099618
0.0075004
-0.0095358
0.0017623
-0.0049564
-1.47e-5
-0.0033628
0.0079246
0.0062816
0.0004636
0.0058749
-0.0030727
0.0082884
0.0024542
0.0002719
0.006858
-0.0095413
0.001323
-0.0047046
-0.0013501
-0.0027299
-0.002022
0.0025852
0.0009316
0.0042564
0.0056574
0.00186
0.0048485
0.0048011
0.008434
0.0075923
0.008985
-0.0074263
0.0097497
-0.0090597
0.0015553
0.0098865
0.0075462
0.0060651
-0.001422
-0.0092155
-0.0095308
0.001899
-0.0061717
0.0025354
-0.0048417
-0.0071528
0.0004609
-0.0046181
1.77e-5
0.0023783
0.0069167
0.0082384
0.0038419
-0.0056709
0.0002379
0.00626
0.0031416
0.005413
-0.0091605
-0.006121
-0.004562
-0.0028201
0.007361
-0.0015212
0.0089157
0.0073808
0.0090808
0.0075247
0.0051367
-0.0092851
-0.0050855
-0.0089632
0.0046597
-0.0070514
-0.0057042
0.0024337
-0.0041151
0.0099744
0.0093829
-0.0054533
0.0039236
-0.0062177
0.0074975
0.0043095
-0.0061036
0.0010444
-0.0071802
0.0063723
0.0054887
0.0014738
0.00565
0.0096212
-0.0050243
0.0072712
-0.0061348
0.0005331
-0.0004125
0.001071
0.0002621
-0.0019314
0.0063964
-0.0037015
-0.0050041
-0.0088933
-0.0067441
-0.0032377
0.0027216
0.0098115
0.0029599
0.0084525
-0.0012414
-0.0059289
0.001222
0.0081839
-0.0030473
0.0017799
-0.0017937
-0.006753
0.0049511
-0.0030683
-0.0099681
0.0084769
0.0032079
0.0079048
-0.0080565
-0.0084973
0.0034108
0.0010228
-0.0044787
0.0005618
-0.0093843
0.0088907
0.0084421
-0.004946
0.0020561
0.0002424
0.0007577
-0.0011471
0.0030852
-0.0065893
0.002216
-0.0045984
0.0078303
-0.0075778
-0.0077047
0.0009426
-0.0044452
0.0012795
-0.0040829
-0.009179
0.0096834
0.0040885
-0.004171
0.0034232
0.0023605
-0.009516
0.0039181
0.0089216
-0.0087499
0.0062725
0.0023462
0.0039159
-0.0023798
-0.0028427
0.0094778
0.001246
0.0074759
0.0080235
0.0031772
-0.0082162
-0.0070685
-0.0042766
0.0067864
-0.0059522
-4.68e-5
-0.0099558
-0.0002638
-0.0013553
0.0091944
-0.00393
-0.0024572
0.0038342
0.0075553
-0.0068906
-0.0007514
-0.0066756
0.0053254
0.0034357
0.0087386
-0.0087808
0.0088882
0.002059
0.0011933
0.0033065
0.0045123
-0.0039441
0.0053622
0.001948
0.0039059
0.0056022
0.0097328
-0.0034059
0.0023309
-0.0080278
-0.003446
0.0011336
-0.0018882
-0.0035495
0.0057242
0.0066563
-0.0013258
-0.0061498
-0.0071905
0.0049112
0.0050687
0.0029593
0.0009086
-0.0019402
0.003926
-0.0037657
0.0019149
-0.0094264
0.0013123
-0.00205
0.0022755
-0.0058084
-0.0078008
-0.0026472
0.0023729
-0.0087796
-0.003765
-0.0083786
0.0038309
0.0011901
-0.0074368
-0.0009863
-0.0067698
-0.0003775
0.0051813
-0.0056813
-0.0064435
0.0017053
0.0041788
0.0066252
-0.0027914
0.0067605
-0.0042846
0.0044689
0.0014987
0.0062448
0.0027699
-0.0016262
-0.0045474
0.0022956
-0.003813
-0.0033513
0.0007796
0.0033266
0.0017382
-0.0026506
-0.0092909
-0.0068011
-0.008539
-0.0047282
0.0034211
0.0021584
0.0097021
-0.0068086
0.0015083
0.0095746
0.0029012
0.0035683
0.0069473
0.0004197
-0.0099446
0.0088677
-0.0025913
-0.0020773
0.0094528
0.0089409
-0.0061671
0.0077966
0.009174
0.0076668
-0.0083471
0.0041012
0.0088364
-0.0028635
-0.0043485
-0.0076979
-0.0080758
0.0098508
-0.0096676
-0.0028005
0.0003181
0.0083923
0.004458
0.003961
0.0084677
-0.005463
-0.0062128
-0.0001299
-0.0058532
-0.0019565
-0.0043902
-0.0061202
-0.0036499
-0.009476
0.0038275
-0.0053762
-0.0011403
0.0018025
0.0053082
0.0098614
-0.0043444
-0.0010123
0.0016475
0.0012195
-0.0065136
0.0060142
0.0031036
-0.0086634
-0.0022837
0.0018055
0.0042018
0.0014311
-0.0059891
0.0060991
0.0049194
0.0055073
0.0099694
-0.0037036
0.0029269
-0.0091309
0.0087847
0.0040633
0.0068931
-0.007664
-0.0052933
-0.0061851
-0.0082377
0.0077168
-0.0056451
0.0072133
-0.0067194
0.0025063
0.0052758
0.0005182
0.0018741
-0.0030342
0.0019049
-0.0053014
0.0041267
0.0093227
-0.0077415
-0.0028387
-0.0086911
0.0088625
-6.29e-5
5.89e-5
-0.0093013
0.0055742
-0.0019915
0.0051736
-0.0079751
0.0035688
-0.0078691
-0.0064944
-0.0012204
-0.0040972
0.0065152
-0.0075681
0.0089819
0.002492
0.0081528
0.0032464
-0.0094917
-0.0064168
-0.0083818
-0.0057423
0.0009888
0.0033289
-0.0061799
0.0081664
-0.0089392
-0.0068569
-0.0043588
-0.0010752
-0.0077204
-0.0008047
-0.0034884
-0.0058195
0.0018836
0.0027553
0.0041053
0.000315
-0.0071141
0.0044334
-0.0036018
-0.004085
-0.0035649
0.0082868
0.0059144
-0.0071869
0.004349
0.0049608
-0.0007223
-0.0071252
5.95e-5
0.0032057
0.0096222
0.0089713
-0.0092561
-0.0069606
0.0053369
-0.0051908
-0.0088885
-0.0073243
0.0034832
-0.0063852
-0.0035269
0.0015707
-0.0085131
-0.0026343
0.003995
-0.0022845
0.0092873
-0.000665
-0.0009365
-0.0001454
-0.0010484
-0.0093805
-0.0042218
0.0071524
0.0025169
0.0033029
-0.002051
0.00527
0.0067292
-0.0045436
-0.0037643
-0.0041926
0.0014904
0.0034206
-0.0096775
-0.0064824
-0.0058465
0.0056455
0.0083627
0.0093441
0.0086174
-0.0024121
-0.0076691
-0.0015755
-0.0081418
0.0021825
0.0071042
-0.0008741
-0.0085256
-0.0017811
-0.0045752
-0.0062753
0.0013353
-0.0032603
-0.0074988
-0.0044432
-0.0065451
-0.006992
-0.0094228
0.0043698
0.0006681
