0.0067805
-0.0075313
-0.0002439
-0.0003375
0.0073485
-0.0038562
0.0012536
-0.006324
0.0024264
-0.0004787
0.0067462
-0.0083894
0.0095132
0.002414
0.0067494
0.0069068
-0.0031955
-0.0092784
0.009391
0.0053904
-0.0030791
-0.0029295
0.0008596
0.0022778
-0.0074798
-0.0046913
-0.0018833
-0.0044154
-0.0017164
0.0030793
0.0056663
-0.0010911
0.0098041
0.0036352
-0.0042811
0.0058118
-0.0086868
0.0013596
-0.0076456
-0.0098794
-0.0023167
-0.0087023
-0.0030353
0.0059241
-0.0021241
0.0079624
-0.0038494
0.0027806
0.00379
0.0099836
-0.001475
0.0077691
-0.0091311
-0.0033417
0.0014482
-0.0077635
0.0017642
0.0066103
-0.0099889
-0.0099836
-0.0008379
-0.0070234
-0.0027776
-0.0011521
0.0029351
0.0073738
0.0061194
0.0045629
-0.0089637
-0.009117
0.006414
-0.0050971
-0.0082537
0.008379
-0.0007684
0.002475
0.0027511
-0.0065307
-5.63e-5
-0.0001114
0.008955
0.0055258
-0.0023128
0.0042225
-0.0081221
0.0067565
0.0036778
0.0037452
0.0076594
0.0047952
0.0085138
0.0051122
0.0064823
-0.0043701
-0.0073414
-0.0054066
-0.005883
-0.0010555
-0.0020652
-0.0095658
-0.0016259
-0.0009061
-8.42e-5
-0.0011922
0.0004811
0.0076564
-0.0004823
-0.0068813
-1.8e-5
0.0098758
0.0095805
-0.0081871
-0.0053163
-0.0021943
0.0046529
-0.00336
-0.0054565
0.0026034
0.0077376
0.0030487
0.0010185
0.0088143
-0.0090098
0.0091895
-0.0018036
-0.0003046
0.0083812
4.71e-5
0.0025284
-0.0053157
0.0009145
0.0027047
0.0055573
-0.007218
-0.0092865
0.008137
0.0059855
0.0039793
0.0032353
0.0006461
0.0080676
0.0073523
-0.0043428
0.0056405
0.0023623
-0.0008879
-0.0032251
-0.0018857
0.0012919
0.0076966
-0.0091191
-0.0074701
0.0079008
0.0029692
-0.0049237
-0.0064228
0.0070296
0.0012948
0.0073083
-0.0041109
-0.0050086
-0.0075373
-0.0075242
-0.005181
0.0069455
-0.0020948
0.0031076
-0.0055624
-0.0039165
0.002848
0.0098704
0.0077024
0.001112
-0.007244
0.0038509
0.0042617
0.0090288
-0.0027141
0.0095851
-0.0062631
-0.0004791
0.0023735
-0.0078578
0.0055401
0.0082963
-0.0079899
-0.0009836
0.0052755
0.0077131
-0.0081133
0.0018097
-0.0096766
0.0046597
-0.0042255
0.0032797
-0.0063192
0.0010156
0.0093667
0.0059673
-0.0056772
0.0041597
0.0056315
0.0041848
0.0048485
-0.0062788
0.0054815
-0.0060963
0.0050953
0.0007334
-0.0005965
-0.0007424
0.0077343
-0.0003685
-0.0051551
0.0077528
0.0028153
0.0055746
-0.0009971
0.0044983
0.0048881
-0.003919
-0.0077959
-0.0036024
-0.0079976
-0.0097319
-0.003247
0.0073527
-0.0029176
0.0079564
0.0098023
-0.0014675
-0.0031441
-0.0041616
-0.0067995
-0.0099011
0.0045762
-0.0066964
0.0077698
0.0003336
-0.0012101
0.0012384
-0.0090375
-0.0017781
-0.0006814
0.004675
0.0016945
0.0008942
-0.0019608
-0.0087139
-0.0055551
-0.0088801
-0.001834
0.0038443
-0.0009241
-0.0066577
0.0041539
0.0063035
0.00137
0.003349
0.001623
-0.009793
-0.0077091
0.0045141
0.0053087
-0.006572
-0.0020837
-0.0024206
0.0001053
0.0077191
0.0077331
-0.0099555
-0.0053994
0.0009624
0.0097613
-0.009794
-0.0019423
-0.007476
-0.0026921
-0.0053892
-0.0032136
-0.0025212
0.0045286
-0.0082394
-0.0071233
-0.0092832
0.0003579
0.0091641
0.0038758
0.0015504
-0.0070421
0.0042901
-0.0052981
-0.0085218
-0.0077807
-0.0003725
-0.006642
-0.0079776
0.0009474
-0.0079504
-0.0080568
0.0092476
-0.0085126
-0.0057112
-0.0002555
-0.0043936
-0.0010421
-0.0075989
0.0035016
0.0080856
-0.0068227
0.0083665
-0.0004477
-0.0068728
0.0099714
-0.002973
0.0053405
-0.0086544
6.76e-5
0.0046747
-0.0047757
0.0063958
-0.0065063
0.007063
0.0075041
0.0004019
-0.004863
0.0043285
0.0079701
0.0041207
0.0021039
0.0022981
-0.0013089
0.0051459
0.0059733
-0.0091
-0.0039837
-0.0022965
0.0018008
0.0015634
-0.0065975
-0.0049781
0.0077741
0.0083864
0.0051247
0.0058318
-0.0043798
-0.0024891
-0.000925
0.0012713
0.0097936
-0.0068301
-0.000323
-0.0012301
0.0053705
0.0041539
-0.0027818
0.0033795
-0.0044763
-0.0012846
0.0051301
-0.0016052
-0.0071429
0.0028378
0.0097458
-0.0048162
-0.0086319
-0.0042549
-0.0026041
-0.0014163
-0.0073847
0.0067563
0.0084081
0.0055922
0.0014781
-0.0047563
0.0064959
0.0045659
0.0067696
-0.0064069
-0.0057626
-0.0063583
-0.0045263
-0.0002754
-0.0083628
0.0018281
-0.0064132
0.0088954
0.0029009
-0.0003529
-0.0066788
0.0098982
0.0087367
0.0091348
-7.73e-5
0.0046948
-0.0026146
-0.0036705
0.001919
0.0066818
-0.0064557
-0.0043413
-0.0085576
-0.0097861
-0.0062571
-0.0089623
-0.0062818
-0.0014536
-0.0023473
0.0025616
-0.00307
0.0003269
-0.0055982
-0.0013503
0.005008
0.0080829
-0.0035084
0.0097634
0.000952
-0.001071
0.0028102
0.0019322
0.0022584
0.0020755
0.0096236
0.0056934
0.0060522
0.0086446
-0.000156
0.0083694
0.0094788
-0.0020205
-0.007963
0.0060597
-0.0012655
-0.0003063
0.0091975
0.0056787
-8.53e-5
0.0092351
-0.0060524
-0.0078536
0.0083943
0.0081784
0.0002845
0.0080875
0.0087078
0.0026569
-0.0037815
0.0056034
0.0003623
0.0085869
0.0024716
0.0015707
0.0027575
0.0027304
-0.0010948
-0.0065162
-0.008375
-0.0034627
-0.0004496
0.0012057
0.0049878
-0.0023632
0.0074151
0.0027069
0.0022737
-0.0038261
0.0055697
-0.0057514
0.0097132
-0.0042499
0.0026281
-0.0029932
0.0054655
0.0008719
0.0034753
0.0053102
0.0050592
0.0025329
0.0057623
-0.0057959
0.0020661
0.002831
-0.0002478
-0.0005459
-0.0059139
0.0068981
-0.0023045
0.0005055
0.007085
-0.0001182
0.0017732
-0.0061989
0.0053048
-0.0051272
