-0.0034394
-0.0026447
0.0031355
0.0001106
0.0072497
-0.0003381
-0.0032146
-0.0059541
-0.0044545
0.0030563
0.0073816
0.0037416
-0.0015582
0.0052759
-0.0096244
0.0007471
0.0051848
0.0010884
0.000494
-0.0032251
0.0018849
-0.0046935
-0.0082198
0.0098549
-0.0099112
-0.0024953
-0.0008814
-0.0095025
-0.0052041
-0.0030793
-0.0024346
0.0075429
0.0027495
0.0045317
-1.45e-5
0.0093104
0.0052374
0.0026835
-5.48e-5
0.0093367
0.0006623
0.0001808
0.0063011
0.0067764
0.0035748
0.0059024
-0.0083751
-0.0010211
0.0087348
-0.0007234
0.0059111
-0.0073745
-0.0077652
0.0008374
0.0083549
-0.0030883
0.0006568
-0.005164
-0.0070796
-0.0042613
-0.0092177
0.0062565
-0.0054732
0.0066656
0.0088459
-0.0094824
0.0096085
0.0047431
-0.0035109
-0.0052038
0.0033822
-0.0071426
-0.0073553
0.0095355
0.0043389
0.006486
0.0034211
-0.0068496
0.0074684
-0.0066258
0.008304
-0.0003974
0.0008903
0.0018586
-0.008036
0.0014081
-0.0057004
0.0070616
0.0044832
0.0084944
0.0017733
0.0065475
-0.0006827
0.0005815
0.0038169
0.0012703
0.0099988
0.0012924
0.0040007
0.0024123
-0.0081541
-0.0090815
-0.0079766
-0.0077386
0.0047547
-0.003045
-0.0024594
0.000212
0.003708
-0.0047184
0.0013707
-0.0042867
3.78e-5
-0.0092468
0.002574
-0.0095866
-0.0041576
0.0095035
-0.001145
0.0006336
-0.0095919
-0.0008715
0.0085746
0.007785
-0.0026049
0.0010708
0.0024654
-0.0056067
-0.0075019
-0.0017781
0.0084706
0.0004379
-0.0019441
-0.0084388
0.0014038
0.0008954
-0.0021456
0.0002855
0.0052371
0.0064397
-0.0003696
-0.006563
0.0021128
0.0018192
0.0068493
0.0089289
0.0086416
-0.0021874
-0.0023923
-0.0069858
0.0038433
0.0091431
-0.0002012
-0.0054945
0.0091724
0.0025784
-0.0049477
-0.000183
-0.0086565
-0.0096046
0.0037018
-0.0039294
-0.0076367
0.0095829
-0.004683
0.0076609
0.0054784
0.0094242
0.0063442
0.0066141
0.0073543
0.007493
0.0026773
0.0091345
-0.0069908
-0.0027404
0.0067458
-0.002577
0.0021821
-0.0069335
0.0012143
-0.0022763
-0.0062018
-0.0017951
0.0085371
0.0061978
0.002966
-0.0037421
-0.0016693
0.0095342
0.0056866
0.0048282
0.0044874
-0.0080694
-0.005816
0.0057013
0.0092992
0.0016608
-0.0004307
-0.0098902
-0.0094408
-0.0043627
-0.0006603
0.0095306
0.0008489
-0.0098695
-0.0010914
0.0055909
0.0017933
0.0051286
-0.0084454
-0.0070377
0.0045248
-0.0002511
0.0053601
0.0043964
0.0072937
-0.0049211
-0.0055749
0.0051849
0.0042196
0.0013611
-0.0064856
-0.0029211
-0.0078542
-0.0006391
0.007167
0.0072695
-0.0083844
0.0028735
-0.0089636
-0.0085195
-0.0005285
-0.0051014
0.0008209
-0.0085793
-0.002025
-0.0007355
-0.0055003
0.000438
0.0053499
-1.94e-5
0.0055415
0.0086471
-0.0031669
-0.0043089
-0.005168
-0.0078654
0.0049291
-0.0032025
-0.0019231
0.0068858
0.0085432
-0.0049099
-0.0077005
0.0083957
-0.0017766
-0.0009672
0.0077913
-0.005199
-0.0085446
0.0046507
0.0035968
-0.0057223
-0.0097873
0.0017106
0.0055278
0.0046143
0.0074921
0.0008995
0.0043628
0.0091887
0.0012825
0.0013659
-0.003568
0.0012088
-0.0098021
0.0015357
-0.0092315
-0.0070332
0.0090449
0.0086156
0.0074934
-0.0059644
-0.0040043
0.0004912
-0.0059271
-0.0088043
-0.0010119
-0.0087268
-0.0040198
-0.0036505
-0.0035496
-0.0059863
-0.004837
-0.004043
0.0031528
0.0039524
-0.0077815
0.0062573
0.0055621
-0.0035848
-0.002798
0.0099371
0.0052618
0.0090918
0.0080221
0.0067613
0.0077992
-0.0049822
0.0023383
0.0044533
0.0032183
0.0020293
-0.0037896
-0.0012473
-0.0087094
-0.0057957
-0.0070748
-0.0097278
-0.0094885
-0.0005616
0.0046855
0.0025373
-0.0014163
-0.0016864
0.0058217
0.0048662
0.0035875
-0.0056776
-0.0029666
0.0096355
0.0042926
0.0058268
-0.0067111
-0.0067094
0.0093455
-0.0067178
-0.0091372
-0.0098382
0.009682
-0.0034393
-0.002232
0.0095901
0.0015038
0.0051868
0.0025354
-0.0017248
-0.0088852
-0.002243
0.0092833
-0.0065993
-0.0016365
0.0078758
8.3e-5
0.000618
-0.0077922
0.0005721
-0.0040505
0.0073707
0.0079028
0.0034077
0.007474
0.0071537
-0.0098379
0.0008704
0.0053104
0.0065543
-0.0086285
-0.0023507
0.0046113
-0.0088782
0.0067846
0.0011621
0.0027506
0.001051
-0.0014879
-0.0079994
-0.0063213
-0.0039857
0.0082073
0.0005385
-0.0046246
0.0064033
0.0015804
0.0098927
1.78e-5
-0.0087606
0.0047886
-0.0096398
0.0074542
-0.0060899
-0.0085957
0.0086205
0.0013143
0.0027259
0.0095779
-0.000386
-0.0048223
-0.0050903
-0.0019089
-0.003895
0.0023969
-0.009412
-0.006487
-0.0002951
0.0045052
-0.0076387
-0.0047402
0.0079145
0.0082107
0.0088749
-0.0028066
0.006914
0.006151
0.0061529
-0.004737
-0.0061052
0.007492
0.0026615
-0.0064309
-0.0020959
0.0087332
0.0092874
-0.0048708
0.0055142
-0.003009
-0.0016677
-0.0041606
-0.0030689
-0.0064399
-0.0006496
-0.003869
0.0061281
-0.0077548
-0.0098367
-0.0011079
0.0014942
-0.0013196
-0.0072087
0.0002458
-0.0068082
-0.0050847
0.0084906
-0.0082377
-0.0007224
-0.0024373
0.0036314
0.0094283
0.0058404
-0.0028094
-0.0058329
0.0022736
0.0052552
-0.0035589
-0.0001006
0.0046538
-0.008117
0.0035048
0.0053868
0.0075815
0.0055785
0.0067832
0.0057391
-0.0045604
-0.0012952
0.0098383
-0.0071292
0.0073981
-0.0077178
0.0018132
-0.0082595
0.0099246
0.0073361
0.0068531
-0.0031487
-0.0064743
0.0044486
0.0009928
-0.0044283
-0.0006389
0.0052637
0.0077991
0.0058303
-0.0013418
-0.0032756
0.003683
-0.001022
-0.007025
-0.0056009
-0.0059915
0.0068822
0.0075438
-0.0002997
0.0069731
