0.005203
-0.0088718
-0.0059219
0.0036254
0.0022733
0.0066312
0.0092322
-0.0073272
-0.0099038
0.0078607
-0.0050244
-0.0030472
0.0018941
0.0040928
-0.0072506
0.0017655
0.0050481
-0.0064155
-0.0033943
0.0050917
-0.0042745
0.0056418
2.67e-5
-0.0061509
-0.0056939
-0.0039668
0.0057844
-0.0088606
0.0020068
0.007432
0.006268
-0.0062649
-0.0002606
-0.0046165
0.0005832
0.0033468
0.0006514
0.003894
0.0044742
-0.00945
-0.0050157
-0.0055915
-0.0070714
-0.0048677
-0.0080005
0.0016679
0.0059495
0.0047266
0.0035239
0.0088747
0.0043132
0.0022929
0.0057098
0.0031444
-0.0008886
-0.0023408
-0.0051516
-0.0066361
0.0034479
-0.0027432
0.004078
-0.0016132
-0.0093406
-0.0019208
-0.0093697
0.0032718
-0.0090858
-0.0081032
0.0067695
0.000653
-0.0035631
-0.0055631
-0.0001835
0.0055823
0.0011776
-0.0039986
0.0079975
-0.0021053
0.0092974
-0.0043597
-0.0075146
0.003618
0.008263
-0.0002957
-0.0095623
0.0096379
0.0099807
-0.0016154
-0.0045364
-0.0024198
-0.003358
-0.0057137
0.000204
0.0003525
-0.0031517
-0.0080238
0.0099477
0.0091244
0.0066545
0.0056258
0.0018741
-0.0031692
0.0077068
-0.0067642
0.0068198
0.0009744
0.0047932
0.0051011
-0.0081391
0.0078853
0.0063997
-0.0016162
0.0078799
-0.0006817
0.0080186
-0.009083
-0.004233
-0.0017363
0.0047789
-0.0016616
0.0010359
0.0047176
-0.0035266
0.0097958
-0.0002705
-0.0099586
0.0065265
0.0011813
-0.0038152
3.02e-5
-0.0098233
0.0068682
-0.0084903
0.0032597
-0.0066813
-0.0080905
-0.0004025
-0.0030733
-0.0037185
-0.0082548
-0.0019754
0.0052924
0.0080601
-0.0090958
-0.0024658
0.0006109
0.0059352
-0.0074164
-0.0069716
0.0073895
0.0023341
-0.0090419
-0.0031577
-0.0090219
-0.0016496
0.0039181
-0.0047748
-0.0022837
-0.0038609
0.0045056
0.0062977
-0.0048778
-0.0076083
0.0047737
-0.0039026
0.0018909
0.0024339
-0.0020492
0.0043823
0.0068169
-8.33e-5
0.0029127
0.000932
-0.006597
0.0040396
0.0020339
-0.009803
0.0083345
-0.0081746
-0.006036
0.0080747
0.0052336
0.0054678
-0.0057879
0.0011939
0.0006486
-0.0076128
-0.0044284
-0.0044266
-0.0018063
0.0079595
0.0026247
-0.0042692
-0.0031436
0.0091257
-0.0046134
-0.0040918
0.0072758
0.0066112
-0.0094696
0.0046578
0.0093151
0.0029104
0.0004743
-0.0033679
-0.0042908
0.0046922
-0.0098894
-0.0013525
0.0069769
0.0047888
0.0019413
-0.0014387
-0.0013584
0.0026609
-0.004936
-0.0010304
0.0077756
0.0084006
-0.0060194
0.0021427
0.0099904
-0.0014664
-0.0074388
0.0034654
-0.0072467
0.0008985
-0.0034695
-0.0049476
-0.0010272
0.0017458
-0.0096815
-0.006824
0.0036172
-0.0037499
0.0061952
-0.00946
0.0013673
0.0030509
-0.0083369
0.0017849
0.0060763
-0.0008377
0.0028462
0.0078075
-0.0026083
0.0089652
0.0085714
-0.0015892
-0.0071961
-0.0048417
-0.0070745
-0.0053815
0.0053216
0.0087472
0.0070596
0.0091281
-0.0074696
-0.0080133
0.0018714
0.0093309
-0.0053659
0.0087077
0.0097902
0.0022762
0.0029092
0.0048679
0.0067829
-0.0097091
-0.0023698
-0.0099832
0.0067792
-0.0048854
0.0035977
-0.0027662
0.0041584
-0.0055505
-0.0023695
-0.0086661
0.0025191
-0.0042994
-7.55e-5
0.0072737
-0.0059034
0.0023778
-0.0019875
0.005271
-0.0023833
-0.0092704
0.0026415
-0.0078744
0.0065842
0.0038376
0.0089642
0.0067373
-0.0009398
-0.0051785
0.0066514
0.0036047
-0.0010049
0.0083741
0.0031117
0.0008623
0.0001053
0.0098607
-0.0065379
-0.0039136
-0.0087396
-0.0042236
-0.0029406
0.0075452
0.0004517
0.0090368
0.0075919
-0.0013959
-0.0087423
-0.0011661
0.0059313
0.0043716
-3.96e-5
-0.0005088
0.0082569
0.0031251
0.0062867
0.0019641
0.0042609
0.0047342
-0.0047078
0.0002853
0.0079884
0.0020737
-0.0052271
-0.0049369
0.0075986
5.47e-5
-0.0032117
-0.0031525
-0.0028168
0.0047587
-0.0041744
0.0025603
-0.0008955
-0.0067872
-0.0061461
-0.003789
0.000154
0.0050803
-0.0018831
-0.009475
-0.007668
0.0036067
0.0016597
-0.0094422
0.0080618
-0.0046595
0.0083566
0.0010826
-1.37e-5
0.0064031
0.0053063
-0.0085261
0.0039342
0.0040517
0.0057425
0.006049
0.0028318
-0.0052027
-0.0086483
0.0098288
0.0059292
-0.0066094
-0.0020571
0.0036214
-0.0056762
0.0036792
-0.0023228
0.0045897
0.0043625
0.0074874
-0.0063939
-0.0062186
0.0057012
-0.0058384
-0.0079287
-0.0026729
-0.0036231
0.0074982
-0.0083892
0.0055173
0.0080552
-0.0045851
0.0032302
0.006547
0.0068998
0.0023524
0.0058838
-0.0087295
0.0022698
0.0066188
-0.0023951
0.0054306
0.0012352
-0.0085335
-0.0051258
0.0022456
-0.0095338
-0.0046502
0.0048121
-0.0042949
0.0036173
0.0043772
-0.0049469
-0.000533
0.0052868
0.0088769
-0.002779
-0.0031902
0.004782
-0.006541
-0.0028672
-0.0007102
-0.0082562
0.0035134
-0.0017127
0.0014543
0.0033737
-0.0026354
-0.0047522
-0.0051441
-0.005784
0.00092
0.0048772
-0.0013799
-5.51e-5
0.0022849
0.0031091
-0.0053667
-0.0094927
0.0037791
-0.0077724
-0.0036775
-0.0010857
-0.0097976
-0.0021737
0.0097912
-0.0027868
0.0065947
-0.0080449
0.0085913
0.0095789
0.0023973
-0.0023296
-0.0064479
-0.0035499
0.0043929
0.0061308
0.0049701
0.0046428
0.0024946
-0.0035844
0.0079568
0.006623
0.0052087
-0.0087389
-0.0079071
0.0049342
-0.0050356
-0.0051244
-0.0070706
-0.0012433
0.0012188
-0.0013939
-0.0028489
0.0037063
-0.0072181
-0.007481
-0.0085812
-0.0044931
0.0035556
0.0081208
-0.0049899
0.0054325
0.0094572
-0.0042703
-0.0049377
0.006221
-0.0026095
0.0021397
0.0059675
-0.0043305
-0.0008794
0.0068275
-0.0027448
0.0013468
0.0057013
