0.0014426
-0.0006464
-0.0033209
-0.0008216
0.0087793
-0.0040807
0.0081716
0.0028307
-0.0076526
-0.0070136
0.0047265
-0.0003928
0.0073756
-0.0080695
0.0022971
0.001621
0.0052775
0.0028976
0.0029328
0.0087452
0.0051955
-0.0002171
-0.0038998
-0.0020735
-0.0002416
0.0050019
0.0063955
0.0058707
0.0011158
0.0016685
-0.004319
0.0054386
0.0095792
-0.0074736
-0.005954
-0.0099641
0.0003849
0.005814
0.0077266
-0.0099001
-0.0054613
0.0015731
0.0091339
0.0071876
0.0006338
0.0038017
0.0046919
-5.44e-5
-0.0042267
0.000693
0.007641
0.0035135
0.0042654
0.0093224
0.0073853
-0.0020934
0.0088112
0.0015475
-0.0013333
0.0037331
-0.0054327
0.0023932
-0.0021652
-0.0042186
0.0009449
-0.0091094
0.0067219
-0.0029887
0.0018426
0.0089251
-0.0051983
0.0059871
-0.007087
-0.0047619
0.0011216
-0.0064609
-0.0079365
-0.0092791
0.0058009
-0.0062968
0.0096403
-0.0008218
0.0037115
-0.0093921
0.0008575
0.0054798
-0.003572
-0.0039358
-0.007791
0.0090645
0.0088703
-0.00167
-0.0087221
0.0057376
-0.0053092
-0.0031152
-0.0008367
-0.0077721
-0.0008678
-0.0015663
0.004163
-0.0010974
-0.005974
0.0087164
0.0016584
-0.0035005
0.0029035
-0.0047536
0.004451
-0.0041798
-0.0083743
-0.0089987
0.0014132
-0.0004293
-0.0094644
-0.0004387
0.0044434
-0.0059435
0.0009887
0.003003
0.0048243
-0.0028355
-0.0081666
-0.0019912
0.0038106
0.0017794
-0.0062223
0.0041562
0.0071581
-0.0004107
-0.0089454
-0.0021138
-0.000339
0.0034429
-0.0019114
0.0029193
0.0027
0.0066983
0.0013047
0.0082993
-0.0039677
-0.0062972
-0.0065016
0.0094317
-0.0021829
0.0063059
0.0021303
0.0060842
-0.0023611
-0.0025197
-0.0015325
-0.0074153
-0.0090762
0.0039422
0.002811
-0.0049213
0.002032
-0.0041255
0.0027123
-0.0088678
0.000758
0.0099
-0.0096726
0.0082452
-0.0087464
-0.0023993
0.009986
-0.0064016
0.0041077
-0.0001817
0.004883
0.0035663
0.0004746
0.0017575
-0.0017606
-0.0045166
0.0002812
-0.0045015
0.0024824
-0.0069709
0.0077427
-0.0001029
0.0029077
-0.0091794
0.0009666
-0.0063228
-0.0023154
-0.0008335
0.0032382
0.006783
0.0094002
-0.0055162
-0.002473
-0.0047535
-0.0030827
-0.0051661
0.0015966
-0.0021402
-0.0072141
0.0072969
-0.0034308
0.0056983
-0.0065262
0.0099279
0.0074723
-0.009892
0.0051458
0.0033531
0.0026876
0.0087891
0.0082275
0.008641
-0.0076054
0.0052264
-0.0027414
-0.0099409
0.003608
-0.006455
0.0095423
0.0091332
0.0071622
0.0053012
0.0024304
0.0020402
0.0018153
-0.0085095
0.0024067
0.0027172
-0.0059079
-0.0012712
0.0046483
0.0041915
0.0015729
-0.0043121
-0.0024094
0.0020913
0.0039264
0.0080776
0.0001842
0.0061529
0.0056722
0.0091493
0.0035349
-0.0010681
0.0093327
-0.0093072
-0.0067453
-0.0052404
-0.0046512
-0.0043844
0.0081208
0.000238
0.0032394
-0.0041398
-0.0073763
0.0070679
-0.0081243
0.0061639
0.0027174
-0.0007589
0.0028864
-0.0047942
-0.0027181
-0.0005475
-0.0023399
-0.003453
0.0057072
-0.0022649
0.0090692
0.0032648
0.0061278
0.0012793
0.005709
-0.0004612
-0.0038922
-0.0046598
-0.0055353
-0.0026636
-0.0084835
0.0032072
0.0020435
0.0044893
0.0036122
-0.0005166
0.0063478
-0.0004127
-0.0034626
-0.0007662
-0.0038344
0.0042387
0.0087607
0.0016714
-0.0064629
-0.0085829
-0.0047026
0.0012799
0.0010055
-0.0079249
0.0057948
0.0025608
-0.0045794
0.0061962
-0.0020064
-0.0073354
-0.0092097
0.0060788
-0.0038853
-0.0008554
0.008614
6.16e-5
-0.0076308
0.0077323
-0.0036535
0.0012023
-0.0079343
-0.0093303
0.0084292
-0.0007827
0.0026987
0.0045752
0.0091591
0.0010176
0.0015175
-0.0075296
-0.009461
-0.0068586
-0.005809
0.0033856
0.0068137
0.0012082
0.0077124
0.0041649
0.0048387
0.0031127
0.0004803
0.0097684
-0.0077269
-0.0034778
-0.0062105
0.0049928
-0.0083202
-0.0090655
-0.0086863
0.0001399
0.0084851
0.0084201
0.0043016
0.0029112
-0.001449
0.0045645
-0.0073395
0.0089735
0.0020576
0.0016799
0.0038616
0.0022493
0.0096705
0.0058567
-0.0016412
0.0077232
0.0083834
0.0062937
-0.0052495
-0.00773
-0.0087493
0.002757
-0.0014746
-0.0086089
-0.002351
-0.0037438
0.0037032
0.0006781
0.0071156
-0.0028299
-0.0083699
0.0012261
0.0042426
-0.0003645
-0.0044983
0.0034266
0.0089568
-0.0059492
-0.0011972
-0.0056674
-0.0097074
0.0055895
0.0061946
0.001909
-0.000905
-0.0081556
0.0001107
-0.003579
0.0026828
-0.0065505
0.0065879
-0.0018321
0.0004562
-0.0078971
-0.0064594
0.0025319
0.0042714
0.0032721
0.0023656
-0.0063986
-0.0010816
-0.0016647
0.0024785
0.0043722
-0.0078313
0.0038912
0.0097015
0.0062021
-0.0095903
-0.0041657
-0.0066927
-0.0024424
0.0072336
-0.0029095
0.0036369
0.0073448
0.0056688
-0.0045222
0.0070489
0.0036911
0.000984
0.0067448
0.0015847
-0.0034716
0.0036379
0.0083362
0.0034665
-0.009015
0.0023896
-0.0092499
0.0079587
-0.0039668
-0.0022412
-0.0030861
0.0087189
-0.000863
-0.0001866
-0.0002598
0.0021734
-0.0086519
0.0048016
-0.0071195
-0.0041887
-0.0014994
0.0066615
-0.001133
-0.0047438
-0.0031808
0.0013513
0.0055795
-0.0095196
0.0055741
0.0078956
-0.0009769
0.0056669
0.0014222
-0.0068608
-0.0076901
0.0077273
0.0047165
0.0058318
0.0057244
-0.0089111
-0.0074645
-0.004028
-0.0069721
0.0009775
0.0006035
-0.0005711
0.0035217
-0.0001684
0.0060003
0.0058846
-0.0028283
0.0029307
0.0091257
-0.0036724
-0.0031697
-0.0015834
-0.0090291
0.0086351
0.0018757
0.0060168
-0.0014041
0.0015491
-0.0084626
0.0090185
0.0016057
0.0092587
0.0048527
0.0038175
