0.0023387
0.0006885
-0.0033667
-0.0009485
0.0039625
-0.0048193
0.0095469
0.0007407
-0.0033192
0.0067522
-0.0065377
-0.0051491
0.0081217
0.0011092
0.0072977
0.0044744
0.0048618
-0.0052718
-0.0044704
0.0095239
0.0042486
0.0001134
-0.0097529
0.0089622
-0.0019127
-0.0027675
-0.0022133
0.0082426
-0.0050731
-0.0092717
-0.0028053
-0.0023601
0.0097739
-0.0067269
-0.0053163
0.009762
0.007438
-0.0080762
0.0003142
0.0065801
0.0019793
0.0048886
0.0031122
0.0022526
0.0069368
0.0030639
0.0015747
0.0059995
-0.00203
-0.0027988
-0.008741
0.0079049
0.0014781
0.0028733
0.001108
-0.0087213
-0.0066301
0.0027921
0.0060765
-0.009652
-0.0002756
0.0092075
0.0034117
-1.18e-5
-0.0054916
0.005901
0.0076074
0.0050969
0.0077651
0.0071585
-0.0012697
-0.0008469
0.00359
-0.0084461
0.009853
0.0088615
0.0057443
-0.0003856
-0.0070458
-0.0016325
0.0003093
-0.0040199
0.0056796
0.0082477
0.0048619
-0.0076335
0.0052164
0.0075344
0.007936
0.0060829
0.0016957
0.0036604
-0.0075425
0.009732
-0.0049858
0.0015382
-0.003299
0.0001784
-0.0074836
-0.0071036
0.0049307
-0.0061604
0.0068498
-0.009237
0.0036911
0.0073556
0.0056438
0.0008115
-0.0035166
-0.0055879
-0.0081116
0.004292
-0.0086273
-0.0040095
0.005161
-0.0003969
-0.0025553
-0.0004432
0.0012213
0.0087888
0.0094422
-0.008232
0.0012017
0.0009763
-0.0011251
-0.000233
-0.0027681
0.0086579
-0.0027178
-0.0012264
-0.0036318
0.0039324
-0.0099766
-0.0064038
-0.008427
0.0050377
0.007624
-0.0029053
0.0003132
-0.0084876
-0.0030786
0.0036701
0.0010638
0.0049399
-0.0042287
-0.0089404
0.0013458
-0.0078455
0.0081788
-0.0086195
-0.003978
-0.0017869
-0.0046741
0.0075635
-0.005485
0.0066936
0.0051012
-0.0079945
0.0018907
0.0097918
0.0087855
-0.0045887
0.0009223
0.0019819
-0.0019064
0.0095786
-0.0028161
0.0078158
0.0015702
0.0080171
0.0073233
-0.001585
-0.0084309
0.0065347
-0.0032245
-0.0093555
4.6e-5
0.0033754
-0.007575
-0.001019
0.0096331
0.0014794
-0.0052645
-0.0052878
-0.000275
-0.0050324
-0.0033775
-0.0092306
0.0063082
0.0059797
0.0007466
-0.0025951
-0.0068347
-0.0060094
0.0084764
0.0027242
0.0062734
0.0056365
0.0077896
0.0044742
-0.0083646
0.0020982
0.0044045
0.000752
-0.0083172
0.0032172
0.0043427
0.0089926
0.001671
0.0035904
-0.0072718
-0.0016335
0.0075518
0.0004226
0.0010385
0.0084828
0.006411
0.005965
-0.0054758
0.0097489
0.0054278
-0.0044895
-0.0069968
0.0056178
0.0072351
-0.0097809
0.0020723
0.0060192
0.0094217
0.0088819
-5.36e-5
0.0004463
-0.0018278
0.0075501
0.0076979
-0.0078039
0.0021351
0.0062808
-0.0085193
-0.0056214
0.0072094
-0.0074238
-0.0094749
0.0007006
0.0066282
0.0064312
0.0058757
0.005183
-0.0087368
0.0031867
-0.0065825
-0.0054317
-0.0010568
-0.004486
0.0073062
0.0090297
0.0090162
-0.0069447
0.0002088
-0.0017116
0.0081406
0.0017681
0.0086616
-0.0039115
-0.0064242
-0.0030322
-0.0042003
-0.0094411
-0.0080491
-0.0008778
0.0023284
-0.0012676
-0.0064594
-0.0031077
0.002624
0.0055737
-0.0027276
0.0027449
0.0089036
3.28e-5
-0.0024419
-0.0046461
0.0058186
-0.0089367
-0.0092595
0.0087085
0.0026694
-0.001227
-0.0053231
-0.0048435
-0.0048429
0.0085242
0.007672
-0.0089005
-0.0036433
0.0038043
-0.001692
-0.0075817
-0.0017225
-0.0060625
0.0056897
-0.0097954
0.0054994
0.0066028
0.0043227
0.0075511
0.0024637
-0.0073152
0.0020286
-0.0045565
-0.0052837
-0.0005437
-0.0046803
0.0058757
0.0019812
0.0078719
-0.0026424
0.008336
0.0034821
-0.0099438
-0.0014586
-0.0050755
0.0078046
0.004217
0.0022651
0.001356
-0.0094747
-0.0031032
0.0035907
0.0035748
0.0047496
-0.0015455
0.0001188
-0.0069551
-0.0010444
-0.0070918
-0.0043542
-0.0045023
-0.0092616
-0.0034325
-0.0064797
0.0075748
0.0089068
-0.0053554
-0.0004245
-0.0049512
-0.004184
0.004828
0.0056229
-0.0019961
-0.0016135
0.0080976
0.0041264
-5.67e-5
0.0064255
-0.007216
-0.0061116
0.0012207
0.0081217
0.0036455
-0.0035058
-0.0053498
-0.0038837
-0.0040489
-0.0071011
-0.0010171
-0.004573
0.0051131
0.0062709
-0.0086699
0.0073376
-0.0031529
-0.000298
-0.0073863
-0.0032475
-0.0064018
0.0007622
-0.0087697
-0.0058926
-0.009362
-0.0061593
0.0054378
0.0067896
0.0068629
-0.0097249
0.0089787
-0.0041607
0.0096759
0.0057803
0.0055657
-0.0061418
0.004365
0.0062963
0.0070079
0.0093948
-0.0017467
-0.0047712
6.41e-5
0.0051361
-0.0047298
-0.0019156
-0.0022655
0.0049524
0.0072674
-0.0040173
0.0003621
-0.0076814
-0.0049485
-0.0055088
-0.0045148
-0.0059357
0.0079034
-0.0039479
-0.005701
0.008959
0.0045912
-0.0032587
0.0028646
0.0096178
-0.0042853
-0.0008336
-0.0047631
0.0054805
-0.0008852
-0.0072549
-0.0060166
0.0027694
-0.0052405
-0.002613
0.0014464
-0.0045944
-0.0033108
-0.0021659
-0.0088658
-0.0040845
0.0086845
-0.0013041
0.0053826
-0.0050614
-0.0009763
0.0036636
-0.0057926
-0.0085187
-0.0005785
-0.0048446
-0.0070527
0.0092157
0.0007672
-0.0095139
0.0019121
0.0024586
0.0038946
0.0047752
-0.0097881
0.009794
0.0091935
-0.0036727
-0.0084577
-0.0041317
-0.0045362
0.0013488
0.0055818
0.0049623
0.0044061
0.0023272
0.002983
0.0020138
-0.0072471
0.0003657
0.0036132
0.001127
-0.0069514
0.008011
-0.004501
-0.0042024
-0.0098302
0.0057011
0.0034415
0.001586
-0.0031815
-0.001992
-0.0093039
0.0067312
-0.0031071
0.0037967
0.0063566
-0.0063306
-0.0035205
0.0090966
-0.002596
0.0016844
-0.0008003
-0.0091386
-0.0088244
0.0034168
