-0.001912
0.0099051
0.0065688
-0.0035027
0.005875
-0.0085112
-0.0019813
-0.0053876
-0.0045834
0.0090527
0.003032
-0.0038655
-0.0079778
0.0084259
-0.0090335
0.007394
-0.0009723
-0.000563
0.0085684
0.0032629
0.000112
-0.0024756
-0.0070113
0.0029925
0.0001826
-0.0048076
-0.0046465
-0.0004894
-0.0078605
0.0057249
0.0089933
0.0050933
-0.0080884
0.0060506
0.0059098
0.0033152
0.0043921
-0.0076519
-0.0047656
-0.0088287
0.0049776
-0.0080258
-0.002332
-0.0081425
0.0021386
-0.0023428
-0.0043019
0.0076918
0.0025975
-0.0077212
0.0043741
-0.0088797
-0.0048476
-0.0041034
0.0016367
-0.0098715
-0.0085879
0.0006314
0.0005463
-0.0095296
0.0019566
-0.0043298
0.0002909
0.000639
0.004724
0.0029398
0.0047871
-0.0073821
-0.0068566
-0.0022503
-0.0042281
0.0021319
0.0064921
0.0048726
-0.0012108
-0.0002767
0.0090553
0.0003545
0.0010197
0.0090669
-0.0012496
-0.0063801
-0.0041967
0.0056544
0.003252
0.0045083
-0.0037037
-0.0008506
0.0086163
-0.0082276
0.0084039
0.0083348
-0.0039038
-0.0053181
-0.0030909
0.0066895
0.0018153
-0.0059919
-0.0098724
0.0041758
-0.0013986
-0.0050826
-0.0036609
-0.0078133
-0.0098715
0.0012935
0.0065732
-0.0038586
-0.0010864
0.006531
-0.0041992
-0.0025615
-0.0013263
0.0064873
-0.0098487
0.0011273
-0.0057157
0.0043899
0.0016354
0.0018088
-0.0035696
0.0010662
-0.009145
0.0048673
0.0029991
0.0059709
-0.0011559
0.0076934
-0.0046941
0.0010175
-0.0028444
0.0049467
-0.0039771
-0.0008159
-0.0023367
-0.0024402
-0.0012574
-0.0093046
0.0072688
-0.0035584
0.0039417
0.0087056
-0.0097649
-0.0039667
-0.0040655
-0.0095413
-0.0064107
0.0091465
0.0054586
0.007365
-0.0002203
0.0046011
0.007559
0.0095077
0.0016014
-0.0027803
0.0018177
-0.007918
-0.008903
-0.00694
-0.0016304
0.0098916
-0.0018035
0.0088595
0.0007672
-0.0051045
-0.0093029
0.0069783
-0.0079496
-0.0008212
0.0058326
-0.0004762
0.0047662
-0.0072273
0.0052952
0.0092335
-0.003382
-0.0052964
-0.0095971
-0.0086439
-0.0083768
-0.0087755
0.0061257
0.0006145
0.0040903
0.0073893
-0.0059119
0.0075471
-0.0031137
0.0029904
-0.0072947
-0.00092
-0.0034143
-0.0095553
-0.0008561
0.0049107
0.0076237
-0.0076448
-0.0083382
0.007755
-0.000829
-0.0038006
0.0043937
-0.0081244
0.003739
0.004629
-0.007483
0.0079214
-0.0019321
-0.0009828
0.0074157
-0.0055012
0.0062636
-0.0077102
-0.0070904
-0.00558
-0.0060145
-0.0077106
-0.0063053
-0.0088264
-0.0006193
-0.0077872
-0.0093255
0.0084556
0.0047708
-0.0050539
-0.0091689
-0.0068855
0.0052369
-0.0061237
-0.0061182
0.0047425
-0.0016937
0.0032968
0.0050938
0.0025767
-0.0007563
-0.0083484
-0.0086486
0.0031398
-0.0091162
-0.0065833
-0.0032925
-0.0048456
0.0029653
0.0041671
0.0078302
-0.0095285
-0.0077822
0.0073619
0.0010334
-0.0056013
0.0092422
-0.0037199
0.0021452
0.0079727
0.0083006
-0.0024993
-0.0055255
0.0001406
0.001157
-0.0050683
0.0063793
0.0018567
-0.0004358
0.0059929
-0.0022391
-0.0017634
-0.0043595
0.0056404
-0.0058145
0.001447
-0.0028615
-0.0036767
-0.0043335
-0.0056034
0.0087062
-0.0081178
-0.0085187
-0.0059518
-0.0067029
0.0087574
0.0021726
-0.0074767
0.0021901
0.0088406
-0.0087545
0.0031034
-0.0092217
0.0039864
-0.0031112
-0.0015147
0.0076545
0.0066184
0.0073345
0.0061209
0.0037854
-0.0043595
0.0082589
0.0097638
0.0041465
-0.0027171
0.0071049
-0.0042749
-0.0075841
0.0032156
-0.0021006
0.0050315
-0.0040009
0.0011838
0.0072083
0.0085612
-0.0084145
-0.0002777
-0.0027041
-0.0004428
0.0016879
-0.008775
-0.0031045
0.0064696
0.0060625
-0.0026306
-0.0004328
0.0037302
0.0062247
0.0013215
-0.0070646
-0.0098385
0.0032005
-0.0091912
-0.006168
0.0050786
0.0076246
-0.0074336
0.0040726
-0.00967
0.0062041
0.0098123
0.0021945
-0.0086003
-0.0027624
-0.0076258
0.0059542
0.0041715
0.0002319
0.009411
0.0082431
0.004409
0.0035625
-0.0057666
0.0020208
-0.0011492
-0.003243
-0.002996
-0.0033749
0.0006759
-0.0005968
-6.81e-5
-0.0027539
-0.0076269
0.0059799
0.0048007
0.0024128
-0.0052778
-0.007066
0.006066
-0.0063605
0.0081836
0.0057991
0.0089059
0.009165
-0.0094444
-0.0044616
-0.0004386
-0.0094311
0.0072469
0.0076655
-0.0034556
0.0044029
0.0078476
-0.001078
-0.0096502
0.0091832
0.0087915
-0.0017757
0.0011405
0.0019267
0.0066559
0.0093967
0.0047251
-0.0087417
0.0041872
0.0091749
-0.0006668
-0.008944
0.0027839
-0.0053832
0.0072931
-0.00531
0.0084225
0.0031645
0.0005789
-0.0009846
0.0015364
0.0067142
0.0041315
0.0053846
-0.0001368
0.0026867
0.0039526
-0.008846
-0.003782
-0.0001755
-0.0044186
0.003341
0.0036934
0.0007118
-0.0065909
0.0007623
0.004591
0.0046707
-0.0060809
0.0034793
0.0076639
-0.0047756
-0.0044767
-0.0043265
0.0031412
-0.0026758
0.0097284
-0.0089548
-0.0041278
0.0065419
0.0063687
-0.0095863
-0.0035431
0.0036717
-0.0001754
0.0074237
-0.0026762
-0.0002128
0.0045765
0.0079417
-0.0018348
0.0077115
-0.0019625
-0.0079566
0.0003374
0.0009285
-0.006057
-0.0046114
0.000859
0.0051595
-0.0016619
-0.0086652
0.0023426
-0.0067813
-0.002557
0.0097438
-0.0040731
-0.0063502
-0.0055003
-0.0029502
-0.0017495
0.008855
-0.0030364
-0.0019586
0.0015333
0.0094174
0.0081764
-0.0005866
-0.0053643
-0.0051845
-0.0047879
0.0043002
-0.0021394
0.0088074
0.0077467
0.0064504
-0.002423
-0.0047791
0.0041177
-0.0087726
-0.0097872
-0.0075625
0.0005212
-0.0088655
0.008298
-0.0065256
-0.0022055
-0.0081001
-0.0082907
0.0003866
-0.0031359
0.0035834
