-0.0071923
0.0069213
-0.0081232
-0.0041545
-0.0023107
-0.0089655
-0.007855
-0.0065368
-0.0075721
0.0037583
0.0046213
-0.009022
0.0029622
-0.008894
0.003017
0.0085343
-0.0035231
0.0018665
-0.0086023
0.0060846
-0.0041104
0.0008204
-0.00531
-0.0076366
-0.0054487
0.0067981
-0.0018224
0.0003794
0.0028538
-0.0082249
0.0038182
-0.007825
-0.0077465
0.0055374
-0.0049809
-0.0059919
-0.0087504
-0.00507
-0.0002072
-0.0048732
0.0010274
0.0078204
-0.0012433
0.0048266
0.0089107
-0.0017013
0.0040679
0.0043395
0.0002719
0.0028543
-0.0051595
-0.0036177
0.0015485
0.006461
-0.0002601
0.0094973
0.0019707
-0.0017068
0.0001489
0.002531
-0.0096112
-0.00332
-0.0086821
0.0059579
0.0011364
0.0058851
0.002538
-0.0058922
0.0088477
-8.83e-5
-0.0063932
0.0042894
-0.0094685
0.0053285
-0.0084728
0.0023417
-0.0024339
0.0039166
0.0038722
-0.003923
0.0076916
-0.000526
0.0012048
0.0007453
0.003515
-0.003082
-0.0022075
-0.0045436
0.0018926
-0.0051281
0.008375
-0.0044261
-0.0006024
-0.0085176
-0.0006457
-0.0048488
0.0038164
0.006954
0.0020862
-0.0076436
-0.0063498
0.0028635
0.0043129
-0.0096189
-0.0001139
-3.41e-5
-0.0077731
0.0085611
0.0081624
0.0095015
-0.006035
-0.0006573
-0.0094294
0.0076176
0.0017753
0.0075839
-0.0070015
0.0078068
-0.0030336
0.0050455
-0.0009493
-8.44e-5
-0.0028285
0.0037
0.004739
0.0059164
-0.0032931
-0.0044856
0.0026629
0.0080825
0.0080612
0.0074905
-0.0090239
-0.0096483
-0.0065802
0.0094248
-0.0065455
0.0093223
0.0002218
0.002741
0.0086997
-0.0022712
0.0084373
-0.0037064
-0.0097915
3.34e-5
0.002227
0.0036423
0.0061405
-0.0098856
-0.0074352
-0.0096479
0.0097627
-0.0004109
0.0056843
-0.0086795
0.0045487
-0.0010155
-0.00195
-0.0036806
0.0058834
0.0007926
0.0012427
-0.0020832
-0.009972
-0.0083589
-0.0063247
-0.0049118
-0.0098442
0.0099609
-0.0052288
0.0055945
-0.0043842
-0.0009268
-0.0041404
-0.0056968
-0.0095615
0.0041747
0.0046864
0.0034667
-0.006415
-0.0037339
0.0096224
-0.0065622
0.006668
-0.008249
0.0009946
0.0020012
-0.002921
-0.0081693
0.0049055
-0.0059704
-0.0080893
0.0031239
-0.0028175
-0.0091075
0.0051501
-0.0068655
0.004421
-0.0081308
0.0063799
0.0010517
-6.8e-6
-0.0099759
-0.0086004
0.0043325
-0.0001161
0.0061782
-0.0003609
-0.0097022
0.0037338
0.0042741
0.004798
-0.0002503
-0.0025807
-0.0052773
0.0042061
-0.0018784
0.0080059
0.0005149
-0.0009583
-0.0032079
-0.0046345
-0.0031015
-0.0077227
-0.0025941
0.0038045
-0.0093657
0.0072179
0.0052482
0.001252
-0.0065289
-0.0033413
0.0089248
-0.0077629
0.0031838
0.0035568
0.001756
-0.0092227
-0.0075619
0.0093956
0.005296
-0.0083634
0.0019536
0.0043552
-0.0047608
0.0010537
-0.0017688
0.0007421
-0.0026406
-0.0005838
0.006731
-0.0071161
-0.0015072
0.0027382
-0.002609
0.0048362
-0.0056146
0.0049181
-0.0043438
0.0008336
4.74e-5
-0.0016235
-0.0037066
-0.0082387
0.0072989
0.0029552
0.0021812
-0.0070904
-0.0069469
-0.001961
0.0019927
-0.0008298
-0.0030803
-4.26e-5
-0.0086291
0.0062232
0.0094118
0.0001387
0.0080694
0.0055864
0.005049
-0.0026471
-0.0057599
-0.0011902
0.0088994
-0.0085291
0.0074222
0.0012622
-0.0072363
-0.0055867
-5.36e-5
0.0062551
0.0057673
0.0095293
0.0094524
0.0049364
0.0010732
-0.0031096
-0.0065184
-0.0060835
0.0048656
0.0067047
0.005332
-0.0097874
0.0096181
-0.0066405
-0.0033314
-0.00447
-0.0058833
-0.0089779
0.003719
-0.0033845
0.006079
-0.0022058
0.0012175
0.0026375
0.0071724
-0.0048598
0.0011108
0.0075472
0.0013219
0.0054225
0.0056834
-0.0077295
-0.0045544
-0.0067276
0.0043379
0.0030749
-0.0095415
0.0091447
0.0033106
0.0081603
-0.0056026
-0.002817
-0.0018907
0.0098653
-0.0003362
0.0026349
-0.0015711
0.0010611
0.0027929
-0.0069466
-0.0085126
-0.0088689
-0.0071893
0.0026487
-0.0085542
-0.0061997
-0.0035166
0.0018018
-0.0032435
-0.0041724
-0.0034926
0.0081109
0.0017873
0.0074534
-0.00153
-0.0073149
-0.0041161
0.0026372
-0.0013674
-0.0016807
0.005846
0.0019275
0.0047
-0.0073313
0.0033054
-0.0076285
-0.0041218
0.0087069
-0.0035272
0.0060017
0.0014448
0.0067298
0.0053101
0.0010127
-0.0037628
-0.0033305
0.0099021
-0.0016736
-0.0063718
-0.0060314
-0.002452
-0.004631
-0.0025864
0.0034371
0.0099534
-0.0096263
0.0021558
0.0072622
0.007881
0.0039075
0.0040306
-0.0074296
-0.0015538
0.0053994
-0.0072893
0.0089944
-0.0034102
-0.0070727
-0.009517
-0.0083953
0.0047097
-0.0012869
0.0081913
-0.0050134
0.0045924
0.0028118
0.0097148
-0.0005655
-0.0071769
-0.0087365
0.0024935
0.0072855
-0.0080192
-0.0086364
0.0007856
-0.00446
-0.0040001
0.005929
0.0058803
0.0025335
-0.0051614
0.0061209
0.0050363
0.0013718
-0.0069196
-0.0071845
0.0096434
-0.0014453
0.0008402
-0.0009146
-0.0040358
0.0059211
0.0060453
-0.0064375
-0.0046153
0.0056966
-0.0070062
-0.0098408
-0.0041168
-0.0061134
-0.0083761
-0.0048614
0.0015767
-0.008866
0.0050305
0.0013331
0.0091626
0.0052333
-0.004807
-0.0003534
0.0021816
-0.0012415
0.008284
-0.0013434
-0.0060939
0.0061623
0.0055578
-0.0083959
0.0078235
-9.37e-5
-0.0022717
-0.0008984
0.0087734
-0.0035306
-0.0004615
-0.004365
-0.0030039
-0.0039941
-0.0021594
-0.0053391
0.0008082
0.0032168
0.004681
-0.0095812
-0.002183
-0.0015299
-0.0089667
0.0074293
-0.0096182
8.5e-5
-0.0027753
-0.0086228
-0.0031042
-0.0033972
0.0093652
-0.0082022
0.0043065
0.0077852
0.0062916
0.0017487
-0.0045771
-0.0025364
