-0.000186
-0.0093149
0.0069392
-0.0082279
-0.0092579
-0.0078283
0.0037683
0.0024427
0.0059713
0.0091491
0.0083041
-0.002175
0.0035496
-0.0057123
0.0086582
-0.009623
0.0079047
-0.0078168
0.0042086
0.0097231
0.0065886
-0.0007673
-0.002692
0.0073938
0.0093476
-0.0066467
0.0074831
0.0041931
0.0078348
-0.0056223
0.0071919
0.0004504
-0.0081031
0.0023878
-0.0008926
0.001657
-0.0037636
0.0080171
-0.003148
-0.0028429
0.0081663
-0.0091524
0.0034942
0.0003837
-0.0090244
0.0036793
-0.0008037
-0.0020157
0.0056293
-0.0064617
-0.0083479
-0.0023419
0.0023526
0.0007345
-0.0030502
0.0059137
0.0076531
0.0001637
0.0084596
0.0054608
-0.0065363
0.0075718
-0.0019669
0.0034383
0.009247
-0.005534
0.0066541
-0.0059059
0.0023342
0.0019651
0.0019666
0.0035621
-0.0077187
-0.0044753
-0.0091305
0.0072739
-0.0019281
0.0089395
0.0024545
0.0018316
-0.0054426
0.0090004
-0.0034462
-0.0041244
0.000571
0.0059364
-0.0047659
0.0083721
0.000736
0.0037725
-0.0063385
0.008656
-0.0096929
-0.0051433
-0.0020556
-0.002618
0.0030807
-0.0057202
-0.000119
-0.0032303
0.0075974
-0.008717
-0.0020597
0.0072852
-0.0025768
0.0032674
-0.0005604
-0.0078187
-0.0040465
-0.0097838
-7.75e-5
-0.0066496
-0.0021228
-0.0087695
0.0009718
0.0055849
0.0017976
-0.0078288
-0.0001886
-0.0009409
-0.0069665
-0.0084006
-0.0093904
0.0050551
-0.0005465
0.0045126
-0.0031912
0.0001149
0.0050404
-0.0072167
0.0030478
-0.0097585
0.0059545
-0.0010413
-0.0044793
-0.0069215
-0.0013607
-0.0022525
-0.0046673
0.0004697
-0.0021082
0.0064936
-0.0096867
-0.009427
-0.0044429
0.0067178
-0.0076256
-0.0031485
0.0034201
0.0004001
0.0078027
-0.0043479
0.0091293
0.0085871
0.007008
-0.0086216
-0.0057679
-0.008939
-0.0007476
-0.0025135
0.0027332
-0.0006799
0.0049587
0.00461
-0.0053183
0.0062861
0.000773
0.0077477
0.0035244
-0.0061143
0.0042798
0.0092784
-0.0009489
-0.0056841
0.0080144
-3.63e-5
-0.0087654
0.0009795
-0.0058846
-0.0087439
0.006498
-0.0094572
0.0078324
0.006838
-0.0024331
0.0038039
-0.0046579
0.0031952
-0.0079745
-0.0030734
-0.0080802
0.0033052
-0.0010687
0.0062669
-0.000639
0.0088855
0.003973
-0.0080897
0.004423
-0.0028554
0.0025771
0.0022115
-0.0031469
0.0027418
-0.0076781
-0.0078501
-0.0043238
-0.0011117
0.0014838
0.0026223
0.0081279
0.0015032
-0.0058715
0.0025315
0.0021051
-0.0041781
0.0026183
-0.0078273
0.0020677
0.0019856
-0.0026763
-0.0012348
0.002775
-0.0087644
0.0083088
0.0032468
0.0046524
0.0034471
-0.0070607
-0.0062261
-0.0089971
0.0010211
0.007523
0.0081696
-0.0056329
-0.0091561
0.007416
0.006048
0.0019719
0.0096914
0.0049078
0.0088376
0.002481
-0.0014941
0.0065317
0.005998
-0.0072085
0.0075967
0.0061395
-0.009378
0.0017194
0.0055703
-0.0046718
-0.0047081
-0.0023225
0.0052882
-0.0009469
-0.0043937
-0.0081825
-0.004533
-0.0001474
0.0041304
-0.0027784
-0.000669
0.002086
0.0030682
-0.0052696
0.0004071
-0.0051192
0.0063418
-0.0051813
0.0008058
-0.0022528
0.0044165
0.0078299
0.0043117
0.0049346
-0.0003427
0.0023228
-0.007944
-0.0043211
0.0066255
-0.0076766
-0.0031959
0.0056183
0.0061682
-0.004559
-0.0097955
-0.0042978
-0.0031667
0.0057107
0.0074235
0.0050631
0.0061665
0.0099962
-0.0006405
-0.008967
-0.0013099
0.0006554
-0.0019974
0.0017435
-0.0047697
0.0031531
-0.0013191
0.0018543
0.0033873
-0.0047948
0.0054528
0.0004602
-0.0006261
0.0042558
0.0051506
-0.0084696
0.0024108
0.0052786
0.0085571
0.006411
0.0015219
0.009743
-0.0022158
-0.0009115
-0.0055645
-0.0011585
0.0095332
-0.0083644
0.0041099
-0.0063071
-0.0052904
-0.0094615
-0.0057945
-0.0027574
-0.0098143
0.0056038
-0.0010026
0.0047277
0.0002325
-0.0043096
0.0098317
-0.0046336
0.008854
-0.0008562
-0.0063256
0.0051497
-0.0005703
-0.0046969
0.0044337
0.0011029
0.0077506
0.0084274
-0.0075672
0.0043974
0.0073012
0.0076687
-0.0030017
8.23e-5
-0.0046299
-0.0047073
-0.0032793
-0.0018936
0.0047141
-0.0010826
0.0040991
-0.002313
-0.0009757
0.0015632
-0.0095377
-0.0005363
-0.0089059
0.0087063
0.0035757
0.0055311
-0.0056919
-0.0029711
-0.0089244
0.0037599
0.0025837
0.0086085
-0.0051993
-0.000609
9.73e-5
0.0044532
0.0045916
0.0030232
0.0093517
-0.0014415
-0.0069788
-0.0088948
0.0075125
0.0024217
-0.0016626
0.0069689
-0.0091568
-0.0077608
0.0025484
-0.0024489
-0.0031733
-0.0096043
-4.56e-5
0.000139
0.0007839
-0.0072181
0.0034101
-0.006686
0.0078655
-0.008992
-0.0052545
0.0085611
0.0070228
-0.0043939
-0.0001673
-0.0062479
0.0018003
0.0070041
-0.0022747
0.004384
0.0073608
-0.0047516
-0.0019753
-0.0005138
-0.0094425
-0.001935
0.0005769
-0.00958
0.0081536
0.0013719
0.0074426
0.0010939
0.006057
-0.0068251
0.0032425
0.0077067
0.0032802
-0.0018257
-0.0058115
-0.0083219
0.0088879
-0.0011645
-0.003451
0.0099413
0.0013486
-0.0044401
0.0006987
-0.0004857
0.0014382
-0.006455
-0.0045397
-0.0033725
-0.0099842
-0.0002936
0.000966
0.0076273
-0.0042879
-0.0024497
-0.0070215
0.0029388
-0.0083891
-0.0048547
0.0004417
0.0029451
0.0078765
0.0023381
-0.0002401
0.0001482
-0.0075769
0.0067847
-0.0069928
-0.0048013
0.0070528
0.0006714
-0.0024625
0.0020832
0.0052479
-0.0070735
-0.0004162
-0.0009948
0.0020291
-0.0069034
-0.0066039
0.0086382
0.0063244
-0.0029535
0.0075243
-0.0095387
-0.0020323
-0.0030781
0.0006628
-0.0017621
-0.0008073
0.0031731
-0.0024368
0.0030084
-0.005808
0.0098472
0.006031
-0.0023061
