0.0060405
-0.0070477
-0.0008633
-0.0097343
0.0017039
0.0037101
-0.0020353
-0.0014391
0.0004247
-0.0021108
0.0098782
-0.0024516
3.33e-5
0.0053015
-0.0016498
0.007276
0.0009838
0.0091737
-0.0074585
0.0007699
-0.0081405
-0.0098159
-0.0087455
-0.0061951
0.0067578
0.0085268
-0.0099185
-0.0091379
-0.0081051
-0.0001581
-0.0004744
0.0005378
-0.0055506
-0.0029602
0.0080688
0.0069084
-0.0031237
0.0054719
-0.0075192
-0.0082493
-0.0030261
0.0034581
-0.0086732
0.0093362
-0.0015158
-0.0091903
0.0099275
0.0058059
0.0047125
0.0056186
-0.0066724
0.0073247
0.0036851
5.0e-7
0.0025615
0.0033425
-0.0093632
-0.0009278
0.0047282
-0.0050841
0.0005101
-0.0093054
0.005161
-0.0087452
-0.0078791
-0.0097548
-0.001457
0.0057633
0.0033959
0.001745
0.0022229
-0.0038781
-0.0081148
-0.0051834
-0.0087803
0.0065987
0.0089879
0.0096214
-0.0025696
-0.0089584
0.001397
-0.0099312
0.0029049
-0.004823
0.0087378
-0.0021605
0.0073336
0.0042402
-0.0041484
-0.0011002
-0.0048372
0.0032484
0.0091522
0.0061521
0.0046458
0.0015718
0.0072682
-0.0094345
-0.0015396
0.003594
-0.0039503
0.0073721
0.0018709
-0.0069522
0.0022125
-0.0092291
-0.0053127
0.0014238
-0.0002998
-0.0042815
-0.0018624
-0.0017019
-0.0011544
0.0048065
-0.0024342
-0.0092199
0.0035819
0.0022703
0.0073755
0.0060782
-0.0045866
0.0078332
-0.0008357
-0.0061836
0.0068314
0.002989
0.0049358
-0.0083443
-0.0027159
0.0082395
0.0075033
-0.0048852
-0.0030736
-0.0098259
0.008806
-0.0049756
-0.0035721
-0.0081255
0.0063825
-0.0063877
-0.004345
0.007306
0.0063335
-0.0047999
0.0002613
-0.0015286
-0.0036143
-0.0066107
0.0007968
0.0038235
0.0056101
0.0033544
0.0055392
-0.0030097
-0.0097255
0.0084366
0.0027473
-0.0057825
0.0077866
-0.0035803
-0.0043369
0.0055915
-0.0013389
-0.0062644
0.0093701
0.0091411
-0.0050833
0.0078916
-0.0068255
-0.0076224
0.0046746
0.0059794
0.0085485
0.0021543
0.0074542
-0.0041316
0.0095454
-0.0057356
-0.0075914
0.007611
0.0027456
-0.0024348
-0.0067816
0.0010352
0.0085148
-0.004454
-0.0065669
-0.0025043
-0.0092045
0.0018464
0.0007973
0.0003382
-0.0052316
0.0005799
0.0045149
-0.0075952
0.0077774
-0.0090935
0.0060258
-0.0009144
0.006463
-0.0037631
0.0013573
0.0063907
-0.0078241
-0.0094233
0.0039578
-0.0053269
-0.0086797
-0.0026844
0.0012182
0.0012663
-0.0008754
0.0075682
-0.0024622
-0.0029388
-0.0084481
-0.0098474
0.0042968
-0.005934
-0.0031576
-0.0039565
0.0099321
0.0078138
-0.0003884
0.0076296
0.0056133
0.0037405
0.0092391
-0.0078545
-0.003284
0.0063454
0.0048251
-0.0077363
0.0001749
0.0029162
0.0039136
-0.0006371
0.0017809
0.0059965
-0.00731
0.0026995
-0.0030802
0.0095697
-0.0093061
0.0049388
-0.0020427
0.002454
0.0069939
0.0040964
0.0023956
0.0015986
-0.002695
-0.0049054
0.0019013
0.0089424
-0.0023716
0.0028038
-0.0053498
0.0027171
0.0011504
-0.0012297
0.0022733
0.0007188
0.0097632
-0.0054896
-0.0004534
-0.0054245
0.009322
-0.0069534
0.0029247
-0.0067484
0.001386
-0.0002888
0.0081457
0.0097973
-0.0025833
0.0061225
0.0013181
0.001616
-0.0078894
0.0013193
-0.0086788
0.0055654
0.0004978
-0.0092934
-0.0028884
-0.0071475
-0.0069903
-0.0065558
0.009698
-0.0008654
-0.0004625
-0.0032731
-0.0046074
0.0088798
0.0031244
-0.0048476
0.0071544
-0.0093908
-0.0042144
-0.0073455
0.0032229
-0.0023531
0.0056238
0.0065682
-0.0049071
-0.0057794
-0.0044564
-0.0050637
0.0016912
-0.0012702
0.0004418
0.0009433
-0.0053882
-0.00937
-0.0020573
-0.0039517
0.0084933
0.0061155
-0.0070001
-0.0037978
0.0081479
0.007044
0.0086788
0.0049271
0.0042982
-0.0009941
0.0041831
-0.0001949
0.0093924
0.0060327
0.0021297
0.0008407
-0.0005127
-0.0031587
-0.009621
0.0093728
-0.0027854
-0.0005458
-0.0037821
0.0042182
0.0022852
-0.0001293
-0.0053639
0.0017469
-0.0089765
-0.008453
0.003229
0.0056571
-0.0022687
-0.0066184
-0.0079937
0.0040096
0.0033331
0.0030976
0.0010316
-0.0066736
-0.0022894
0.008491
-0.0025471
-0.0008266
-0.0034488
-0.0078257
0.0017804
0.0044273
-0.0020902
0.0060019
0.0074352
-0.0064515
0.0022905
0.0070083
-0.0027088
0.0042756
0.0067682
-0.0052033
0.0064614
0.0061707
0.0012397
-0.0007111
-0.0056918
0.0082691
-0.0073797
0.0090334
-0.0022639
-0.0062094
0.0018981
-0.0090692
-0.0089966
-0.0073556
0.0098068
0.0069348
0.0007248
-0.0053456
0.0099307
-0.0026991
0.0067959
0.0026693
-0.005697
-0.0059751
-0.0084279
-0.0045627
0.0089206
-0.0096371
-0.0078735
0.0042506
0.0065112
-0.007806
0.0046586
-0.0055035
-0.0015792
0.0096322
0.0059897
0.001146
0.0089847
0.0057504
0.0072719
0.0013377
-0.0025443
-0.0077183
-0.0035416
0.001153
-0.0007463
0.004356
-0.0030497
0.0051512
-0.006112
0.0008095
-0.0098832
-0.0025037
-0.0065636
-0.0039856
-0.0064925
-0.0035995
-0.0072134
-0.0073605
0.0031779
0.0024441
0.0074044
0.0063559
0.0014793
-0.0011163
0.0072876
0.0045192
0.0068671
0.0074781
0.0043109
-0.0097052
0.0028209
0.0047401
0.001559
-0.0073195
0.0082941
1.46e-5
-0.0053984
0.005413
-0.009645
0.000267
0.0070614
-0.0030276
0.0042629
0.0015755
0.007046
0.005387
-0.0039755
-0.003568
-0.0020507
0.0014287
-0.0097177
-0.0018203
0.0068327
-0.000123
0.0018685
-0.0026116
0.0071339
0.0028975
0.0020651
0.0030476
-0.0055645
-0.009198
0.0052617
0.0095552
-0.0076924
-0.0076203
0.0040923
-5.98e-5
-0.0054418
-0.0006372
-0.0022314
0.0055208
0.0031953
-0.007881
-0.0040713
0.0035
-0.0006042
