-0.009919
0.0057768
0.0048687
0.0049354
0.0001979
-0.0033362
-0.0080436
0.0055237
0.0077186
0.0001233
0.0036787
0.0021494
0.0007055
-0.0084036
0.0042087
-0.0076067
0.0030769
0.0061085
0.0067678
0.0088224
0.0050471
0.0006921
-0.0059775
0.0081756
0.008081
0.0070964
-0.0089504
-0.0052478
0.0084722
0.0037935
0.0098507
-0.006827
-1.93e-5
-0.0037813
-0.0091957
0.0092942
-0.0085976
-0.0042509
-0.0071759
-0.0066582
-0.0088359
0.0028356
0.004643
0.0097868
-0.0040579
0.0008919
-0.0017472
0.0028132
-0.0059317
0.0004535
0.0004248
0.0013672
-0.0020558
-0.0076705
0.0009425
-0.0037873
0.0073785
0.0082004
7.8e-6
-0.0094508
-0.0011219
0.0009446
-0.002625
0.0073907
-0.0037987
-0.0055127
-0.0080828
-0.0029276
0.0044562
0.0038464
0.0080677
-0.0053906
-0.0071465
0.0085091
0.0018423
0.0094221
-0.005045
-0.0062032
0.0023836
0.00873
0.0096361
-0.0050398
0.0062839
0.0010674
0.0059188
0.00745
-0.00021
0.0025346
-0.0043851
-0.0098409
0.0050171
-0.0037273
0.0085451
-0.0007963
-0.0067247
-0.0033641
0.0017689
-0.0009158
0.0089481
-0.0059812
0.0048804
-0.0027947
3.98e-5
-0.0072348
-0.0017522
-0.0082492
0.0023051
0.0086795
-0.0092937
0.0049068
-0.0072098
6.71e-5
-0.0033402
-0.0019387
0.0002647
-0.0038504
0.0094355
0.0027874
0.009229
0.003643
-0.002166
-0.0012002
-0.0029156
-0.0016183
0.0024023
-0.0089912
0.0046485
-0.0098811
-0.0058985
0.0041604
0.0041904
-0.0076676
0.0071793
0.001793
-0.0099567
-0.0080411
-0.0037307
-0.0047545
-0.009657
0.006093
0.0052888
-0.0090235
0.0064644
0.0044114
-0.0036892
-0.0002178
0.0068699
-0.0093068
0.0051193
0.0074908
0.0023187
-0.0057818
-0.003951
-0.0073107
-0.0017451
-0.0080313
0.0034407
0.0073645
0.0005294
0.0001149
0.0019749
-0.0034477
-0.0053759
-0.0040463
0.0038356
0.0065437
0.0041988
-0.0094518
-0.0055813
-0.0052948
0.006931
0.0014121
0.0006396
-0.0089689
-0.0023516
0.0091109
-0.0017086
-0.0029828
0.0002317
0.0096711
-0.0068389
0.0064424
-0.0035966
-0.0038323
-0.0016771
-0.0051171
-0.0029748
0.0098057
-0.0033571
-0.002773
0.003974
-0.0030001
0.0033961
-0.002217
0.0095465
-0.0094089
-0.005177
0.0055415
-0.0037443
-0.0075983
-0.0044729
0.0061764
0.0071271
0.0064178
-0.005313
0.0062666
0.0066659
0.0040488
-0.0034076
0.0040244
-0.0004421
0.0087778
-0.0089141
0.008152
-0.0069195
0.0027169
-0.0066923
-0.0032814
0.0004625
0.0055568
0.0007403
-0.0042587
-0.0069764
0.0094688
0.0018505
-0.006163
0.0073828
0.0037549
0.0025282
0.0032507
0.0051996
-0.0082875
-0.0038012
0.00116
0.0020845
0.0057378
0.0041746
-0.0018947
0.0094121
0.0054131
-0.0004637
0.0068424
-0.0093673
-0.0008946
-0.0039017
0.0067764
-0.0060768
-0.0068653
0.006115
-0.0014776
-0.0027164
0.0073655
-0.0007358
0.0020115
-0.0053403
0.0037155
0.0049078
-0.0025021
0.00445
-0.0013061
0.0096582
0.0058207
0.0033069
0.0018089
0.0051561
-0.0073278
0.007298
0.0038547
-0.0097517
0.0014938
0.0017715
0.0089144
-0.003895
-0.003662
-0.0041549
0.006852
-0.0072641
-0.0012757
0.0045834
0.0060445
0.0049033
0.0060635
-0.0002582
-0.0003915
0.0028579
0.0044044
0.0085596
0.0074428
0.0035645
-0.0007418
-0.0054868
-0.0058704
0.0072635
0.0058334
0.0096959
0.0094587
-0.0035862
0.0078684
-0.0092772
0.0023197
0.0061639
0.0061025
-0.0021312
0.0058653
-0.0027093
-0.0016176
-0.0014278
0.0073228
0.0091089
-0.000605
-0.0087483
-0.0012404
-0.0051274
0.0046444
-0.0094761
-0.0033063
0.0031137
-0.0092549
0.0015073
-0.0018291
-0.0013563
0.006235
-0.0053673
0.0006712
-0.0023577
-0.0023159
0.0011532
-0.0014185
0.0042168
-0.0065081
0.0002405
-0.0021361
0.0096237
-0.0094401
-0.0091433
0.004264
-0.0081378
-0.0032245
-0.0004993
0.0028153
0.0084371
-0.006151
0.0001809
-0.0056013
-0.0031046
-0.0049715
-0.0064621
0.0006195
-0.0098748
0.0076202
-0.0017758
-0.0033212
-0.0027532
0.0059519
0.0012811
0.0034739
-0.0078571
-0.0072345
-0.0043183
0.001125
-0.0089961
-0.005441
0.0083016
0.0084611
-0.0044571
0.0056702
-0.0010698
0.0097859
0.0097589
0.0077191
-0.0025455
0.009979
0.0067734
0.0056516
0.0012428
0.0080604
0.0035219
0.0017487
-0.0073522
0.0025842
-0.0023056
0.0031705
0.0085086
-0.0006673
-0.0079778
0.0016384
0.0068214
0.0012194
0.0018168
-0.0073824
-0.003877
-0.0006414
-0.0065905
0.0053069
-0.000526
-0.0024345
-0.0081566
-0.0050049
0.009962
-0.0065794
-0.0065893
0.0082314
0.0063278
-0.0089593
-0.00935
-0.0039717
-0.0072406
-0.0032773
0.0034485
0.0053559
0.0030064
-0.0031145
-0.0038958
-0.0083751
-0.0056882
0.0060513
0.0016462
0.0025865
0.0088263
-0.0060374
-0.006812
-0.0015103
-0.0055077
0.0082219
0.0076346
-0.0002529
-0.0098739
0.0071828
0.0024062
-0.0094062
0.0042031
0.0099171
8.87e-5
0.0012004
-0.0029888
-0.0096453
-0.0014882
0.0039528
-0.0037931
-0.0025044
0.0052164
0.0037939
0.0079749
0.0013647
-0.0024402
0.0034425
0.0089189
-0.0017126
0.0029333
-0.0027491
0.0077354
0.0086593
0.0098933
-0.0039552
-0.0003994
0.0016441
-0.0080445
-7.46e-5
0.0084154
0.0003637
-0.0063724
-0.0068448
0.0039984
-0.0089358
0.0089372
0.0044415
0.0020457
-0.0097449
-0.0052483
0.0009108
-0.0075882
0.0072314
0.0019171
-0.0027006
-0.0059066
0.0044895
0.0012094
0.0018148
-0.0070129
-0.0018371
-0.0014603
-0.0005758
-0.0059936
-0.0074125
0.0042324
-0.0026671
0.0001314
0.000386
-0.0012933
0.0048295
-0.0067981
0.0009275
0.0055487
0.0030114
-0.0057003
