0.0018556
0.0073541
-0.0053794
0.0013509
0.0001724
0.0024826
-0.006562
0.0097744
-0.0046314
0.0018135
0.0039926
-0.0050018
-0.0050018
0.008826
-8.32e-5
0.0006348
0.0062141
0.000552
-0.000327
0.0008351
-0.0058051
0.0081166
-0.0070642
0.004065
0.0092093
0.0035858
-0.0011808
-0.0076291
-0.0028854
-0.0074596
0.0074769
0.0021625
0.0024574
-0.008118
0.0030955
0.0018086
0.0027531
-0.0030095
-0.0017191
-0.0089673
0.0045864
-0.006738
-0.0099128
-0.0003784
0.0071218
-7.4e-6
0.0032467
0.0045406
-0.008554
-0.0071911
-0.0041044
0.00142
0.0027891
0.0076347
-0.0037946
0.0095602
-0.0099417
0.0060057
-0.0094127
0.0097588
-0.0031942
0.0064011
-0.0088847
0.0006439
0.0011751
0.004884
0.0050617
0.0055438
-0.0064199
0.0044139
0.0051192
0.0026346
-0.0093863
0.0050579
0.0081809
0.0033845
-0.007165
-0.0024195
0.0066562
-0.0049781
0.001099
0.0065121
0.0039949
0.0036766
-0.0033468
-0.0044076
-0.0031376
0.0028504
-0.0013345
-0.0059671
0.0031732
-0.0013937
-0.0015801
-0.0050513
0.0013848
-0.0052377
0.0017859
0.0079446
0.0059632
0.0051291
0.00337
0.0036785
0.0026787
-0.0049028
0.0049781
-0.0040763
0.0036313
0.0014408
0.0055092
-0.00123
0.0020869
0.002058
-0.0010064
0.0072271
0.0003863
-0.0029489
-0.0019818
-0.0041958
0.0096001
0.0096627
-0.003689
0.0012016
-0.0089322
0.0010995
0.0083655
0.0046928
0.0001872
0.0039571
-0.0029695
0.0017066
0.0085416
-0.007555
0.0007447
0.0060231
-0.0082418
0.0008615
-0.001894
0.0038313
-0.0089207
0.0032008
-0.0004849
-0.0018585
-0.005457
0.0039527
0.0021088
0.0040175
-0.0040602
-0.0091808
-0.004634
-0.0015288
-0.0030265
0.0038732
-0.0020064
-0.0044915
-0.0073155
0.0012171
0.0042318
-0.009448
0.0024567
0.0026326
0.0095138
0.0049108
-0.0085643
0.006529
-0.004999
-0.0001452
-0.0026813
-0.000101
0.0032778
-0.0062738
0.0076924
0.0067145
-0.0098909
0.0048913
-0.0079581
-0.0002827
0.0044309
-0.003111
-0.0021666
0.0048701
-0.0073516
-0.0040668
0.003852
0.0065391
-0.0050994
-0.0057903
0.0070989
-0.0045836
-0.0027945
0.0061278
-0.0099627
-0.0093931
-0.0064966
-0.0034431
0.0042994
-0.007557
-0.0009181
-0.0056725
-0.0077404
0.0001285
-0.0019814
-0.000384
-0.0096319
-0.0004377
2.14e-5
-0.0065781
0.0003397
-0.0098346
0.0025366
-0.0008524
-0.0049702
0.005784
-0.009545
-0.0093781
0.001012
-0.0024751
-0.0085051
0.0055983
-0.0022721
0.005734
-0.0023393
-0.0017142
-0.0005115
0.0091302
0.0090524
0.0050663
-0.0004772
-0.0027006
0.0065126
0.002832
0.001807
-0.0081675
-0.0091815
-0.0021187
0.0070693
0.0073628
0.0017054
0.0064412
0.0002783
0.0079516
-0.0046622
0.0059104
-0.0009418
0.006492
-0.0087133
-0.0051572
-0.0042047
-0.0087328
0.0036372
-0.004855
-0.0071953
-0.0064742
-0.0029916
-0.0093655
0.0006969
0.0090598
0.007226
-0.0042889
0.0001385
0.0064117
-0.0068613
-0.0071582
-0.0055577
-0.0019843
0.0028624
0.0034454
0.0087398
0.0086235
-0.0091019
-0.0076281
-0.0012882
0.0004671
0.0039679
0.0027711
0.0074624
0.0012194
0.0077636
-0.0038645
-0.0017458
-0.0006929
-0.0054927
0.0086954
0.0057967
0.0074929
0.0025993
0.0089406
0.0070583
-0.0011737
-0.0076765
0.0071007
-0.0077014
0.0042374
0.0018745
-0.0041444
0.000373
-0.0083519
-0.0022226
-0.0081659
0.0086653
-0.0039137
0.0085573
0.0086845
-0.0027401
0.0044303
-0.0009176
0.0083476
-0.0057683
0.007574
-0.0076543
0.002997
0.0002411
-0.0078502
-0.008647
0.0051313
-0.0013042
0.0053247
0.0037166
0.0015074
0.007276
-0.0009804
0.0064568
-0.0016692
-0.0070565
0.0006156
0.0083437
-0.0004292
-0.0082608
0.0053121
0.0078802
-0.0047949
0.0031559
-0.0003328
-0.0012691
0.0089019
0.0081336
-0.0084601
0.0077965
-0.0097793
0.005354
0.0054818
-0.0025509
0.0078103
0.0041393
-0.0017594
0.007763
0.0095098
0.0026277
-0.0049685
0.0059295
-0.0093057
-0.0047352
-0.0089998
-0.0043332
0.0054218
0.0092494
-0.0068013
0.0081769
0.0068506
-0.0076769
0.0005438
-0.0033325
0.0008708
-0.0098958
0.0038503
-0.0060464
0.0042164
0.0031397
-0.0070182
0.0061832
0.0074969
0.0090223
0.0082957
0.0021368
0.0093994
-0.0021282
0.0025303
0.0084882
-0.0077532
0.0078065
-0.0018576
0.0074987
0.0076351
-0.0088843
-0.0007703
-0.0049743
-0.0072891
0.0099828
-0.0001769
0.0096651
0.0052309
0.0047687
0.0007285
-0.0032193
0.0092869
-0.0098909
0.0008255
0.0045608
0.0031806
-0.0037952
-0.0068371
-0.001346
0.0051316
-0.0034735
-0.0030548
-0.0039164
-0.0061881
-0.0063608
-0.0092494
0.0088585
-0.0088731
0.0042655
0.0097926
2.34e-5
-0.0019697
-0.008073
0.0084277
0.0024893
-0.009644
-0.008322
-0.0067506
0.0011872
-0.0061534
0.0005531
-0.007208
0.0085889
0.0061067
0.0053354
0.0052242
-0.0019224
0.0041028
0.0058993
-0.0013428
0.0015943
-0.0092316
-0.0081295
-0.0049021
-0.0090088
0.0088129
0.00223
0.006649
-0.004814
-0.0090072
0.0077099
0.0005549
0.0011327
-0.0053628
0.0039794
0.0025696
0.0044603
-0.0099453
-0.0060166
0.0008579
0.0044844
0.0091351
-0.0073749
0.0052684
0.0094245
0.0022951
0.0059705
0.0059092
0.0054742
0.0029102
-0.0071873
-0.0093042
-0.0079219
0.0081592
-0.0066216
-0.0057994
-0.0030801
-0.0061514
-0.0022402
0.0077127
-0.0002397
-0.0030019
0.0019324
0.0067386
-0.0023654
0.0006112
0.008486
0.0014177
0.0012074
-0.008499
0.0050697
-0.0092243
0.0036805
-0.0029731
0.0098937
-0.0061658
-0.0045493
-0.0068156
-0.0088485
-0.0009781
-0.0020035
0.0036265
-0.0080812
