0.0065095
-0.0007556
0.0015311
-0.008613
-0.0001741
0.0044455
0.0084619
-0.0098617
0.0021858
0.0063644
0.0054845
0.0009874
0.0077018
0.0052394
0.0006713
0.0005127
-0.0039877
-0.0035288
0.007747
-0.0005101
0.0019044
0.0023029
0.0022357
0.0018828
-0.0079171
-0.001257
-0.0006278
0.0046136
-0.0049743
0.0094058
-0.0015523
-0.001505
-0.0084791
0.003394
-0.0057373
0.0029264
-0.006068
-0.0095341
-0.0032267
-0.0032752
-0.004275
0.0089026
0.0031509
-0.0015197
-0.0006107
-0.0068048
-0.0099329
-0.0010069
0.0092389
0.006312
-0.0057839
0.0045005
-0.0034195
0.0075485
-0.0035986
-0.0023328
-0.0007412
-0.0040257
0.0064796
-0.0013586
-0.00544
-0.0027109
-0.0083436
0.0040945
0.0080066
0.0018884
-0.0053575
0.0028581
0.0021935
-0.0029614
-0.0005712
-0.0028494
0.0041488
0.0032809
-0.0063931
-0.005767
-0.0051841
0.0096667
0.0028961
0.0041948
0.0083942
-0.0067253
-0.0092812
-0.0078868
-0.0039702
-0.0072366
-0.0046094
-0.0068351
0.0076111
0.0064986
0.0035557
-0.000972
-0.0044879
-0.0008367
-0.0085872
-0.0003594
-0.0066898
-0.0060113
0.0062597
0.0058175
-0.0024311
0.0040786
-0.0081095
0.0077461
-0.0068627
0.0035897
0.0093792
-0.0062787
-0.0002157
-0.0014254
0.0059859
-0.0070108
-8.35e-5
0.0064532
-0.0018694
-0.0009654
0.0049952
0.0079692
0.0040317
-0.0002875
0.0062872
0.0090823
-0.0050299
0.0048808
0.0069619
-0.008098
-0.0001718
-0.0065955
0.0027884
-0.00545
-0.0084375
0.0069714
-0.0023544
-0.0037425
-0.0022515
-0.0051596
-0.0036272
-0.0028281
-0.0006383
-0.0026151
-0.0099275
0.0034163
0.0061116
0.00912
-0.0086343
0.002766
0.0050376
-0.0041644
0.0075864
-0.0095295
0.0005642
-0.0024914
-0.0061796
-0.0084973
0.0016158
0.0058843
-0.0062506
-0.0025195
0.0023629
0.0081531
0.0034997
0.0092569
0.0006788
0.0034929
-0.0022061
0.0051499
0.0049654
0.0073228
-0.0072863
-0.0079819
-0.0012453
-0.0066906
-0.0016959
-0.0004303
-0.0082981
-0.0060747
-0.0003058
0.0077106
-0.0088078
0.0066357
0.0002328
-0.0068291
-0.0078584
-0.0003368
0.0061879
-0.0018765
0.0032251
-0.009429
0.0028941
0.0004585
-0.0019413
-0.0007128
0.0051765
0.0009601
-0.0054254
-0.0042669
-0.008257
0.0003097
-0.0048026
-0.0063837
-0.009732
-0.0055995
9.34e-5
-0.0059134
-0.0047517
0.0039901
0.0069847
0.0023138
-0.0022127
0.009507
-0.0001518
-0.0014684
0.0009091
-0.0052239
0.0079525
-0.0033042
0.0014664
-0.0070662
0.0036222
0.0032341
0.0063518
0.0035187
0.006123
-0.0028975
-0.0058748
0.0061133
-0.0099739
0.0052843
-0.0004319
1.91e-5
-0.0002833
-0.0050021
-0.0018006
0.0069787
-0.0083467
0.0017066
-0.0031862
0.0057566
-0.0043086
-0.0034962
-0.0084286
-0.0068376
-3.37e-5
-0.0009258
0.0037938
0.0096135
0.0053165
-0.0004449
0.004807
0.0075822
-0.0019445
-0.005726
-0.0034008
-0.0010854
-0.0034886
-0.0027617
7.36e-5
-0.001819
-0.0066807
-0.0065341
-0.0049318
0.0023116
0.0064014
0.0093249
-0.0004629
0.0094621
-0.0003772
0.0044047
0.0056142
0.0076047
-0.006789
-0.0092495
-0.0070789
0.0084122
-0.0086986
-0.0016563
-0.0070027
0.009705
0.0052296
-0.0089499
0.0020002
-0.0092232
-0.0045777
0.0032276
-0.0018441
-0.0057381
-0.0078916
0.0009668
-0.0020682
-0.0034667
0.0016266
-0.0001563
0.00587
-0.007677
0.0054269
0.0017209
-0.0094543
0.0026325
0.0024218
0.0006811
0.0007015
-0.000606
-0.0091068
-0.0036804
0.0091007
0.0021931
0.0004528
-0.0072459
0.0081307
0.0061204
-0.0047368
-0.0062176
0.0063823
-0.0045724
0.0031762
0.0051877
-0.0012241
0.0022112
-0.0079016
0.0051962
-0.0051886
0.0007277
0.0088604
-0.0024929
-0.0081769
0.0079224
0.0095137
-0.0003703
-0.0012615
0.004676
0.0003445
-0.0094995
-0.0025351
0.0032978
0.0089302
-0.0063212
0.008504
-0.0002059
0.0070934
-0.0083233
0.0083432
0.0082506
-0.0028798
-0.0064069
0.0087637
0.002059
-0.0064499
-0.0045891
-0.0091239
0.0097142
0.001804
-0.0017829
-0.0050514
-0.0089143
0.0021499
-0.0019134
-0.0034695
-0.0089169
-0.0052023
-0.0049004
0.0035232
0.0060704
0.0009247
0.0046383
0.0050528
0.0083842
-0.0008991
2.93e-5
-0.0084047
0.0035779
0.0047757
0.0013119
-0.0048625
0.0014259
0.0091038
0.0023828
0.0055755
0.009808
-0.0056644
0.0071758
0.007812
-0.0041585
0.0022179
-0.0003652
-0.0092705
0.0083872
0.0086956
-0.0086853
0.0019696
0.0073864
-0.0056554
-0.007643
-0.0082131
-0.0024911
0.0018854
0.0033517
-0.0059607
-0.0025104
0.003373
0.0035483
-0.007578
-0.0016592
-0.0061482
0.0052209
0.0015987
0.004269
0.0035129
-0.0035322
-0.0057089
0.0023114
0.0012647
-0.0071371
-0.0045531
-0.0092663
0.0035807
-0.0060809
0.001891
1.47e-5
0.009117
-0.0074112
-0.001076
0.0057224
0.0013701
-0.0004987
0.0073639
-0.0083283
-0.0026636
-0.009536
0.0054323
-0.0012292
0.0001819
-0.0088588
0.0070756
-0.00533
0.0081887
0.0053052
0.0065433
0.0076479
-0.0082041
0.0072247
-0.0097902
0.0034538
0.0018163
-0.0073221
-0.0028199
-0.0039246
-0.0034205
0.000886
-0.0050601
-0.0076487
0.0086058
0.0021855
0.0055434
-0.0054404
-0.0032838
-0.0090562
-0.0024473
0.0067519
-0.0002947
-0.0035822
0.009486
0.0046995
-0.0019242
0.0047012
0.0038944
-0.0028942
0.0091854
0.0042615
-0.0022825
0.0012519
0.0057739
0.0039668
-0.0095569
-0.0009173
-0.008046
0.008733
0.0074136
-0.0006856
0.0055134
0.0093862
0.0005066
0.0035912
0.0076883
-0.0054226
-0.0033686
0.0037825
0.0074216
0.0019504
-0.0011085
0.008371
-0.0075145
0.0021825
0.0037075
-0.0024455
0.0084535
