0.0087072
-0.0072102
0.0050215
-0.0045265
0.0032888
0.0013412
-0.0062275
0.0031723
0.0061546
0.000275
0.0034722
0.0073296
0.0053092
0.0093777
-0.0049157
0.0077426
-0.0063817
0.0003104
-0.0020823
0.006571
0.0035252
-0.0014192
0.0033922
0.0005449
0.006649
0.0038548
-0.0099197
-0.0077464
-0.009485
-0.0068246
0.000928
0.004865
0.002789
-0.0071085
0.0063465
-0.0091804
0.0089234
-0.0038363
0.002208
0.0002684
-0.0089159
0.0023653
-9.99e-5
0.0041607
0.0015022
-0.0037894
0.0012207
-0.004225
0.0049231
-0.0087489
-0.0099094
-0.0038904
0.002812
0.0054993
0.0053919
0.0038221
0.0075469
-0.0026717
-0.0063539
0.0005623
-0.0025807
0.0038545
0.0004647
-0.0074971
-0.0055054
-0.0053776
0.0061131
0.0060814
-0.0054606
0.0085816
-0.0076304
-0.0049907
-0.0036652
-0.0017791
0.0059907
0.0069339
0.0087908
0.0027695
0.0037111
-0.0068978
0.0077419
-0.0098549
-0.0006784
0.0043755
-0.0092902
0.0099288
-0.0078608
-0.0057196
-0.0030746
-0.0018783
-0.0089332
-0.0008804
-0.0033895
0.0076482
-0.0073718
0.0001531
0.007243
-0.0028926
-0.0064337
-0.0008384
-0.0043321
-0.0048799
-0.0037804
-7.43e-5
-0.0037423
-0.0083526
0.0034802
-0.0003257
-0.0057736
-0.0012121
0.0050553
-0.0029351
0.0028904
-0.0045133
-0.0080645
0.0070436
0.0075193
0.0098642
-0.0065959
0.0070913
-0.004149
-0.0065326
0.0091781
-0.0017512
0.0004193
-0.0065106
0.0011909
-0.0086074
-0.0073752
0.0035418
0.0002325
-0.0039255
0.0094071
-0.0068432
0.0046179
0.0081428
0.0052542
0.0091107
0.0040543
0.0038277
-0.0029512
-0.0076373
0.0071998
0.007554
0.0091721
0.0011102
-0.0011386
-0.0039472
-0.0079649
-0.0065839
0.0039019
0.0049894
0.0093525
-0.0065591
0.0032931
-0.000267
0.007857
-0.0017588
0.0069559
0.000275
0.0094817
-0.0079896
-0.0098915
0.0094585
0.0064703
-0.0039759
-0.0088276
-0.0006135
-0.0062316
-0.0074897
0.0013549
0.0096701
0.0076597
0.0081887
-0.0021584
0.0065167
0.0024912
-0.0064252
-0.0043265
0.0091708
-0.0097498
-0.0068838
-0.0031013
-0.0046911
0.0077871
-0.0019011
0.0077535
-0.0001176
-0.0096361
0.0033187
-0.004
0.0018568
0.0035553
-0.0028072
0.00486
-0.008154
-0.004213
-0.0071237
0.004851
0.0091373
0.0056089
-0.0036927
0.0028493
0.0075022
-0.0018375
-0.004654
0.0072939
0.0058073
0.0079306
0.0008042
0.0050525
-0.0023937
0.0054156
-0.0012926
-0.005236
0.002043
0.0050644
0.0042825
-0.0083632
-0.0026039
0.0025035
0.00073
-0.0081378
0.001144
0.0001263
0.0015482
-0.0059007
0.0092704
0.0055277
0.00963
-0.0031795
0.0011369
-0.0058383
0.0017595
0.009062
0.0074883
-0.0051369
-0.0048524
0.0015208
-0.008749
-0.007102
-0.002033
-0.0019355
-0.0016389
-0.007376
-0.0052203
0.0085215
-0.0012567
-0.005338
0.0064447
0.0030359
-0.0092181
0.0035637
0.0034152
-0.0027759
-0.0097816
0.0063073
-0.0078077
0.0005399
0.0088286
0.0041699
-0.0002965
0.0028369
0.0002666
0.0041353
0.0096758
-0.0092634
0.0044992
-0.0083853
0.0080373
0.0012002
0.0081506
0.002362
0.0064507
-0.0060675
-0.0052185
0.0062203
-0.0037621
-0.0032255
0.0081068
-0.0028414
-0.0074265
0.001333
-0.0008732
-0.0061437
0.0010684
0.0027654
-0.0097436
-0.007763
0.0039048
-0.0017633
-0.0029538
0.0087004
-0.0070304
-0.0081838
0.0047405
-0.007252
0.006173
0.0039835
-0.0060621
-0.0010022
0.002154
-0.0079748
-0.0082233
-0.0083669
-0.0072623
-0.0001596
-0.0055145
0.004799
-0.0048453
-0.0041721
0.0058515
0.0075531
-9.73e-5
0.0021898
0.0052578
0.0032035
0.0036292
-0.0006219
-0.0058979
0.0079357
-0.0092534
0.0051432
0.0063531
-0.0063412
0.000316
0.0070909
-0.0090458
-0.0078592
-0.0041465
-0.0047769
-0.0030411
0.00655
-0.0062091
-0.0058447
-0.0075677
-0.0073219
-0.0026796
0.0025957
-0.0035429
0.0021894
-0.0057311
0.0016083
0.0042911
0.0082789
0.0034455
-0.0019975
0.0067197
0.0048464
-0.007851
-0.0029526
0.0043768
2.37e-5
-0.0080735
0.0009066
0.0017522
-0.008214
-0.0050971
-0.003495
0.0057183
-0.0007403
0.0080948
0.0004111
0.0009678
-0.0055426
0.0012592
-0.0072204
0.0046599
0.0017992
-0.0033574
-0.0038953
0.0075245
-0.0082219
0.0037728
0.0034704
0.0042996
0.0007649
-0.0064591
0.007714
0.0095542
0.0015511
0.0068739
0.0024643
-0.0046047
-0.0077434
-0.003991
-0.0010291
-0.0045093
-0.0034716
-0.006828
0.0064694
-0.0033971
-0.0024422
0.0043027
0.0039996
-0.0014385
-0.0031979
0.0081017
-0.0020809
-0.0028922
-0.0097236
-0.001802
0.0080981
-0.008369
0.0058036
0.0024454
-0.009516
0.0003402
-0.0027278
-0.0038952
-0.0076772
-4.15e-5
0.0009973
0.0050395
0.0013764
-0.004336
0.0096845
0.003625
-0.0075097
0.0053569
0.0021663
-0.0001599
-0.00422
-0.0091171
-0.0007814
-0.008414
0.000899
0.0096027
-0.0067569
0.0036108
-0.0035928
-0.0097038
0.0026349
-0.0031282
0.0074732
0.0036237
-0.005718
0.0015272
-0.0065825
-0.0024589
0.0059656
0.0096281
0.0042273
0.0089119
-0.004543
-0.0087354
0.0014881
-0.0009028
-0.0092115
0.0052827
0.0091478
-0.000786
-0.0090189
0.0053205
0.0062483
0.0085666
0.0080967
0.0040238
0.0047557
-0.0084843
0.0089278
-0.0085281
-0.0058988
-0.0051096
0.006965
0.0030528
0.0005581
-0.0051482
-0.0096338
-0.0063442
0.0049199
0.0082273
0.0058072
-0.0098599
0.0042261
0.0071643
-0.0009098
-0.0009587
-0.0019778
-0.0088556
0.0080199
-0.0063961
-0.0099147
0.0042971
0.0002085
0.0054029
0.0073924
0.0086239
0.0049063
0.0087337
-0.0021361
-0.0064487
-0.0085272
-0.0023825
0.00991
