-0.0053615
-0.0079379
-0.0089594
0.001287
0.0058197
-0.0075419
0.0083435
0.0012462
-0.0094678
-0.0083371
-0.0002688
-0.009712
0.0075091
0.0089367
0.0052997
0.0062532
0.0045772
0.0079815
-0.0004989
0.0074562
-0.000634
-0.0019993
-0.000212
0.0051278
-0.0010536
0.0033887
-0.0066632
-0.0085558
-0.0040993
0.0093624
-0.0084631
-0.0096812
0.0078287
-0.0045102
0.0084284
-0.0071961
0.0066046
0.0079665
-0.0013033
-0.0084935
-0.0085727
-0.0023573
-0.0068856
-0.0043551
0.0058599
-0.0036929
0.0070085
0.0046748
0.002143
0.009552
-0.0025973
0.0094217
-0.0069962
0.0075243
-0.0020683
0.0032055
0.0040437
-0.002572
0.0041741
-0.0046196
-0.0024222
0.0098943
0.0089011
-0.0055777
-0.0014502
-0.00699
0.0016665
0.0009421
0.0018155
-0.0045378
-0.0086811
-0.0057302
0.0043723
-0.0058805
-0.0071803
-0.009282
0.0089176
0.000529
-0.0051897
-0.0023761
-0.0005141
-0.006718
0.0069377
-0.0079507
0.0076499
0.006816
0.0003888
-0.0062991
0.005978
-0.0036619
0.006306
-0.0020504
0.0023227
-0.0019367
-0.0058925
0.0067917
0.0051452
0.00786
-0.0085866
-0.0006365
0.0019967
-0.0003572
-0.0071041
0.0021966
0.0088082
-0.0093712
-0.0070134
-0.0002957
-0.0095106
-0.0090761
-0.0099074
-0.0029827
-0.0079985
0.0053119
-0.0037086
-0.0044062
-0.0027606
-0.0035455
-0.0024074
0.0066326
-0.0080893
0.0064826
0.0036305
-0.0093871
0.0008215
0.0094612
-0.0029956
0.0069235
-0.0036979
0.0029324
-6.96e-5
-0.0036678
0.0060738
0.0048657
-0.000108
-0.0048405
0.0011762
-0.0040787
0.0067231
-0.0030587
0.0033586
-0.0017744
-0.003288
-0.0040094
-0.002918
-0.0012743
-0.0079021
0.0086975
0.0042061
0.0075022
0.0033601
-0.0027377
0.0097678
-0.0095264
0.0084363
-0.0040792
-0.0097062
-0.0098136
0.0054951
-0.0050305
-0.007358
0.0069491
-0.0028166
-0.0059593
0.0089983
0.000259
-0.009495
-0.0098515
0.0001927
0.0029113
0.0080985
0.0066594
0.0012574
-0.00888
-0.0090404
0.0008707
-0.0036459
0.0010339
-0.004466
-0.003955
-0.0082649
0.0041098
0.0032412
-0.0090982
-0.0017973
-0.000707
-0.0038105
-0.005325
0.0066416
-0.0085557
-0.00852
-0.0039274
0.0042601
0.0037315
0.0048648
-0.0044536
0.0017031
-0.0045823
-0.0052554
-0.0036072
-0.0061164
0.0098461
0.0018018
-0.0041747
0.0094027
-0.0058835
0.0099403
0.0058353
0.0026181
-0.0033544
0.0011312
-0.0053422
0.0019531
-0.0039679
0.0031742
0.0058747
0.006063
0.0082888
0.0062806
0.0071644
-0.0055286
-0.0020033
-0.0018863
-0.0095568
-0.0034643
0.0023126
-0.0082399
0.0047417
0.0066672
-0.0005771
0.0012955
0.0078566
-0.0054119
0.0070633
-0.0051408
0.0086756
0.0031432
0.0015268
0.0048568
-0.0025814
-0.0082611
-0.0034662
0.008036
0.0056622
0.0026268
0.0004462
-0.0082725
-0.0018264
-0.0027763
0.0040598
0.0088892
0.0021844
0.0080947
-0.004477
0.0095838
0.0056555
0.0073908
0.001885
0.0005076
-0.003666
0.0028231
0.009436
-0.0044093
-0.0085237
-0.0036969
0.0027402
-0.0090657
-0.0022483
-0.0074483
-0.0043459
-0.00068
-0.0063515
-0.0004602
0.0019665
-0.0023616
0.0065992
-0.0075433
-0.0008613
-0.0090338
0.0027432
-0.0053073
0.0071427
0.009973
-0.0034864
0.0076225
0.0039761
-0.0075188
0.0016312
-0.0088954
0.0047747
-0.0031944
-0.0051158
0.0022733
0.0048301
0.0019699
-0.0098453
-0.0040165
-0.0015357
-0.0003667
0.001747
0.0014693
0.0073317
0.004839
0.007539
0.0029999
0.0082667
0.003359
-0.0028051
0.0065452
0.006187
-0.0072526
0.0025972
-0.0038735
0.0068693
0.0061474
-0.0057478
-0.0095382
-0.0012391
-0.0005169
0.0036321
0.0048872
-0.001365
-0.0057037
-0.0034504
0.0050365
0.0046149
-0.0032392
-0.0052992
0.0025865
-0.0068643
-0.006299
-0.0022291
0.0078181
0.0003373
-0.0089133
-0.0088833
-0.0050271
0.001027
0.0058788
-0.0050398
-0.0037569
0.008555
0.0050215
-0.0022625
-0.0077823
0.0018393
0.0047639
0.0034191
0.0056455
0.0090928
0.0024945
-0.000434
-0.0019983
-0.0016287
-0.0033974
-0.0077579
0.005553
-0.0088444
0.0081578
-0.0019372
0.0040447
-0.003629
-0.0093891
-0.0054902
-0.0039229
-0.0034471
-0.0027994
0.0018269
-0.0087176
0.0048183
0.0093915
-0.0062644
0.0032867
0.0083884
-0.0051492
0.0048313
0.007285
0.0083872
-0.0046798
-0.0060831
-0.004908
-0.0004702
-0.0026192
-0.0041832
0.0009763
-0.0027617
0.0029322
0.0033951
-0.0085086
-0.0067454
0.0041466
0.0055535
0.0021732
-0.0014598
-0.0078129
0.0048479
-0.0070061
0.004494
-0.0075603
-0.0037623
-0.0002662
1.44e-5
-0.0043566
-0.0001881
0.0053713
-0.0063047
0.0003977
0.001939
0.0007761
-0.0059003
0.0002342
0.0050935
0.0040996
0.0062718
-0.0068998
0.006126
0.0026915
0.0094876
-0.0017789
-0.009571
0.0033929
-0.0059322
0.0078709
0.0066244
-0.0053755
-0.0003499
-0.0076403
0.0003842
0.0012793
-0.0041306
0.0048663
0.0064666
-0.0031454
-0.0014306
0.0032811
0.008358
-0.0065937
-0.0044141
0.0055185
0.0075306
0.0075884
0.008097
-0.0007082
0.0095877
0.0006735
-0.0051065
0.0091187
-0.0061777
0.0036869
0.0038
0.0077498
-0.0018961
0.0042438
-0.0089225
-0.0060679
-0.0069621
-0.0025688
0.0038701
-0.0051728
-0.0070942
-0.000666
0.0013538
0.0086542
-0.00938
-0.0098851
0.0018128
0.0067897
-0.0058983
0.0024855
-0.0002063
0.0022235
0.003974
0.0051421
-0.0091378
0.0064689
-0.0044808
0.0016961
0.0053582
-0.0006516
0.0030226
0.0095508
0.0076279
-0.004419
0.0037901
-0.0098409
0.0002105
0.000246
-0.0038671
-0.0066871
-0.0003956
-0.0069885
-0.0013046
0.001775
-0.0045112
-0.000917
