0.0044198
-0.004859
-0.0062364
-0.005873
-0.0049734
-0.0013358
0.0044868
-0.0070416
0.0041073
-0.0087857
0.0059162
-0.0088252
-0.0099154
-0.0048641
-0.0033396
0.0082108
-0.0072628
0.000707
1.97e-5
-0.0001455
-0.0013425
0.0098155
-0.004295
0.0051283
0.0010471
0.0043262
0.0064916
0.0052388
0.0028406
-0.0023834
-0.0032292
0.0047972
0.0057405
0.0052706
-0.0038148
-0.0054267
-0.0086776
-0.0070185
-0.0075436
0.0074121
0.0024106
-0.0046849
-0.007595
-0.0051413
-0.0053559
0.0039921
0.0066541
0.0077407
0.0041392
-0.0002329
0.001039
0.0056692
-0.0043486
-0.0044415
-0.0055293
-0.0077654
-0.008916
-0.0063669
-0.0067256
0.0037804
-0.0041939
0.0078703
-0.0013556
-0.0074381
0.0045688
0.0024662
0.0082898
-0.0096122
-0.0076295
-0.0061719
-0.0094415
0.0018921
-0.0035487
0.0079187
0.0026757
-0.0070989
-0.0077245
-0.009973
-0.0056828
0.0048865
0.0016089
0.0014745
-2.55e-5
-0.0096407
0.0081776
0.0029332
-0.0087615
-0.0073769
0.0070509
-0.0018484
-0.0083459
0.005091
0.0070409
0.0086829
0.0081187
0.0003031
-0.0049983
-0.0041375
-0.0022238
0.0026018
-0.0062517
0.0083473
0.0092266
0.0062302
0.0092627
-0.0034504
0.0006228
-0.0068011
-0.004766
0.0083366
0.0002809
-0.0088292
-0.0061529
-0.0040928
0.0017452
-0.0042436
-0.0089893
-8.22e-5
0.0074483
0.0065158
-0.0069587
-0.0092702
0.0021681
-0.0023196
-0.00949
-0.0035358
-0.0044293
0.001452
-0.0016329
-0.008874
0.0041921
-0.0001008
0.0079118
-0.0059053
-0.0084624
0.0057594
0.0057498
-0.0090583
0.0082339
-0.0065283
-0.0015437
-0.0074295
0.0030042
-0.0043707
-0.0032619
-0.007644
-0.0065019
0.0053132
-0.0038778
0.0080219
0.0099008
-0.0089308
-0.0043288
0.0083485
0.0089144
-0.0097724
-0.0055032
0.0082755
-0.0056414
0.0058554
-0.0044344
-0.0039354
0.0038754
-0.001317
-0.0030555
0.0087009
-0.0054073
0.0060438
0.0048581
0.002357
-0.0028989
-0.0036651
-0.0006566
-0.0014575
0.0069172
-0.0075833
0.0075973
-0.0031519
-0.0041057
0.0069181
0.0066475
-0.000694
-0.009195
-0.0040465
-0.0087973
-0.0026505
-0.0070363
0.0048945
-0.0037865
-0.0090035
0.0084858
0.0038046
0.0025947
-0.0053748
-0.0024895
-0.0048407
-0.004173
0.0062614
0.0092072
0.0075642
0.0081012
-0.0092154
-0.0044046
0.0065734
0.0055354
0.0098144
-0.0079818
0.0078058
0.000215
-0.0084998
-0.0088501
-0.0051391
0.0092277
0.0074805
-0.0020754
0.0084714
0.0095337
-0.0040363
-0.0098014
0.0045387
-0.0072325
0.0019299
0.002579
0.008462
-0.004997
0.0059833
0.0008544
0.0030287
0.0061506
-0.0047717
-0.0075124
0.0037629
-0.0029601
-0.0069946
-0.005452
0.0035831
0.0002605
-0.0036344
0.0035266
-0.0031976
-0.0014253
0.0032017
0.0019825
-0.0036669
0.004699
-0.0037898
-0.009501
-0.0056591
-0.0082421
-0.0093997
0.0097924
0.0046242
0.0052171
-0.0078753
0.0005719
-0.0071614
-0.0021352
0.0065591
0.0008193
0.0065856
0.0013519
-0.0066519
-0.0088984
-0.0022857
-0.0030999
0.0094283
0.0056174
-0.0083961
-0.0052025
0.0010777
0.0014358
-0.0056801
-0.0062341
-0.0013
0.0021034
-0.001234
-0.0040663
-0.0085058
0.0092128
0.0090712
-0.0038523
-0.0025132
-0.0007174
0.0046199
-0.009863
0.0079132
0.0081567
-0.0034421
-0.0098809
0.0004079
0.0033073
-0.0023586
-0.0025601
0.006771
-0.0063961
0.0069747
-0.008096
0.0039894
0.0040864
-0.0046612
0.0005388
-0.0037065
0.0095302
-0.0044273
0.005226
0.0036285
0.0006999
0.0059207
0.0050571
-0.0072837
0.0042554
0.002262
-0.0036904
0.0042812
0.0057217
0.0068961
-0.0060085
-0.0069608
-0.0058622
-0.0070245
-0.0086117
-0.0027138
0.0039274
0.0082438
-0.0030911
-0.001429
-0.0033704
-0.009057
0.0002816
-0.0098224
0.0072026
-0.0090268
-0.0076718
-0.0010388
-0.0037818
0.0076056
0.0057983
0.0073122
0.0066722
-0.0083229
-0.0005909
0.0087369
0.0033306
0.0083598
0.0096327
-0.0013175
-0.0021457
-0.0041412
0.0090213
-0.0044649
0.0044221
7.75e-5
-0.0047773
2.55e-5
0.0003071
-0.0054411
-0.0031147
-0.0014046
-0.0003099
0.0036604
-1.54e-5
-0.0060889
-0.0042237
-0.0022584
-0.0053888
-0.0096067
0.0037951
-0.0082495
-0.002939
-0.0097637
-0.0023872
0.0092105
-0.0095151
-0.0044771
0.0022267
0.0031758
0.0030289
0.0030523
-0.0070291
-0.0012869
-0.0028863
0.0097154
-0.0034045
5.82e-5
-0.0028027
-0.0010446
0.0047415
-0.0062687
0.0091244
-0.003674
0.0055578
0.0003085
-0.0048832
-0.0056956
-0.0013679
-0.0002927
0.0021946
-0.0091536
0.0096592
0.0083651
-0.0002076
-0.0009653
-0.0037017
-0.0093041
-0.0005095
0.0075738
0.0006362
-0.008098
-0.004095
-0.0043352
-0.0069433
-0.0083732
0.0073659
0.0089217
-0.0038356
-0.0009472
-0.0080878
0.0041505
-0.0008952
-0.0058382
-0.0004553
0.0061366
0.0077992
0.0058027
-0.008894
-0.0065718
-0.0090763
0.0080864
0.0080006
-0.0096456
-0.0066813
-0.0033404
0.004565
-0.0058709
0.0029658
0.0067718
-0.0033499
-0.0086313
0.0065582
0.0012243
-0.0081291
-0.0060983
0.0059617
-0.0083598
0.0053534
-0.0045236
-0.0080119
0.0013104
-0.0030152
-0.0006545
-0.0042074
-0.0066394
0.0032481
0.0019397
-0.0071229
-0.0016267
-0.0075758
0.0022756
0.0028418
0.0056311
0.0048102
-0.0022647
-0.0044435
-0.0053266
0.0052243
-0.0015138
2.69e-5
0.0060205
-0.0083911
-0.005944
0.0060654
-0.0082915
-0.0011915
-0.004422
-0.0015533
-0.0036095
-0.0046997
-0.0082966
-0.0022598
-0.0096773
-0.0039889
0.0077695
-0.0011691
-0.008433
0.0031648
0.0011012
0.0063726
-0.0080268
-0.0065391
0.0076048
0.0021141
-0.0052894
-0.003128
-0.0003429
-0.0079033
