0.0096504
-0.0067991
-0.002313
0.0060965
-0.0027937
0.0023167
-0.002827
0.0002223
0.0063429
0.0067203
-0.0071839
-0.0087678
0.0084117
0.0082777
0.0021033
-0.0042803
-0.0068955
0.0051229
0.0095719
0.0082898
-0.0024059
-0.0007319
-0.0030682
0.0018994
0.0010823
-0.0041854
0.0060487
0.0083141
0.0032242
0.0092243
0.0041432
0.0052454
-0.0038979
0.0048535
-0.0051571
0.0072915
-0.0053835
0.0008032
0.0029372
-0.0074441
-0.0010159
0.0063379
0.0081082
-0.0010139
-0.0061778
0.0014552
0.0068729
0.0038979
-0.0095088
-0.002233
0.007801
0.000976
0.0004311
-0.009206
0.0036077
0.0010753
0.0025315
0.0059424
-0.0005381
0.0025236
0.004605
-0.0092906
-0.0052274
0.0014549
-0.0025226
-0.0007955
0.0006817
0.0081389
-0.0059522
0.0099733
0.0041195
0.0088046
0.00594
0.0057253
-0.0027298
-0.0062023
-0.0076869
0.0030865
-0.0078763
0.0091054
-0.0080097
-0.0059033
0.0077084
0.009786
-0.0038106
0.005217
0.0078927
-0.0074388
-0.0054624
0.008526
-0.009169
0.0029385
0.0056833
0.0025314
-0.0089899
-0.0042333
0.0042543
-0.0039759
-0.0067245
0.0096024
0.0024951
0.0080402
0.0006795
-0.0057604
0.0092842
-0.0050814
0.0067759
0.0047814
0.0030246
-0.0071598
0.0009946
0.0026238
-0.0083203
0.0066235
-0.006535
0.007321
0.0056845
-0.0099636
-0.0021257
0.0092133
0.0008671
-0.0079524
0.008136
-0.0022437
0.0017601
-0.0071169
0.0041343
-0.0052006
-0.0020621
-0.0096457
-0.0045616
-0.0047232
0.0076502
-0.0028633
0.008599
0.0045182
-0.0001616
0.0073015
-0.0094876
0.0091221
-0.0078946
0.0060404
0.00626
-0.0076194
0.0007762
0.0024579
-0.0043542
0.006932
-0.003781
-0.0040722
0.0078889
0.0022148
0.003021
-0.0016623
0.0009872
0.0049107
-0.0078228
-0.0087329
0.0026956
0.0040929
0.0029569
0.0076355
-0.0008854
-0.0094572
-0.0071326
-0.002169
0.0052506
0.0062658
0.0026521
0.0030535
0.0078748
-0.0060539
-0.0032373
-0.0065675
-0.0012109
-0.0074244
0.0093522
0.0032321
-0.0011006
-0.0065647
0.0094303
-0.0077824
-0.0044517
-0.0040254
0.0066392
0.0035404
0.0040619
2.45e-5
-0.0035945
-0.0012396
-0.0071907
0.0094493
0.000975
0.006289
0.0058701
-0.001462
0.0003772
0.0011261
-0.0007364
-0.0035345
-0.0022399
0.0005012
-0.0089769
0.0066517
0.0037401
0.0010934
0.0052343
2.64e-5
0.0047748
0.0085514
0.0001612
0.008758
-0.0016169
-0.0071779
0.0046093
-0.003603
0.0048509
0.0009393
0.0056052
0.0092803
-0.0060261
-0.0061987
0.0063481
0.0093663
-0.007149
0.0044467
-0.0007534
-0.0006343
0.002775
0.0098997
0.0021271
-0.007909
-0.0008394
0.004602
0.0072575
0.0023461
-0.0016039
-0.0080124
-0.0027352
0.0011049
0.0084857
0.0084327
0.000826
-0.008442
0.0082615
-0.0002762
0.0087381
0.0035614
0.0082498
0.0085182
-0.0064486
-0.0027701
-0.000968
-0.0093833
0.0041319
-0.0004284
0.0081261
0.0065728
-0.0070874
-0.0023177
-0.0031912
0.0060716
0.0018844
-0.004943
-0.0029527
0.0036675
-0.0024715
0.0002161
-0.003329
-0.0098428
-0.0001054
0.0071404
-0.0041961
-0.0024846
0.008018
-0.0044468
-5.63e-5
0.0087411
-0.0010727
0.0052364
0.0017308
0.0046337
0.0077824
0.0021808
5.86e-5
-0.0023552
-0.0034614
0.0079259
0.0057776
0.0004483
0.0079635
0.0009401
0.0089923
-0.0091992
0.0004435
0.0023314
-0.0002313
0.0044948
0.0084194
-0.0016844
-0.0002916
-0.0058615
-0.0060672
-0.008591
-0.0027589
0.0005183
-0.0059741
0.005468
0.0015772
-0.0092452
0.0061943
0.0055125
-0.001982
-0.0007117
-0.007
-0.0028528
0.0054911
-0.0051018
-0.0067142
-0.0058773
-0.0041191
-0.0078128
0.0077458
0.0047778
-0.0003085
-0.0063558
0.0018741
-0.0040745
0.0011555
0.0025846
0.0085695
0.0046944
-0.0079469
0.0073209
0.0008727
-0.000382
0.0075118
0.0059219
-0.0032275
0.0043229
0.008549
0.0038081
0.0098773
0.006114
0.003698
-0.0064017
0.002413
0.0075736
-0.005726
0.0052673
-0.0068888
0.0012355
-0.0045424
0.0009463
0.0031333
0.0044151
-0.0079934
0.0056858
-0.0067421
-0.0084649
-0.0011647
0.0066183
-0.0048397
0.0052188
0.0013087
0.003488
-0.0009273
-0.0036698
0.0025388
0.0034869
0.0094498
-0.0061883
-0.0012893
-0.001243
0.0041933
0.0045098
0.0045875
-0.0046579
0.0085696
0.0001638
-0.0080586
0.0075491
-0.0082033
0.0041314
-0.0056445
-0.0086652
0.0033792
0.0056318
0.006257
0.0084174
0.0019239
-0.0007262
-0.0062227
0.0070284
-0.0084584
7.9e-5
-0.0036109
-0.0053893
-0.0017787
-0.0098414
-0.0004653
-0.008968
0.0048978
0.0068272
-0.0001084
0.0067413
-0.0018564
0.0018792
0.005848
0.0058623
0.0072053
-0.0022893
-0.0094887
-0.0046302
-0.0075321
0.0016707
-0.008477
0.0024747
-0.0065627
0.0017145
-0.0010801
-0.0090775
0.0041546
0.0086681
0.0065626
0.0018034
-0.0029981
0.0088791
0.0075706
-0.0032718
0.0025394
0.0097819
0.0020737
-0.008649
0.0083742
-0.008821
-0.0083753
-0.009084
-0.0078504
0.0009779
-0.0013178
-0.0009939
-0.0025893
-0.0090551
-0.0048116
-0.0095985
-0.0087602
0.0022404
-0.0088167
-0.0083713
0.0072746
-0.0025371
0.0099548
0.0051726
-0.0092703
0.0046252
-0.0037307
0.0056235
0.0042629
0.0013168
-0.0083515
-0.0054109
-0.0079696
0.0034303
-0.0040308
0.0035721
-0.0083718
-0.0022884
0.0039934
0.0058518
0.0024659
0.0035863
-0.0012402
-0.0018237
-0.0043114
0.0014354
-0.0092991
0.0075094
-0.0094386
-0.0008295
0.0084839
-0.0005002
-0.0049963
-0.0039513
-0.0066374
0.0002127
-0.0098138
0.003087
-0.0075483
-0.0060097
-0.0025186
0.0055736
-2.78e-5
-0.0078106
0.0050987
