-0.0078864
-0.0091033
-0.0099295
-0.0041067
0.0094992
0.004894
-0.0082532
-0.0027205
-0.0026859
0.0003305
-0.0010474
-0.0026997
0.0068939
-0.0062709
0.004729
0.0047181
-0.0087785
0.0032422
-0.0071035
0.0065771
-0.0048583
-0.0065152
-0.0008466
0.0045869
-0.009609
-0.0010346
-0.0037645
-0.0068777
0.0065275
-0.0036972
0.003891
-0.0071026
-0.0072394
-0.0045217
-0.0021179
0.0081569
0.0048044
-0.0041442
-0.0050379
0.003356
0.0071893
-0.0024386
-0.0001684
0.0052603
0.0089597
0.0019538
-0.0009937
-0.0011975
0.0037917
0.0053469
-0.0080261
-0.007898
0.0047818
0.0088715
0.0024054
-0.0014814
-0.0080377
-0.0048076
-0.0039904
0.001513
-0.0019281
0.0094859
-0.0055836
0.0052332
0.005573
0.0020301
-0.0099254
-0.0025868
-0.0025026
-0.0042321
0.0058063
0.0095689
-0.0095385
0.0038646
-0.0023128
0.0013149
-0.0028022
-0.0084109
0.007009
0.0012749
-0.0080624
-0.0078969
-0.0085499
-0.0037231
-0.0069634
0.0001933
-0.0084412
0.0006852
0.0038616
0.0033132
0.0037377
0.0043674
0.0063938
-0.0093614
0.0094782
0.0033279
-0.0075447
0.0070157
0.0078355
0.0007285
-0.0046234
0.0030569
-0.0035801
-0.0065479
-0.0093167
-0.0090177
0.0098737
0.0001759
0.0033515
-0.0083511
-1.82e-5
0.0066204
0.0034497
-0.0087466
-0.0037848
0.0084934
0.0037614
0.0026469
0.0038937
-0.0033462
-0.0073737
0.0082443
0.0049959
0.0070854
0.0072672
0.0060791
0.006788
-0.0021292
-0.0007084
0.0012896
-0.0025367
0.0030791
0.0052179
0.0072015
0.0090033
0.0034841
0.0060601
0.0022514
-0.0082412
-0.0052774
0.0062533
0.0022788
0.000665
0.0054659
0.0010799
0.008145
0.0073804
-0.00504
-0.002666
0.0058414
0.0028665
0.0047558
-0.0043358
-0.0046377
-0.0083078
-0.006273
-0.004579
0.0046088
0.0041564
-0.0042077
-0.0054539
0.0067873
-0.0058474
0.0096259
-0.0044649
-0.0010436
-0.0066324
0.0017623
-0.0083351
-0.005607
-0.0068567
-0.0063914
-0.003897
-0.0062661
0.0016557
0.0023684
-0.0059059
-0.0086303
-0.0027458
-0.0084517
0.0026049
-0.0032085
-0.0016571
0.0040729
-0.0028432
-0.0085985
0.0080925
-0.0026088
0.0073638
-0.0035491
0.0003836
0.0095352
0.0032642
0.0089426
0.0072185
-0.0031265
-0.0092696
-0.0044198
-0.0092376
0.0056027
-0.0026646
-0.0045914
0.0078571
-0.0017809
0.0048506
-0.0009475
-0.0034696
0.004615
0.0058704
0.009036
-0.0095044
-0.0067703
-0.0020538
0.000672
0.0033987
0.0094964
0.0056187
-0.0041297
-0.0014587
-0.0019532
0.0016155
-0.0016127
-0.0081844
-0.0057817
-0.0034506
-0.0022544
-0.004472
0.0051677
-0.0086623
0.0097976
-0.0095133
-0.0088338
-0.0023793
-0.0083784
-0.0015057
0.004898
0.0097291
-0.0053191
-0.0001198
0.0042089
0.0048539
-0.0038025
-0.0079672
0.0023855
0.0041774
-0.0048121
0.0042109
0.0070951
-0.0082346
0.0059072
-0.0058932
0.0013389
-0.0033788
-0.0007178
-0.0058009
-0.0001824
0.0007609
-0.0068181
0.0075177
-0.0029493
0.0094076
0.005212
-0.000635
-0.0001811
-0.0080068
-0.000696
0.0003191
-0.0093808
-0.0067568
0.0068751
0.0081041
0.0074075
-0.0031323
0.00346
0.0034775
-0.007172
-0.0009553
-0.0043988
0.0015207
0.0008853
0.0071912
-0.0062687
-0.0083065
0.0067586
-0.0005673
-0.0053789
0.0025503
-0.0026056
0.0097746
-0.0026746
-0.0061338
0.0059468
-0.0023419
-0.0086511
-0.0066067
0.0045738
-0.0086658
0.0015566
-0.0016053
-0.0011716
-0.0071435
-0.0049788
0.0009871
-0.0044201
-0.0045851
0.006986
0.0095731
0.0025256
-0.0061353
0.008654
-0.0081235
0.0048799
-0.0048412
0.005085
0.0040569
0.0075777
-0.0088067
-0.0094237
-0.0020488
0.0021114
-0.0084622
0.0030235
-0.0048679
0.0071312
0.0057338
0.0060652
-0.005982
-0.0052332
-0.0045655
0.0070856
0.0099512
-0.0089494
0.0094016
-0.0004522
-0.0020154
-0.0034481
0.0035047
-0.0019541
-0.0076619
-0.0047119
0.0022712
-0.0051671
0.0016622
0.0083693
0.0004253
-0.0087213
0.0002477
-0.0068175
-0.0011173
-0.0054063
-0.0075939
-0.0092868
0.0025137
-0.0034047
-0.0076635
-0.0034062
-0.0095473
-0.0065967
0.0085169
-0.0098024
-0.0002205
-0.0036184
-0.0024219
0.0090618
0.0090635
0.0005544
-0.0027166
0.0006283
0.0021771
0.0065496
-0.0054743
-0.0050029
-0.0082276
-0.0006595
-0.0009187
0.0044217
0.0047361
-0.0016824
-0.0010134
0.0020944
0.0005439
0.0009093
-0.0063378
0.0055926
0.0071382
-0.0004342
0.0026735
0.0076578
-0.0074748
0.0066439
0.0081932
-0.0067967
-0.0070544
-0.0099005
8.76e-5
0.0017307
0.0014333
0.0004987
-0.0015828
-0.0090442
-0.0068032
-0.0006746
0.0094244
0.0053498
-0.0066427
-0.0029368
0.0014844
0.0019089
0.0085377
-0.0010098
0.0042611
-0.0087428
0.0021534
0.0014622
-0.0048532
0.007352
-0.0065486
-0.0052256
-0.0032833
0.0003621
0.0016083
-0.0022947
-0.0073364
0.0077234
-0.0094538
0.0003792
0.0076944
-0.0075331
-0.0045261
-0.0085013
0.0077576
-0.0082374
-0.0044521
-0.0019217
0.0089166
0.0096353
-0.002024
0.0012232
-0.0065368
-0.0049071
0.0018318
-0.0001117
0.0019839
-0.0017785
0.0077466
0.0098028
0.0027472
0.0033779
0.0049971
-0.0056062
-0.0077254
0.0068779
0.0040478
0.0077874
-0.0028706
0.0021686
-0.0009684
-0.0092928
-0.0008181
0.0053064
0.0023514
-0.0030163
-0.0039546
0.0057499
-0.0066618
0.0085624
-0.0041278
0.0071148
0.0027811
-0.0074844
0.0025107
0.0071385
0.0095208
-0.0084082
0.0044571
0.0024495
-0.0089022
-0.0022272
-0.0026015
0.003097
-0.0008864
0.0088828
0.0032407
0.0097786
0.0063176
0.0028936
0.003877
0.0009296
0.0012661
-0.0074565
0.0026852
0.003285
0.0006493
0.0029492
0.0090667
