0.0025835
0.0046215
-0.006834
-0.0091123
-0.0003309
0.0064421
-0.0075107
8.26e-5
0.0081166
0.0025219
0.0005305
-0.0069329
0.0069509
-0.0083884
0.0020645
0.0041268
-0.0061605
0.0084502
-0.0045925
0.007276
-0.002858
-0.0030863
0.0086869
0.0073007
-0.0061584
-0.0067812
-0.0066203
0.0086327
0.0086822
0.0086448
-0.0035284
-0.004638
-0.0007486
-0.009052
-0.0051985
0.0033899
-0.0055775
-0.0082115
-0.0016393
0.0025588
0.0042478
-0.0033827
-0.0001077
0.0027257
-0.0052709
0.0043352
0.0068873
0.0044795
-0.0019682
0.0045282
-0.0057135
-0.0094198
0.0070995
0.0034174
-0.0092507
0.0009824
-0.0088172
-0.0046856
0.0058841
0.0044143
0.0068602
-0.0072426
0.0006293
0.0028996
0.0005167
0.0098964
0.003182
-0.0060398
0.0078224
0.0094463
-0.000803
-0.0054119
0.008321
0.0052989
0.00457
-0.0013731
0.0007464
0.0029174
-0.0046945
0.0090956
-0.001893
0.0081894
0.0030051
0.0061017
-0.0081236
-0.0067596
-0.0002705
-0.0090488
0.0071434
0.004202
-0.0013931
0.0034273
-0.0052109
0.0046774
0.0020614
-0.0024222
-0.0024576
-0.0026128
-0.0031681
-0.0086018
0.0071899
0.0072286
-0.0008817
0.0032586
-0.0032305
-0.0088705
-0.0012347
-0.0068456
-0.0070964
0.0002748
-0.003496
-0.003898
0.0036659
-0.0033313
-0.0034066
-0.0056328
-0.0092339
-0.0073174
0.0049989
-0.0056783
-0.0018137
0.0069045
-0.0046922
-0.0035382
0.0022244
-0.005931
-0.0038634
0.0012944
0.0094465
0.0049279
-0.0004536
-0.0009891
0.009346
0.0088765
-0.0039098
0.0009129
-0.0016874
0.009309
-0.0046329
-0.0065919
0.0014359
0.0088407
-0.0010728
-0.0032506
0.0050974
0.000805
-0.0019644
0.0054427
0.0057227
-0.0011632
0.0047912
-0.0097531
-0.0036392
-0.000609
-0.0061327
-0.008426
-0.0022272
-0.0094744
-0.0040971
0.0086747
-0.0012833
-0.002406
-0.0039454
0.0054741
0.0026935
0.0036111
-0.0074221
0.0037232
-0.0099169
0.0089402
-0.0050181
0.0036533
0.0060405
0.0069151
0.0051466
0.0077043
-0.0075346
0.0055645
-0.0079165
0.0057685
0.0082815
0.0097278
-0.0067225
-0.0096965
-0.0086669
-0.0044733
0.0017113
-0.0081082
0.0078651
0.0055075
0.0043439
0.0047684
-0.0060565
0.0088233
0.0030622
0.0093236
0.0004879
-0.0014513
-0.0050921
-0.0055927
0.0064993
0.0031034
-0.00497
0.0001721
-0.000518
-0.0055217
-0.0094541
-0.0014583
0.0001768
0.0057689
0.0080066
-0.000691
0.0084847
0.0086169
0.0084874
0.0097128
-0.0065162
0.0078508
0.0017252
0.0058803
0.0047037
0.0038671
0.0099971
0.0094743
-0.0066859
-0.000196
0.0070321
-0.0096006
0.0011081
0.0004381
-0.0049169
-0.004411
0.006548
0.0037445
-0.0094606
-0.00272
-0.0070076
-0.0041145
0.0047584
-0.0012333
-0.0042086
-0.0019455
-0.0020885
-0.0061561
0.0009716
-0.0055363
-0.0092549
0.0038089
0.0011779
-0.0062024
-0.0054786
0.0068821
-0.0082439
0.0037599
-0.0080941
0.0049479
0.0008683
-0.0036446
0.0068803
0.0001496
0.0018643
0.0087628
-0.0062928
-0.0025872
-0.0047233
-0.0090403
0.0016342
0.0097461
-0.0094085
0.007957
0.0089387
0.0034655
0.0018695
0.0062069
0.0004985
-0.0006483
-0.0020381
0.0020416
0.0046193
-0.0087821
-0.0021324
-0.0001449
-0.0064108
0.0030833
-0.0090489
-0.0062341
0.0093259
-0.0068634
-0.0084237
0.008011
0.0036657
0.0021843
0.0082405
0.0075686
-0.0074784
0.0094201
-0.0040037
0.0004003
0.0096817
-0.0025165
0.0085988
-0.0035742
-0.0036269
-0.0056864
0.0032538
0.0028262
-0.0038051
0.0093852
0.0089606
0.0072542
0.0013806
0.0097217
0.0011762
0.0092353
-0.0024932
-8.22e-5
-0.00595
-0.004873
-0.0038288
0.000337
-0.0029129
0.0054227
5.39e-5
-0.0047393
0.002429
0.0041985
0.0093479
-0.0087851
0.0071923
0.0089172
-0.0015065
-0.0007596
0.0021406
-0.0022723
-0.001187
0.0073663
-0.0044869
0.0019394
0.0052633
0.0096663
0.0059521
-0.0097049
-0.004915
0.0032718
0.0012779
-0.0005366
-0.0004135
0.0050646
0.0045344
0.003453
-0.0083134
-0.0074247
0.0022844
0.0027495
0.0036628
0.0025769
-0.0025589
-0.0079882
-0.0026192
0.0007878
-0.0026022
0.0012282
-0.0019654
0.0016581
-0.0045194
0.0018717
-0.0065675
0.0085642
0.0050776
-0.001915
-0.0065605
0.0022789
0.0076822
-0.0084101
0.006604
0.0087848
-0.0086318
-0.0011221
-0.0025123
0.0072719
0.0078106
-0.0082491
0.0006236
-0.0010005
0.0035894
-0.0098548
0.0041772
0.0092524
-0.0080301
-0.0061793
0.0062852
0.0073532
0.0095902
-0.0004615
-0.0019841
-0.0051961
-0.0042113
-0.0011732
-0.0092113
-0.0015447
0.0043784
-0.0098155
-0.0055215
-0.0029708
-0.0037613
0.002053
0.0047373
-0.0039313
0.0049021
0.0085514
-0.0082981
-0.0023437
-0.0023173
-0.0082138
-0.0029589
-0.0025141
-0.0017747
0.0051226
0.0066078
0.0038562
0.0025175
0.0098097
-0.009196
0.0048744
-0.0038473
-0.0070047
0.0096115
0.0072293
-0.0061336
-0.0040795
-0.008173
-0.0094237
-0.0038142
-0.004843
-0.0095954
-0.0010087
-0.0039631
-0.0037456
0.0092674
0.0085592
0.0091629
-0.0086285
-0.0077421
-0.0018678
0.0088343
0.0031931
-0.0081914
0.0004863
0.0079074
0.0058517
-0.0066394
0.0032307
-0.0024677
-0.005377
0.0056633
0.0016337
-0.0076453
-0.0079562
0.0017837
-0.008912
-0.0033397
-0.0076266
-0.009501
-6.55e-5
0.0093999
-0.0066295
-0.0048087
0.0028523
-0.0032331
0.0074862
0.001485
0.0029706
-0.0072796
-0.0087559
-0.0090727
-0.0020731
0.0013359
0.0041585
-0.0033156
-0.003486
-0.0062626
0.0003794
-0.0031996
-0.003749
-0.0023575
0.0042472
0.0044416
-0.0017887
0.009608
-0.0047116
-0.0006173
-0.0089985
-0.0072872
-0.0098776
-0.0027652
