-0.003964
0.0025043
-0.0060078
0.0050877
-0.0026043
-0.0095269
-0.009875
-0.0066654
-0.0017614
0.0011957
0.0081365
0.0076017
-0.0097803
0.0092691
-0.0006649
0.0028782
0.0059064
-0.0040662
0.0086301
0.0096874
0.0086375
0.0050476
-0.0097914
0.0054413
0.0099339
0.0057378
0.0061921
-0.0062357
0.0016062
-0.0019184
-0.0045217
-0.0030522
0.00986
0.0060066
0.0082132
-0.0069016
0.0089935
0.0099628
0.0063709
0.0093843
-0.0019539
-0.0073031
0.005648
0.007887
0.0016221
-0.0086934
-0.0099923
-0.0026802
0.0071753
-0.0021234
0.0012902
-0.0063509
0.0045111
-0.0034947
0.0078503
0.0009942
-0.0007421
0.0024527
0.0048447
-0.003247
0.0073027
0.0021109
0.0015593
-0.009014
-0.0086966
0.0017551
-0.000664
0.0073761
0.0057523
0.0001444
-0.0002444
-0.0042851
0.0074614
-0.0094418
0.0049254
-0.0054794
-0.0001107
0.0099042
-0.0043306
-0.0045622
0.0098067
-0.0051797
0.0034669
-0.009041
-0.0098617
-0.0068724
-0.0087998
-0.0096706
0.0061917
0.0073654
0.0006627
0.0010091
0.0019275
0.0018643
0.008903
0.0063238
0.0063357
-0.0079566
-4.02e-5
0.0038527
-0.0016545
-0.0034259
0.0074537
-0.0009302
-0.0099471
0.0029901
0.0025545
-0.0072269
0.0069413
-0.0007573
0.0091249
-0.0006545
0.0076916
-0.0053479
-0.0089118
-0.0032885
0.0046814
-0.005954
-0.0037563
-0.0086983
-0.0060225
-0.0029017
0.0003474
0.000436
-0.0026067
-0.0008352
-0.0088664
-0.0099474
0.0082621
-0.0015945
-0.0079093
-0.0078595
0.008914
-0.0030193
0.0005821
-0.0046204
-0.0038597
-0.0008363
-0.003984
-0.0040066
-0.0007947
0.0064808
0.0055385
-0.0078125
-0.0016808
-0.0026503
0.0064989
-0.0068161
-0.000704
0.0036153
-0.0029471
-0.0052851
-0.0044172
-0.0052471
0.0069252
-0.0062459
0.0069552
-0.0082557
0.008865
-0.0052652
0.0040649
-0.0078435
-0.0080481
-0.0092713
0.0053932
1.6e-5
-0.0081745
-0.0070818
0.0011336
0.0006505
-0.008031
-0.0022701
-0.0069694
0.000293
0.0035473
0.0010984
0.0083567
-0.0006814
0.0084434
0.009936
0.0001898
0.0065546
0.0005306
-0.003222
-0.0054935
-0.005632
-0.0038924
0.0046599
0.0052437
0.001566
0.0066037
-0.0015153
0.0031857
0.0073263
0.0014017
-0.0013745
-0.0081457
-0.0070867
-0.0087476
0.0070818
-0.0019454
0.0009316
-0.0007353
0.0001697
0.0042636
0.0014586
0.0021675
0.0024494
-0.0050828
-0.0003699
-0.0018291
-0.0037225
-0.0088619
-0.0076733
0.0099608
0.0005951
0.0091995
0.002194
0.0078499
0.0024745
-0.0035807
0.0084332
-0.0042279
-0.0023089
-0.0005992
0.0053494
0.0047383
0.0080866
-0.0022277
0.0035118
0.0034632
-0.0070541
-0.0039038
0.0028794
-0.0070579
-0.0019021
-0.0071059
-0.0064417
0.0025521
-0.008491
0.0031577
-0.0045664
0.0093861
0.0087597
0.0073117
-0.0067191
0.0081296
0.0023095
-0.0016644
-0.0038443
0.0007013
0.0016087
-0.0041135
0.0097523
-0.0037268
0.0090347
-0.0039146
0.0051714
0.0060307
-0.0037095
0.0010334
0.0074669
0.0043701
0.0041542
0.0098168
0.0038942
0.0069361
0.0002027
0.0085239
0.0078997
0.002278
0.0028989
0.0060833
-0.0086708
-0.0038471
0.0051498
-0.0015891
0.0066875
0.0013787
-0.0050923
0.0090371
0.0079027
-0.0008822
0.0078645
0.0009894
-0.0024564
0.0017752
0.0048418
0.0089208
0.0048796
0.0030866
0.007162
-0.007822
0.0001231
-0.0088407
-0.0076648
0.005853
0.0074346
0.0037528
0.0066594
-0.0080117
-0.0021938
-0.0038644
0.0035705
0.0025345
-0.0075116
0.0048552
0.0097313
0.008409
-0.0065653
-0.0015439
-0.0071255
-0.0064241
-0.0049172
-0.0020628
-0.006774
0.0068864
0.002737
-0.0070151
-0.00098
0.0082183
0.0097357
-0.0091628
-0.0098271
-0.0035148
0.0075389
0.0093278
-0.0069532
-0.0090808
-0.0005574
0.0032668
-0.0034113
-0.0029334
0.0074353
-0.0050836
0.0087692
-0.0056147
0.0016309
-0.0009629
0.005417
-0.0078201
-0.0093881
0.0040354
-0.0077383
0.0076917
-0.002394
-0.0051011
0.002635
-0.0036452
0.009975
0.0006835
0.0090407
0.0027756
-0.0012679
0.003189
-0.0093085
0.0078927
0.0038369
0.0057841
0.0098173
0.0046609
0.0057027
-0.0097048
-0.00579
0.0021402
0.0074591
0.0060175
0.0025507
-0.0061276
-0.0035444
-0.0061615
-0.0046973
-0.00799
-0.007863
0.0072511
0.0006913
-0.0009153
-0.0024753
0.0067119
0.0008506
-0.0089891
-0.0077835
0.0038458
0.0023389
0.0094746
-0.007758
0.0043686
0.0002989
-0.0029704
-0.0061007
-0.0037121
0.0018933
2.34e-5
-0.0061668
0.0047064
-0.0054
1.62e-5
-0.008502
-0.0006108
-0.0097112
-0.0031444
0.0002412
0.0071576
-0.0034452
0.0087375
0.0012114
0.0008869
-0.0074377
0.0095864
0.0016671
0.006163
0.0054372
0.0029507
-0.0069919
0.0083929
0.0068839
0.0034723
0.0006715
-0.0010403
-0.0009419
0.0023941
-0.0041514
-0.0017136
-5.32e-5
-0.0036131
-0.0032304
0.0070623
0.0051713
0.0069851
-0.0019847
0.0060041
0.0065225
0.001815
-0.001861
-0.0045527
-0.0040455
-0.0031247
-0.0076714
0.0071194
-0.0053511
-0.0099089
-0.0093293
0.0053182
-0.0050184
0.0082288
0.0076506
0.0043902
-0.0083709
-0.0002498
-0.0044291
-0.009177
0.0004407
-0.0011186
0.0023957
0.0080584
0.0084679
-0.0030824
-0.004817
-0.0058581
-0.0040922
-0.0096022
-0.0005793
0.0073284
0.0099109
0.0030027
-0.0097419
0.000913
0.0031599
-0.005412
0.00436
0.0022877
0.0029881
0.0005139
0.009467
0.0068199
0.0081857
-0.0062938
0.0030945
-0.0052895
-0.0096462
0.0006005
-0.0035309
-0.0084319
0.007169
0.0080113
0.0079717
-0.0090731
-0.0046749
0.0010967
0.0099083
0.0030919
-0.0007544
-0.0098284
-0.0026271
-0.0095947
