-0.0014116
0.005644
0.0026458
-0.008736
-0.002793
-0.0085038
-0.0093168
-0.0060489
0.003313
0.0046525
-0.0074921
0.0032104
-0.0047827
0.0083634
0.0084628
-0.0063202
0.0011857
-0.0032928
-0.0032147
-0.0085798
0.0030007
0.0067045
-0.0099612
0.0032588
0.0008021
-0.0025307
-0.0082219
0.007591
0.0003265
-0.0018724
-0.006105
-0.0012686
0.0073425
0.0014174
-0.0016838
0.0074012
0.0069473
-0.0092803
0.0054233
6.09e-5
-0.0017763
-0.0054465
-0.0068504
-0.005426
0.0035511
-0.0021592
0.00465
0.0022403
-0.0097123
0.0099704
-0.0036681
-0.0070891
-0.0015982
0.0013201
-0.0057273
0.0094744
0.0028819
0.0086981
0.0098407
0.0086931
0.0009084
0.0012631
-0.0065534
-0.007355
-0.0087014
0.0066595
-0.001386
0.0084349
0.0099575
-0.0048142
-0.0034518
-0.0037859
-0.0095992
0.0079921
-0.0049281
0.0041185
0.0027925
-0.0070487
5.58e-5
-0.0016854
0.003488
-0.0086848
0.0005458
0.0045549
-0.0035849
0.0051116
-0.003565
-0.0079697
0.00094
0.0011196
0.0011763
-0.0095534
0.0099668
0.0014348
-0.0062043
0.0011416
0.0066548
-0.0085849
-0.0033571
-0.008734
0.000166
0.0029522
-0.0062162
0.003976
-0.0034051
-0.0021636
0.0029383
0.0074541
0.0083369
4.52e-5
0.0086501
0.0067995
-0.000462
-0.0042393
-0.0065264
-0.0056565
-0.001919
0.0014357
-0.0081902
-0.0070676
-0.0081259
0.0015447
0.003069
0.0030694
-0.0015951
0.0006058
-0.0005397
0.0012881
-0.0056731
0.0029585
0.0049425
-0.0096182
-0.009356
-0.0078951
0.0021546
-0.0036705
-0.0060558
-0.0064286
-0.0043843
-0.0073799
0.0014017
-0.0009506
-0.0095679
-0.0089111
-0.0028408
-0.0068492
0.0072503
0.0093101
-0.0013322
-0.003855
-0.0029899
-0.0059446
-0.0017962
0.0038806
-0.0085466
-0.0023598
0.0044468
-0.0052752
0.0008792
0.0001191
0.0046082
-0.0001787
0.0005759
-0.0035755
0.0076211
0.0067685
0.0037782
0.0073349
-0.0078469
-0.0070543
0.0089783
-0.0018251
0.0017432
-0.0076502
-0.0036056
0.0013082
-0.0066365
0.0091191
-0.0082534
-0.0019842
0.008818
-0.0041363
-0.0078714
-0.0090131
-0.0023948
-0.007234
0.0011265
-0.0071963
0.0053279
0.0020119
0.0020797
-0.007993
-0.004577
0.001861
-0.0046211
-0.0015349
-0.0068829
0.0003063
0.007061
0.0037907
-0.0047254
-0.0036245
0.0083641
0.0011984
-0.0074569
-0.0019565
0.0092629
-0.0081087
-0.0045811
0.0019593
-0.0025506
-0.0006122
0.0086993
0.0001206
-0.0099182
0.0003868
0.00823
0.0088499
-0.0072615
0.0082608
0.0081986
-0.0094186
-0.0003732
-0.0062882
0.003338
-0.0027646
0.0047293
-0.0076406
-0.0069174
-0.0099061
-0.0006641
-0.0001588
-0.0011294
-0.0086902
0.0008278
-0.0007069
0.0097909
0.0032644
0.0052779
-0.0024735
-0.0063529
-0.0088777
-0.0060723
-0.0027175
-0.0013776
-0.0013448
0.0087524
-0.0093406
-0.0070117
0.0036512
-0.0056164
-0.0099629
0.0050501
-0.0018034
-0.0060812
0.0048656
-0.0052591
0.0017443
-0.0039857
-0.0095773
0.001273
-0.0082671
-0.0043791
-0.0028039
-0.0057542
-0.0034859
0.0082391
0.0053427
-0.0060804
0.0088563
-0.0098104
0.0060189
-0.0071762
-0.0007848
-0.0077989
0.0096503
-0.0046066
-0.0005797
-0.0025745
-0.0086154
0.0006843
0.0058841
0.0004409
0.0053306
0.0048269
0.0033997
0.0062225
0.0033667
0.0013816
0.0064724
0.0008497
0.0022495
0.0085418
-0.0002112
-0.0031502
-0.0063527
-0.0034812
2.92e-5
0.0093945
0.0048102
-0.0018542
0.0087228
0.0061898
-0.0053452
0.0050943
-0.0072498
-0.0008383
-0.0045552
-0.0085794
0.0066239
0.0014365
-0.0057129
-0.0075389
0.0068523
-0.0070127
-0.0074552
-0.0045755
0.002975
0.0056875
-0.0005857
0.0055739
-0.0015482
-0.0026456
0.0092865
0.0069646
0.0034904
-0.0042942
0.0062926
-0.0013216
0.0016787
0.0016375
0.0029387
0.0096529
-0.009632
-0.0013386
-0.0091031
-0.0022341
0.0003393
-0.0083674
-0.0035654
0.0080218
0.0021981
-0.0015853
-0.0068156
-0.0019287
-0.0069711
0.0008695
0.003488
-0.004486
-0.008578
-0.0054554
-0.0020781
0.0019114
0.0099643
0.0097348
0.0080999
-0.0073171
0.0016356
0.003082
0.0024424
-0.0067577
0.0072953
0.0043997
-0.0034783
0.0003232
-0.0013138
-0.0064226
-0.0043944
0.0068029
-0.0066373
0.0086917
0.0059316
-0.0060587
-0.0017798
-0.0081957
-0.0087256
0.0054509
0.0060855
0.0098053
0.0016784
-0.0044436
-0.0045421
-0.001792
0.0088498
0.0009271
-0.0010832
-0.0071109
-0.0002206
0.0033858
-0.0009528
-0.0060748
0.0086796
0.0062323
-0.0008815
0.0060904
-0.0084823
-0.0053821
-0.004351
-0.0034192
0.0025001
-0.0074697
0.0072563
0.0002017
0.0001242
-0.0076498
-0.003097
-0.008497
-0.0018822
-0.0093049
-0.0008442
0.0080164
-0.0050596
0.0011504
0.0049894
-0.0060528
0.0030114
-0.0020116
0.0080237
0.0032046
-0.0059346
0.0006738
-0.0075835
-0.0074225
0.0029477
0.0011027
0.0031619
-0.0044457
-0.0034105
-0.0092047
0.0007812
0.0040866
0.0098995
-0.0048132
0.0089541
0.0062773
0.0027255
-5.86e-5
0.0034475
0.0011016
0.004964
-0.0041252
-0.0092411
0.002073
0.0083633
0.0041759
0.0004778
-0.0078998
0.0073087
-0.0097139
-0.0028435
0.0008694
0.0074142
-0.0095225
0.0035691
0.0033593
0.0047203
-0.0019787
0.0025287
0.0052871
-0.0034414
0.0041385
-0.0074074
-0.0059836
-0.0003731
0.0072393
-0.0019436
-0.0001086
-0.0024318
-0.0095951
0.0088073
0.0031668
0.0004662
-0.0061983
-0.0057011
0.0076407
0.0098966
-0.0032798
-0.0031017
-0.0049961
-0.0035136
-0.0097215
0.0039532
0.0061774
0.0020751
0.0044319
-0.0018098
-0.0006155
-0.0001216
0.0039123
-0.0087534
0.002579
0.0016901
0.0034676
-0.0071316
0.0048482
