0.0073998
0.0073329
-0.0068478
-0.0058788
0.0055461
0.0006561
-0.005685
-0.0037832
-0.0088144
0.0039098
0.0056328
-0.0098298
0.0009629
0.0035578
0.0094808
0.0073579
0.0018505
0.0048665
-0.0039651
-0.0020438
-0.0080373
0.0034981
-0.0063093
-0.0096508
0.0037063
-0.0029781
-0.0033122
0.0094604
0.0073308
-0.0093249
-0.0069155
-0.0080462
0.0046273
-0.0046912
0.0013492
0.0067043
-0.0098352
-0.0057973
0.0045115
-0.0041234
0.0098448
0.0063255
0.007023
-0.0051935
0.0068287
0.0060005
-0.0060685
0.0032869
-0.0075231
0.0092011
-0.0089019
0.0072223
-0.0063201
0.0093707
0.0012206
0.0005772
0.0091223
0.0077558
-0.0088052
-0.0019773
-0.0060395
-0.0041726
0.0012193
-0.0023818
0.0070069
0.0036383
-0.0022274
-0.0065507
0.0047064
-0.000963
0.0015651
-0.0016175
0.0073276
-0.0082375
0.0064032
-0.0053751
-0.0088368
-0.0028834
0.0043364
0.0075092
0.0021211
-0.0086768
-0.0064469
0.0056246
0.0065304
-0.0022766
-0.0002186
0.0098791
-0.0059935
-0.008291
-0.0028453
0.005617
-0.003031
-0.0089018
0.000896
0.0026931
0.0091302
0.0023229
0.0016479
0.0031141
0.0092201
-0.0037659
-0.0005468
0.0069147
-0.0031093
-0.0025258
0.0008499
0.0073162
0.0050713
-0.0082298
0.0056877
-0.0065817
0.008951
-0.0013481
0.0083248
-0.0097456
-0.0015035
-0.0085326
-0.0071947
0.0081963
0.0026874
0.0068403
0.0065997
-0.0097222
-0.0044966
1.98e-5
0.0041549
0.0014029
0.0043536
0.0096237
-0.0042989
-0.0041349
-0.007406
-0.0059689
-0.0018044
0.0080352
0.0080111
0.0052727
0.0004121
-0.0054406
0.0034402
0.007569
-0.0024566
0.0046787
0.0037175
0.0042781
0.0040277
0.0041891
-0.0004913
-0.0095571
0.0081932
0.0042335
0.0015248
-6.06e-5
0.0023853
0.0025225
-0.0046453
-0.0013196
0.0092114
0.0042051
-0.008875
0.005129
-0.0026692
0.0010622
-0.0073739
0.0039626
-0.0093113
0.0048617
0.0044757
-0.0005422
-0.0028351
-0.0030875
-0.0026734
0.0073978
0.0002877
-0.0067163
0.0018672
-0.0071284
-0.0060969
-0.0008748
0.0069667
-0.0080034
-0.0066824
0.0094504
0.0013611
0.0007427
-0.0012952
-0.0068345
0.0047957
0.0094266
0.0052114
-0.0030966
0.0024749
0.0051849
0.0033698
0.0047243
-0.0049228
-0.0006015
0.0074207
-0.0002082
0.0057766
-0.0013829
-0.0091921
-0.0099209
-0.0019988
0.0086888
-0.0026319
-0.0057777
-0.0065936
0.0080398
-0.0098691
0.0041029
-0.0047079
0.002845
-0.0009339
0.0098622
-0.0004963
-0.0053601
-0.0018382
0.0028516
4.9e-6
0.0090987
-0.0034798
0.0009506
0.0066897
-0.0095247
-0.0044811
-0.0062737
-0.0044777
0.0049312
0.0075434
-0.0012291
0.0075048
-0.0095238
-0.0012125
0.0078731
-0.0011111
0.0034653
0.007136
0.0069603
0.0006471
0.0033937
0.0071273
0.0054365
0.0043269
0.0039799
-0.0017951
0.0050196
-0.0091806
0.0094724
0.0020971
-0.0075018
-0.0050159
0.0008959
0.0049919
0.0089962
0.0080031
-0.0035285
-0.0076998
0.0079831
-0.0041026
0.0006009
-0.0021075
-0.0079274
-0.0001537
0.0060952
-0.0005527
-0.0030294
0.0066661
-0.0075908
0.0056546
-0.0056938
0.0074935
0.0061241
-0.0043579
0.0053501
0.0047511
-0.0094088
0.0037282
0.0033794
-0.001488
-0.0023556
-0.0087339
0.0007
-0.0026218
0.0048867
0.0078747
0.0045414
-0.0038199
0.0018364
-0.001485
-0.0051929
-0.0060195
-0.0096753
0.0059307
0.006382
-0.0065234
0.0042996
-0.0048729
-0.0044644
-0.005175
0.0014293
0.0085584
0.0065531
-0.0016472
0.0079901
0.0077051
0.0087264
-0.0077104
-0.0001875
-0.0049967
0.0038191
-0.0031854
0.005455
0.0064487
0.004705
0.007132
0.0012974
0.0060301
0.0035849
0.0098413
-0.0050481
0.00282
0.0018993
-0.0092533
0.0011547
0.0063548
0.0065734
0.005645
0.0017073
0.0051673
-0.0068488
0.0068961
-0.0006383
0.0012522
0.0030291
-0.0056323
0.0083308
-0.0033478
0.0080301
0.0048587
0.003894
0.0066194
-0.0038965
-0.0045009
-0.0025481
-0.0051879
-0.0032142
-1.63e-5
0.0081837
-0.0028654
0.0099998
-0.0017297
0.0050361
0.0092251
0.0055211
-0.0002124
-0.0056167
-0.0009009
0.0093538
-0.005481
0.0076923
0.0046765
-0.0031264
-0.0067993
0.0044164
-0.0063257
0.0044733
0.0072187
0.0004896
0.0047286
0.0044065
0.0099103
-0.009484
-0.0009528
0.0075223
0.001564
0.0085733
0.0016961
-0.0023477
-0.0017623
-0.0067868
0.0059757
-0.0048204
0.0036489
0.0099582
0.0009362
-0.0027017
-0.0059906
0.00313
-0.0045506
0.0042042
-0.0062342
-0.0044283
-0.0066352
0.0077773
-0.0082681
0.0045096
-0.0080301
-0.0024711
-0.0054982
-0.0017623
-0.0081433
0.0014588
-0.0062159
-0.0016073
-0.0067765
-0.0014078
-0.0036131
0.0015299
0.0067603
0.0037192
0.0049353
0.0048631
-0.0012108
-0.0016295
-0.0056459
0.0098566
0.0066375
0.0035872
-0.0083868
-0.0033379
-0.0027906
-0.0092061
0.0084027
0.0005563
0.0057428
-0.0090566
-0.0031828
-0.0003908
-0.0094089
0.004578
0.009573
0.0071102
-0.0033849
-0.0088929
0.007431
-0.0084225
-0.0030586
-0.0052783
-0.0064705
-0.0073974
0.0063729
0.0070935
0.0098881
0.0041816
0.0059214
0.0020639
0.0063226
0.0046937
-0.003771
0.0002268
-0.0064009
-0.0088311
-0.0013476
0.0078925
0.0096875
-0.0067784
0.0091437
-0.0097023
0.0094632
-0.0070658
0.0086221
0.0063779
-0.0020258
0.0039829
0.001575
0.0037608
-0.0048665
-0.0032362
-0.006546
0.0019153
0.0055154
0.0008071
0.0059135
7.21e-5
-0.007821
0.0086686
0.0086512
-0.0097206
-0.0088363
-0.0070359
0.0093777
-0.0013297
-0.0028732
0.0060659
0.0076097
0.0040926
-0.0096295
0.0097959
0.0069601
0.0004047
-0.0090713
0.0023596
-0.0008461
