-0.0088548
-0.0017693
0.0095582
0.0095733
-0.0041834
-0.006655
-0.0023456
0.0051979
-0.0023681
-0.0076955
0.0038617
-0.0025928
0.0095424
0.00841
0.0076954
-0.0038152
0.0033096
-0.0094508
-0.0045709
0.0062667
-0.0056602
0.0059716
-0.0070754
0.005815
0.0059016
-0.0029497
-0.0099151
0.0021459
-0.006776
0.002175
-0.0044765
0.0044461
-0.0059901
0.0030583
0.0021686
0.0072414
-0.0088312
-0.0077993
0.0007461
0.0036466
-0.0048602
-0.0007219
0.0011144
0.0068361
6.93e-5
-0.0029647
-0.0082448
0.0075204
0.0021196
0.0078281
-0.0017685
0.0072832
-0.0046984
-0.0037408
-0.003136
-0.0087525
0.0090031
-0.0010807
-0.0019079
0.0020588
-0.0096999
0.0094339
-0.001329
0.0092226
-0.0005099
-0.0078604
-0.0060837
-0.0009554
-0.0020496
0.0087123
0.0086471
-0.0002159
0.0008661
-0.0009814
0.0014803
0.0069093
0.006201
-0.0026306
-0.0044218
0.0049477
0.0094781
0.0072123
0.0066049
0.0043819
0.0005925
0.0057989
-0.0012505
0.0095814
-0.0097103
0.0050463
0.0090907
-0.0025887
-0.0020571
0.0093535
0.0036117
0.0022397
0.0014326
0.0086162
0.0056726
0.0014656
0.0006222
-0.0073844
-0.0085394
-0.0099295
0.0069378
-0.0092316
-0.0016851
-0.0021193
-0.0085565
0.0078358
0.0091864
0.009631
-0.0010392
-0.003938
-0.0072463
0.0055072
0.0019041
-0.0041234
-0.0014969
-0.0017904
-0.0061905
-0.0060722
0.0017279
0.0082985
-0.0038316
-0.003994
0.0004985
-0.0095273
0.0092015
-0.0078643
0.0044138
0.0051203
0.0085537
-0.005147
0.0044243
0.0062681
0.00898
-0.002129
0.0008782
-0.0023131
0.0060695
0.0069003
0.0034922
0.0004618
0.008095
0.0024747
-0.0005242
0.0014656
0.0088038
-0.0007405
0.0014631
0.0018594
0.0021089
0.0053642
0.0048021
0.0080685
-0.0034716
-0.0074494
0.0049473
0.0037413
0.0021633
-0.0093495
0.0052518
-0.0026561
-0.0060276
0.0085891
0.0041732
-0.0043935
-0.0043463
0.0090881
0.00638
-0.0030066
0.0035105
0.0071328
0.0076748
0.0011095
7.7e-6
-0.0062365
0.0058994
-0.0025602
-0.0088595
-0.0014319
-0.0099236
-0.0016649
0.0048423
-0.0097572
0.0042629
0.0061647
-0.0055141
0.001827
-0.0045271
0.0012063
-0.0085764
-0.0004471
-0.00633
-0.0058383
-0.0023177
-0.0068395
-0.0089812
0.0087628
-0.0045049
-0.0061246
0.0050379
-0.0087028
0.0092885
0.0036502
-0.0053038
0.0024727
-0.0073781
-0.0029738
-0.0099435
-0.0066528
-0.0021795
0.0092588
0.0048783
0.0080825
0.002668
-0.0011719
-0.0088794
-0.0040053
-0.005303
-0.0024136
0.0017512
-0.0035813
0.0033624
-0.0074617
0.0081653
-0.0054898
0.007391
-0.0011278
0.0057298
0.0063059
-0.0095849
0.0083675
-0.0088306
0.0056628
-0.0010977
-0.0030833
-0.00171
0.0084258
0.00589
-0.001274
-0.0089626
0.0046456
-0.0039769
-0.002865
-0.0014464
0.0034393
0.0075691
0.0017217
0.000299
-6.87e-5
0.0052581
-0.0034951
-0.0018694
-0.0096694
0.0063114
-0.0085825
0.0076598
-0.0050737
0.0060917
0.0054638
0.0034945
0.0090465
0.0013395
0.0076397
0.0086178
0.002357
-0.0041876
0.0080694
-0.0090315
0.0094928
-0.0087895
0.0044246
6.77e-5
0.0020484
-0.007638
-0.0059058
0.0006805
-0.0089458
0.0095998
-0.0004228
0.0069793
-0.002736
0.0038334
0.0088357
-0.0003891
0.0027213
0.0026482
-0.0089914
-0.0085047
-0.0034989
0.0037876
-0.0017835
-0.0060192
-0.0017266
-0.0067886
-0.0043051
-0.0020003
0.009554
-0.003787
0.008987
-0.0060279
0.00178
0.008426
-0.0065849
0.0083284
-0.0035276
-0.001991
-0.0012656
0.0007136
0.0084951
0.0041509
-0.002401
0.0004981
-0.0021821
0.0069509
-0.0021443
-0.0001893
-0.0026603
-0.009895
0.0053577
0.0003692
-0.0099054
-0.001801
0.0096791
0.0085168
-0.0090222
-0.0055324
0.0002034
0.004011
-0.0078061
0.003176
0.0080875
-0.0085934
-5.1e-6
0.0041481
0.0083188
0.0001338
-0.0087917
-0.0017487
0.0056769
-0.0034414
-0.0026922
0.0013557
-0.0023216
0.0015059
-3.18e-5
-0.0023729
0.0042692
0.0052751
0.00145
-0.0055224
-0.0064688
0.009368
-0.0086951
-0.0010668
-0.0010043
-0.002501
0.0030362
0.0052765
0.0071816
0.0074852
0.0021383
-0.0099318
-0.0022322
-0.0002822
0.0053734
0.0088814
0.0070563
-0.0084868
0.0092077
0.0005157
-0.0025239
-0.0090278
-0.0041532
-0.0018034
0.0095925
-0.0075177
0.007519
-0.0086868
-0.0069921
-0.0090291
-0.000143
0.0047795
0.0099074
-0.0014932
-0.001417
0.0008538
-0.0085745
0.0044077
0.0043833
-0.0073837
-0.0072739
-0.0065189
0.0028866
0.0090037
-0.0065863
0.0040913
0.0056504
-0.0021623
0.0048156
0.0092836
0.0085133
0.0077172
0.0016057
-0.0003781
0.0066059
0.0030649
-0.0003578
0.0040062
-0.0071845
-0.0004953
0.0068729
-0.0066915
0.0004985
0.0029802
-0.003024
0.0097253
-0.0060495
0.0067017
-0.0061498
-0.0094336
-0.0054847
0.0022814
-0.0007686
-0.008141
-0.004383
-0.0034932
-0.004668
-0.0094458
-0.002974
0.001616
-0.0047149
-0.0013493
0.0006713
-0.0078012
-8.52e-5
-0.0074466
-0.0098569
-0.0074778
0.0034823
0.0075016
0.0010144
-0.0028041
0.0050491
-0.0011323
0.0059785
0.0020582
0.0069842
0.0087491
-0.0029364
-0.0075808
-0.0007187
0.0085607
0.0082645
-0.0033989
-0.0091608
-0.0005718
0.0015801
-0.0074561
-0.0004902
0.0029777
0.0036616
-0.0052812
0.0017331
-0.0001397
0.0086881
0.0003004
-0.0020632
-0.0016885
0.0003009
-0.0072727
0.0056009
0.008358
0.0067148
-0.0065543
-0.0003421
-0.0055281
0.0053628
-7.68e-5
0.0004769
0.0018084
0.0007809
-0.0065769
0.0003759
-0.0048134
0.0014595
-0.0094612
0.0074486
0.0022237
0.0028329
0.0074437
-0.0065095
0.0002511
