-0.0037429
-0.0004086
-0.0077676
-0.0022726
-0.0089305
0.007784
-0.003094
-0.0060194
-0.0039989
-0.0093879
-0.0064461
-0.0089634
0.0057929
0.0086395
-0.0016405
0.0006074
0.0086146
0.0095598
0.0091909
0.0050328
-0.0017461
-0.0006155
-0.0047349
0.0089112
-0.0041771
0.007092
-0.0071725
0.0007977
-0.0026286
0.0023245
-0.0079777
-0.0067981
-0.0048574
0.0016238
-0.0030744
-0.0097114
-0.0003046
-0.0073547
0.0017191
0.0075244
0.0019082
-0.0091633
0.0046764
0.00146
-0.0090131
-0.0089219
-0.0078932
0.0062336
-0.0005878
-0.0093704
0.000609
0.0059316
-0.0085864
-0.0040423
-0.0073507
-0.0032931
0.0041993
0.009687
0.004663
0.0023169
-0.0086084
-0.0035331
-0.0053926
-0.0024616
-0.0021362
-0.0059068
3.65e-5
0.0072657
0.0074721
-0.0083308
0.00888
0.0028787
0.0013496
0.0012357
0.0062843
0.0098798
0.0004872
0.0003972
0.0037535
-0.0001726
0.0085842
0.009214
0.0040594
0.0018986
-0.0098891
-0.0074836
0.0037778
-0.0083359
-0.0016179
-0.0074215
0.0065492
0.0094896
-0.0013458
-0.0086794
0.0092933
0.0067918
-0.0030252
0.0036266
0.0036084
-0.0083792
-0.0066159
-0.0029025
-0.0006411
-0.0071186
-0.0087831
0.0078003
-0.0068364
-0.007081
-0.0061666
-0.0006397
0.0095166
-0.009611
-0.0027629
0.0002784
-0.0069893
0.0053054
0.0032683
0.0057459
-0.007384
-0.0037194
-0.0031009
0.0062123
-0.0012546
-0.0045715
-0.0063372
-0.0035739
-0.0092656
-0.0072639
0.0020119
-0.0058004
-0.0005262
0.0051744
0.0043684
0.0070438
-0.0076405
-0.0041559
-0.0078014
-0.0023399
-0.0086329
-0.0027093
0.0020229
-0.0030906
-0.0078062
-0.0016044
0.0070649
0.0090308
0.0053931
-0.003674
-0.0051201
-0.0045711
-0.008859
-0.0077787
-0.0013131
-0.0087404
0.0005105
0.0018095
0.0035897
-0.0053455
-0.0043806
0.0034989
0.004087
0.0027094
0.0046309
0.0021713
0.009804
0.0041233
-4.79e-5
0.0091487
0.0047762
-0.0044057
-0.0027241
-0.0040207
0.0031346
0.0062027
0.0081249
0.0030416
0.0005088
-0.0009464
-0.0081554
-0.0087719
-0.0057934
-0.0043258
-0.0056495
-0.0092129
-0.0038392
0.0067863
-0.0096286
-0.0075535
-0.0034976
0.002808
0.0034007
-0.0081918
0.0077988
-0.0020835
-0.0098963
-0.0034405
0.0095349
-0.0091879
-0.0067392
-0.0009872
0.0065554
-0.0048815
0.0016843
-0.0024082
-0.0082056
0.0053286
-0.0021941
0.0002197
-0.002907
0.0026102
-0.0013955
0.0088444
0.0051499
-0.0070371
0.0036109
0.006721
0.0005392
-0.0083103
0.0030354
0.0005497
0.0083247
-0.0016617
-0.0068448
-0.0021233
-0.0017439
-0.0065394
-0.0010048
-0.0033236
0.0089116
0.0091652
0.0042661
0.0029769
0.0009713
0.0027113
-0.0090616
-0.0067559
0.0037237
-0.0093609
0.0033144
0.0057544
0.0098018
0.0026414
0.0059337
-0.0029586
-0.0004478
0.0062644
0.0070904
0.0066902
-0.0097107
-0.0012983
-0.0093918
0.0035368
0.002235
0.0076177
0.0020034
0.0063737
0.0055855
0.0061981
-0.0070313
-0.0005096
0.00082
-0.0014297
-0.0018564
-0.0081052
-0.0092711
-0.0072037
-0.0082374
-0.0001121
-0.0058118
-0.0024738
0.00239
0.0039174
-0.003804
-0.0068989
-0.0082102
0.0078959
0.0075959
-0.0084125
0.0018537
-0.0057934
-0.0092823
0.0065079
0.0065756
0.0004909
0.0086606
-0.0069824
-0.0026749
0.008648
-0.0048789
0.0040443
0.0011719
0.0080321
-0.0086997
-0.000689
-0.0053004
0.0028917
0.0013995
0.0059418
0.0026756
-0.00436
-0.0091132
-0.0022201
-0.0037163
-0.0099447
-0.000216
0.0020602
-0.0037022
0.0018572
0.0008279
6.86e-5
0.0048409
-0.008662
0.0024248
-0.0028729
0.0069645
0.0027596
0.0078597
0.0098909
0.002091
0.0053457
-0.0097746
0.0086638
-0.0051551
0.0025634
0.0077685
0.0084226
-0.0072264
8.7e-5
0.0046439
-0.0083486
0.007475
0.0073481
0.0033472
0.0078182
-0.0098179
-0.0072635
0.0092931
-0.0052469
0.00176
0.0020464
0.0027832
-0.0064742
-0.0051919
-0.0075661
0.0092197
0.0073701
-0.007304
-0.0012509
0.0096334
-0.0061346
-0.0076141
0.0024675
-0.0042399
-0.0096808
-0.003258
0.0009459
0.0078756
-0.0098451
-0.009173
0.0007363
-0.0091269
0.0062575
0.0096925
0.0082911
-0.0094053
0.0045285
-0.0058941
0.0097115
0.0001225
-0.0027264
0.0013882
-0.001949
0.008577
0.0091322
0.0052541
0.0074413
-0.0080303
-0.0076922
0.001827
0.0087632
0.0073758
0.0093121
0.0029356
0.0010047
-0.0011089
0.0021472
0.0023746
-0.0010534
0.0075065
-0.0038792
-0.0066097
-0.0028113
-0.000867
0.0080847
0.0063217
0.0035982
0.0070218
-0.0088871
0.0083594
-0.0016758
0.0001116
0.0040003
0.0020153
0.0081973
0.008412
0.0033661
-0.0022791
0.0039289
-0.0082489
-0.0037954
-0.0031127
-0.0076846
0.0085381
-0.0095346
-0.0053168
0.0045238
0.0002728
0.0099209
0.0051613
-0.0003542
0.0027915
0.0059401
0.0060496
-0.0059714
-0.006378
0.0029415
0.0050104
-0.0002814
-0.0045508
-0.0057554
0.002502
-0.003229
0.0033092
-0.0004742
-0.0073528
0.0006475
-0.0067899
0.0026437
0.0054015
0.0030321
-0.0012949
0.0024477
0.0096045
-0.0091059
-0.0072166
0.000422
-0.0060304
0.0078853
-0.0087199
-0.0082001
0.0074182
-0.0036478
-0.0031948
-0.0098857
0.0027522
-0.0091915
-0.0016069
-0.0087359
-0.0079721
-0.0040685
-0.0033119
0.0060132
-0.0017246
-0.0003631
0.0023879
-0.0095052
0.0058914
-0.001326
-0.0089442
-0.009742
0.0041514
0.0007852
-0.0062295
-0.0009879
-0.0091763
0.0042537
-0.007651
0.0058256
0.0033359
0.00265
0.0057527
-0.00413
0.0093873
0.0059562
-0.0017239
-0.003768
-0.0028241
0.0038888
0.0046337
-0.0014336
0.0038197
-0.0031718
-0.0048231
-0.005344
-0.0086003
