0.0018438
0.0038176
0.0057398
-0.0007462
0.0074037
0.0029696
-0.0041399
0.0092616
-0.0040556
-0.0078394
-0.0003119
-0.0015434
-0.0063949
-0.0085985
-8.3e-6
0.0080103
0.0057455
0.0032357
0.0098405
-0.0018036
0.0029061
0.0008917
-0.0016028
-0.0035623
-0.0071031
0.0054562
0.0095469
0.0047682
-0.0079691
-0.0023327
0.0031371
0.0097908
-0.006864
0.0095795
-0.0030019
-0.0050387
0.007085
0.0007927
0.0030899
0.0015962
-0.0088767
0.0074808
-0.006048
-0.0011496
0.0023572
-0.0034322
0.0034586
-0.0069792
0.0070601
-0.0040899
-0.0032972
-0.005716
-0.005399
0.006415
0.0045794
0.0060098
0.0099373
-0.0060202
0.0053786
-0.0031915
0.0096732
-0.0014943
0.0038658
0.0034796
0.005132
-0.006143
-0.0062819
-0.0006452
0.0042641
0.0059569
0.0067587
0.0019189
-0.0050003
0.0032289
0.0010639
0.0040771
0.002362
0.0004887
-0.0098933
0.0047184
0.0035708
0.0051044
0.0020435
0.0004386
0.0053424
0.0074191
0.0023126
-0.0030627
-0.0072606
0.0052112
0.0033632
0.0018593
-0.0093918
0.0085355
0.0031635
-0.0044159
-0.0065873
0.0010547
0.001818
0.0022471
-0.0008101
-0.0088453
0.0073274
0.0097821
0.0081718
-0.0037691
-0.0098075
0.0035333
0.0089956
-0.0014598
-0.0033477
0.0039168
0.0008053
-0.0098264
0.006935
-0.0073196
-0.0024748
0.0058264
0.0086206
0.004814
0.0045561
-0.0089066
0.0073476
0.0063011
-0.0014162
0.005009
0.0055964
-0.0001654
0.0085474
-0.0014324
0.0040462
0.0064522
-0.0008885
-0.0081226
0.0058884
-0.0034738
0.0022354
-0.0093396
0.0056971
0.0060546
-0.0052977
0.0025796
0.0058653
0.0050261
0.0046358
-0.0032351
0.0042262
0.006538
0.008098
-0.0094671
-0.0058212
-0.0086459
-0.0060486
-0.0001158
-0.0042695
0.0078019
-0.0054443
0.0010261
0.0049251
0.0064639
-0.0090997
0.0074967
0.0020324
-0.0053829
0.0018753
-0.0090823
-0.0054033
-0.0029887
-0.0095629
0.0077528
0.0062075
-0.0027845
0.0032943
0.0060191
0.0018589
0.0039591
-0.0056002
-0.0069696
0.0082543
0.0091534
0.0043061
-0.0048272
0.005899
0.004093
0.0085741
-0.0098374
-0.0056463
0.000757
0.0038021
0.0059602
0.0085779
-0.003025
0.0041369
0.0049608
-0.0035546
0.0047001
-0.0062204
-0.0068885
0.0018698
0.0008331
0.0031868
-0.0058735
0.0053446
-0.0096445
0.0080736
0.0089857
-0.0034989
0.0048544
0.0038915
0.0082384
-0.0051808
-0.0059262
-0.0005106
0.0073358
-0.0046573
0.003062
0.0091607
0.0040339
-0.0043176
0.001737
-0.0036879
-0.0052479
-0.0084303
-0.0001189
0.0075064
-0.0030521
0.0075068
-0.0026228
0.0065142
0.0029663
0.0008227
0.0001093
-0.0073457
0.0056932
0.0069743
0.0034395
0.0024379
0.0060134
-0.0054586
-0.0004685
-0.0098093
0.0029156
0.0092535
-0.009126
-0.0092375
0.0006924
0.0014969
0.0002052
-0.0028844
0.0023295
0.0010727
0.0099322
-0.0048331
0.0055292
0.0039957
-0.0025344
0.0082951
0.0011972
0.0071344
-0.0007143
0.0025621
-0.0017369
-0.0068153
0.0020567
0.0083837
-0.0029434
0.0083636
0.0085485
0.0077583
0.0006816
-0.0088782
-0.0089366
-0.007621
0.0016338
0.0065248
0.0035665
-0.0022406
-0.0016388
-0.0048032
0.0021108
0.0066241
0.0089232
-0.0018871
0.0034701
0.0031133
-0.0034886
0.0077434
0.0007629
-0.0049327
0.004957
0.0017431
-0.0089349
0.0023501
0.0094929
0.0058765
-0.0080646
-0.0051024
0.0069977
-0.0070554
-0.000447
0.0022032
-0.0088439
-0.002435
0.0068715
0.0097622
-0.0009474
0.0047796
-0.0034983
0.0053496
-0.0053075
0.0067895
0.0058899
0.001558
0.0069212
0.0031524
-0.0082723
-0.0053697
-0.0001421
0.002125
-0.0094241
0.0042466
-0.0034322
-0.0079043
0.0006259
0.0054078
0.0008034
0.0066986
-4.54e-5
-0.0087549
-0.0091662
-0.0027977
0.0063634
0.0081627
0.0045015
0.0016376
-0.0086038
-0.008007
0.0065828
-0.0066872
-0.0079196
-0.0025815
-0.0039156
-0.0091821
0.0057633
0.0095187
0.0097714
0.0021259
0.0024556
-0.009176
0.0088662
0.0056543
-0.0037944
0.0085366
-0.0053196
0.009962
0.0088484
0.0018599
-0.002362
3.85e-5
-0.0074931
0.0007061
-0.0048743
-0.0013617
-0.0041369
-0.0010047
-0.0047369
-0.0030719
-0.0011764
0.0034509
-0.0011427
0.0001172
0.0076184
0.0019374
0.0038402
0.0082065
0.0006487
-0.0061298
0.0057386
0.0055985
0.0094984
0.0052078
0.0028467
0.0086857
0.0013373
0.0056334
0.0019207
-0.003916
0.0066254
-0.0079832
-0.0017706
-0.0004284
0.0097226
0.0056421
0.0030615
-0.0011391
-0.00499
-0.0084909
0.0057065
-0.00383
-0.0039047
0.0082518
0.0075947
-0.0007134
-0.0009285
-0.0061782
0.008509
0.0065541
-0.0005086
0.0078806
0.0018971
0.0092293
0.001104
0.0058858
0.0075
0.0097494
0.0089615
-0.0083161
-0.0012235
-0.0048598
0.0039987
-0.0024037
0.007421
0.0088691
-0.003301
0.0020047
0.008832
0.0051742
0.0004055
-0.0089045
-0.00535
0.0021793
0.0016752
0.0049057
-0.0044561
-9.31e-5
0.0039819
-0.008583
0.0074118
-0.008192
-0.0084577
-0.0014258
0.0016019
0.0028375
-0.009061
0.0052566
-0.0045069
0.0069532
-0.0009923
0.0055546
0.0080804
0.0077269
0.0092924
-0.0081868
-0.0077829
-0.0002331
-0.0031998
-0.0071956
0.0071547
-0.0042537
-0.0013924
-0.0024665
-0.0057179
0.0017559
0.0016445
-0.0088363
-0.0041446
0.003064
0.0027571
-0.0063571
-0.0050006
-0.0001274
-0.0012303
-0.001123
-0.0077714
-0.00123
0.0012344
0.0085317
-0.004233
-0.0029747
-0.0027236
0.00156
0.0054241
-0.0057069
0.0072833
0.0099017
0.0003459
0.0099687
-0.0042052
0.0046722
0.0066256
0.0043323
-0.0064402
0.0054165
-0.0017003
-0.0035348
