0.000765
0.0021531
-0.0024844
0.0078533
0.0093277
-0.0084828
0.0079323
-0.0046044
0.0069344
0.0038116
0.0018597
-0.0056704
-0.0071644
0.0062801
-0.0093725
0.0067896
0.0020719
-0.0076254
0.0001628
-0.004519
-0.002908
-0.0079403
-0.0010925
0.0083454
0.0028848
0.0004519
0.0094669
-0.0039218
0.0046058
-0.000923
-0.0087082
-0.006606
-0.0044582
-0.0099654
-0.0088347
-0.0080407
-0.0077863
0.0054434
-0.0017086
-0.005075
-0.0032625
0.0035733
-0.0015854
0.007183
-0.0045976
-0.0021085
-0.0035052
0.0051985
0.005613
0.0066545
0.0050014
-0.008137
-0.0029221
0.0032426
0.0091311
-0.0076683
0.0010151
-0.0069268
0.0003753
-0.0042631
0.0062991
-0.0024776
0.0075416
9.42e-5
-0.0068547
0.0028694
-0.0040533
0.0054521
0.0035886
-0.0089615
0.0061345
-0.0018173
-0.0050721
0.0078684
-0.0030879
-0.0007121
-0.0085296
-0.0059476
-0.002618
-0.006477
-0.0006109
-0.0064492
-0.0006452
0.0064463
-0.0023114
0.0001506
0.0078698
0.0034315
-0.0015729
0.0097703
0.0035741
0.0030405
-0.0024735
0.0058305
0.0014672
-0.006422
-0.0034661
-0.0003384
-0.0057125
0.0020116
-0.0069201
-0.0052623
0.0046154
0.0098535
-0.0067655
0.005359
-0.0097704
-0.0039253
-0.0079127
0.0034192
-0.0074946
0.0055963
0.009286
0.0078489
-0.0054868
-0.009448
-0.0080658
-0.0042309
0.0028806
0.0016169
-0.0039606
0.0084008
0.0043704
0.0057522
0.0036993
-0.0053923
-0.0001519
0.0041665
-0.0044923
0.0001473
-0.0028724
-0.00958
0.0047519
0.0019204
-0.0043387
0.0045012
-0.0065915
-0.0009561
0.0024103
-0.0074556
-0.0051716
0.0073063
0.0070748
0.0020189
-0.0093624
-0.0058071
-0.0033217
-1.77e-5
0.0008331
0.0085118
0.0060299
0.0091014
0.0050473
0.0078243
0.0059909
0.0085374
0.0023875
9.46e-5
-0.0090421
-0.0028222
0.0077084
-0.0017772
-0.00576
0.0019508
-0.0082421
0.0019403
0.0017702
0.0006465
0.0065126
-0.0081505
0.0073033
0.0051718
0.0092159
0.0042263
0.0082312
0.0069771
-0.0039328
-0.0040339
0.0095444
-0.0083486
-0.0050033
-0.000532
0.0028851
0.004732
0.0047026
0.00807
-0.0024722
0.0055835
0.0081507
-0.0001386
0.0060968
-0.008778
0.0066517
0.0029357
-0.0024392
-0.0097154
0.0090173
0.0051443
0.0013214
-0.0049927
-0.0099519
0.0041628
0.004092
0.0098156
0.0077723
-0.005713
0.0054307
0.0046819
-0.0013247
0.0051691
-0.0083644
-0.007064
0.0046414
0.0041395
0.0006706
-0.0028633
-1.92e-5
0.0029589
-0.0011369
0.00117
-0.0024612
0.0052178
0.0071207
-0.0046021
0.0096773
-0.0002167
0.0048547
-0.0065269
0.0039249
-0.0096854
0.0053098
0.0046624
0.0014254
0.0084191
-0.0089024
-0.0033657
-0.0081493
0.0018231
-0.008643
-0.0020441
-0.0040065
0.0067733
-0.0046146
-0.0007226
-0.0091865
-0.0031194
-0.0005518
0.0038222
0.0038796
-0.0003303
-0.0056547
0.0087163
-0.0012456
0.0002907
-0.000502
0.0038672
0.0076742
0.0037404
-0.0096337
-0.0099881
-0.0087964
-0.0035231
0.0004764
-0.0049882
-0.0081777
-0.0011154
0.0061011
0.0056939
-0.0022956
0.0075717
-0.0001891
0.0029946
-0.0099263
2.36e-5
-0.0055863
0.0081446
-0.0079861
0.0024682
0.0047821
-0.0040732
-0.0077845
-0.0061383
-0.0089441
-0.0082915
0.0098018
-0.0051905
-0.0032947
0.0036878
-0.0004332
0.0020774
0.0068095
-0.0003498
-0.0015038
0.002918
0.0068815
-0.0058251
-0.0028423
0.0059163
0.0047316
-0.0018997
0.0021296
0.0095875
-0.0081504
-0.0039249
0.0046065
0.0031789
0.0047508
0.0023425
0.0050964
-0.0023214
0.0023744
0.0039009
-0.0031564
-0.0054157
0.0076406
-0.0032599
0.0045525
-0.0089867
-0.0013015
0.0055837
-0.0031498
0.0020086
0.0038704
0.0009413
0.0093382
0.0031772
0.0039713
-0.0067491
0.0068084
0.0022072
-0.0063231
-0.0010051
-0.0003244
-0.0093545
-0.0008378
0.0095266
-0.0064972
-0.0088346
0.0013276
-0.0051241
0.0071662
-0.0022301
-0.0024042
-0.0053604
0.0031165
-0.0021982
0.0027063
0.0055647
-5.58e-5
0.0036795
-0.0047159
0.0025471
0.0026241
-0.0007742
-0.0070185
-0.0072836
-0.0084199
-0.0016586
-0.0056849
0.0070221
0.0084654
0.0047273
-0.0043799
-0.0034255
0.0038935
-0.0023311
0.0088889
0.0032738
0.0008559
-0.0076608
0.002377
0.0040434
0.0076459
-0.0035838
-0.003408
-0.0092622
-0.0039427
0.0034323
0.0043727
0.0024995
-0.0061938
0.0095285
0.0003807
-0.0085495
0.0067319
-0.000364
-0.0017959
0.0040266
-0.0030219
0.0053541
0.0096829
0.0010003
0.0063261
-0.0090925
-0.0008417
0.0025922
-0.0027921
-0.0065766
-0.0019697
-0.0041829
0.0041536
-0.0072497
-0.0046118
-0.0089198
-0.007008
0.0043145
0.007124
0.008724
-0.0033809
0.0096697
0.0054979
-0.0092421
-0.002317
-0.0023403
0.0099719
-0.0036378
0.0098426
0.0026126
0.0011107
-0.0068334
-0.0052554
0.0040052
0.0067843
-0.005631
0.0032266
-0.0085371
-0.002799
0.004632
0.0093407
-0.0051266
-0.0069777
-0.0032584
-0.0066241
0.0029585
0.0065755
0.0088061
0.0023568
0.0045991
0.0014626
0.0063444
-0.0095341
-0.0049783
-0.0040094
-0.008268
0.0074037
-0.0020513
-0.0023613
-0.0042912
-0.0069986
-6.06e-5
-0.0066732
-0.0021387
-0.0052072
-0.0096143
-0.0005142
0.0078578
-0.0071929
0.0016886
-3.58e-5
-0.0070908
-0.0063555
-0.0027552
0.0029032
0.0091424
-0.0084483
0.0027342
0.0042786
-0.0008668
0.0082928
0.0027008
0.0085103
0.0017574
0.0017901
0.0005397
0.0016791
0.0033369
0.0039305
0.0045046
-0.009669
-0.0031008
-0.0052961
0.007488
-0.0067556
0.0090753
-0.0039644
0.0033356
-0.009661
-0.0056695
0.0031913
-0.0028383
-0.0086313
0.000398
0.0042683
-0.009594
-0.0065062
