0.0035207
4.51e-5
0.0022619
0.003641
0.0047129
-0.0015356
-0.0068059
0.0084275
-0.0027458
-0.0031068
0.0012315
-0.0060706
0.0003797
0.0018065
0.009115
0.0084559
0.0040212
-0.0077622
-0.0027077
-0.0030182
0.0094886
0.0011462
-0.0035537
-0.0043293
0.0051437
0.0056781
-0.0050859
-0.0013744
-0.0095689
-0.0019728
0.0064528
-0.0004382
-0.0035531
-0.0088954
-0.0007572
0.0081967
0.0082493
0.006313
0.0056332
-0.0058983
-0.0092577
0.0083714
-0.001405
0.0060361
-0.0082468
-0.0077295
0.0049598
-0.001926
0.0078586
-0.0063734
0.000859
0.0057922
-0.0024321
-0.001807
0.0080766
-0.001958
0.0070926
0.0031678
-0.0054149
0.006795
0.0003335
0.0093236
0.0047326
0.001717
-0.0044713
-0.0047249
0.0011081
0.0099336
-0.0036897
0.0011374
-0.0016252
0.0098719
0.0076233
0.0098099
0.0005869
0.007719
-0.0014191
-0.0071032
0.0097216
-0.009773
-0.0095669
0.004843
-0.0002435
-0.0022884
-0.0004731
0.0093525
-0.005334
-0.0056083
0.0076856
0.0067541
-0.0078915
-0.0057534
-0.0014444
0.0031054
0.0044757
0.0047441
-0.0009321
-0.0089992
0.0080596
0.0042875
-0.0053354
-0.0093888
0.0043895
0.0037386
0.008311
-0.0082471
-0.0081437
0.0040366
-0.0036098
-0.00319
0.0031486
0.0043835
0.0038752
-0.0002701
0.006327
0.0091487
0.0080146
-0.0078877
-0.0069263
-0.0029196
0.0077413
0.0088185
0.0070639
0.0020544
-0.0087652
-0.0080893
0.0001958
-0.0022822
0.0042763
-0.0042947
0.0056424
0.0066291
0.006365
0.0077257
0.0018306
0.0047402
0.0012717
0.0011191
0.0044162
0.0074278
0.000738
-0.0039662
0.00414
-0.0078495
-0.0091673
0.004993
-0.0078997
0.0061898
0.0013
0.0029548
-0.0006472
-0.0033501
0.0076455
-0.0028259
-0.0029672
-0.0009017
0.0043306
-0.0069469
0.0091574
0.0021097
-0.0068968
-0.0030205
0.0092431
-0.003175
0.0031376
0.0097748
-0.0032682
-0.0045657
0.0028296
-0.0055081
-0.0006688
0.0023285
0.0021261
-0.0039363
0.0062002
-0.0006311
-0.0010874
-0.0005162
-0.0015931
-0.00383
0.009321
0.001401
-0.0052465
-0.0012476
0.0088357
0.0076044
-0.0081613
0.0042828
-0.009819
-0.0072187
-0.0081136
-0.0016493
-0.0005748
-0.0020849
0.0045191
0.0092448
0.0068634
-0.0077996
0.0038369
0.003229
0.005382
0.0007686
-0.0099926
0.0083314
0.0045764
0.0088935
-0.0030537
0.0034985
0.0003175
-0.006394
0.0006453
-0.0026514
-0.0046099
-0.0041019
-0.0003008
0.0042543
-0.0014698
0.0074198
0.0094035
0.0092161
0.0040934
-0.0073654
0.0043067
0.0039046
0.0046284
-0.001098
0.0096995
0.0004261
-0.0034275
0.0066566
0.0088875
-0.0023776
-0.0026075
-0.0057669
-0.0065906
-0.0020072
-0.0040162
-0.0083805
-0.0048048
-0.0081707
0.0054218
-0.0009525
0.0053747
-0.0072465
0.0026649
0.0012574
-0.0018546
0.00976
-0.0046408
4.29e-5
0.0035415
-0.0045586
-0.0085138
0.0064946
0.0093428
-0.0033858
0.0022963
9.67e-5
-0.0003791
0.0009057
-0.0006878
-0.0084883
-0.0079385
-0.0075363
0.006535
0.0012305
0.0080694
-0.005222
0.0089514
-0.0069709
-0.0072196
0.0024812
-0.0089623
-0.0016927
-0.0033948
-0.0020546
0.0060311
0.0089555
-0.0098909
0.0083049
-0.0086813
-0.0024598
-0.0050259
0.0004224
-0.0092233
0.0006628
0.0015095
0.0056879
0.0082179
0.0036417
-0.0068851
0.0090486
-0.0059443
0.0077773
-0.0030725
0.0006661
-0.0083402
0.004509
0.0012252
-0.0095373
0.0093583
0.009922
-0.0075016
0.0095506
0.0073246
0.0069098
-0.0048566
0.0060976
0.008778
-0.0012303
-0.0098719
-0.0065936
-0.0041371
0.00542
0.0041224
-0.0049676
0.0074466
-0.0008127
0.0068647
-0.0052205
-0.0062964
0.0089864
0.0059981
-0.003385
-0.006832
0.009797
0.0078974
0.0080453
-0.0098271
0.0097673
-0.0059844
-0.0038167
0.0011027
-0.0070584
0.0007837
-0.0025494
-0.0099753
0.0009781
-0.0009751
-0.008904
-0.0084541
-0.0066745
-0.0080525
0.007218
0.0076674
-0.0047114
0.0072428
-0.0059931
0.0020353
0.0066637
-0.0019151
-0.0030621
0.0007857
-0.0029505
0.0021666
-0.0046584
-0.0038051
-0.0033435
0.0068552
0.0006442
-0.0019385
0.0059796
0.0043761
0.0073391
0.0053364
-0.0088351
-0.0007915
-0.0035209
-0.0051291
-0.0060348
0.0055045
-0.0006081
-0.0031117
-0.0037071
-0.0077744
-0.0015031
0.0071483
0.0027348
-0.0064206
0.0013224
0.0056035
0.0046187
-0.0051431
0.0004287
0.0096182
0.0022596
0.002728
-0.0001382
-0.0035256
-0.0016765
0.0011686
-0.0018618
-0.0074231
-0.0015704
-4.13e-5
9.01e-5
-0.0011786
-0.0062846
-0.001009
6.31e-5
-0.0065878
0.0074331
-0.0041655
-0.0032466
-0.000425
-0.0043805
-0.0055221
0.0043601
-0.0095661
-0.0055158
-0.0028248
-0.0042816
0.0056099
0.006578
0.0003209
-0.0043259
-0.0008684
0.0032432
0.0015198
0.0072712
0.0066701
0.0026419
0.0064501
-0.001481
-0.0042253
-0.0024768
-0.0026411
-0.0097572
-0.0068683
0.0071085
-0.0042665
0.0092763
-0.0027701
0.0089439
0.0047408
-0.002645
0.0038955
-0.0055357
-0.0068791
-0.0075523
0.0074724
0.0031603
0.0050639
-0.003448
-0.0087247
-0.0041101
-6.3e-6
0.0045209
-0.0093669
-0.0068293
-0.0009896
0.0040696
-0.0090893
0.0020918
0.0021882
-0.0087726
-0.002744
-0.008941
-0.009353
-0.0084715
0.007726
0.0067283
0.0038752
-0.004678
-0.0053083
0.0027
0.0092889
-0.0005975
-0.0069882
0.0069783
-0.0023476
0.0027318
0.0004997
0.0016569
-0.0043716
0.0037029
-0.0068262
0.0004055
0.0051393
-0.0003994
-0.0041396
-0.0081323
-0.007356
-0.0046387
0.0027057
0.0057673
-0.0006052
-0.0091004
-0.0086409
0.007558
-0.0050255
-0.0098795
0.0013754
-0.0004073
0.0045389
