0.0069374
-0.0093462
-0.0077129
-0.0093271
0.0005988
0.001317
0.0017326
0.0044078
0.0093905
-0.0069888
-0.0040802
-0.0080919
-0.0094744
0.0096007
-0.0091561
-0.001346
-0.0036089
0.0005208
-4.6e-5
-0.0017473
-0.0013308
0.0058295
0.0021
0.0077447
-0.0016568
0.0088487
0.0048451
-0.0061894
0.0029932
-0.0035355
0.0024069
0.0047765
-0.0023066
-0.0074365
-0.0018956
0.0084233
0.0046071
-0.0093041
-0.0056176
0.008619
0.0051898
-0.0067902
-0.0090097
0.0095289
0.0027485
0.0045347
0.0011942
0.0045392
0.0036977
0.0015968
0.0072202
7.9e-5
0.0047693
0.0040284
-0.0015527
0.0080218
0.0021494
-0.0022511
-0.0089519
-0.0024925
0.0035156
0.0099414
-0.0044685
0.0063644
0.0057089
-0.0025407
0.0073874
0.0075491
0.0071005
0.0061496
0.0063173
-0.0076943
0.0072021
-0.009934
0.0046088
0.0083447
0.0047608
-5.1e-6
-0.0019631
0.0030079
0.0077209
0.0069611
-0.0090291
-0.0025367
-0.006
-0.0051717
0.0036942
-0.0006962
0.0074644
0.0021346
0.0032135
0.0099294
-6.77e-5
0.0073886
0.0068591
-0.0084145
-0.0079523
-0.0096798
-0.004076
0.0011787
-0.001913
-0.0071805
0.0067505
0.0014467
0.001346
-0.0014262
-0.0019751
-0.0008709
0.0011271
-0.0030996
0.0067737
0.0077111
-0.0059979
0.0054303
-0.0047292
-0.0015088
0.008553
-0.0091447
0.0001715
-0.0031449
-0.0026571
0.0002099
-0.0092697
0.0071272
0.0014012
-0.0099263
-0.0090139
-0.0058787
-0.0082993
0.0072413
0.0055308
0.0095863
0.005152
-0.0047778
0.0090326
-0.0098007
-0.0007284
-0.0050817
0.0046782
-0.0041222
0.0088435
0.0070332
0.0033479
-0.0055071
-0.001216
0.0067197
-0.0068414
0.0045697
0.0058946
0.0015501
0.00764
-0.0088671
0.0024668
0.0067583
-0.0004739
0.0077445
0.002633
-0.0013321
-0.0035521
-0.0039555
0.0088648
0.0059796
-0.0073677
0.0060238
-0.0094602
-0.0036464
-0.0001214
0.0098499
-0.0097706
0.0009801
0.0018297
-0.0089366
-0.008405
-0.0097529
-0.0066571
-0.0084645
0.0035359
0.001649
-0.0008656
0.0089384
-0.008951
0.0024454
-0.003415
-0.0010684
0.0097894
-0.0082247
-0.0067235
-0.002197
-0.0069696
-0.0082907
0.005644
-0.0040686
0.004885
0.0045522
0.0074425
-0.0002668
-0.0042319
-0.0072257
-0.0073129
-0.0008479
-0.0043861
0.0065092
0.0012874
-0.0024203
0.0040856
-0.0020415
0.0085248
0.0023582
0.0019077
0.0017243
0.0098903
0.0053442
0.0037391
0.0046296
0.0090305
0.0023012
0.0074627
-0.0006546
0.0078138
-0.0095082
0.0082752
-0.0037831
-0.0054704
0.0019495
-0.0031636
0.0023899
0.0041085
-0.0012918
0.0083654
0.0063036
0.0050086
-0.0009115
0.0083119
0.0034812
-0.0019675
0.001284
0.0026484
-0.0066392
-0.0086147
-0.0014693
0.0063252
-0.0033105
0.0096898
0.001035
0.0041652
-0.0075687
0.0040917
-0.0065403
-0.0065023
0.002117
-0.0010106
-0.001709
0.0081247
0.004559
0.006567
0.0017083
0.0066443
-0.0066255
0.0098691
0.0027934
0.0088467
-0.0074232
-0.0035633
-0.0012963
-0.0040139
0.0039283
0.0052163
-0.0043924
0.007275
-0.0060982
0.0016864
0.0026809
0.0008728
-0.0031782
-0.0048618
0.0041097
-0.0050791
0.0034037
0.0070668
-0.0021992
-0.0044242
0.0072399
0.0025827
-0.0052851
0.0062958
-0.0022891
-0.0010711
0.0073717
-0.0053224
-0.0060821
-0.0086814
0.0042183
-0.0082638
0.0040176
-0.0030881
-0.0041566
-0.0098898
0.0071038
0.0057558
-0.0054149
0.0062993
-0.0025276
-0.0004413
-0.0059346
0.00393
0.0017954
-0.0008846
0.0071919
-0.0015664
0.0014578
-0.0014881
0.0059498
0.0075573
-0.0050151
-0.0035107
-0.0053026
-0.0076415
-0.0009108
-0.0057725
-0.0004375
0.0010269
-0.0062642
0.0054724
-0.0047119
0.0012165
0.0066148
-0.0095495
-4.4e-6
0.0001889
-0.0056979
-0.0086559
-0.0089779
-0.007119
0.003396
-0.0074534
-0.0071033
-0.0077237
0.0015834
8.4e-5
-0.0010279
-0.0080354
0.0078266
0.0004603
-0.0088836
-0.0047562
-0.0015106
0.0062608
-0.0086254
-0.0035244
0.0052261
-0.0088804
-0.0018821
-0.0015928
0.0097235
-0.009981
-0.0098674
0.0071079
-0.0036487
-0.0008911
0.0095669
-0.0029751
-0.0073137
-0.0046011
-0.0047753
-0.0014711
-0.0040283
-0.0055752
0.0072147
-0.0096525
0.0018587
-0.0033126
0.0049798
-0.0075653
-0.0029981
0.005906
-0.0011271
0.0057334
0.0017389
-0.0093922
-0.0097889
-0.0019773
-0.0093606
0.0061293
-0.005356
-0.0018677
0.0099285
-0.00773
0.0080238
0.0039237
-0.0008273
-0.0012991
0.0045025
-0.0027723
0.0008694
0.0074312
0.0023227
0.0099304
0.0041176
-0.004385
0.0042148
0.0070434
0.009783
0.0085363
-0.0076312
0.0077747
0.0086422
1.2e-6
-0.0025608
-0.0061421
0.0045079
0.0054729
-0.0001065
-0.000404
-0.0094592
0.0066956
-0.0095577
-0.0068155
0.0053269
0.0095789
-0.0037512
-0.0094963
-0.0098881
-0.0081486
0.0046475
-0.0031975
-0.0077102
0.0009307
0.000521
0.0075007
-0.007363
0.0026726
0.007262
0.0026369
-0.0005568
-0.0061998
-0.0002625
0.0065458
0.0086651
0.0043284
-0.0004786
0.0056192
-0.0040644
0.0044614
-0.006599
0.0085508
0.0062487
-0.0096914
0.0016255
0.0053971
0.0040971
0.0081654
0.0043646
-0.0005953
-0.0096585
-0.0059049
0.0055681
0.0029596
0.0066388
0.0097449
-0.0016448
0.0031474
-0.0020722
0.0080734
-0.0060264
0.0011207
0.0050931
0.0049001
-0.0003924
0.0050434
-0.0035927
0.0056895
-0.0060789
-0.0082903
-0.009588
0.0055959
0.0056328
-8.48e-5
-0.0015069
-0.0076887
-0.0004366
-0.0061244
-0.0040908
-0.0079019
-0.0029603
-0.0052628
-0.0064831
-0.0020531
0.0020998
-0.0006817
0.0026638
0.0017361
-0.0062189
0.0003917
-0.0011504
0.0096634
