5.69e-5
0.0018651
-0.0001265
0.006735
0.0076982
0.0054672
0.0041114
-0.0078602
0.0042684
-0.0074571
-0.0078694
-0.0085256
-0.0048672
0.0015661
-0.0063442
0.0024812
-0.009483
0.000788
-0.0026817
-0.0001059
-0.0070629
-0.003336
-0.0049921
-0.0071498
0.0020229
-0.001603
-0.0036915
-0.0020151
0.001915
0.0057693
-0.0055505
-0.0072573
0.0096995
-0.0038412
0.001985
0.0073052
0.0029332
0.0045923
-0.0090352
-0.0069053
0.0066631
-0.0032325
0.0043126
-0.007459
0.0084817
0.0064896
0.005992
0.0048947
-0.0051118
0.008249
-0.0096291
0.0052713
0.0043386
-0.004612
-0.0007771
0.0020524
0.0096832
0.0072926
-0.004041
-0.0061879
-0.0069782
0.0082533
-0.0085888
0.0090484
-0.0001363
0.0041442
0.0052913
-0.0091763
0.0026808
0.009328
0.006068
-0.009187
-0.0044581
-0.0023499
0.0054674
0.0014222
-0.0015491
0.00115
-0.0074962
0.0043023
-0.0087268
0.0009443
0.0011305
0.0044202
0.0078929
0.0072481
-0.0028009
0.0046083
0.0041009
0.0059162
-0.0017303
0.002214
-0.005718
-0.004104
-0.0067865
-0.0095328
-0.0059667
0.0074988
-0.0067003
0.0069684
0.0052329
-0.0020396
-0.0021456
0.0042522
-0.001448
-0.0061122
-0.0028603
-0.0004926
-0.0040265
-0.0051795
0.00615
-0.0066609
0.007279
0.0049696
-0.0046508
0.0030616
-0.0030747
-0.0057413
-0.0078711
-0.0032998
0.0061922
0.0085219
-0.0063549
0.0095922
0.0093133
-0.004807
0.0028526
0.0041787
-0.0051418
-0.0065109
-0.0098302
0.0045287
0.0086312
0.0073954
0.0029739
0.0082916
0.0007861
0.0044091
-0.0080737
0.008706
0.0063675
-0.0038922
0.0056918
0.0064304
-0.0077742
-0.0094328
2.11e-5
0.0034114
0.0045432
0.0079455
0.0075238
-0.0082384
0.006108
0.0024831
-0.0011867
0.0017962
-0.0056036
-0.0082416
0.0018561
0.0039355
0.0031288
0.0069293
-0.0095086
-0.0089099
0.0095462
-0.0037905
0.0060216
0.0061449
0.0094054
0.0049856
0.0040644
0.0060166
-0.0074949
-1.46e-5
0.00382
-0.003773
0.0015222
0.0022884
-0.0044545
-0.0030163
-0.0026689
0.0080201
0.0082921
0.0041624
-0.0075815
-0.0068059
0.00768
0.0044451
-0.0071899
0.0086031
0.0040996
0.0058443
-0.0033392
-0.0078476
-0.0043056
0.002567
0.0070503
0.0096857
0.0004142
0.0061061
0.0037243
0.0068881
0.0070444
-0.0034716
0.0044142
0.0022634
-0.0002215
0.0090868
-0.0067907
-0.0015741
0.0051307
-0.0043362
0.0039627
-0.0005814
0.0056624
0.002425
0.0058855
0.0074459
-0.0016217
0.0025172
-0.0050857
-0.0048997
-0.0056859
0.0064658
-0.0011118
-0.0020579
-0.0087035
0.003097
0.0079489
-0.0030159
-0.0055251
-0.0050638
0.0032236
-0.0084795
0.0009745
0.0063075
0.0006099
-0.0082401
0.0029804
0.0065231
0.0029509
-0.0063759
0.0050495
-0.0012643
-0.005386
-0.0055532
0.0014767
0.0020943
-0.0082883
-0.0087084
0.0027873
-0.0023182
-0.000937
0.009613
-0.0093567
-0.0064854
-0.0048898
-0.0044751
-0.0003437
0.0062308
0.0023184
0.0090098
0.0017428
-0.0037418
0.0091686
-0.0036624
0.00123
-0.0051238
0.0065657
-0.0066434
0.0024616
0.001286
0.0080334
-0.0050366
0.0026563
0.0035229
0.0094265
0.0071108
0.0087863
-0.0082177
0.0091789
0.009946
0.0034514
0.0018696
0.0099058
0.0012663
0.0022815
0.006465
-0.007413
-0.0017335
-0.0087652
0.0009228
-0.003956
-0.0023362
-0.001199
-0.0025322
-0.0003782
-1.4e-6
-0.0099164
0.007478
-5.73e-5
-0.0077731
-0.0029921
-0.0035258
-0.0097446
0.0062414
0.000638
0.0091764
-0.0033902
0.0006387
0.0075396
-0.0063248
0.0056338
0.0019105
0.0074996
0.0006001
-0.0091415
-0.0050354
0.0079658
-0.0075176
-0.0022704
-0.003573
0.0049854
0.0085696
-0.0059857
-0.0027516
0.0046099
-0.0062912
-0.0072934
0.0003136
-0.0005468
-0.0077866
-0.0051727
0.004387
-0.0060978
0.0020662
-0.0080009
-0.0087469
-0.0028229
-0.0053437
-0.0024513
-0.0018639
-0.0074617
-0.0040383
0.007264
0.0028063
-0.0084756
0.0030394
-0.003187
0.0072334
0.0038183
0.0091943
0.0096522
-0.0054504
-0.008143
0.0095847
-0.0008559
0.0094525
-0.0052405
-0.0085759
-0.0033519
0.0027766
-0.0026554
-0.0010418
-0.0033318
-0.0010288
0.0017606
0.0080741
-0.0084041
0.0042013
-0.0099327
-0.0008489
-0.0076413
0.0019578
-0.0062075
-0.0065841
-0.0014107
0.0098356
-0.0018289
-0.0035689
-0.0043903
0.0021043
-0.0038517
-0.0004821
0.0009333
0.0051933
-0.0026556
0.0091071
0.0023923
0.0053319
-0.0097192
0.0062346
0.0011516
0.0039354
0.0095936
-0.0048616
-0.0023738
0.0055548
-0.0027117
0.0002428
0.0008101
-0.0099876
0.0054762
-0.0017598
0.0004965
0.0081908
0.0070516
0.0041518
0.0089678
0.0053315
-0.0058652
-0.0093773
-0.008605
0.0037877
-0.0064932
-0.0043666
-0.002046
0.0014465
-0.0063515
0.0030313
-0.0011693
0.0015132
0.0096102
-0.0096865
0.0077486
-0.0035636
0.0038404
0.0048351
0.0089292
0.0058847
0.0008437
-0.0078658
-0.0029985
0.0037497
0.0084935
0.0070803
0.0051855
0.0022959
-0.0039551
-0.0002947
0.0064947
0.0088603
-0.0005257
0.0018551
0.0025876
0.0006662
0.0008663
-0.0083842
-8.9e-6
-0.0062613
-0.0093062
-0.0019495
0.0050035
-0.0036629
-0.0042806
0.0047906
0.0078247
-0.0035363
-0.0067035
0.0067524
-0.0013243
-0.0013984
-0.0096492
0.006031
0.0045861
-0.0060941
0.0037063
-0.0077787
-0.0037049
0.0041485
-0.009549
0.0023539
0.0071398
-0.0050648
-0.0027243
-0.0020414
-0.0043263
0.0039432
0.0099413
0.0098551
0.0007775
0.0077031
0.00634
-0.0046274
-0.0083686
0.0083079
-0.0059657
-0.0085959
0.0055667
0.0097904
-0.0084672
0.0073771
0.0006818
-0.0044607
0.0031095
