-0.0036236
-0.0094
1.02e-5
0.0063445
0.0059442
0.0086027
-0.0003818
0.0088365
0.009543
-0.0028555
-0.0025851
-0.0004829
0.0089256
-0.0095896
0.0038489
-0.0015523
-0.0089745
0.0066953
-0.0091846
0.0020264
-0.003983
-0.0080241
0.0007266
-0.0033556
0.0099778
0.0050266
-0.0069024
-0.008383
0.0060327
-0.0027116
-0.0095819
0.0036233
-0.0057192
0.0067861
0.0005427
-0.0024175
-0.0065093
-0.0015637
-0.006415
-0.0029505
-0.0002178
0.0008015
-0.0082126
0.006186
0.0049591
-0.0037851
-0.0011555
-0.00964
-0.0089976
-0.0092852
-0.0030014
-0.0021273
-0.0083419
-0.001664
0.0026399
0.0058904
0.0008057
-0.0082937
-0.0048354
0.0074181
-0.001996
0.0092353
-0.0051644
-0.0062117
-0.0007974
0.0041607
0.0083424
0.0099522
-0.0036542
-0.0071182
-0.0028107
-0.0035084
0.0060027
0.0081176
-0.0048187
-0.0097201
-0.0011449
0.0080405
0.0034326
-0.004157
0.0077757
-0.0093414
-0.0099149
-0.0001973
-0.0080341
0.0081013
0.0069051
-0.0027938
0.0015002
0.0052826
-0.002606
-0.008926
-0.0025173
0.0082892
0.0059616
0.0092297
-0.0030315
-0.0063585
0.006203
-0.0049261
0.0076958
-0.0089698
0.008098
0.0040259
-0.001441
-0.0033801
-0.00693
-0.0067134
0.0096155
-0.0032604
-0.0063512
0.0085714
0.0005701
0.0023398
-0.0021156
-0.0085915
0.0038443
0.0090273
0.0055496
0.009946
-0.0030369
-0.0097731
0.0024814
-0.0084654
0.0085878
-0.0061938
0.0092814
-0.0017208
-0.0098283
-0.0096171
-0.0047468
-0.004266
0.0068345
-0.0076749
-0.0097914
0.0045494
0.0048899
0.0045237
0.0028238
-0.0077944
0.0023791
-0.007373
-0.009314
0.0041348
0.0025557
-0.0063467
0.0003844
-0.0025901
-0.0069843
-0.0083253
-0.0005422
0.006724
-0.0095874
-0.0074092
-0.0089657
0.0044246
0.0088814
0.0008979
-0.0032802
0.0001349
-0.005427
0.0026301
-0.0026265
0.0014702
0.0028795
0.0091351
-0.0085318
0.0056836
-0.0018983
-0.0096093
0.0021526
0.005894
0.0061292
-0.0001934
0.0041706
0.0044453
0.0017335
-0.0099574
-0.0060682
-0.0036799
-0.0066079
-0.0066831
0.0061497
-0.0028576
-0.0051211
0.0050853
0.0009989
-0.0044986
0.000501
0.0074432
-0.004712
-0.0013689
0.0018225
0.0014069
-0.0034165
0.0012436
-0.0068361
-0.0002333
-0.0094985
0.0076258
0.0088081
-0.002253
-0.0072271
-0.005439
0.0085287
0.0066805
0.0065561
-0.0019377
0.0080776
-0.0012581
-0.001264
0.0084544
-0.0037556
0.0004807
0.002637
-0.0046831
0.009098
-0.0082777
-0.0024152
-0.0007599
-0.0061839
-0.0061427
0.0015659
0.0039302
0.0045991
0.0036685
-0.0023006
-0.005395
-0.0029762
0.0015683
0.0094855
0.0015897
-0.0087687
-0.0056553
0.0026394
-0.0090809
0.0067871
0.0079589
0.0072469
-0.0039456
-0.0085207
-0.0045549
0.0066553
-0.0050311
-0.0045713
0.0056107
0.0094159
0.0092358
0.0018099
0.002683
-0.0072397
-0.0068282
0.0050184
0.0027568
0.0095165
-0.0006591
0.0084582
-0.0061065
0.0092292
-0.0081091
-0.0058318
0.0055474
-0.0073855
-0.0070655
0.0020557
-0.0026157
0.0031949
-0.0088741
-0.0067148
0.0086533
0.0048882
-0.0009484
0.0033971
0.0098867
-0.0076264
-0.0005784
-0.0042381
0.0019194
-0.0095983
0.0052343
-0.0089477
0.0075876
-0.0026825
0.0019382
-0.0066413
0.0065953
-0.0049845
-0.0086668
-0.0051766
0.0027056
0.000757
-0.0036586
-0.0083474
0.0093454
0.0091239
0.0018043
0.0028236
0.00635
0.0055058
-0.0017459
-0.0037218
-0.0008798
-0.0050108
0.0001102
0.0058108
0.0036036
-0.001383
0.0095893
0.0056402
0.0041082
-0.0092667
-0.0078298
0.0033989
-0.0029481
-0.004549
0.0025512
0.0026405
0.0097373
-0.0060774
-0.0064359
-0.0077125
0.0018207
-0.000276
-0.0054899
-0.0041583
-0.0093188
0.002077
0.0088687
0.0058027
-0.0087291
-0.0001534
0.0071788
-0.001681
-0.004977
0.0039626
0.0021532
-0.0031369
-0.0040956
0.0027524
-0.0070147
0.0094206
0.0046611
-1.83e-5
0.0031975
-0.0063543
0.0040531
-0.0070432
0.0019201
-0.0062446
0.0089274
0.0092095
0.0030577
-0.0061322
-0.0075974
0.0018871
-0.0076463
-0.0092791
0.0097907
-0.0020327
0.0087161
0.0054308
-0.0031861
0.0087514
-0.0019541
-0.0089566
-0.0062584
-0.0099031
-0.0069971
-0.0036077
0.0049057
0.0065132
-0.0065788
0.0011904
-0.0088205
-0.0031325
0.0021825
0.0010471
0.0037372
0.0012077
0.0032808
0.0050667
0.0040372
0.0068795
-0.0070118
0.0095778
-0.0030529
-0.0027376
-0.0047802
0.0052126
0.0086612
-0.0022645
0.0003505
0.004128
-0.0031562
0.0095472
-0.002272
0.0018396
0.0078101
-0.0085227
0.0022217
0.0006048
-0.0077621
0.0097632
0.0064532
-0.0035403
-0.0058396
-0.0001132
0.0072907
0.0026042
-0.0081357
0.0073475
0.0012342
0.0012679
-0.0076222
-0.0086121
0.0085482
-0.0048949
0.0055293
-0.0039467
0.0071087
-0.0028241
0.0019444
-0.0074183
-0.0095572
0.0073402
-0.0084913
-0.0057265
0.0008589
-0.0002562
0.0002683
-0.0063522
0.0072129
0.0003694
0.0011114
0.003107
-0.0037735
-0.0094836
0.0034761
0.0081307
0.0034744
0.0095472
0.0032592
0.0023711
0.0065144
-0.0002259
-0.0067718
0.0029782
0.0083401
-0.0093086
-0.005835
-0.0070685
0.0084877
-0.0093323
-0.0034989
-0.0012484
-0.0056958
-0.0054883
0.0043037
-0.0007149
0.0004471
0.0038927
0.0074574
0.0054827
8.87e-5
-0.0020851
-0.0026311
0.0027204
-0.0084698
-0.0016925
0.0013272
-0.0068169
0.0004328
0.0023059
-0.00446
0.0064371
0.0030368
0.0050523
-2.18e-5
0.0082959
0.002531
-0.0049193
-0.0001687
0.0059027
0.0078313
1.01e-5
-0.0096215
0.0066113
-0.007431
0.0030907
-0.0081964
0.0077966
0.0031338
-0.0087516
-0.0037412
-6.18e-5
