-0.0061713
0.0081337
0.0094174
-0.0077733
-0.0009818
-0.0040833
-0.0080989
-0.0099833
0.0078729
-0.0003755
-0.0011031
-0.0045418
0.0045316
0.0043776
-0.0049294
0.0002287
-0.0032867
-0.0001177
-0.0002028
-0.0045364
0.0035424
-0.0026333
-0.0037528
0.0043068
0.0024169
-0.0072611
-0.0033334
-0.0009989
-0.0031094
-0.0010326
0.0023638
0.006679
0.0044513
0.005827
0.0035478
-0.003097
0.0076634
-0.0085221
0.0084701
-0.0014535
0.0069659
-0.0070901
-0.0080957
0.0069779
-0.0090575
0.0049035
-0.0089562
0.0067714
-0.0099102
-0.0087868
0.0067081
0.0052549
-0.0064395
-0.0061366
0.0060567
0.0023946
-0.0055293
0.0035907
0.0072872
0.0060705
0.0026313
0.0067967
-0.0014422
-0.0064859
0.0009201
0.0027637
0.0030446
0.0064226
0.0078719
-0.0050108
-0.0060002
-0.0096529
-0.0097271
0.0066103
0.0030723
-0.0022575
0.0094375
-0.0052875
-0.0026806
0.0005349
-0.0063842
0.0018615
-0.0072837
0.0031642
0.0006604
0.0093303
-0.0039313
-0.0016475
0.0022084
0.0027802
0.0085946
0.0064507
0.0067258
-0.003392
-0.0044479
0.0014017
0.0069084
-0.0059469
0.0076805
-0.0011978
-5.7e-6
0.0080584
-0.0067322
0.0012925
-0.0078672
-0.0099591
0.0047937
-0.0070046
0.0092423
-0.0023006
-0.0088627
0.0068958
0.0006234
-0.0068418
-0.0013116
-0.0034994
0.0050166
0.0081371
0.0064532
-0.0016048
-0.0006338
0.0023087
0.005889
-0.0022261
0.0059764
-0.0014889
0.0053425
0.002743
-0.00806
0.0023966
0.0068689
-0.0036857
-0.0026133
0.0042194
0.009189
0.0024148
-0.0068998
0.0044852
-0.0007479
0.0064428
0.0033626
-0.0063602
-0.0064423
-0.0032993
-0.005069
-0.0090186
-0.0069626
0.0098914
-0.0006448
-0.001627
0.0029158
0.0071094
0.0070746
-0.000724
0.0012092
0.0038375
0.0040829
-0.0091433
-0.0032082
0.0043559
-0.003974
0.0087908
0.0050694
0.0033129
0.00224
-0.0098467
-0.0085273
0.0008915
-0.0038023
-0.0073449
-0.0069325
-0.0057666
0.0081326
-0.0012764
0.0024538
-0.0009071
0.00625
-0.0057977
-0.0030791
-0.004045
0.0089061
0.0096463
-0.0034057
-0.0045459
0.0070698
-0.0006102
-0.0024113
0.0081123
0.0084711
-0.0002714
-0.0001338
-0.0052426
0.0090316
-0.0045251
-0.0004721
0.0009158
-0.0061571
0.0072715
0.0048159
-0.0062235
-0.0026434
0.0097298
-0.000153
-0.0044514
0.0077656
-0.0067716
-0.0063347
-0.0060647
0.0069105
-0.0010681
-0.0050712
0.0042875
-0.0004929
-0.0081022
-0.0030539
-0.0039686
-0.008341
0.0072216
-0.0025075
-0.0055537
0.007655
0.0022887
0.0005673
0.0047699
-0.0047295
0.0024418
0.0006252
0.0087294
-0.005376
-0.0092813
0.0099237
0.0038734
-0.004726
0.0037036
-0.0024961
-0.0053522
0.0011595
-0.0079122
-0.0076068
-0.0072152
0.0069406
0.0033321
0.0027744
-0.00727
0.0044184
0.0035803
-0.0018158
0.0006454
0.0024155
0.0043914
-0.0054845
0.0060193
-0.0034909
-0.0093935
0.0019854
0.0015893
-0.0030852
-0.0023726
-0.0023242
-0.005604
-0.0076359
0.0020132
0.0067264
0.0001586
-0.0068819
-0.0051526
-3.03e-5
-0.0074992
0.0088011
0.0004625
-0.0074917
-0.0076322
0.0064681
0.0087574
-0.0026521
-0.0024885
-0.0003494
0.0073598
0.0005622
0.0083634
-0.0048062
-0.0070175
0.0097574
-0.0020909
0.0017768
-0.0007484
0.0085167
0.0074313
0.0019828
-0.0014214
-0.0038591
-0.0022245
-0.001101
0.0023171
-0.0076215
0.0087579
-0.0081044
-0.0003098
0.0090649
0.0081302
0.0057339
0.0005896
-0.0027579
0.0039871
-0.0076816
-0.0017733
0.000689
-0.0010243
0.0070582
-0.0092675
0.0050206
0.0014894
-0.0030004
-0.0037956
-0.0007311
-0.0069419
-0.0002519
-0.0003313
0.0028858
-0.0009424
-0.0048907
0.0044537
0.005845
0.0003364
0.0048605
-0.0044866
-0.0040817
0.0092172
0.0014719
-0.0026978
-0.005618
0.009876
0.0099434
0.0076491
-0.001392
0.0089614
0.0017883
-0.0069269
-0.0035005
0.0054667
0.0044744
-0.0010192
0.0042879
0.0065019
0.0075801
-0.0082993
0.004144
0.0063644
-0.0077425
0.0006092
-0.0008734
-0.0099975
-0.0029763
0.0006636
-0.0008818
0.0077235
-0.0086795
-0.006656
-0.0014898
0.0069811
-0.0068014
0.0042973
-0.0047887
0.0084583
-0.0008966
0.0093208
0.0060932
-0.0078549
-0.0029893
0.0073611
-0.0013737
0.0045797
0.0075885
0.0068808
-0.0012962
-0.0033139
-0.0020736
-0.0042811
0.0030368
-0.0057813
0.0079843
-0.0066066
0.0031888
-0.0031939
0.0002188
-0.0075427
-0.0003536
-0.0079942
0.0002329
0.0003011
-0.0058502
0.0059042
0.0068376
0.0019129
0.0027067
0.0068235
0.0097879
-0.0066479
-0.0068365
-0.0022375
-0.0013626
-0.0052939
0.0032753
0.0001921
-0.0096074
-0.0001407
-0.0044764
0.0053499
0.0087465
-0.0053841
-0.0055238
-0.0043306
0.0024888
0.0079078
-0.004477
-0.000187
-0.002829
0.001486
0.0094091
-0.0055406
0.0049522
-0.0026311
0.0026074
-0.0069781
-0.0011188
0.0078749
-0.0097226
-0.0010876
0.0010011
-0.0058975
0.001432
-0.0010249
-0.0086967
0.005083
0.0098132
8.45e-5
-0.0035539
-0.0062685
-0.0054228
-0.0094541
-0.0073176
0.0084654
0.0005905
-0.0011481
0.0075007
0.0096038
0.0049819
-0.0037529
0.0064489
0.0099323
0.0045806
-0.008033
-0.0066327
-0.0025583
-0.0009042
0.0038422
0.0002804
-0.005529
-0.0044824
0.0089265
0.0045873
-0.0039526
0.0010509
0.0015564
0.0037096
0.0020707
-0.005739
0.0074967
-0.0040292
-0.0096195
-0.0059634
-0.0082439
-0.0080119
0.0082551
-0.0028063
0.0028623
0.0034062
0.0016869
0.0074914
-0.0032007
-0.0087531
-0.0061843
-0.0030693
0.0010348
0.0090285
0.0016743
0.0073205
-0.006739
-0.0039625
0.009397
-0.0017709
0.0003443
0.0034574
0.0025458
0.0038181
