0.0075672
0.0044394
-0.0048612
0.0097839
0.0065694
-0.0051896
-0.0031191
0.009467
-0.0044599
0.0020241
-0.0087533
0.0035126
0.0018947
-0.0041277
0.0089809
-0.008073
-0.0002518
-0.0084734
-0.0007735
-0.0067524
0.0007118
0.0086246
-0.005501
0.0025312
0.0041691
0.008724
-0.0091985
0.0069177
-0.006529
0.0065506
0.0040432
0.0058333
0.0017322
0.0030654
-0.0014542
0.0081789
-0.0063893
0.0055983
0.0071442
-0.0002023
-0.0019539
-0.0067111
-0.0013925
0.0093131
-0.002589
-0.005994
-0.0019128
-0.0099514
0.0024838
0.0085025
-0.0007538
-0.0044109
-0.0046837
0.0035706
0.0025689
-0.0001342
-0.0056087
0.0085659
0.0075742
0.007118
0.0016537
0.0053719
-0.0046522
-0.0061366
-0.0046437
-0.0013673
0.0010934
0.0019992
-0.0079601
-0.009655
0.0094993
0.0013102
-0.004918
0.0050234
0.007937
-0.0082722
-0.0023512
-0.0015498
0.0069187
-0.0001221
0.0066138
0.0001328
0.0052757
-0.0036969
0.0057616
-0.0014301
-0.0081125
-0.0045876
-0.0039757
0.0036695
-0.0041662
0.0088465
0.0013871
0.0059497
0.0045257
-0.0006743
0.005019
-0.0034604
-0.0044813
-0.0017567
0.004472
-0.0091578
0.0067844
-0.008479
0.0065413
-0.0052828
0.0035736
-0.006035
-0.0059978
0.0099043
0.0048973
0.0028785
0.0094766
-0.004412
-0.0005247
-0.0078781
0.0023164
0.0015572
-0.0047404
-0.0011161
-0.0077145
-0.0057969
0.0018335
-0.0059564
0.0073049
0.0002727
0.0056509
0.0079421
0.0043182
0.0045299
-0.0019678
-0.0012966
-0.0069181
0.0024866
0.0011021
-0.0046545
0.009632
-0.0088128
0.0015018
-0.0026633
-0.0002845
-0.0059617
-0.0018013
0.0083366
0.0030747
0.0086188
-0.0054718
-0.0044131
0.0099615
0.0062411
-0.0030726
0.00559
0.0078136
-0.0075593
-0.0008
0.0016048
0.0087638
-0.003808
-0.0050563
0.0005952
-0.0096492
-0.0037806
-0.0086093
-0.0018268
0.0077081
0.0023248
0.0014827
0.0093604
-0.0087838
0.0025672
0.0043825
0.006308
-0.0085399
-0.0072935
-0.0008981
0.0079295
0.0098167
0.0034469
-0.0038184
0.0092435
0.0004562
-0.0003993
0.0098969
0.0015643
-0.0002243
-0.0034935
0.005568
0.0063779
-0.0024394
0.0021674
-0.0090623
0.0021567
0.0041386
0.0071553
0.0013773
0.0008539
0.003763
-0.0065989
-0.0039553
-0.0044974
0.0089799
-0.0032213
-0.0051255
-0.0067796
0.0039281
0.00122
0.0050317
-0.0087691
-0.0082044
-0.0071346
0.0056566
-0.008747
-0.0091777
0.009234
-0.0079038
0.0031982
0.001282
0.0028264
0.0098107
-0.001052
0.0031335
-0.0026236
-0.0095272
-0.0024858
0.0055124
-0.003627
0.0075555
0.0031545
0.0088945
0.005747
0.004408
-0.0030607
0.0065464
0.0009069
0.005884
-0.0050595
-0.0061375
0.0084781
0.0091931
0.0081537
-0.0048192
-0.0063602
-0.006025
0.0048112
0.0099467
0.0029963
-0.0046736
-0.0068304
-0.0056691
-0.0077802
-0.0038462
-0.0010578
0.0021172
0.0071339
0.0020092
-0.0059599
0.0030191
-0.0004734
-0.0002136
-0.0019588
-0.0032382
0.0087124
-0.0025925
0.0019196
0.0090297
-0.0074272
-0.0064065
0.000748
-0.0044946
-0.0045067
0.0030436
0.0060929
-0.001579
-0.0072016
0.0028783
-0.0065627
-0.0024254
-0.0038387
0.0080035
-0.0023328
0.0048415
-0.0016306
-0.0066623
-0.0007971
0.0058195
0.0063607
-0.0018573
0.0093718
0.0068287
-0.0054099
0.0087223
-0.002095
-0.002899
-0.0070586
0.0087949
0.0010254
0.0097068
-0.0011417
-0.0066381
-0.0049536
-0.0066724
-0.0069923
0.0070986
0.0031424
-0.0053967
0.005671
0.0074893
0.0041555
-0.009502
0.0058257
-0.003307
0.0076234
-0.0006804
-0.0069939
-0.0082654
0.0053178
0.0035055
-0.0005468
0.0028605
0.0047358
-0.0055001
-0.0060966
0.0034281
-0.0074181
-0.000712
0.0031734
-0.008729
0.0051244
-0.0066241
0.0003212
-0.0033219
-0.0065888
-0.0018367
0.0087993
-0.0022757
-0.0008685
0.0083481
-0.0001172
0.0057785
0.0066344
-0.0064183
-0.0010007
-0.0068768
-0.0088526
0.0014189
0.0078251
-0.0059744
0.0085169
0.0055998
0.0033894
0.0024756
-0.0073639
0.0058731
-0.0075098
0.0069102
0.0069198
0.0041188
0.0047009
-0.004169
-0.0021887
0.0010514
0.0048541
0.0097659
-0.0030954
0.0081978
-0.0051566
0.0011425
-0.0021839
0.003099
-0.00376
0.0049556
-0.0075837
0.005663
0.002134
0.0050812
-0.0030643
0.0060569
-0.0065515
-0.0042651
-0.0038031
0.0033914
0.0022807
-7.99e-5
-0.007699
0.0042127
0.0054477
0.0072765
0.0011665
-0.0032437
0.0083354
0.0069019
-0.006238
-0.0043672
-0.0081846
-0.0063527
-0.0078997
-0.0075271
0.0077507
0.0008744
-0.0002803
0.0042657
-0.0087505
-0.0044582
0.0003853
0.0024125
0.0098463
0.0006926
0.0086048
0.0099116
0.001047
-0.0023707
0.0059966
0.0075542
0.0067246
0.0011952
-0.0033693
-0.0046081
0.0018011
0.0051719
0.0001669
0.0059592
-0.0053466
-0.0084384
0.0091829
-0.0078404
-0.0098097
-0.0097554
-0.0039524
-0.0027081
-0.0001156
0.0077039
0.0055473
0.0008744
0.0072518
0.005114
-0.0037232
-0.0031277
0.0034304
0.0027338
-0.0056383
0.0081963
0.0058098
0.0010132
0.006553
-0.0049564
0.0057585
-0.0088454
0.0033498
0.0016442
-0.0077674
-0.0065002
0.0028075
0.0099253
0.0017756
0.008442
-0.0080847
0.0061877
0.0050667
0.0007687
-0.0046514
0.0031165
-0.0001425
-0.0067465
0.0070666
-0.0024247
0.007022
-0.0051615
0.0096397
0.0034223
-0.0031304
-0.0079976
0.0008851
0.006819
-0.0042225
0.0056983
0.0076793
0.0059167
0.0007667
0.0055024
0.0098133
-0.0065606
0.0049352
-0.0082415
0.0059105
-0.0031188
-0.0072351
0.0058304
-0.0054692
0.0090918
-0.0093528
0.0080494
-0.0072246
-0.0068505
0.0081158
0.002795
