-0.0002717
-0.0042698
0.0008946
0.0041573
-0.0074109
0.0066494
-0.0047686
-0.0052063
0.0067442
-0.0091997
-0.0088162
-0.0012596
-0.0099808
-0.0011894
0.0049863
0.0068053
0.0092482
0.0062326
0.0080167
0.0040822
-0.0041266
0.0039708
0.0064711
-0.0046065
-0.0029179
0.005367
-0.0073118
-0.0069423
-0.001599
-0.009993
0.0022024
-0.0080509
-0.0052111
0.0031541
0.0046166
-0.0088508
-0.0017655
0.0086874
0.0002516
0.0033668
-0.0012024
0.0094914
0.0001646
-0.0016571
0.0070907
-0.0093999
-0.0080406
-0.0071663
-0.0001827
0.0056275
0.003377
-0.0026753
-0.0077748
0.0021619
-0.0090006
0.0042464
0.0082837
-0.0011183
-0.0032351
-0.0092758
-0.004581
-0.008152
-0.0080576
0.0066276
-0.0058353
-0.0083676
-0.004987
0.001624
-0.0063739
0.0088371
0.0007957
1.67e-5
-0.0013424
0.0070086
-0.0070514
-0.0086148
-0.0078779
0.0025007
0.0013207
0.0091577
0.0057219
-0.0027943
-0.0018749
0.0021836
0.0037709
0.0079244
-0.0046973
-0.0019613
0.0086153
-0.0017789
0.0008995
-0.0043959
0.0077121
-0.008863
0.006195
0.0069896
-0.0041534
-0.0033762
0.0021124
-0.0001644
0.0077336
-0.001268
0.0009089
0.0020055
-0.007371
-0.0091197
0.009302
-0.0080168
0.002071
-0.0026562
0.005302
-0.0020801
-0.0007147
-0.0099558
-0.0061684
-0.0009051
0.0039015
0.0094072
-0.006163
-0.0010809
0.0021961
-0.0058092
0.0047863
0.000925
-0.0038591
0.0067514
0.0044871
0.0024
0.0075956
0.0066335
0.0070307
0.0007354
0.0015524
0.0029609
-0.0072821
-0.0035054
-0.0017084
-0.0055598
-0.0082534
-0.0086567
-0.0038066
-0.0063493
-0.0067294
0.0006914
0.0001267
-0.0095866
-0.0073481
-0.0099106
-0.0003976
-0.0086746
0.0070028
0.0029329
-0.0021158
0.0085867
0.0087345
0.0069819
-0.0051106
-0.0017167
-0.0090347
0.0046783
0.0012265
-0.0054598
0.0066369
-0.0033937
0.0057948
0.0002342
-0.0085324
-0.0009098
0.0034386
-0.0033309
-0.0062403
-0.0036457
0.0098451
-0.0053295
0.0021678
0.001617
0.0056264
0.0090278
0.0097739
0.003941
-0.0020597
0.002657
0.0005394
0.0014212
-0.00194
-0.0077256
0.0088024
-0.0058915
0.0056087
0.0082629
-0.0096084
0.0057513
0.0079071
-0.0003877
-0.0063679
0.0084416
-0.0020943
-0.0030937
-0.0011551
-0.0042911
-0.0098718
-0.0048834
-0.0086553
-0.0074527
0.0057296
0.0046228
0.002156
0.0004584
-0.0020559
-0.0007413
-0.0054365
0.0041804
-0.0076306
0.0035255
-0.0078692
-0.0069023
-0.0086718
0.0010762
0.0032712
-0.0059619
0.0021347
-0.0070241
-0.004964
-0.0044366
-0.0073094
0.0097849
-0.0055937
-0.0045218
-0.0031361
0.0089081
0.0039857
0.00254
0.0041703
-0.0058188
-0.004595
0.0083668
-0.000714
-0.0056055
-0.0014451
-0.0066338
0.0016292
-0.0080204
-0.0099613
-0.0065728
-0.0078477
-0.0014068
-0.0098103
0.0018966
-0.0001589
0.0097826
0.0032613
0.0034725
0.0009083
0.004642
-0.0057823
0.000497
0.0019559
-0.0096173
-0.0022279
0.0055059
0.0007063
0.0063974
0.0041167
-0.0085207
0.0049746
-0.0004648
-0.0014225
0.0024521
-0.0091367
-0.0068077
-0.0097139
-0.0003777
0.0036618
0.003799
0.0009616
0.0092734
0.0066055
-0.0086516
0.0041583
-0.0046221
0.0049983
-0.0097451
-0.0080283
-0.002551
0.0075266
0.0007582
0.0077741
-0.0085992
-0.0012738
-0.0006672
-0.0016707
0.0087404
0.0063731
-0.0009316
-0.0047721
-0.0033587
8.11e-5
0.0069072
-0.0026971
0.0078705
-0.0080077
0.0024879
-0.0033254
-0.0061461
-0.0049727
0.006202
-0.0033398
-0.0080495
0.0082359
0.0018204
-0.0007571
-0.0009635
0.0049422
-0.0082101
-0.0017169
-0.0027358
0.0013873
-0.0070721
0.009241
-0.0071882
0.0020533
-0.0053214
0.0068042
0.0083406
-0.0011306
-0.0019355
0.0097275
0.0052122
0.0058421
-0.0090257
-0.0075043
-0.0048662
0.0088536
-0.0040248
0.0074343
-0.0021452
0.0053473
-0.0076716
0.002277
0.0093966
0.009831
-0.0057253
0.0095569
0.003721
0.0034878
3.7e-5
0.000324
0.0021438
0.0006563
-0.0082577
0.0090751
-0.0008913
0.0082194
-0.0014905
0.0067396
0.0012903
0.0052511
-0.0046054
0.0006447
0.00573
-0.0054196
0.0089888
0.0055307
0.0030243
0.0014883
0.0045819
0.0031587
-0.0021291
0.0063221
-0.0051408
0.0055971
-0.0049937
0.0083754
-0.0079018
0.0019071
0.0015639
-0.0085301
0.0038988
-0.0023172
-0.0074608
0.0009449
0.0053909
0.0039721
-0.0058447
0.0029996
-0.0052638
-0.0005427
-0.0095217
-0.0011704
-0.0066189
-0.0007113
0.0089222
0.0056547
0.003788
0.0085071
-0.0033533
-0.0048819
-0.0071324
0.0079989
0.0079265
0.0079235
-0.0064657
0.0034722
-0.0036721
0.0055429
-0.0083268
-0.0024889
-0.0094744
-0.0010301
-0.0001719
0.003184
-0.0066778
0.0063415
-0.0093464
-0.0051002
0.0004768
0.0036601
-0.009185
0.0003198
-0.0097884
-0.007659
0.0089253
-0.0045927
-0.0077486
-0.0027977
-0.0014054
0.0021412
0.0017556
0.000176
-0.0089355
-0.0099947
0.0004958
-0.0093216
0.0015114
-0.0049124
0.004687
0.0099387
-0.0076099
-0.0093812
0.0002104
-0.0018415
-0.0095673
-0.0019054
0.0001883
-0.0034055
0.0068107
-0.0096242
0.0075963
0.0066126
0.0031042
0.0063379
0.0094972
0.0074986
0.0068001
-0.0063425
0.0055162
0.0072721
0.0058974
-0.0022969
-0.0097703
0.0087564
0.0056255
-0.0047106
-0.0036483
-0.0092461
-0.0067658
0.0089893
-0.0085155
0.0028727
-0.000119
-0.0041913
-0.006504
-0.0064259
0.0067332
-0.0039163
0.0089763
0.0004461
0.0076319
0.0031626
0.0062942
0.0007229
0.0047803
0.0005793
-0.0004274
0.0023234
-0.0079509
0.0049805
0.0077291
0.0095291
-0.0059893
-0.0062474
-0.0017283
-0.0035825
0.0042956
-0.0082245
