0.0080381
-0.0082301
-0.0080009
-0.0061592
-0.0092504
-0.0039093
0.0070251
-0.0003569
0.0072603
-0.0095243
-0.0074851
0.0086298
-0.0063366
0.0011826
-0.0054698
-0.0052736
0.0001309
0.0056888
0.0044425
-0.0095514
0.0085083
-0.0057523
-0.0055039
0.0034946
0.0042373
0.0008319
-0.0035932
-0.0028718
-0.0040774
-0.0074953
0.0054898
-0.0093157
-0.0015755
0.0062741
-0.0067966
-4.02e-5
-0.0084753
-0.0017368
0.0020475
0.0040188
0.0098834
0.0051371
-0.0076522
-0.0076246
-0.0034183
-0.0034431
-0.0050416
0.0062374
0.0018962
-0.0024734
0.0042062
-0.0040205
-0.0069681
-0.0024002
0.0048913
0.0034534
-0.0032039
-0.009723
0.0050234
0.0058082
-0.0022869
-0.0032027
-0.0020958
0.0007223
0.0025482
-0.0039407
0.0094752
-0.0062192
-0.0035328
0.0088804
0.0083551
-0.0027214
-0.0037417
0.0070145
0.007576
0.0075786
-0.0033171
0.0045796
0.005711
-0.0066045
-0.0023852
-0.008242
-0.0053143
0.0036155
0.0041232
0.0093974
0.0041889
0.0033799
0.0083918
0.0007727
0.0095726
-0.0073048
-0.0036748
0.0093381
0.0035388
-0.0070246
0.0096174
-0.0025685
0.0066555
0.0013865
-0.0036526
0.0066405
0.0019357
-0.0023576
-0.0089188
-0.0032899
-0.001701
0.0068848
-0.0060743
0.0082194
0.0072723
0.0008996
0.0091751
0.0009034
0.0060761
0.0074731
-0.009438
0.0085688
0.0022936
-0.0073984
-0.0027035
-0.0037089
-0.0011858
0.0081184
-0.0088698
-0.0015803
-0.0023509
0.0041035
0.0095387
0.0064614
0.0061765
0.0083839
-0.0035774
-0.0002451
-0.001231
-0.0058095
0.0078365
-0.0075527
-0.006677
-0.008182
0.0023076
0.0090875
0.0011697
-0.0059308
-0.0033854
0.0059909
-0.0016691
-0.0084097
0.0093476
0.0061029
0.0098331
-0.0098431
0.0087674
-0.0019661
0.0073249
0.0002234
0.0037226
-0.0052077
0.0073918
-0.005835
-0.0007337
0.0044506
-0.003374
-0.0071112
0.0063874
0.0044611
0.0053058
0.0043296
0.006153
0.0075968
-0.0023464
-0.0043843
0.007614
-0.0029231
0.0005264
0.0008496
0.0059298
-0.0076038
-0.0070155
0.0040777
0.0060227
0.0043282
0.0073388
0.0021912
0.005081
0.0047193
0.0035848
0.0059102
0.0014133
-0.0001102
0.0023859
0.0069069
-0.0004178
-0.0086652
0.0059385
-0.0001315
-0.0025165
0.0025548
-0.00664
0.0030846
-0.0053375
0.0012539
0.0001633
0.002006
-0.0001191
-0.0057535
-0.0045803
-0.0042108
0.005008
0.0090639
-0.0077274
-0.0076805
-0.0060383
-0.0055115
0.0052523
0.0086584
0.0091456
-0.0028455
-0.0030703
-0.0059944
-0.0060311
-0.0001699
0.005087
0.0045482
0.0003867
-0.006689
-0.0055267
0.004337
0.0078882
0.009956
0.0057074
-0.0082164
-0.0088491
-0.0041081
0.0050807
-0.0021193
-0.0032226
-0.0058754
-0.0060012
-0.0071501
-0.0030433
0.006322
0.000755
-0.0004512
0.0026353
0.0034973
0.0018035
0.0009644
0.0071408
-0.0089895
0.0098673
-0.0078025
-0.0066412
0.008371
0.0052381
-0.0061913
-0.0051059
-0.0003144
0.0059126
0.0012725
-0.0058742
-0.0061356
-0.0073204
0.0080586
-0.0008375
-0.0099283
0.0045398
0.0094035
-0.0025871
0.0009216
-0.0080227
0.00805
-0.0039205
-0.00999
0.0090983
0.0060319
-0.0085898
-0.0065943
0.0014898
-0.0002872
-0.003232
0.0080438
-0.0004285
0.0098276
0.0062944
-0.0018814
0.0071064
-0.0045894
-0.0062172
-0.0001536
0.0072087
0.0088678
0.002873
0.0028241
-0.0051595
0.0046295
0.0081051
-0.0054582
-0.0066021
-0.0069908
-0.0098765
0.0044773
0.004193
-0.0072812
-0.0085607
-0.0013236
0.0071381
0.0047623
0.0095931
0.0089979
-0.0080265
-0.0097622
0.0036296
-0.007244
0.009258
0.0027491
0.0069861
-2.81e-5
0.006107
-0.0076379
0.0023167
-0.0008441
0.0087484
0.000322
0.004214
-0.0094549
-0.0043864
0.0066818
-0.0028101
-0.0078388
0.0009441
0.0062802
-0.0064982
-0.0031616
-0.0090612
-0.0012664
0.005103
0.0055942
0.0093151
-0.0044248
-0.0044237
0.0096306
-0.0031463
-0.0082463
-0.0092996
4.15e-5
0.0037193
0.0060393
-0.0067912
0.0085665
0.001734
0.0050854
0.0049069
0.0035983
0.0023729
0.0089675
0.0046648
0.0010902
-0.0021288
0.0004615
0.0049356
-0.0059558
-0.0076285
-0.0090881
0.0020063
-7.37e-5
0.0077838
0.0065538
0.0062264
-0.009785
-4.37e-5
-0.0024759
-0.003159
-0.0015403
-0.0034956
0.000894
-0.0092686
0.0095887
-0.0052845
0.0015363
-0.0012368
0.0080593
-0.0010413
-0.0095783
0.009287
0.0076475
0.0062308
0.008984
-0.0032913
0.0065765
-0.0088923
0.0038293
-0.007212
0.0013257
-0.0088441
0.006764
-0.0019654
0.003193
-0.0039188
-0.0017532
0.0012028
0.0048296
0.0069504
-0.0048051
-0.0095651
0.0080343
0.0007692
-0.0089317
-0.0038079
0.0014381
0.0066291
0.008603
0.0077552
-0.0022487
0.0031962
-0.0013423
-0.0032242
-0.0020504
-0.0042639
-0.0074568
0.0020398
-0.0025346
0.0079054
0.0059371
-0.0071654
-0.0033132
0.0027447
-0.0063495
0.0056561
0.0055056
0.0094394
0.0085323
0.0098998
0.0062682
-0.008221
0.006159
0.0087361
0.0089605
-0.0003784
0.0079946
-0.004149
-0.0018951
0.0080683
0.005712
0.008685
0.0001241
-0.0070013
0.0094197
-0.0001274
0.0088764
0.0090742
0.0097238
0.0086249
0.0075336
0.004021
0.0071443
0.0092764
-0.009443
0.0055373
-0.0036224
0.0044617
0.0089186
0.0063593
0.0007769
0.0075075
-0.0033466
0.0029347
0.0073929
0.0054368
-0.0038948
-0.0064234
0.0036183
0.0004827
0.0046394
0.0040154
-0.0024459
-0.0008295
-0.0070395
-0.005976
-0.0077703
0.0036057
-0.0033732
-0.0034577
0.0099397
-0.0010412
0.0034572
-0.0051588
-0.0044562
-0.0058896
0.0069762
-0.0042576
-0.0039913
-0.0055963
-0.0054412
-0.0064719
