-0.0059818
0.0034621
-0.0071659
0.0078066
-0.0096552
-0.0030779
0.0016033
0.0048546
0.0004678
-0.0073794
-0.0067049
-0.0042232
-0.0075435
0.0045744
-0.006823
0.0048957
0.0053247
-0.0088528
0.0036607
0.0036402
0.0086571
-0.0028949
0.0083683
0.0042761
-0.0008724
-0.0099473
0.0001655
-0.0026544
-0.0075577
0.0085167
0.0088231
0.0047177
-0.0048409
0.004049
-0.0070304
0.001735
0.0059885
-0.0045222
-0.0005945
0.0024984
-0.0095296
-0.0084924
-0.0024099
-0.0009261
-0.005866
0.0036721
-0.0044522
-0.0087101
0.002775
0.0047064
-0.0038882
0.0071136
0.0066597
-0.0092118
-0.0069211
-0.0029495
-0.0046117
-0.0086572
-0.0096862
-0.0068037
-0.0061328
-0.0022003
0.0046197
-0.0085321
0.0079063
-0.0068564
-0.0092748
-0.0012497
-0.0094099
-0.001564
-0.0047864
-0.0024014
-0.0093269
-0.002969
-0.0078675
0.0023332
-0.0064732
0.0027802
0.0011898
-0.0088974
0.0071906
0.0016527
-0.0035329
-0.0002998
0.0099389
0.007882
0.001407
0.0093871
0.0092281
-0.0072939
0.0005622
-0.0030684
-0.0025412
0.0048715
-0.0047557
-0.0034097
0.006215
0.0029116
-0.0049751
0.0045299
0.00011
-0.0037862
-0.0027295
0.0095139
-0.0091953
-0.0087158
-0.0001134
0.0042659
-0.0022271
0.0080622
0.0025454
0.0060158
-0.0023431
0.0013339
-0.0071177
-0.008917
-0.0014144
-0.0052622
-0.0035051
2.01e-5
0.0051533
-0.0018284
-0.0026965
0.0082407
0.002791
0.0044845
-0.0083948
-0.0052304
-0.0023934
0.0030873
-0.0076786
-0.006593
0.0093353
0.0005408
-0.0073433
0.0091201
-0.0031318
-0.0082209
0.0090957
-0.0012656
-0.004637
-0.0025198
0.0052836
-0.0055426
-0.0003332
0.006066
0.0005585
0.0016367
-0.0082279
-0.007179
0.0098793
0.0082047
-0.0072516
-0.0037896
0.0079213
-0.0075313
-0.0076814
0.0063375
-0.0018993
-0.002654
-0.0072303
-0.0072207
-0.0054739
-0.0065503
0.0081849
-0.0070565
0.0031515
-0.0002815
0.0028026
-0.0068484
-0.00832
0.0033276
0.0070591
0.0060805
0.0002467
-0.0034837
0.0079698
-0.0031189
0.005642
0.0076359
0.0083457
-0.0081556
0.0027069
-0.008665
0.0076456
-6.17e-5
0.0065558
0.0094356
0.0034302
0.0099319
-0.0097691
-0.0089368
0.008773
-0.0063707
0.0088958
-0.0010373
0.0082667
-0.0035214
0.0019414
0.0058222
0.0071863
-0.0037007
0.0096463
0.0078009
0.0001885
-0.0031232
-0.0075242
-0.0038315
0.0074021
0.0094769
9.0e-5
0.0018104
0.0099094
0.0089701
-0.0062486
0.0031123
-0.0013929
-0.0013679
0.003058
0.0059502
0.0091812
0.0028857
-0.005077
-0.0083252
-0.0017949
0.0080222
0.0068355
0.0026258
-0.0044267
0.0095345
-0.0006251
0.0072256
-0.0053947
0.0051566
0.0031293
0.0049461
0.0075066
0.0042853
-0.0047109
-0.009265
-0.0071351
0.0053298
0.0081748
-0.0044024
0.0012845
-0.0095882
0.0054214
0.0069197
-0.0070597
0.008923
-0.0001225
0.009933
0.0092695
0.0012734
-0.0077914
0.0037661
0.0017634
-0.0028021
0.0038158
-0.0022197
0.0046611
-0.0082118
0.0068981
0.004328
0.0079317
0.0041587
-0.0041154
0.0022884
-0.0085977
-0.0030849
-0.000303
-0.0056481
-0.0010339
0.0022838
0.0071122
-0.0016188
-0.0029477
-0.0088168
0.0039097
0.0005828
-0.0081542
-0.00054
-0.0031245
-0.0054447
-0.0074771
0.000194
0.001962
-0.0074533
-0.0050571
-0.0028049
0.0040966
0.0036904
-0.0052285
0.0093193
-0.0041219
-0.0075793
0.0092529
0.0060826
0.0028408
-0.0067182
0.0083603
-0.0011684
0.0062524
-0.0020687
-0.0097542
-0.0061596
-0.0081093
0.0016097
0.0031535
-0.0053333
0.0016122
0.0030531
0.0018632
0.0008798
0.0008154
-0.0060039
0.0089131
0.0025352
-0.0039345
-0.0008121
-0.000487
-0.0001978
0.0072917
0.0066293
-0.0010154
0.0004805
0.0081623
-0.0084463
0.0032205
0.0028784
-0.0063979
0.0071609
-0.0022783
0.0012197
-0.0063288
0.0063371
-0.0026043
0.0011556
0.0022952
0.0067012
-0.0012184
-0.0070932
-7.77e-5
0.0035019
0.0004701
0.0067995
-0.0068355
0.0061193
-0.0052023
-0.0031982
0.0011445
-0.0065433
-0.0067733
-0.0062847
0.0043388
0.0038689
0.0026565
-0.0071885
-0.0045656
0.0015326
-0.0003356
0.0057108
0.0092165
-0.0097715
-0.0072891
-0.0086783
0.0006175
0.0074213
-0.0079312
0.0075167
0.0043096
0.0091079
-0.0052415
0.0024118
-0.008897
-0.00658
0.008282
-0.0051043
0.0080068
-0.0002958
0.0096204
0.0072758
0.0028769
-0.0001022
-0.0020506
0.0070724
0.0046661
-0.0007929
-0.0068008
-0.0045705
-0.0027979
-0.0007352
-0.0024933
-0.0078926
-0.0019411
0.0045099
-0.0073447
-0.0090339
-0.0029167
0.0076024
-0.0058087
-0.0080021
0.0016167
-0.0083955
0.003803
-0.0084009
0.0083814
-0.0009626
-0.0065621
0.0015923
0.0026803
0.0090726
-0.0086447
-0.0038804
-0.0028001
0.0020739
-0.007059
0.0029406
0.0076999
0.0052054
-0.0065117
0.0006613
0.0032982
0.0075055
0.005758
0.0065462
0.0006341
0.0010528
0.0009182
0.0052211
-0.0029908
-0.0016706
0.0028051
-0.0012284
0.0035235
-0.0023322
-0.0094104
0.0054276
0.0096631
0.0033056
-0.00256
-0.0001155
0.0031161
-0.0035751
0.0007388
0.0049114
0.0042875
-0.0020048
-0.0001664
0.007209
0.0021179
0.0067335
-0.0003108
-0.0078968
0.0054882
-0.005841
0.0042392
0.008098
-0.0089094
-0.0028431
0.0083254
-0.0053076
-0.0096757
0.0021746
0.0059814
0.0079951
0.0033563
-0.0052472
-0.0026279
0.000384
0.00152
-0.0079944
-0.0053973
0.0012187
-0.002282
0.0090267
-0.0086309
0.0080231
-0.006032
0.0002563
-0.0014431
0.0092599
-0.0090425
-0.0090704
0.0065781
0.0084043
-0.0074144
0.0088178
0.0084037
0.0037645
-0.0093489
0.0048065
0.0069496
0.0010792
-0.0038318
