-0.0003281
0.0096791
-0.0094009
-0.0070286
0.0085781
-0.0045014
0.0056991
-0.0052588
-0.0021154
0.0017162
0.0019194
0.0029449
0.0044973
-0.0064429
-0.0099583
-0.0012653
0.0048099
0.0064051
0.0099187
0.0056075
0.0016911
0.006423
0.0031722
-0.0032853
0.008955
0.0083278
-0.00615
0.0060236
0.0030297
-0.0029014
0.003328
0.0006467
-6.02e-5
-0.0020029
-0.0020449
0.0084212
-0.0004585
-0.0079843
-0.0033884
-0.0021202
0.0026258
-0.0058048
0.0095271
-0.0065488
0.0031528
-0.00249
0.0012382
-0.0065054
-0.0009787
0.003939
0.0064315
-0.007715
-0.0051562
0.002882
-0.0001061
-0.0020229
0.0022035
-0.0032947
0.004488
0.0041229
-0.003138
-0.0021405
-0.006338
0.006038
-0.0089514
0.007692
-0.0010983
-0.0024711
0.0041751
-0.0009134
-0.0035525
0.0014342
0.0043107
-0.0076801
-0.0006436
-0.0083054
0.0087548
-0.0025461
-0.0010798
-0.001238
0.009048
-0.0001931
0.001274
-0.0067552
0.0069923
-0.0076301
0.0006943
-0.0008176
0.0007634
0.0059064
0.0060945
-0.0094682
0.0089995
0.0026589
0.0091757
-0.0017604
0.0080638
-0.0001587
-0.0004161
-0.0086493
-0.009448
0.0079784
-0.0038627
-0.0023043
0.0036052
-0.0071629
0.0090193
0.0048264
-0.0063665
-0.0072183
-0.0071216
0.0033565
0.0046377
0.0049721
0.0089549
-0.0062665
-0.0007382
-0.0020832
0.0074913
0.0025439
-0.003361
-0.0017373
-0.0028658
-0.0081524
-0.0088524
-0.0075922
-0.0058413
-0.0098092
-0.0097878
0.0026578
0.0013052
-0.0099002
-0.0006934
0.00528
-0.0037957
-0.0014974
-0.0072989
-0.0009989
0.0094328
-0.000451
-6.3e-5
0.0080355
0.0023942
0.0024794
0.003438
-0.0045282
0.0071608
0.0071747
-0.0015677
0.0095712
0.0055769
-0.0028819
-0.0017213
0.0062006
-0.0036391
-0.0069478
0.0061017
-0.000553
0.0023761
-0.0039134
-0.001238
0.0074075
-0.00986
-0.0013751
-0.0040378
0.0022923
-0.0011367
0.0042214
0.0079179
-0.0054053
0.0011754
-0.0099156
-0.0023117
0.0003081
0.0033943
0.0083235
-0.00814
-0.0075577
0.0042362
-0.0017684
-0.0081337
0.00459
-0.0061944
-0.0039797
0.0070174
0.0083171
0.006441
-0.0053408
-0.0090674
0.0002428
0.0003225
0.0032376
-0.0035188
0.008667
-0.0058184
-0.0096936
-0.000263
0.0077634
0.0015445
-0.0041897
-0.0013063
0.0002413
-0.0060976
0.0033338
0.0014171
0.0070977
-0.0026733
0.0059205
0.0046263
-0.0003261
0.0003001
-0.0027648
0.0062937
0.0087566
-0.0066963
0.009044
0.0093022
0.0029761
0.0026645
0.0063966
-0.0001288
0.0075216
-0.0045591
-0.0018656
-0.0020375
-0.0006216
0.0008602
-0.0010261
0.0008462
-0.0029498
0.0035288
0.0032699
-0.009973
-0.0080942
0.0096558
0.0091234
0.0031242
0.0081911
0.0062503
-0.0072893
-0.00732
0.0026988
-0.0020083
0.0056801
-0.0057692
0.0054442
-0.0042906
-0.0036052
0.0032969
-0.0035868
-0.0014434
0.0014748
0.0088492
0.0094204
0.0091082
-0.0094091
-0.0016906
-0.0016813
0.0089859
-0.0037727
-0.0029575
0.0067008
0.0084334
0.0037752
0.0035988
0.0096636
0.00896
-0.000357
-0.0088146
-0.0096002
0.0043265
-0.006005
-0.0056422
-0.0076874
0.0008777
-0.008444
0.0046811
0.0038562
0.0007179
0.003697
-0.0030411
0.0053763
0.0079171
0.0025361
-0.0078273
-0.0042828
0.0016757
-0.0006942
-0.0099624
0.0083198
0.0056347
0.0031064
0.0073268
-0.007949
-0.0012611
-0.0048994
-0.0073266
-0.0026352
0.0021641
-0.0094354
-0.0044856
0.0099219
-0.0051801
0.0067861
-0.0072385
-0.0099099
0.0007715
-0.0085171
-0.0058412
-0.0012872
0.0053871
0.0030736
0.0051397
0.0086753
0.0073405
-0.0077305
0.0045331
-0.0008987
0.0071084
-0.0018705
-0.0020182
-0.0059346
-0.0004477
-0.0042574
-0.0018758
-0.0077803
-0.0036609
-0.0005515
0.0013927
0.0076057
-0.0049374
-0.0022638
-0.008994
0.0041512
0.0077074
-0.0042332
-0.0085359
-0.0087185
-0.0060115
0.0058108
0.0078434
-0.0080726
8.67e-5
-0.002129
0.0090952
0.00037
0.007248
-0.0016867
-0.0084466
-0.0074614
-0.0031496
-0.0041459
0.0027
0.0059683
-0.0035997
0.0029206
0.0052243
-0.0045039
0.0063672
0.0040743
0.001726
-0.0053651
-0.0030452
0.0017059
-0.0050846
-0.0017672
0.0093384
0.0032574
0.0054776
-0.0033418
-0.0032978
0.0007858
0.0033126
0.0059413
-0.0079398
0.0050299
0.0013782
-0.0035254
-0.004837
0.0070944
-0.0069455
0.0060451
0.0036699
-0.0068121
0.0022003
-0.0080793
0.0022903
0.0001506
0.0092818
-0.0059727
0.0011138
0.0083061
-0.0031739
0.0025208
-0.0078483
-0.0062248
-0.0015149
0.0086364
-0.0073079
-0.0018943
-0.0035881
0.0016637
-0.007051
-0.0069164
0.0016906
-0.0022687
0.0089715
0.0085837
-0.0094364
-0.0055294
0.0043512
0.0049407
0.0061693
-0.0004098
0.0059952
-0.0080865
0.0042997
-0.001738
0.0073638
0.002549
0.0042162
0.0015293
0.0062646
0.0051279
0.00478
0.0044194
-0.0067435
-0.0065572
0.0006565
0.0085017
-0.0020024
0.0098837
0.0076233
-0.0091083
0.0042794
-0.0063909
-0.0003167
-0.0067478
-0.0083785
0.0049567
0.0073426
-0.0088977
0.009997
-0.0054416
0.0081082
-0.0033576
0.0024973
0.0076514
0.0034737
0.0056376
-0.0098735
0.006301
0.0001384
0.0011
-0.0065905
-0.0017279
-0.0070866
0.0056755
0.0024475
-0.007777
-0.0014352
0.0094173
-0.0092657
-0.0083958
0.0040299
-0.0006324
-0.0078236
0.0004877
-0.0031505
-0.0054412
-0.0044875
0.000286
-0.0027299
-0.0034056
0.0004792
0.0075546
-0.0023296
-0.0061177
-0.0084479
-0.0010023
0.0013231
0.0001049
-0.0076867
-0.0060089
-0.0014777
0.004351
0.0061316
0.0052029
-1.79e-5
-0.0024216
0.0078226
0.0087066
-0.0016524
-0.0044797
-0.004907
