-0.0072231
0.0078232
0.0021496
0.0001946
0.0018186
0.0049952
0.0070854
-0.0085844
0.0008265
-0.0083628
0.0008346
0.0081397
0.0038419
0.0044308
0.0066578
-0.0071993
-0.0068694
0.0080924
0.002508
0.000908
-0.0094897
-0.0033601
-0.0090974
0.0044551
0.0085841
-0.000845
0.0054146
0.0008271
0.002286
-0.0083441
-0.0080683
-0.0093758
-0.0032247
0.0097867
-0.0058185
0.0089618
0.0057597
0.0048893
0.0002196
-0.0093659
0.0078293
0.0064899
0.0001776
-0.0044912
0.0055936
-0.0015013
-0.0079636
-0.0099683
-0.0006686
-0.0099187
-0.0056417
0.0028459
-0.0004614
-0.0040946
-0.005869
0.0077758
0.0090281
0.0009761
0.0025576
0.0019293
0.0056451
0.0054409
-0.0095705
0.0027559
0.0068837
-0.0082839
0.0096499
-0.0053876
0.0030237
0.0016037
-0.000239
-0.0027456
-0.0075231
0.0033728
-0.0082945
-0.0026655
0.0045154
-0.0026141
-0.0004507
0.0031263
-0.0031398
-0.0050127
-0.000145
-0.0075093
0.001319
-0.0050035
-0.0030429
0.0001777
-0.0021445
-0.0033695
-0.0057705
0.0019649
0.0028048
0.0070791
-0.0071061
-0.0005579
0.0065809
-0.0047713
0.0053477
-0.007756
0.0075552
-0.0027718
0.0090905
-0.0052613
0.0080587
0.0093335
-0.0012948
-0.0029514
-0.0021267
0.0029523
0.0029128
0.0051487
0.0027418
5.89e-5
0.0074334
-0.0003544
-0.0091784
-0.0055222
0.0074919
0.0088369
0.0093494
-0.0075305
0.0041887
-0.0004268
0.0085615
-0.0057702
-8.0e-5
-0.0031857
0.0085184
-0.0009153
-0.004135
-0.0043073
-0.0052844
0.0008196
0.0005307
-0.0050423
-0.0021934
0.0056481
0.0039288
-0.0053134
-0.0018028
0.0089491
0.001189
-0.009722
-0.0072318
0.0048468
-0.0015355
0.0056423
0.0094318
0.0080758
0.000559
-0.0030946
0.0097042
-0.0010909
0.0026336
-0.0067763
-0.0083693
-0.0086825
-0.0001557
0.0084572
0.0066028
0.0021284
-0.0055184
0.005546
0.0065542
-0.0005115
0.0018631
-0.0028359
-0.0095935
0.0071145
-0.0058645
-0.0006398
0.0059868
-0.0006651
0.0055359
0.0012925
0.0035335
-0.0072768
0.0041529
0.0083839
0.0093123
-0.0070174
0.0031229
0.007036
-0.0020641
0.000627
-0.0018116
0.004912
-0.0047627
-0.0083697
0.0002804
0.0002165
-0.0046296
-0.0086732
-0.002693
0.0099145
-0.0095514
-0.003811
0.0098537
-0.0068269
0.0078464
0.0051787
0.0079544
0.0096157
-0.0038897
0.005227
0.0061779
0.0058932
-0.003371
0.0031834
0.0041569
0.0004321
0.004473
-0.0042104
-0.0090239
0.0024492
0.0046581
-0.0073277
0.0013165
-0.0044363
0.0091927
0.009186
-0.0019439
0.005834
0.0098119
0.0004871
-0.0045747
-0.0077215
-0.0032291
0.0082365
0.0052944
-0.00378
-0.006967
0.0057349
-0.0083549
0.0084654
0.0011338
-0.006835
0.008725
-0.002107
0.0040167
0.0049021
-0.0060171
0.0080996
-0.008611
0.0024638
0.0075463
0.0034366
0.0056405
0.0046767
-0.0075605
0.0083206
-0.0010088
0.0091029
-0.0039995
-0.0002475
0.0017266
0.0069926
0.0078972
-0.0078782
0.0056441
-0.0054055
0.0016755
0.0092115
-0.008178
-0.0013006
0.0088642
-0.0019
0.0074892
-0.0054313
0.0031498
0.0070161
0.0061604
0.0049804
0.0066598
-0.0014493
0.0058258
-0.0082887
-0.0002176
0.01
0.0071233
0.0064402
-0.0051034
-0.0015789
-0.0056104
-0.0097058
0.0046682
-0.0024555
-0.0023232
0.0062138
0.0037086
0.0026262
0.0055301
0.0039963
-0.0009283
0.000799
0.0061883
-0.0083656
0.002974
0.0013636
-0.00303
-0.00352
-0.0002319
0.0065177
0.0051932
0.002291
-0.0040982
-0.0002444
0.0013833
0.0021849
-0.0063729
0.0016595
-0.0087096
0.0083309
0.0039144
0.0033328
0.0012596
-0.0071534
0.0076846
0.0040734
-0.002574
0.0034674
0.0016057
-0.0061713
0.0036352
-0.0080256
-0.0057488
-0.0070437
-0.002479
0.0002103
-0.0094659
-0.003926
0.0096738
-0.005079
-0.0068195
-0.0044451
-0.0073606
-0.0031215
0.0006075
0.002147
0.0091047
-0.0072665
0.0095302
0.0069367
0.0098105
0.003438
-0.0013003
-0.0074701
0.0046275
0.0045833
-0.0071053
0.0089298
-0.0050457
0.0068795
0.0044195
-0.0025146
-0.0031686
-0.0093004
0.0017839
0.0005558
0.0040634
0.0046908
-0.0023104
8.86e-5
0.0006094
-0.0036788
0.007528
-0.0025215
0.0082478
0.0066366
-0.0079073
-0.0051725
-0.0011636
0.0060557
-0.004224
-0.002525
0.0019707
-0.0014232
0.0076854
-0.0091035
-0.0018152
-0.0042502
-0.0017505
0.002227
-0.0022273
-0.0047718
0.0049572
-0.0068138
-0.0011618
-0.0037758
-0.0020656
0.0043967
-0.0071072
-0.003634
0.0083419
-1.57e-5
0.0068622
-0.006098
0.0009055
0.0099227
-0.0036823
0.000933
0.0023078
0.0019587
-0.0018836
0.0064527
-0.0099806
0.0012369
0.004801
0.0087922
-0.0027482
0.008345
-0.0006623
-0.001917
0.0033875
-0.0049905
0.0087982
0.0079773
0.0078037
0.0095428
0.0090727
-0.0029075
0.0080654
-0.0082898
0.0009246
0.0097693
0.0052173
-0.0017471
0.0062951
0.0073839
0.0077402
0.004995
0.0047978
0.0025107
0.0058951
0.0015944
-0.0030904
-0.0019392
0.0031856
-0.0094492
-0.0023495
-0.0009403
-0.0041604
0.0053215
-0.0006142
0.0095607
-0.0022865
-0.0099861
-0.006831
-0.0091076
-0.005453
0.0039316
0.0031522
0.0064179
0.0030419
0.0060977
-0.0011718
-0.0095182
0.0010801
0.0071309
0.0080597
-0.0043503
-0.0051857
0.007056
-0.0040964
0.0036758
0.0059731
-0.0080726
0.0038809
0.0008396
-0.0044154
0.0024424
0.0076062
0.0064395
0.006931
0.001028
0.0019174
-0.0077809
-0.0040335
0.007848
-0.0063127
0.0016726
0.0043997
0.0029743
0.0029169
0.0043209
-0.0028263
-0.0088035
0.0020982
0.0073065
-0.0035451
-0.0047679
-0.0010769
-0.0025513
0.005739
