0.0039957
-0.0079433
0.0090444
0.0080872
0.005285
0.0017514
-0.000987
0.0077455
-0.001092
-0.000644
-0.0027748
0.0055893
-0.0077216
0.0099662
0.001832
-0.0039687
0.009074
0.0069715
-0.004473
0.0056242
8.0e-6
0.0002409
0.0087192
0.0073376
0.0044773
-0.0035289
-0.0023799
-0.0052121
0.0086546
-0.0038691
-0.0011834
-0.00153
-0.0004552
0.0022749
-0.0064212
0.000199
0.0039821
-0.0085541
0.0074486
-0.0024632
0.0045246
-0.0019216
-0.0043037
0.0020785
0.000563
-0.0067482
-0.0068986
-0.0066928
-0.0049214
-0.0010946
0.0026118
-0.0098832
0.0042005
0.0076336
0.0045783
-0.0071238
-0.006317
-0.0069299
-0.0039275
-0.0057329
0.0084473
-0.0014294
0.0016172
0.006509
-0.0003851
0.0036617
0.008648
-0.0096784
-0.0038022
0.0060438
0.0041352
-0.0072181
-0.0059192
-0.0062833
-0.0010873
-0.0050882
0.0011065
-0.0004498
0.0049197
-0.0007666
0.0015942
-0.0043759
-0.0090105
0.0058808
-0.0083126
-0.0080969
0.0076148
-0.0089222
0.0043572
0.0038953
-0.0048267
0.0028685
0.0093214
0.0094705
0.0041292
-0.0064252
-0.0041029
-0.0081144
-0.0033789
-0.0060551
0.0012521
-0.001038
0.008541
0.0097468
0.0066273
-0.0076575
-0.0056552
0.0003353
-0.0075828
-0.0063896
0.0080335
-0.0042113
-0.0081245
0.0057363
0.0014911
0.002897
0.0012842
-0.0062792
-0.0050242
-0.0078483
-0.0058546
-0.0065219
-0.0005227
-0.001835
0.0027314
0.0025779
0.0027506
-0.0022916
0.0049913
-0.0087921
0.0065017
0.001928
-0.0093616
-0.0024511
0.0045119
0.0070783
0.0031411
0.0061984
-0.0056028
0.001949
-0.0048706
0.0050833
-0.0047879
-0.0009652
-0.0052321
0.0071828
0.0048438
-0.0008922
0.0086193
-0.0057711
0.0032522
0.0020049
-0.0086634
-0.0085516
-0.0099786
0.0037322
0.0095833
-0.0082459
0.0077435
-0.009602
0.0005162
0.0021031
0.0095036
0.0059161
0.0043169
-0.0016046
-0.0056047
-0.0013346
-0.0059971
-0.0099549
0.0090338
-0.0012272
0.0096896
-0.0035222
0.0026198
-0.0034211
0.0061141
-0.0062335
-0.0055556
0.0060089
0.0005261
0.002133
0.0002239
0.0034472
0.0012752
-0.0013539
-0.0091382
-0.0071954
0.005754
0.0031218
-0.0067681
-0.0010478
0.0038434
-0.0023627
-0.0012968
-0.0060296
0.0051914
-0.0054307
0.001855
-0.0050319
-0.0069454
-0.0057129
-0.0027523
0.0078394
0.0057359
0.0021392
-0.0024731
-0.0040251
0.0071473
-0.0020344
0.0076086
-0.0085519
0.0068563
0.0007073
0.0014397
-0.0056497
0.0064884
-0.0031323
0.0003814
0.0014425
0.0057234
0.0091465
0.0068704
-0.0022934
-0.0071092
0.0023553
0.0048303
0.0079645
0.0070069
0.009131
-0.0014418
-0.0024411
-0.0052215
0.0006046
0.0058214
-6.52e-5
0.0038843
-0.0079465
-0.0066777
0.007541
0.001134
0.0063284
-0.0002526
0.0077599
0.0045148
-0.009705
0.0084643
-0.008071
-0.0037507
-0.0046865
-0.0006662
0.0060405
0.00156
-0.0093747
-0.0099287
-0.0090396
-0.0027723
0.0063068
-0.0059754
-0.0032647
0.0060466
-0.0050345
-0.004847
0.0058457
0.0013437
-0.003307
0.0037507
0.0057582
-0.0024888
0.0036873
0.0080556
-0.0092791
-0.0095123
0.003573
0.0055538
0.0052269
0.0043006
-0.0079456
-0.0090273
-0.0039382
0.007968
-0.0057701
0.0093417
-0.005456
0.0078767
0.0046817
0.0001257
0.0008997
-0.0026774
-0.0058043
-0.0010635
0.0030808
-0.0023951
0.0020111
0.0059671
-0.0076427
0.0072985
0.0041746
0.0018326
0.0070299
0.0018462
0.0012295
0.0077506
-0.0040248
0.0026027
0.0051484
0.0011835
0.0042453
-0.0023994
-0.0062614
0.0012462
0.0048641
0.0061774
-0.0086796
-0.0058959
0.0010134
-0.0061569
-0.0051309
0.0096393
0.0024896
0.0071611
0.0094284
-0.0094461
0.0059877
-0.0082128
0.0022001
0.0020666
0.0049456
0.0067876
0.0088638
-0.0041294
0.0004885
-0.0005431
-0.0045545
0.0079187
0.0086902
-0.0094726
-0.0080441
0.0047455
0.0050663
-0.006765
-0.0073655
0.0001077
0.0080622
-0.0074472
0.0075701
-0.0081015
-0.0085066
-0.0029292
-0.0008352
-0.0095572
-0.0016386
0.0010381
0.0057371
0.0064462
-0.0032588
-0.0006641
-0.0044753
-0.0054816
0.0091659
-0.0070275
-0.0041512
0.0037407
0.0001275
-0.0026507
0.0036939
0.0035804
0.0043413
0.0021374
-0.0066392
0.0008915
-0.0051842
0.0018165
0.0062602
0.0089075
-0.0082748
-0.0087277
-0.0031619
-0.0088932
0.0062385
-0.0096781
-0.0076492
0.0073623
-0.0091966
0.0071082
-0.0053882
-0.0080944
0.0039074
-0.0013699
0.0002167
-0.0062437
0.0084585
-0.0061017
0.0084338
0.0032434
-0.0001691
-0.0060582
-0.0013102
-0.0075257
-0.009301
0.0010919
-0.0095695
0.002255
0.0053795
-0.0047614
-0.0033868
-0.0099903
-0.0096072
0.0030505
-0.0078744
0.0079244
-0.0047231
0.0041409
-0.0080487
-0.0030698
-0.0029913
-0.0003692
-0.0029303
-0.0006316
-0.0002937
-0.0060769
0.0089946
0.0003983
-0.0044591
0.0049582
0.002235
-0.0066369
-0.0040843
-0.0059979
-0.0011112
-9.65e-5
-0.003819
-0.0081843
-0.0019027
-0.0064407
-0.0041187
0.0023289
-0.0051061
0.0032998
-0.0070743
-0.0032411
0.0013054
-0.0055148
0.003366
0.0029385
0.0097439
0.0055323
0.0042532
-0.0061169
0.0052469
0.0049091
-0.0065719
0.0039262
-0.0094699
-0.0047176
-0.0002842
-0.0013923
0.0047839
0.003696
-3.81e-5
0.0058611
-0.0065649
0.0029257
0.0075692
-0.0095544
-0.0071191
0.0044829
-0.00294
-0.001451
-0.0075177
-0.0085885
0.0088725
-0.0005929
-0.0046761
0.0059912
-0.0033985
-0.0096258
0.0077165
0.0063187
0.0001102
0.0058263
0.0091712
-0.0016051
0.008265
0.0047913
-0.0071206
-0.0008125
0.0070416
0.0025995
0.0041826
0.0050794
-0.0086609
-0.0017726
-0.0090587
-0.0037416
