-0.0043115
0.0095463
0.0012923
0.0012035
0.0031526
0.0079677
0.0055795
-0.0027184
0.0048953
0.0073341
-0.00962
-0.0072912
-0.0068023
-0.0073732
-0.0091244
0.0020247
0.002164
0.0027212
0.0003177
-0.007708
-0.0058564
-0.0025099
-0.0041691
0.0005531
-0.0099112
0.0019506
0.0055229
-0.0098956
-0.0014596
0.0097147
-0.0067831
0.0001784
-0.0072073
-0.0083674
0.0077545
0.0006583
0.0085541
0.0095193
0.0090731
-0.0097691
0.0022667
0.0043031
-0.0013459
0.0031942
0.0004582
0.000424
0.002245
-0.0056411
0.0026532
0.007414
-0.0021171
0.002324
-0.0092104
0.0039807
-0.0072295
0.001391
-0.0051956
0.0077289
0.0062532
0.0088926
-0.0026733
0.0026383
-0.0057883
-0.0028245
8.65e-5
0.0055952
0.0036176
0.0041489
0.0014623
0.0014654
0.0071438
0.0047546
-0.0034746
-0.0029198
0.0089925
-0.0028718
0.0091024
-0.0064575
-0.0011791
-0.0004454
0.0046138
-0.0079751
0.0056593
0.0017811
-0.0017806
0.0061492
0.0052038
-0.0009272
-0.0059516
-0.003359
-0.0006106
-0.0018338
-0.0044018
-0.0084588
0.0039988
0.0070717
0.0074933
0.008099
-0.006678
0.0098443
8.8e-6
0.008226
-0.005175
0.0039325
0.0081661
-0.00465
-0.0015795
0.0045206
-0.0051501
-0.0028628
-0.0095087
-0.0038849
-0.0003447
0.0030346
0.0026157
-0.0003507
0.0080121
-0.0066886
0.0093957
-0.0075238
-0.0085594
0.0047881
0.0016501
-0.0074258
-0.0034667
0.0099497
-0.001902
0.0025467
0.0035826
0.0096067
0.0043812
-0.0042838
-0.0059315
-0.0062196
0.0032679
0.0061162
-0.0018038
0.0059515
0.0092041
0.0074029
-0.0036713
-0.0040579
-0.0024397
0.0058286
-0.0074147
-0.0010468
0.006963
-0.0064298
-0.009111
0.0070346
-0.0047323
0.0057619
0.0093054
-0.0061412
-0.0015819
-0.0038082
0.00412
-0.0067892
0.0072048
0.0074413
-0.0032023
-0.0070829
0.0074317
-0.0059218
0.0046495
-0.0046898
-0.0051697
-0.0009133
-0.0067071
-0.0093141
-0.0060743
-0.0031426
0.0096875
0.006271
-0.0026167
0.0011513
0.0058006
0.0006728
-0.0080933
-0.0081526
-0.0090882
0.0062536
0.0073525
0.00114
0.0044658
0.0008687
0.0076159
-0.004624
-0.0032426
0.0044672
-0.0052164
-0.0054516
0.0065068
0.0028143
-0.0085922
0.006648
-0.00987
0.0064704
-0.0012701
-0.0052609
-0.0008208
-0.0016572
-0.00839
0.0075431
0.00917
0.0021939
-0.0022429
0.0005969
0.0044886
0.007811
-0.0079498
-0.0058959
0.0023247
-0.008458
0.0072197
0.0028692
-0.0078932
-0.0051184
0.0073189
-0.0088575
-0.0045763
-0.0098795
0.004585
-0.0050051
-0.0046051
-0.007719
-0.0022282
-0.0010039
-0.0083878
-0.0056416
-0.0053486
0.0044004
0.008446
0.0092597
0.0007764
-0.0042198
-0.0073841
-0.0039787
-0.008265
-0.0057833
-0.0073162
0.0039465
0.0019417
-0.00287
-0.0022602
-0.0087817
-0.0076001
-0.0009391
0.0029851
9.88e-5
0.0092092
-0.0086362
-0.0058283
-0.0096249
0.0031908
-0.0068232
-0.0090456
-0.0030095
0.0074692
-0.0011725
0.0056629
0.0090434
-0.0093448
0.005278
-0.0017667
0.0052536
-0.0046021
-0.0042
0.0008418
-0.0006146
-0.0076891
-0.0095547
-0.0072923
0.0044433
-0.006687
-0.0043226
-0.0085742
-0.0099143
-0.0061303
0.0038839
-0.0064508
0.0089319
-0.004547
-0.000772
-0.0076608
0.006746
0.0060781
-0.0012727
-0.0042943
-0.0077085
-0.0033905
0.0062887
-0.0008686
-0.0037598
0.0033527
0.0081566
-0.006067
0.0055863
0.0088985
0.0064614
-0.002056
0.0092509
0.004432
0.0061977
-0.003616
-0.0015325
0.0075746
-0.0063875
-0.0028274
-0.0013719
-0.0086299
-0.0035518
-0.0074506
0.0047019
-0.0014847
-0.0073722
0.0004701
-0.0079139
0.0077211
-0.0076671
0.0084563
-0.0009779
-0.0013542
0.001523
0.0048735
0.0019493
0.0023059
-0.0014125
-0.0048169
0.006412
-0.0019737
0.0094388
-0.0038287
0.0084418
-0.0092615
0.0015036
0.009972
-0.0056207
-0.0059409
-0.0015017
-0.0023762
0.0042049
-0.0006418
0.0010208
-0.0061224
0.0094708
0.0090702
0.00018
0.0029324
-0.0022766
0.0043541
0.0051942
0.0047072
-0.0069181
0.0015297
0.0006086
-0.0064437
0.0032817
-0.0087578
0.006025
0.0025257
-0.0030315
0.0005735
0.0043663
6.75e-5
0.0054953
-0.0083081
0.004087
0.006592
-0.0013066
0.0094376
-0.0050454
0.0067157
-0.0027419
0.0068646
-0.0008754
-0.001306
-0.0098247
-0.0047372
0.0049886
0.0074748
-0.007856
0.0098541
0.0041376
0.0040433
-0.0060807
-0.0079698
0.0086637
-0.0044339
-0.0096152
0.0023898
0.0018941
-0.0081822
0.0026415
0.0096254
-0.0031537
-0.0065308
-0.0007877
0.003064
0.0017945
-0.0027178
0.0071652
0.0081175
-0.0064171
0.00339
0.0058942
0.0045549
0.0038083
0.0037065
-0.0046839
-0.0075795
-0.007019
0.0006494
-0.0099187
-0.0017613
-0.0038175
-0.0034024
0.0067115
0.0024917
0.0008594
0.0051119
-0.005654
0.0059107
0.00507
-1.29e-5
5.15e-5
0.0028594
0.0020499
-0.0028423
0.0094668
0.0028901
0.0085625
-0.0024922
0.0038749
0.0025377
0.0003906
-0.0005747
0.0012684
0.0041815
0.004567
0.0078594
0.0034992
-0.0070018
0.0098689
0.0098855
0.0020538
-0.0089317
0.0076682
-0.0004885
-0.0024079
0.0072271
-0.0052514
-0.0012801
-0.0067388
0.0057868
0.0046495
0.0025026
-0.0076058
0.0084784
-0.004731
0.0091728
0.003652
0.0092361
0.0056558
0.0077999
-0.0078219
-0.0022756
0.00441
0.0020268
0.0064047
-0.0085705
0.0079241
-0.0092997
0.0081379
-0.0086588
0.0007418
0.0059005
-0.0079404
-0.0024056
0.0038278
-0.0045118
-0.0064507
0.0018394
-0.0058589
0.0016111
0.0050926
0.0082796
-0.0089072
-0.0095109
-0.0034415
0.0031533
0.0052845
0.0004945
-0.0035419
0.0040273
