0.0074627
0.0038174
-0.0080264
-0.0049442
-0.0029471
0.0038283
0.007332
-0.0025751
-0.0008069
-0.0087115
0.0017634
0.0035602
-0.0007006
0.0073253
-0.0062393
0.0041229
0.0024759
0.0032267
0.0051918
0.0023381
-0.0042665
-0.0026728
0.0008561
-0.001905
0.0043439
-0.0009755
-0.0072913
0.0007493
-0.0067396
0.0094065
-0.002067
-0.0038214
0.0089525
-0.0023793
-0.0005081
0.007234
-0.0050614
0.0075662
0.0070523
0.0061667
0.0068805
0.0022318
0.0034845
0.0087564
0.0071055
-0.0082358
0.0059501
0.0003226
-0.0085356
0.0025402
0.0033833
0.0005698
-0.0029812
-0.0081414
-0.0016181
0.0083114
-0.0004347
0.0081922
-0.0025499
0.0026986
-0.0030495
0.003419
-0.0056076
-0.0067104
-0.007219
-0.0012724
-0.0012233
0.0077008
0.0093881
-0.003257
0.00534
-0.004368
0.0030946
-0.0009711
0.0045415
0.0055381
-0.0059901
-0.0012412
-0.0043237
0.0017144
0.0001298
0.0013573
0.0033936
0.0075004
-0.005448
0.0026607
-0.0051772
-0.0056076
-0.0050381
-0.0089661
-0.0044144
-0.0075875
0.0018941
0.0095062
-0.0037189
-0.0027804
0.0077016
0.0067865
0.00253
0.0021552
-0.0038978
-0.0020832
-0.0096796
-0.0007837
-0.0071949
5.95e-5
0.0053081
-0.0092657
-0.0059263
0.0038863
0.0086609
-0.0059497
0.004639
-0.0028758
-0.0070296
-0.0094136
-0.0028721
0.0059447
-0.0089558
0.0010087
0.0037835
-0.004383
-0.0081052
-0.0046034
0.0061866
0.0011207
0.0053829
-0.0044118
0.0087571
-0.0072417
-0.0002634
-0.0078601
-0.0074326
0.0072418
-0.0071343
0.0009195
0.0050913
-0.00886
0.0080761
-0.0047315
0.0060358
0.0009076
0.0038836
0.0033275
0.0024893
-0.0060153
0.006966
0.0032802
-0.0054149
-0.0096633
0.0018496
0.006997
0.0041188
0.0005492
0.00331
0.0080571
-0.0048799
-0.0030412
0.0049611
0.0007504
-0.0099507
-0.0071135
-0.0050978
0.0003236
-0.0083313
-0.0018433
0.0080617
0.0051507
-0.0059853
-0.0099821
-0.0044466
0.004352
-0.0003082
0.0034627
-0.0072355
0.0062006
0.0070593
0.0091705
0.0076386
0.0041618
-0.0058975
-0.004388
-0.0055535
-0.0079554
0.0003607
-0.0080923
-0.0090322
-0.0045656
0.0074256
-0.0025234
0.0068189
0.007039
0.0023593
0.0059456
0.0083372
-0.0060981
0.0023975
-0.0098242
-0.0013359
-0.0025769
-0.0038233
0.0028316
0.003625
0.007708
0.0033657
-0.0063542
0.0043093
0.0061926
0.0068411
0.0056067
-0.0004542
-0.0059357
0.0026754
0.007341
-0.000858
0.0032742
0.0052845
0.0080047
-0.0072836
0.0061327
-0.0055032
-0.0006322
-0.0025776
-0.0053167
-0.0031187
-0.0021981
0.0056384
0.0041744
-0.000133
0.0060514
0.0035025
0.0093075
0.0043997
0.0030581
-0.0035032
0.0089159
0.0099455
0.0073212
-0.008433
0.0047335
0.0098589
-0.0041613
-0.0018122
0.0017889
-0.0042148
0.0045962
0.0053897
0.0070066
0.0049851
-0.0039344
-0.0057025
-0.0086741
-0.0011625
0.0004085
-0.0051499
-0.0078965
0.0069607
-8.83e-5
-0.004723
-0.0019813
0.0025356
-0.0017579
0.0085972
-0.0064964
-0.0048827
-0.0036336
-0.0097995
0.0084291
-0.0056686
-0.0087895
-0.0094783
0.0094512
-0.006706
-0.0034688
0.009156
-0.0023635
0.000828
0.0082238
0.0090372
-0.0078811
0.0063275
-0.0054295
-0.0014906
0.0095523
0.0038738
-0.0094054
-0.0079399
-0.0055183
0.0087271
-0.0005391
-0.004789
-0.0004586
0.0002971
-0.0095523
0.0080954
0.0056772
0.0092164
0.0027579
0.0073915
0.0048392
-0.0067949
0.0072168
0.0091232
0.0037384
0.0058119
0.0045294
-0.0017095
0.0092687
0.0097862
0.0008369
0.0005384
-0.0083359
-0.0008081
0.0082563
0.0024205
-0.0066708
0.0004803
-0.0030303
0.0034814
-0.0094623
-0.0008871
-0.0070871
-0.0041339
-0.0091754
-0.0090128
-0.0002759
0.0081039
-0.0048817
-0.006569
-0.0017561
-0.0074636
-0.0091087
-0.0043477
0.0035096
-0.0022437
0.0029503
0.0029916
-0.0034282
-0.0051576
0.0056079
0.0066978
-0.0047049
-0.0084523
-0.0094191
-0.0063308
0.0074402
-0.0079387
0.0018027
0.007473
-0.0091002
0.0078096
0.0015978
0.0086873
0.0013146
-0.000309
-0.0001026
-0.0005891
0.0003311
-0.00923
-0.0035555
0.002324
0.0042833
-0.0096668
-0.0064602
-0.0060197
-0.0092717
-0.0071556
0.003191
0.0009656
0.0036798
0.0012504
0.0070348
-0.0029967
0.0092262
0.0026219
0.0064859
0.0017742
-0.0085159
-0.0050227
0.0044666
-0.0002845
-0.0026571
0.0040706
0.0094482
0.0098046
0.0075317
0.0056938
0.0016269
-0.0003812
0.0038388
-0.0061211
-0.0060218
0.0055704
0.0026687
-0.0030227
0.0088043
-0.0053913
0.0054917
-0.0047293
-0.0004931
0.0020891
0.0001334
-0.0080321
-0.0072027
0.0075748
0.0004077
0.0041213
-0.0074554
-0.0009279
0.0095475
-0.0092386
0.0033957
0.003804
0.0045315
-0.0087809
0.0009856
0.0079266
0.0058984
-7.15e-5
-0.0044673
0.009858
0.0094123
0.0090846
-0.0029856
-0.0061963
0.0010673
-0.0042421
0.006055
0.0092444
-0.0066452
0.0072114
-0.0080354
0.0092911
-0.0036058
0.0055727
-0.0098115
-0.0090676
0.0037726
0.004342
-0.0063368
-0.0030629
-0.0060155
-0.0027858
-0.0015811
0.0085613
0.0041058
0.0091992
0.0018674
-0.0093151
0.0075363
0.009762
0.001074
-0.0076847
0.0001104
0.0015797
0.009389
-0.0074098
0.00243
0.0029584
0.0051554
-0.0060903
-0.0001036
-0.0011576
0.0027306
0.0077988
-2.69e-5
0.0087002
0.0019404
-0.0069953
0.0087895
0.0098621
-0.003693
0.004385
-0.004997
-0.0079192
-0.0099963
0.0048808
-0.0060753
-0.0045039
0.0081052
-0.0063796
-0.0063041
0.0095587
0.0063863
-0.0068308
-0.0039242
-0.0039745
0.0011155
-0.006758
-0.0020915
0.0067255
0.0079889
0.0058086
-0.0079647
-0.0083819
