0.0085529
-0.0001833
0.0008154
0.0052365
0.0090871
0.0032937
-0.0048248
0.0025217
0.0026399
-0.0025021
-0.0020559
3.82e-5
-0.0064428
-0.0084577
0.0087969
0.0092716
0.0021657
0.0063969
-0.0038616
0.0062065
0.0045338
0.0058821
0.0039757
0.0023986
-0.0031107
-0.0080248
-0.0038487
-0.0071606
0.0073406
-0.0044142
0.0017245
-0.0092338
-0.0096545
0.0084834
-0.0095602
-0.006127
-0.0094456
-0.0042199
0.0094934
-0.006324
0.0039013
-0.0089666
-0.0040924
0.0032737
-0.002981
-0.0001148
-0.0034473
-0.0055144
-0.0078037
0.0012584
-0.0048807
-0.0044963
-0.006778
-0.0053066
0.0045959
-0.0019682
0.0060954
-0.0018411
-0.0069185
-0.005821
0.0051253
-0.0028335
-0.003045
0.0035202
-0.0083756
0.0070128
-0.0076938
0.0032221
0.0051497
0.000935
-0.008167
-0.0051354
0.0096313
-0.0080901
-0.0082677
-0.0012575
-0.0055918
0.0067781
0.0094538
0.0068039
-0.0054914
-0.0043909
-0.009729
-2.72e-5
-0.0056873
0.0042698
-0.0082031
0.0071437
-0.0071557
0.0057534
-0.0023051
-0.0011101
-0.0082878
0.0019364
-0.007776
-0.0037721
7.4e-6
0.0057459
-0.0027873
-0.0036828
0.0028344
-0.0015807
-0.0028689
0.0089676
0.0075689
-0.0073461
0.0051373
0.0038495
0.0076497
-0.0079744
0.0095813
0.0045792
0.0012968
0.0070384
0.0085608
0.0029683
0.0038701
-0.0016835
-0.0094045
0.0034448
-0.0068094
0.0039169
0.0010057
-0.0055
-0.0017072
0.0022731
-0.0075815
-0.0033781
0.006546
-0.0074112
-0.0079541
0.0086062
0.0080129
0.0025429
0.002748
0.0018165
-0.0053624
-0.0081487
-0.0044937
0.0042143
0.0096769
-0.0005744
0.0090409
0.0072779
0.0099498
-0.0034437
0.0020978
-0.0021256
0.0082695
-0.0090621
-0.0042632
-0.007012
-0.0060723
-0.0082225
0.0068787
-0.0052825
0.0022857
-0.0097767
0.0065784
0.0099312
-0.0032041
0.0025238
0.0063317
-0.0021104
-0.0090209
0.0075237
0.0043756
0.0037943
0.0047429
-0.0058244
-0.0039046
0.0022152
-0.0056959
-0.0036012
0.0062879
0.0063176
0.0086319
-0.0044624
-0.0049388
-0.003851
0.0046992
-0.0077363
-0.0043825
0.0058849
0.001096
0.0062484
-0.0066852
0.0036824
-0.0035473
0.0008487
-0.0057044
-0.000288
0.0089131
0.0077014
0.0029191
-0.0013774
-0.0028334
-0.0021463
0.0058379
-0.0027737
-0.005327
-0.0016817
-0.0061253
0.0003295
0.0046914
0.0009249
-0.0040005
-0.0060856
-0.001332
0.0034964
-0.0041728
-0.0039527
-0.0029514
0.0061578
0.0097057
-0.0007192
0.0048172
-0.0073416
0.0064813
-0.0029951
0.0044484
-0.0033507
0.0091071
0.0026192
7.0e-5
0.0023817
0.0086879
0.0067929
0.001406
-0.0044367
0.0083054
0.0056888
-0.0079761
-0.0093598
0.0087807
-0.0074666
-0.0078815
-0.0038437
0.003257
0.0046495
0.0021365
-0.0092165
0.0038976
-0.0027609
-0.0071292
0.0036647
-0.0083268
0.003454
-0.0027879
-0.0099067
-0.0040665
-0.0074442
-0.0015564
-0.0012598
-0.0008154
-0.0009288
0.008893
-0.0098155
-0.0067502
-0.0007167
0.0081943
-0.004791
0.0044844
0.0021495
0.0046609
-0.0001775
-0.0022504
0.0061563
0.002928
0.0071794
-0.0073453
-0.0056854
0.0095939
0.0009117
0.0023182
-0.0084146
-0.0016174
-0.0015199
0.0024241
-0.0019327
-0.0033336
0.0084838
-0.0096627
-0.0067648
0.0007319
0.0031319
0.0055103
0.0095737
-0.0039341
-0.0084558
-0.0031393
-0.0074251
-0.0040297
-0.0010547
0.0076789
-0.0041671
-0.0072529
0.009387
-0.0086045
-0.0045852
-0.0051326
0.0025419
-0.0026394
-0.0042444
-0.0058375
-0.0047663
0.0002247
-0.0052115
0.0096147
0.0093239
0.0012494
0.0056002
-0.002227
-0.0050312
0.0010188
-0.0006505
0.0042304
-0.00337
-0.0074109
-0.0085226
-0.0040616
0.0031961
0.0084598
-0.0015736
0.0032445
-0.0041702
-0.0058971
-0.0095649
0.0026994
0.0057928
-0.0090156
-0.0083134
0.0031548
-0.0049516
-0.0078169
0.0039153
0.0087601
-0.0060844
0.0025401
-0.0075757
0.0059699
0.0037372
-0.0074089
-0.007594
-0.0059477
-0.0070392
-0.000126
-0.0007259
-0.000199
-0.0084529
-0.0073569
-0.000811
-0.003366
-0.0027584
0.0075165
0.0090137
0.0066814
-0.0077466
0.0024873
-0.0042227
0.0061823
-0.0078929
-0.0039245
-0.0035632
0.0012604
-0.0087215
0.0081925
0.007607
0.0048799
0.001142
-0.0038975
-0.0090707
0.0004249
0.005752
-0.0081353
-0.0045863
-0.0025637
0.0042919
0.0041973
0.0019378
0.0088434
-0.0027085
0.0048005
-3.95e-5
0.0046584
-0.0054212
-0.0006313
0.0013222
-0.0022052
0.0069236
-0.003321
0.0003945
-0.0072108
0.0077597
-0.0015474
0.0067662
-0.0056433
0.00413
-0.0088747
0.0025082
0.0093651
-0.0013117
-0.0084312
0.0043697
0.0002257
-0.0026053
0.0076924
0.0028508
-0.008633
0.0054532
-0.0046085
-6.7e-6
0.008254
-0.0032652
-0.0058398
0.0071378
-0.0059231
0.0061493
-0.004495
-0.0052331
0.0059369
0.0098455
0.0032113
0.0085811
-0.0076208
-0.005925
-0.0009411
0.0001545
-0.0013637
0.0044045
0.0082824
-0.0098359
0.0028381
0.0061423
-0.004627
-0.0040447
-0.0071875
0.0050312
-0.0063827
-0.003181
0.0073658
0.0018887
0.0079455
0.0059404
-0.0037865
-0.0027423
0.0085419
-0.0014778
-0.0073554
-0.0051834
0.0009956
-0.0040755
-1.74e-5
0.0092103
0.0071389
-0.0077269
-0.0017268
-0.0030028
-0.0005985
0.0019397
0.0003186
-0.0097901
-0.0065686
-0.0022823
-0.0085366
0.0021885
0.0038989
0.003505
-0.0087266
-0.0032782
0.004958
0.0074251
-0.0023091
0.0037852
-0.0055656
-0.0061517
0.0073571
-0.001655
-0.0097638
-0.0090089
-0.0027783
-0.0020385
0.004823
-0.001424
0.0001134
0.0040891
-0.0064012
-0.0034241
-0.0069217
0.0039876
-0.005077
-0.0035235
0.0027822
-0.0037753
-0.0098465
