0.0084388
-0.0031062
0.0047732
0.008811
-0.0061622
-0.0080126
-0.0025727
-0.0035021
-0.0078993
0.0089569
-0.0019354
-0.0004993
-0.0045797
0.0041366
-0.0081333
0.0048921
0.0037466
-0.0018551
-0.0070252
0.0022488
-0.0035885
-0.0043497
0.0068884
0.0011416
-0.0097321
0.0080269
0.0047059
0.0008333
0.0075672
0.0041939
0.0058423
0.0054998
-0.00804
-0.0040263
0.0067812
-0.0018553
-0.0015377
-0.0093772
-0.0067219
-0.0010108
0.0052909
-0.0091722
0.0026382
0.0024587
0.0047748
0.0011773
0.0045211
0.005257
-0.0052455
0.007002
-0.0025891
-0.0004375
-0.0013369
-0.0004492
-0.002437
0.0028978
-0.0053888
0.0057381
0.0011978
-0.0021908
-0.0051742
-0.004408
0.0013907
-0.0045672
-0.0097524
-0.005502
-0.0069164
-0.0011549
-0.0051693
-0.0017122
0.0060832
-0.0002708
0.004325
0.002082
-0.005274
0.000909
0.0079806
-0.0069617
0.0076534
-0.0001067
-0.0032933
0.009232
0.002087
0.0085882
-0.0003603
-0.0093688
-0.0059739
-0.008628
-0.0030733
0.0079155
-0.0086018
-0.008446
0.000134
-0.0056717
-0.0079855
0.0019678
0.0075707
-0.0022874
0.0037665
0.0078492
0.0020184
0.0010441
-0.0003972
0.0076652
0.0050626
0.0027738
0.0004391
0.0019316
-0.0086956
0.0058992
0.0003185
-0.0081685
-0.0065871
-0.0057638
-0.007348
-0.0084114
0.0034538
-0.0042912
0.0031113
0.0007395
-0.0099693
-0.0060223
-0.0076277
0.0006166
0.006924
0.0090782
0.0063731
-0.0012263
-0.0094059
-0.0036513
-0.0037187
-0.0016885
-0.0016102
0.0096542
0.0094015
-0.0047157
-0.0031839
0.0047913
-0.0041022
0.0050009
0.0095211
-0.0026854
-0.0090599
-0.0055293
-0.0036053
-0.0025408
0.0062286
-0.0054312
-0.0012147
-0.000169
0.0054439
-0.0020627
0.0092131
0.0041636
-0.0093658
0.0007845
0.0041322
0.0036859
-0.0005151
0.0032564
-0.0050066
0.0053079
-0.0076974
-0.006972
0.0073062
-0.008839
0.0059221
0.0002702
0.0016821
0.0026545
-0.0078115
0.0089098
-0.0011003
-0.004195
-0.0061201
0.0031775
-0.0094398
0.0005949
-0.0006534
0.0080417
0.0087502
-0.0047225
-0.0014044
0.0042772
-0.0097871
0.009528
0.005069
0.0053688
0.0002755
-0.0052155
-0.0098283
0.0045777
0.0044053
0.0010272
0.0020256
0.0082741
0.0096637
0.0006796
-0.0042546
0.0072561
0.0040693
0.0020479
0.0092972
0.001201
-0.008975
0.0040252
0.0093015
-0.0058919
-0.0044636
0.0051453
-0.0073983
-0.0018195
-0.0013597
0.0097014
0.0044856
0.0028432
0.0041078
0.0038033
-0.0037904
0.0027058
-0.0069146
0.0005448
0.0056157
0.0096477
-0.0019351
0.002761
-0.0089238
0.0051578
-0.0059006
0.0065276
0.0089814
0.0088076
0.0036066
-0.006847
0.0043081
-0.0048018
-0.0052119
-0.0080537
0.0006504
-0.0008678
-9.18e-5
0.007887
0.000456
0.0060583
0.0057231
-0.0053316
0.0053492
0.0080583
-0.0031098
0.0050495
-0.0099238
-0.0015754
-0.0091027
-0.0005148
0.0099227
-0.005929
0.0024895
0.0078023
-0.0026437
0.0071771
-0.0040705
0.0003023
0.0046533
-0.0092697
0.0046943
-0.0033343
0.0078448
-0.0093431
-0.0095552
-0.0073104
0.0058332
0.0079485
0.0081765
-0.0087418
-0.0030342
-0.0043255
0.0025041
0.0073087
-0.009089
-0.0011594
0.0080504
0.0090582
0.00042
-0.00863
-0.0066145
0.0084582
0.00125
-0.006158
-0.0025339
0.0004952
-0.0087088
0.0089436
0.0047297
0.0033558
-0.0013713
-0.0042713
-0.0009866
0.0024743
-0.0037452
-0.0059649
-0.0028318
-0.0053222
-0.0055901
0.0073847
0.0038024
0.0038105
0.0097897
-0.0002086
0.0003077
-0.0053476
0.0084623
0.0027992
0.0091753
0.0050128
-0.0089284
0.0080008
0.0050806
0.0052868
-0.0045339
-0.0093673
-0.0095052
0.0046956
-0.0074826
0.0026307
0.0086535
0.0016012
0.0031321
0.0041915
-0.0085722
-0.0065304
-0.0090144
0.0094824
0.007432
-0.008493
-9.57e-5
-0.0006741
0.0062954
-0.0004021
-0.0043857
-0.0060777
0.0045791
0.0086898
-0.008132
-0.0028272
0.0052492
-0.0023872
0.0021429
0.0055152
-0.0034567
0.0064375
-0.0069404
0.0026674
-0.0085484
0.0092662
-0.0036891
0.0034859
-0.0064776
-0.0090295
-0.0020319
0.0032555
0.0047351
0.0024754
0.0024057
0.0052034
-0.0011999
-0.0048351
0.0027595
0.0072236
0.0020938
-0.0049983
0.0001411
-0.0059606
-0.000182
-0.0026303
0.0024546
-0.0034165
0.0050869
-0.0084317
-0.0036432
0.004282
-0.0028957
-0.0013517
-0.0085247
0.0055074
-0.0073704
0.0061335
0.0079827
0.002201
0.00547
0.0002846
0.0092612
0.0068345
0.0010169
0.0032687
0.0081317
-0.0014411
0.0079981
0.0027134
-0.0024413
-0.0093498
0.0070345
-0.0025883
0.0061805
0.0007961
-0.0057324
-0.004129
-0.0098774
-0.0041432
0.007652
-0.0065281
0.0007083
-0.0004583
0.0003055
0.0036379
0.007366
0.0031628
0.0018897
0.0044605
-0.0054941
-0.0004594
-0.0006826
-0.0004587
0.0047872
-0.0041161
0.0019439
0.0032559
0.0014396
0.0084985
0.0075747
-0.0028482
0.005992
0.0035095
0.0024997
-0.0043945
0.0059976
0.0071536
-0.0094569
-0.0090875
-0.006581
0.0096773
0.0095872
-0.0070201
-0.0025435
0.0019419
0.009288
-0.0015377
0.0054939
-0.0024269
0.0010014
0.0091061
0.0024687
-0.0028224
-0.0081769
0.00912
-0.0019401
-0.0031805
-0.0073128
-0.0083558
-0.0085188
-0.0019404
-0.0067728
0.0017031
0.0018648
0.0067213
0.003588
0.0094991
-0.0054075
0.0014287
0.0031068
-0.0024567
0.0038325
-0.0023344
0.0010654
0.0032043
-0.0009335
0.0061718
-0.002242
-0.0071404
-0.0034505
0.0038449
0.002613
-0.0024673
-0.0057757
0.0086536
-0.0017676
-0.0088582
-0.002229
0.0007823
-0.0055338
0.003606
-0.0023221
-0.0051114
0.0094979
-0.0084501
-0.0072773
