0.0072192
-0.0011082
0.0096411
-0.0038714
0.008039
-0.0084601
0.0012313
-0.007007
-0.0036224
-0.0069451
0.0084859
-0.0072094
0.0037695
0.0073577
-0.0052091
-0.0006338
0.0023585
-0.0061178
0.0091156
-0.0042095
0.0056236
-0.0025659
0.0069664
-0.0043115
-0.0081584
-0.0097159
0.0035666
-0.0029982
-0.0003917
0.0068689
-0.0059439
-0.0001064
0.0037971
-0.0052876
-0.0034699
0.0003067
0.0046227
-0.0018639
0.0033528
-0.002455
0.006405
-0.0013671
0.0056046
0.0034795
0.0019335
-0.0016328
0.0056668
0.006658
-0.008714
0.0090777
-0.0014889
-0.0078006
-0.0099549
-0.0091456
0.0014518
-0.0086722
-0.0033206
-0.0015047
0.005257
-0.0025001
-0.000905
-0.0055254
0.0059018
-0.0032553
-0.0027949
0.0027093
0.0043119
0.0065857
-0.0012237
0.0038628
-0.0094487
0.0017527
-0.0022947
-0.0031636
-0.0052586
0.0041265
-0.0048441
0.0064866
-0.0022521
0.0039272
-0.0028847
0.0084975
-0.0019662
0.0017723
-0.0098243
0.0002099
-0.002658
-0.0057831
-0.0055752
-0.0015462
0.0043012
0.0050363
-0.0070634
0.0084891
-0.0053656
-0.0037244
0.0014034
-0.0047184
-0.007553
0.0099273
-0.0073978
0.0051327
0.0016433
-0.0037513
-0.0045823
0.0008185
0.0075293
-0.0049527
-0.0001851
0.0054725
-0.0042867
0.0075338
-0.0001399
-0.0075828
-0.0052506
0.0098098
-0.0041092
0.0066246
-0.0061841
0.0059133
0.0040675
0.008235
0.0066302
-0.0085757
-0.0039107
-0.0010132
-0.0012983
-0.0068432
-0.0055543
-0.0099405
0.0093745
0.0013887
-0.0016291
0.0097691
0.0004144
-0.0028877
0.0050343
0.0094815
0.0051923
-0.0026066
-0.0015131
0.0050372
0.004295
0.0055475
-0.0081974
0.0096925
-0.0029269
-0.0050321
0.0001464
-0.0025595
-0.0041407
0.008356
-0.0096162
-0.0002252
-0.0050962
-0.0039832
0.0028496
0.0031087
-0.0010043
-0.0085645
-0.006983
0.0010747
-0.0007776
-0.0015962
-0.0022181
-0.0004825
0.0010011
0.0001179
0.0090566
-0.0005018
0.0092462
0.0021289
-0.0074027
0.0079697
0.0044003
0.0003034
-0.008655
0.0071796
0.0091974
-0.0064356
0.004352
-0.0067848
-0.0020346
0.0049229
-0.0012616
0.0001755
0.0087021
-0.0091614
-0.0041645
-0.0071612
0.00524
-0.0026565
0.0020302
0.0074547
0.0056976
-0.0069205
0.0018651
-0.0075257
0.0029738
-0.0036751
0.0061123
-0.0096181
0.0043414
0.0077011
-0.0033301
-0.0075201
-0.0022999
0.0080348
-0.0025903
-0.0072082
-0.005013
0.0024205
0.0060712
0.0052217
-0.0059571
0.0079521
0.0080436
0.007962
0.0062394
7.03e-5
-0.0018712
0.0079568
0.0045107
-0.00782
0.0005316
-0.0033745
0.0095591
-0.0004945
0.0058898
-0.0083198
-0.0006535
0.0058447
0.002397
-0.0030277
0.0019455
0.0059738
0.0010449
-0.0096416
-0.0072136
-0.0049638
-0.0039922
0.0099496
-0.0083175
-0.0011054
0.0026698
0.0016687
-0.0045249
-0.0058226
0.0074757
0.0082435
-0.0018887
0.0048184
0.0071203
0.0013891
-0.000515
0.0039595
-0.008207
-0.0036131
0.005467
-0.0085941
0.0072952
0.0095649
0.0006558
-0.0033193
0.0027585
0.0052942
3.31e-5
0.0090657
-0.003337
0.0058626
0.0095405
-0.0005854
-0.0024363
0.0049834
0.0006885
0.0081205
-0.0039687
-0.0051919
-0.0033481
-0.006573
0.0024684
0.0024524
-0.0099173
-0.0078403
-0.0088855
-0.0016767
0.0033246
-0.0020897
-0.0076768
-0.0080751
0.0036813
0.0006447
-0.0062145
0.0019825
-0.0089154
-0.0063012
-0.009019
-0.0072468
0.0019823
-0.0058021
0.0025627
-0.0075449
-0.0083183
-0.0038278
-0.0020163
-0.0025233
0.0098582
-0.0067664
0.0038777
-0.0012341
0.0099617
-0.0069498
-9.36e-5
0.0085967
0.0072219
0.007277
-0.0065273
0.0070355
0.0094581
-0.0024405
-0.0072207
0.0094364
0.0067882
0.007771
-0.0069625
-0.0059959
0.003395
0.0088138
-0.0061516
-0.0075653
0.0028184
0.0093047
0.0089262
-0.0089495
0.0044774
0.00928
0.0002073
0.007944
-0.0064202
-0.0082381
-0.0020011
0.009283
0.0086118
-0.0081775
0.0094264
0.0021923
0.0037231
0.0041292
-0.0067102
0.007741
0.0053599
-0.0044338
-0.0039553
0.0047207
-0.0036498
0.0048031
-0.0088445
-0.0011088
0.0085555
0.0040678
0.0096225
-0.0004273
-0.0087896
0.0068059
0.000264
0.0007708
0.008554
-0.0085353
0.0019535
-0.0036015
-0.0051518
0.0028613
-0.0072135
-0.003178
0.0036656
0.0011555
0.0064118
0.006042
0.0021366
0.0083734
0.0094293
0.0019322
0.0047931
0.0017311
-0.0022538
-0.0052855
-0.0067304
-0.0050424
0.0075346
-0.0069902
1.33e-5
-0.0060981
0.0071775
0.0014854
0.0053776
0.0061712
0.007294
-0.003779
-0.0061454
0.0037021
-0.0055057
-0.005803
-0.0061367
-0.0011305
0.0078484
0.0089763
0.0055054
0.0018724
-0.0021829
0.0051457
-0.0028717
0.0013612
-0.0096521
-0.0009767
-0.0063836
0.0046072
0.0039887
0.0048756
0.005088
0.0013624
0.0064964
0.0095257
-0.0035007
-0.0047132
0.0003474
0.0009757
-0.0007273
-0.0036182
-0.0049592
-0.0004628
-0.0016033
0.0053856
0.008075
0.0058925
-0.0027608
-0.0089381
-0.0045078
-0.0098679
0.0018755
-0.0059368
-0.0031727
0.0024722
0.0079271
-0.0033429
-0.0040107
-0.006364
-0.0023017
0.0078207
-0.0063309
-0.0026297
0.0058696
0.0072414
-0.0090835
0.0031207
0.0010958
0.007526
0.0002085
-0.0089281
-0.008864
0.0058519
-0.0087698
-0.0049502
0.0097898
0.0011977
0.006113
-0.0092438
-0.0058445
0.006046
-0.0084299
-0.0012765
-0.009706
-0.0019513
-0.0074872
-0.005747
6.0e-6
0.0062795
0.0002669
-0.0061976
0.0070446
0.0003105
-0.0082208
0.0098745
-0.0081863
0.0049725
-0.0096433
0.0034788
-0.0078774
-0.0067079
-0.0050219
0.0037825
0.0066012
0.0073895
-0.0083026
0.0096861
-0.0012807
