-0.0021003
-0.0038875
-0.0017428
-0.0068993
-0.0096538
-0.007123
-0.000562
-0.0056479
-0.0073048
0.0030741
0.0054319
0.0080983
0.0004712
1.02e-5
0.0057185
-0.0065418
0.0061761
0.0011002
-0.0018159
0.0059255
-0.0071594
0.0063509
0.0087465
0.0065171
-0.009779
-0.001745
0.009458
-0.0010008
-0.0043518
-0.0054207
-0.0058786
-0.0035915
0.0048112
-0.0061284
-0.0010226
0.0022921
0.0056369
-9.31e-5
-0.0057041
0.0093694
0.0020912
0.0064599
0.003213
0.0072726
-0.006938
0.0048962
0.0054847
0.0014333
-0.0052748
0.0046371
0.0088855
0.0011186
-0.0064056
0.0076236
0.0017504
-0.0071313
0.0003702
0.0034914
0.0061797
-4.06e-5
-0.0014521
0.0062674
0.005416
0.0017973
0.0088301
-0.0098017
-0.0096927
0.0034718
0.0082052
-0.0011152
0.0053017
-0.0058445
0.0068087
-0.0001805
-0.0041246
0.0013222
-0.0049603
0.0068995
0.0096986
-0.0089136
-0.0065292
-0.0032567
0.0021822
0.009857
-0.0086227
-0.0066816
0.0068703
0.0002034
0.007745
0.0067172
-0.0074462
0.0077142
0.0051051
0.0034597
0.001947
-0.0044324
-0.001796
0.0014424
0.0016219
-0.0026658
0.0082743
0.0060001
-0.0026002
0.0007985
0.0049481
0.0042553
-0.0045373
0.0064148
-0.0051012
0.0095578
-0.0099371
-0.0048767
-0.0073666
-0.0036789
-0.0026269
-0.0069842
-0.006651
0.0045765
-0.001018
-2.9e-5
0.0081076
-0.0045219
-0.0025929
0.0040017
-0.0093556
-0.0086005
0.0047685
0.0076474
0.0004788
-0.0021747
0.0003878
0.005092
0.0071888
-0.0074326
0.0094276
0.0098794
0.0025151
-0.0065384
-0.0022901
0.0018062
-0.0074595
0.0070117
0.0008709
-0.0050847
0.0087839
-0.0032323
0.0056997
-0.0043565
0.0097685
0.0028303
-0.0020673
-0.0046076
-0.0082873
-0.0074363
0.0086368
-0.0006644
0.0065914
0.0048944
-0.0059173
-0.0050642
0.0092265
-0.0071937
-0.0061428
0.0035468
0.00013
0.001175
-0.0045906
-0.0094008
0.0044669
0.0012101
-0.0096674
0.0008316
-0.0085672
-0.0018
-0.0018287
0.0040162
-0.0034768
0.0027389
-0.0063114
0.0008561
0.0037119
0.0056003
-0.0053316
-0.0008177
0.0068124
-7.18e-5
-0.0050851
-0.0025327
0.0033172
0.0021062
-0.0032036
-0.0054976
-0.0030268
0.0081542
3.52e-5
0.003173
-0.0022802
0.0032985
-0.0058703
-0.003936
0.0014068
-0.0087704
-0.0068232
0.0001672
0.0026327
-0.0050328
-0.0003087
0.0043032
-0.0075533
0.0058847
-0.0037755
0.002451
7.98e-5
-0.0027152
-0.0026018
-0.004633
-0.0002469
-0.0093282
-0.0057166
0.0087222
-0.0091929
-0.0031944
0.0046433
-0.0038227
-0.0059378
-0.0093956
-0.007562
0.0078696
-0.0047426
0.0076575
0.0079468
-0.0094027
-0.0038868
-0.0033892
0.0077112
0.0090481
0.0025025
0.0006526
-0.0077179
-0.0069461
-0.0068829
0.0015907
-0.00277
0.0021649
-0.007529
-0.0036854
0.0060796
-0.0047313
0.0068859
-0.0055209
-0.0032478
-0.0062992
-0.0013514
-0.0043184
-0.0020654
-0.0023971
0.0018638
-0.0063397
-0.0051392
0.0068226
-0.0004064
-0.0078161
-0.0014048
0.0092559
0.0051641
0.0075029
0.0080012
-0.0045067
-0.0009289
0.0012481
0.0072404
0.0067884
-0.004772
0.0044001
-0.0054497
-0.0007157
0.0025925
0.0001724
0.0073408
0.0071368
0.0078488
0.0022908
0.0046099
0.0040735
-0.0036558
-0.0027548
-0.0066103
0.0099324
-0.0068539
0.0069457
-0.0078739
-0.0096262
0.0048994
0.0088504
0.0054851
-0.0062263
0.0073267
-0.0041816
0.0020459
0.0005357
0.000475
0.0071661
-0.0021221
-0.0038174
-0.0049127
-0.004928
0.0044172
-0.0042431
-0.0078102
0.0041466
-0.0052562
-0.0032029
1.89e-5
0.007305
-1.99e-5
-0.007081
0.0017243
0.0065405
-0.0023369
-0.0061721
0.0055922
0.0075511
-0.0051348
-0.0004839
-0.004811
0.0052344
-0.0015541
-0.0083775
0.0097265
0.0049758
0.0079406
-0.0056844
0.0003697
0.0013582
0.0043819
-0.0048663
0.0026695
0.000293
0.0014894
0.00626
0.0016119
0.0039352
0.0061456
0.0004374
-0.0045319
0.0085653
-0.0096442
0.0024609
0.0030932
0.0078348
0.0072579
-0.0031238
0.0031801
0.0066214
-0.0030548
0.0036876
0.0001308
-0.0064453
-0.0016295
-0.0098792
0.0078559
0.0090747
-0.0052692
0.0048727
0.0031493
0.0043591
0.0032552
0.0020402
0.007448
-0.0081763
-0.0096712
-0.0069297
0.008498
0.002944
-0.0009762
-0.001092
-0.0099999
0.0024026
0.0063569
0.0091989
-0.0065737
-0.0022827
-0.0022408
0.002683
0.0048229
0.0055289
0.0002124
0.0089561
-0.0058134
0.0066956
0.0071528
0.0013011
0.0054831
-0.0093153
-0.0074077
-0.004019
0.004932
0.0098871
0.0099582
-0.0064977
0.0079089
0.0050769
0.0058709
0.0075041
-0.0097709
0.0021953
0.0005609
-0.0003474
-0.0041614
-0.0024159
-0.0072735
-0.0041839
0.0007601
0.0056096
0.0010346
-0.0048922
0.0018836
1.53e-5
0.0006084
0.002649
0.0051802
0.0006827
-0.0071159
-0.0051387
0.0077095
0.0032782
0.0085581
-0.0084982
0.0076081
0.0049719
-0.0019747
0.0099344
0.0043667
0.0071644
0.000708
-0.0066214
0.0069064
0.0003418
0.0080268
0.009399
0.008948
-0.006074
-0.0017598
0.0051622
-0.0040051
-0.0005487
-0.0056997
0.0080624
0.0086703
-0.0044031
0.0062496
0.0050476
0.0068703
-0.0014794
0.007888
-0.0015844
-0.0011676
-0.0035453
-0.0038283
-0.0020352
-0.0014798
-0.0011061
0.0036005
0.0014496
-0.0050507
0.0036021
-0.0082456
0.0097032
-0.0067755
0.0040008
-0.0065336
0.0002383
-0.0086296
0.0028524
0.0047173
0.0018062
-0.0081595
-0.0022169
-0.0060475
0.0066563
0.0003896
-0.0049468
-0.0067118
-0.0002013
0.0001053
0.0089913
-0.0033454
-0.0016243
0.0081391
-0.0029114
-0.0012683
0.0017974
0.0022783
-0.004662
-0.0044561
