-0.0001362
0.0048178
-0.0059403
0.0069096
0.0009169
0.0059956
-0.0064989
-0.0003451
-0.0098441
6.72e-5
0.0067849
-0.0063761
-0.0017736
-0.0035269
0.0039539
-0.0010327
-0.0071018
0.0009982
0.0025119
-0.0066678
0.004404
0.0033615
0.0086737
-0.0091214
-0.0010867
0.0028318
0.0077244
0.007647
0.0071925
0.0079919
0.0014556
0.0028303
0.0076572
-0.0064657
-0.002285
0.0047108
0.0082318
0.002655
0.0040436
-0.0087905
-0.0011057
-0.0064898
0.0007071
0.0023268
0.0045227
0.0029547
0.0060164
0.0087274
-0.0056849
0.0055935
-0.0037424
0.0076033
0.0041327
0.0062153
0.008404
-0.0083647
-0.0067606
-0.0078916
0.007498
-0.000135
0.0065304
-0.0032932
-0.0051367
-0.0047037
0.0022035
-0.0032186
0.0012277
0.0007781
-0.0085773
-0.0090202
-0.0014119
-0.0002432
0.0020437
0.0013814
0.0063574
0.0049093
-0.0001019
0.0013463
0.0041252
0.0086383
-0.0071054
-1.32e-5
-0.0051429
-0.0057194
-0.0028738
0.0019886
7.6e-6
-0.0002366
0.0076888
0.0053843
0.0077568
0.008042
0.0061177
-0.0079188
0.0014379
0.0076126
0.0004509
-0.0022721
-0.0061118
0.0058565
0.0079232
0.003372
0.0059916
0.0044825
0.0035441
0.0019913
-0.0024049
-4.5e-5
-0.0048493
-0.0022067
-0.0038868
-0.0055133
0.007947
0.0084242
0.0027895
-0.0078346
-0.0013007
-0.0041052
0.0085221
0.0043637
0.0001232
-0.0064774
0.0060132
-0.0002532
-0.0045646
-0.0046188
-0.0024278
0.0014008
0.0064355
3.58e-5
-0.0033919
0.0048685
0.0057465
0.0006762
0.0024373
0.0015453
0.0018237
0.0087785
0.0051154
0.0038632
-0.0042347
0.0003127
-0.002969
-0.0052709
0.0046775
-0.0048431
0.00174
-0.000964
-0.0011454
0.0095482
0.0059105
0.0003589
-0.0037454
0.0081231
0.0036209
0.0062443
0.0071443
0.0003949
-0.0049464
-0.0017677
0.0084412
-0.0051557
0.0045435
-0.0077162
-0.0028638
-0.0006753
-0.0095418
-0.0075225
0.0076041
0.0094047
0.0062949
-0.0091561
-0.0073294
-0.0083494
0.0095732
0.0030152
0.0064997
0.0053477
0.0027501
-0.0055619
-0.0093329
-0.0068319
0.0077168
0.0003088
-0.0028136
0.0082569
-0.0086968
-0.0033795
-0.0037879
0.0007771
0.0039653
-0.0052295
5.17e-5
0.0086827
2.44e-5
0.0037462
0.0049288
-0.0017503
-0.0083672
-0.0067288
0.0078675
-0.0019609
-0.0092504
0.0074647
0.0029029
0.0099508
-0.0015238
0.0006774
0.0038165
0.0008617
0.0051283
-0.0083661
-0.0036358
0.0011677
-0.0099216
0.0098765
-0.0059326
0.0061449
0.0061817
0.0025347
-0.0075302
-0.0025874
-0.0018726
0.0065891
0.0032661
-0.0009512
-0.0099409
0.0021324
-0.0093206
0.0094563
0.0080495
0.0079878
-0.0045126
-0.0090168
-0.007168
0.0049522
-0.0058656
-0.0011005
0.0090069
-0.0051385
0.0010493
-0.0094072
-0.0013886
0.0029638
0.0065727
-0.0020489
0.0029943
0.0064645
-0.0016038
8.68e-5
0.0002582
-0.0042501
-0.0008259
0.0008004
0.0033238
-0.0006591
0.006833
0.0042762
-0.0091841
0.0074739
-0.0095752
-0.0033518
0.0097228
-0.0033361
0.0093689
-0.0041825
0.009474
0.0091375
0.0062427
0.0044143
0.0047459
-0.0009606
0.0024886
-0.0040504
-0.0020793
-0.000448
0.0031973
-0.0062448
-0.0029663
-0.0038573
0.0004769
-0.0047986
0.00346
-0.0001077
-0.0003012
0.0028451
-0.0017004
0.002051
0.0029115
-0.0082565
-0.008578
-0.0009227
0.0059356
0.006317
-0.0085709
0.0066074
-0.0087052
0.0094114
0.0039828
0.0014984
0.0034832
-0.0059364
0.0058886
0.002093
0.0049298
0.0084214
0.0063148
-0.002468
-0.0096587
0.0071348
-0.0036351
0.0019638
-0.0035461
0.000698
-0.0043063
0.0035033
0.002381
0.0029644
0.0098166
0.0010107
0.0057578
0.0075901
-0.0067724
-0.0041372
-0.0018932
-0.0068942
-0.002144
-0.0083363
0.0053119
0.0090676
-0.0033114
-0.002109
-0.0051004
-0.0069215
-0.0069848
0.0049884
-0.0054756
0.008297
0.0050567
-0.001351
0.0083133
0.0088809
-0.0036167
-0.0025427
-0.0029738
0.0028101
-0.0017575
0.0053256
0.0080024
-0.0073731
-0.0091874
-0.0099248
0.0080852
-0.0037386
-0.0068725
-0.0096069
0.0008476
0.0017582
0.0066231
0.0034535
0.0033556
-0.007012
0.0068858
-0.0068418
-0.0034395
-0.0053608
-0.0096607
0.0074483
0.0024005
-0.0087892
-0.0011017
-0.0010821
0.0039663
-0.0093632
-0.003126
-0.0061761
-0.0093414
-0.0043085
-0.0073171
0.0002091
0.0034105
0.0030104
-0.0096631
-0.0098263
-0.0059143
-0.0048647
-0.0020826
0.0050965
0.0065892
0.0034155
0.0018031
0.0053927
-0.0097992
-0.0079455
0.0003942
0.0053788
-0.000631
0.0024878
-0.0005547
0.0093736
-0.0099134
-0.0036936
0.0062829
0.0039581
-0.0006612
-0.0097096
0.0040022
-0.0089594
0.0093493
0.0087752
0.0039639
-0.0061254
0.0078264
0.0011318
-0.009427
0.0044976
0.006659
0.0047688
-0.0069553
0.0029245
-0.0055726
-0.0031555
-0.0044503
-0.000156
-0.0097551
0.0086918
0.0075843
-0.0025424
0.0003678
0.0060067
0.0014322
-0.0068975
0.0075484
0.0070331
-0.0007146
0.0086651
0.0005013
-0.0045871
-0.0065826
0.0093883
-0.0087811
-0.0006448
-0.0014009
0.0048675
-0.008803
-0.0076172
-0.0047212
-0.0069535
-0.0015888
0.0053537
0.0083464
-0.005183
0.0075872
-0.0090166
-0.0056394
-0.0006272
0.0023887
0.0002145
-0.0070673
-0.0031752
-0.0015057
-0.0028717
-0.0064616
0.0043418
-0.0083075
-0.0061334
-0.0033563
-0.006946
0.0013467
0.0057265
-0.0023993
0.0028656
-0.0065197
-0.0024125
-0.0002732
-0.0049375
0.0048706
-0.0031257
0.0008867
0.0035377
-0.0074804
0.009998
-0.0081201
-0.0034083
-0.0012558
-0.0063492
0.0063643
-0.0067998
-0.0074243
-0.0024471
-0.0056418
-0.0054897
0.0066204
-0.002143
-0.0071584
