0.0080089
0.0023562
0.0059661
-9.97e-5
-0.0018718
0.0064858
0.0056597
0.0012704
-0.0044775
0.0088323
0.0027871
-0.0023543
-0.0051142
-0.0036281
-0.0020433
0.0065006
-0.0008909
-0.0035961
-0.0037751
-0.0053459
-0.0033486
-0.0012601
0.0071319
0.0079572
0.002248
-0.0024362
0.0081818
0.0087411
-0.0059009
-0.0097924
0.0051794
-0.0086565
-0.0014686
0.002213
-0.0042778
0.0092284
-0.0070986
-0.0066546
-0.0003194
0.0043794
0.0076731
0.0031698
-0.0091547
0.0004451
0.0018583
-0.0020479
-0.0022942
-0.0057269
0.0071087
-4.55e-5
0.0099345
0.0017476
0.0097491
-0.0002339
0.0037459
0.0032081
-0.0037846
0.0065442
0.0047295
-0.0012144
0.004225
-0.0092614
0.0079018
-0.0090426
0.0018128
0.0040719
0.004368
0.0081671
-0.0046914
-0.0095806
-0.0051669
0.0009097
-0.00788
-0.0092435
-0.0035093
-0.0013927
-0.0014011
0.0059013
0.0065502
-0.006474
-0.0005027
0.0085903
0.0006529
-0.0007709
0.001235
-0.0070056
-0.0001684
-0.0038057
-0.0065607
0.0085843
0.0010337
0.0099672
0.0042168
-0.0090311
-0.0087386
-0.0021178
0.0019356
-0.0044393
0.0059579
0.0072743
-0.0071701
-0.0094005
0.0038666
-0.0089418
-0.0015411
-0.0017663
-0.0003575
-0.0008817
-0.0013758
0.0010684
-0.0047306
0.0021437
-0.0074882
-0.0070659
-0.0057679
0.0009334
-0.0026912
-0.0010754
-0.0076866
-0.0045022
-0.0018512
-0.0043619
0.0045201
0.0009726
-0.0005078
-0.0098617
-0.0037494
0.0085624
0.0051711
0.0053503
0.0099288
0.0066911
-0.0016845
-0.0074014
-0.0048148
-0.0076844
0.0087511
0.0010244
-0.0094273
0.0044185
0.0081476
-0.0009385
0.0085677
-0.0016911
0.0033824
-0.0072038
0.0082597
-0.005155
-0.0066501
0.0076214
-0.0060139
0.0032107
7.08e-5
0.0007563
-0.0048399
-0.0077764
-0.0079546
-0.0093534
0.008883
0.005131
-0.0004804
0.0089694
-0.0089686
-0.0082283
-0.0021795
-0.0024576
-0.0026174
0.0070862
-0.002934
-0.0001259
0.007163
0.0035904
0.0079583
0.0096389
0.0094446
-0.0076801
0.0003268
-8.3e-6
0.0086168
-0.0006731
-0.0020569
-0.0045287
0.0076248
-0.0016713
0.0012012
-0.0048351
0.0006435
-0.0058591
-0.0007058
0.0054187
0.0062491
-0.0029885
-0.0065777
-0.0011511
-0.0033963
-0.0022283
-0.002284
0.0069716
0.0002573
0.0080524
-0.0090533
-0.0009405
0.0048038
0.0042975
-0.0035839
0.00522
-0.0066945
-0.0065993
-0.0033223
0.0086226
-0.0069044
-0.0050202
0.0088686
0.0029596
-0.0040026
0.0063912
-0.0065072
0.0026182
0.00871
-0.0025969
-0.002103
-0.0044216
-0.0043529
0.0044064
0.0052857
-0.0010782
-0.0008162
-0.0050116
-0.0058526
-0.005886
0.0054265
-0.0037343
-0.0094002
0.0036142
0.0073606
0.0078797
-0.0066362
0.0001303
-0.0089053
-0.008229
-0.0035257
-0.0072078
-0.0066167
0.0012185
0.0046139
-0.0024427
-0.0020743
0.0064533
0.0055201
0.0043027
-0.0031828
0.0072395
0.0062752
0.0063145
0.0051823
-0.007662
-0.0001001
-0.0034279
-0.0067172
-0.0062131
-0.0086563
0.004751
-0.0011382
0.008355
0.0081946
0.0015719
-0.0032927
-0.0099385
0.0053921
-0.0087634
0.0057568
0.0033633
-0.0060191
0.0076596
-0.0065771
-0.0090425
-0.0017415
0.0063793
-0.0026493
-0.0058112
0.0086351
0.0066612
-0.004317
-0.0054365
-0.0098401
-0.0019665
-0.0026261
0.0019592
0.0058613
-0.0088538
-0.0029275
-0.0078858
-0.0020036
-0.0095891
0.0011791
0.0043594
0.005471
0.0034931
0.0091679
-0.0083584
0.0054508
0.0040484
0.0006102
0.0084534
8.33e-5
0.0073729
-0.005924
-0.0099494
-0.0005258
0.0060325
0.0038388
-0.0006273
0.0081136
0.0027406
-0.0053037
0.004135
0.0008773
0.009486
-0.0014172
-0.0063636
0.0051183
0.0064548
0.0070349
-0.0098164
0.0067256
0.0048029
-0.001672
-0.0088889
-0.0027042
0.0073314
0.0066249
-0.0036322
0.0085262
0.0026355
1.61e-5
0.000647
0.0068436
-0.0020198
0.0071033
-0.0009145
-0.00349
0.0067857
-0.0075761
0.0008519
-0.003127
0.0097024
-0.0049129
0.0090044
-0.0068462
-0.0035698
0.0042532
0.009196
-0.0014081
-0.0003264
-0.0012219
-0.0070652
-0.0029374
0.0031539
-0.0010305
0.0036997
0.0064623
5.78e-5
-0.0009295
-0.0050193
0.0054277
-0.0004037
-0.0083919
-0.0042441
0.0053045
0.0024859
0.0052262
-0.0034814
0.0020674
-0.0009227
-0.0094706
0.0088895
0.000933
0.00153
-0.0058735
-0.0061302
0.0008331
-0.0063228
-0.0006227
-0.0059258
-0.0027414
0.0097047
-0.0087978
0.0073894
0.0071648
-0.0095849
0.0087789
0.0057785
0.0094419
-0.0070084
0.0069095
-0.0083054
-0.0001095
-0.0086066
-0.0085611
-0.0029065
0.0043972
-0.0035884
-0.0088057
-0.0014443
0.0054287
0.0076743
-0.0018733
0.0010263
-0.0009716
0.0011064
-0.0014254
-0.0096601
-0.0029542
0.0084157
-0.0036173
0.0050865
-0.0029043
0.0072414
0.004748
-0.0037937
-0.0079105
0.0088423
-0.0027335
0.0041797
-0.0060234
-0.0008135
0.0018613
-0.009489
0.001151
-0.0088034
-0.0051752
-0.0033571
-0.0006942
-0.0012979
0.0062181
-0.0043337
0.0090907
-0.0091501
0.0022768
0.0058552
0.0009313
-0.0045001
0.0045455
0.0088622
-0.0075447
-0.0004212
-0.0082078
-0.0019854
0.0066354
-0.0002422
0.0037134
0.0040103
0.0008867
0.0040202
-0.0022339
0.0077635
-0.0078767
0.0088804
-0.0070015
0.0009045
0.0001328
-0.004654
-0.0048247
0.0052735
-0.0010981
0.007072
-0.0015257
-0.0056166
0.0011867
0.0011892
-0.005803
0.0091875
-0.0061232
-0.003494
-0.0047471
0.0096036
-0.0009034
0.0064258
-0.0078055
-0.0060608
0.0093774
-0.005267
-0.0041023
0.0042749
-0.0053936
0.0076947
0.0061481
0.0005831
0.0031061
0.0044455
0.0056718
-0.0034545
0.0071154
0.0061383
0.0039428
