-0.0006985
0.005632
-0.0081474
0.0044133
0.0033371
0.0094259
0.0013152
-0.0080712
-0.0023648
0.0042209
0.0067618
0.0078501
0.0089385
0.0038744
0.0011581
0.0083966
-0.008338
0.0026573
-0.0013949
0.0071372
0.0041263
-0.0056126
-0.0097668
-0.0013764
0.0049341
0.0007805
0.002615
0.0001881
0.0048962
-0.0039192
0.0062698
-0.0014682
0.0080394
-0.0025848
0.0044473
0.0028998
-0.0042717
-0.007543
-0.006763
-0.0011797
-0.0070911
0.0022765
-0.0067377
0.0016838
-0.0004142
0.0032096
0.0009018
-0.0033836
0.000134
-0.001227
-0.0045971
-0.0062597
0.0079122
-0.0053388
-0.0012719
-0.0022578
-0.0060066
-0.0011446
0.0025434
0.0046587
0.0071761
0.0065819
0.0052757
-0.0081149
-0.0095249
0.0094286
0.0003923
-0.0097248
-0.0042645
-0.0065998
-0.0096073
-0.008851
9.17e-5
-0.000476
-0.0059838
-0.0096039
-0.0083682
0.0038768
0.0004782
0.0079378
0.0079019
0.0078724
0.0038855
0.0074039
-0.0091369
0.0044376
0.0068798
-0.0011839
-0.0056935
0.0022832
0.0047394
-0.0044393
-0.0053934
0.0046654
0.0083229
0.0045017
-0.0007822
0.0083846
0.0073242
0.0061922
0.0067308
0.0077476
0.003408
0.0026364
-0.0061077
-0.0023703
-0.0007444
-0.0099618
0.0017462
-0.0076472
-0.0027505
0.0019019
0.0025869
0.0085605
0.0019006
-0.009166
0.0042329
0.0028176
-0.0062453
-0.0058762
-0.0062987
-0.0092008
0.0057011
-0.0012133
-0.0077005
-0.0092294
-0.0010053
-0.0054154
0.0033803
-0.0081241
0.0042268
-0.0004662
0.0034638
-0.0094123
-0.001665
0.0094352
-0.0083322
-0.004043
0.009601
-0.0090288
0.0017987
0.0082176
0.0063292
-0.0098008
-0.0091986
-0.0082516
-0.0030471
-0.0010302
-0.002299
0.0059199
-0.0009924
0.0085083
-0.0033608
0.0082002
-0.0093996
0.0011299
0.0037598
-0.005081
0.0092402
0.0056841
0.0060237
-0.0078376
0.0056875
-0.0043706
0.008683
0.0055137
-0.0013098
-0.0055948
-3.57e-5
-0.007867
0.0051189
0.0072305
-0.0075062
0.0016642
0.0077816
-0.0089648
-0.0088159
-0.0021656
-0.0075494
0.005885
-0.0071875
-0.006117
-0.0027717
-0.0072706
0.0056809
0.0097256
0.0080723
0.0013506
-0.0061891
0.0068296
-0.0069604
0.0017405
-0.0097651
-0.0040667
-0.0011948
-0.0020094
0.0056677
-0.0061025
-0.0003792
0.00206
-3.02e-5
-0.0043308
0.0077242
0.0001735
-0.0039294
0.0062491
-0.0098109
-0.0023215
-0.0070219
0.0091156
0.003228
-0.00488
-0.0034425
-0.0063792
0.0027148
-0.0083308
-0.0098177
-0.0001198
0.0030121
-0.0064154
-0.0053986
0.0071008
0.008581
-0.0010486
0.0006819
0.0090575
-0.0045313
-0.0021953
0.0009096
0.0073527
-0.0046393
0.0039962
-0.0067384
0.0075774
0.0025337
-0.0088364
-0.004457
-0.0028277
0.0009955
-0.0021037
-0.0078097
-0.0088195
-0.0002888
0.0064658
-0.0010552
-0.0091218
-0.0057099
0.0088591
0.009544
-0.0025788
0.009942
-0.0003622
-0.0091891
-0.0097807
-0.0019317
-0.0012142
0.0092312
0.0033118
-0.0044855
-0.0040319
-0.0009956
-0.0099805
-0.0028747
0.0003602
0.003512
-0.0031748
0.0073861
0.0024407
-0.0069432
-0.0026623
-0.0073775
-0.0002677
-0.0075796
0.0044719
-0.0039855
0.0080162
-0.008799
-0.0030931
0.0068533
0.0034782
0.0008032
0.0028645
-0.0043936
-0.0081846
0.0040767
0.0039543
0.0008418
0.0083953
-0.0047434
-0.0060835
0.0017155
-0.0095484
0.0085013
0.0046058
-0.0038357
0.0060847
0.0072691
-0.0012938
0.0065661
-0.00334
-0.0084223
0.0041096
0.0085709
-0.0027811
0.0083328
-0.0035629
0.0036311
0.000709
-0.0019818
-0.0079915
0.0045323
-0.0059629
-0.0052515
-0.0035273
0.0041996
0.0017538
-0.0022919
0.0088598
-0.0042832
0.0055993
-0.0047447
-0.0005534
-0.0031695
0.0081054
0.0007589
-0.0037419
-0.0071564
0.0014748
0.0030739
0.0031601
-0.0053483
-0.0006363
0.0094026
-0.0032567
0.0004494
-0.0097695
0.00629
-0.0095561
-0.000881
0.0015825
0.0055396
-0.0011384
-0.0087956
-0.0007991
0.0003787
0.0020511
0.0008025
0.0010551
-0.006088
-0.0079042
0.0006895
0.0089901
-0.004744
0.0088824
-0.0011082
-0.0069508
0.006215
0.0058536
-0.0085163
-0.0093093
-0.0083553
-0.0019512
0.0068033
0.0012382
0.0043752
-0.008931
0.0066969
-0.0059842
0.000789
-0.0047851
-0.0092882
0.001737
0.0029142
0.0072037
0.0068361
0.0029962
0.0025134
-0.0058102
0.0097502
0.0062585
-0.0071205
0.0062564
0.0002647
-0.0029352
-0.0031809
0.0045357
-0.0096578
0.0076995
-0.0080169
0.0026051
-0.0003427
0.0076606
-0.0015561
0.0040114
0.0066056
-0.0071599
0.005539
-0.0048564
0.0013667
0.0051919
-0.0077622
0.0052767
0.0002743
0.0025068
-0.0099962
-0.008019
-0.0032564
0.0067742
0.0064852
-0.0010233
-0.0070461
0.0001647
-0.0022211
-0.0056576
-0.009489
0.0051901
-0.0007002
-0.0049967
-0.0055218
0.0086048
-0.0007723
-0.000184
0.0081051
-0.0011146
-0.0013997
0.0005226
0.0027124
-0.0007892
0.0020805
-0.0099249
-0.007696
0.0030312
-0.0079675
0.0005928
0.0035148
-0.0080583
-0.0028817
0.0065601
-0.0086925
-0.0072201
0.0045042
-0.0034855
-0.0028365
0.001898
-0.0053046
-6.49e-5
0.0027603
0.0022076
-0.0046056
0.0003271
0.0015563
0.0046478
0.0020776
0.0038957
-0.0074366
0.004991
0.0098581
-0.0030276
-0.0062317
-0.0070379
-0.0023567
0.0067666
0.0095179
0.0036283
-0.0005584
-0.0043639
0.005645
0.0067287
-0.0034481
0.0027712
0.0023784
0.0070348
-0.0006663
0.0036944
-0.0048872
-0.0009851
0.000554
0.0031487
0.0032334
-0.0084865
0.0051089
-0.0043977
0.0051626
-0.0013969
0.002639
0.0095037
-0.0083933
-0.002899
0.0026466
-0.0042924
0.0007309
-0.0038256
0.0076927
0.0082741
-0.0019984
