0.0024116
0.0074505
-0.0067199
-0.0073165
-0.0024995
0.0035404
0.0060268
0.0001675
-4.4e-5
0.0097424
0.0008222
-0.0012857
-0.0028532
0.0017866
-0.009348
-0.0025969
-0.0068537
0.0016317
-0.0024231
0.0098177
-0.0074601
0.0050976
0.0010771
0.0013879
-0.0025056
9.89e-5
-0.0093861
-0.0097004
0.0062126
-0.0034874
-0.0057538
-0.008652
-0.0056697
-0.0096616
0.0041959
0.008023
0.0076148
-3.8e-6
0.0010701
0.0054433
-0.0043153
-0.0042042
0.0037512
-0.0085191
-0.0011318
0.0060458
-0.0089429
0.0074891
-0.0073509
-0.0008275
-0.0015419
0.0003474
0.0007926
-0.0025334
0.0059374
0.0024048
-0.0084268
0.0022226
0.0047667
-0.0068652
-0.0021065
0.0065139
0.0016085
0.0034331
-0.0094817
0.0035356
0.0047673
0.0007107
-0.0063792
0.0099099
-0.0075878
0.0016964
-0.0056573
0.0043124
-0.001536
-0.0017278
-0.0091614
0.0030531
0.0065105
0.0039566
0.0025713
0.0079026
-0.0091219
-0.0079235
-0.0029851
-0.006622
-0.0093426
-0.0058698
0.0094069
0.0059835
0.0023336
-0.0043569
0.0086995
-0.0094102
-0.0048664
-0.0073199
-0.0080371
-0.0046805
-0.004804
-0.0096779
-0.0034577
-0.0020755
0.0060648
0.0076144
0.0058877
0.001324
-0.0017183
-0.0064344
-0.0014893
-0.0054797
0.003342
-0.0077565
-0.0087344
0.0078286
-0.0092142
0.0030516
0.0011178
0.0050984
0.0032732
0.0056854
-0.0065258
0.0004911
-0.0071751
-0.0078394
-0.0088945
0.0061484
0.0052226
-0.0050125
0.0034251
0.0062962
0.0034982
-0.0087776
0.0078007
-0.0071485
-0.0079312
-0.004574
-0.0088199
0.0034091
0.0048888
-0.0070401
0.004728
-0.0036559
0.0068128
-0.0015669
0.0058744
-0.0055165
-0.0008126
-0.0013016
0.0051478
0.0048352
-0.0052433
0.0031443
-0.0035749
0.0046798
0.0023672
0.0090604
0.0078157
0.00707
-0.0086012
1.41e-5
0.0003567
0.0033797
-0.0084619
0.0053724
-0.0072921
0.0027975
0.0002335
0.0064363
0.0003553
-0.0033827
0.0009298
-0.0074648
-0.0004452
-0.0082296
-0.0053091
-0.0055822
-0.0060588
0.0091507
0.0026386
0.0049608
-0.0024912
-0.0091756
-0.006919
-0.0032403
-7.17e-5
-0.0027203
-0.0075405
0.0036495
0.0012167
-0.0003312
0.0054753
-0.0016384
0.0052847
-0.0029261
-0.0085918
0.0037519
0.001293
0.0039872
0.0087776
0.0086079
0.0001812
-0.0049173
-0.0028685
0.0050872
-0.0067826
0.004168
0.0069057
0.0028602
-0.0086499
-0.0044737
-0.0077235
-0.0018889
0.0096031
-0.0047422
-0.0015474
-0.000516
-0.00448
0.0099451
-0.0036488
-0.001198
0.0028567
-0.0053475
0.0011151
0.0059805
-0.0023593
-0.0008017
0.0065742
-0.0044434
0.0019458
0.0037756
-0.0031524
-0.0038999
0.0077202
0.002653
0.0088374
0.0079766
0.0036261
-0.009535
0.0016117
0.0062094
0.0068029
0.0020749
0.0003868
0.0041958
-0.0060188
-0.0029635
-0.0017447
0.0019023
-0.0091681
0.0007763
0.0081866
-0.004599
-0.0019693
0.0079788
-0.0091939
-0.0010531
0.0012455
-0.0008045
0.0019414
-0.0098932
-0.0063812
0.0009986
0.0010917
-0.006682
-0.0029428
-0.0066948
-0.0082646
-0.0071648
0.0091912
-0.0041273
-0.0085088
0.0082706
-0.0046898
0.0081728
-0.0025819
0.0064961
0.0051577
0.0057743
-0.0094399
-0.0073701
-0.008388
-0.0090972
0.008784
0.0091378
0.0062614
0.0091483
-0.0025417
-0.0040602
0.0061488
0.0099517
0.0009615
-0.0006547
0.0017681
0.0057864
0.0080838
-0.0058558
0.0050563
-0.0041225
-0.0030897
0.0018631
-0.0036688
0.0010769
-0.0098323
-0.0079903
-0.0029465
0.0071552
-0.0080037
-0.0038847
0.0014388
-0.0001885
0.0068736
-0.0041346
-0.0083602
0.001367
0.0097827
0.003391
0.0075687
-0.00633
-0.002022
-0.0077108
-0.0022672
8.31e-5
-0.0047298
0.0084493
2.03e-5
0.0031283
0.0096733
0.0024586
0.0063629
0.0086381
0.0014956
-0.0029486
-0.0018543
0.0060179
0.0056146
-0.009144
-0.0005022
0.0019934
-0.0098047
0.0008212
-0.0055725
0.0033804
-0.0086356
-0.0002146
0.0044391
-0.0008258
0.0048876
0.0025525
-0.0048669
0.0010047
-0.0033942
0.0087756
-0.0043632
0.0017132
0.0063114
0.0095807
0.0077987
-0.0084866
-0.0073512
-0.005463
0.00854
-0.0020088
-0.0002262
-0.0004761
0.005198
0.0049185
-0.0031026
-0.0009812
0.0065252
0.0080915
-0.0067951
0.0003658
-0.0015282
-0.0006278
0.0034109
-0.0083032
0.0022248
-0.003205
0.009405
0.0037771
-0.0020701
-0.0082095
0.003601
-0.0089073
0.0062122
0.0011033
-0.0051282
-0.0057761
0.0003584
0.0080165
0.0070818
-0.0040707
-0.0029153
-0.0014768
0.0002383
0.0040465
-0.0082137
-0.0099814
0.005406
-0.0030141
0.0082243
-0.0068401
-0.0098551
0.0002509
-0.0041324
0.0056255
0.0017402
-0.001807
-0.003933
0.0008709
-0.0095991
-0.0038448
0.0079026
0.0069904
-0.0037922
-2.06e-5
-0.0078549
0.0023933
-0.0065188
-0.0036885
0.0082575
-0.003322
0.0097524
-0.0005312
-0.0064652
0.008008
-0.002869
-0.0034484
0.0004408
-0.0003036
-0.0079879
-0.0083388
0.0070269
0.008418
-0.004434
0.0047497
-0.0026872
-0.0098268
-0.0077393
-0.002379
-0.0012511
-0.0095201
-0.0086864
0.002656
-0.0051068
0.006952
-0.0027141
0.0088111
-0.006162
0.0087817
-0.0036091
0.0016646
-0.0068299
0.001149
0.0098691
0.0013951
0.0042658
-0.0051852
0.0011237
-0.0004667
-0.0046914
-0.0025154
-0.0039144
0.0071233
0.0054378
0.0062099
-0.0042944
-0.0053328
0.0065722
-0.0038493
-0.0021191
-0.0032484
0.0012953
0.0016212
0.0002944
-0.008535
0.0089351
0.004293
0.0003564
0.0013502
-0.0022992
-0.003044
-0.0071428
-0.0096014
-0.0082973
0.0046061
-0.0020222
-0.0010624
-0.0096456
0.0034317
0.0092735
0.0086919
0.0047082
-0.0037675
-0.0011864
