0.002454
-0.0018017
-0.0030535
-0.0092924
-0.0029237
0.0030392
0.0086246
-0.0048755
-0.0041639
-0.0040929
-0.0039977
-0.0095869
0.0060695
-0.0074307
-0.0070163
0.0091018
-0.0070582
0.0057647
0.0017907
0.0028119
0.0096843
-0.0077602
-0.0019876
0.0094012
0.001502
-0.0035213
-0.00913
0.0008446
-0.0049109
-0.0052117
-0.0081716
0.0017249
-0.0039685
-0.0025166
0.0093454
-0.0060013
-0.0051388
0.0017048
-0.0098877
-0.0015724
0.0083293
-0.0035642
-0.0025457
-0.0038507
-0.0052283
-0.0070773
0.0037284
0.0086076
0.0006018
0.0044616
-0.0008858
0.0011238
0.0088846
-0.0053913
0.0012377
-0.001339
0.0056191
0.0084218
0.0006077
0.000988
0.0077135
0.005562
-0.0066355
-5.71e-5
-0.0031054
0.0094585
0.0090073
-0.0083322
0.0068161
-0.0060142
0.0093396
0.0064397
-0.0097103
-0.0041109
0.0066017
-0.0067681
0.0046642
-0.0089228
0.0077008
0.0083481
-0.0059943
0.0034226
-0.0062772
0.0014346
0.0081457
0.0031098
0.0015824
-0.0018996
-0.0090061
-0.0001354
-0.0070811
-0.001792
0.0010534
0.0076851
0.00834
-0.0062516
0.0027168
0.0031109
0.0035862
0.0055982
0.0088553
0.0002643
0.0023058
-0.0055955
0.0051513
-0.0084397
0.0078206
0.0091865
-0.0073352
0.0006627
0.0073661
0.0027578
-0.0032655
0.0022191
-0.0013533
-0.0076016
0.0022434
0.004226
-0.0064197
-0.0063406
0.0063432
-0.0093095
-0.0080456
0.0084294
-0.0065988
0.0081346
-0.0026987
0.0055358
0.0013577
0.0029773
0.0052894
-0.0032629
0.0089144
-0.0001043
0.0062662
0.0011425
0.0015076
0.0029483
-0.0031753
-0.0069926
-0.0015299
0.0073734
0.0040523
0.0005525
-0.0081524
-0.0042946
0.0076883
-0.0066795
-0.0053446
0.007462
-0.0016987
0.0020688
-0.0016707
0.0053356
0.0070109
0.0010698
-0.0007469
0.0024324
0.0020139
-0.0080043
-0.0036376
-0.0010214
-0.0004852
0.0073742
0.0038259
-0.0090659
-0.0050859
0.0064668
-0.0002589
0.0075075
-0.0032863
0.0048988
-0.0071329
0.0078361
0.0005477
0.007442
0.0055066
-0.000485
0.0037139
0.0018336
-0.0042728
0.0089101
-0.0050256
0.0089551
-0.009482
0.0014704
-0.0096006
-0.0075578
0.0082167
-0.0063212
0.0066635
0.0057932
-0.0058694
0.0073338
0.0003159
-0.0016366
0.0043691
0.0044229
-0.0097241
-0.0080426
0.0018231
0.0006031
-0.0079906
0.0026979
0.0001364
-0.0075332
0.0066939
-0.0027506
0.0056449
-0.0041303
0.0071039
0.0006533
0.0080547
0.0060648
-0.0058343
3.88e-5
-0.0082091
0.0092789
-0.0008986
0.0032166
-0.0080794
-0.0032534
-0.0048365
-0.0044374
-0.0039396
0.0099365
-0.0057726
-0.0070764
0.0024989
0.0058924
0.0028289
0.0090068
-0.0056821
0.0036691
0.0059944
0.0084482
0.0028294
0.0028479
-0.0030487
0.0048388
-0.0089546
-0.0078959
-0.0099169
0.0025996
-0.0020751
-0.009439
-0.0039881
0.003075
0.0096186
0.0054539
-0.0050737
-0.005333
-0.0027816
-0.0046758
-0.003679
0.0099162
0.003488
0.0049669
-0.0024872
0.0042063
-0.0016409
-0.0076112
0.0025202
-0.0094576
0.0043377
0.0055538
-0.0071537
0.0087157
0.0024667
0.0087308
0.0067394
-0.0002516
-0.0064091
-0.0069278
0.0058308
-0.003211
0.0020167
0.0025441
-0.0044242
0.0057274
-0.0053173
-0.0066602
-0.0022348
-0.005302
0.0004428
-0.0033755
0.0026681
-0.0053738
0.0085071
-0.0079261
6.0e-5
0.0007253
-0.0062692
-0.0018484
-0.0018743
0.0081283
0.0039359
-0.0056572
0.0084921
0.0095915
0.0069212
0.0008435
-0.0036003
-0.0098269
-0.0014675
0.0011579
0.001317
-0.0055029
0.0036907
-0.0058384
-0.0065481
-0.0009068
-0.0084596
-0.006131
-0.0068059
-0.0090467
0.0012708
-0.0084111
0.0088546
0.0058219
0.0052409
-0.0073908
0.0090815
0.0045389
0.0035248
-0.0075967
0.0035602
-0.0076469
-0.0010173
-0.0076901
-0.0022952
-0.007807
0.0011504
0.0008394
0.000814
-0.0067749
-0.0066938
0.0070091
-0.0002122
0.0097891
0.0076209
0.0028689
-0.0039024
-0.0002375
-0.0073849
0.0086241
0.005488
0.0056014
0.0038899
0.0019612
-0.0073594
0.0073019
0.0057576
-0.0089608
0.0053543
0.0068031
0.0052437
-0.0081272
-0.0070298
-0.0029613
-0.0057312
-0.0050103
-0.0052006
-0.0022167
-0.0049054
-0.0070169
0.0096064
0.0087959
0.0006094
0.0026826
-0.008519
0.0074141
-0.0052654
0.0050903
-0.002818
0.0069194
0.0037049
-0.0037582
-0.0067285
-0.002386
-0.0080757
0.0060056
-0.0053754
-0.0015777
0.0064923
-0.0082892
-0.0049156
0.0074217
0.0038301
0.0077369
-0.0002406
-0.0046781
0.0072779
0.0067018
0.0042544
-0.0064108
-0.0016726
-0.0084377
0.0019733
-0.0018739
-0.0040904
0.0048533
0.0082022
0.00391
-0.0052196
-0.0087791
0.0094552
0.0005019
-7.1e-5
0.0054625
0.0092494
-0.0072086
-0.0042034
0.0095871
0.005448
-0.0038046
-0.0085534
-0.0018994
-0.006974
0.0043235
0.006064
-0.0035509
-0.0003843
-0.0041169
-0.0005039
0.0051738
-0.00144
-0.0094505
-0.0075619
0.0092352
-0.0011004
0.0060656
-0.0045172
-0.0018083
0.0020987
0.0011438
0.0064648
-0.0050533
-0.0029486
-0.0012695
0.0044929
0.0019213
-0.0096916
-0.007737
-0.0005815
0.0032575
-0.0019843
0.0097182
-0.0026809
0.0034502
0.0057639
-0.008617
0.0068872
-0.00963
0.0044102
0.0018106
0.001399
-0.001836
1.03e-5
-0.0096909
-0.0025068
0.0069112
0.0057657
-0.0007844
-0.0080119
-0.0070272
-0.005586
-0.003265
-0.0067963
0.0061538
-0.0038087
-0.0032342
-0.0058759
-0.0058319
0.009028
-0.0067927
-0.0010785
0.0064966
-0.0028972
0.008681
-0.0009941
-0.0050475
0.000468
-0.0005436
-0.000107
-0.0084065
-0.0023643
-0.0002741
-0.0034511
-0.0066755
0.0025984
-0.0002562
0.0004414
-0.0016073
0.0041598
