0.0033953
-0.0024579
-0.0072006
0.0081167
-0.0005173
0.0073764
-0.0040606
0.0057905
0.0024927
-0.0058494
0.0059042
-0.0029513
-0.0071666
0.0063069
-0.000822
-0.005812
0.003335
-0.0046911
-0.0025045
-0.0028769
-0.0078801
-0.0007856
0.0095104
-0.0025797
-0.0050456
-0.0002085
-0.0026591
0.0034708
-0.0083783
0.0045538
-0.0017417
-0.0049937
-0.0058055
0.0044443
0.0080651
0.0048553
0.0028402
-0.0051048
0.0024539
0.0086417
0.0021324
0.0012068
-0.0074153
0.0048759
-0.0056649
0.0007596
0.0032932
0.0028182
0.00796
0.0058208
0.0053662
0.0064655
-0.0099671
-0.001583
0.0096151
0.006134
-0.0006498
0.003648
-0.0024983
-0.0096594
-0.0076546
-0.0043445
-0.0005865
0.0007792
0.0085788
0.0087274
0.0066099
-0.0093966
-0.0029496
0.007513
-0.0068513
-0.0081939
0.0097521
-0.0033708
-0.0054422
-0.0096
-0.0062792
0.0042904
-0.0079253
-0.0079382
-0.0024383
0.0052211
-0.0083617
-0.0042305
0.0032253
-0.008696
-0.0057757
0.0015486
-0.0096105
0.0053157
-0.0005901
-0.0033984
-0.0017479
0.0054245
-0.0086941
0.0005641
-0.0006058
-0.0008571
0.0065811
0.0032335
0.0051119
-0.0058241
-0.0023938
0.0083731
-0.0023204
0.0040824
0.0081671
-0.0048858
-0.0087943
-0.0020419
0.0079584
0.0064065
0.0008605
0.0005799
-0.0005886
-0.0061579
-0.0045368
0.0066275
0.0013317
0.0065921
-0.0012351
-0.0098515
-0.0094861
-0.0039966
0.0099657
0.0002075
0.0017837
0.0090116
0.008046
0.0091184
0.0053463
-0.0054833
0.0017991
-0.0023831
-0.0054109
0.0076333
-0.0069753
-0.0072637
-0.0072528
-0.0083877
0.0032251
0.0020061
-0.0015408
-0.0023152
0.0071105
-0.0010053
-0.0012832
-0.0008375
-0.0078165
0.0017162
0.0030325
0.0082693
0.0048343
0.005297
0.0005502
-0.00518
-0.0052303
0.0004007
-0.0031678
-0.0046658
-0.0057306
-0.0023343
0.006224
-0.0016287
0.0069796
-0.0036047
-0.0039328
0.0002834
-0.0088214
-0.001315
0.0001584
0.0020421
0.0060917
-0.0016306
0.0076442
-0.0040129
-0.0016176
0.009049
-0.0019897
-0.0010779
0.0011201
-0.0067843
-0.0062096
0.00694
-0.0085644
-0.0018908
-0.0076845
0.0035159
-0.0036111
0.0088386
0.0005712
-0.0064663
0.0086407
-0.0057663
-0.008527
-0.0036264
-0.0091894
0.000726
0.0023816
-0.0064519
0.0056304
0.0029391
0.0049248
0.0007349
0.0022678
0.0025389
0.0009997
-0.0023932
0.0036514
-0.0087047
-0.0059781
0.0053888
0.0048627
0.0009469
0.0018662
0.0022198
-0.0091617
0.0061415
0.0089315
0.0008658
-0.0043492
-0.0040715
-0.0041852
-0.0042915
0.0002316
0.0085918
-0.0064356
-0.0078491
0.007516
-0.0040118
-0.0061637
0.0031632
-0.0078249
0.009923
-0.0043477
0.0072217
0.0011094
-0.003394
-0.0094302
-0.0086481
0.0058688
0.0007025
0.004603
-0.000884
0.0076043
0.0063527
-0.0058792
-0.0033165
-0.0072429
0.0065631
0.0055027
-0.0034055
0.0081037
-0.0003658
-0.0013195
0.0028895
-0.0063134
-0.0080263
0.0048013
0.0027586
0.0013605
0.0087602
0.0082144
0.0002819
-0.0051041
0.0053179
-0.0061287
0.0039644
-0.0062314
0.0083335
-0.0049882
0.0077085
0.0041853
-0.0051461
-0.0015298
0.0065151
-0.0031613
0.0014068
0.0046107
0.0083176
-0.0032083
0.0053265
-0.0044064
-0.0099458
-0.0045466
-0.0027833
0.0059289
-0.0087111
-0.0071498
0.000634
0.0004901
0.0078237
-0.0087696
-0.0081116
-0.005565
0.0048359
0.0010239
0.0029317
-0.0051264
0.0012818
-0.0078819
0.0098502
-0.0002185
0.0094632
0.0069876
-0.0005963
-0.0083824
-0.0099916
-0.0011991
0.0014603
-0.0092649
-0.0070111
0.0027798
0.0074912
0.007209
-0.0016709
0.0088463
0.0084389
-0.0039072
-0.0093831
-0.0090586
0.0077565
-0.006032
-0.0098891
-0.0082609
0.0002323
0.002148
0.0090186
-0.0085418
0.0014431
0.0056108
-0.0079459
-0.0050946
0.0043057
-0.0065356
-0.0022357
-0.0015195
0.0033979
0.007788
0.0013332
0.0099011
-0.0097538
-0.0050889
0.0049271
0.0093531
-0.006482
0.0027802
0.0004816
-0.0083701
0.0018032
0.0077062
-0.0071289
-0.0036616
0.0053205
0.0028553
0.0046031
0.0088377
0.0006425
8.99e-5
0.0027214
0.0032366
-0.0093902
-0.0019565
0.001203
0.0056533
-0.0063183
-0.0066443
0.0008797
-0.0018448
-0.0020944
0.0066477
0.0022101
-0.0098831
-0.0031449
0.0023094
0.0053721
-0.0037357
0.0069034
-0.0073305
0.0002447
0.0025374
-0.0029302
-0.0050418
-0.0005634
0.0090438
-0.0094026
-0.0019087
-0.0090939
-0.0007291
0.0075324
-0.0008071
-0.009128
-0.0062466
-0.0055956
0.0022696
0.007817
0.0085489
-0.0037992
0.0029127
0.0074441
-0.0091028
-0.0073971
-0.0031125
0.0041611
-0.0062012
0.0070733
-0.0098787
-0.0077431
-0.0006563
0.0025726
0.0035227
-0.005502
0.0008001
-0.003601
0.0007435
-0.0019608
0.0068626
0.0065335
0.0015586
-0.0052552
0.0053
-0.0043165
-0.0027182
0.0076172
0.0025552
0.0010166
0.0093862
-0.0099029
0.0036918
-0.0009447
-0.0049829
-0.0043117
0.0028226
-0.0077364
-0.0056048
0.0069996
-0.009085
-0.0006812
0.0045522
-0.0072239
0.0038958
-0.0047192
0.0095417
0.0091158
-0.0017614
0.0072906
0.0074009
-0.0096471
-0.000193
-0.0004576
-0.0007982
-0.0053458
0.0074932
0.0042395
0.0019407
0.0058512
0.0041951
-0.0047039
0.0036365
-0.0033453
-0.0020588
-0.0033554
0.0092413
0.0067535
-0.0031675
-0.0041228
0.0056862
0.001117
0.0005042
-0.0051708
0.0079126
0.0048646
-0.0093018
-0.0052186
0.0086206
-0.0021175
-0.0084893
0.0054579
0.0041112
-0.0074537
-0.0080866
-0.0026275
-0.0050327
0.0089733
0.0086924
-0.0026437
-0.0032689
0.0033111
0.009777
-0.0021585
0.008711
0.0048059
-0.0071309
-0.0073011
-0.0012775
