0.0056115
0.008732
-0.0070448
-0.0066353
0.0053312
0.0085739
-0.0065128
0.009504
-0.0003732
-0.0045287
0.0027595
0.0097533
0.0016498
-0.0054933
-0.0071116
0.0041029
0.0095694
0.0054866
0.0095496
0.0049902
0.0003623
-0.0067336
-0.0028294
0.0085684
0.0015862
0.0025566
0.0016882
0.0012505
0.002175
0.0037522
-0.0094841
-0.0069728
0.0012261
-0.0071581
0.0071913
-0.0029586
-0.0083164
0.0087283
-0.0073746
0.0019706
-0.0070654
0.0030208
0.0076582
-0.0095214
0.0058688
-0.0076086
-0.0056506
-0.002238
0.0094884
-0.0091015
0.001034
-0.0010936
-0.0061875
-0.0052055
0.0029311
-0.0031268
-0.0065529
0.0084326
-0.0086905
-0.0063336
-0.0062981
-0.0069642
-0.0053969
0.0019884
0.0083207
0.0020944
0.0083995
0.0033013
-0.0001422
0.0083845
-0.0055118
-0.0034517
-0.0061175
-0.0017651
-0.004644
-0.0053366
-0.0099454
-0.0071692
0.0051684
-0.0063488
0.0077232
0.0038516
-0.0093781
0.0084999
-0.0059928
-0.0011737
0.0044485
-0.0029328
0.0095864
0.0079071
-9.04e-5
0.0051495
-0.0043694
0.0034819
0.0019548
-0.0005337
-0.0028763
0.0094247
0.0049362
0.0056185
0.0066638
0.0019465
0.0030006
-0.0022751
-0.0070481
0.0068371
0.0032807
-0.0047344
0.0025305
0.00107
0.0073841
0.0016802
0.0063369
0.0067895
0.0069233
0.0064024
0.0054038
0.0085665
0.0062531
-0.0020271
-0.005309
0.0014516
0.009766
-0.0029548
0.001413
-0.0077999
-0.0011417
-0.007749
-0.0014278
-0.0026876
0.0087341
0.0036681
-0.0078663
0.0004759
-0.0011452
0.0051253
-0.0049763
-0.0077133
0.0096769
-0.001528
0.0065156
0.0097856
0.0067617
0.001268
-0.0089703
-0.0064568
0.001069
-0.008618
-0.0018815
-0.0006394
-0.004531
0.0058932
-0.0003317
0.0035142
0.0033197
0.0041803
0.0004623
-0.0078125
-0.003504
-0.0025219
0.003762
-0.0022178
5.7e-6
0.0026353
-0.0071264
-0.0022363
-0.0003547
-0.0074684
0.0090626
-0.008962
0.0015421
-0.0046211
0.007901
-0.0010859
0.0004408
-0.0001201
0.0020912
-0.0004146
0.0023559
-0.0081593
-0.0069273
0.0097956
-0.0062525
-0.0060763
-0.0080514
-3.83e-5
-0.0084892
-0.0083627
0.0017859
-0.0001306
-0.0092952
-0.0083691
-0.0073566
-0.0041637
0.009623
-0.0083463
0.0049251
-0.0037048
-0.0068014
-0.0037297
0.0012555
0.0046173
0.0098654
-0.0085763
0.000886
0.0087451
-0.0002582
-0.0025276
-0.0074945
-0.0069533
0.0019777
0.0083579
0.0076494
0.0036002
-0.0047991
-0.0009459
0.0088898
0.0092227
-0.0080287
-0.0024786
-0.0001522
0.0036565
0.0067402
-0.0089156
-0.0001532
0.0069205
0.0009203
0.0092034
-0.0034565
0.003996
-0.0049971
-0.0099516
0.0074604
0.003548
0.0099612
0.0095363
-0.0070218
-0.0097055
-0.0002767
-0.0017501
-0.0030533
-0.0086464
0.0062125
-0.0039658
-0.0064247
0.0084277
-0.0039016
0.0082435
-0.0010122
-0.0079992
-0.0027992
0.0087477
0.0074279
0.0059467
-0.0022716
-0.0032742
-0.0075698
0.0064661
-0.0084177
-0.0057652
0.0083544
-0.003055
-0.0099399
0.0096991
0.001998
-0.0015663
-0.0002521
0.0049286
0.0003268
-0.0081959
-0.0054125
0.0029996
0.0049787
0.0086276
0.0068693
0.0049841
-0.0028697
-0.0067866
-0.0094161
-0.0072369
0.0073344
0.0001581
-0.0019629
-0.0066514
-0.0085575
-0.0019712
0.0056648
0.0096796
-0.004749
-0.0036961
0.0028042
0.0013753
-0.0082943
0.0095472
0.0008457
-0.005473
0.0054874
0.0044654
-0.007238
-0.003138
0.0063953
0.0050602
0.0011688
0.0084605
0.0040402
-0.0088699
-0.0096124
-0.0086334
0.0027091
-0.003904
0.0081885
2.41e-5
-0.0071898
0.0029162
0.0070838
0.0074758
-0.0091493
-0.0041874
-0.0012448
-0.002309
-0.0047453
-0.0044816
-0.0093639
-0.0001329
-0.0094082
0.0080365
0.001536
0.0075455
-0.0085185
-0.00333
-0.0050013
0.0069021
0.0080252
0.0069147
0.0040392
0.0092075
0.0058313
-0.0073194
0.00985
0.0066796
0.0050296
-0.0009961
-0.0001772
-0.0098386
-0.0059917
0.0062185
0.0003099
0.0035356
0.0007315
-0.0069752
0.007265
-0.0005014
-0.0027034
0.0016894
0.0065112
0.0003303
-0.0009384
0.00144
-0.0008098
-0.0098482
0.005617
-0.0097942
-0.0066132
0.0013516
0.0014422
0.0035837
0.0058289
-0.002357
-0.0073396
0.0076783
-0.0028269
0.0047519
-0.0001813
-0.0079191
-0.0061543
-0.0017109
0.0001853
0.0092193
0.0004773
0.0060977
-0.0067857
-0.0073668
-0.0042908
-0.0095065
-0.0098526
-0.0007054
0.0089756
-0.0001332
-0.0089948
-0.0022445
0.0093539
-0.0075173
0.0077315
0.0017595
-0.0088832
0.0005074
0.0076444
0.0045644
-0.0079413
0.0062745
-0.0086473
-0.0019545
0.0029986
0.0047087
0.0099934
-0.0071998
0.0067465
0.0091215
-0.0029021
0.0020752
0.0009529
-0.0063874
-0.0036971
-0.0036687
0.0002954
0.0053998
-0.0045934
0.0025664
0.004355
-0.0014453
0.0087376
-0.0051569
0.0052776
-0.0079612
0.0044891
-0.0025201
0.0076031
-0.0056881
-0.0093524
-0.0015157
0.0037556
-0.0021598
-0.0058907
-0.0092627
0.0011864
0.0042612
-0.0071341
-0.0001789
0.0023589
-0.0047703
0.0069374
-0.0082556
-0.0080578
-0.0025486
0.0082458
0.0034556
-0.0041478
-0.0082224
9.09e-5
-0.0089416
-0.0004923
0.0044993
-0.0018135
-0.0025447
0.0002869
0.0078262
-0.0089587
-0.0048085
0.0050625
0.007441
-0.0030923
0.0009473
-0.0068334
-0.0083713
-0.0025426
0.0088295
-0.008206
0.0054307
-0.0092543
0.0085337
-0.007431
-5.65e-5
0.0034247
0.0095592
0.0055578
0.0013394
-0.0086323
0.0032765
-0.001778
-0.0089277
-0.0061178
0.0009367
0.0075527
-0.0008428
0.0015011
-0.0061898
-0.0086214
0.0047102
-0.0085915
0.0009608
-0.0017839
-0.0051316
-0.0013968
-0.0083431
-0.0053304
