-0.0086507
-0.0004952
0.0005312
0.002846
0.0072457
0.0093321
0.0092849
0.0072016
-0.0074295
0.006215
0.0020596
-0.0066301
0.0051542
-0.0026061
-0.0020545
0.0023618
0.0048214
0.0061814
0.0070845
-0.0065093
-0.0057587
-0.0009054
-0.0055941
-0.0086871
0.0002587
0.0062915
0.0002553
-0.0005034
0.0067534
0.0067185
-0.0094664
-0.0050386
-0.0005383
-0.0084971
-0.0067541
-0.0063714
0.0006805
0.0093371
0.0093455
-2.17e-5
-0.0012147
0.0049822
0.0014876
0.0035352
-0.007344
0.0079822
0.0048427
0.003364
0.0026286
0.007676
-0.0040223
0.0076558
-0.0081735
-0.0096689
-0.0015547
-0.0011675
-0.0064709
-0.0019693
-0.0073667
-0.0058164
-0.0041931
-0.0020363
0.0025085
-0.00801
-0.0070969
0.0006131
-0.0086527
0.0059195
-0.0010735
-0.0030017
-0.0057379
0.0036232
0.0082357
-0.0077478
-0.005695
0.0009876
0.0048175
0.0091376
0.0047417
-0.0013798
0.0043852
0.0049449
0.0050319
-0.0044888
-0.0022556
-0.0067082
-0.0065091
-0.0091256
-0.0063905
-0.0069619
-0.0088685
-0.0046843
0.0030417
0.0024295
0.0005386
0.0021631
0.0075648
0.0056246
-0.0059538
0.0069275
-0.0029136
-0.009507
0.0066066
-0.001786
-0.0071326
0.0041948
0.0052053
-0.0016088
-0.0065972
-0.0011033
-0.0063574
0.008528
-0.0057341
-0.0060755
0.0046965
-0.0045774
-0.0033096
-0.0074396
0.0003588
0.0061381
0.0002784
0.0052603
0.007854
-0.006263
0.0084239
0.0021829
-0.0035901
-0.0032953
-0.0044017
-0.0017401
0.0026747
-0.0080924
-0.0074534
-0.0075252
-0.003263
-0.0079645
0.0064541
-0.0071987
-0.0027593
0.0031165
0.0046751
-0.0073588
0.0067539
-0.0069389
0.0003123
0.0079733
0.0087295
-0.0054445
0.0028487
-0.0056347
0.0044361
-0.0048425
-0.0041822
0.0001924
-0.0074375
0.0039677
0.0028617
0.0076434
-0.0074314
0.0051555
0.0007818
0.0088739
-0.0027972
-0.0018585
0.0029808
-0.0084088
0.0019597
-0.0030871
0.0070857
-0.0024708
-0.0054962
0.0084573
0.0022218
-0.0071623
0.0068001
-0.0062168
-0.0037269
0.0072973
-8.54e-5
-0.001746
-0.0036998
-0.0010568
-0.0052705
0.0038082
-0.0095022
-0.0046085
-0.0009152
-0.0022423
0.0034852
0.0049709
-0.0091098
-0.0014663
0.0034916
-0.0090977
-0.0095317
0.0069735
0.0058948
-0.0037054
-0.0098201
-0.0080332
-0.0050047
0.0073463
0.0032136
-0.0049303
-0.0022905
-0.0071512
0.0049874
0.0076479
0.0023707
-0.0034857
0.0031132
0.0009569
-0.0052962
0.0048574
-0.0025481
-0.0002081
-0.0036705
-0.0031395
-0.0076997
0.0094184
-0.0016032
0.0062248
-0.0015272
0.0033585
-0.006183
0.0050561
-0.0056686
-0.0080398
0.0046206
0.0063333
0.0007207
0.0031483
0.0009455
0.0033107
0.00519
0.0017749
-0.002368
0.0056173
0.0002011
0.0083036
0.0073476
0.0023288
-0.0013814
-0.0020178
-0.0052155
-0.0058299
-0.000111
0.008669
0.0044873
-0.0018039
0.0074745
-0.0073222
-0.0031557
-0.0041327
-0.0056221
-0.002734
-0.0028403
-0.0095808
-0.0015268
-0.0079605
0.0042511
0.0083631
-0.001781
-0.0048148
0.0028859
0.0065614
-0.0081955
0.0081158
-0.0073309
-0.0064121
-0.0035625
-0.0064353
0.0096541
0.0097909
0.0037702
0.0033263
0.0075073
-0.0064965
0.0007633
-0.0012967
-0.0030757
-0.005456
0.0034844
-0.0039511
-0.0012576
-0.0013631
0.0088718
-0.0037914
-0.0082025
-0.0060841
-0.0014705
-0.009182
0.002343
0.008623
0.0013272
0.0044546
-0.0052339
-0.0045424
0.0002526
-0.0063145
0.0047554
0.0025413
0.0094966
-0.0043793
-0.0090726
-0.0064603
0.009821
0.0027814
0.0039864
-0.0093492
-0.0077552
-0.0056119
-0.0017986
-0.0070856
-0.0085864
-0.0085697
0.0059796
0.0055822
0.0062401
0.0097311
-0.0061221
-0.0001038
0.0013074
0.0071683
0.0050733
-0.0063154
0.0025063
0.0062006
0.0060298
-0.0026652
-0.0039708
-0.0074194
-0.0002544
-0.0060182
0.005957
-0.0068284
0.0011143
0.0028156
-0.0039909
-0.0066494
0.0094621
-0.0023041
-0.0023708
0.001238
0.0052901
-0.0043453
0.0083369
0.0035907
0.0049924
-0.0089356
-0.0056847
0.0043284
-0.0061484
0.0083693
0.0062852
-0.0099243
-0.0023261
0.0092279
-0.0088206
0.0009959
-0.0008013
-0.0096269
-0.0093654
0.0019937
0.0004235
-0.0052781
-0.0013143
-0.0091284
0.0056848
0.0098303
-0.0001852
-0.0054255
0.0035595
0.0007723
0.002041
0.0057933
0.0075913
0.0069288
-0.006597
-0.0081305
-0.0050858
-0.0028761
0.005236
0.0095548
0.0079458
-0.0097757
0.0081741
0.0038189
-0.0025883
-0.00673
0.0015978
0.0032789
-0.0042842
0.0065014
0.0003348
-0.0027721
-0.0021904
-5.87e-5
-0.007134
-0.0046558
-0.000937
0.0055217
-0.0014944
0.0057972
0.0042529
0.0017453
0.0009207
-0.0048559
-0.0062381
-0.0070674
-0.004294
-0.0060559
-9.69e-5
-0.001412
-0.0062896
-0.0054653
0.0084127
-0.0010636
0.0099348
-0.0070729
-0.0097592
-0.0043155
0.0056241
0.0085027
-0.008159
-0.0034188
0.0089417
0.0043858
0.0093711
-0.0032086
0.0011514
0.0065611
0.0072996
0.0081607
0.0037293
0.0052552
-0.0052635
0.0065893
-0.0080716
0.0061451
0.0074325
-0.0013665
-0.0069534
0.0026242
0.0028206
0.0089659
0.0018748
0.0033991
0.004309
4.0e-7
0.0065408
0.0060827
0.0038126
-0.0015575
-0.0027218
3.31e-5
-0.0077716
0.0059116
0.001882
-0.0077259
0.0064253
0.0043862
0.002491
-0.0034663
-0.0088732
-0.0008731
0.0068943
0.0039559
-0.0038385
0.0013285
-0.0084109
0.0059963
0.0019219
-0.0050184
-0.0036659
-0.0080002
0.0025828
0.0041937
-0.0030968
-0.0015997
-0.00857
0.0004825
-0.009242
-0.0041441
0.0067954
0.0027625
-0.0092997
0.0024717
-0.0006051
0.0040298
-0.0044733
0.0018971
-0.0057181
0.0005357
-0.0018414
