0.0041487
-0.0041149
-0.0063867
0.0010126
0.0036705
0.0064884
0.0089206
-0.0074586
-0.0078748
0.0037065
0.0074143
-0.0057621
-0.0091531
-0.0074563
-0.0086191
0.0031753
0.0042532
0.0071573
0.0014472
0.0096488
0.0020526
-0.0087667
0.0067462
-0.0059621
-0.0013043
-0.0021693
-0.0096012
-0.0034387
0.0098938
0.0034626
-0.0058876
-0.0021907
-0.0064259
-0.0068049
0.0018692
0.0044221
0.0077098
-0.0010054
-0.0045643
0.0069089
0.0090914
0.0055035
-0.0066184
-0.0032506
-0.0028283
-0.0034532
0.0081027
0.0040812
-0.0098609
0.0070377
0.0031952
0.0089103
-0.0002124
-0.003625
0.0047346
-0.0015474
-0.0026196
-0.0064235
0.0093644
-0.0037682
0.0007773
-0.0005369
0.0082217
0.0080506
0.0008316
-0.0063485
-0.0047262
0.0052009
-0.0075678
0.0080448
-0.0021347
-0.0002994
0.0027388
0.0099917
-0.0076383
-0.007397
-0.0035762
-0.0013033
-0.0024477
0.0038703
0.0066797
-0.003901
0.0058966
0.0004291
0.0024931
0.0031083
-0.0023947
0.0098078
-0.0044135
-0.0070016
-0.0053278
-0.000532
0.0086768
-0.0085819
0.0088413
0.0056997
0.0059981
-0.0049463
0.0064962
-0.002941
0.0055602
-5.38e-5
-0.0013789
0.0074675
0.0078796
-0.0089075
0.0015489
0.004739
0.0030806
0.0084672
0.0082262
-0.0003464
-0.0089729
-0.0081201
0.0012848
-0.003042
0.0032775
0.0048714
0.006936
0.0085825
-0.0037673
0.0052239
-0.0016829
0.0059707
0.0076855
0.0093351
-0.0084234
0.0089727
-0.0045961
-0.0034449
0.0003307
-0.0070826
0.0019315
0.0038929
0.0012121
-0.009712
0.0059991
-0.0075032
-0.0060664
-0.0032832
0.0030415
0.0058459
0.0089969
0.0097946
0.0068263
-0.0036044
0.0065214
0.007527
0.0055204
-0.0009576
-0.0046743
0.0047942
-0.006472
0.0078516
0.0061324
-0.0083242
-0.0040553
-0.0053992
0.002222
-0.0075371
-0.0084187
-0.0042304
-0.0041194
-0.0001555
0.0085732
0.0040157
-0.0022808
-0.0046296
-0.0077045
0.0029551
-0.0005864
0.0049791
0.0045958
0.0091437
-0.0060676
-0.0074769
0.0098571
-0.0034848
-0.0039471
0.0058182
0.0060705
-0.0030543
-0.0037184
0.0030849
-0.0053604
0.0047998
-0.002787
-0.0032222
0.0023761
0.0030143
-0.0050016
-0.003617
0.0028634
0.0091074
-0.0034592
0.007913
-0.0027718
-0.0030667
0.0064391
-0.0024961
0.0094194
0.0090434
0.008769
-0.0083769
-0.0047857
0.0034574
0.0048933
0.0017793
0.0055541
-0.0026759
0.0008429
-0.0067608
-0.0095996
-0.0081195
0.007388
-0.0033929
0.0049312
-0.0045821
0.0065012
0.0058334
-0.0083258
-0.0031252
0.0017424
-0.0051964
-0.0042249
-0.0067016
-0.0018626
-0.007565
0.006757
-0.0082259
-0.0018439
-0.0084673
0.0087751
0.0060465
0.0075703
-0.0061149
0.0053895
-0.0046854
-0.0092046
-0.002382
0.0070667
0.0095369
-0.007604
-0.0062355
-0.0016436
0.0094671
0.0091928
0.0051089
-0.0063366
-0.0006019
0.0098583
-0.0039258
-0.0087358
-0.0097908
0.001709
0.0073168
-0.0088166
-0.0017467
0.0018409
0.0065319
0.0088601
0.0003526
-0.0092327
0.000963
0.0062397
0.0009441
0.0036761
-0.0058607
0.0016319
-0.0081257
0.0007426
-0.0008617
0.0004057
0.0015005
-0.0013019
-0.0046515
-0.0014206
0.004195
0.0025119
-0.0071827
0.0049772
-0.0036787
0.009171
-0.0015622
0.0012478
-5.93e-5
0.004834
0.0009547
-0.0059444
-0.0046357
0.0046609
-0.0070484
-0.0046308
-0.0083255
0.0087256
0.0009327
-0.0008622
0.0025752
0.009026
-0.0064591
0.0055411
0.0024191
0.0097045
-0.0067945
-0.0024863
0.0088438
0.0003884
-0.0044129
-0.0055262
-0.0053304
0.0096326
-0.0016462
-0.004213
-0.0066087
-0.0033517
0.0004869
0.0095626
-0.0089594
-0.0032054
0.0055843
0.0091051
-0.0079865
-0.0096212
-0.000361
0.0082273
-0.0046592
0.0013901
-0.001072
-0.0086809
0.0001377
-0.0055251
-0.0012574
0.0015937
-0.0074339
-0.0028383
0.0011237
0.0060676
1.67e-5
-0.0018039
0.0038638
0.0099219
0.0067788
-0.0026524
-0.0035488
-0.0041274
0.0055325
-0.0071862
-0.0042586
-0.0070811
0.0097741
-0.0065626
0.0040694
0.0059323
-0.0094242
0.0095467
-0.0065011
0.0038491
-0.0015292
0.0047684
0.0018521
-0.0066424
-0.0006376
8.97e-5
0.0072276
0.0060187
-0.0073938
0.0021056
0.0025232
-0.001184
-0.0061634
0.0006007
0.0030415
-0.0008762
0.0041564
-6.13e-5
0.0045697
0.0001807
-0.0007986
0.006349
-0.0056469
0.0051716
0.0085134
-0.0005424
0.0096778
0.0028908
-0.0003027
0.0048931
-0.0005188
0.0061357
-0.0061468
-0.0093546
-0.0097939
-0.0077361
0.0035082
-0.0084988
-0.0005655
0.0048959
0.0032161
-0.0084084
0.0073463
0.0019202
0.0051673
0.0049449
-0.001012
-0.0038596
-0.005889
-0.0090506
0.0049774
-0.0012314
-0.0086635
0.0018175
0.0034189
-0.0067222
0.0084269
0.0084418
-0.0052166
-0.0011924
-0.0071445
0.0063912
-0.0084227
0.0084416
-0.0044171
-0.0046228
-0.0006066
-0.0016171
-0.0037687
-0.0024632
-0.0080545
-0.0048991
0.0046145
-0.0022105
0.0050431
-0.0024385
-0.0078125
-0.0003229
-0.0095582
-0.0086953
-0.0083837
0.0040835
0.0054988
-0.0054194
0.004843
0.0088157
0.0082873
-0.0068068
0.0067353
0.0031169
0.0071882
-0.0004547
0.0093154
-0.0038932
0.0053985
-0.0085789
-0.0069771
-0.0094322
0.0091021
-0.0082185
-0.0039908
0.0054456
0.0058131
-0.0023774
0.0019495
-0.0076695
0.0062225
0.0065711
-0.0068531
-0.0087104
0.0049681
0.0033672
0.0056797
0.0054735
0.0072389
0.0050065
0.0088739
-0.0024515
-0.006772
-0.0021817
0.0047799
-0.0090693
-0.0062687
-0.0083272
0.0048216
0.003739
-0.0007648
-0.001169
0.009272
-0.0020021
0.0093629
-0.0051633
-0.007878
0.000572
-0.002438
0.0004516
-0.009962
-0.0085087
