0.0053208
4.87e-5
0.0087366
0.0043162
0.0060444
0.0009545
-0.0081695
0.004591
-0.0039879
0.0053126
0.0040651
-0.0083993
-0.0032171
-0.0011078
-0.0090673
0.0055417
-0.0045709
-0.0050528
-0.0032624
-0.0028224
0.0062695
0.0036017
0.0018259
0.0065247
0.0062199
0.006864
0.0051118
-0.0019258
-0.0042953
-0.006267
-0.0009798
-0.0076607
0.0008958
0.0076053
0.0074597
0.0031033
-0.0028122
0.0052454
-0.0028475
-0.0079265
-0.0099769
-0.0014182
0.0066597
-0.0066512
-0.0022533
-0.0025222
0.0025223
-0.0067664
-0.0026399
0.0075
6.07e-5
0.0090275
-0.0032805
0.0027121
0.0031972
-0.0040175
0.0011364
0.0080554
0.0049704
-0.0072651
0.0050735
0.0005153
-0.0054955
-0.0066863
-0.00469
-0.0040556
-0.0098091
0.0019056
-0.0035185
0.0045764
-0.0059981
-0.0034849
0.0073535
0.0064671
-0.0032206
-0.0069302
-0.0053284
-0.0047852
-0.0022268
-0.0042681
-0.0017026
0.0002461
0.0054049
-0.0056149
-0.0087828
0.0001935
-0.0063148
0.0050643
0.0068614
0.0050454
-0.0046638
0.0043777
-0.0085571
-0.0055586
-0.0049883
0.0018929
0.0067946
0.0070586
0.0074905
0.0098618
-0.0067585
0.0045629
-0.0060242
0.0056362
0.0011605
-0.0087422
0.0076685
0.0041113
0.0082883
-0.0074162
-0.0037799
0.002359
-0.0019958
0.0022684
0.0006295
0.0056175
-0.0084249
0.0029739
0.0089895
0.0045802
0.0064197
-0.0001174
0.003221
-0.0086557
-0.0093
-0.0031916
-0.0006645
-0.0003355
0.0048979
-0.0092309
-0.0044684
0.0034677
-0.0071062
-0.0093285
-0.0032592
0.0012396
-0.0039209
-0.008108
-0.0090755
-0.0051589
0.0024362
0.0075076
0.0013728
-0.0023322
0.0064301
0.0020126
0.0008898
-0.0087287
0.0092041
-0.0074174
-0.0036252
0.0020367
0.0031112
0.0022314
-0.0036091
-0.0087127
-0.0055944
0.0054254
0.0063391
-0.0022969
0.0040993
-0.0094266
-0.0091602
-0.0026472
-0.000722
0.0061321
-0.0072783
0.0007998
-0.0012843
0.0069594
0.0073349
0.0098437
-0.0030006
-0.0008869
0.0085005
-0.004198
0.003657
-0.0001434
-0.0083359
-0.0007517
0.0026469
-0.0055322
-0.0012834
-0.004114
-0.0098588
-0.0042011
-0.0033202
-0.0054336
0.0093572
-0.0047399
0.0034846
-0.0070288
-0.00956
-0.0075797
-0.0013647
0.0012216
0.0051941
0.0097153
0.0098491
-0.0051474
0.0055821
-0.008896
0.0009931
0.0092003
-0.0010419
-0.0020335
-0.005211
0.0078824
-1.55e-5
-0.0013341
0.0086039
0.0004902
-0.0080336
0.0046725
-0.0003172
0.0017951
-0.0020723
0.0025506
-0.0029457
0.0047064
-0.0081754
-0.0058009
-0.0002957
0.0090574
0.0067749
-0.0004854
0.0078093
-0.0035164
0.007473
-0.0097674
-0.0008628
0.0096057
0.0044998
-0.0012367
-0.0087543
-0.0060892
0.0010867
-0.0070222
0.0078751
-0.0068544
-0.0055683
-0.0071854
-0.0074586
-0.0032256
0.0002398
0.0061632
-0.0097869
0.0029787
0.0009715
0.0087257
0.0053568
-0.0070392
0.0037875
0.0053401
-0.0034106
-0.0081212
-0.0063329
-0.0038021
0.004666
0.0040334
-0.005754
-0.0038656
-0.0082256
0.0036827
-0.0060784
-0.0027919
-0.0055531
0.0042245
-0.00892
-0.0082866
-0.0087861
0.0076027
-0.0064441
0.0025117
-0.007937
0.0069097
0.0039139
0.0012759
-0.0066896
0.0056387
-0.00096
5.07e-5
-0.0085505
-0.0097576
0.0057745
0.0026137
-0.0016479
0.0082865
0.003545
-0.0053805
-0.0033554
0.0053738
-0.0009217
-0.000153
-0.0061864
0.0060003
-0.0029827
0.0032502
0.0020964
0.0006605
0.0073478
-0.0047025
-0.0096593
-0.0017291
0.0063106
-0.0096799
-0.0023535
0.0002859
0.0030654
-0.0007757
-0.0069565
-0.0042391
0.0053146
-0.0057751
-0.0084478
-0.0063391
-0.0049354
-0.0009907
-0.0098662
-0.0022443
-0.00534
-0.0068828
0.0039054
0.0045069
0.0008615
-0.0081245
0.0054165
-0.0008061
-0.0041057
0.0082809
-0.0015987
-0.0018124
0.0042779
-0.009098
-0.0006753
0.0023866
-0.0059053
-0.0047342
-0.0051809
-0.0017352
0.0051875
0.0037917
-0.0050375
-0.0024199
0.0098974
-0.0042153
-0.0061425
0.0033428
0.0052971
0.0094447
0.00722
0.0052673
0.0007734
0.0041902
0.0015928
-0.0069554
-0.0033298
0.007237
0.0001951
0.0066166
-0.0083603
-0.0039482
0.0039011
0.0046678
-2.96e-5
0.0053753
0.0031202
-0.0036633
-0.008277
-0.0068339
-0.0062249
-0.0097619
0.0043537
0.0074024
0.0019175
-0.0078899
-0.0025906
-0.0008439
0.0057046
0.0044517
-0.009527
0.0028894
-0.0030735
-0.0027074
0.0002879
-0.0015127
0.0018083
-0.0066222
0.0014502
6.25e-5
0.0036869
-0.0072296
-0.0029283
-0.0081267
-0.0088281
-0.0021086
0.0026113
0.0052184
-0.00291
-0.0034371
-0.0069236
-0.0009574
-0.00106
0.0065027
-0.0054725
0.000518
-0.0063819
0.0045638
0.0065711
0.0075537
0.002908
0.0069522
0.0037283
-0.0048103
-0.0001005
-0.0075182
-0.0045126
-0.0017436
-0.0053356
-0.0063799
-0.0081547
-0.0017038
-0.0073065
0.0013518
0.0009731
0.0046807
-0.0089108
0.0093753
0.0024804
-0.0051379
-0.002815
-0.0087802
0.0046153
0.0030377
0.0049501
-0.0094759
0.0017134
-0.0095476
-0.0043414
-0.0045889
0.0095361
0.009221
0.0051112
-0.0009359
-0.0028804
0.0054137
-0.0098751
-0.0062607
-0.0063599
0.0081719
-0.007356
0.0008451
-0.0069811
0.0094902
-0.0039515
0.0042834
-0.0050624
-0.0084306
0.0009672
-0.0073672
-0.0018427
-0.0036062
-0.0084408
-0.0051132
0.0017688
-0.0063059
-0.0002721
-0.0099585
0.0061001
0.008758
-0.001895
0.0060643
-0.0009547
0.0051625
-0.0055428
0.001396
0.0064205
-0.0068334
-0.0054921
0.0040221
-0.0097115
0.0067277
-0.0012575
-0.0070673
-0.0093374
0.0020865
-0.0064743
0.006778
0.0034271
0.0005257
0.0023355
0.0023761
0.0028035
0.0038499
-0.0092382
