-0.0098926
0.006977
-0.0010213
0.0087959
-0.0059511
0.0073559
0.0071638
0.0091951
-0.0010603
0.0057302
0.005586
0.0085154
-0.001476
-0.0052685
-0.0041694
0.0004102
-0.0028392
-0.0007277
-0.0027764
-0.0035367
-0.0054953
-0.0028539
0.0039035
0.0047091
0.0085495
0.009825
0.0099484
0.0019366
0.0061883
0.0005237
-0.005422
-0.0013884
0.0049174
-0.0082231
0.0047616
0.0063252
-0.0085563
0.0005393
0.0051777
0.0065996
0.0037044
-0.0063804
0.0043891
-0.0092936
0.0072828
-0.0003801
0.007726
0.0026921
-0.0089903
0.0024866
-0.0076873
-0.0098777
0.0021415
0.005456
0.0064344
-0.0049872
-0.0073364
0.0012316
-0.0091149
0.0006726
-0.0067903
0.0078131
-0.0075908
-0.0015373
-0.0088407
-0.003572
-0.0094315
-0.0012105
0.0046449
0.0083304
-0.0040144
-0.0027036
-0.0038192
0.0063076
0.0084818
-0.0008829
0.009177
-0.00428
-0.0062167
0.0068657
-0.0013542
0.0029824
-0.0028225
0.0071691
0.004062
0.0080235
-0.0095592
-0.0001881
0.0013009
0.0078893
0.0011888
-0.0076476
0.0010963
0.0086276
0.0094418
-0.002052
0.0096564
-0.0015773
-0.0047553
-0.0091886
-0.0040589
0.003463
0.0051564
0.006971
-0.0092492
-0.0065839
-0.0010295
0.0074626
-0.0049888
-0.0021003
0.005342
0.0005084
0.0007709
0.0074275
-0.0027812
-0.0094948
0.0005755
-0.0034952
-0.0027475
-0.0087204
0.0024563
-0.0034799
-0.0084014
-0.0081261
-0.001611
0.0058315
0.0043584
0.0017682
-0.0098346
-0.0069104
-0.0076515
-0.0020957
0.004876
0.0051669
-0.0006108
0.0025002
0.0011924
0.0067813
-0.0078059
-0.0014758
0.0032263
0.0067299
0.0093576
-0.0064478
0.000275
0.0047504
0.0004901
-0.0043522
0.005259
0.0094952
-0.0067923
0.0098202
-0.0099856
-0.0075566
-0.0045848
0.0072016
0.0091549
0.0097193
0.0059049
-0.0033635
0.00608
-0.0071419
-0.0051055
0.001433
6.18e-5
-0.0040708
0.0092
0.0038345
0.0037045
-0.0015173
-0.0085655
0.0022806
-0.0042566
0.0073778
0.0073853
-0.0017437
0.0089011
0.0044985
-0.0032967
-0.0015674
-0.004327
-0.0011725
0.0071533
-0.0063153
-0.0003269
0.0012872
-0.001708
0.0028375
-0.0008593
0.000213
0.0029743
0.0019303
0.0042454
-0.0094501
-0.0048822
-0.0034054
-0.0019897
-0.0084986
0.0050072
0.0024703
-0.0018177
-0.0046116
0.0066336
0.0080681
-0.0091188
0.0042215
0.0037637
-0.0090421
0.0094693
0.0085403
-0.0036064
6.15e-5
-0.0023921
-0.0014424
0.0084337
-0.0096941
-0.0035911
0.007509
0.0071373
0.0080381
-0.0041817
-0.0092986
-0.0002905
-0.0009937
0.0024494
0.0051927
-0.0049873
-0.0065149
0.0060874
0.0018849
-0.0093608
-0.0018157
-0.0005294
0.0061476
-0.0065624
0.0047242
0.0007009
-0.0024559
-0.00682
-0.0027813
0.0046006
0.0015527
0.0086539
-0.000364
0.0081564
0.0003462
0.0092947
0.0084795
0.0078186
-0.0073845
0.0025524
0.0047645
0.0038633
0.0045608
-0.0095546
0.0027986
0.0013909
-0.0060233
0.0097322
-0.0043699
-0.0053456
-0.0036177
-3.06e-5
-0.0053783
-0.009695
0.0065755
-0.0033515
0.0035689
0.0076032
-0.0050235
-0.0032048
0.0040587
-0.0013759
0.0071948
-0.0012252
-0.0066569
0.0011131
0.0071858
0.0065104
-0.0010791
0.001624
-0.0073096
-0.0056217
0.0088657
0.0099618
0.0084777
0.0039742
0.0097818
0.0092482
-0.0020709
-0.0066211
-0.0094417
-0.0009994
0.0009021
-0.0001639
-0.008592
0.0061466
0.0004276
-0.0089053
0.0045291
0.0025277
-0.0051856
-0.0080224
-0.0040638
-0.0086039
0.0068924
-0.005165
0.0055012
0.0032151
0.0076449
0.0056704
-0.0042598
0.0085
0.0089433
-0.0043831
-0.0021162
-0.0033634
0.0016109
-0.0066633
0.0066726
0.0083605
-0.0074725
-0.0066918
0.0018547
0.0087148
0.0083236
-0.0091673
0.0072159
-0.0032821
0.0049918
-0.0006569
-0.0034313
0.0009414
0.0032825
-0.0085109
0.0061524
0.0051487
-0.0098598
0.0083411
-0.0051977
0.0058645
0.0088138
-0.005349
0.0061429
0.00574
-0.008788
-0.0083888
0.0083772
-0.0027679
0.0047646
0.0007693
-0.0070549
0.0040059
0.0003364
0.0070352
-0.0024781
0.0046687
-0.0011809
0.00395
0.0026644
5.87e-5
0.0031762
0.0064734
-0.004908
-0.0066681
0.0048982
-0.0015492
-0.0063496
0.0007023
-0.0050288
-0.0080668
-0.0079852
-0.0048994
0.0093686
-0.0080488
-0.0007238
-0.0066442
0.0061275
0.0035589
0.0049067
0.0025164
-0.007875
-0.0007822
0.0030774
0.0012488
0.0056469
0.0075771
-0.0093629
0.0093508
0.0080486
0.0094081
-0.0041669
0.0050491
-3.16e-5
0.0089016
-0.0019688
-0.0045849
-0.0022496
0.0027823
0.0065097
0.0088942
-0.0013683
0.0044457
0.0012948
0.0045425
-0.006303
0.0055847
0.0004054
-0.00695
-0.008517
-3.8e-6
0.0026823
0.0042782
0.0072514
-0.000517
-0.0020878
0.0032838
0.0025031
0.0011185
0.0044551
-0.0003856
0.0031502
0.0073866
-0.0057808
0.0009499
0.0096778
-0.0047794
-0.0094965
0.009039
-0.0071211
-0.0094345
0.0027106
-0.0060597
0.0015072
0.0058223
-0.0060861
-0.0029004
0.0010491
0.0091994
-0.0063041
-0.0093903
0.0010756
0.0040195
-0.0032198
-0.0065856
0.0049787
0.0029904
0.0010625
0.0074215
-0.0043772
-0.0089356
0.0082135
0.0043525
0.0064491
0.0001788
0.0065683
-0.0012187
-0.0036295
0.0072969
-0.0095249
-0.007644
0.0099542
0.0020612
-0.0050151
-0.0005928
0.0078921
-0.0049125
-0.0029058
0.0032323
0.0060219
0.004177
0.0041261
-0.0022859
0.0074091
-0.0019157
0.0005119
-0.0053052
-0.0078907
0.0052342
0.0045164
0.0005532
-0.0007516
0.0007895
0.0008281
-0.005602
0.0043438
0.00271
-0.0019699
0.0030251
0.0049559
-0.0053411
-0.0073486
0.0083244
0.0033165
-0.0081303
