0.0035676
0.0052976
-0.0092391
-0.0087994
0.0010641
0.0069559
0.0006616
0.0050632
-0.0021524
-0.009128
0.0076702
-0.0052525
0.0055584
0.002123
-0.007968
0.009845
-0.0029936
-0.0081559
-0.0050053
0.0026786
-0.0024127
-0.0021935
-0.0054613
-0.0041093
-0.0060738
0.0087436
0.0016023
-0.0065711
0.0008473
0.0003768
-0.0017129
-0.0067218
0.0074936
-0.0049938
0.0057559
0.0067136
0.0021121
-0.0071107
0.004106
-0.0052337
0.0025064
0.0060966
0.0043586
0.0019646
-0.000135
-0.0069705
0.0063878
-0.0010275
-0.0094715
-0.0077318
0.0047038
-0.0066213
-0.0079112
-0.0057344
0.004472
-0.0088014
0.0078068
0.004406
0.0070829
-0.0040104
0.00201
0.0098585
-0.0058228
0.0060032
0.0023318
0.0040511
-0.0061301
0.0086592
-0.0036283
-0.0086363
0.0014265
-0.0099412
-0.0075367
0.005013
0.0039409
0.0061356
-0.0010663
0.0093837
-0.0027217
-0.0012815
-0.0075262
-0.0005916
0.0046033
0.0003462
0.0012306
-0.0050962
0.0063577
-0.0086456
0.005806
-0.0041462
-0.0003547
0.0098028
-0.004086
-0.0002789
-0.008907
-0.0001395
-0.0085317
-0.0090115
-0.0015847
0.0054628
0.0060743
0.0029664
0.0053086
-0.0081718
-0.0008003
0.005321
-0.0099459
0.0091295
-0.0061348
0.0099709
-0.0083449
0.0008489
-0.0001401
0.0078576
-0.0087277
-0.0032744
0.0016215
0.0024401
-0.0051057
0.0085799
0.0036746
-0.0015466
-0.0055711
-0.0092117
-0.004531
-0.0090424
0.009147
-0.0045269
0.0094681
-0.0051003
-0.0094685
0.0021209
-0.0072907
0.0001695
-0.0020525
-0.0056693
-0.0059697
-0.0008221
-0.0002558
0.0053662
-0.0098132
-0.0036985
-0.002254
0.0093058
-0.0027906
-0.0086229
0.0001826
0.0005773
-0.0027217
-0.0012648
0.0041014
0.0025903
0.0025281
0.0086139
0.0077277
-0.0031722
-0.0082762
-0.0028312
-0.0010577
-0.0077274
-0.0009751
-0.0051528
0.0030688
-0.0009338
-0.0095856
-0.0072465
0.000892
-0.0063334
-0.0011482
-0.0048321
-0.0084348
0.0034154
0.0087598
-0.0031303
0.0016651
0.0028415
0.0075395
-0.0077388
0.0058729
0.0027183
-0.0027683
-0.0051615
-0.004652
0.0067646
0.0063036
-0.0039818
-0.002311
-0.0044365
0.0062554
0.0079507
-0.0083334
-0.0038972
0.0057991
0.0041232
-0.0024077
0.0022722
-0.0053554
0.0011547
-0.0066641
-0.0086503
0.0042171
0.008104
-0.0019206
4.93e-5
-0.009854
0.0071828
0.0019917
0.0060265
0.0048563
-0.0014665
-0.0095662
-0.0046514
-0.0034012
-0.0016263
0.0017147
0.0027353
-0.0089822
0.0067458
-0.0018198
0.0035255
0.0076263
0.0005083
-0.0047964
-0.0080999
-0.0018905
-0.0052385
-0.0091224
-0.0075332
-0.0039991
-0.0077253
-0.0008567
0.007872
0.0037112
0.0088608
0.0061697
0.0014028
-0.0081811
-0.002136
9.0e-5
0.0099395
-0.0039093
0.005831
-0.0083487
0.0059502
-0.0084354
0.0072724
0.0004421
0.008424
-0.0051352
-0.0098911
-0.0094627
-0.0043421
0.00429
-0.0058125
0.0034011
0.0062721
0.0047678
0.0004187
-0.0054754
0.0066415
-0.0076211
-0.0031109
0.0096245
0.0004199
-0.0034382
-0.0077449
0.0038091
-0.0038713
-0.0064627
0.0075663
-0.0008821
0.0055299
-0.0098872
-0.0087608
-0.0076698
-0.0031227
0.0069845
0.0043352
7.15e-5
-0.0002609
0.0076003
-0.0007767
0.0083214
-0.0085186
0.0025308
-0.0068632
0.0032829
0.0065353
-0.0070016
0.0024224
-0.0046399
0.0064055
-0.0013763
0.0055684
0.00054
0.004808
0.0082716
0.0054679
0.0050698
0.0096243
0.0094908
-0.0001406
-0.0045339
0.0059593
-0.0061206
-0.0070947
-0.006056
-0.007831
-0.0047021
0.008906
-0.0066885
0.0010421
-0.0061721
0.0011986
0.0075572
0.0084509
0.005947
0.0001986
0.0017754
0.0025212
0.0012746
-0.0046452
-0.0060148
-0.0056993
-0.0075117
0.003659
-0.0081399
0.0003504
-0.0025057
-0.0037226
-0.0012787
0.0091307
-0.0099333
0.0025794
0.0088715
0.0094817
-0.0052577
-0.0016733
-0.002663
-0.0064549
-0.0010609
0.0064666
-0.0008628
0.0092611
0.0092292
-0.008249
0.0051671
0.0015509
-0.0094031
0.0006897
-0.003478
-0.0081756
0.0085621
0.000526
-0.0067725
-0.0032364
0.0087657
-0.0026456
0.0020206
0.000791
-0.0072054
-0.0004447
-0.0040064
0.0068124
0.0033976
-0.0047988
-0.0098043
-0.0089197
0.0093082
-0.0099649
-0.006853
-0.0025829
-0.0023243
0.0085298
0.0051813
-0.0028065
0.0008962
-0.0012347
-0.0018855
0.0014823
-0.0023115
0.0010182
-0.0062543
0.0016953
-0.0021375
-0.001859
-0.0041753
0.0084316
0.0029908
-0.0071189
0.006871
-0.0055783
0.0085686
0.0030562
-0.0072094
0.0040696
-0.00491
-0.0093727
0.003133
-0.0005005
0.0084952
0.0058759
-0.0065167
-0.0095708
-0.0010985
-0.0038367
-0.0063719
-0.0041751
-0.00683
0.0049012
-0.0030547
0.0097843
0.0085762
-0.0084194
0.0098136
0.0065629
-0.0095128
-0.0058145
0.0099371
-0.0027182
-0.0032591
5.23e-5
-0.0099282
0.0006572
0.0005044
-0.006845
-0.007291
0.005946
-0.007825
0.0035882
-0.0084799
-2.18e-5
0.0067191
-0.0098571
-0.0055637
0.0014455
0.0067402
-0.0074678
-0.003714
0.0040117
-0.0044815
-0.0027361
-0.0038493
-0.0079529
-0.006257
-0.0026594
0.0023339
-0.0062535
-0.0043059
0.0007192
-0.0099922
0.0099107
-0.0027836
0.008566
-0.0059952
-0.009949
-0.0094345
-0.0088504
-0.0025906
-0.0042124
0.0072519
0.0021947
-0.005689
-0.0051599
0.007388
0.0077054
-0.0065401
0.0070433
0.0028429
0.0026607
-0.006612
-0.0066129
-0.0008011
-0.001072
0.0066867
-0.0026606
0.0040738
0.0077654
0.0099893
-0.0065699
0.0040898
-0.0084368
-0.0009991
0.0035871
0.003399
0.0031334
0.0094134
0.0041391
0.0046409
-0.0061333
0.0094467
0.0062322
0.0043678
0.0053452
-0.0047733
