-0.001915
0.0076157
0.0027223
0.0099616
0.0093048
0.0034806
0.0048376
0.0028647
-0.004276
-0.0068428
-0.0002451
-0.0097514
0.0049449
-0.0070712
0.0006592
0.0054719
-0.0071075
-0.0045499
0.0008205
0.0093922
-0.0010878
0.002992
-0.0042283
0.0088432
0.0025138
0.0054558
0.0078813
-0.0022937
0.0051775
-0.0079924
-0.0035743
0.0087166
-0.0092402
-0.0053967
0.0026835
0.0077244
-0.0010204
0.002551
0.003477
0.0052963
0.0083895
0.0074028
0.0020396
0.0025691
-0.001335
-0.0067935
0.0039823
-0.0062937
-0.0063343
0.0032193
0.0010764
0.0085015
0.0038644
-0.0030964
0.005814
0.0048871
-0.0016391
-0.0093151
0.0092328
-0.0054746
-0.0020175
0.0079016
-0.0024298
0.0070433
0.0090225
-0.0056918
0.0060205
0.0040447
0.003388
0.0041521
-0.0034903
0.0065815
0.0070529
0.0013417
0.0036077
-0.000372
-0.0002123
-0.0060168
0.0069681
0.0062524
0.0043937
-0.0097809
-0.0082517
-0.00892
-0.0028294
-0.0021996
0.0045176
-0.0068213
-0.0096348
0.0018567
0.0044475
0.0002846
0.008811
-0.0001357
-0.0032459
0.0069985
-0.0064094
-0.0099535
0.0075293
0.0090002
0.0090599
0.0080274
-0.0058244
0.001871
0.0021816
-0.0018302
-0.0003843
-0.0035033
-0.0071733
-0.0004968
-0.0094126
0.0028917
-0.0016729
-0.0017148
-0.0067071
0.0087639
0.0031023
0.0044245
-0.0007951
0.0018041
0.0060491
0.0068472
0.0081382
-0.0072758
0.0063808
0.0089132
-0.0063721
0.0002355
0.0087083
-0.0098364
0.0089124
-0.0005725
-0.0047565
-0.0046159
0.0007908
0.0063725
-0.001552
-0.00427
-0.008528
0.001629
0.0081744
0.0075509
0.004196
0.0084781
0.0050386
0.0095021
-0.0081592
0.0088091
-0.0088947
-0.0028092
0.0060097
-0.009475
0.0009377
0.0090572
-0.0019354
0.0065818
-0.0084404
-0.0082471
0.0048431
0.004389
-0.0033173
0.007949
0.0017236
0.0028308
-0.003342
-0.0095751
-0.0031873
-0.0011272
0.0080593
-0.0026745
-0.0065144
0.0079052
-0.007736
-0.0095332
-0.0004236
-0.0097755
0.0033287
-0.0006314
0.0011674
-0.003624
0.0001222
-0.0049943
-0.0056936
-0.000865
-0.0059795
-0.0049687
-0.0029759
-0.0025289
-0.0043211
-0.0029876
0.0002664
0.0082557
0.0031432
0.0009849
0.0062087
0.007331
-0.0018264
0.0070711
0.0005054
0.0081243
-0.0090669
0.0060027
0.0048172
-0.0098433
-0.0078211
0.0061815
0.0090217
0.0016763
-0.0077637
0.0062326
-0.0075635
-0.0002708
0.0072749
-0.0003951
-0.0086594
0.0080687
-0.0033141
-0.0050165
0.0050364
-0.0050533
-0.0033091
0.0018759
0.009485
-0.0096757
-0.0003859
-0.0085477
0.008384
0.0019224
-0.0083914
-0.0048352
0.000543
-0.0052342
0.0099093
0.0061956
0.0018902
0.0044493
0.0006223
-0.0022105
0.0090047
-0.0006319
-0.0073203
0.0037137
-0.0001682
0.001839
-0.0064302
-0.004259
0.0019682
-0.0061036
-0.0024847
0.0065204
-0.0043678
0.0062569
0.0061339
-0.0088249
0.001097
-0.0040725
-0.0019281
0.0012517
0.0040617
0.0008986
-0.0027876
-0.0068756
-0.0024365
0.0062377
-0.0097691
0.0079759
-0.004706
0.0060155
-0.0023779
0.0014255
0.0012119
0.002751
0.0063335
-0.0083315
0.0078791
0.0091836
0.0027394
-0.0009235
-0.0007591
-0.0087781
0.0091082
0.0011851
0.0013817
0.0053505
-0.0030635
-0.0074886
0.0041174
-0.0068381
-0.0045579
0.009797
0.0060393
-0.0027623
-0.0071062
-0.0081304
-0.0082106
-0.0008206
-0.0077431
0.0038875
0.0084883
-0.0075673
-0.0035376
-0.0040442
0.0043445
0.0075541
-0.0035069
-0.0059793
-0.0076021
0.001078
-0.0055918
0.0071823
0.0037679
-0.0089353
0.0089799
-0.0021078
-0.0077225
0.0032161
-0.0035884
-0.0045956
-0.0037456
0.0043381
-0.0057341
0.002253
-0.0017275
0.0063474
-0.0016608
-0.0084984
0.0049333
-0.0030659
-1.3e-6
-0.0008108
0.0090737
0.0014098
-0.0086063
0.0035858
0.005972
0.0001712
-0.0027559
0.0096238
0.0060008
-0.0038792
0.0012636
-0.0095925
0.0082056
-0.0063527
0.0020755
-0.0011707
-0.0050656
0.002012
-0.0017642
0.0034382
0.0073841
0.0030741
-0.0074302
0.0028699
0.0067112
-0.007281
-0.005323
-0.0032634
0.0006801
0.0026363
-0.0031809
0.0014564
-0.0029758
-0.0062917
-0.0043791
0.0026135
0.0021354
-0.005387
-0.0057747
-0.0048378
-0.005466
-0.0091062
0.0053127
-0.0063564
0.0068174
0.0034457
-0.0034039
-0.0006712
-0.0048834
0.0051453
0.0092167
-0.0002377
-0.006025
0.0080557
0.0007397
0.0047472
0.0031507
-0.0011402
0.0073393
0.0078285
-0.0064974
0.0094087
0.0084347
-0.009906
0.000262
-0.0051655
-0.0092474
0.0096132
-0.0079352
-0.0040614
0.0042559
0.0078388
0.0012858
-0.009253
-0.0077161
-0.0031758
-0.0003506
0.0062518
0.0075349
0.0081421
-0.0091486
0.0013431
0.0056453
-0.0036414
0.0085736
0.0052369
0.0072285
0.0098896
0.0057906
-0.0056802
-0.0090791
0.0027623
0.0076183
0.0083868
-0.0060652
-0.0088582
-0.0074442
-0.0047803
-0.007856
-0.0070358
0.0070065
0.0010793
-0.0092533
-0.0067801
0.0094319
0.0053905
0.0077076
-0.0099095
0.0030779
-0.0076773
0.0019456
-0.0091947
0.0004214
-0.0016598
0.0041465
-0.009497
-0.0001381
-0.0068661
0.0064704
0.0092239
-0.0019777
0.0036357
-0.0017203
-0.0039258
-0.0067789
0.0042541
0.0066833
0.0037618
-0.0057799
-0.0019575
0.0041825
0.0025279
-0.0012865
0.0027337
-0.0011948
-0.0011552
0.0022747
-0.0057883
-0.0056245
0.0085818
-0.0087066
-0.0061925
-0.0031742
-0.009477
0.0060039
0.0066718
-0.0059773
0.0039827
-9.23e-5
-0.0051204
0.0041665
0.0019329
-0.0094974
0.0059895
-0.008133
0.0036293
0.0099292
-0.0001768
0.0033534
2.99e-5
-0.0065102
0.0046759
-0.0075644
0.0080748
0.0059712
