0.0054544
-0.0064291
-0.0062507
0.0058964
0.0009084
0.0092404
-0.0032024
-0.0094942
-0.0045183
-0.0014078
-0.0044744
0.0097988
0.0059156
-0.0074516
0.0021413
-0.0063328
-0.0094222
-0.0068693
0.0054246
-0.0016625
0.0021452
0.0082799
-0.0018408
0.0009215
-0.0050644
0.0015701
0.0012522
0.003063
0.0051159
0.0090246
0.0064971
-0.0063335
0.0089743
0.0086515
-0.0083779
0.0055185
0.0059106
-0.0069842
-0.0055407
0.0019378
0.0046901
0.0066139
-0.0060496
0.0006368
-0.0014395
0.004042
0.0099147
0.0008605
0.0084311
-0.0089235
0.0027163
-7.5e-6
-0.0067618
-0.0096529
0.0021988
0.0038788
-0.0042961
0.0004487
-0.0022035
-0.0012059
-0.0001409
-0.0084657
0.0041895
0.0014603
0.0045889
0.003126
0.0059882
0.0066437
-0.0019209
0.0099835
-0.0012177
0.000307
0.001527
0.0060381
-0.008693
-0.0017715
-0.0016403
0.0064231
-0.0070019
-0.003187
0.0083505
0.0030599
-0.0015016
-0.0011893
-0.0045123
0.0011131
0.0086729
-0.0003977
-0.0070991
0.0061313
-0.0018452
0.0053615
0.0097568
0.0028535
-2.12e-5
0.0053143
0.0021761
-0.0019868
-0.0005403
-0.0013525
0.0013025
0.0057635
0.007523
0.0096887
0.0041119
0.0006627
0.008224
0.0056255
0.0021026
-0.0034931
0.0079726
0.0010231
-0.0068122
-0.0077332
0.0088972
-0.006238
-0.0035047
-0.000555
-0.0063024
-0.0086517
0.0085617
0.001002
-0.0098338
-0.0063483
-0.0054531
0.007972
0.0091169
-0.0075717
0.0036087
-0.0096955
0.0026933
-0.0072558
-0.0026874
-0.0065365
-0.0080237
0.0021102
0.0022149
-0.0055701
-0.0027732
0.0001155
0.0036823
-0.0039887
0.0036241
-0.0055018
0.0007523
0.0095291
-0.0096132
-0.000408
0.0021553
-0.0099929
-0.0095942
-0.0093639
0.0001346
0.0074178
0.0023347
-0.0059053
0.0013111
0.0090147
-0.0076391
0.0093495
0.0046494
0.0073049
-0.0041614
-0.0038954
-0.0020208
0.0081701
-0.002931
-0.0082301
0.0044922
-0.005527
0.0059048
0.0043467
-0.0044745
-0.002422
-0.0004766
1.99e-5
0.0007883
-0.00152
-0.0093962
0.0047722
0.0069511
-0.0016269
-0.009518
0.0088441
-0.006102
-0.0080168
0.0076486
0.0090126
-0.0018395
0.0021502
-0.0034335
-0.0086982
0.0029839
-0.0023363
-0.0078701
-0.004319
-0.0011751
-0.0018833
-0.0005355
0.0039922
-0.0079176
0.0069524
0.0075998
-0.007883
0.0062723
0.0039132
0.0042439
-0.0050259
0.0081492
-0.0090867
0.0083575
0.0056256
0.0007266
0.0032482
-0.0034263
0.0065567
-0.0099378
-0.0001297
-0.0030176
0.0012631
0.0061457
-0.0054361
-0.0025342
0.0073619
-0.0040831
-0.000933
0.0018021
0.0051612
-0.0098588
0.0050617
-0.0074789
0.0069743
0.0011388
0.009137
-0.0040296
-0.0003819
0.0029753
0.0077411
0.0049416
0.0080537
0.00966
-0.0074381
0.0011482
0.0034517
0.0033487
0.0038142
0.0007437
-0.0050998
-0.0012972
-0.0049276
-0.0010576
-0.0058337
0.0038753
0.006435
-0.0082735
-0.002097
-0.0037215
-0.0048475
0.0093808
0.0004432
-0.0079355
-0.0083074
0.0092953
-0.0001126
-0.0025386
-0.0075433
-0.0043755
0.0044145
-0.0014454
0.0009798
-0.0097924
-0.0070728
0.0011886
-0.0061193
0.0067898
0.0084639
0.008037
-0.0002361
0.008452
0.0021095
-0.0023062
0.0023482
-0.0088446
0.0077816
-0.0020545
-0.006452
0.0034095
-0.0083754
-0.0045539
0.0061204
0.0061374
-0.00105
0.005193
0.0033899
0.0073073
0.0014356
-0.0026593
-3.33e-5
0.0052965
0.0053866
-0.0073688
-0.0063563
0.0022762
-0.0006903
0.0052523
0.0077767
0.007253
-8.79e-5
0.0055515
0.0034523
0.004478
0.0052571
-0.0022214
-0.0015133
-0.0008417
-0.003033
-0.0095272
-0.0061985
0.0083931
-0.0060578
-0.0088652
-0.0044745
0.0011594
0.0015285
0.0058356
0.0019413
-0.0012451
0.0049005
-0.0059377
0.0016384
-0.0084732
-0.0084245
-0.0010324
-0.0002186
-0.0065417
0.0067563
-0.0055595
0.0078289
-0.004359
-0.0083588
-0.0067943
-0.0037539
-0.0005929
0.0030593
0.0071697
-0.0063841
0.0074869
-0.0025677
0.0078726
0.0097655
-0.0055356
0.0061868
-0.0041933
-0.0066218
0.0061984
-0.0048462
0.0013018
0.0084344
0.0072483
0.0065848
-0.0088589
-0.0074383
-0.0098406
0.0068189
0.0008822
0.0006015
0.0076193
-0.006677
-0.0088995
0.0009496
0.0054529
0.007919
0.0050882
-0.0054937
0.0028549
-0.0075765
0.0027763
-0.003172
0.0085388
-0.0008114
0.0056479
0.0077862
-0.0030928
0.0098231
-0.0007957
0.0079209
-0.002666
-0.0015904
0.0095157
-0.0050521
-0.0021806
-0.0049301
-0.0002547
-0.0023118
-0.009636
-0.000942
-0.0015577
0.0013688
0.0061064
-0.0057726
-0.005698
-0.0068595
0.0003835
0.0051368
-0.0043189
-0.0045551
0.006459
-0.0089699
0.0051434
0.0003657
-0.0011135
0.0083905
-0.0011362
-0.0072392
-0.0063427
0.0040913
-0.0068731
0.0095729
0.0095854
0.0091345
-0.0070767
-0.0025202
-0.0085425
-0.0008026
-0.0046365
-0.0028273
-0.0053399
-0.0060914
-0.001208
-0.0065262
-0.0031399
0.0054359
0.0095308
0.0017893
0.0081139
-0.0012579
0.003975
0.0079863
-0.0040996
-0.0076524
0.0028601
0.0089395
-0.0005948
0.0082356
-0.0040805
0.0043247
-0.0068118
0.0004208
-0.0096495
-0.0050892
0.0081564
-0.0077843
-0.0006264
0.0061979
0.0091039
-0.0020419
0.0007571
-0.0093777
0.0054144
0.0044582
0.0073687
0.001828
-0.0054024
-0.0075148
0.0061446
-0.0012939
0.0086963
-0.0056725
-0.0086699
0.0018421
0.0080173
0.0022509
0.001262
0.0052013
0.0047669
0.0069105
0.0098955
0.0058047
-0.0044074
0.0031102
0.0004709
-0.0095816
0.0015736
0.0024399
-0.0030766
-0.0029091
-0.0015645
0.0046525
0.0067658
0.0086849
0.0093
-0.0037589
-0.0086698
0.0091434
-0.0047718
