0.0097024
-0.0097837
0.0093092
0.003662
0.0088867
-2.4e-6
0.0041564
-0.0039815
0.006308
0.0023611
0.0004338
-0.0022046
0.0066006
0.0041557
0.0069424
-0.0028321
-0.0098594
0.0045686
0.0042785
-0.009299
0.0078324
-0.00637
-0.0035115
0.0013946
-0.0075439
-0.0017272
0.0065146
0.001643
-0.0070855
1.7e-5
-0.0081188
-0.0048953
0.0032723
0.0071117
0.0048198
-0.0053934
-0.0005487
0.0071026
0.0015033
0.0047591
-0.0025356
-0.0070427
-0.0040849
0.0058077
-0.005021
0.0040234
0.0028654
-0.0019007
-0.0038006
-0.0034713
-0.0078788
0.0095761
0.005116
-0.0052529
-0.0059548
-0.0084168
-0.0077229
-0.0082539
0.006054
-0.0024209
-0.0057611
-0.0024149
0.0058506
-0.0054041
0.0062621
0.0072583
0.0003819
0.0091643
-0.0027626
0.0088472
-0.0013638
-0.0015983
0.0001307
-0.0013683
-0.0071402
0.0093516
-0.0045076
-0.0020435
-0.0041881
0.0053968
-0.0072375
-0.0075521
0.0068383
-0.0097421
-0.0056002
-0.0019376
0.0096821
-0.0078359
0.0073142
0.0084208
-0.0075788
0.0038601
-0.0077749
-0.0002008
0.0028828
0.0053554
-0.0012233
0.0012346
-0.0009709
0.0078985
-0.0030992
0.0031695
0.0024191
0.003466
0.0047253
-0.0048865
0.0086576
-0.0022893
0.0025778
0.0076729
-0.0002265
0.0050328
0.0066099
-0.0080127
-0.0086579
-0.0044409
0.002793
-0.0091554
0.0074825
-0.0025083
0.001323
0.0099063
0.004976
0.0014737
0.0071184
-0.004036
0.0050566
-0.0048146
-0.0064847
-0.0067298
0.0011925
0.0066272
-0.0057528
0.0065969
0.0071638
0.0010077
-0.0062114
-0.0073838
-0.0003821
0.0034789
0.0099456
0.0012598
-0.0044736
-0.0092765
0.007146
-0.0065349
0.0016664
-0.002878
-0.0088705
-0.0020195
-0.0013391
-0.0069183
-0.0077182
-0.0007795
-0.006841
0.0086918
-0.0055798
0.0021737
-0.0061426
0.0058109
-0.0021584
0.0020533
0.0035474
0.0005598
0.0077255
0.0004732
-0.0015063
-0.0063132
0.0026152
-0.0005546
0.0045228
-0.0036646
-0.002975
0.0003535
0.0075837
-0.0094224
-0.0074482
0.0065435
0.0072884
0.0003249
-0.0013456
-0.0028355
0.0003355
-0.0026675
0.0029737
-0.0053972
-0.0033405
0.0038511
-0.0084943
0.0096389
0.0057066
-0.0071794
-0.0075845
-0.0037155
0.0023553
-0.0061261
-0.0083037
0.0068693
-0.0061809
0.0066472
0.0043538
0.0094264
-0.0023197
-0.0099155
-0.0082847
0.007399
0.0021235
0.0011983
0.0019631
0.006003
0.0088208
0.0061927
-0.0030669
0.0095512
-0.0054182
-0.006634
-0.0029917
0.0056692
0.0067128
-0.0005443
-0.0044843
0.0007662
-0.0078291
0.001757
0.0048411
7.94e-5
0.0052561
-0.0049094
-0.001155
0.0024034
-0.0075434
0.0073627
-0.0017087
0.0003676
-0.0094432
-0.005744
0.0025286
-0.0096456
0.0032484
-0.0076749
-0.0040527
0.0044417
0.0088565
-0.0064752
-0.0058834
0.0012535
0.0097956
0.0004245
-0.0043706
-0.0064033
-0.0067892
-0.0009148
0.0007091
-0.0095137
0.0002082
-0.0063975
-0.0058389
-0.0082136
0.0046304
0.0007606
0.0071722
-0.0067894
-0.0034175
0.0038161
-0.00852
0.0032485
0.0049037
8.28e-5
0.0069426
-0.0068441
-0.0034888
0.0013963
0.0020145
-0.0097454
0.0060125
0.0057072
-0.0060701
-0.0061
0.0051782
-0.0013088
0.0038049
0.0038899
-0.0011665
0.0044824
0.0005384
0.0071751
0.0060328
0.0061733
-0.0016397
-0.0088028
-0.0035234
-6.4e-6
-0.0042232
0.0035293
0.0026023
-0.0037653
-0.0002136
-0.0040623
-0.0009314
0.0093584
0.0010096
0.0045752
0.005038
-0.0061528
-0.0025401
0.0077076
0.0074102
-0.004185
0.0030095
0.0044358
0.0002632
-0.0060534
-0.0051371
-0.0008022
0.0017558
0.0010483
0.0055665
-0.0030486
0.0001158
0.0023488
0.0070273
0.0092431
-0.002902
-0.000692
-0.0050566
-0.0060468
-0.0030985
0.0095643
0.0031102
-0.0074065
0.0032892
-0.0018454
0.0037998
-0.0051559
0.003345
-0.0071685
0.0038369
0.0013371
0.0087142
-0.0055005
0.007863
0.0001873
-0.0068043
-0.006082
-0.0013586
-0.007244
-0.0090982
-0.0022639
0.0005556
-0.0064847
0.0028457
0.0061818
-0.0037003
0.0007627
0.0025365
-0.0052514
0.006897
-0.0017029
-0.0064863
-0.0044079
0.0026721
-0.0013843
-0.0072851
0.002147
-0.007653
-0.0057209
-0.0035283
0.0054763
-0.002149
0.0057219
0.0044712
-0.0050374
0.0038217
-0.0053878
0.0097746
0.0043222
0.0039319
0.0020231
0.0023521
-0.0016677
0.0008751
-0.0003666
-0.0071241
0.0066838
-0.0060506
0.0042341
-0.0025618
0.0075937
-0.002969
-0.0041887
0.0053131
-0.0064227
0.0084217
0.0048226
0.0048782
-0.0076664
-0.008119
0.0049262
-0.0079204
0.003419
-0.0026853
-0.0086376
0.002609
0.0066357
0.0034191
0.0035036
-0.0035903
0.0030434
-0.0035841
-0.0004024
-0.0073142
-0.0046769
0.0004075
0.0004605
0.0051932
0.0055028
-0.0054948
-0.0063513
0.0028825
0.0017251
0.0060937
0.0018578
-0.0065298
-0.0068804
0.0043269
0.0007817
-0.0089604
-0.0013455
-0.0086017
-0.0028452
0.0022597
0.0060148
-0.0063426
0.0074033
0.0069749
-0.0066808
0.0035696
-0.0075054
0.0068638
-0.0009708
0.0030149
0.0050147
-0.0058148
-0.005314
0.0067173
-0.009711
-0.0055154
0.00413
-0.0014481
0.0068238
-0.0022574
-0.0027409
-0.0068889
-0.0023255
-0.0043884
-0.0096439
-0.0073403
0.005913
-0.0038431
-0.0095302
0.006052
0.0008646
0.0027996
0.0095495
-0.0023993
0.0092615
-0.0025357
0.0094689
0.0038472
0.0025992
0.0021415
0.0017274
-0.0037153
-0.0001501
0.0089862
-0.0089765
0.0030702
-0.0098439
0.0085648
-0.0072344
-0.0071145
-0.0037779
0.0012861
0.0001602
0.0088918
-0.0070744
0.006251
-0.0013259
0.0073707
0.008011
0.0004119
-0.0023144
-0.0036891
0.0079816
-0.0027532
