-0.0018243
-0.003092
-0.0093184
-0.001147
-0.0024421
0.0001308
0.004333
0.0010574
0.0099047
-0.0034694
0.0024369
0.000762
0.0015543
-0.0080883
-0.001171
0.0082401
0.0075481
-0.0065803
0.0073
7.6e-5
-0.0016822
0.0018933
0.0009058
-0.0062314
0.0036947
-0.0016661
-0.0063473
-0.005768
-0.0095808
-0.0065685
-0.0052568
0.0012922
0.0075519
-0.0015492
-0.0076285
-0.0054946
0.0060573
-0.0027138
-0.0020024
-0.0049629
0.0005704
-0.0067135
-0.002028
0.0072235
0.0096669
0.003846
0.0004966
0.0071346
-0.0076054
0.0030247
0.0081785
0.0074273
-0.0076434
0.0018387
0.0085754
-0.0030309
-0.009671
-0.0072722
-0.007546
-0.0079079
0.0064835
-0.0040148
-0.0062097
-0.0070208
0.001055
-0.0015336
-0.0065408
0.007748
0.0058851
0.0019186
-0.007367
-0.0037791
-0.0029056
0.0014552
-0.0046424
-0.0064586
0.0085572
-0.0004808
-0.0023836
0.0005691
-0.0076007
0.0051863
0.0056558
0.0015849
-0.0067756
0.0058958
-0.0043176
-0.0016373
0.0010269
0.003614
-0.0033138
0.0091658
0.0084751
-0.0077586
-0.0025368
0.0046979
0.0098024
-0.0024775
-0.0051826
-0.0077354
0.0042713
-0.0092651
-0.0059531
0.007601
-0.0093576
-0.0095298
-0.0047308
0.0097263
-0.006274
-0.0036359
-0.0005595
0.0001229
0.004399
-0.0043811
0.0094262
-0.0059196
0.0008436
0.0008846
-0.0079893
0.0081657
-0.0075735
-0.0004744
0.0014444
-0.0051333
0.0099468
0.0090329
0.003184
0.0058819
-0.0060068
0.0069725
0.004194
-0.0032455
0.0043761
-0.001323
0.0072387
0.0094238
-0.0097871
0.00145
0.0098837
0.0092595
0.0077779
-0.0022321
-0.0044081
-0.0052719
-0.0071727
0.0006339
-0.001716
0.0023052
-0.0035371
-0.0023634
0.008106
-0.0088998
4.13e-5
0.0032892
0.0076253
0.0024612
0.003087
0.0055155
0.0076408
0.0061359
-0.0015921
0.0095497
0.0017867
-0.0070478
-0.0016424
-0.0086632
-0.0037272
0.0073887
-0.0079118
-0.0055163
0.0096013
0.0052346
0.0057962
0.00928
-0.0063334
-0.0066265
-0.0084223
0.0010996
0.0013328
0.0070163
-0.0032113
0.0017913
0.0093464
-0.007947
-0.0098385
0.0006219
0.0094951
0.0099057
0.0039499
-0.0082628
-0.0056584
-0.0090886
0.0067479
-0.0051358
-0.0087839
0.001115
0.0050643
0.0034711
0.0042992
0.0051188
0.009672
0.0037756
-0.0074762
0.0033322
-0.0006919
-1.48e-5
-0.0022401
-0.0090707
0.0034988
0.0088639
-0.0051101
-0.009294
0.0035529
-0.0078546
0.0053487
0.0078882
0.0048747
-0.0084573
0.0090663
0.002666
0.0033917
-0.0089861
-0.006401
0.0015168
-0.0065784
-0.0006992
0.0051072
0.0004398
0.0082185
-0.006428
-0.0013048
0.0011499
0.0066449
0.0041608
-0.008559
0.0024074
0.0083156
0.0005326
-0.0060676
-0.0032934
-0.0046261
0.0098982
-0.0056403
0.0029121
-0.0080129
-0.0063334
-0.003002
0.0059039
0.0087774
-0.0025846
0.0019484
0.004096
-0.0056682
0.0005122
0.0050708
0.0029136
0.00501
0.0080291
0.0087642
-0.0096462
-0.0024045
-0.0079875
-0.0003425
0.0070291
-0.0063582
0.0008797
-0.0039778
-0.00348
-0.001412
0.0093153
0.0092237
-0.0051171
0.0006117
-0.0005994
-0.0071911
-0.0049448
0.0006184
0.0021853
-0.0005661
-0.0068129
0.007705
0.0052301
-0.0053673
0.0019875
-0.0005472
0.0054042
-0.0066647
-0.0082781
0.0065327
-0.0059491
-0.0082387
0.008727
-0.0090272
0.0032554
0.0073843
-0.0002291
0.0069356
0.009505
0.0038803
0.0064187
0.000522
-0.0049289
-0.0088749
0.0095108
-0.0071051
0.003542
-0.0018271
0.0031768
0.0020649
-0.0091323
-0.0075249
-0.0001509
0.0043524
-0.0011042
-0.0069383
-0.002567
0.0062558
0.0056489
-0.0004022
-0.0091767
0.0044433
-0.001815
-0.0039762
0.0023153
0.0035729
-0.0055638
0.0094581
-0.0055582
0.0015132
0.0089938
-0.0023286
0.0094744
-0.003508
-0.0047907
0.0010845
-0.0087579
0.0053295
-0.008196
0.0054669
-0.0074975
0.0022188
-0.008275
0.0051101
-0.0066296
0.005813
-0.0041658
-0.0052551
-0.0046743
-0.0002135
-0.0037094
0.0002843
-0.0080682
-0.0039583
-0.0076389
-0.0089413
0.0044488
-0.00659
-0.0078391
-0.0097097
0.0068616
-0.0029755
0.0004417
-0.00301
0.0005995
-0.0065204
-0.0023281
-0.0036797
-0.0057637
-0.0002381
0.0073401
-0.0014172
-0.0070946
-0.0031148
0.0007792
0.0077444
0.0043801
-0.0061088
-0.0086434
0.0006293
0.0027316
0.0047216
-0.0074098
0.0049355
0.0017924
0.0087531
0.0007598
0.0044358
-0.0017885
-0.0066288
-0.0039972
0.0084924
0.0059705
0.0026659
-0.0007108
-0.0077882
0.0051746
-0.0049692
0.0099197
-0.0087925
0.0020795
0.0091484
0.0082211
-0.0080884
0.0091023
-0.0091214
-0.0052386
-0.0054473
-0.0027128
0.0017602
0.0081363
0.004247
0.0047988
-0.0019294
0.0038432
0.0067273
0.0098463
-0.0027367
0.0091544
0.005677
0.0073348
0.0044877
0.0068575
0.0024532
-0.003196
0.0065078
0.0062648
0.0091214
0.0050578
-0.0047147
0.0013576
-0.0028154
0.0060576
-0.0006798
0.0050344
0.0057114
-0.002029
-0.0095195
-0.0061242
-0.0050741
0.0096997
-0.0058715
-0.0094256
0.0068462
0.0018847
-0.0064188
-0.0067507
0.0061716
0.0052304
-0.0089379
-0.0009398
-0.0077788
0.0044636
-0.0054984
0.001884
-0.0060279
-0.0025015
0.0025494
0.0046148
-0.0043818
0.0080091
0.0003453
6.53e-5
0.0011312
0.0092066
0.0023468
-0.0013676
-0.003821
0.0081166
-0.0011475
0.0063557
0.0051415
0.006068
-0.0038555
-0.0090702
0.005864
-0.0084472
0.009386
0.0048715
0.0095267
0.0099496
0.0084448
0.0029699
-0.0032292
0.007652
0.0018096
-0.0062773
-0.0053009
-0.0035499
-0.0012258
0.0070736
-0.0053976
0.0051102
-0.0029728
0.0011701
0.0064802
