0.0051255
0.0084844
0.0047341
-0.0041091
-0.0096306
0.0096377
0.0089347
0.0099102
-0.0031721
-0.0013729
-0.0064502
-0.0036962
-0.0057682
-0.0033278
-0.0029202
0.0006642
0.0082824
-0.0040206
0.0070894
0.0010921
-0.0064732
-0.0016746
0.0084019
-0.007198
-0.002016
-0.0029228
-0.0096002
-0.0076216
0.0057503
-0.0070638
-0.0019938
0.0067327
0.0073712
-0.0079158
0.008411
-0.0010883
0.0082099
0.0040482
-0.0002167
0.0022011
0.0001764
0.0054098
0.0042326
-0.0032267
0.0039617
0.0095596
-0.0042751
-0.0045786
-0.0041376
0.0072973
0.0049976
0.0059469
-0.0033583
0.0007089
0.0048237
0.0043071
-0.007388
0.0090377
-0.0048179
-0.0025778
0.0008413
0.0046552
-0.002663
-0.0073812
0.0092578
0.0038235
0.0094862
0.0077452
-0.0013622
-0.0001085
0.0054084
-0.0011139
-0.0098603
0.008353
-0.0012834
-0.0028859
0.0063256
0.0082388
0.0092553
-0.007528
0.0086494
0.0008358
3.71e-5
0.0024834
0.0022975
0.003884
-0.002721
-0.0051756
-0.0069421
0.0013478
-0.0014646
-0.007282
-0.001949
-0.0040112
-0.0080742
0.006925
-0.0033416
-0.0024956
-0.005094
0.002508
0.0019062
-0.0058744
0.0023727
0.0060134
-0.0053484
-0.0055024
0.0032225
-0.0009972
0.0094489
-0.0098973
0.0099418
-0.0026869
-0.0059975
0.0018376
0.0055165
0.0023389
-0.0017319
-0.008494
-0.004728
0.0061233
0.0001662
0.0057195
-0.0021603
-0.0077064
-0.0044492
-0.0011608
0.0053382
0.0061108
-0.0001179
-0.0046239
0.0060879
0.0001446
-0.0003107
0.0054723
-0.0047315
-0.0014541
0.000204
0.0090519
0.0025955
0.0076662
0.0097905
-0.0005887
-0.0003862
-0.0057145
-0.0018349
0.0061953
0.0034423
0.0086005
0.0077287
0.0031289
-0.0008572
-0.0027462
-0.0045326
-0.004809
-0.0067208
-0.0061859
0.0043654
-0.0095746
-0.0019537
0.0071591
-0.0070352
0.0070494
0.0040177
-0.004997
0.002804
0.006334
0.0003601
0.0094444
-0.0081946
0.0008619
0.0033353
0.0002579
0.008399
3.8e-6
0.0081282
-0.0047176
0.0035188
0.0046293
0.0011262
-0.0003875
-0.0043396
-0.0033249
-0.0090977
0.0049104
-0.0083115
0.0067865
-0.0026913
0.0011792
-0.0047638
0.0027288
-0.0099203
0.0014218
-0.0085748
-0.0011489
0.0027428
0.0070809
0.0081463
0.0037922
0.0001332
-0.0059406
-0.0057382
-0.0099216
-0.0042179
-0.0076186
0.0073357
-0.0018728
0.0086685
0.0072549
-0.0024774
0.0072241
-0.003431
0.0019559
0.0024133
-0.0052956
0.0018443
0.0081699
-0.006931
-0.0043595
-0.0068821
0.0040856
0.0036719
0.0074481
0.0018383
-0.0007406
-0.0039256
0.0084344
-0.0032438
0.0032573
0.0056306
-0.0029258
0.0048601
-0.0033189
-0.0044978
-0.0018506
-0.0075173
-0.0004804
-0.0064251
0.0041113
0.0067611
-0.004053
-0.0007385
0.0039697
0.0083589
-0.0005157
-0.0009663
0.008305
0.009921
-0.0047778
0.0037823
-0.0054268
0.0059867
0.0020279
0.0089329
0.0016107
-0.0089737
-0.0002559
0.0017271
0.0043876
-0.0021868
0.0002254
-0.0076866
-0.0040283
-0.0061174
-0.0046534
0.0076152
0.009595
-0.0065734
0.003258
0.0057142
0.0029007
-0.0064039
0.0045538
0.0080495
0.0076689
-0.0050249
-0.0027665
0.0082913
-0.0036838
-0.0061862
-0.0014162
0.0047914
0.0038016
-0.0032311
-0.0027977
0.0028396
0.004557
-0.0071815
-0.0057126
0.0081107
-0.0066235
0.0045287
-0.0008248
0.0002506
-0.0092227
0.0024115
0.0085928
0.0062764
0.0021132
-0.0071445
0.0034676
-0.0015486
-0.0029563
-0.0027651
-0.0022653
0.0049255
-0.0065852
0.0021469
0.0085217
0.008457
0.0080999
-0.0022373
-6.53e-5
-0.0057333
0.0011841
-0.0013989
-0.0015781
0.0028231
-0.0074196
-0.0015118
-0.0046763
-0.001892
-0.0097637
-0.0056178
-0.0035367
-0.0007839
0.0054833
-0.0022456
0.0066582
-0.0067733
0.00557
-4.87e-5
0.0079469
-0.0003733
0.0023807
0.0042457
0.0097191
-0.0080084
-0.0046142
-0.0049884
-0.0009101
0.0094353
-0.0046665
0.0080522
0.0057585
-0.0004438
-0.0084229
-0.0052173
-0.0056984
-0.0080212
0.0027787
-0.0036842
0.008001
0.0013255
-0.0035158
0.0017453
-0.0075293
0.0011231
0.0016745
0.0049396
0.0018394
0.0003464
0.0052404
0.0095845
0.0099347
-0.0003884
-0.0038925
-0.0058163
0.0091742
-0.0061599
0.0090133
-0.0083927
-0.0046361
0.0057509
-0.0087675
-0.0015563
0.0072852
-0.0023492
0.0058905
0.00925
0.0051071
0.0006211
-0.0065966
-0.0070877
-0.0059428
-0.0033983
0.0065242
-0.0053574
-0.0057984
-0.0068905
-0.0022576
0.0099446
-0.0051967
0.0064405
-0.0021392
-0.0049371
0.0028094
0.0035223
-0.0055747
0.0022977
0.0009388
0.0026269
0.0024623
-0.0024474
0.008785
0.0095104
-0.0040362
0.004086
0.0083123
0.0079553
-0.0013602
0.0081265
0.0062623
-0.0050589
0.0039493
-0.0093859
0.0082815
-0.0007277
-0.0084821
-0.0079013
-0.0085269
0.0038069
-0.0011679
0.0018071
-0.007323
0.0006231
-0.0057192
-0.0032242
0.0088008
0.0026788
-0.0045339
-0.0053215
-0.0012472
-0.0024072
-0.0047255
0.0034073
-0.003879
0.005531
0.0065715
-0.0039889
-6.28e-5
0.0083114
0.0025003
0.0012324
0.0099415
-0.0046353
-0.0092726
0.007867
0.0020317
0.0041469
-0.0016846
0.0015527
-0.0073978
-0.0059132
-0.0093279
-0.0079155
0.0091016
-0.0015715
0.0015166
-0.0043049
-0.0051206
-0.0059647
-0.0071347
-0.0015274
0.0029145
0.002339
0.0024405
-0.0077834
-0.0028828
0.0038317
0.0012439
-0.0048594
0.0056475
-0.00663
0.0005357
0.0022893
-0.0065847
0.009451
0.0080931
0.0014569
-0.0006164
-0.0063392
0.008065
0.0041667
0.0040671
-0.0037005
-0.0051843
0.0024801
0.0054059
0.0063813
0.0092082
-0.0008412
-0.0023283
0.0038918
-0.0031494
0.0019725
