-0.0067507
-0.0005677
0.0015552
0.0053126
-0.0085358
-0.0040059
-0.0068863
-0.006543
-0.0025397
0.006838
-0.0007636
0.0049145
-0.0069979
0.0039534
0.0082707
-0.0003093
0.0090322
0.002072
0.0059998
-0.0010923
-0.0085829
-0.0068999
-1.2e-6
-0.0089041
-0.0091997
0.009525
-0.0078913
0.005973
-0.0063533
0.009509
0.0067572
-0.0022257
-0.0083839
-0.0056936
0.0050687
0.0046204
0.0020187
0.0082924
0.0007442
0.0034355
0.0059127
0.0031307
0.0006812
0.0061849
0.0034157
0.0082835
-0.0020007
-0.0066882
0.0009943
-0.0049588
0.0006173
-0.0018601
0.0097116
-0.0010726
0.0090898
0.0015263
0.0010269
-0.0071389
-0.0017079
0.0097459
-0.0079916
-0.0099308
0.0093908
-0.0026993
0.0077698
0.0001605
0.0042049
0.0086354
0.0086022
0.009757
-0.0062495
-0.0087185
-0.0081297
0.0020035
0.0053245
0.0026552
-0.0015601
0.0091003
-0.0066836
-0.0034419
-0.0012312
-0.0086467
0.0036421
0.0037367
0.002702
-0.0061784
-0.0046513
0.0033563
-0.0029045
0.0006019
0.0007422
0.0048361
-0.0062242
0.0028525
0.0023441
-0.0008398
0.0092997
-0.0007761
0.0075148
-0.0068562
-0.0016045
0.0034776
0.0082849
0.0092707
0.0089555
0.0093676
-0.0063085
0.0077875
0.0083669
0.0057243
-0.0016296
0.0094656
0.0086517
-0.0025524
-0.0089258
0.0011288
-0.002469
0.0099555
0.0073846
0.00648
-0.0010528
-0.0083199
-0.0027708
-0.0019967
0.0086395
0.0073374
-0.0038109
-0.0066183
-0.0033272
-0.0035597
0.0097441
-0.0092829
0.0091518
0.0038771
-0.0076384
0.0088355
-0.0048804
-0.0047637
0.0085441
-0.0075497
-0.0054824
-0.002009
-0.0086273
0.0014472
0.0004739
-0.0040222
-0.0011039
-0.0036179
-0.0039653
0.0075492
-0.0003527
-0.0041928
0.0052563
0.0029408
0.0046684
0.0060393
0.0078602
0.0059033
-0.0022119
0.0069164
0.0069257
-0.0039205
-0.0071489
-0.0015962
0.0090884
-0.0062679
-0.0052238
-0.0095129
0.0083535
0.0037987
0.0098397
-0.0084196
0.0076943
-0.0095215
-0.0074725
-0.0028911
0.0092934
-0.0028781
0.0007909
0.0015389
0.0026788
-0.0091825
0.0046492
-0.003828
0.0033527
-0.0091081
-0.0023771
0.0026121
-0.005496
0.0031933
-0.0081652
-0.0022987
0.0026905
0.0017911
-0.0037058
-0.00653
0.0057424
0.0083594
-0.0071794
0.0050747
0.0064599
0.0022915
0.0034307
0.0075392
0.0025336
-0.0059258
0.0026679
0.0003351
0.0064837
-0.0074816
0.0069538
0.0064069
0.0010109
0.0041508
-0.0034676
0.0023332
0.0061693
-0.003977
0.0027398
0.0054715
-0.0074313
0.0036458
-0.0007955
0.0062447
-0.0038091
0.0044665
-0.0091068
-0.0075981
-0.0023055
0.0086187
-0.0033113
-0.0004242
0.0040157
0.0070576
0.0021212
-0.0063181
0.0032119
0.0096499
-0.0016884
0.0079191
-0.0098597
-0.003964
0.0011768
0.0093395
-0.0067277
-0.0076936
0.0051271
-0.0051388
-0.0067168
-0.0057066
0.0034186
-0.0023453
0.0056375
-0.0007224
0.006289
-0.0080666
0.0030426
0.0013656
-0.0029768
0.0030802
0.0050638
-0.0024792
0.0081316
0.0094968
-0.0080769
0.0059051
-0.0038334
-0.0069079
0.0015973
-0.0042273
-0.0037768
0.0058529
0.0024361
-0.0071536
0.0055954
-0.0064439
0.000945
-0.0059329
0.0082604
-0.0099631
0.0059924
0.0044663
0.0075687
-0.0012794
-0.0011944
0.0011383
0.0085471
0.0067586
0.0006302
-0.0070843
-0.004482
-0.0058403
-0.003791
-0.001789
-0.0075162
-0.002431
-0.0066617
0.0004917
-0.0066611
-0.0014359
0.0013603
0.0093827
-0.0089783
0.0006385
0.0020795
-0.0053718
0.0013481
-0.0072925
0.0098839
0.0035402
0.0055031
-0.0092134
0.0068965
0.0039627
0.0002713
-0.0071192
0.0014954
0.0014223
0.0016165
0.0062423
0.0016197
-0.0058725
0.0082924
0.00642
-0.0031604
0.0018412
-0.009023
0.0059375
0.0023691
0.000458
0.0052348
-0.0068138
0.0052214
0.0007388
0.0005142
0.0009976
-0.007189
-0.0091921
-0.0046368
-0.0097546
0.0088337
0.0023781
-0.0059649
0.0059441
-0.0029313
0.0033285
-0.0027271
-0.0035191
-0.0049891
-0.006625
-0.0099864
-0.0028129
-0.0086166
-0.0060112
-0.0023379
-0.0017334
0.0074224
-0.0033825
0.0018241
0.0037652
0.0023632
0.0081359
0.0079699
-0.005139
0.0021512
0.004529
-0.0018159
0.0085818
0.0060192
0.0004322
0.0035951
0.0021743
0.0090791
-0.0020211
0.0076356
-0.0015083
-0.0071816
0.003506
-0.0004413
-0.001035
0.008323
-0.0072615
0.0030192
0.0081945
-0.0066702
-0.0083558
-0.0004805
0.0055549
-0.0070987
0.0050988
-0.0063241
-0.0076518
0.0035025
-0.0062557
0.0022509
-0.0045911
0.0088678
-0.0031565
0.0072926
0.0018404
-0.0061633
0.0048508
-0.0008507
0.0061633
-0.0091078
0.00732
-0.0003402
0.0032017
0.0049839
0.0005305
-0.0014919
-0.0013499
-0.0015732
-0.0087738
0.0008966
0.0080444
-0.0050294
0.0020498
0.0039493
-0.0041729
-0.0006438
-0.0016701
-0.0075845
0.0032163
0.0006315
0.006055
-0.0011409
0.0089948
-0.0064911
0.0010503
0.0017553
-0.0070475
-0.0061379
0.0022686
0.002423
0.0089817
-0.0068878
0.0055076
0.0006136
-0.0091198
-0.002597
0.0023909
-0.0033509
0.0064109
0.0048969
-0.0009233
-0.0017874
-0.0075648
0.006177
0.0013582
-0.0029178
-0.0075693
0.0073525
0.0020773
0.0091652
0.0074153
0.0011441
0.0040421
0.0011661
0.0004675
0.0051493
0.0073883
0.0074635
0.0062222
0.0052917
0.009374
0.0010589
-0.0047061
-0.0011848
0.0034744
0.0046301
-0.0020597
0.0074122
0.004509
-0.0023627
0.0076727
0.0054321
-0.0051755
-0.0068225
0.0063148
0.0078044
-0.0093229
0.0039182
0.0019387
0.0072404
0.0003881
-0.0029651
0.0089015
0.0081599
0.0079971
0.0055685
-0.0036698
-0.0046609
-0.0096918
0.0077612
