0.0015881
-0.0001678
0.0031042
0.0022639
0.0080396
0.0086761
-0.0087697
0.0083452
0.0077105
0.0058068
-0.0059246
0.0081714
-0.0001226
0.008389
0.0057158
0.0032561
0.005476
-0.0063869
0.009027
-0.0073574
0.0086017
-0.0001188
0.0032535
5.75e-5
0.0033146
0.0068856
-0.0034419
-0.002342
-0.0059482
-0.0072135
0.0040497
0.0092011
0.0011308
-0.0050606
-0.0072557
-0.0073937
0.0065888
0.003726
0.0063814
0.000827
-0.0098169
-0.0004287
-0.0012402
-0.007963
-0.0021377
0.0053726
-0.0018957
-0.0051884
-0.0003313
0.0064294
-0.0027929
0.0016289
-0.0095234
-0.0081803
-0.0044276
0.001978
-0.0051982
-0.0001792
0.0099591
-0.0077093
0.0080766
-0.0040777
0.0007887
-0.0015908
-0.0017867
-0.0032665
-0.0084516
-0.0023799
-0.0031516
0.0082179
-0.0078173
-0.0079595
-0.0017899
0.0018207
0.0054936
0.0031879
0.0094582
-0.0065459
0.0020409
-0.0099413
0.0074733
-0.0062482
0.0038659
-0.0070134
-0.0052792
0.0093635
-0.0012502
0.0008416
-0.0008124
0.0094102
0.0091367
0.0066048
-0.0023972
-0.0077546
-0.0039069
0.0014648
0.0035332
0.0088122
-0.0072022
-0.0081286
0.0048975
0.0026223
-0.0034271
-0.0009084
0.0067877
0.003501
0.0023042
0.0086264
0.009201
0.0085639
-0.0026407
-0.0071363
0.0012482
-0.0017069
0.0008542
-0.009787
0.0076175
-0.0018691
-0.0042434
0.0032225
0.0052567
-0.0062683
0.0036468
0.0083835
-0.0053127
-0.0058465
-0.0096614
0.0036336
0.0076417
-0.0099457
0.0019848
0.0049524
-0.0089334
-0.004278
-0.0044861
0.0050143
-0.0052221
-0.0023091
-0.0050989
-0.0017128
-0.002919
-0.0012652
0.0038343
-0.0028466
0.0084425
-0.0082933
0.0034096
0.0051596
0.0039725
0.0033666
0.0055669
-0.0099385
-0.0026977
0.0039873
-0.0065605
-0.0011052
0.0035711
0.0068229
-0.0019343
-0.0026942
-0.001826
-0.009359
-0.0063979
-0.0075042
-0.0021023
-0.002376
-0.0061948
0.0097782
0.0076126
-0.0071424
-0.0074291
-0.0072482
0.000441
-0.0059087
0.0008804
0.0093291
-0.0067252
0.0034739
-0.0092992
0.0089493
0.0040871
-0.0078454
0.0051459
-0.0017258
0.002276
-0.0085932
0.003648
-0.002928
-0.0046196
-0.0039591
0.006391
-0.0053761
-0.0084453
-0.0036047
0.0007032
0.0036661
0.0017876
0.0054149
0.0011507
0.0036626
1.69e-5
-0.0052821
0.0025382
0.0075213
-0.0097947
-0.0085052
0.0039037
0.0014517
-0.0029655
0.0002144
0.0017808
-0.0060349
-0.0085917
0.0044893
-0.007344
0.000923
-0.005835
-0.009828
0.0053821
-0.0099105
-0.0081736
0.001102
0.0052972
-0.0041542
0.003119
-0.0091274
-0.0057722
-0.0033265
0.0022749
-0.0005425
-0.0025488
0.0071679
-0.004235
-0.0026929
-0.0039746
-0.0008811
-0.0011747
0.007416
0.0096196
0.0063786
-0.0088279
-0.0012282
-0.0061863
0.0030299
0.0066992
-0.0043145
-0.0008648
-0.0015552
-0.0055924
-0.0014604
0.0023865
-0.0025675
0.007486
-0.0072648
-0.0096817
0.0005532
-0.008171
-0.0065687
-0.0023552
-0.0053075
-0.0082951
0.0058574
0.0048588
-0.0094188
-0.0091084
-0.006073
0.002861
0.0051612
0.0055011
-0.0007544
0.0048064
0.0091055
-0.0048299
6.11e-5
0.0068135
0.0061716
0.0050655
-0.008649
-0.0009781
-0.0030566
-0.0032924
0.0001055
-0.0090958
0.0026666
0.0080194
0.0012325
-0.0097227
0.0077767
-0.0050437
-0.0094556
-0.0053242
-0.003022
0.0093696
0.0081543
-0.0032735
-0.0091957
0.0097958
0.0034257
-0.0015746
0.006469
0.0035797
0.0093766
-0.0070147
-0.0042621
-0.0034942
-0.003159
0.0015451
-0.0019923
0.0004433
-0.0005231
-0.0094067
-0.0028488
0.0068559
-0.0065753
-0.0014564
0.0042272
-0.0038649
-0.0032563
-0.004478
0.0024933
0.0023676
0.007228
-0.0085497
0.0048204
-0.0087433
0.0031752
0.0038072
0.0043015
-0.0081774
-0.0047654
0.007287
-0.0088079
0.0006191
-0.0035133
-0.0037023
0.0080987
6.7e-5
-0.0079622
0.004239
-0.0034599
-0.0085492
-0.0094123
0.0071982
0.0034434
0.0066428
0.0070108
-0.002594
0.0072275
-0.0071739
0.0038226
0.0014952
0.0062299
0.0066157
-0.0070598
-0.0084566
0.0057471
-0.0031244
0.0045568
0.0009152
0.0006578
-0.0026842
0.0019757
-0.004755
-0.0019528
0.0070397
-0.0019467
0.0045557
0.0092352
-0.0073937
0.0024876
0.0093896
-0.0033794
-0.0026976
-0.0057239
0.0033961
0.0029592
-0.004065
-0.0050178
0.0004413
-0.0093315
0.0090581
-0.005758
0.0017857
-0.0042085
0.0058434
-0.0060559
-0.0098011
0.0090237
-0.0018368
0.0059171
0.007169
-0.0007815
-0.0053049
0.0066044
0.0091088
0.0070114
-0.000459
0.0084407
-0.0047939
0.0003964
0.0043885
0.0051902
-0.0020756
-0.0067956
-0.009823
0.0059659
-0.0056432
-0.0060143
-0.0004779
-0.0047778
0.0007941
0.009437
0.0082077
-0.0014694
-0.0040831
0.0046621
0.0087349
0.0036455
0.0068379
0.0030479
0.0038005
0.0027289
-0.0069268
0.0035316
-0.0005326
0.0046991
0.0029422
0.0031576
-0.0045444
0.0053353
0.0037878
-0.0043686
0.0078357
0.0018405
-0.0013661
0.0010997
0.0047708
0.0068825
-0.0065482
-0.0048007
-0.0052464
0.008964
0.0091842
-0.0059063
0.0002902
-0.0070343
-0.0035847
0.0013936
-0.0076043
0.005818
-0.0052758
0.0088575
-0.0068189
0.0020181
0.009199
0.0090893
0.0006422
-0.0044384
0.0089005
-0.0048412
-0.0014977
0.0094724
-0.0050882
-0.0096649
-0.0006872
-0.0080299
-0.0060707
0.0061576
0.0068097
-0.0075608
0.0077739
-0.0053858
0.0067771
0.0002621
-0.0007177
-0.0078538
0.0003157
-0.009982
-0.0031314
-0.0033318
0.0073896
-9.91e-5
0.0085549
0.0037886
0.0042656
0.0036132
-0.0024862
0.004972
-0.0009936
-0.0026624
0.0082709
0.0040261
-0.0016538
-0.0057043
0.0080763
