-0.0035861
0.0078206
0.0093847
-0.0048137
0.0001226
-0.006917
-0.0098327
-0.0006179
-0.0084048
0.0079238
0.0022244
0.0057843
-0.0028888
-0.0013453
-6.82e-5
0.0099116
-0.005368
0.0020462
-0.0089517
-0.0030611
-0.0053112
-0.0076259
-0.0061219
0.0044381
0.0084127
0.0074921
-0.0082545
-0.0023828
-0.0015751
0.0001535
-0.0062892
-0.0096266
0.0086971
0.0002031
-0.0074189
-0.0062927
-0.0094674
0.0062315
-0.0085827
-0.0045994
-0.0002463
-0.0057659
0.0017075
-0.0096721
-0.0096944
0.0099156
-0.0069551
-0.0061737
-0.0007568
0.0078365
0.0009623
0.0008234
0.0029327
-0.0032262
-0.0067653
-0.0020471
-0.0048337
-0.004134
0.0095579
-0.0071376
0.0020684
0.0099216
-0.0003203
0.0087981
0.0028213
0.0006055
0.0005402
-0.0040291
-0.0067775
0.0026055
0.0026202
-0.0082461
-0.0054113
-0.0091644
-0.0093342
0.0005397
-0.0033527
0.0018469
0.0020386
0.0074433
-0.0055222
-0.0026329
-0.0024375
0.0019484
-0.0098781
0.0022187
-0.0052603
0.0001394
-0.0039021
-0.000938
-0.0003582
0.0024161
0.0051514
0.0016432
-0.0021076
0.001324
0.0082365
0.0013352
0.0014443
0.0017483
-0.0093107
0.0096486
-0.0090828
-0.0068194
-0.0028678
-0.0073905
-0.0004205
-0.0038519
0.0014642
-0.0086167
-2.22e-5
-0.0091188
-0.0024151
0.0007681
0.0011767
-0.0048822
0.00781
0.0096043
-0.0039812
0.0009175
-0.0096344
0.0049405
0.0062989
0.0095608
0.0002408
0.0024233
-0.0037891
0.0011398
0.0038266
-0.0097883
-5.39e-5
-0.0063921
-0.0014861
-0.0053161
0.0040598
0.0075842
-0.009503
-0.0051854
-0.001227
0.008185
0.0071329
-0.0008933
0.0006442
0.0065592
-0.0091106
-0.0035801
0.0021833
-0.0085027
-0.0080275
-0.0046864
0.0082701
0.0077576
0.0004399
0.0094463
-0.0037381
-0.0003188
-0.005206
-0.0062542
-0.0086509
-0.0097843
-0.0018871
0.0015144
0.0079463
-0.0030315
-0.0073984
0.0010785
-0.0069733
-0.0099856
0.0069599
0.001162
0.0097712
-0.0069685
-0.0059578
-0.0034054
0.0019485
0.0035209
-0.0067785
0.0020744
0.0077534
0.0017
-0.0090582
0.0057262
-0.0061659
0.0035916
-0.0008772
3.23e-5
0.0063721
0.0057276
0.0033577
0.0019614
0.0077379
0.001067
-0.0060619
-0.0076773
0.0088136
0.0074756
-0.0083321
0.0003615
-0.0099265
0.001267
0.0028243
-0.0019609
-0.0026889
0.0072217
-0.0001152
0.0011052
0.0006777
0.0065751
-0.0001589
-0.0059014
0.0016423
0.0082124
0.0035951
-0.0075171
-0.0006739
-0.0076417
-0.0048981
0.0056242
-0.0086486
-0.0076488
-0.0065694
0.0011233
0.0014727
-0.008607
0.0017765
0.0075095
-0.0058222
0.0022821
-0.0058173
0.0062586
-0.0006104
0.0056539
-0.001185
-0.0072642
-0.0044525
-0.0004886
0.0035626
-0.0058179
0.0068567
-0.0012732
0.0026151
-0.0085761
-0.0082372
-0.0053924
0.0014419
0.0063954
-0.0016958
0.0018185
0.0055584
-0.0056705
0.0040845
0.0024256
0.0046143
0.0060951
0.0072236
-0.006541
-0.0018005
-0.0096119
0.0076766
-0.0017095
0.0018017
-0.0084667
-0.0003453
-0.0091187
0.0009616
0.007109
0.001337
0.0003306
0.0086606
0.0004277
-0.0099695
0.0061146
-0.0018272
-0.008384
0.0091315
-0.003012
-0.0076448
-0.0074942
-0.0007699
-0.0041942
0.0080246
0.0096181
-0.0059221
-0.0032255
-0.0095927
-0.0029567
-0.0058372
0.0031018
0.0031552
-0.0010973
0.0095456
0.0034136
-0.0008039
0.0030739
0.0020718
0.0049397
0.0090696
-0.0011156
0.007148
6.84e-5
-0.0083767
0.0043641
0.002535
-0.0084104
0.0009961
0.0063194
-0.006911
-0.0026263
0.0059731
-0.0046817
-0.0092901
-0.0027587
0.0044686
-0.0031215
-0.0015168
-0.0084162
0.008829
0.0013998
0.0067317
0.0067012
0.0050585
0.0084346
-0.0008524
0.0079108
-0.0023514
-0.0072405
-0.0020794
-0.0031103
0.00565
-0.0050928
-0.0096817
-0.0027143
-0.0034591
0.0076949
0.0085852
0.005965
0.00389
-0.0021925
0.0049503
-0.0028929
0.0034328
0.0042651
-0.0083655
0.0030846
0.0055768
-0.0003753
0.0016456
0.0095512
0.009503
0.0010986
0.0056172
0.0099541
-0.004907
0.0087459
0.0047731
-0.0040999
0.0062172
-0.0028199
-0.0026847
0.0068479
-0.0039834
0.0069555
-0.0039609
-0.004259
0.0059875
0.0046413
0.0088192
-0.0076393
-0.0054121
-0.0054721
-0.0076755
0.0041113
-0.002773
-0.0036596
0.0075554
-0.0060784
0.0007085
0.0059901
-0.0091651
0.0034442
-0.0022273
-0.0085662
0.0067251
-0.0048285
0.0026663
0.0058844
8.26e-5
-0.0089506
0.0072376
-0.0048875
0.003819
0.0068433
0.0028783
0.0021576
0.0099514
-0.0029234
0.0085816
0.0046506
-0.009245
-0.001549
0.009957
-0.0098821
-0.0018385
0.0083055
0.0003985
0.001608
0.0082939
-0.0091037
-0.0042015
-0.0058018
0.0087506
0.0089625
0.0049552
-0.0046911
0.0016714
0.0012415
0.0014392
-0.0093783
0.0041003
0.0041596
0.0047104
0.0056796
0.0054048
0.0018526
-0.0054186
-0.0063335
0.0070399
0.0092043
-0.0049081
-3.9e-5
0.0013788
0.0004218
-0.0098574
0.0025529
0.004163
-0.0010393
0.0092367
0.0027445
0.0085862
-0.0086561
0.0006354
0.0032984
0.0060671
0.0059024
0.0070335
-0.0057411
-0.0018961
-0.0070186
-0.0010397
0.0049492
-0.0040709
-0.0036275
-0.0053893
-0.0076901
-0.0004897
-0.0038196
0.0059339
0.0053758
0.0047935
-0.0020299
0.0012574
0.0026663
0.0014287
-9.92e-5
-0.0018592
-0.0081846
0.0039997
-0.0088854
0.00583
6.3e-6
0.0076823
-0.0015374
-0.0004804
-0.0025965
-0.0048483
-0.0066001
0.0033915
-0.0027618
0.0007419
-0.0061532
0.0049865
-0.0002916
-0.0036029
0.0009258
-0.0052982
-0.0094112
6.47e-5
0.0081223
-0.0040023
-0.0069517
0.002019
-0.0007086
0.0038062
0.0013744
-0.0063747
