-0.0024924
0.0089743
0.001254
0.002301
-0.0007746
9.99e-5
-0.0034
-0.0052002
-0.004058
0.0011362
0.0082439
0.0006326
0.0093862
-0.0078623
-0.0081154
-0.0035208
-0.0077517
-0.0019222
-0.0034069
-0.0027317
-0.0005546
-0.0023403
-0.0008037
0.0027117
0.0039937
0.0089945
-0.0067786
0.0059506
0.0003729
-0.0017753
0.0097693
0.0010723
0.0039509
-0.0081727
-0.0098111
0.0044458
-0.0032574
0.0082689
-0.0044974
0.0098998
-0.0082542
-0.0081686
0.0098948
-0.0038491
0.0054209
-0.0072232
0.0014157
0.0083951
0.0075341
0.0031061
0.0014011
-0.0005299
0.0043754
0.0056693
0.0030605
-0.0070643
-0.0090142
-0.0084053
0.0080925
0.0075693
0.0035818
-0.0071966
-0.0087912
-0.0070622
0.0041682
0.0058439
-0.0076263
0.0016904
0.0031735
-0.0054136
-0.0090901
-0.0030848
0.0056128
-0.007017
0.0085894
-0.0012195
0.0014563
-0.0092856
0.0029211
-0.0079352
0.0071259
-0.006894
-0.0071441
0.0003791
-0.0006188
0.0043901
-0.0085139
-0.0043752
-0.0005496
-0.0067442
0.0021747
-0.0071925
0.0080284
-0.0062548
0.0032952
0.0078816
-0.000697
0.0041529
-0.0053352
-0.007451
-0.0011634
-0.0033864
0.0072314
0.0095511
0.0013405
-0.0036867
-0.0063982
0.0016987
0.0027132
0.0042584
9.12e-5
0.0023839
-0.0046474
0.0054888
-0.0093396
0.0031549
-0.0045255
-0.0071124
0.0019956
0.0097025
0.0054579
-7.64e-5
-0.0090606
0.0050155
-0.0017722
-0.0070537
-0.0014503
-0.0060944
-0.0025512
-0.003779
0.0085339
-0.0015137
-0.0095367
0.004843
0.0081192
0.0064893
-0.0071214
-0.0010214
-0.0089653
0.0004413
-0.0050995
-0.0007271
0.0084436
-0.006018
-0.0067611
-0.0018997
-0.0006826
-0.0006091
-0.0083967
-0.0059001
-0.0083119
0.0033422
0.0057648
-0.0079341
0.0095893
0.0030388
-0.0073859
-0.0001141
-0.0085868
0.0097367
0.0007717
-0.0068144
-0.0091361
0.0078779
-0.00832
0.0010722
0.0080441
0.0019151
0.0041225
0.0097484
0.0022827
-0.0004337
0.0078961
0.0080324
0.0083715
-0.0076957
-0.0048982
-0.0042574
-0.0090786
-0.0042093
0.0031187
0.0035487
-0.0031445
-0.0039033
0.0002363
-0.0069118
-0.0051122
-0.0054924
0.002459
-0.0003718
-0.0023929
0.0048164
0.0096379
0.0031277
-0.0048081
0.0062835
-6.46e-5
0.001999
6.88e-5
0.0039975
0.0085731
-0.0047829
-0.0067187
-0.0001474
-0.0081303
-0.0093042
-0.0074299
-0.0079177
0.008598
-0.0030077
0.005033
-0.00729
0.0016347
-0.007552
0.0014133
-0.0047769
-0.0009936
0.0006914
-0.0023644
0.0047038
0.0090178
-0.0037938
-0.0045595
0.0065522
0.001742
-0.0028777
-0.0008091
-0.0075561
0.0003794
0.0056927
0.004313
0.0089154
0.0083907
0.0016801
0.005791
-0.0012502
0.0097022
0.0080158
-0.0041402
-0.0086515
0.0032339
-0.0018833
0.0081639
0.0039203
-0.0097467
-0.0069009
-0.0040391
0.0086278
0.0005761
-0.003958
0.0059493
-0.0097824
-0.0070052
-0.0084606
0.0090014
0.0040473
0.0001512
-0.0056173
-0.0038691
-0.0080465
0.0038304
0.002737
-0.0016948
-0.0033105
0.0088581
0.0043451
-0.0047735
-0.0007919
0.0021005
-0.0022504
-0.0074138
-0.0090484
-0.0095229
-0.0072547
0.0065983
0.007442
0.0011578
-0.0096764
-0.00727
0.0037833
0.0039285
0.0026901
0.0058458
-0.0097621
0.001563
-0.001912
0.0015258
-0.0011629
-0.005549
-0.0044527
-0.005131
0.0056333
-0.008274
0.0032109
0.0068169
0.0040641
-0.0086365
0.0018072
0.0079792
-0.0050517
0.0058527
0.0033217
0.0015963
-0.0051657
0.0058702
-0.0093491
-0.0029914
0.0083275
-0.0072183
0.0009401
0.0033679
0.0067761
0.0042926
-0.0055501
0.0026685
0.0033514
0.0025502
-0.0033701
0.0050651
0.007392
-0.0023682
-0.0091152
-0.0066171
-0.0083237
-0.0098625
-0.0006007
-0.0020528
0.0097101
0.0079157
0.0050527
0.0068839
-0.0057799
-0.0009699
-0.0085156
-0.006969
0.0073476
-0.0040792
-0.0033342
0.0052175
0.0034341
-0.0016593
0.009821
-0.007167
0.005388
0.0077297
0.0046815
0.0091879
-0.003761
-0.0028354
0.0023891
-0.0013564
-0.0022885
-0.0078666
-0.0065018
-0.0016328
0.0067044
0.0055622
0.000766
-0.0079117
-0.0042243
0.0095063
0.0082112
0.0026729
0.005543
-0.0069611
0.0032219
-0.0045015
-0.002106
-0.00801
0.0057451
4.95e-5
-0.006682
0.0023847
-0.0080719
-0.0008201
0.0071619
0.0070677
0.0014105
-0.0007105
-0.0086725
-0.0053678
-0.0017981
-0.0028468
0.0034104
-0.0028895
-0.0049119
-0.0083852
-0.0018173
0.0055118
0.0052588
0.0007386
-0.0062242
0.0036715
-0.0009121
0.0051616
-0.0067048
0.0007944
0.0097098
-0.003753
-0.0036455
-0.0067538
-0.0064849
0.009873
-0.0058654
0.0054424
-0.0088449
0.0070914
0.0067688
-0.0049992
0.0006753
0.0047541
0.0043044
-0.0047637
0.0001982
-0.0058857
0.0084236
-0.0035781
0.0086582
0.0027954
0.0071579
0.0066103
-0.005641
0.0008875
-0.0030644
-0.0025287
0.0028974
0.0005518
-0.0062916
-0.002348
0.0022909
0.0072319
0.0045861
-0.0066936
0.0048967
-0.0013788
-0.0018749
0.0099657
0.0053963
0.0033842
0.0054121
-0.0042541
0.0090398
0.0094922
-0.0088853
0.0053975
0.0040341
-0.0066628
-0.0092589
-0.0071998
-0.002805
-0.0013782
-0.0043142
0.0045607
-0.0078821
-0.007418
-0.006542
0.0054884
-0.0082171
-0.0025248
0.0004297
0.0027908
0.0009836
0.0079089
0.005261
0.0017331
0.0076761
0.0039026
0.0022743
-0.0058287
0.0061625
-0.0037155
-0.0061852
-0.0034658
-0.000594
0.0038431
-0.0092566
0.0035818
0.0080584
0.0091695
-0.0043011
0.0080703
0.008178
-0.0048252
0.0057702
-0.0005279
-0.0034372
-0.0025283
0.0050005
1.54e-5
0.0087068
0.0057347
0.0080293
-0.0003548
-0.0032641
0.0004926
