-0.0080721
0.0093696
-0.0050142
-0.0050349
-0.0077329
0.0012534
0.0045832
0.0041877
0.0073059
0.0098327
-0.0025025
0.0094397
2.08e-5
-0.0032274
-0.0060081
-0.0030092
-0.0053112
0.004458
0.0049109
0.0071369
-0.0056241
0.0072657
0.0029895
-0.0086488
-0.0044063
-0.0029662
0.0015246
-0.0090728
-0.0026012
-0.001317
-0.0063543
-0.0068464
0.0075029
0.0095756
0.002226
-0.0086792
0.0077553
-0.0014857
0.0057707
0.0077194
-0.0021905
0.0049559
-0.0094545
0.0012861
-0.0088846
0.0048726
-0.0098531
0.0096848
0.0061409
0.0081915
-0.0078815
-0.0084231
0.0021026
0.0050292
-0.0016531
-0.002726
-0.0098023
-0.0088619
-0.0018966
0.0076312
-0.0096351
0.0067896
0.0055655
-0.0009764
0.0088492
-0.0081421
-0.004793
0.0042874
-0.0021213
-0.0061642
0.0054348
-0.0048919
0.0031442
0.0001341
-0.0036227
0.0005628
0.0051268
-0.0006512
0.0030903
-0.0021188
0.0065548
0.002924
-0.0032562
-0.0003579
0.0087717
0.0062223
0.001785
-0.0069533
0.0090554
0.005354
0.0047922
0.0005722
-0.0080202
-0.0089851
-0.0007678
0.0040963
0.0033888
-0.0093609
0.0048867
0.009742
-0.0041328
0.0035564
0.0050494
0.0037865
0.0071401
0.0094548
-0.0048267
0.0043274
-0.0083759
-0.0003232
0.0025983
-0.0066683
0.004596
-0.0082667
-0.0064438
0.0099652
-0.0047846
-0.0040517
-0.0079723
0.0076959
0.0032716
-0.0023749
0.0021269
0.0043601
0.006704
-0.0081301
-0.0080309
0.0047733
-0.004463
0.0026117
0.0082358
0.0028625
0.0003295
0.0032041
0.0077764
0.0065416
0.0007292
-0.0006633
-0.0092418
-0.0074635
0.0076311
0.0042319
-0.0037522
0.0099528
0.0057701
-0.0030607
-0.0085861
0.002874
0.0018856
0.0031893
-0.0047294
0.0092537
-0.0075961
-0.0079256
0.0099829
-0.0028441
0.0070171
0.004508
-0.0022544
-0.0082218
0.0037385
0.0084001
0.0091655
-0.0071879
-0.0001159
0.0033378
-0.0033393
0.0023288
-0.0061939
-0.0045528
0.0035828
0.003238
0.0009905
-0.0013679
-0.0087271
0.0060166
0.0015921
0.0092695
0.0012269
-0.0076301
-0.0089812
0.006321
-0.0047331
0.006052
0.0051073
-0.0042766
0.0069097
0.0045477
0.0024526
0.0013533
-0.0059177
-0.0002235
0.000824
-0.0037311
-0.0007315
-0.0002032
0.0053535
-0.0048018
-0.0075972
0.0031467
-0.0013217
0.0017303
-0.0037949
-0.00956
1.55e-5
0.0097956
0.0080769
0.0099029
-0.0016805
-0.0083836
0.001272
0.0015084
0.0036023
0.0094388
0.0075475
0.0030083
0.0033509
0.000138
-0.0059027
-0.0008581
-0.0037072
-0.0091989
0.0031493
0.0038933
-0.0070883
0.0084443
-0.0042391
0.0041877
0.0077796
-0.00804
-0.0048186
0.0067772
0.0098638
0.0095514
-0.0059437
-0.0073095
-0.0065151
0.0029775
-0.0070054
-0.0070124
0.008781
0.0089611
-0.0087339
0.002828
0.0079422
-0.0035228
0.0006228
0.00388
-0.003046
0.0080281
0.0076989
-0.0082684
0.0003398
0.0029561
-0.0041021
0.0093497
0.0045286
-0.0071959
0.0031856
-0.0009602
0.001884
0.0020715
0.0079968
-0.0080823
-0.0025006
-0.0063205
0.0053762
-0.007435
0.0087792
0.0086078
-0.0084876
-5.32e-5
0.0091484
-0.0044932
0.0025542
-0.003279
0.0027524
-0.0008924
0.0048169
-0.0073544
-0.0073003
0.001532
-0.0022487
0.0040679
0.0080197
-0.0086686
-0.0064025
-0.0037931
0.0057085
0.0022082
0.0027457
-0.0008681
-0.003337
-0.0052051
0.0007799
-0.0078641
0.0055165
0.0067967
-0.0063937
-0.0097778
-0.0068033
-0.0045616
0.0091121
0.0099903
-0.001967
0.0039159
9.26e-5
0.0052555
-0.0040057
-0.0072221
0.0015048
0.0001365
-0.0065434
0.0015849
0.0088662
-0.0040656
0.0064915
0.0093647
0.0077275
0.0037069
0.0064455
0.0030673
0.0021252
0.0061601
-0.0048209
-0.0087151
-0.0037085
0.0095928
0.0047232
0.0092011
-0.0094525
-0.000947
0.0076781
-0.0031094
0.0075805
0.0028319
0.0086989
0.0089343
0.0003406
0.0027777
-0.0004723
-0.0044982
-0.003224
-0.0032851
0.0003778
0.0041823
0.004153
-0.0028262
0.0058623
-0.0052245
-0.0070879
-0.0010869
0.0008749
-0.0098063
0.0043757
-0.0031354
0.0032541
0.0098892
-0.0054671
-0.0055092
0.009631
0.0069348
0.0085014
0.0082169
-0.0048163
-0.0018393
-0.0015007
-0.0098435
-0.008648
0.0085466
0.0063712
-0.0009839
0.0075051
0.0012509
-0.0020537
0.0038986
-0.0020966
0.0047608
-0.0069253
-0.0089136
-0.0064851
-0.0080123
-0.0062633
0.0095829
0.0060796
0.0091168
0.0099663
-0.0081067
-0.0085573
0.0073088
-0.0063253
-0.0002829
-0.0086753
-0.0043278
0.0099287
-0.0068616
0.0007168
0.0033507
0.0058876
0.0099969
-0.0049126
0.0007404
-0.0019302
0.0084409
-0.0048052
0.0023391
-0.0051863
-0.0034335
0.008012
0.0039895
0.0060117
0.0036506
0.0029472
-0.003367
0.0068473
-0.0073037
0.0078297
-0.0069353
0.0099825
-0.002913
-0.002336
0.0023459
-0.0036659
0.0075923
0.0055165
0.0080109
0.009877
0.0093776
0.0049249
-0.0071136
-0.0054755
-0.0040814
-0.008312
-0.0052207
-0.0005249
0.0056354
-0.0071128
0.0099372
0.0038918
-0.0032886
-0.0066386
-0.0013631
-0.0088612
-0.0094208
0.0092351
-0.0047465
0.0024335
-0.002227
-0.0059061
-0.0054909
-0.0034928
0.0036479
0.0046261
-0.0060094
-0.001627
0.0079525
0.0042005
0.0007616
-0.0056554
0.0094524
0.0069491
0.0026499
0.003457
-0.0073109
-0.0002263
-0.0052431
0.0064593
0.0002892
-0.0053015
-0.0045745
0.0068723
0.0075632
0.0052869
0.0062441
0.0097364
0.0015876
-0.007606
-0.0059335
-0.0095456
-0.0017094
-0.003515
0.0083927
-0.0008498
0.0088354
0.0016818
-0.0041915
-0.0047565
-0.001587
-0.0065436
-0.0044239
-0.0046672
-0.0068134
0.0017799
-0.0042491
-0.0020822
