0.0083312
-0.0040488
-3.91e-5
0.0010395
0.0066528
-0.0008161
-0.0089292
-0.0073478
0.0044902
-0.0048979
0.0015409
0.0036292
-0.0088448
-0.0060237
0.0016119
-0.0074766
-0.0058989
0.0015073
0.0007346
0.0030281
-0.0079718
0.0010633
-0.0099501
0.0090657
0.001585
0.0073099
0.0044645
0.0026574
-0.0002414
-0.0022616
-0.0025329
0.0082438
0.0084277
0.0029006
0.005868
0.0072383
-0.0053091
0.0001378
-0.0071347
-0.0050575
0.0025775
0.0040657
-0.0074072
0.0040433
0.0009146
0.0010866
0.0046114
-0.0001363
-0.0054316
-0.0090847
0.0096849
0.0010138
-0.0085852
-0.0005707
-0.00136
-0.0079856
0.0047537
0.0095935
-0.0031734
-0.0013424
0.000287
0.0091946
-0.0098939
-0.0019877
0.0052503
-0.0073647
0.0093587
0.004498
0.007543
0.0075274
0.0035486
-0.0037133
-0.0034571
0.0088077
-0.0085811
0.0075844
0.0070956
0.00822
-0.0006577
0.0097435
0.0009548
-0.0060489
-0.0091828
0.0020881
0.0021074
0.0092738
0.0001746
0.00831
0.008769
0.0065504
0.0051625
0.0094032
0.000594
0.0071984
0.0031578
0.0057868
0.005495
-0.0005076
5.45e-5
0.0001523
0.0048086
-0.0057775
-0.0070144
-0.000867
-0.0081932
-0.0052045
0.0092749
-0.0095892
-0.0079423
0.002973
0.0067482
0.0076437
-0.0068239
-0.0060892
0.0037642
0.003743
-0.0075624
-0.0035306
0.0074099
0.0039982
0.0092715
-0.0052811
0.0051636
0.0031762
-0.0089098
-0.0022667
0.0029193
-0.0025317
8.55e-5
-0.0076584
-0.0085391
-0.0046553
-0.0054247
-0.0079662
0.004421
9.57e-5
-0.0078343
-0.0036088
-0.0013753
-0.0027188
0.0032166
0.003012
-0.0056971
0.0061322
-0.0017081
-0.0014071
0.0022471
0.0084587
0.0057125
0.0059725
0.000764
-0.0011979
-0.0080006
-7.34e-5
0.0055702
-0.0023227
0.0015785
-0.0062906
0.004324
0.0030947
0.0023132
0.0070383
-0.0081063
0.0059383
-0.0084433
-0.0033241
0.0028223
0.007319
0.0024273
-0.0059563
-0.0069938
0.0067502
-0.0063094
-0.0011681
0.0051828
-0.0022812
-0.0071085
-0.0003519
0.0077374
0.0069535
0.0068411
-0.0040239
-0.0057141
-0.0097464
-0.0068013
-0.0061077
0.0053709
-0.0007455
0.0082007
0.0071227
0.0053542
-0.0006034
0.0026442
0.0091323
0.000994
0.0048777
0.0058084
-0.0061847
-0.0039501
0.0029391
0.0031469
0.0036424
0.0015452
0.0005739
-0.0086832
0.0073902
0.0001081
-0.0018139
0.0008263
-0.001309
0.0068915
-0.0085047
0.0057865
-0.0009757
-0.0064199
0.0053901
-0.0001544
-0.0066273
-0.0026168
-0.0055656
0.0055494
-0.0065514
0.0021039
-0.0080739
0.0097108
-0.0013691
-0.0094072
-0.0088442
0.0086367
-0.0040199
0.0067769
-0.0016101
-0.0086859
-0.0024767
-0.0017751
0.0034294
0.0068212
-0.0097323
0.0090346
-0.0061697
0.0064955
0.0074124
-0.0028849
0.0030239
0.0017688
-0.0086054
0.0011407
-0.001289
-0.0041449
0.0091174
0.0061283
-0.0073538
-0.0075583
0.0030478
0.0081416
0.0047579
0.0099641
-0.0046485
0.003849
-0.0032088
-0.0036548
0.0069938
0.0099056
0.0066502
0.0087754
-0.0089
0.0073507
0.0018522
0.0011767
-0.0037289
-0.0080193
-0.006234
-0.0007061
-0.0083573
-0.0010528
0.0010924
-0.0007453
-0.0080734
-0.0094226
-0.0081923
0.0082208
-0.0031155
-0.0015007
-0.0004913
0.0083434
0.0019703
-0.004301
-0.0018794
-0.0085197
0.0015756
-0.0084292
0.0035239
0.001778
-0.0085716
-0.0040882
0.0008774
0.0004241
0.0024619
0.0005822
-0.0068878
0.0005112
-0.0008232
0.0014538
0.0007185
0.0056976
0.0056297
-0.0072729
0.0095539
-0.0079145
0.0075717
-0.0093175
0.0041553
-0.0040862
-0.0064427
0.0010212
0.0099247
0.0077467
0.0022069
-0.0090637
0.0036587
-0.00496
0.0062126
0.0015503
0.002387
0.0003075
-0.0005519
0.0089711
0.0037587
-0.001157
-0.007319
0.006693
-0.0004353
0.0034366
-0.0031728
0.0072716
0.002629
-0.0060656
0.0090999
-0.0022692
0.0056767
-0.0068362
0.007614
-0.0069453
-0.007577
-0.0056882
-0.0032975
-0.0097189
0.0083812
0.0086722
0.0032055
0.004164
0.0051384
0.0083977
0.0070906
-0.0061524
-0.0006838
0.0026671
0.0045944
-0.0093586
0.0090227
-0.0074405
-0.0073716
-0.0083424
0.0010739
-0.0040067
0.00273
0.0034135
0.0075629
-0.0024164
0.0090122
-0.0027505
0.0014906
-0.0046253
0.0004886
-0.0071115
0.0069434
-0.0052728
-0.0049482
0.0012158
0.0029839
0.0071512
0.0051113
-0.0030558
-0.0044735
0.00512
9.19e-5
-0.0056163
-0.001647
-0.0028412
-0.0014386
0.0013858
0.0049537
-0.0013152
-0.0057514
0.0065075
-0.005164
-0.0081691
0.0091314
0.007711
-0.0034789
-0.0046803
-0.0069771
-0.0083072
0.0084323
0.0086149
-0.0056721
-0.0009015
-0.0005491
0.0036369
0.0095309
-0.0060338
-0.0051725
-0.0075444
0.0054136
0.0005861
0.0066356
0.004237
-0.0092924
-0.0003621
-0.0031602
-0.009448
0.0036751
-0.0070116
0.0077468
0.0062587
-0.0082711
-0.0013733
-0.0058269
0.0091692
0.0054232
0.0017182
0.0097065
-0.0029424
-0.009088
0.0006109
0.0017551
-0.0003795
0.0052264
-0.0026676
0.0031614
0.0008784
0.0037616
0.0015879
0.0029428
-0.007722
0.0060262
-0.0047014
-0.0022828
-0.009911
-0.0086568
-0.0042808
-0.006283
-0.0056447
-0.0008468
-0.0026093
0.008295
-0.0011222
-0.0018479
-0.0071196
-0.0001929
0.0098083
-0.0089119
0.0016909
0.0017882
-0.0078712
-0.0047773
0.0044228
-0.0045316
0.0085129
-0.0042905
0.0097002
0.0024338
0.0033748
-0.0024132
0.0030145
-0.0068287
-0.0002594
0.0051426
0.007465
-0.0062366
0.0024671
0.0020983
-0.0022165
-0.0086482
0.0056256
0.0008832
0.0020978
0.0072123
-0.0037244
-0.0079667
-0.0081144
0.0055758
0.0034944
-0.0072262
-0.0075971
