-0.0087824
0.0054282
-0.0002895
-0.0029297
-0.0032522
-0.0010098
0.0063404
0.0039954
-0.0079946
0.00279
0.0081023
-0.0027564
0.0012203
0.0096938
-0.0029341
0.0062856
-0.0001778
0.0082534
3.6e-6
-0.0067503
-0.0093288
0.0038264
-0.0031973
-0.0081719
0.0083984
0.0081634
-0.0054795
0.0049991
-0.0049048
0.00525
0.0041112
-0.0084301
-0.0036497
0.0017477
-0.0069072
-0.0001127
0.0086619
0.0061023
-0.0076075
-0.0042565
-0.0024609
-0.009219
0.0015945
-0.002162
0.0016842
0.0028444
-0.0006962
-0.002069
0.001037
-0.0087073
0.0045498
0.0011521
-0.0021561
-0.0096972
0.006384
-0.0009419
-0.0077319
-0.0034554
0.0096511
-0.0014586
-0.0061194
-0.0086148
-0.0054865
0.005105
0.0096405
0.0031184
-0.0071116
0.0054308
-0.0055508
0.0073965
-0.0035284
0.0009454
0.006131
-0.0004395
-0.0070855
0.0041621
-0.0089875
-0.0038241
-0.0063027
0.0067766
-0.0077414
1.54e-5
-0.0019692
0.0053647
-0.0063824
-0.0067461
0.0018763
-0.0099357
-0.0031862
0.0046932
0.007249
0.0018087
-0.0035741
-0.0016079
0.0089536
-0.0010424
-0.0014486
0.0020811
0.0016579
-0.0068139
-0.0059067
-0.0064563
0.0072165
0.000703
-0.0043476
-0.0060204
-0.00895
0.0077432
0.0074735
0.0046989
-0.0037045
-0.003047
-0.0083615
-0.0072981
-0.0072199
-0.0029725
-0.0096357
0.0004173
-0.0013383
0.0060736
-0.0046623
0.0098554
-0.0024782
-0.0039359
-0.0038021
0.0056816
0.0062586
-0.0062183
0.0065016
-0.0007724
-0.0020309
0.0034056
-0.0070142
0.0036381
-0.0096076
0.0075918
0.0077147
-0.0047269
-0.0092257
0.0069677
0.0001705
-0.006757
-0.0079524
0.0056386
0.0087657
0.0043433
0.001983
-0.0079883
0.0022156
0.0018004
0.0010009
-0.0082674
0.0019562
-0.0085526
-0.0014448
-0.0088754
0.0050003
0.00427
-0.0042719
0.0071497
0.006351
-0.0071146
-0.0049286
-0.0025466
0.0082043
0.0088415
0.0050178
-0.0038305
0.0059931
0.0022139
-0.0011249
-0.0093852
-0.0066278
-0.0029821
-0.0026474
0.0090706
0.005199
-0.005223
0.0003019
-0.0052573
0.0051489
0.0096107
0.0085782
-0.0059341
0.0061509
-0.0096506
0.0054038
0.0025052
0.0038051
0.0002172
-0.0053712
-0.0052463
0.008507
0.0090077
-0.0081205
0.0047657
-0.0017399
-0.0093276
-0.0077319
-0.0031653
-0.002009
-0.0022609
-0.0025412
0.0038236
-0.0024616
-0.0099534
0.0007677
-0.002684
0.0004399
0.0059904
0.0098462
-0.0030011
-0.0050996
0.0066691
-0.0010862
-0.0080416
0.0070318
-0.0043133
0.0074243
-0.0029506
0.0054301
0.0027581
0.0073302
0.0033924
-0.0030139
-0.0038963
-0.0088801
0.002829
0.0071945
-0.0066937
0.0001648
0.00741
-0.0002325
0.0069564
0.00769
0.0042212
-0.0002817
-0.0010936
-0.0022521
-0.0084707
-0.0023557
0.0065619
-0.0084545
0.0045433
-0.000465
0.0003093
-0.0016086
0.0076653
0.0039554
-0.0009669
0.0001353
0.0040682
-0.0095911
-0.0063467
0.0067662
0.0098334
-0.0057183
0.0025155
-0.0045491
-0.0025204
0.0060647
-0.0062749
-0.0017416
0.0018197
0.0099743
0.0031726
0.0017974
-0.0025565
0.0045234
0.0016323
-0.0099265
0.0050775
0.0052747
-0.0097656
-0.0046135
-0.0048331
0.0070158
0.0047465
-0.0055087
0.0049993
0.00881
-0.0022524
0.0023597
0.0045908
-0.0066817
-0.0059512
-0.0071744
0.0051539
0.0045996
-0.0096159
-0.0039649
-0.0004379
-0.0052704
0.0088123
-0.0022761
-0.005037
-0.0033468
0.0045839
0.0082073
-0.007967
0.0058201
-0.0044777
-0.0042825
0.0060622
-0.00202
0.0023358
-0.0015374
-0.0043988
0.009875
0.0061761
-0.0040271
0.0007576
0.0039092
-0.0065289
0.0016659
0.0003526
-0.009813
-0.0009895
0.0078732
-0.0040203
0.0002947
0.0018424
-0.0090212
-0.0088626
0.0049278
-0.0066889
0.0020974
-0.0059935
-0.0012641
0.0069025
0.0043689
-0.0071784
-0.0043166
-0.0037237
0.0014458
0.00681
0.0067301
-0.0028448
0.0032185
0.004063
-0.0024339
0.0088008
0.0019137
0.0071229
0.0054075
-0.0071915
0.0092409
-0.0095333
0.0047678
0.0081292
-0.0086586
0.0068586
-0.0034281
0.0095452
-0.0023171
0.0007671
-0.0027046
0.0040035
-2.02e-5
-0.0001307
0.0006758
0.0099962
0.0051694
0.0052754
0.0012993
-0.0077653
0.0080092
0.0015637
0.0064804
0.0086526
-0.0091645
0.0029287
0.0046088
0.0035669
-0.0049648
0.0098867
-0.0036996
-0.0014242
-0.0075964
0.0066157
0.0042285
-0.0085078
-0.0063487
0.0072711
0.0033588
0.0097612
-0.0038209
-0.0049348
0.0058081
-0.0061119
-0.0090597
0.0072205
-0.0007666
-0.0041382
0.0072413
0.0064326
0.00787
-0.0030584
0.0056085
0.0068813
0.0082656
0.0080393
-0.003831
0.0038346
-0.0093577
-0.0015227
-0.0039585
0.0043835
-0.0097613
0.0022326
0.0092148
-0.0043834
-0.0041908
-0.0082481
0.0083081
0.0082118
0.0016686
-0.0023296
-0.0068171
0.0036923
-0.0018298
-0.0062064
-0.0018582
0.0051205
0.0061585
0.0096771
-0.0025086
-0.0048685
-0.0046025
-0.0074958
0.0057065
0.0040821
-2.14e-5
0.0043908
0.0068296
-0.0098791
0.005551
-0.0056684
0.0012341
0.0059609
-0.0088563
0.0042303
-0.0024252
-0.0059421
0.002086
0.0044567
-0.0030282
0.0084817
-0.0073333
-0.005464
0.0006131
0.0075184
0.000381
-0.0071559
-0.0015343
-0.0043005
-0.0081035
0.0029476
-0.0071006
-0.0032154
-0.0056718
-0.0056461
-0.0075164
0.0069561
0.0054152
0.0056428
0.0029713
-0.0012175
-0.0018061
-0.0028705
-0.0087606
-0.0092403
0.0058662
0.0030213
-0.0021115
-0.0067514
-0.000493
-0.0079866
0.0055876
0.0034404
0.0055879
0.003309
0.0093976
-0.0003478
0.0069044
0.0043934
1.45e-5
-0.003076
0.0083137
0.0039681
0.0041573
0.0094211
0.0046067
0.0049414
-0.0062068
