-0.0001714
-0.0033592
-0.008065
-0.0057361
-0.0031676
-0.0021291
0.0057285
-0.00696
0.0044128
-0.0053986
-0.0009752
-0.0062166
-0.0036223
0.0071812
0.0069221
0.0063838
-0.0016386
0.005425
-0.0053026
-0.0083907
0.0036237
0.0032696
-0.0006994
-0.005695
0.003161
-0.0082335
-0.0054052
-0.0013104
0.0029622
-0.0063569
-0.0006902
-0.0056345
-0.0010271
0.0059821
0.0097582
0.0057505
0.0099497
-0.0097879
-0.0055845
-0.0005552
-0.0088775
0.0056353
-0.0047068
0.006744
0.0042538
0.0087141
-0.0075523
-0.0003008
-0.0054547
0.0098269
-0.0092354
-0.0092924
0.0022451
0.0061876
0.0054056
-0.0025526
-0.0058626
-0.0048569
-0.0014852
-0.0029332
0.0078106
-0.0081142
-0.0095017
0.0006549
-0.0056355
-0.0099896
0.0019786
-0.0048328
0.008302
0.0046992
-0.0063476
0.0095438
-0.0060039
0.0047637
0.0039958
0.00604
-0.0007979
0.0084362
0.0035178
0.001595
0.0089973
0.0022488
-0.0035999
-0.0087749
-0.0081906
-0.0010879
0.0046391
0.0078094
-0.0001537
0.0015579
-0.0063296
0.0040741
-0.0085793
-0.0082522
-0.0003417
-0.0065346
0.0057884
0.0088703
0.0080788
0.0018353
-0.0076465
-0.0005859
0.0056735
0.0040466
-0.0062844
-0.0032956
-0.0027365
-0.0040814
-0.0037964
0.0086317
0.0087946
-0.0032391
-0.008822
-0.0023632
-0.0015908
-0.0050516
-0.0070046
-0.0054492
-0.0037287
0.0033655
-0.0010506
0.0098918
0.0049747
-0.0094965
0.0090103
-0.0034948
0.0056012
-0.0040496
0.0078069
0.0059754
-0.007327
0.0004884
0.0031676
-0.0074077
0.0035428
-0.005818
-0.0009887
-0.005717
-0.00525
-0.0009481
-0.0070744
-0.0022607
0.0097878
0.0030637
-0.000946
-0.0031525
-0.002164
-0.0031606
0.0077921
-0.0015918
-0.0072462
-0.0061898
0.0087081
-0.000388
0.0095012
-0.0029963
-0.0008628
0.0054764
-0.0012407
-0.0074745
0.008435
0.0003521
0.0031069
0.0082995
0.0082966
0.0071013
0.0094446
0.0054583
0.0038307
0.0021116
0.0076623
0.0091218
0.0092158
-0.0056882
-0.0057909
0.0076114
0.0083888
0.0027359
-0.007634
0.0034039
0.0044485
-0.0090114
0.0045614
-0.0061253
0.0097549
0.0008266
-0.0084023
-0.0027426
-0.0098733
0.0024257
-0.0092766
-0.007129
-0.0011285
0.0070278
-0.0031497
-0.0044875
0.0002377
-0.0037506
0.0023537
-0.0045318
-0.0052741
-0.0014483
-0.0078767
-0.0098199
0.0083044
0.0041747
-0.005086
0.0092283
0.0051056
-0.0029464
0.0078035
-0.0012217
0.004503
-0.0051565
-0.0081746
-0.0021407
0.0067226
0.003817
0.0037612
0.0099253
0.0043472
0.0097365
0.001712
-0.0049165
-0.0029552
0.0067692
0.0010615
-0.0091886
-0.0027793
-0.0038296
-0.0074774
-0.0064212
0.003491
0.0006456
0.0087427
-0.0068007
0.0085317
0.0005473
-0.0062029
-0.0054538
-0.0022165
-0.0086548
-0.0015308
0.0034681
-0.0048078
0.0063047
0.005266
-0.0026564
-0.0025904
0.0003143
0.0002033
-0.0072198
0.0055016
0.0006185
0.001534
0.0010201
0.0059772
0.0048022
-0.0056091
0.0090799
-0.0037482
0.007722
-0.0071124
-0.0048522
0.0099152
-0.0041391
0.0052828
0.00516
0.0098316
0.0012292
-0.0065394
-0.0024237
-0.0007794
0.0083087
-0.0083136
-0.002805
0.0055503
-0.0007643
0.0079682
0.0071477
0.0056001
-0.0088567
0.000187
0.0013726
0.0046223
0.0022354
0.0048133
-0.0005285
-0.001877
0.0050481
0.0007084
0.0086957
-0.0025769
0.0084692
0.0044602
-0.0016739
0.0042514
-0.0076572
0.0065247
0.0065974
0.0031672
0.0018342
0.004283
0.0011293
0.0065057
0.0019045
-0.0093596
-0.0032158
0.0039408
-0.001755
-0.0038416
0.009098
0.0090983
0.0034591
-0.0042981
-0.0046074
-0.0040489
0.0042221
-0.0036426
0.0002071
-0.0010392
-0.0046853
0.0020097
-0.0074715
-0.0010909
-0.0034873
0.0011259
-0.0003497
-0.0022448
0.0044004
0.0070948
-0.0034584
0.0041545
-0.0073251
-0.0081952
0.0017436
-0.0023476
-0.0008624
0.002324
0.0012521
-0.0053601
-0.0093951
0.0095545
0.0040668
0.0057712
-0.0090574
0.0096787
0.0081065
-0.000285
0.0045109
2.18e-5
-0.0021139
-0.0079878
-0.0002387
-0.004616
0.0029419
0.009565
-0.0073034
-0.0033591
-0.0095145
-0.0021853
-2.21e-5
-0.0019487
0.0044317
0.0010663
0.0017349
-0.0012617
0.0039763
-0.0075601
0.0077924
-0.0018009
0.0005609
0.0046286
-0.0003875
-0.0056455
0.0094762
0.0077216
0.0002757
-0.0053211
0.0044073
-0.0045922
-0.0005359
-0.000909
0.0073765
0.009903
-0.0093468
-0.0031073
0.0033672
0.0091481
0.0058987
-0.0022353
0.0003008
-0.0055917
-0.002408
-0.0013972
0.0041974
0.0083488
-0.0035705
-0.005051
-0.0083016
0.0005271
0.0092104
0.0041459
-0.0065623
-0.0032454
0.00676
0.0051657
-0.0002536
-6.08e-5
0.0018837
0.0046853
-0.000513
-0.0010941
-0.0072296
0.0065623
-0.0066109
-0.0059777
0.0047153
-0.0031112
0.0066715
-0.0017096
-0.009235
0.0037466
-0.0055561
-0.0022115
-0.0067676
-0.0036556
0.0082263
0.0088414
-0.0058766
0.0035124
-0.00385
0.009973
0.0073721
0.0019629
-0.0051479
0.0083499
-0.0075394
0.0004104
-0.0018989
-0.0023138
-0.0059948
-0.0053446
0.0079464
0.0021368
-0.0014201
0.0058395
-0.0014535
0.0076745
-0.0052058
0.0077776
0.0068051
0.0097237
0.0091834
0.000754
-0.0092618
-0.0010091
-0.0007773
-9.7e-6
0.0015746
-0.0016087
0.0091542
-0.0037436
0.0079738
-0.006158
-0.0049045
0.0085255
-0.0029641
-0.0006714
-0.0077214
0.0016128
0.0068181
-0.004814
-0.0003311
0.0025558
0.0003886
5.66e-5
-0.0004935
-0.0038606
-0.0051862
-0.0083123
-0.0028883
0.0003142
0.0004474
-0.0011235
0.0024687
-0.0098099
-0.0098632
0.0006592
-0.0079466
0.0076213
-0.000758
0.006271
-0.0083426
-0.000132
