-0.0007623
0.0089385
0.0053092
-0.0043087
0.0047703
-0.0081626
0.0087453
0.0075539
0.0043773
-0.0098342
0.0078493
-0.0099757
0.00029
0.0065725
0.0071826
0.0015465
-0.0091463
-0.0093713
-0.0028475
0.0089982
-0.0099244
0.0054985
0.0044816
-0.0018923
0.0024101
-0.0064615
-0.0032937
-0.0024119
0.0042113
0.0067238
-0.0069731
-0.0035232
-0.0039934
-0.0077699
-0.0019519
-0.0065145
0.0036038
0.0088255
0.0003863
-0.0004573
0.0087642
0.0074855
0.003876
-0.0026009
0.0034634
-0.0026719
-0.0005991
-0.0018168
-0.0075373
0.0078004
0.0068258
-0.0020313
0.0028808
-0.006728
-0.0055829
-0.0047964
0.0034062
0.0009943
0.0084604
0.0091446
-0.0068527
0.0055638
-0.009952
-0.0067636
0.0053988
-0.000586
-0.0084049
-0.0066349
-0.0042725
0.0084906
-0.0073525
-0.0066665
-0.0009311
-0.0093397
-0.0052545
0.0052677
0.0033284
-0.0099331
-0.0056913
-0.0021145
-0.0093282
-0.005932
-0.0060643
0.0086802
0.0039434
0.0034731
-0.0082378
-0.0008411
-0.009842
0.0062215
-0.0090069
-0.0051243
-0.0027568
0.0078276
-0.0042863
-0.0079394
0.0063264
0.0043426
-0.0082891
-0.0065899
-0.0087766
-0.0031117
0.0057127
-0.005131
-0.0054853
-0.0062819
-0.0042488
0.0066223
-0.001961
-0.004975
-0.0091594
0.0086877
0.0080639
-0.0002971
0.0073477
-0.0070851
0.0055218
0.0077181
-0.0046498
-0.008434
-0.0022346
0.0087849
0.0090979
-0.0068511
-0.0054556
0.0027748
-0.0038221
0.0080111
-0.0045382
-0.0069559
-0.0038122
0.0054107
0.0028997
-0.0007908
0.0086184
-0.0062011
0.0063878
0.0052791
-0.0065586
-0.0043608
0.0086712
-0.0077869
-0.0046264
-0.0014169
-0.0070015
-0.0022505
0.0096159
-0.0054514
0.0036202
0.0022132
-0.0042701
0.0009042
0.0059097
-0.0015951
-0.0064455
0.0099685
-0.0003436
-0.0077004
0.0054672
0.0009225
0.0082195
0.0076456
0.007227
0.0046212
0.0034577
-0.0020753
-0.0062657
-0.0084226
0.0019142
-0.002606
0.0035776
0.0068771
-0.0078733
0.0093386
0.0001094
0.0086953
0.0041737
-0.0058502
0.0037008
-0.0081817
0.0004221
0.0018091
0.0058948
-0.0034196
-0.0021957
0.0026702
-0.0027002
0.0043776
0.004192
0.009536
-0.0057645
-0.0021569
-0.0052988
-0.009528
-0.0013695
0.0031105
-0.0076079
0.0012571
-0.0055754
0.006214
0.0094449
-0.0080496
0.002717
0.0081542
0.0049679
0.0042801
-0.0060433
-0.0019842
0.0059592
-0.0052682
0.0070613
0.0093456
-0.0043349
-0.0003148
-0.0025207
0.0028266
0.0028317
-0.004659
-0.0096249
-0.0020328
-0.0079757
-0.0055153
-0.0079023
0.0082305
0.0009448
-0.0020938
-0.0037537
0.0024739
-0.0093529
0.0057571
0.0009342
3.9e-5
-0.0028035
-0.0083801
-0.0021568
-0.0063533
-0.0035212
0.0056223
-0.0075963
-0.0043033
-0.0061536
-0.0039147
0.0014581
-0.0019574
0.0014372
-0.0049287
0.0006994
-0.0052621
0.0074845
0.0017263
0.0040616
0.0095914
-0.0088117
0.0016117
-0.0069505
-0.0024714
-0.0093736
-0.0038012
-0.0016271
-0.001217
-0.0084871
0.0012888
-0.0010663
-0.0015944
0.0056802
-0.0007838
0.0053523
0.009203
8.64e-5
-0.0031854
0.0092136
-0.0007103
0.0009014
0.005834
0.0036111
-0.009668
0.0018374
0.0036735
-0.0092855
-0.0057
0.0025575
0.0027256
-0.0037928
0.0023569
-0.0074137
-0.0055011
0.0042949
-0.0074655
0.0081073
0.0071439
0.0057176
-0.0059337
0.0035047
0.004795
0.0072183
0.0052552
-0.0091039
-0.0083661
0.0095438
0.0038565
-0.0010192
-0.0009885
-0.0061923
0.004478
-0.0025483
0.0001344
0.0069868
-0.009669
-0.0053076
0.0032336
-0.0038786
0.009042
0.0069237
-0.0041434
0.0041072
0.0071047
-0.0067421
-0.0023246
-0.0075283
-0.0084573
0.0053368
0.0006555
0.0096788
0.003268
0.0019672
0.0041666
0.0071345
-0.0019866
-0.0083829
0.0082414
-0.0059883
0.0063537
-0.007872
0.0082555
-0.0017992
-0.0081809
-0.0074675
-0.0097329
-0.0016405
-0.00344
-0.0048046
-0.0020688
-0.0036013
0.0008806
0.000735
0.007726
-0.0082169
-0.0023954
0.0081449
-0.0044804
0.0097146
0.0074928
0.0028549
0.0096832
-0.0010702
0.007036
-0.0024994
0.0043728
-0.0003763
0.0026992
-0.0069797
0.008151
0.004567
0.0083073
0.0012499
-0.0035783
0.0049081
-0.0030836
-0.0009629
-0.0075418
0.0061492
0.0042214
-0.0061758
-0.0086582
0.0013325
0.0045358
0.0026332
0.0069549
0.0091444
-0.0082972
-0.0061137
0.005757
-0.0026485
-0.0095066
-0.0042204
-0.0010986
0.006273
0.0002826
-0.0027669
0.0021307
0.0027687
-0.0046248
-0.002091
0.0004994
0.0024911
0.0096863
-0.0096899
-0.0078889
-0.0002393
-0.0054365
0.0068849
0.0027813
0.0029745
-0.0006618
-0.0019617
0.0020587
0.0048912
0.009099
-0.0097651
-0.0096216
-0.0038018
0.0093113
0.0017202
-5.44e-5
0.0071761
0.0024042
-0.0084927
0.0084473
0.0011641
-0.0088528
0.0071372
0.0066047
-0.0014292
0.0002624
-0.0054706
0.0056243
0.0003662
0.0025417
-0.0085667
0.0033493
0.0026407
-0.0083297
0.0045773
-0.0037487
-0.0039201
0.0087528
0.0008007
0.0073725
-0.0019555
-0.0038554
0.0015575
-0.0004705
0.006455
0.0019647
0.0039968
-0.0075838
-0.0083079
-0.0090423
0.0052748
0.0077772
0.0039425
-0.0042674
-0.0012749
0.0084047
-0.0077441
0.0033435
0.0061324
-0.009614
0.0063616
0.0021795
0.0081128
0.0065122
-0.0054497
0.0078359
-0.0093533
0.0099525
-0.0017358
0.0057843
0.0025368
-0.0067376
-0.002263
-0.0050306
-0.0025457
-0.0031702
-0.0013674
0.0008042
-0.0090337
0.004764
-0.002706
-0.0072505
-0.0073224
-0.0035446
-0.0070678
-0.0018616
0.0065388
0.0036359
-0.0059845
0.0048168
-0.0052147
-0.0022427
0.0035173
-0.0050279
-0.0060579
0.0032945
0.0058833
