0.0003392
0.0054687
-0.0055304
-0.0042104
-0.0098905
0.0022607
-0.0092085
0.0075802
0.0021386
0.0011785
-0.0072952
0.0033566
-0.0060717
0.0061782
-0.0044466
0.0022915
0.0080159
0.0043364
0.009958
-0.0059057
-0.0033029
0.0046278
0.0041102
0.0016094
0.0098829
0.0038031
-0.0083446
0.0047407
-0.0019756
-0.0086322
-0.0052134
-0.0028955
-0.0049452
-0.0019626
0.0056493
-0.0016498
0.002987
0.0006459
-0.0041893
-0.0023312
0.0044448
-0.0012805
-0.0068013
0.0028892
-0.0041466
0.0053837
0.0034817
-0.0088307
0.0030433
0.0069323
0.0096318
-0.0052574
-0.0039422
0.0096171
-0.0053294
0.0038956
0.0004596
-0.0007945
-0.0061004
-0.0021164
-0.0077183
0.0078572
-0.0019821
0.0028048
0.0085329
0.0098017
-0.0050276
-0.0090167
-0.001494
0.0032627
-0.0097864
0.0039412
-0.0068145
0.008098
-0.0096584
0.0020792
0.006121
-0.006976
-0.0063618
0.0077704
-0.0008628
-0.0086374
0.0044107
-0.0091976
-0.0005935
0.0004898
0.003783
-0.0043835
-0.0023253
0.0094739
0.0059407
-0.0035363
-0.0061069
-0.0079695
0.0099162
0.0092491
-0.0078662
-0.0032691
0.0055183
0.0055037
-0.0036847
0.0099014
-0.0032569
-0.0095959
-0.0083741
0.0047035
0.0052457
-0.0088977
-0.0022503
0.0079759
-0.0001101
0.0091234
0.0072648
-0.0096121
0.0011544
0.0091063
0.0080433
0.0043191
-0.0081121
0.0029796
2.41e-5
0.0086625
0.0035595
-0.0010017
-0.0091925
0.0013605
0.0019221
-0.0010168
0.0056311
-0.0075499
0.000386
-0.0056443
-0.0033827
0.0051249
0.0021286
0.0070835
0.008057
0.0088506
0.009242
0.0041429
0.0040373
0.0039536
-0.0067175
0.0063939
0.0038708
-0.0025462
0.0051438
0.0055913
-0.0017231
0.0059276
-0.0019361
0.0052217
0.0060045
-0.0044243
-0.0086454
-0.0043971
0.0018495
0.0087882
-0.0056193
-0.0033643
-0.0085895
-0.005654
-0.0004584
0.0035106
0.0042067
0.0034267
0.0029799
0.0062791
0.0031121
0.0004228
0.0025743
-0.0025402
0.0057855
-0.0021698
-0.0024535
-0.0005185
-0.0086453
0.0057323
-0.0015567
-0.008381
0.0098236
-0.0003442
0.0078682
-0.0058489
0.0016102
-0.0098705
0.0020919
0.0052539
-0.0011236
-0.0038571
0.0019156
-0.0072558
0.0051217
-0.0060657
0.0010513
-0.0014618
-0.0068228
-0.0057474
0.0075756
-0.0060634
0.0017048
0.0077763
0.0010113
-0.0028471
-0.0035955
-0.000758
0.0098383
-0.002242
-0.0077559
0.0025481
-0.0046553
-0.0070386
-0.0098183
-0.0052088
-0.0099943
-0.0034505
0.0093026
0.0063213
0.0041632
-0.0038911
0.0066979
0.0029571
0.0077505
-0.0093624
-0.0068659
0.0027227
-0.0027233
-0.0075668
0.002224
-0.0037741
-0.0032034
-0.0074106
-0.0002158
-0.0075893
0.0005382
-0.0051124
0.0099377
-0.0084151
0.0094179
0.0080665
-0.0026344
-0.0025012
0.0066454
-0.0006841
-0.0035749
-0.0070001
-0.0051972
-0.008534
-0.0018283
0.0087529
-0.0074801
-0.004504
0.0082
0.0052484
0.0016856
-0.0097542
0.0099642
0.0056138
-0.0025819
0.0058325
0.0095192
-0.004273
-0.0004284
0.0094944
-0.0001462
0.0049727
0.0015869
-0.0061123
-0.0048882
0.0035488
-0.0066896
0.0054195
-0.0045692
0.00245
0.0002609
-0.0005355
-0.0090653
0.0083711
0.0031182
-0.0014918
0.0016716
0.0028527
0.0026256
-0.0040182
-0.0070501
0.0016582
-0.0020764
-0.0041417
-0.0011166
0.000386
-0.0004842
0.0002283
-0.0026689
-0.0018796
-0.0058664
-0.0037218
0.0003145
0.0002631
0.0021113
0.009064
0.0010708
0.0002426
0.0011424
-0.0061645
-0.0013396
0.0010591
-0.0004586
-0.0053003
0.0023416
0.0059769
0.0004019
-0.0005508
0.0030816
-0.0054768
0.0097222
-0.0098757
0.0050746
0.0028264
-0.0016277
0.0083851
-0.0031422
0.0095623
-0.0087321
0.0043087
-0.0015087
0.0068507
0.0075779
0.0074037
0.009287
-0.004697
0.008618
0.0068668
-0.0044621
-0.00092
0.0018507
-0.0090747
0.0063719
-0.0038738
0.005355
0.0099251
-0.0080511
-0.0009074
0.0067818
0.0023547
0.0050429
0.0002436
0.00536
0.0010998
0.0099323
0.0027102
-0.009678
0.0029623
7.64e-5
0.0031097
-3.0e-7
0.0057947
-0.002915
-0.008929
0.0021297
0.0068764
0.007334
0.0045367
0.0095741
0.0058775
0.0050878
0.0061961
0.0035393
0.0010275
0.0061381
-0.0075954
0.0050831
-0.0009852
-0.0093426
-0.0073669
0.001396
0.002984
0.0006966
-0.0025696
-0.0065027
-0.0087157
-0.005782
0.0074048
-0.0042433
-0.0073627
-0.0022296
0.0086816
-0.0064886
-0.0095077
-0.0007717
-0.0011985
0.0083436
-0.0015355
0.0035891
0.0069717
-0.0096935
-0.0064062
0.0049971
0.0010683
-0.0097487
8.6e-6
0.0061028
0.0073353
0.0032355
0.0010827
-0.0002347
0.0035537
-0.0062978
-0.0093114
0.0073634
-0.0063392
-0.0019214
-0.0057171
0.0015126
0.0084429
0.0071922
-0.0099113
0.0094482
0.0082493
0.0006821
-0.0097275
0.0028657
0.0038053
0.0026588
-0.0056102
0.006978
-0.0080976
-0.003645
0.0021048
0.0069903
-0.0075086
-0.0026863
0.0088601
0.0059368
-7.72e-5
0.0052866
-0.0066197
-0.0026357
-0.0063526
-0.001025
-0.0076309
-0.0002113
-0.0092641
-0.0069961
0.0020151
-0.0082917
-0.0053291
-0.0052388
0.0002052
-0.0028645
-0.0086833
0.0039904
0.0090392
0.0035937
0.0011017
-0.0047971
-0.0013395
-0.0021524
-0.0008805
0.0080395
0.0089695
0.0014746
-0.0092112
0.0070763
0.0013686
-0.0012223
-0.0022223
-0.0077506
-0.0054649
-0.007023
0.0021892
-0.0058365
0.0060582
0.0042378
0.0014068
0.0004404
-0.0037266
-0.0025428
-0.0068605
-0.0028786
0.0017056
0.0055542
-0.0056218
-0.0032139
0.0068426
0.0047476
-0.0055501
-0.0018118
-0.0058215
0.0029026
-0.0024714
0.0028446
-0.008889
0.0051666
-0.0009091
0.0084226
