-0.0096081
5.26e-5
0.0092722
0.0037997
-0.0075341
0.0091327
-0.0028365
-0.0063083
-0.0043044
-0.0093596
-0.0031552
0.0074732
0.0016541
-0.0096124
-0.0049347
-0.0011598
-0.0073336
0.0075048
-0.0091241
0.0083086
0.0062486
-0.0025478
0.0036594
0.0052835
-0.0010614
-0.0090103
0.0049325
0.0072444
0.009645
0.003793
0.0058709
0.0025756
0.0053726
0.0032683
-0.0044629
-0.0005396
0.0049324
0.0060554
-0.0072926
0.0032785
-0.0034772
0.0086616
-0.0048292
0.006278
-0.0067583
-0.0099884
0.0063701
0.0078173
-0.0006707
0.0045845
0.0060518
-0.0055918
-0.0001782
0.0036514
0.0080388
-0.0014597
0.0051791
0.0074869
0.0034352
0.0078845
-0.0003937
-0.0038777
0.0099172
-0.0081816
0.0060128
-0.0072439
0.0080259
-0.0054831
-0.0076989
-0.0040689
-0.006083
0.0033797
0.0086293
-0.0020889
0.0088607
5.3e-5
-0.0087775
-0.0047407
-0.0075859
0.0077288
-0.0029412
0.0088129
0.0073471
-0.0061565
0.0055261
-0.0089144
0.0034691
0.0038701
0.0031263
-0.0085902
0.0002127
-0.000658
0.0018712
0.0031055
0.0093431
0.0005836
-0.0093837
-0.0005961
-0.0014296
0.0046895
0.0027651
-0.0045492
0.0075516
0.008365
0.0035911
0.0099571
-0.0076599
0.0043567
0.0087539
0.0063259
-0.0070453
-0.007782
-0.0004004
0.0095406
0.0092224
-0.0007015
0.0013303
-0.0048165
0.0093736
0.0036092
-0.009823
0.0016668
0.0052397
0.001498
0.0082213
-0.0017741
0.0030131
-0.0060114
-0.009129
0.007521
-0.0088763
-0.0001171
-0.0093663
-0.0031992
0.0007864
0.002894
0.0044426
0.0046385
-0.00125
-0.0017138
0.0093219
0.0003393
0.0028646
0.0081274
0.0087405
-0.0092414
-0.0090223
0.0067904
-0.002018
-0.0076324
0.0028226
-0.0007715
-0.0028292
-0.0061574
-0.0005982
-0.0003562
-0.0064108
-0.0079279
0.0085739
-0.0079249
0.0016916
-0.0061565
-0.0031899
-0.0097873
0.0065362
-0.0091448
-0.0001195
-0.003045
-0.0054383
-0.0003411
-0.0063899
0.00063
0.0068657
0.0051174
0.0069346
-0.0022232
0.0072087
0.0084775
0.00982
-0.0072091
0.0034749
0.0062488
-0.0086105
-0.0038801
-0.0077022
-0.0011158
0.0050551
-0.0061785
0.0071165
-0.0074006
-0.0031642
-0.004248
0.0069372
-0.0089569
0.0025509
-0.0060893
0.0012398
-0.0047155
-0.0070051
-0.0028163
-0.0044977
0.0049079
-0.0046384
-0.0042981
0.0070777
-0.0003144
-0.0049435
0.0021137
0.001888
-0.0024326
0.0093493
-0.0095529
0.0047153
0.0058595
0.0046671
0.0053384
-0.0089462
-0.0080386
0.0035822
-0.0024364
-0.0014185
0.0084713
-0.0038561
-2.84e-5
0.0070331
0.0072031
-0.0094412
0.0001704
-0.0093956
0.0066169
-0.009268
0.0009414
0.0004193
-0.0047771
0.0033209
-0.0026541
0.0041783
-0.0077347
-0.0037549
-0.0083593
0.0033206
-0.0005593
0.0035372
-0.0077733
-0.0014764
-0.001156
-0.0092266
0.0034332
0.0013821
-0.0098129
0.0063229
-0.0050024
-0.0056665
0.0010264
0.0049053
0.0044938
-0.0059262
0.0012466
-0.0063327
0.0060499
-0.0066703
0.0001405
0.0022184
-0.0028453
-0.0080607
-0.0043837
0.0051349
0.0018164
-0.0021618
-0.0079865
-0.000141
-0.008099
0.0084
0.0012895
-0.0006848
-0.0054789
-0.0080792
0.0086548
0.0006305
0.0096672
0.0018265
0.0036791
-0.0030718
-0.000141
-0.0080931
-0.0037631
-0.0014094
-0.007437
-0.0085027
0.0075495
-0.0097758
0.000797
0.0058838
-0.0033056
0.0067802
-0.00786
0.0005316
-0.0020321
0.0066205
-0.0012388
-0.0043891
0.0062695
-0.0094483
0.0039425
0.0030859
-0.005014
0.0010665
0.0088495
-0.0044985
-0.000785
0.0098915
-0.0027635
0.0067166
-0.0071938
-0.0045111
0.0020108
-0.0044876
0.0041652
-0.0007287
-0.0045054
0.0095486
0.0085173
-0.0035697
0.0042198
0.0062224
0.0077833
0.0079039
0.0095614
-0.0006266
0.0045957
0.0073192
0.0037215
0.0058941
-0.0089368
0.0032756
0.000201
0.006787
0.0023904
0.0035627
-0.0035477
0.0079306
-0.0063332
-0.0049471
-0.0078664
0.0016815
-0.004699
0.0012278
0.0099558
-0.0006191
0.0020089
-0.000739
0.0078461
-0.0092846
-0.0039844
-0.0047875
0.0019974
-0.0091356
-0.0033226
-0.0057381
0.0080116
0.0013449
-0.0028029
-0.0075477
-0.0003398
0.0086179
0.0026196
2.05e-5
-0.0084606
-0.000185
-0.0080052
-0.007439
0.0068624
0.0059353
-0.0079618
0.0091369
-0.0078217
-0.0075121
-0.0062061
0.0052446
-0.0007667
-0.0020586
-0.0071947
-0.0094365
-0.0029825
0.0057774
0.0004087
-0.0093354
0.0002864
0.0035389
0.0028997
-0.0044836
0.0006427
0.0007213
0.0001548
0.0086426
-0.0055161
-0.0045847
0.0044317
0.0060947
-8.65e-5
-0.00504
-0.0045906
-0.0060023
-0.0023202
0.0031768
0.0065432
-0.002801
0.0084646
-0.0044434
-0.0027237
0.0037475
-0.0080538
0.0061704
0.0074778
-0.0027028
-0.0056337
0.0094828
0.004616
0.0030624
-0.0006306
0.0062785
0.0026018
0.0091368
-0.0077736
-0.0042582
0.0049545
-0.0056457
-0.0092021
0.0031978
0.0003407
0.0001046
-0.0030779
0.0012965
-0.0023777
0.0012422
-0.0018158
-0.0056953
0.0019204
-0.0022226
-0.0069822
0.003274
0.0060967
-0.0002169
-0.0060485
0.0086065
-0.0039983
-0.0083253
-0.0072957
0.0042209
0.0004773
0.005894
0.0079995
-0.0034146
0.0051798
0.0024931
-0.0031859
0.0058961
-0.0095902
-0.0013086
-0.0037779
0.0056177
0.0030394
0.0022474
-0.0037551
0.0021849
-0.0083453
-0.0087777
-0.0058194
-0.0073558
0.0075263
-0.0076817
0.0063984
0.0057144
-0.0006007
0.0072851
0.0090993
0.0034088
0.0053575
0.0056551
0.0053371
-0.0094181
-0.0050321
-0.0001541
0.0064466
-0.0002208
0.0072086
-0.0019734
-0.0052597
0.0070558
-0.0024421
0.0010528
-0.00245
-0.0006924
-0.0098264
0.0031871
