-0.0046794
-0.0026232
0.0024774
-0.0017152
0.0008461
-0.0002965
-0.0093624
0.0059862
-0.00595
-0.001266
0.0016792
-0.0024614
0.0015105
0.008887
-0.0082012
0.0098819
-0.0089446
0.0087675
-0.0080241
-0.0006639
0.0018176
-0.0017242
-0.0060669
0.0001128
0.0069482
-0.0036011
0.0018899
0.0052819
-0.0071552
0.0075406
-0.0090359
-0.0038266
-0.0053974
0.005264
-0.0071167
0.0092395
0.0030154
0.0011715
0.0089126
-0.0086419
0.0094462
-0.0010014
-0.007432
0.0036351
-0.0048859
-0.0070685
0.0001768
0.0018127
0.0043734
0.0066265
-0.0036007
0.0065391
-0.0095525
-0.00261
-0.0083637
0.0024168
0.0043661
-0.0018178
0.0086169
-0.0019435
0.0084721
0.0099408
0.0020092
-0.0073401
0.0010448
0.0070792
0.0012428
0.001535
0.0025311
0.0023083
0.0064016
0.0064117
-0.0096166
0.0041236
-0.003819
-0.0058513
0.0063618
0.0095671
-0.0084248
0.003578
0.0001458
0.0056373
-0.0094624
0.0044174
0.0041367
0.0002464
-0.0034339
0.005425
-0.0062938
-0.009484
-0.0070303
0.0066937
0.0048308
-0.0001584
0.001471
0.0019019
0.0057093
0.0026704
0.0082757
-0.0057935
-0.0046415
0.0011265
-0.0035742
-0.0063064
-0.0009714
0.0038042
0.0081209
0.0043027
-0.0034416
-0.0005598
-0.0040255
-0.0089206
-1.37e-5
0.0015022
-0.0073688
0.0077625
-0.0014099
-0.009476
-0.0052787
-0.0074573
0.003386
0.000692
-0.0071866
0.0070634
-0.0004872
-0.0009295
0.0031845
-0.0075353
0.0039944
0.0045525
-0.001218
-0.0094939
-0.0039009
-0.0067989
0.0044742
-0.0023407
-0.0038412
0.0066636
-0.0093585
0.002819
-0.0059554
0.0002561
0.0092356
0.0057742
-0.00612
0.0089231
-0.0090011
-0.0008944
-0.008452
0.0001761
-0.0096327
0.0045602
0.0004563
0.0045462
-0.0048562
0.0007758
-0.0081621
0.0093432
0.0073036
0.0091514
-0.0018985
-0.0021807
0.0086456
-0.0051121
-0.0082743
-0.005078
-0.0043638
3.0e-5
-0.0067483
0.0035444
-0.0036633
0.00901
-0.0092044
0.0058938
-0.0021971
-0.00132
0.0041709
0.002785
-0.0018747
-0.0001149
0.0071296
-0.0043043
0.0057149
-0.0072174
0.002131
0.0012436
0.0058625
0.0087096
0.0085562
-0.0080562
-0.007428
0.0023724
0.0061389
0.0026926
-0.0036663
-0.004521
-0.0011163
-0.0047611
0.0016855
0.0030698
0.0066587
-0.0064399
-0.0011309
-0.0077918
0.0079493
0.0085779
-0.0098992
-0.0062745
0.0031516
0.0004727
0.0077238
-0.000482
-0.0009857
0.0035241
0.0059638
0.0010804
-0.0009542
-0.0067169
-0.0022856
-0.0055114
-0.0013689
0.0096993
0.0048003
0.0055716
0.0026781
-0.0046887
-0.002228
0.0062301
0.0011322
-0.0080046
0.008177
0.009241
0.0057611
-0.0004243
0.0058407
-0.0011496
-0.0077662
0.0054873
-0.0015953
-0.0073858
-0.0067062
-0.0012783
0.0009616
0.007754
-0.0070031
0.0065006
-0.0063413
0.0025492
0.0025676
0.0035426
-0.0065683
-0.0033169
0.0057239
-0.0055482
0.0006096
-0.0007231
0.0089178
0.0042611
0.0099278
0.008317
-0.0001845
-0.0081485
-0.0017224
0.00382
0.0070244
-0.0077153
0.0066994
-0.0084353
0.0084377
-0.0022193
0.0020541
-0.0070473
-0.0029692
0.0075519
0.0063559
0.0034013
0.0013657
-0.0072874
0.0079121
0.0048355
-0.0060444
-0.0023186
0.0072448
0.0064511
0.0025195
0.0088422
0.0071305
0.0021526
-0.0047903
0.004606
0.0058851
-0.004669
1.64e-5
-0.0010639
-0.0080765
-0.0072497
-0.0041003
0.0076471
-0.0003924
0.0002586
0.0004179
0.0062602
0.0023843
-0.0023023
0.0040733
0.0048202
0.0063724
-0.0026104
-0.0047508
-0.0041151
-0.0048008
0.0076933
-0.0069777
-0.0055622
-5.01e-5
0.0012408
0.0027232
0.0040914
-0.0025947
-0.0034194
-0.00843
0.0098822
-0.0069055
0.0003934
0.0089239
0.0096888
-0.001476
-0.0011878
0.0019027
0.0043778
0.0072353
0.0038558
-0.0001966
-0.0062903
-0.0036077
0.002704
-0.0041922
0.0073178
-0.0019413
-0.0039999
-0.0095606
0.0080913
-0.0072309
-0.007826
0.0005896
-0.0037623
0.0059846
0.0045316
-0.0055589
-0.0001603
-0.0082897
0.007801
0.0001931
-0.0011251
0.0075463
0.0099339
0.0019261
-0.0085309
0.0020746
0.0099584
-0.0012906
-0.0084152
0.0098183
-0.0041689
0.0053853
0.0034339
0.0014587
0.0093573
-0.0098789
0.006666
0.0056449
-0.0071744
0.0020169
-0.0010467
-0.0029347
-0.0092748
0.0033298
-0.0039557
0.0022676
0.0021097
-0.0051261
0.005326
0.0022393
0.0048909
-0.0063743
-0.0080855
-0.0014169
0.0031786
0.0091391
0.0065526
-0.0072532
-0.0075945
0.0047385
-0.0023173
0.0029735
0.0012282
0.0063002
-0.0011246
-0.0075157
0.0053905
0.0044174
-0.0063396
0.0060085
0.0064107
-0.0068497
0.0020664
-0.0091198
0.0035949
0.0096665
-0.0054639
0.0027586
-0.0055686
0.0054902
0.0098473
-0.007318
0.0031248
-0.0055777
0.0077354
-0.000945
0.0013795
0.0033667
0.0001038
0.0090951
-0.0021223
0.0052394
0.0058123
-0.0062211
-0.0030016
-0.0029821
-0.003252
-0.0094184
0.0022914
0.0073586
-0.0036763
-0.004044
0.0099919
0.0032544
-0.0017176
-0.0031421
0.0019356
0.0021909
0.0075718
-0.0047015
-0.0062142
-0.0096401
0.0009101
-0.0065039
-0.0006688
-0.0016591
-0.0091483
0.0016255
-0.0088083
-0.0084891
-0.0079864
-0.0003194
0.00829
0.0077029
0.0098369
-0.0079966
0.0061716
0.0049843
-0.0030707
-0.0033965
-0.0028514
0.0038109
-0.0032443
0.0058675
-0.0003643
0.000596
-0.0033362
0.0013368
0.0090246
0.0057174
0.0070995
-0.001838
-0.0088345
0.0082359
-0.0067834
-0.0027369
0.0016537
0.008871
-0.0043919
0.0057116
0.0029636
-0.0081476
-0.0066258
-0.0096859
-0.0086734
0.0087657
0.0049442
0.0068546
0.0002786
-0.0098296
0.0020048
0.0096156
