-0.0070045
0.0010142
0.006636
-0.0014594
-0.0069068
-0.00742
0.0064478
-0.001087
-0.0038952
-0.0021896
-0.0012219
-0.0001741
0.0082471
-0.001423
-0.0008009
0.0043682
-0.0006271
0.0036909
0.0023901
-0.0058138
-0.004471
0.0032769
0.0065539
0.0038276
0.0069215
0.0040827
0.0087029
-0.0033062
-0.0069461
0.0091165
-0.0005763
-0.0079837
-0.0010295
-0.0018565
0.0093847
0.0044789
-0.0056029
-0.0021977
-0.0006046
0.0051229
0.0047904
-0.0091112
0.0096984
0.0040742
0.0003505
-0.0051618
-0.001375
-0.0076044
0.0009009
0.0025726
-0.0057759
-0.0090885
-0.0051154
-0.0089897
-0.0045165
0.0077845
-0.0018895
0.0034851
0.0001217
-0.0013136
-0.0001891
-0.0078433
0.0098672
0.0075922
0.0023061
0.0073847
0.0099142
0.0072678
0.0014006
0.0082821
-0.0090989
-0.0011596
-0.0052542
0.0016576
-0.0077528
-0.0016008
-0.0078248
-0.0039826
0.0035588
-0.0098176
-0.0049676
0.0081311
-0.0015169
0.0085698
-0.0045848
0.0044572
-0.0055828
0.0057421
-0.0097333
0.0039754
0.0039049
-0.0008631
0.001792
-0.0004163
-0.0026552
-0.0027704
-0.0061064
0.0069661
-0.0026371
0.0017324
0.001751
0.0084702
-0.0082669
0.0049675
0.0034694
-0.00138
0.0074625
0.0014522
-0.0092873
0.004686
-0.0070729
-0.0073059
0.005979
0.0039751
0.0059478
-0.0007105
-0.0022387
0.0004889
0.0084885
0.0080805
0.0074207
-0.0077303
-0.0083328
-7.92e-5
0.0018787
-0.0085239
0.0023238
0.0028163
-0.0056912
-0.0054247
0.0017876
-0.0045289
0.0074833
0.0055835
0.0063948
0.0089039
-0.0086512
0.0083773
0.000119
0.0065506
0.0030129
-0.0039694
-0.0065959
0.0070849
-0.0015254
-0.0061265
0.0047217
-0.0027087
-0.0071161
-0.0015043
0.0031326
0.0044793
-0.0024868
-0.0084908
0.0086927
0.0072772
0.0010308
-0.0057558
0.0085476
-0.0011728
-0.002331
-0.0036971
-0.0020472
0.0012576
-0.0069269
-0.0072219
0.0091373
-0.0073578
0.0091399
-0.0036109
-0.0032056
0.0014507
0.0054815
-0.0038344
-0.0060277
0.0029107
0.0092274
0.0002797
0.0026133
0.0011625
-0.004159
-0.0093509
-0.0072645
0.0030576
-0.0019366
0.0092055
-0.0045015
-0.0063697
-0.0080279
-0.000915
-0.008527
-0.0036425
-0.002673
-0.0005949
0.0087375
-0.0048675
0.0022653
0.0046225
0.0046421
0.0033199
-0.0016951
0.0067571
0.0097145
0.0097159
-0.0001926
-0.0077568
0.0017363
0.0022881
0.008528
-0.0017052
0.002647
-0.0030471
-0.002971
0.0015218
-0.0053826
0.0081737
0.0047314
-0.0019753
0.0058612
0.0037518
0.0019517
0.0006422
0.0002613
0.0025951
0.008735
0.0071332
0.007262
0.0014851
0.0079704
0.0016582
-0.0050046
0.006092
-0.0090448
0.0025131
-0.0087708
0.0036285
-0.0030005
0.0045298
-0.0011972
0.0096294
-0.0048664
0.0046057
-0.0028557
-0.0027083
-0.0073417
-0.0028994
-0.0001748
0.0030383
0.0012753
0.0009649
-0.0072639
0.0042362
0.0064024
-0.0026012
0.0022681
0.0008602
-0.0026946
0.0021116
0.0080702
0.0013716
-0.0057762
-0.0017296
-0.0037381
0.008378
0.0002776
0.0093277
-0.0025902
-0.009922
0.0002091
-8.37e-5
0.0044403
0.0095235
0.0086166
0.0049413
0.0094657
0.0076925
-0.000232
-0.0038644
-0.0010445
0.0065253
-0.0077879
0.0086657
-0.0001545
0.0085935
0.0051928
-0.0077235
0.0046725
0.0082043
1.15e-5
-0.0043738
0.0054595
-0.0003293
0.0080406
-0.0028129
0.0040133
0.005521
-0.0032884
-0.0038338
0.0088806
0.0032328
0.0046665
0.0074176
-0.0035116
0.0001787
-0.0068342
-0.0072995
-0.0082431
-0.0009723
0.0061032
0.0058594
0.0029719
0.0051121
0.0081124
-0.0090403
-0.0074515
0.0022256
-0.0029911
0.0021195
0.003396
-0.0035035
-0.0024509
-0.0024365
-0.0037157
0.0021148
-0.0097232
-0.004964
-0.0082437
-0.0031499
-0.0064514
-0.0031492
0.0066917
0.0052814
0.0094415
-0.0059351
0.0099208
-0.002706
-0.0035337
0.0021817
-0.0068813
0.0054788
0.0074098
0.0059543
0.0006982
-0.0054083
-0.0087457
-0.0098369
0.0004963
0.0077367
0.0070408
-0.0036346
0.0030214
-0.0065833
0.0095643
-0.0088007
0.008498
-0.0014983
-0.0004353
-0.0009325
-0.0095777
-0.001048
-0.0047499
-0.0017087
0.0062875
0.0004682
0.0021161
0.0084747
0.0068078
-0.0044049
0.0066866
-0.0051581
0.0088164
0.0091629
-0.0010099
-0.003135
-0.0002838
-0.0044603
0.0073229
0.0052435
0.00473
0.0037826
-0.0039959
0.0087991
-0.0070597
0.0044677
0.0070334
-0.0042215
-0.0054687
-0.0081327
0.0093617
-0.008972
-0.0037825
-0.0022612
-0.0049659
-0.0045729
0.0073274
0.0044981
-0.0092746
0.0084383
-0.0079267
-0.0070565
-0.0076015
0.0067834
-0.0046992
-0.0099981
-0.0018739
-0.0035789
0.0056782
0.0051618
0.008228
0.000868
-0.0028938
-0.0012137
-0.0074653
-0.0063128
-0.0048466
0.0039541
0.0023052
0.0062852
-0.0059956
-0.0020645
7.24e-5
0.0031341
-0.002824
-0.0059839
0.0058462
-0.0023448
0.002038
0.0099161
0.0014755
0.0034524
0.0089966
0.0035177
-0.0023801
-4.18e-5
0.0055396
6.1e-5
-0.0032442
-0.0065199
-0.0008168
-0.0058736
-0.0044127
0.0003915
0.0027758
-0.0099952
0.0055888
0.0078593
-0.0086523
-0.0027844
0.0020203
0.0004036
-0.0016441
-0.0025374
-0.005579
-0.006887
0.0002399
0.0018119
0.009884
0.0009534
-0.0085052
-0.001076
0.0090184
0.0003783
0.0079908
0.0070913
-0.0026438
-0.0098383
0.0020821
-0.0022294
-0.0026382
-0.0045686
0.0090327
-0.0022484
0.0075908
-0.003557
-0.0006691
-0.0063813
-0.0086673
0.0070662
-0.0075726
0.0065593
0.0026075
-0.0067664
0.0089975
0.0083667
0.004613
0.0062481
-0.0090124
0.0063714
-0.0062793
-0.0078257
-0.0058558
-0.008452
-0.0040096
0.0099235
0.0007523
