0.0079191
0.002523
0.0093241
-0.0093715
0.0028723
-0.0029299
0.0007541
0.0077082
-0.0068106
0.0023084
-0.0086911
-0.0038363
0.0043017
0.0054487
-0.0079983
-0.0001677
-0.0003997
-0.0008553
-0.0094141
-0.0001166
-0.0058315
-0.0005939
0.0025986
0.0043954
0.0059919
-0.0093622
0.0003192
0.0099043
-0.009529
-0.0092997
-0.0021833
0.0038366
-0.0007983
0.0079831
0.0085389
-0.0010759
1.62e-5
-0.008231
0.0062636
-0.0079074
-0.0066805
0.0056127
-0.0060178
-0.0099573
0.0091522
-0.0098362
-0.0047284
0.0011541
-0.0042671
0.009813
-0.0046466
-0.0006605
-0.0089083
-0.0003834
0.0088822
-0.0041805
-0.0072369
-0.0087859
-0.0082684
-0.0041003
-0.0060773
-0.0071219
-0.0088033
-0.0092943
0.0010681
-0.0096495
0.0075469
-0.0040252
-0.0022607
-0.0032993
0.0093416
1.93e-5
-0.0014051
0.005265
0.0081989
0.0054343
-0.0027521
0.0037102
-0.0054449
0.0033821
-0.0037851
0.0014277
-0.0099411
0.0082442
0.0080398
0.007136
0.0064181
0.0039389
0.0008216
-0.0091459
-0.0054892
-0.0083038
-0.0085659
0.0007785
0.0032902
-0.0049537
-0.0036291
0.0092121
0.0018852
-0.0034396
-0.0019528
0.005712
0.0098832
-0.0082153
0.0061111
-0.0055231
0.0071414
-0.0081613
0.0046621
-0.0058134
0.0020058
0.005871
-0.0017206
0.0078226
0.0077489
-0.0027619
-0.005082
-0.0094811
-0.0082135
0.0073207
-0.0004296
0.0034636
0.009017
-0.0022352
0.0031963
-0.0086626
-0.0060372
-0.0043902
-0.0051897
0.005013
0.0089929
-0.0012379
-0.0007026
0.0089438
0.0087623
0.0024152
0.0092821
-0.0027081
-0.0040419
-0.0097151
-0.0072399
-0.0052196
-0.0084522
0.0088197
-0.0038753
0.0072846
0.0051216
-0.0048588
-0.003711
-0.004654
0.0040783
0.0091632
-0.0041873
-0.0059129
-0.0041053
0.0030494
0.0097267
1.68e-5
-0.0008158
-0.0039732
0.0022264
-0.002103
-0.0082651
-0.0012915
0.0039772
-0.006839
0.0069549
-0.007915
0.0038165
0.003527
-0.0078693
-0.0042017
0.004346
-0.0056697
0.0058076
0.0018806
-0.0084093
0.0030259
0.0071469
-0.0012424
-0.0049549
-0.0063019
0.0088337
0.002738
-0.0089186
0.0056523
-0.0055632
0.0091176
0.0039
0.0069948
-0.0098393
-0.0003702
-0.0065155
0.0007115
0.0089936
0.0081189
0.0056447
0.0063455
-0.0030246
-0.0039348
-0.0027583
0.0007372
0.003532
0.0076858
-0.0060898
0.002052
0.0017556
0.005054
0.0027133
-0.0006315
0.0069636
0.0077356
-0.0022576
0.0014858
-0.0042376
-0.0015258
-0.0076756
0.0018786
-0.0096668
0.0044927
-0.0096367
0.0023334
0.0074455
0.0080292
-0.0055506
-0.0018655
-0.0049809
0.0033343
0.0031776
0.0059566
-0.0039383
-0.006255
-0.0089093
-0.0013586
0.0012535
-0.0050585
-0.0083951
-0.0092839
0.0058059
0.0016073
0.0080008
0.003432
0.0070775
-0.0041264
0.0019938
0.0018846
0.0030452
-0.0078249
-0.0082161
0.0040732
-0.0039389
0.0065627
-0.0029779
0.0042416
0.001892
-0.0092468
-0.0013873
0.0046304
-0.0063987
-0.0059853
0.0069545
0.0092543
0.0056379
0.0085786
0.0036053
-0.0041197
0.0058651
-0.0030266
0.0042743
0.002168
-0.0027868
0.0032681
-0.001642
-0.006404
0.0024708
0.0052137
0.0004567
-0.0054161
0.0097674
0.003441
0.0077705
-0.0010177
0.0073974
0.0093399
0.0023398
-0.0054527
-0.0065133
-0.0072078
0.0029756
0.0055899
0.0096957
-0.009203
0.0097005
0.009826
-0.0028409
-0.0058625
0.0057269
0.0056935
-0.0028204
-0.0078632
-0.0065483
0.0037466
0.0039832
-0.0007051
-0.0093629
0.0076176
-0.0008107
-0.0050771
-8.5e-5
-0.0007367
-0.0048102
0.0004607
0.0058951
-0.0006287
-0.0003149
0.0088513
-0.0074683
0.0012891
0.0034592
0.0080398
0.0035497
0.003164
0.0027249
-0.0087859
-0.0073351
-0.0088939
-0.0090917
-0.0024852
0.0008773
-0.0089491
0.0026333
0.0082248
-0.0028148
-0.002082
-0.0016284
0.0073824
-0.0099297
0.0025079
-0.0036315
-0.0026299
-0.0073634
0.009686
-0.0053502
0.0071849
0.0004612
0.0001247
-0.00351
0.0027566
-0.0010741
0.0056186
0.0076814
-0.0079323
0.0059965
0.0022388
-0.0005706
0.0028172
0.0079509
-0.0004162
0.0019466
0.0055479
-0.0061074
-0.0011139
0.0040211
0.0034805
0.0072916
-0.0031111
-0.0018772
-0.0093724
-0.0095481
0.0038732
0.0022069
-0.0015448
0.0073659
-0.0088476
-0.0067205
-0.0069377
0.0099049
0.0015465
-0.0077166
-0.0091955
-0.0099626
-0.0052481
-0.0024014
-0.0051692
0.0048945
0.0067517
0.0010015
0.0089755
0.0063175
-0.0031047
0.0060747
0.0044939
-0.0081181
-0.0018011
0.0069626
-0.0031018
0.0042914
0.0020866
-0.0072894
0.0049855
0.00183
-0.0001618
0.0019512
-0.002756
-0.0059178
-0.007392
0.0090378
-0.0084356
-0.0079198
0.0016923
-0.0093055
0.0046094
-0.0007381
0.00067
0.0073848
-0.0058366
-0.0061749
-0.0007001
0.0012162
-0.0025024
0.0047944
-0.0017497
0.0027502
-0.0006249
-0.0035773
-0.0078884
-0.0086461
-0.0081284
-0.0014049
-0.0040465
-0.0067996
-0.0064891
0.0092219
-0.0069793
0.0008472
-0.0023843
-0.0007088
0.0053073
-0.001461
0.0012939
0.0039382
0.0031605
0.0069121
-0.0061641
0.0063489
-0.0023855
0.0048015
-0.0058648
-0.0006374
-0.0048756
0.0075571
0.0015709
0.0073765
0.0081599
0.0014725
0.0095879
-0.0027586
0.0005063
0.0097431
0.0078193
-0.0071561
0.0018758
0.0037394
-0.0053784
0.0020246
0.0058925
-0.0001802
0.0067913
0.0076488
0.0071669
0.0049114
0.006514
0.0053449
0.0052861
-0.0010198
0.0076277
-0.0094359
0.0013341
-0.0065127
-0.0039937
0.0031396
-0.0059199
0.0080559
0.0044029
-0.002568
0.0050402
0.002067
-0.0039078
-0.0097411
-0.0005959
0.0027898
0.0059225
-0.0001978
0.0029361
0.0073058
