0.0080433
-0.0087006
-0.0094917
0.0031984
-0.003114
-0.006847
-0.009707
-0.0071062
0.0043664
-0.0093919
0.003042
0.0050093
0.0005364
0.0019191
0.005524
0.0006424
-0.0050714
0.0062778
-0.0045791
0.0006034
-0.0092578
0.0001093
-0.0027755
0.0066499
0.0016256
-0.0017765
0.0087331
0.0095234
-0.0036582
-0.0045709
-0.0066759
-0.0020699
-0.0046216
0.0014657
0.0069959
-0.0067618
-0.003362
-0.0043372
-0.002772
0.005555
0.0008175
-0.0026407
-0.0060356
-0.0035699
0.0032606
0.0055328
0.0090641
-0.0087059
-0.0082588
0.0028304
0.0074585
-0.0022848
0.0003774
-0.006161
-0.009662
-0.0032665
0.000474
-0.0029175
-0.0039979
0.0080672
-0.0035441
0.0001749
0.0068993
-0.0055264
-0.0015997
-0.0009731
-0.0055563
-0.0023815
-0.0065649
0.0078801
-0.0089611
-0.002573
-0.0072724
-0.0082991
-0.0011129
-0.0086681
0.0002579
-0.0062928
0.0086485
-0.0086802
0.0079773
0.0020991
0.0060005
-0.000988
-0.0075777
0.0095901
-0.0035471
-0.0063379
0.0012939
0.005134
-0.0079018
0.0008921
-0.0061708
0.0023523
-0.0040644
-0.0017201
-0.004145
-0.0094134
-0.0082854
-0.0069895
-0.0051008
0.0088605
0.0084698
-0.0036321
-0.0061285
-0.0094858
-0.0004254
0.0074704
-0.0085118
0.0028402
-0.0030933
0.0049189
-0.0030332
0.0059589
-0.0066056
-0.002968
0.005507
0.006952
0.001314
-0.0002613
0.0093662
-0.0073956
0.0067084
0.0006708
0.0089397
-0.0032222
-0.008776
-0.0094364
-0.0061859
0.0011297
0.0094024
-0.0034451
-0.0007294
-0.0046547
-0.0071636
-0.0080215
-0.0051315
0.0035027
0.0087221
0.0056792
-0.0009423
0.0043167
0.0007183
0.0019482
-0.0055176
0.0075102
5.5e-6
-0.004181
-0.0076907
-0.0045361
0.0002623
-0.005836
0.0068259
0.0009063
0.0047186
-0.0058469
-0.0019693
0.0085324
0.0030343
-8.46e-5
0.0038724
-0.0011168
0.0094545
0.0093172
0.009341
-0.0027166
-0.0045462
0.0069975
-0.0046323
-0.0081527
-0.0018505
-0.009693
0.0032972
0.009301
0.0076528
0.0010717
0.0069943
0.0097727
0.000674
0.0021746
0.0034264
-0.006703
0.0002979
-0.0025884
0.0045655
0.0045684
0.0067864
-0.0099734
0.0049388
-0.0062414
-0.0041431
0.0039968
0.0086619
-0.0098425
-0.0093178
0.0070841
0.0041461
-0.0088358
-0.0055886
0.0032654
0.0004438
0.0020729
-0.0097451
0.0079741
0.0054445
0.0023798
-0.0021215
-0.008363
-0.0087538
0.0042991
-0.0010265
-0.0068137
0.0045306
-0.004608
0.0069176
0.0084406
-0.0043414
-0.009592
0.0082502
-0.0050373
0.0041969
-0.0002783
-0.0007659
0.00512
0.0070701
-0.0095642
-0.008296
-0.0054533
-0.0021562
0.0015531
0.0095301
-0.0031194
-0.0090547
0.0054121
-0.0069996
-0.0019488
-0.001609
0.0043935
-0.0090022
-2.12e-5
0.0006295
-0.0051882
-0.0005573
-0.0096836
0.0012416
-0.0050755
0.0091856
-0.0048296
0.0007747
-0.0071086
-0.0072895
-0.0049957
0.0075401
0.0081746
-0.0044904
0.0096497
-0.009534
0.001203
0.0043968
0.0088004
0.0015406
-0.0066273
0.0054453
-0.0077568
0.0058672
-0.0065641
0.0017132
-0.0003179
0.0007722
-0.0031096
0.0001089
0.0033889
0.0077902
-0.0098707
0.0009558
0.002591
0.002288
0.0095266
-0.0088732
0.0092557
0.0035408
-0.0015372
0.0005037
-0.0037125
-0.0058782
-0.0076305
-0.0054161
0.0029062
-0.0028571
-0.0075077
-0.0046677
-0.0060533
-0.0066473
0.0052879
0.0085552
-0.0062336
0.0032587
0.0016884
-0.0097562
-0.0005588
-0.0036875
-0.0099467
-0.0093775
-0.0062828
-0.0074445
-0.0001304
0.0085313
-0.0006064
0.004884
0.0047849
-0.0083077
-0.0010541
0.0060763
-0.0004499
0.0064784
-0.0088047
-0.0060906
-0.0043124
0.0039411
0.0039089
-0.0016906
0.0007111
-0.008171
-0.0082506
0.0015207
-0.000664
-0.0099281
0.0052377
0.0031449
-0.0001969
-0.0027802
-0.0007536
0.0091447
-0.005966
0.0099576
-0.0091621
-0.001389
0.003986
-0.0064819
0.0006131
0.0035754
2.8e-5
-0.0077715
0.0086762
-0.00251
-0.0060012
0.0064657
0.0053388
0.0032573
-0.0087947
-0.0036605
0.0026507
-0.0080609
0.0008197
0.0011547
0.0048716
-0.0037083
-0.0076606
0.0034909
-0.0024117
0.0061515
-0.0020459
0.007495
0.0012523
-0.0060685
-0.0075461
-0.0059059
-0.0027854
0.000938
0.0092322
-0.0091106
0.0068347
0.0062025
0.0048217
-0.0098002
-0.0078898
-0.0019679
0.0074896
-0.0069156
0.0049168
-0.0042269
-0.0040343
-0.0015737
0.0039477
-0.0082371
0.0068406
-0.0066288
-0.0023642
-0.0087598
-0.0070658
-0.0072863
0.0055486
0.0077665
0.006911
-0.0041502
-0.0085928
-0.0016287
-0.0093834
-0.0006708
-0.0005533
-0.0095741
0.0007044
-0.0092561
0.0067079
0.0062541
-0.0088595
0.0091038
0.0085905
0.009782
-0.0067624
0.0006117
0.0027667
-0.0058391
-0.0034869
0.0061836
0.0024039
0.0058064
-0.0039538
-0.0068331
-0.0052956
0.0074209
0.0092515
0.0065125
0.0077567
0.0019645
0.0036682
0.0055638
0.0075493
-0.0053049
0.0038789
0.0096477
0.0012086
-0.0047689
-0.0016986
-0.0053974
-0.0055774
-0.0056785
-0.0066408
0.0032937
0.0039755
0.0093783
-0.0068985
0.0047203
-0.0049142
-0.0051201
-0.0015436
0.0040953
-0.0049426
-0.0034755
0.0062461
-0.0076589
0.0012732
0.0024627
-0.0040964
-0.0071142
0.0070216
0.0098905
-0.0025309
0.0075514
0.0031977
0.0048834
-0.0031804
0.0002861
-0.0066219
-0.0065873
8.88e-5
0.0056718
-0.0048069
0.0044295
0.008793
-0.0063858
-0.0007219
-0.0003952
-0.0035385
0.0078957
0.0067407
-0.0053753
-0.0047078
0.0017768
0.0023417
-9.36e-5
0.0041751
0.0012028
0.001896
-0.0046233
0.0082288
0.0075018
-0.0015386
0.0057771
-0.0098505
0.0084669
0.0017443
-0.0014713
0.0053743
-0.0019403
