0.0023198
0.0085106
-0.0051526
-0.0071941
0.0050638
0.0034031
-0.0079586
0.0045341
0.003326
-0.00747
0.0081255
0.002907
0.0079289
0.0096928
0.0044337
-0.0027336
0.0003767
0.0093457
-0.0076427
-0.0075397
0.0068482
0.0020041
0.0035713
-0.0002111
-0.0042459
0.0096757
0.0054991
0.0015903
-0.0029047
-0.0071662
0.0083185
-0.0005744
-0.0046878
0.001874
0.000261
-0.0073929
-0.0057737
-0.0005773
-0.0042783
0.0010718
0.002514
-0.0031823
0.0003667
0.0070972
-0.0082147
-0.008059
-0.0094012
0.0041574
-0.0043621
0.0057879
0.0075146
-0.001584
-0.0099199
0.0097703
-0.0095238
0.0090122
-0.0041877
-0.0051903
-0.0040341
-0.0028408
0.0091625
0.002432
0.0087744
-0.0054313
-0.000947
-0.0033652
0.0076632
-0.0033371
-0.0051552
-0.0097275
0.001398
-0.0053682
0.0078648
-0.0088954
-0.0091114
-0.0008546
0.0002038
-0.0033992
-0.006147
0.0082879
0.0057223
0.0076776
0.0035083
-0.0020668
0.0046628
-0.0035119
-0.0022322
-0.0025879
0.0071021
-0.0048952
0.008266
-0.0078044
-0.0020102
0.0087418
-0.0089664
-0.004722
-0.0004527
0.007333
0.0086566
-0.0066047
0.0051749
0.0048419
-0.0067123
-0.0015137
0.003798
-0.0066275
0.0025827
-0.0087341
-0.001632
0.005673
-0.0015518
-0.0062406
0.0038289
-0.0073833
-0.0095457
-0.0038749
0.0055486
0.0048053
-0.0063794
0.0013546
-0.0048692
0.0032896
0.0066713
0.0046894
0.0074696
0.0004308
-2.35e-5
0.0081506
0.0085513
0.0053383
-0.0013928
-0.0061137
0.0023532
0.0029656
-0.00334
0.0046506
0.0083002
0.0005182
0.0072638
0.0058018
0.0033575
0.0030857
-0.0016043
0.0073908
-0.0079649
-0.0062471
-0.0005684
-0.0022902
0.003982
0.0033839
0.0011046
0.0027644
-0.0027084
0.0044202
0.0068892
-0.0071129
-0.0076289
-0.0007187
0.009343
0.004812
-0.0096097
-0.0037791
8.19e-5
0.0045179
0.0072991
0.0037695
0.0073543
-0.002044
-0.0054152
0.0097962
0.0027932
-0.0099946
0.0042819
0.0074954
0.0058913
-0.0067905
0.0049754
-0.0073397
0.0054699
-0.0086553
-0.0082474
0.0043827
-0.0090623
0.0034914
-0.006617
0.0050861
-0.0048468
0.0069312
0.0059739
-0.0085516
0.0061213
0.004684
0.0037694
0.0092245
0.0033216
-0.0005874
-0.0006317
0.0044113
-0.0039131
0.009298
0.0061184
-0.0057583
-0.0065124
0.001572
0.0022999
0.0083779
-0.0053244
-0.0085639
-0.000697
-0.0058372
0.0028324
0.0086703
0.0091396
0.0039849
0.0029563
-0.0044103
-0.0058453
0.0080708
0.0082274
-0.0051102
-0.0012443
0.0004754
-0.0028403
0.0042958
-0.0070416
0.0091685
0.0069635
0.0048521
-0.0067331
-0.0063315
-0.0070555
-0.0091536
0.0029696
0.0087019
-0.0057687
-0.0075583
0.0071323
0.0009427
0.0022076
0.0023909
3.09e-5
-0.0012305
0.0088952
0.0075859
0.0013459
0.0084411
0.0071487
0.0072424
-0.0023719
0.0060743
0.0068353
-0.0040748
-0.0042007
-0.0052005
0.0025815
0.0061829
0.0081301
0.001025
0.0043587
-0.0023657
0.0096624
-0.0082819
-0.0004062
-0.0099307
-0.0011531
-0.0009937
0.0053387
-0.0017256
-0.0004934
-0.0077393
-0.0071653
-0.0025222
0.0013223
-0.001273
-0.0072444
0.0045636
-0.0094166
0.0008807
-0.0057514
-0.0072877
-0.0062673
0.0084227
0.0058938
-0.0016109
-0.0034127
0.0006562
0.0093053
-0.0034673
0.0072949
-0.0084113
0.0085807
0.0019296
0.0093848
0.0049838
0.0055321
0.0054781
0.0010243
-0.0034729
0.0018076
-0.0057157
-0.0060688
-0.0044704
-0.0074803
0.0098352
0.0083732
0.0049719
-0.0086681
1.39e-5
0.0068876
0.0049358
-0.0033444
0.0053726
-0.0034117
0.0025848
0.0052521
0.0052455
-0.0049001
-0.0004328
0.0056838
0.0018609
0.0014941
0.0092177
0.0050139
0.0049021
0.0065051
0.0026741
0.0039933
0.0079597
-0.0057095
0.0096325
0.0007615
-0.0069604
0.009475
-0.0090436
-0.0066216
0.0054148
-0.0008439
-0.0073765
0.0027341
-0.0099448
-0.0091346
-0.0030904
0.0025047
0.008251
-0.0077119
0.0076926
-0.0051983
-0.0071923
-0.0032963
-0.00584
0.0045779
-0.0086248
0.002593
0.0065581
-0.0092069
-0.0060673
-0.0071855
-0.0016821
0.0087791
-0.0012321
0.0055868
0.0028737
0.0060686
0.0057002
-0.0053629
-0.0087522
-0.0099627
-0.0081649
-0.0069576
0.0041487
-0.0054654
0.0053425
0.0072815
-0.0071464
-0.0018813
0.0097965
-0.0048698
0.0056022
-0.0030179
-0.003113
0.0001282
0.0087666
-0.0050861
-0.0015527
-7.8e-5
-0.0013681
-0.0058391
0.0036867
0.0081543
0.0050805
-0.0058927
-0.0004228
0.0076383
0.0007715
0.0039606
0.0058752
-0.0037018
-0.0075767
-0.0026251
0.0069855
0.0078974
0.0068125
-0.0004338
0.0053557
-0.0063094
-0.0061938
0.0031579
-0.007064
0.0092924
0.0008695
-0.008074
-0.0067134
-5.07e-5
0.0009971
0.003599
0.0089455
0.0071776
-0.0090081
0.0068194
0.005405
0.0038948
-0.0062304
-0.003758
0.0081146
-0.0056392
0.0059528
-0.0089441
-0.0038831
-0.00749
0.0076283
-0.004042
-0.0097099
0.0093119
-0.0091027
-0.0032985
-0.0030777
-0.0010508
-0.0057294
-0.0095503
-0.0099144
-0.0019088
0.0052477
-0.0057549
-0.0088272
-0.0029657
-0.0009908
-0.0005763
0.0004513
0.0004256
-0.0026684
-0.0053539
-0.006288
-0.0097152
-0.007229
-0.0090588
0.0036943
0.0034807
0.0051865
-0.0073127
0.0015919
3.6e-6
-0.0076439
-0.00081
0.0020815
0.0014422
0.0093241
-0.0069985
-0.0093722
0.0082906
-0.0055085
-0.0099193
-0.0055313
0.009026
0.002775
-0.0078058
0.004904
-0.0019856
0.0050545
-0.0047373
0.0002747
-0.0082752
-0.0053245
0.0001645
-0.0052392
-0.0085563
9.59e-5
0.006338
-0.0053512
0.003848
0.0045244
0.0067227
0.004472
-0.0019211
-0.0019167
-0.0071261
