0.0055674
-0.0075777
0.0022766
0.0021324
-0.0077339
0.0032496
-0.0080617
0.0075466
0.0084436
0.0067167
0.0046693
0.007294
0.0019946
0.0009275
-0.0037629
-0.0079566
-0.0032761
-0.0056423
0.0007169
-0.0039844
-0.0048423
-0.0091507
0.0089631
0.0038412
-0.0025545
-0.0029068
-0.0022613
-0.0004729
0.0044369
-0.000565
0.0009591
-0.0095665
-0.0059683
0.0083226
0.0003818
0.0088901
0.0090172
0.005425
0.0089251
-0.000889
-0.0096172
-0.0089318
0.0058829
-0.0022834
0.0026208
-0.009689
0.00753
-0.0027125
-0.0064871
-0.0058644
0.0044824
0.0091194
0.0021825
0.0041789
0.0002837
-0.0025529
0.0005079
0.0054406
0.0064004
0.0099189
0.0025337
0.0012486
0.0044617
-0.0088357
-0.0023458
0.0092643
0.0050791
-0.008096
0.005643
-0.0015225
-0.00556
-0.0001556
0.0026775
-0.0008947
0.0082458
0.0001908
-0.0077114
0.0048068
0.0022823
0.0081439
-0.0034085
0.0095346
-0.0010795
0.0090442
-0.0084508
0.0075785
0.0092044
-0.0053795
0.0043441
0.0028484
0.0050795
0.0049282
-0.0014395
-0.0067403
0.0013583
-0.0064683
0.0067528
-0.0030369
-0.0081326
0.001199
0.0027779
-0.007192
0.007366
0.0038846
-0.0084452
0.009412
-0.002375
0.0035264
-0.0099237
0.0092646
0.0096488
0.008525
0.0057837
-0.0018406
0.0055091
0.0046808
0.003139
-0.0043771
0.0091348
-0.0049608
-0.0001314
0.0069668
0.0063217
-0.0012707
-0.0073197
-0.0097066
0.0057985
-0.0069848
0.0017406
-0.0081111
0.0092414
0.0085768
0.0098431
-0.0092673
-0.0026483
0.0075132
0.0063317
-6.97e-5
0.0008346
0.0074905
-0.0060991
0.0004767
-0.0088454
-0.0017521
-0.0020956
-0.0070897
0.0002139
0.0023902
-0.0005564
0.0084843
0.0027854
0.0076251
-0.0068461
0.0087074
-0.0008396
0.0027819
-0.0086589
-0.0018879
-0.0086829
-0.0051356
0.0087657
0.0059655
0.0064308
0.0043337
0.0032022
0.0021243
0.0036603
-0.0079296
0.009648
0.0016798
0.0084409
0.0001746
-0.0042775
0.0021824
0.0035179
-0.0031261
-0.0055946
0.0076529
0.0042801
0.0028897
0.0038774
-0.0009741
-0.0030203
-0.0088626
0.0035194
-0.0072715
-0.0005762
0.0078036
-0.0061482
0.0047403
-0.0053105
-0.002453
-0.0071917
-0.0057402
-0.0035867
0.007471
0.001541
-0.0030035
-0.0053757
0.0038721
-0.0022744
-0.0086559
-0.0064909
-0.004948
0.0092145
0.0022326
-0.0045926
0.0081496
7.3e-6
-0.0075051
-0.0049353
0.0013387
-0.0096431
-0.0085941
-0.0066837
0.0028718
0.0068263
-0.0022878
0.0026325
-0.0015977
-0.0065648
-0.0071067
0.0064275
0.0037882
-0.0043385
-0.0042702
-0.0098198
-0.0059727
0.0073276
-0.0064673
0.0092587
0.0009588
0.0059446
-0.0019209
-0.0082534
-0.009808
-0.0032058
0.0031859
-0.0018015
-0.0010817
0.0053909
-0.0049112
-0.0093418
-0.0026046
0.0088618
-0.0058309
0.0036162
0.005683
-0.0056353
-0.0055469
-0.0060409
-0.0097254
0.0033536
0.0029965
0.0071823
-0.0023612
0.0025006
0.0069549
-0.0027255
0.008467
0.007705
-0.0074898
-0.0010488
-0.0027405
-0.0035642
0.0085458
0.0083158
-0.0035536
0.0067565
0.003418
0.00298
-0.0049889
0.001238
-0.0021358
-0.0027358
0.0098781
-0.0087074
-0.0029955
-0.0085035
-0.0081381
-0.0059088
0.0004913
0.0031487
0.0094377
-0.0030747
0.0058006
-0.0011483
-0.0091181
-0.0012449
-0.0051184
-0.0033862
-0.0087129
0.000195
-0.0060745
0.0020963
0.009656
-0.0076972
-0.0003907
-0.0009017
-0.0007065
0.0059897
0.0082941
-0.0066992
-3.67e-5
-0.002365
0.008796
0.0092811
0.0013212
0.0086815
-0.0034322
0.0001306
0.0043731
-0.007997
-0.0047277
0.00147
-0.0052577
0.0031743
-0.0062676
-0.0085099
-0.008043
0.0049964
-0.009344
-0.0052441
-0.0005591
0.0031152
0.0067414
0.0059974
-0.0073942
-0.0059643
-0.0046998
0.0009796
-0.0058105
-0.0070404
0.0085585
-0.0078595
0.0083918
-0.0073688
0.0009862
-0.000659
-0.0025843
-0.008715
-0.0026958
-4.8e-5
-0.0074214
-0.0085255
-0.0096624
0.0004163
-0.0081424
-0.0060826
0.0035296
-0.000282
0.0077973
-0.0044623
0.0009378
-0.0083208
0.0046098
-0.0047207
0.0005659
0.0083568
-0.0008351
-0.0038698
-0.0079433
0.0034082
0.0093871
0.0061167
0.0012886
-0.0021722
0.0096569
-0.0073433
-0.009728
-0.0098707
0.0025848
-0.0054935
0.0075558
0.004147
0.008512
-0.0009758
-0.0067226
0.0018696
0.0064902
0.0001938
0.0067993
0.0040253
-0.0025621
0.0029376
-0.0034665
0.0075658
-0.009757
0.0072424
0.0013459
-0.0076429
0.0018316
-0.006696
-0.0092938
-0.0026058
-0.0035974
-0.0064625
-0.0042746
-0.0070772
0.0087665
-0.0012431
-0.0041212
-0.0067042
-0.0044847
0.0067822
0.0019604
-0.0021111
-0.0074368
0.0040135
0.0099168
-0.0087495
0.0004821
-0.0043224
-0.0095598
0.00597
0.0013333
-0.0007232
-0.0015213
-0.0094392
0.0075263
0.0017463
3.41e-5
0.0040795
0.006863
-0.0088388
-0.00634
-0.009065
0.0013272
-0.0010065
0.00923
-0.0076556
0.0075503
-0.0017649
-0.001298
0.0091615
0.0012182
-0.002045
-0.0079718
0.0006418
-0.009743
-0.0045775
0.0088436
-0.0095041
-0.004025
-0.0026626
0.0071847
0.0095421
-0.0027505
0.0057281
-0.0010493
0.0010724
0.0082285
-0.0084766
-0.0014561
-0.0090816
0.0053088
-0.0072437
-0.0075976
-0.0027441
-0.0068854
0.0061389
0.0096182
0.0073827
-0.0033465
-0.0039849
-0.0057943
-0.0016434
-0.0035666
-0.0092326
0.0026117
0.0043382
-0.0044362
-0.0097821
-0.0034429
-0.0040235
0.0071422
0.0087762
3.8e-6
-0.0059658
0.0077749
0.0084095
-0.0088885
-0.0063747
0.0054288
-0.0055499
0.0050576
0.0091093
0.007604
0.0074938
-0.0002755
-0.0061997
0.0025816
-0.001748
0.0073099
0.0088207
