0.0088887
-0.0069103
-0.0031352
0.0036528
-0.0065385
0.007237
-0.0039782
-0.0065709
0.0061885
-0.0090503
0.004348
-0.0007368
0.0034984
-0.0059399
0.0079975
-0.0022616
-0.0017634
-0.0021837
0.0038649
0.0049929
0.0077165
-0.008358
0.0099725
0.0010692
0.006387
-0.0073338
0.0073655
0.0014571
-0.0044754
0.0038925
-0.0012297
0.0076886
0.0062077
-0.0027677
-0.0011503
-0.0029023
0.0045567
8.98e-5
-0.0006167
0.0093493
-0.0069742
0.0065768
0.002954
0.002011
-0.0028244
-0.008975
0.0084561
0.0075783
0.0017792
0.0059454
0.005412
-0.0017978
0.0043719
0.0001061
0.0079382
-0.0023308
-0.0046713
-0.0066939
0.0072338
-0.0095804
-0.0014538
0.0017997
-0.0094902
-0.0057284
-0.0051789
-0.0025727
-0.0034288
0.0040515
-0.0040224
0.0091086
-0.0028453
0.0071197
-0.0022389
-0.0020838
0.0075447
0.0076089
-0.0085891
0.0014544
-0.0052436
-0.0065953
-0.0066913
-0.0056841
0.0097685
0.0056956
-0.0066324
-0.004041
0.0002611
-0.0011382
0.0034968
0.0057334
0.0030885
0.002586
0.0028721
-0.0077284
-0.0075468
-0.0023406
0.0044689
-0.0019915
-0.0019728
-0.006243
-0.0095256
-0.0065271
-0.008276
0.0059267
-0.0059324
0.0043208
-0.0089527
-0.0084676
0.0030563
0.009306
-0.0002972
0.0079649
-0.0078571
0.0005982
0.0061664
-0.0044539
-0.0007867
-0.001419
-5.0e-6
0.0027851
-0.0011914
-0.0065589
0.0092757
0.0068964
0.0049815
0.001176
7.3e-5
0.0028951
-0.0009832
-0.0023845
-0.0020248
-0.0071927
0.0054925
0.0063965
0.0047867
-0.0091769
-0.0019668
0.0046994
0.0001518
-0.0031321
-0.0024768
-0.00015
-0.0081804
-0.0017576
0.0006942
0.0063743
-0.0009306
-0.005599
-0.001973
0.0022043
-0.0051343
0.0002612
-0.0020189
-0.0077377
-0.0056049
-0.006208
-0.0084117
0.0070609
0.0014396
0.0077229
-0.0041721
0.0060095
-0.001819
-0.0079514
0.0041078
0.0059505
-0.0036102
-0.0052846
-0.0043262
-0.0075209
-0.0012549
0.0074513
0.0075357
-0.0034808
-0.0028377
-0.0089374
0.0064036
0.007043
-0.0082853
0.0040973
0.004258
-0.0060991
0.0011815
0.0078767
0.0035959
-0.0062731
-0.0055194
0.007425
-0.0099777
0.0042546
0.0006661
-0.006636
0.00817
0.0028169
-0.0049359
-0.005613
-0.0091903
-0.0080399
-0.0030168
0.0009084
0.0055496
0.0017487
0.009486
0.0075257
0.00125
-0.0074825
0.0078646
-0.0060396
-0.0047153
-0.0062051
-0.0044687
-0.0045478
0.0061018
-0.0054585
0.0024269
-0.0030825
-0.0071699
0.0067462
-0.008491
-0.0017647
0.0043034
-0.0076105
-0.0091602
0.0036208
-0.0083076
0.0013159
0.0004901
-0.0044394
-0.0044005
-0.0062775
-0.0047996
-0.0097817
0.0017577
-0.0012647
0.0031501
-0.0083648
0.002014
-0.009124
0.0001209
0.0078388
-0.0043602
0.0056295
0.0006282
-0.0061705
0.0023421
-0.0013894
-0.0032618
-0.0013445
0.0086105
-0.0098307
-0.0048319
0.0039649
0.0024321
-0.0090615
-0.0067675
0.0010614
0.0065627
0.006636
-0.0054758
-0.0061865
0.007189
0.0055836
0.0029181
0.0030292
8.99e-5
-0.0073538
-0.0019488
-0.0043473
-0.0095778
0.0056605
-0.0072842
-0.0090653
-0.002288
-0.0042638
0.0065002
0.0024503
-0.0015355
-0.0023301
-0.0060782
0.0051047
-0.0008989
-0.0006536
-0.005769
0.0003926
-0.0095182
0.0058433
0.0059849
0.0009374
0.0053028
-0.0020903
-0.0043041
5.6e-6
0.0073649
-0.007325
-0.007962
-0.002918
-0.0076441
0.0069497
-0.0049382
-0.0058838
-0.0066525
-0.0045621
0.0035045
0.0071822
-0.0097589
0.0010947
-0.0016788
0.0070222
-0.0077347
-0.0030253
0.0088952
0.0065926
-0.0049351
-0.0007192
0.0089327
0.0009285
-0.0093811
0.0080926
0.0083238
-0.0023344
-0.0005185
0.0091353
-0.0080849
0.0016302
0.0078278
-0.003151
0.0044848
-0.0026112
0.0032798
0.0097444
0.008205
0.0054847
-0.0087119
0.0091337
0.0085209
0.0008071
0.0026911
-0.0094091
0.0058914
-0.0024236
0.0043416
0.0038301
0.0086095
-0.0030392
0.0003376
-0.007871
0.0045863
-0.0001144
0.0009941
-0.0081129
0.0056755
-0.0006931
0.0010865
0.0051863
0.0081854
-0.0053755
0.0041788
0.0045803
0.007338
0.0007217
-0.0055005
-0.0070178
0.0054031
-0.0031684
-0.0033922
-0.0049307
-0.0005604
0.0063103
-0.0023644
0.0022867
0.0015932
-0.0087123
0.0088164
0.0041356
-0.0095225
-0.0006245
-0.0003854
0.0051321
0.0035053
0.004719
0.0024922
-0.0094337
0.0091027
0.0024245
-0.0097411
-0.0046367
-0.0009005
0.0044416
-0.0094067
0.0059584
-1.34e-5
0.0064197
-0.0022442
-0.0081619
0.0088878
0.0061013
0.005566
-0.0006082
-0.0065792
0.0071287
-0.0078018
0.0097719
0.0021599
0.0029305
-0.0036321
8.62e-5
0.0070526
0.0093592
-0.0060219
0.0007358
-0.009696
0.0090644
-0.0022763
-0.0018709
0.0031373
-0.0077752
-0.002788
0.0003218
0.0084237
0.0057501
0.0002939
0.0014253
-0.0058005
0.0011403
0.0042984
0.003531
0.0023778
-0.0039589
-0.004316
-0.0086459
-0.0002908
0.0057606
0.0086909
0.0009169
-0.0015931
0.0062627
0.0023083
-0.0060619
0.0041605
0.0016428
0.0089848
0.0016321
-0.0077169
0.008095
-0.0077055
0.0082676
0.0024878
-0.0001033
-0.0054933
0.0079314
-0.0009654
0.0090261
-0.0037127
0.0008172
0.0098992
-0.006945
0.0021861
0.0007509
0.0093016
-0.0090808
-0.0095989
-0.0091403
0.0056824
0.0073731
-0.002476
-0.0004138
0.003847
-0.0094032
0.0015
0.0063498
0.0040443
-0.0096374
0.0072971
0.0013529
0.0078667
0.0039152
-0.0019637
0.0033687
-0.0078543
-0.0081902
-0.005551
-0.0090131
0.0022843
-0.0078815
0.0005631
-0.0064412
-0.0072953
0.0012127
0.0058699
-0.0069168
0.0024572
-0.009889
0.0087274
0.000377
0.0022934
