0.0076048
0.0075815
0.001807
-0.0088876
0.000569
-0.0027343
-0.0049943
-0.0091403
-0.0057067
-0.0064474
0.0067771
-0.006057
0.008759
0.0030711
-0.0006813
-0.0037202
0.0039785
-0.0027252
0.0038971
0.0023736
0.0061884
0.0011908
0.0009608
-0.0033212
-0.0035455
0.0072612
0.001933
-0.0068759
0.0033357
-0.0082979
0.0050445
0.0062228
-0.0057777
-0.0021087
0.0067224
-0.0044143
-0.007088
0.0055215
0.0020978
-0.0046578
-0.0048642
-0.0048047
-0.0090008
0.0021382
0.0055532
-0.0030093
-0.0027989
0.0011286
0.0082066
0.0065162
0.0058888
-0.0096142
-0.0048195
-0.0025591
-0.0031115
-0.0053659
-0.0036848
-0.0090411
0.0025233
-0.0050171
-0.0035217
0.0004416
0.0035938
0.0001958
-0.0037875
-0.0022783
0.0037404
0.0090722
-0.0067002
-0.00051
-0.007553
0.0040116
-0.0093929
-0.0061608
0.0073311
-0.0074139
-0.0095283
0.0033901
-0.0024623
-0.0050942
0.0083696
0.006128
-0.0058354
0.0086153
-0.0068014
0.0053431
0.0085013
0.008137
0.0005084
0.0025823
-0.0083781
0.0097751
0.007116
0.0006533
-0.009893
0.0030805
0.000668
0.006853
-0.0032805
0.0058342
-0.0061425
-0.001084
0.0004878
0.0053751
0.0031989
-0.0078257
0.0057777
0.0019363
-0.0060676
0.0006082
0.008501
0.0010283
0.0073508
-0.002896
-0.0099449
-0.0088652
-0.0077364
-0.0022651
-0.0037647
-0.0045548
0.003521
-0.0023185
-0.0032984
0.0064299
-0.0008725
-0.0006735
0.006419
-0.0058555
0.0015295
-0.0032991
-0.0022674
0.0026244
0.0038334
-0.001346
0.0018094
-6.41e-5
-0.0076383
0.002188
0.0075768
0.0002476
0.0083702
0.0077073
3.44e-5
0.0060151
0.0080727
0.006024
-0.0009182
-0.0022746
0.0097481
0.0017884
0.0049574
0.0098066
0.0027797
0.0004413
-0.001575
-0.0077689
0.0068529
0.0094342
-0.0064015
-0.0015971
-0.0084226
0.0098612
-0.0078745
0.0070121
-0.0052687
-0.0011899
-0.0023281
-0.0078112
0.0051622
0.0021851
0.0029513
-0.0047449
-0.0048621
0.0048005
0.0079875
0.0084425
0.0041125
0.003782
-0.003477
0.0062754
0.0076268
0.0096787
-0.0025757
0.008028
0.0072631
-0.0097696
0.0095261
-0.0084992
0.0068591
-0.0054307
-0.0036147
0.0061366
-8.28e-5
-0.0044327
-0.0048744
-0.003479
0.0057754
0.0025896
0.0036481
-0.0069281
-0.008052
0.0092548
0.0043175
0.0090459
-0.0002413
0.0024846
0.0019884
-0.0078998
-0.0042679
-0.0011801
-0.0037287
0.0013079
-0.0007247
0.0099112
0.0024487
0.0017778
-0.0059142
0.0078186
0.0060597
-0.0001945
0.0049334
0.0009882
0.00184
0.0073112
0.0048791
-0.0087219
0.0091161
-0.0005551
0.0074795
-0.0083008
0.0056193
-0.0004442
-0.0023408
-0.0098969
0.0097321
-0.007494
-0.0057338
0.0008872
0.0084118
-0.0090514
0.0015477
0.0043055
-0.0075268
0.0031962
-0.0002161
0.0078704
-0.0053891
0.0069105
-0.0040276
-0.0082329
-0.0076017
-0.0055289
-0.0003501
0.0028713
0.0093239
-0.0041418
-0.0048262
-0.0024015
-0.0008887
-0.0076009
-0.0005246
0.0004957
-0.000592
-0.0066724
-0.0005111
-0.007325
-0.0041781
-0.007472
-0.0010059
0.0011287
0.007481
0.0030648
0.0082012
0.0091472
-0.0085805
-0.0054072
0.0001439
0.0085548
-0.0057766
0.005803
0.0064411
0.0013004
-0.0042909
0.0053264
0.0016868
0.0076575
-0.0087123
0.00143
-0.0036513
-0.0081757
0.0081428
0.0031625
-0.0099813
-0.0006194
-0.001466
-0.0097621
-0.0004773
-0.0067374
-0.0052716
-0.0030271
-0.0046283
0.0031378
-0.0001475
0.0039744
-0.00729
-0.0065319
-0.0045562
-0.0032978
-0.0011153
-0.0014231
0.0022297
0.0061397
0.0067086
-0.006431
0.0046512
0.0011231
-0.0019014
0.0083999
-0.0098521
-0.0018132
-0.0040744
0.0022747
-0.0004145
-0.0056388
-0.0084507
0.0004143
0.002272
0.0010417
-0.006113
0.0047718
-0.0074865
0.0004985
-0.0035514
0.0041977
-0.0049745
-0.0045806
0.0054802
-0.0021887
-0.0013961
0.0012576
0.0033419
0.0068439
-0.0062452
-0.0036023
0.0012394
0.0033919
-0.0057523
-0.005971
0.0006264
-0.0031268
0.0048517
0.0022856
-0.0080968
0.0080714
-0.003597
0.004805
-0.0092069
-0.0035339
-0.0001423
-0.0042817
0.0095513
-0.0020473
-0.0052822
0.000419
0.0045646
-0.0036019
-0.0067415
-0.0068993
0.0004049
0.0087809
0.0024133
0.0015824
-0.0080262
-0.0096129
-0.0054387
7.06e-5
-0.0073327
-0.000725
0.0040353
0.0015947
0.0018195
-0.0094218
-0.0010666
-0.0058862
0.0057803
0.0033691
-0.0020681
0.0096092
-0.0054162
-0.008387
-0.0055519
-0.0011897
-0.0080295
-0.0039568
-0.000342
0.0097231
0.0086339
0.0072164
0.0015645
0.0010088
-0.0005671
-0.0009902
0.0039059
0.0003665
0.0099283
0.0055046
0.0095647
0.0072753
-0.0017587
-0.0093112
0.0058392
0.0048997
0.0094571
-0.0006114
0.0014742
0.0069249
-0.0079467
-0.0007883
0.0001019
-0.0053158
0.0023378
0.0010638
0.0002897
-0.0075589
-0.0082485
0.0053578
-0.0059781
0.0046608
0.0096912
-0.005718
-0.0037312
-0.0017892
-0.0085834
-0.0043556
-0.0050674
-0.0050236
0.0025029
0.0020681
-0.0068075
-0.0071039
0.00063
-0.0067801
0.0089804
0.0069226
-0.0094622
0.0028834
-0.0074059
-0.0025818
-0.0023637
0.0076819
0.0050283
0.0063586
0.0024709
-0.002974
0.0052349
-0.0028118
-0.0092535
0.0074929
0.0002273
0.0018502
0.0003895
0.0027182
0.0002004
-0.0009028
-0.0009927
0.0052569
-0.0014356
-0.0063991
-0.0025559
0.0025611
-0.0084069
0.0022567
-0.008828
-0.0022818
-0.0067488
-0.0073828
0.0060835
0.0064656
-0.0020738
-0.0007855
0.0023351
0.007858
-0.0034042
-0.0045464
-0.0083853
-0.0071649
-0.0025494
0.0021023
0.0063313
-0.0061704
-0.0059635
-0.0045702
0.0050497
-0.0035368
0.0074302
