0.0003308
0.0047898
-0.0017513
-0.0093919
-0.0077208
-0.0018909
-0.0004729
0.0070268
0.0011762
0.0067643
0.0044754
-0.0059568
0.0074626
0.0031177
0.0010337
0.0044909
-0.0018717
-0.0019481
-0.0034176
0.0093269
-0.003698
-0.0024568
-0.0083682
0.0007342
-0.0007897
-0.007061
-0.0049459
0.0028898
-0.0075322
-0.0048881
0.0038959
-0.0016843
0.0001094
-0.0071901
-0.0002072
-0.0036613
-0.0071543
0.004058
-0.0051141
0.0099544
0.0024714
-0.0030263
-0.0030923
0.00514
-0.0086385
0.0084061
0.005033
0.0072757
-0.0096707
-0.0032167
0.0008079
0.0038023
-6.86e-5
0.0055681
-0.003992
-0.0048589
0.0057678
0.0088675
-0.0037307
0.0013461
-0.0030629
0.0032071
0.0006795
0.0016165
0.0019734
-0.0041978
-0.005866
0.0020233
0.0070437
-0.0071874
-0.0073135
-0.0017412
-0.009109
0.0006532
-0.0066262
0.0055998
0.0042163
0.0018724
-0.0012753
-0.0054067
-0.0001567
-0.0023091
-0.0073791
0.0086733
-0.0056123
0.0034009
0.0058535
0.0054865
-0.0036932
0.0071859
-0.0009489
-0.0074623
0.0099224
-0.0056302
-0.0096278
-0.0054875
0.0018682
0.0090576
0.0099995
-0.0004698
-0.0086194
0.0083241
0.0049198
0.0098636
-0.0065203
-0.0086925
-0.0075641
0.0026082
-0.0098971
0.0009881
0.0032603
-0.0032529
0.0063647
-0.0008682
0.0081485
0.0057693
-0.0087762
-0.0047396
-0.0076682
0.0070043
0.0036943
-0.0032519
0.0043263
-0.0069415
-0.0010121
-0.0026068
0.0051237
-0.0085221
-0.0016776
-0.009364
0.0086985
0.0022847
0.0047779
-0.0023075
-0.0074009
0.0084794
-0.0065714
-0.0041697
0.005588
-0.0043392
0.002052
0.0040021
-0.0088687
0.0029601
0.0036931
-0.0050168
0.0031715
-0.0053817
0.0011005
0.0022643
-0.0030705
0.0030445
-0.0007544
0.0057926
0.0057627
0.0037005
0.0043236
0.007112
-0.0049448
0.0072244
0.0072464
0.0030068
0.0014137
0.0027119
0.0045934
0.0046495
0.0069399
-0.0032338
-0.0026555
0.001256
-0.0003937
-0.0016999
-0.0090346
0.0018224
-0.0094193
-0.0067593
-0.003496
0.0026894
0.0027375
0.0076305
0.0091065
0.001453
0.0019591
0.0077453
0.0073204
-0.001164
0.0076202
-0.0005425
-0.0060232
-0.0004413
-0.0079009
0.006053
-0.0040241
0.0067277
-0.0037933
-0.0086284
0.0059269
-0.0054071
0.0081906
-0.0082873
0.006624
-0.0092797
-0.0093287
-0.0047214
-0.0047888
0.0059401
-0.0061206
-0.0039183
-0.0003375
0.0048203
0.0052601
0.0071255
-0.0058199
0.0065675
-0.0060436
0.0090252
-0.0019146
0.0011061
-0.0025187
-0.0007626
-0.0022594
0.0055204
-0.0050569
-0.0053477
-0.0063567
-0.0049598
0.003299
0.0047207
-0.0039461
-0.0021478
0.0099782
0.0046291
9.13e-5
0.0045413
-0.0092833
0.0035646
-0.007588
-0.0067397
0.0097819
0.009821
-0.0065942
-0.000987
-0.0060842
-0.0072965
-0.0031826
0.0075324
0.0065808
0.0011766
0.0081131
-0.0084297
-0.009992
-0.0084404
-0.0075472
-0.0080381
-0.0003739
-0.0033585
-0.0085082
-0.0095834
0.0070252
0.0091834
-0.002821
0.0058437
0.0051607
0.0040334
-0.0002153
-0.0086931
-0.002932
-0.0090854
0.0079616
-0.0029106
0.0024014
-0.0032984
0.0080098
-0.0078614
-0.0042344
0.0041214
0.0072063
0.0002637
-0.0026955
-0.0004914
-0.0017764
0.006031
-0.0055635
0.005369
0.0094765
0.007338
-0.0023906
0.0095086
0.0036904
-0.0099873
-0.0009885
0.0027024
0.0096053
-0.0060455
0.0006492
-0.006171
-0.0002691
-0.0079326
-0.006177
0.0030587
0.0030554
-0.0009139
-0.0059659
0.0060574
0.0026856
0.0006627
0.0052715
0.008193
-0.0093069
-0.0022448
0.0098957
-0.0068061
-0.0076662
-0.0013067
0.0075204
-0.007887
0.0033598
-0.0015596
-0.000787
-0.0026613
-0.0059024
0.0004398
-0.0052734
-0.0072601
-0.0002311
-0.0050997
-0.0080494
-0.0024846
0.0041361
-0.0019141
0.0069104
0.0012319
-0.0056156
-0.0023192
0.0019284
-0.0006672
-0.0004003
-0.0052882
-0.0017297
-0.0040633
-0.0055962
-0.0060191
0.005603
-0.0029098
-0.004814
-0.0030051
0.0045845
-0.0036217
0.0031638
0.0009464
-0.0073841
-0.004728
0.0027035
-0.0075207
-0.0075499
-0.0046507
-0.0096236
0.0020464
0.0097358
-0.0080315
0.0032284
0.0082222
0.0035136
-0.0058954
0.0086563
0.0052239
0.0046591
0.0038681
0.0019639
0.0030093
0.0022251
0.0036861
0.0027802
-0.0067376
0.0088181
0.008154
-0.0095252
0.0059701
-0.0084542
-0.0011512
0.0046415
0.0060138
-0.0021741
0.0099799
0.0082941
-0.0014897
-0.004829
-0.0056399
-0.0046541
0.0080059
-0.0018627
0.003807
-0.0080862
1.44e-5
-0.0071557
0.0094398
0.0014486
-0.0047958
0.0006316
-0.0082731
-0.0054455
0.0012535
0.008074
-0.0079042
0.0017562
0.0055764
0.0055798
-0.0043533
2.93e-5
0.003967
0.0019675
-0.0050461
-0.007103
0.0040051
0.0072025
0.0032968
-0.0054751
0.0038106
-0.0057024
-0.0039875
-0.0076191
-0.0019035
0.0013502
-0.0088838
0.0004749
0.0031499
-0.0010158
-0.0007957
0.003106
0.0046779
-0.0020033
-0.0036345
-0.007376
0.0078984
-0.0005965
0.0063788
0.0050022
-0.0056135
0.0089696
3.92e-5
0.0090248
0.0041493
0.0049349
0.0078885
-0.0091232
0.0080436
-0.0013808
0.0022808
0.0021389
0.0076604
-0.0060428
0.0053564
-0.0059041
0.0032928
-0.0047786
0.0047944
0.0066469
0.005493
0.0010239
-0.0037628
0.0020256
-0.0095653
-0.000946
0.0008085
0.0046886
-0.002061
-0.0049592
0.0066096
-0.0043503
0.0022945
-0.008181
0.0026399
-0.0095208
-0.006956
0.0023297
0.0031991
-0.009063
-0.0081128
-0.0026554
0.0038679
-0.0026242
0.004904
-0.0013426
0.0093056
-0.0088203
0.0086206
0.0099449
-0.005662
-0.0054608
-0.0026737
-0.001742
0.0030712
0.0089455
-0.0027778
0.0027397
