0.0042431
0.0051736
-0.0071863
0.0076468
0.0039426
0.004477
-0.0003113
-0.0089613
0.0086122
-0.0080505
0.0073147
0.0061335
-0.0016857
0.0021157
-0.0042888
0.0085213
0.0094967
-0.0041545
-0.0074209
0.0004677
-0.0039438
-0.0009404
0.0042221
-0.009623
-0.0071394
0.0015414
0.009067
-0.009259
-0.0075397
0.0012224
-0.0059213
-0.0017136
-0.0015941
0.0028866
0.0026586
0.0004657
-0.0040894
-0.0054629
0.008354
0.0026722
-0.0085797
0.0048831
0.0010154
0.0055256
0.0011355
0.0028292
0.0045247
-0.0006129
-0.0034147
-0.0021327
-0.0014712
0.0080719
0.0097526
-0.0037941
-0.0087328
-0.0028911
-0.0031929
-0.0001487
-0.0035698
0.007099
0.0029038
0.0087959
-0.0054881
0.0041247
-0.0086969
0.000802
-0.001879
0.0043725
0.0087905
0.0043034
0.0063262
0.001948
0.0032974
0.0038935
-0.0010059
-0.0074505
0.0039843
0.0069411
-0.0050094
-0.0059986
0.0098406
0.0028753
-0.002004
0.007094
0.0089354
-0.0037383
0.007959
0.0056753
-0.0002269
-0.0093713
-0.0076011
-0.003187
0.0099447
-0.0072071
-0.0013995
0.0074822
-0.0098679
-0.0053919
-0.0043082
-0.0001404
0.0031393
-0.0066886
0.0032207
0.0058578
0.0011305
0.0038819
-0.008325
-0.0082735
-0.0078838
-0.009479
0.0010139
0.0068637
0.0095859
0.0090812
0.0016243
-0.0092062
0.0047951
-0.009747
0.0081008
-0.0045495
-0.0041067
0.0032076
-0.0031234
-0.0008292
0.0089238
-0.0081679
0.0071239
0.0025683
0.0024625
0.00499
-0.0079193
-0.0077123
-0.0077183
0.0029304
-0.0053864
-0.0055888
-0.0038931
0.0091279
0.0019084
-0.0015799
-0.0040165
-0.0025495
0.0043471
0.0021262
-0.0005651
0.0051814
0.0037356
-0.0039956
-0.00614
0.0075299
-0.0073065
-0.0029715
-0.0069711
0.0045213
-0.0089377
0.0056734
0.0057814
-0.004772
0.0096619
-0.0060812
-0.0015201
0.0049924
-0.0020084
-0.000503
-0.0015034
0.0099
-0.0072025
0.0021626
0.0019354
-0.0082301
-0.0046675
-0.0048675
0.0020176
-0.0080437
-0.0021494
-0.004942
-0.0087642
-0.0069106
0.0070055
-0.005496
0.0016489
0.0053448
-0.0038385
0.0081811
-0.0004252
0.0006824
0.0027441
-0.0038009
0.0080439
0.0094994
-0.0047294
-0.0096005
0.0027535
0.0052072
-0.0067727
-0.0028469
-0.0030243
-0.0046178
-0.0052136
0.0016228
-0.0003557
-0.003155
-0.0018198
-0.0051555
0.0065381
0.0068493
-0.0033551
0.0039272
0.0024559
0.0072649
-0.0004422
-0.0059122
0.0063386
-0.0010977
0.0063536
0.0060549
-0.0073065
0.0094599
0.0085313
0.0092435
0.0040454
-0.0075235
0.0092411
-0.0082331
-0.0010625
-0.002069
-0.0040837
-0.0020595
0.0066379
0.0002381
0.0056518
-0.0066817
0.0088337
0.0028319
-0.0024181
-0.0020603
0.0097304
-0.0033665
-0.0098883
0.0018955
0.001734
-0.0068132
-0.003266
0.0036816
0.0086716
0.0039574
-0.0044404
-0.0060093
0.00955
0.0005952
0.0027144
-0.0039043
-0.0012829
0.0051232
0.0022147
-0.0066231
-0.0063628
-0.0085515
0.0067948
0.0018385
-0.0031764
-0.0087382
-0.0016674
-0.0042322
0.0053447
-0.0040855
-0.0020083
-0.0009107
0.0095232
-0.0099125
-0.0016866
0.0055268
0.0076044
0.001904
0.0052804
0.0088325
-0.0080782
0.0075379
0.0073749
-0.0031223
0.0054139
-0.0031336
-0.001428
0.0027819
-0.0056159
-0.0032863
0.0008616
0.0003525
0.008196
0.0092287
-0.0097228
0.0007909
0.0087554
-0.004892
-0.0005345
0.0056646
0.0030046
-0.0079394
0.0032089
-0.006518
-0.0099096
-0.0080824
-0.0095688
-0.0031235
-0.0053171
0.0075129
-0.0027675
0.0019103
0.0089975
0.0099419
-0.0006973
0.0037935
-0.001924
0.0046704
0.0045792
0.0029578
0.0023462
-0.002728
-0.0080989
-0.0041488
-0.0068557
-0.0082685
-0.0028534
-0.0051674
-0.0078892
-0.0025406
-0.0043338
-0.0010468
0.0089326
0.0003981
-0.0067249
-0.009874
0.0094833
0.0068533
-0.0089532
0.0001212
-0.0016707
0.0081604
-0.0012343
0.0017154
0.0021341
0.0017387
-0.0097682
-0.0036549
0.0044498
0.0002293
-0.0020696
-0.0040776
-0.0097337
-0.0067367
-0.0076275
0.0035765
0.003524
0.0026781
0.0017072
0.0081652
-0.004912
0.0043869
-0.0090342
0.0048886
-0.0030282
0.0053267
-0.0037925
-0.0019519
-0.0008446
0.0033736
0.0021515
-0.0042526
-0.0041895
0.0039598
0.0079783
-0.0039363
-0.0056817
0.0040602
0.0064805
-0.0078405
-0.0050027
-0.0061203
0.0071946
-0.0079676
0.0054157
0.0087812
0.0027307
-0.0083199
0.0065549
-0.0037451
-7.88e-5
0.0010688
0.0014014
0.0065772
0.0093734
-0.0078102
-0.0076702
0.0090131
0.0053752
-0.0070216
-0.0051203
-7.07e-5
0.00423
0.0079366
-0.0005665
-0.0087724
0.0069866
-0.0037079
-0.0058062
0.0013426
-0.0022502
0.0066642
0.0041918
0.0067363
0.0074897
0.009446
-0.0035992
-0.0059916
0.0005193
-0.008709
0.0047953
0.0006987
0.0074247
-0.001785
-0.0090998
0.0056435
-0.0007537
0.0014204
0.0006587
0.0032898
0.0034299
0.005133
-0.0039666
0.0035633
0.0048437
0.008306
0.0026399
-0.0040105
0.0059734
0.0053217
0.0096994
-0.0057738
7.91e-5
-0.0089685
-0.0085995
-0.0006506
0.0087729
0.0038132
0.0089876
0.0001789
-0.0085005
-0.0089934
0.0010331
0.0064613
-0.0003052
-0.0056802
0.0066106
0.0067657
-0.0036876
0.0029975
-0.0011706
-0.0033631
0.008868
-0.0043287
-0.0032077
0.0067837
0.0017138
-0.0014186
-0.0064607
0.001913
0.0026698
0.0077017
0.0019163
-0.0036136
-0.0075545
-0.0061656
0.0071021
0.000672
-0.0048638
0.0057977
-9.0e-5
-0.0091176
-0.0081378
0.0041331
-0.0030155
0.0052593
0.0089619
0.0092899
-0.009628
0.0046036
-0.0087835
0.0047425
-0.0089756
-0.0065684
0.001011
0.0080038
-0.0043246
0.0038986
-0.0058974
