-0.004455
0.0048658
-0.002624
-0.0052327
0.0018804
-0.003089
-0.0044039
-0.0026379
0.004934
-0.0038783
-0.0067589
-0.0066873
-0.0010584
-0.0036525
0.0025867
-0.0018375
0.002731
0.0088615
-0.0073326
0.003353
0.0035025
-0.0021363
0.0013942
0.0010093
0.0044113
0.0049512
0.0056629
-0.0077074
-0.0085003
0.005512
0.0006691
-0.0044309
0.0086709
0.0086794
0.0045187
0.0027476
-0.0001871
-0.0059101
0.0098361
0.0093558
0.0072471
-0.0015353
-0.0072285
0.0026044
-0.0074338
0.0081774
-0.0084093
0.0097746
-0.0010678
-0.0055218
0.0011216
-0.0058799
0.0017989
-0.0076476
-0.0069058
-0.0046984
0.0026381
-0.0072371
0.007513
0.0067949
0.0050878
-0.0025518
-0.0010966
0.0076582
-0.0039992
0.0043837
0.0034237
0.0069277
-0.0091276
-0.0022189
0.0020051
-0.0035494
0.0090006
-0.0031162
-0.0085079
0.0078539
0.0062843
-0.0045958
0.0008786
-0.0019512
-0.0088739
-0.0092171
0.0029576
0.0050978
0.0083881
-0.0020707
-0.0049312
0.0030493
-0.0010034
0.0043479
-0.0047509
-0.0098608
-0.0028407
0.0090994
0.0017614
0.0068755
-0.0018505
0.0045083
0.0013603
-0.0034237
0.0067691
4.82e-5
-0.0074083
0.0033809
-0.0026812
0.0010271
0.0051889
-0.0021274
0.0073758
-0.0046038
-0.0055634
-0.0027455
-0.0009096
-0.0060805
-0.0007387
-0.0059218
0.0019835
-0.0091842
-0.0004659
0.0003175
-0.0027274
0.002146
-0.0003419
-0.0078122
0.0080037
-0.0040721
-0.0004862
-0.0015895
-0.0069029
0.0094854
0.0045083
0.0058832
-0.0072176
-0.0030162
0.0069044
0.0089428
-0.0013212
0.0047934
0.0085866
0.0060788
-0.0032588
0.0081139
-0.0077236
0.0073064
-0.0087154
-0.0057913
-0.001552
0.0068106
-0.0066013
-0.0085846
0.0045535
0.002422
-0.0007139
-0.0058757
0.0032043
-0.0018417
0.0085086
-0.0068822
0.0086146
-0.0033401
-0.0099462
-0.00046
-0.0075652
0.0075711
0.0032434
-0.0089828
-0.000799
0.0055364
-0.0022892
0.0064065
0.0052215
0.0090995
0.0098105
-0.0040183
-0.0091031
0.0083905
0.0061882
-0.0074873
-0.0020036
0.0077466
0.0074503
0.0023373
-0.0047703
0.0096819
0.0091392
0.0096435
-0.0052414
-0.0046419
-0.0071277
0.0074545
-0.0051143
0.0071049
-0.0054185
-0.0047387
0.0005866
0.0049786
-0.0076624
-0.0006336
0.0004189
0.0079673
0.0098379
-0.0079026
0.0057775
-0.0039951
0.0016487
0.0013314
0.0062263
0.0036026
0.0024003
-0.0049774
0.0023853
0.0051342
-0.0003669
0.0016114
0.0088428
-0.0035978
-0.0070439
-0.0035514
-0.0005372
0.0003336
0.0099316
-0.0076255
-0.0078386
0.0047123
-0.004196
-0.0057502
0.0031481
-0.0040647
0.0034976
0.0072382
-0.0052838
-0.0083353
-0.0059904
-0.0012266
0.0021926
0.004081
0.0005325
-0.0058165
-0.0033219
0.0005321
0.0090893
-0.0037971
-0.003611
-0.0008777
0.0067235
0.0004057
0.0033599
0.0075279
0.0022294
0.0055531
-0.0031633
0.0059358
-0.0002118
-0.0002937
0.0086316
-0.0013878
0.0007134
0.0098241
0.0012446
0.0030441
0.0009825
0.0090048
-0.0015766
-0.0003067
-0.0087506
0.0018391
0.0025175
0.0035092
-0.0049237
-0.0082839
-0.0057705
0.0055751
0.0034133
0.0056572
-0.009113
0.0029413
0.0064404
-0.0026736
0.0048583
-0.0064931
0.0025303
-0.0056372
-0.0077262
-0.0009801
0.0092269
-0.0009557
0.0009022
0.0027452
-0.0080608
-0.00898
0.0089199
0.0058216
0.007394
-0.0014293
-0.0062847
-0.0043323
-0.0030679
-0.0045661
-0.0068652
-0.0051252
0.0034869
-0.0015677
-0.0046374
0.0020657
-0.0020757
0.0014615
-0.0032579
-0.0062005
-0.0026047
0.0037735
0.0038581
0.0054219
-0.0006491
-0.009933
0.0063515
-0.0061063
0.0009424
0.0019008
-0.0094265
4.31e-5
0.0085951
-0.0070638
-0.0009821
0.0063123
-0.0062972
0.002998
-0.0017387
0.0023878
-0.0046637
0.0018764
-0.008015
-0.0009103
0.0096665
-0.0004177
-0.004199
-0.0002406
-0.0054778
0.0081568
-0.0074595
-0.0075148
-0.0093289
0.0043559
0.0043424
-0.0019718
0.0019442
0.003786
-0.0035052
-0.0016565
-0.003223
-0.0083043
-0.0001194
-0.0053631
-0.0013637
0.003069
0.0062632
0.0066576
-0.0014627
-0.0019992
-0.0077797
-0.0061192
-0.0003625
0.00373
0.006796
-0.0028881
-0.0092089
-0.0076125
-0.0015419
-0.0089308
0.0098291
-0.008065
-0.0060896
-0.0080147
0.0020755
0.001106
-0.0052973
0.0086903
-0.0024242
0.0091605
0.0057714
-0.0070023
-0.0082263
-0.0005482
0.0054801
-0.0044249
0.0080712
0.0003103
-0.0034973
0.0033992
0.0020913
0.0017669
-0.0032664
-0.0097098
-0.0080258
0.0072861
-0.0059851
-0.009304
2.82e-5
-0.0062468
-0.0005033
-0.0055623
0.0047898
0.0081455
0.0003816
0.0050206
0.0008493
-0.0010282
-0.0091803
2.42e-5
0.000696
-0.0022046
0.0057301
0.0006651
-0.0002978
0.0091809
0.0085471
0.0060838
0.0052956
0.0017766
-0.0032636
0.0051783
0.0026666
0.0072249
0.0038879
-0.0069471
-0.0037065
-0.0074906
-0.0017964
-0.0025985
0.0010204
-0.003457
-0.0052931
-0.0018187
-0.001063
0.0066462
-0.0017399
0.0059537
0.0072119
-0.0025023
-0.001934
0.0035216
0.0028087
-0.0067866
-0.0068085
-0.0030278
-0.0009241
-0.0059426
-0.0026454
-0.0007113
-0.0010896
-0.003639
-0.0010664
-0.0053877
0.0029807
-0.0033447
-0.0022899
-0.0057027
0.0073717
-0.0044668
-0.0006778
0.0005436
-0.0042241
0.0034052
0.004354
0.0096414
-0.0025285
0.0060778
-0.0001178
-0.007423
0.0089765
0.0043942
-0.0062968
0.0027323
-0.000781
0.0042578
0.0086902
-0.0031121
-0.0051607
-0.0039429
0.0033397
-0.0088195
0.0053476
-0.0036764
-0.0087231
0.0074906
-0.0077985
0.0093203
0.007483
0.0091784
0.0005835
-0.0049213
0.0067439
0.0014496
0.0005105
-0.0063122
0.0096992
